lineup_size,team_name,lineup_player_ids,lineup_player_names,games_used,stint_count,possessions,sec_played,min_played,min_played_str,sec_per_game,min_per_game,min_per_game_str,PTS,PTS_per_game,PTS_per100,PTS_per36,PTS_allowed,PTS_allowed_per_game,PTS_allowed_per100,PTS_allowed_per36,FGA,FGA_per_game,FGA_per100,FGA_per36,FGM,FGM_per_game,FGM_per100,FGM_per36,2PA,2PA_per_game,2PA_per100,2PA_per36,2PM,2PM_per_game,2PM_per100,2PM_per36,3PA,3PA_per_game,3PA_per100,3PA_per36,3PM,3PM_per_game,3PM_per100,3PM_per36,FTA,FTA_per_game,FTA_per100,FTA_per36,FTM,FTM_per_game,FTM_per100,FTM_per36,ORB,ORB_per_game,ORB_per100,ORB_per36,DRB,DRB_per_game,DRB_per100,DRB_per36,ORB_allowed,ORB_allowed_per_game,ORB_allowed_per100,ORB_allowed_per36,DRB_allowed,DRB_allowed_per_game,DRB_allowed_per100,DRB_allowed_per36,TOV,TOV_per_game,TOV_per100,TOV_per36,AST,AST_per_game,AST_per100,AST_per36,STL,STL_per_game,STL_per100,STL_per36,BLK,BLK_per_game,BLK_per100,BLK_per36,Fouls,Fouls_per_game,Fouls_per100,Fouls_per36,FT_allowed,FT_allowed_per_game,FT_allowed_per100,FT_allowed_per36,ORtg,DRtg,NetRtg,PACE,PM_total,PM_per_game,PM_per100,MIN_total,MIN_per_game,eFG,TS,FG2_pct,FG3_pct,FT_pct,TOV_pct,AST_ratio,ORB_pct,DRB_pct,TRB_pct,STL_pct,BLK_pct,Foul_per_poss,FT_allowed_rate_per100,FT_rate
2,福爾摩沙夢想家,79|89,張宗憲/蔣淯安,1,68,77.0,1087.37,18.12,18:07,1087.37,18.12,18:07,34.0,34.0,44.16,67.54,28.0,28.0,36.36,55.62,30.0,30.0,38.96,59.59,14.0,14.0,18.18,27.81,18.0,18.0,23.38,35.76,10.0,10.0,12.99,19.86,12.0,12.0,15.58,23.84,4.0,4.0,5.19,7.95,4.0,4.0,5.19,7.95,2.0,2.0,2.6,3.97,1.0,1.0,1.3,1.99,13.0,13.0,16.88,25.82,2.0,2.0,2.6,3.97,13.0,13.0,16.88,25.82,5.0,5.0,6.49,9.93,11.0,11.0,14.29,21.85,3.0,3.0,3.9,5.96,2.0,2.0,2.6,3.97,6.0,6.0,7.79,11.92,6.0,6.0,7.79,11.92,44.16,36.36,7.79,101.97,6.0,6.0,7.79,18.12,18.12,0.53,0.54,0.56,0.33,0.5,0.14,0.79,0.07,0.87,0.48,3.9,2.6,0.08,7.79,0.13
2,福爾摩沙夢想家,79|103,張宗憲/忻沃克,1,77,87.0,1262.43,21.04,21:02,1262.43,21.04,21:02,39.0,39.0,44.83,66.73,43.0,43.0,49.43,73.57,35.0,35.0,40.23,59.88,16.0,16.0,18.39,27.38,19.0,19.0,21.84,32.51,11.0,11.0,12.64,18.82,16.0,16.0,18.39,27.38,5.0,5.0,5.75,8.55,4.0,4.0,4.6,6.84,2.0,2.0,2.3,3.42,1.0,1.0,1.15,1.71,17.0,17.0,19.54,29.09,3.0,3.0,3.45,5.13,13.0,13.0,14.94,22.24,4.0,4.0,4.6,6.84,7.0,7.0,8.05,11.98,4.0,4.0,4.6,6.84,0.0,0.0,0.0,0.0,6.0,6.0,6.9,10.27,12.0,12.0,13.79,20.53,44.83,49.43,-4.6,99.24,-4.0,-4.0,-4.6,21.04,21.04,0.53,0.53,0.58,0.31,0.5,0.1,0.44,0.07,0.85,0.53,4.6,0.0,0.07,13.79,0.11
2,福爾摩沙夢想家,79|106,張宗憲/高柏鎧,1,49,55.0,785.24,13.09,13:05,785.24,13.09,13:05,25.0,25.0,45.45,68.77,18.0,18.0,32.73,49.51,21.0,21.0,38.18,57.77,10.0,10.0,18.18,27.51,12.0,12.0,21.82,33.01,7.0,7.0,12.73,19.26,9.0,9.0,16.36,24.76,3.0,3.0,5.45,8.25,2.0,2.0,3.64,5.5,2.0,2.0,3.64,5.5,1.0,1.0,1.82,2.75,10.0,10.0,18.18,27.51,1.0,1.0,1.82,2.75,11.0,11.0,20.0,30.26,4.0,4.0,7.27,11.0,7.0,7.0,12.73,19.26,3.0,3.0,5.45,8.25,0.0,0.0,0.0,0.0,4.0,4.0,7.27,11.0,4.0,4.0,7.27,11.0,45.45,32.73,12.73,100.86,7.0,7.0,12.73,13.09,13.09,0.55,0.57,0.58,0.33,1.0,0.15,0.7,0.08,0.91,0.48,5.45,0.0,0.07,7.27,0.1
2,福爾摩沙夢想家,79|13906,張宗憲/班提爾,1,102,117.0,1608.35,26.81,26:48,1608.35,26.81,26:48,54.0,54.0,46.15,72.52,54.0,54.0,46.15,72.52,47.0,47.0,40.17,63.12,20.0,20.0,17.09,26.86,26.0,26.0,22.22,34.92,13.0,13.0,11.11,17.46,21.0,21.0,17.95,28.2,7.0,7.0,5.98,9.4,10.0,10.0,8.55,13.43,7.0,7.0,5.98,9.4,3.0,3.0,2.56,4.03,22.0,22.0,18.8,29.55,2.0,2.0,1.71,2.69,16.0,16.0,13.68,21.49,5.0,5.0,4.27,6.71,13.0,13.0,11.11,17.46,3.0,3.0,2.56,4.03,2.0,2.0,1.71,2.69,11.0,11.0,9.4,14.77,16.0,16.0,13.68,21.49,46.15,46.15,0.0,104.75,0.0,0.0,0.0,26.81,26.81,0.5,0.53,0.5,0.33,0.7,0.09,0.65,0.16,0.92,0.58,2.56,1.71,0.09,13.68,0.21
2,福爾摩沙夢想家,89|103,蔣淯安/忻沃克,1,81,92.0,1348.51,22.48,22:29,1348.51,22.48,22:29,38.0,38.0,41.3,60.87,37.0,37.0,40.22,59.27,37.0,37.0,40.22,59.27,17.0,17.0,18.48,27.23,24.0,24.0,26.09,38.44,14.0,14.0,15.22,22.42,13.0,13.0,14.13,20.82,3.0,3.0,3.26,4.81,3.0,3.0,3.26,4.81,1.0,1.0,1.09,1.6,2.0,2.0,2.17,3.2,18.0,18.0,19.57,28.83,6.0,6.0,6.52,9.61,16.0,16.0,17.39,25.63,5.0,5.0,5.43,8.01,10.0,10.0,10.87,16.02,3.0,3.0,3.26,4.81,1.0,1.0,1.09,1.6,6.0,6.0,6.52,9.61,8.0,8.0,8.7,12.81,41.3,40.22,1.09,98.24,1.0,1.0,1.09,22.48,22.48,0.5,0.5,0.58,0.23,0.33,0.12,0.59,0.11,0.75,0.48,3.26,1.09,0.07,8.7,0.08
2,福爾摩沙夢想家,89|106,蔣淯安/高柏鎧,1,66,75.0,1111.97,18.53,18:32,1111.97,18.53,18:32,35.0,35.0,46.67,67.99,31.0,31.0,41.33,60.22,30.0,30.0,40.0,58.28,16.0,16.0,21.33,31.08,21.0,21.0,28.0,40.79,13.0,13.0,17.33,25.25,9.0,9.0,12.0,17.48,3.0,3.0,4.0,5.83,1.0,1.0,1.33,1.94,0.0,0.0,0.0,0.0,2.0,2.0,2.67,3.89,13.0,13.0,17.33,25.25,4.0,4.0,5.33,7.77,12.0,12.0,16.0,23.31,5.0,5.0,6.67,9.71,10.0,10.0,13.33,19.43,3.0,3.0,4.0,5.83,1.0,1.0,1.33,1.94,6.0,6.0,8.0,11.66,2.0,2.0,2.67,3.89,46.67,41.33,5.33,97.13,4.0,4.0,5.33,18.53,18.53,0.58,0.57,0.62,0.33,0.0,0.14,0.62,0.14,0.76,0.48,4.0,1.33,0.08,2.67,0.03
2,福爾摩沙夢想家,89|13906,蔣淯安/班提爾,1,90,100.0,1428.06,23.8,23:48,1428.06,23.8,23:48,45.0,45.0,45.0,68.06,35.0,35.0,35.0,52.94,41.0,41.0,41.0,62.01,18.0,18.0,18.0,27.23,25.0,25.0,25.0,37.81,13.0,13.0,13.0,19.66,16.0,16.0,16.0,24.2,5.0,5.0,5.0,7.56,7.0,7.0,7.0,10.59,4.0,4.0,4.0,6.05,1.0,1.0,1.0,1.51,21.0,21.0,21.0,31.76,3.0,3.0,3.0,4.54,19.0,19.0,19.0,28.74,5.0,5.0,5.0,7.56,15.0,15.0,15.0,22.69,2.0,2.0,2.0,3.03,3.0,3.0,3.0,4.54,10.0,10.0,10.0,15.13,8.0,8.0,8.0,12.1,45.0,35.0,10.0,100.84,10.0,10.0,10.0,23.8,23.8,0.5,0.51,0.52,0.31,0.57,0.1,0.83,0.05,0.88,0.5,2.0,3.0,0.1,8.0,0.17
2,福爾摩沙夢想家,103|106,忻沃克/高柏鎧,1,65,73.0,1082.76,18.05,18:03,1082.76,18.05,18:03,36.0,36.0,49.32,71.82,30.0,30.0,41.1,59.85,30.0,30.0,41.1,59.85,16.0,16.0,21.92,31.92,20.0,20.0,27.4,39.9,12.0,12.0,16.44,23.94,10.0,10.0,13.7,19.95,4.0,4.0,5.48,7.98,1.0,1.0,1.37,1.99,0.0,0.0,0.0,0.0,2.0,2.0,2.74,3.99,13.0,13.0,17.81,25.93,4.0,4.0,5.48,7.98,12.0,12.0,16.44,23.94,4.0,4.0,5.48,7.98,10.0,10.0,13.7,19.95,3.0,3.0,4.11,5.98,1.0,1.0,1.37,1.99,5.0,5.0,6.85,9.97,6.0,6.0,8.22,11.97,49.32,41.1,8.22,97.08,6.0,6.0,8.22,18.05,18.05,0.6,0.59,0.6,0.4,0.0,0.12,0.62,0.14,0.76,0.48,4.11,1.37,0.07,8.22,0.03
2,福爾摩沙夢想家,103|13906,忻沃克/班提爾,1,92,103.0,1487.12,24.79,24:47,1487.12,24.79,24:47,45.0,45.0,43.69,65.36,45.0,45.0,43.69,65.36,43.0,43.0,41.75,62.46,19.0,19.0,18.45,27.6,25.0,25.0,24.27,36.31,14.0,14.0,13.59,20.33,18.0,18.0,17.48,26.14,5.0,5.0,4.85,7.26,5.0,5.0,4.85,7.26,2.0,2.0,1.94,2.9,1.0,1.0,0.97,1.45,23.0,23.0,22.33,33.41,4.0,4.0,3.88,5.81,18.0,18.0,17.48,26.14,4.0,4.0,3.88,5.81,10.0,10.0,9.71,14.52,3.0,3.0,2.91,4.36,1.0,1.0,0.97,1.45,9.0,9.0,8.74,13.07,14.0,14.0,13.59,20.33,43.69,43.69,0.0,99.74,0.0,0.0,0.0,24.79,24.79,0.5,0.5,0.56,0.28,0.4,0.08,0.53,0.05,0.85,0.52,2.91,0.97,0.09,13.59,0.12
2,福爾摩沙夢想家,106|13906,高柏鎧/班提爾,1,47,51.0,738.03,12.3,12:18,738.03,12.3,12:18,25.0,25.0,49.02,73.17,15.0,15.0,29.41,43.9,21.0,21.0,41.18,61.46,11.0,11.0,21.57,32.19,14.0,14.0,27.45,40.97,8.0,8.0,15.69,23.41,7.0,7.0,13.73,20.49,3.0,3.0,5.88,8.78,1.0,1.0,1.96,2.93,0.0,0.0,0.0,0.0,0.0,0.0,0.0,0.0,11.0,11.0,21.57,32.19,1.0,1.0,1.96,2.93,11.0,11.0,21.57,32.19,3.0,3.0,5.88,8.78,9.0,9.0,17.65,26.34,2.0,2.0,3.92,5.85,1.0,1.0,1.96,2.93,6.0,6.0,11.76,17.56,2.0,2.0,3.92,5.85,49.02,29.41,19.61,99.51,10.0,10.0,19.61,12.3,12.3,0.6,0.58,0.57,0.43,0.0,0.12,0.82,0.0,0.92,0.48,3.92,1.96,0.12,3.92,0.05
2,新竹御嵿攻城獅,75|76,高國豪/曾柏喻,1,61,67.0,1057.93,17.63,17:38,1057.93,17.63,17:38,31.0,31.0,46.27,63.29,34.0,34.0,50.75,69.42,25.0,25.0,37.31,51.04,11.0,11.0,16.42,22.46,13.0,13.0,19.4,26.54,6.0,6.0,8.96,12.25,12.0,12.0,17.91,24.5,5.0,5.0,7.46,10.21,5.0,5.0,7.46,10.21,4.0,4.0,5.97,8.17,1.0,1.0,1.49,2.04,14.0,14.0,20.9,28.58,1.0,1.0,1.49,2.04,15.0,15.0,22.39,30.63,5.0,5.0,7.46,10.21,6.0,6.0,8.96,12.25,2.0,2.0,2.99,4.08,2.0,2.0,2.99,4.08,8.0,8.0,11.94,16.33,2.0,2.0,2.99,4.08,46.27,50.75,-4.48,91.2,-3.0,-3.0,-4.48,17.63,17.63,0.54,0.57,0.46,0.42,0.8,0.16,0.55,0.06,0.93,0.48,2.99,2.99,0.12,2.99,0.2
2,新竹御嵿攻城獅,75|10885,高國豪/劉丞勳,1,65,71.0,1117.93,18.63,18:38,1117.93,18.63,18:38,33.0,33.0,46.48,63.76,38.0,38.0,53.52,73.42,25.0,25.0,35.21,48.3,12.0,12.0,16.9,23.19,13.0,13.0,18.31,25.12,7.0,7.0,9.86,13.53,12.0,12.0,16.9,23.19,5.0,5.0,7.04,9.66,5.0,5.0,7.04,9.66,4.0,4.0,5.63,7.73,1.0,1.0,1.41,1.93,13.0,13.0,18.31,25.12,1.0,1.0,1.41,1.93,15.0,15.0,21.13,28.98,6.0,6.0,8.45,11.59,7.0,7.0,9.86,13.53,2.0,2.0,2.82,3.86,1.0,1.0,1.41,1.93,8.0,8.0,11.27,15.46,2.0,2.0,2.82,3.86,46.48,53.52,-7.04,91.45,-5.0,-5.0,-7.04,18.63,18.63,0.58,0.61,0.54,0.42,0.8,0.18,0.58,0.06,0.93,0.47,2.82,1.41,0.11,2.82,0.2
2,新竹御嵿攻城獅,75|10887,高國豪/德魯,1,79,89.0,1347.09,22.45,22:27,1347.09,22.45,22:27,41.0,41.0,46.07,65.74,43.0,43.0,48.31,68.95,31.0,31.0,34.83,49.71,13.0,13.0,14.61,20.84,17.0,17.0,19.1,27.26,8.0,8.0,8.99,12.83,14.0,14.0,15.73,22.45,5.0,5.0,5.62,8.02,14.0,14.0,15.73,22.45,10.0,10.0,11.24,16.03,2.0,2.0,2.25,3.21,17.0,17.0,19.1,27.26,2.0,2.0,2.25,3.21,18.0,18.0,20.22,28.86,6.0,6.0,6.74,9.62,9.0,9.0,10.11,14.43,3.0,3.0,3.37,4.81,1.0,1.0,1.12,1.6,15.0,15.0,16.85,24.05,5.0,5.0,5.62,8.02,46.07,48.31,-2.25,95.14,-2.0,-2.0,-2.25,22.45,22.45,0.5,0.55,0.47,0.36,0.71,0.14,0.69,0.1,0.89,0.49,3.37,1.12,0.17,5.62,0.45
2,新竹御嵿攻城獅,75|10888,高國豪/帕塞獅,1,73,83.0,1287.32,21.46,21:27,1287.32,21.46,21:27,44.0,44.0,53.01,73.83,41.0,41.0,49.4,68.79,32.0,32.0,38.55,53.69,18.0,18.0,21.69,30.2,18.0,18.0,21.69,30.2,13.0,13.0,15.66,21.81,14.0,14.0,16.87,23.49,5.0,5.0,6.02,8.39,5.0,5.0,6.02,8.39,3.0,3.0,3.61,5.03,4.0,4.0,4.82,6.71,11.0,11.0,13.25,18.46,2.0,2.0,2.41,3.36,16.0,16.0,19.28,26.85,5.0,5.0,6.02,8.39,11.0,11.0,13.25,18.46,2.0,2.0,2.41,3.36,2.0,2.0,2.41,3.36,6.0,6.0,7.23,10.07,4.0,4.0,4.82,6.71,53.01,49.4,3.61,92.84,3.0,3.0,3.61,21.46,21.46,0.64,0.64,0.72,0.36,0.6,0.13,0.61,0.2,0.85,0.45,2.41,2.41,0.07,4.82,0.16
2,新竹御嵿攻城獅,76|10885,曾柏喻/劉丞勳,1,81,89.0,1333.78,22.23,22:14,1333.78,22.23,22:14,42.0,42.0,47.19,68.02,43.0,43.0,48.31,69.64,32.0,32.0,35.96,51.82,14.0,14.0,15.73,22.67,17.0,17.0,19.1,27.53,8.0,8.0,8.99,12.96,15.0,15.0,16.85,24.29,6.0,6.0,6.74,9.72,11.0,11.0,12.36,17.81,8.0,8.0,8.99,12.96,2.0,2.0,2.25,3.24,18.0,18.0,20.22,29.15,3.0,3.0,3.37,4.86,21.0,21.0,23.6,34.01,6.0,6.0,6.74,9.72,9.0,9.0,10.11,14.58,2.0,2.0,2.25,3.24,1.0,1.0,1.12,1.62,11.0,11.0,12.36,17.81,5.0,5.0,5.62,8.1,47.19,48.31,-1.12,96.09,-1.0,-1.0,-1.12,22.23,22.23,0.53,0.57,0.47,0.4,0.73,0.14,0.64,0.09,0.86,0.45,2.25,1.12,0.12,5.62,0.34
2,新竹御嵿攻城獅,76|10887,曾柏喻/德魯,1,87,98.0,1444.69,24.08,24:05,1444.69,24.08,24:05,43.0,43.0,43.88,64.29,54.0,54.0,55.1,80.74,34.0,34.0,34.69,50.83,15.0,15.0,15.31,22.43,16.0,16.0,16.33,23.92,8.0,8.0,8.16,11.96,18.0,18.0,18.37,26.91,7.0,7.0,7.14,10.47,9.0,9.0,9.18,13.46,6.0,6.0,6.12,8.97,1.0,1.0,1.02,1.5,19.0,19.0,19.39,28.41,4.0,4.0,4.08,5.98,19.0,19.0,19.39,28.41,8.0,8.0,8.16,11.96,10.0,10.0,10.2,14.95,3.0,3.0,3.06,4.49,1.0,1.0,1.02,1.5,11.0,11.0,11.22,16.45,8.0,8.0,8.16,11.96,43.88,55.1,-11.22,97.68,-11.0,-11.0,-11.22,24.08,24.08,0.54,0.57,0.5,0.39,0.67,0.17,0.67,0.05,0.83,0.47,3.06,1.02,0.11,8.16,0.26
2,新竹御嵿攻城獅,76|10888,曾柏喻/帕塞獅,1,74,81.0,1122.12,18.7,18:42,1122.12,18.7,18:42,40.0,40.0,49.38,77.0,32.0,32.0,39.51,61.6,28.0,28.0,34.57,53.9,15.0,15.0,18.52,28.87,19.0,19.0,23.46,36.57,11.0,11.0,13.58,21.17,9.0,9.0,11.11,17.32,4.0,4.0,4.94,7.7,7.0,7.0,8.64,13.47,6.0,6.0,7.41,11.55,1.0,1.0,1.23,1.92,13.0,13.0,16.05,25.02,0.0,0.0,0.0,0.0,19.0,19.0,23.46,36.57,7.0,7.0,8.64,13.47,8.0,8.0,9.88,15.4,3.0,3.0,3.7,5.77,3.0,3.0,3.7,5.77,9.0,9.0,11.11,17.32,5.0,5.0,6.17,9.62,49.38,39.51,9.88,103.95,8.0,8.0,9.88,18.7,18.7,0.61,0.64,0.58,0.44,0.86,0.18,0.53,0.05,1.0,0.42,3.7,3.7,0.11,6.17,0.25
2,新竹御嵿攻城獅,10885|10887,劉丞勳/德魯,1,72,80.0,1229.8,20.5,20:30,1229.8,20.5,20:30,36.0,36.0,45.0,63.23,39.0,39.0,48.75,68.5,27.0,27.0,33.75,47.42,12.0,12.0,15.0,21.08,13.0,13.0,16.25,22.83,6.0,6.0,7.5,10.54,14.0,14.0,17.5,24.59,6.0,6.0,7.5,10.54,9.0,9.0,11.25,15.81,6.0,6.0,7.5,10.54,1.0,1.0,1.25,1.76,16.0,16.0,20.0,28.1,3.0,3.0,3.75,5.27,18.0,18.0,22.5,31.61,6.0,6.0,7.5,10.54,8.0,8.0,10.0,14.05,2.0,2.0,2.5,3.51,1.0,1.0,1.25,1.76,9.0,9.0,11.25,15.81,4.0,4.0,5.0,7.03,45.0,48.75,-3.75,93.67,-3.0,-3.0,-3.75,20.5,20.5,0.56,0.58,0.46,0.43,0.67,0.16,0.67,0.05,0.84,0.45,2.5,1.25,0.11,5.0,0.33
2,新竹御嵿攻城獅,10885|10888,劉丞勳/帕塞獅,1,54,58.0,827.12,13.79,13:47,827.12,13.79,13:47,29.0,29.0,50.0,75.73,29.0,29.0,50.0,75.73,21.0,21.0,36.21,54.84,11.0,11.0,18.97,28.73,13.0,13.0,22.41,33.95,8.0,8.0,13.79,20.89,8.0,8.0,13.79,20.89,3.0,3.0,5.17,7.83,5.0,5.0,8.62,13.06,4.0,4.0,6.9,10.45,1.0,1.0,1.72,2.61,10.0,10.0,17.24,26.11,0.0,0.0,0.0,0.0,15.0,15.0,25.86,39.17,4.0,4.0,6.9,10.45,6.0,6.0,10.34,15.67,1.0,1.0,1.72,2.61,1.0,1.0,1.72,2.61,7.0,7.0,12.07,18.28,3.0,3.0,5.17,7.83,50.0,50.0,0.0,100.98,0.0,0.0,0.0,13.79,13.79,0.6,0.62,0.62,0.38,0.8,0.15,0.55,0.06,1.0,0.42,1.72,1.72,0.12,5.17,0.24
2,新竹御嵿攻城獅,10887|10888,德魯/帕塞獅,1,38,42.0,621.0,10.35,10:21,621.0,10.35,10:21,21.0,21.0,50.0,73.04,21.0,21.0,50.0,73.04,15.0,15.0,35.71,52.17,8.0,8.0,19.05,27.83,8.0,8.0,19.05,27.83,5.0,5.0,11.9,17.39,7.0,7.0,16.67,24.35,3.0,3.0,7.14,10.43,3.0,3.0,7.14,10.43,2.0,2.0,4.76,6.96,0.0,0.0,0.0,0.0,8.0,8.0,19.05,27.83,0.0,0.0,0.0,0.0,10.0,10.0,23.81,34.78,3.0,3.0,7.14,10.43,4.0,4.0,9.52,13.91,1.0,1.0,2.38,3.48,1.0,1.0,2.38,3.48,5.0,5.0,11.9,17.39,2.0,2.0,4.76,6.96,50.0,50.0,0.0,97.39,0.0,0.0,0.0,10.35,10.35,0.63,0.64,0.62,0.43,0.67,0.16,0.5,0.0,1.0,0.44,2.38,2.38,0.12,4.76,0.2
2,福爾摩沙夢想家,79|107,張宗憲/霍爾曼,1,78,91.0,1241.21,20.69,20:41,1241.21,20.69,20:41,41.0,41.0,45.05,71.35,44.0,44.0,48.35,76.57,36.0,36.0,39.56,62.65,14.0,14.0,15.38,24.36,20.0,20.0,21.98,34.8,10.0,10.0,10.99,17.4,16.0,16.0,17.58,27.84,4.0,4.0,4.4,6.96,12.0,12.0,13.19,20.88,9.0,9.0,9.89,15.66,4.0,4.0,4.4,6.96,16.0,16.0,17.58,27.84,3.0,3.0,3.3,5.22,11.0,11.0,12.09,19.14,3.0,3.0,3.3,5.22,6.0,6.0,6.59,10.44,2.0,2.0,2.2,3.48,2.0,2.0,2.2,3.48,8.0,8.0,8.79,13.92,14.0,14.0,15.38,24.36,45.05,48.35,-3.3,105.57,-3.0,-3.0,-3.3,20.69,20.69,0.44,0.5,0.5,0.25,0.75,0.07,0.43,0.27,0.84,0.59,2.2,2.2,0.09,15.38,0.33
2,福爾摩沙夢想家,89|107,蔣淯安/霍爾曼,1,64,75.0,1064.83,17.75,17:45,1064.83,17.75,17:45,30.0,30.0,40.0,60.85,36.0,36.0,48.0,73.03,29.0,29.0,38.67,58.83,12.0,12.0,16.0,24.34,18.0,18.0,24.0,36.51,10.0,10.0,13.33,20.28,11.0,11.0,14.67,22.31,2.0,2.0,2.67,4.06,6.0,6.0,8.0,12.17,4.0,4.0,5.33,8.11,3.0,3.0,4.0,6.09,12.0,12.0,16.0,24.34,5.0,5.0,6.67,10.14,9.0,9.0,12.0,18.26,4.0,4.0,5.33,8.11,7.0,7.0,9.33,14.2,1.0,1.0,1.33,2.03,2.0,2.0,2.67,4.06,4.0,4.0,5.33,8.11,10.0,10.0,13.33,20.28,40.0,48.0,-8.0,101.42,-6.0,-6.0,-8.0,17.75,17.75,0.45,0.47,0.56,0.18,0.67,0.11,0.58,0.25,0.71,0.52,1.33,2.67,0.05,13.33,0.21
2,福爾摩沙夢想家,103|107,忻沃克/霍爾曼,1,70,83.0,1208.39,20.14,20:08,1208.39,20.14,20:08,35.0,35.0,42.17,62.56,47.0,47.0,56.63,84.01,33.0,33.0,39.76,58.99,15.0,15.0,18.07,26.81,19.0,19.0,22.89,33.96,12.0,12.0,14.46,21.45,14.0,14.0,16.87,25.02,3.0,3.0,3.61,5.36,4.0,4.0,4.82,7.15,2.0,2.0,2.41,3.57,3.0,3.0,3.61,5.36,14.0,14.0,16.87,25.02,6.0,6.0,7.23,10.72,8.0,8.0,9.64,14.3,4.0,4.0,4.82,7.15,4.0,4.0,4.82,7.15,2.0,2.0,2.41,3.57,0.0,0.0,0.0,0.0,3.0,3.0,3.61,5.36,14.0,14.0,16.87,25.02,42.17,56.63,-14.46,98.91,-12.0,-12.0,-14.46,20.14,20.14,0.5,0.5,0.63,0.21,0.5,0.1,0.27,0.27,0.7,0.55,2.41,0.0,0.04,16.87,0.12
2,福爾摩沙夢想家,107|13906,霍爾曼/班提爾,1,83,96.0,1327.59,22.13,22:08,1327.59,22.13,22:08,44.0,44.0,45.83,71.59,48.0,48.0,50.0,78.1,39.0,39.0,40.62,63.45,15.0,15.0,15.62,24.41,21.0,21.0,21.88,34.17,10.0,10.0,10.42,16.27,18.0,18.0,18.75,29.29,5.0,5.0,5.21,8.14,12.0,12.0,12.5,19.52,9.0,9.0,9.38,14.64,3.0,3.0,3.12,4.88,19.0,19.0,19.79,30.91,3.0,3.0,3.12,4.88,12.0,12.0,12.5,19.52,3.0,3.0,3.12,4.88,8.0,8.0,8.33,13.02,1.0,1.0,1.04,1.63,2.0,2.0,2.08,3.25,8.0,8.0,8.33,13.02,14.0,14.0,14.58,22.78,45.83,50.0,-4.17,104.13,-4.0,-4.0,-4.17,22.13,22.13,0.45,0.5,0.48,0.28,0.75,0.06,0.53,0.2,0.86,0.59,1.04,2.08,0.08,14.58,0.31
2,新竹御嵿攻城獅,75|14843,高國豪/馬力,1,76,88.0,1392.42,23.21,23:12,1392.42,23.21,23:12,43.0,43.0,48.86,66.7,42.0,42.0,47.73,65.15,33.0,33.0,37.5,51.19,15.0,15.0,17.05,23.27,19.0,19.0,21.59,29.47,11.0,11.0,12.5,17.06,14.0,14.0,15.91,21.72,4.0,4.0,4.55,6.21,13.0,13.0,14.77,20.17,9.0,9.0,10.23,13.96,6.0,6.0,6.82,9.31,12.0,12.0,13.64,18.62,4.0,4.0,4.55,6.21,14.0,14.0,15.91,21.72,5.0,5.0,5.68,7.76,12.0,12.0,13.64,18.62,3.0,3.0,3.41,4.65,1.0,1.0,1.14,1.55,11.0,11.0,12.5,17.06,5.0,5.0,5.68,7.76,48.86,47.73,1.14,91.01,1.0,1.0,1.14,23.21,23.21,0.52,0.56,0.58,0.29,0.69,0.11,0.8,0.3,0.75,0.5,3.41,1.14,0.12,5.68,0.39
2,新竹御嵿攻城獅,76|14843,曾柏喻/馬力,1,85,95.0,1324.81,22.08,22:05,1324.81,22.08,22:05,41.0,41.0,43.16,66.85,44.0,44.0,46.32,71.74,32.0,32.0,33.68,52.17,14.0,14.0,14.74,22.83,19.0,19.0,20.0,30.98,9.0,9.0,9.47,14.67,13.0,13.0,13.68,21.2,5.0,5.0,5.26,8.15,10.0,10.0,10.53,16.3,8.0,8.0,8.42,13.04,2.0,2.0,2.11,3.26,16.0,16.0,16.84,26.09,4.0,4.0,4.21,6.52,18.0,18.0,18.95,29.35,9.0,9.0,9.47,14.67,10.0,10.0,10.53,16.3,4.0,4.0,4.21,6.52,2.0,2.0,2.11,3.26,10.0,10.0,10.53,16.3,9.0,9.0,9.47,14.67,43.16,46.32,-3.16,103.26,-3.0,-3.0,-3.16,22.08,22.08,0.52,0.56,0.47,0.38,0.8,0.2,0.71,0.1,0.8,0.45,4.21,2.11,0.11,9.47,0.31
2,新竹御嵿攻城獅,10885|14843,劉丞勳/馬力,1,50,54.0,814.92,13.58,13:35,814.92,13.58,13:35,23.0,23.0,42.59,60.96,26.0,26.0,48.15,68.91,18.0,18.0,33.33,47.71,7.0,7.0,12.96,18.55,10.0,10.0,18.52,26.51,4.0,4.0,7.41,10.6,8.0,8.0,14.81,21.2,3.0,3.0,5.56,7.95,8.0,8.0,14.81,21.2,6.0,6.0,11.11,15.9,2.0,2.0,3.7,5.3,10.0,10.0,18.52,26.51,3.0,3.0,5.56,7.95,13.0,13.0,24.07,34.46,4.0,4.0,7.41,10.6,6.0,6.0,11.11,15.9,1.0,1.0,1.85,2.65,0.0,0.0,0.0,0.0,6.0,6.0,11.11,15.9,3.0,3.0,5.56,7.95,42.59,48.15,-5.56,95.42,-3.0,-3.0,-5.56,13.58,13.58,0.47,0.53,0.4,0.38,0.75,0.16,0.86,0.13,0.77,0.43,1.85,0.0,0.11,5.56,0.44
2,新竹御嵿攻城獅,10887|14843,德魯/馬力,1,70,81.0,1155.0,19.25,19:15,1155.0,19.25,19:15,32.0,32.0,39.51,59.84,42.0,42.0,51.85,78.55,26.0,26.0,32.1,48.62,9.0,9.0,11.11,16.83,13.0,13.0,16.05,24.31,5.0,5.0,6.17,9.35,13.0,13.0,16.05,24.31,4.0,4.0,4.94,7.48,15.0,15.0,18.52,28.05,10.0,10.0,12.35,18.7,2.0,2.0,2.47,3.74,15.0,15.0,18.52,28.05,5.0,5.0,6.17,9.35,14.0,14.0,17.28,26.18,6.0,6.0,7.41,11.22,9.0,9.0,11.11,16.83,3.0,3.0,3.7,5.61,0.0,0.0,0.0,0.0,13.0,13.0,16.05,24.31,9.0,9.0,11.11,16.83,39.51,51.85,-12.35,100.99,-10.0,-10.0,-12.35,19.25,19.25,0.42,0.49,0.38,0.31,0.67,0.16,1.0,0.12,0.75,0.47,3.7,0.0,0.16,11.11,0.58
2,福爾摩沙夢想家,79|99,張宗憲/盧冠良,1,22,26.0,321.69,5.36,05:22,321.69,5.36,05:22,16.0,16.0,61.54,107.43,7.0,7.0,26.92,47.0,11.0,11.0,42.31,73.86,4.0,4.0,15.38,26.86,6.0,6.0,23.08,40.29,2.0,2.0,7.69,13.43,5.0,5.0,19.23,33.57,2.0,2.0,7.69,13.43,6.0,6.0,23.08,40.29,6.0,6.0,23.08,40.29,3.0,3.0,11.54,20.14,4.0,4.0,15.38,26.86,0.0,0.0,0.0,0.0,5.0,5.0,19.23,33.57,0.0,0.0,0.0,0.0,3.0,3.0,11.54,20.14,0.0,0.0,0.0,0.0,1.0,1.0,3.85,6.71,3.0,3.0,11.54,20.14,4.0,4.0,15.38,26.86,61.54,26.92,34.62,116.38,9.0,9.0,34.62,5.36,5.36,0.45,0.59,0.33,0.4,1.0,0.0,0.75,0.38,1.0,0.58,0.0,3.85,0.12,15.38,0.55
2,福爾摩沙夢想家,89|99,蔣淯安/盧冠良,1,20,25.0,385.99,6.43,06:26,385.99,6.43,06:26,16.0,16.0,64.0,89.54,12.0,12.0,48.0,67.15,12.0,12.0,48.0,67.15,6.0,6.0,24.0,33.58,8.0,8.0,32.0,44.77,4.0,4.0,16.0,22.38,4.0,4.0,16.0,22.38,2.0,2.0,8.0,11.19,2.0,2.0,8.0,11.19,2.0,2.0,8.0,11.19,3.0,3.0,12.0,16.79,3.0,3.0,12.0,16.79,2.0,2.0,8.0,11.19,5.0,5.0,20.0,27.98,0.0,0.0,0.0,0.0,3.0,3.0,12.0,16.79,0.0,0.0,0.0,0.0,1.0,1.0,4.0,5.6,2.0,2.0,8.0,11.19,1.0,1.0,4.0,5.6,64.0,48.0,16.0,93.27,4.0,4.0,16.0,6.43,6.43,0.58,0.62,0.5,0.5,1.0,0.0,0.5,0.38,0.6,0.46,0.0,4.0,0.08,4.0,0.17
2,福爾摩沙夢想家,99|107,盧冠良/霍爾曼,1,56,65.0,961.46,16.02,16:01,961.46,16.02,16:01,38.0,38.0,58.46,85.37,32.0,32.0,49.23,71.89,29.0,29.0,44.62,65.15,12.0,12.0,18.46,26.96,16.0,16.0,24.62,35.95,7.0,7.0,10.77,15.73,13.0,13.0,20.0,29.21,5.0,5.0,7.69,11.23,9.0,9.0,13.85,20.22,9.0,9.0,13.85,20.22,6.0,6.0,9.23,13.48,11.0,11.0,16.92,24.71,2.0,2.0,3.08,4.49,11.0,11.0,16.92,24.71,1.0,1.0,1.54,2.25,7.0,7.0,10.77,15.73,0.0,0.0,0.0,0.0,1.0,1.0,1.54,2.25,5.0,5.0,7.69,11.23,7.0,7.0,10.77,15.73,58.46,49.23,9.23,97.35,6.0,6.0,9.23,16.02,16.02,0.5,0.58,0.44,0.38,1.0,0.03,0.58,0.35,0.85,0.57,0.0,1.54,0.08,10.77,0.31
2,福爾摩沙夢想家,99|13906,盧冠良/班提爾,1,25,29.0,407.48,6.79,06:47,407.48,6.79,06:47,21.0,21.0,72.41,111.32,14.0,14.0,48.28,74.21,12.0,12.0,41.38,63.61,6.0,6.0,20.69,31.81,7.0,7.0,24.14,37.11,3.0,3.0,10.34,15.9,5.0,5.0,17.24,26.5,3.0,3.0,10.34,15.9,6.0,6.0,20.69,31.81,6.0,6.0,20.69,31.81,2.0,2.0,6.9,10.6,4.0,4.0,13.79,21.2,0.0,0.0,0.0,0.0,6.0,6.0,20.69,31.81,0.0,0.0,0.0,0.0,4.0,4.0,13.79,21.2,0.0,0.0,0.0,0.0,1.0,1.0,3.45,5.3,4.0,4.0,13.79,21.2,3.0,3.0,10.34,15.9,72.41,48.28,24.14,102.48,7.0,7.0,24.14,6.79,6.79,0.62,0.72,0.43,0.6,1.0,0.0,0.67,0.25,1.0,0.5,0.0,3.45,0.14,10.34,0.5
2,福爾摩沙夢想家,73|86,陳振傑/林俊吉,1,12,13.0,220.9,3.68,03:41,220.9,3.68,03:41,8.0,8.0,61.54,78.23,7.0,7.0,53.85,68.45,6.0,6.0,46.15,58.67,3.0,3.0,23.08,29.33,3.0,3.0,23.08,29.33,2.0,2.0,15.38,19.56,3.0,3.0,23.08,29.33,1.0,1.0,7.69,9.78,1.0,1.0,7.69,9.78,1.0,1.0,7.69,9.78,1.0,1.0,7.69,9.78,2.0,2.0,15.38,19.56,0.0,0.0,0.0,0.0,3.0,3.0,23.08,29.33,1.0,1.0,7.69,9.78,1.0,1.0,7.69,9.78,0.0,0.0,0.0,0.0,0.0,0.0,0.0,0.0,1.0,1.0,7.69,9.78,0.0,0.0,0.0,0.0,61.54,53.85,7.69,84.74,1.0,1.0,7.69,3.68,3.68,0.58,0.62,0.67,0.33,1.0,0.13,0.33,0.25,1.0,0.5,0.0,0.0,0.08,0.0,0.17
2,福爾摩沙夢想家,73|99,陳振傑/盧冠良,1,12,13.0,220.9,3.68,03:41,220.9,3.68,03:41,8.0,8.0,61.54,78.23,7.0,7.0,53.85,68.45,6.0,6.0,46.15,58.67,3.0,3.0,23.08,29.33,3.0,3.0,23.08,29.33,2.0,2.0,15.38,19.56,3.0,3.0,23.08,29.33,1.0,1.0,7.69,9.78,1.0,1.0,7.69,9.78,1.0,1.0,7.69,9.78,1.0,1.0,7.69,9.78,2.0,2.0,15.38,19.56,0.0,0.0,0.0,0.0,3.0,3.0,23.08,29.33,1.0,1.0,7.69,9.78,1.0,1.0,7.69,9.78,0.0,0.0,0.0,0.0,0.0,0.0,0.0,0.0,1.0,1.0,7.69,9.78,0.0,0.0,0.0,0.0,61.54,53.85,7.69,84.74,1.0,1.0,7.69,3.68,3.68,0.58,0.62,0.67,0.33,1.0,0.13,0.33,0.25,1.0,0.5,0.0,0.0,0.08,0.0,0.17
2,福爾摩沙夢想家,73|106,陳振傑/高柏鎧,1,12,13.0,220.9,3.68,03:41,220.9,3.68,03:41,8.0,8.0,61.54,78.23,7.0,7.0,53.85,68.45,6.0,6.0,46.15,58.67,3.0,3.0,23.08,29.33,3.0,3.0,23.08,29.33,2.0,2.0,15.38,19.56,3.0,3.0,23.08,29.33,1.0,1.0,7.69,9.78,1.0,1.0,7.69,9.78,1.0,1.0,7.69,9.78,1.0,1.0,7.69,9.78,2.0,2.0,15.38,19.56,0.0,0.0,0.0,0.0,3.0,3.0,23.08,29.33,1.0,1.0,7.69,9.78,1.0,1.0,7.69,9.78,0.0,0.0,0.0,0.0,0.0,0.0,0.0,0.0,1.0,1.0,7.69,9.78,0.0,0.0,0.0,0.0,61.54,53.85,7.69,84.74,1.0,1.0,7.69,3.68,3.68,0.58,0.62,0.67,0.33,1.0,0.13,0.33,0.25,1.0,0.5,0.0,0.0,0.08,0.0,0.17
2,福爾摩沙夢想家,73|107,陳振傑/霍爾曼,1,12,13.0,220.9,3.68,03:41,220.9,3.68,03:41,8.0,8.0,61.54,78.23,7.0,7.0,53.85,68.45,6.0,6.0,46.15,58.67,3.0,3.0,23.08,29.33,3.0,3.0,23.08,29.33,2.0,2.0,15.38,19.56,3.0,3.0,23.08,29.33,1.0,1.0,7.69,9.78,1.0,1.0,7.69,9.78,1.0,1.0,7.69,9.78,1.0,1.0,7.69,9.78,2.0,2.0,15.38,19.56,0.0,0.0,0.0,0.0,3.0,3.0,23.08,29.33,1.0,1.0,7.69,9.78,1.0,1.0,7.69,9.78,0.0,0.0,0.0,0.0,0.0,0.0,0.0,0.0,1.0,1.0,7.69,9.78,0.0,0.0,0.0,0.0,61.54,53.85,7.69,84.74,1.0,1.0,7.69,3.68,3.68,0.58,0.62,0.67,0.33,1.0,0.13,0.33,0.25,1.0,0.5,0.0,0.0,0.08,0.0,0.17
2,福爾摩沙夢想家,86|99,林俊吉/盧冠良,1,36,40.0,594.03,9.9,09:54,594.03,9.9,09:54,22.0,22.0,55.0,80.0,20.0,20.0,50.0,72.72,17.0,17.0,42.5,61.82,6.0,6.0,15.0,21.82,8.0,8.0,20.0,29.09,3.0,3.0,7.5,10.91,9.0,9.0,22.5,32.73,3.0,3.0,7.5,10.91,7.0,7.0,17.5,25.45,7.0,7.0,17.5,25.45,3.0,3.0,7.5,10.91,8.0,8.0,20.0,29.09,0.0,0.0,0.0,0.0,7.0,7.0,17.5,25.45,1.0,1.0,2.5,3.64,4.0,4.0,10.0,14.54,0.0,0.0,0.0,0.0,0.0,0.0,0.0,0.0,4.0,4.0,10.0,14.54,6.0,6.0,15.0,21.82,55.0,50.0,5.0,96.97,2.0,2.0,5.0,9.9,9.9,0.44,0.55,0.38,0.33,1.0,0.05,0.67,0.3,1.0,0.61,0.0,0.0,0.1,15.0,0.41
2,福爾摩沙夢想家,86|106,林俊吉/高柏鎧,1,38,40.0,606.46,10.11,10:06,606.46,10.11,10:06,21.0,21.0,52.5,74.79,16.0,16.0,40.0,56.99,18.0,18.0,45.0,64.11,8.0,8.0,20.0,28.49,11.0,11.0,27.5,39.18,6.0,6.0,15.0,21.37,7.0,7.0,17.5,24.93,2.0,2.0,5.0,7.12,4.0,4.0,10.0,14.25,3.0,3.0,7.5,10.68,2.0,2.0,5.0,7.12,9.0,9.0,22.5,32.05,1.0,1.0,2.5,3.56,8.0,8.0,20.0,28.49,1.0,1.0,2.5,3.56,5.0,5.0,12.5,17.81,0.0,0.0,0.0,0.0,1.0,1.0,2.5,3.56,4.0,4.0,10.0,14.25,6.0,6.0,15.0,21.37,52.5,40.0,12.5,94.98,5.0,5.0,12.5,10.11,10.11,0.5,0.53,0.55,0.29,0.75,0.05,0.62,0.2,0.9,0.55,0.0,2.5,0.1,15.0,0.22
2,福爾摩沙夢想家,86|107,林俊吉/霍爾曼,1,77,88.0,1246.29,20.77,20:46,1246.29,20.77,20:46,42.0,42.0,47.73,72.79,47.0,47.0,53.41,81.46,38.0,38.0,43.18,65.86,14.0,14.0,15.91,24.26,19.0,19.0,21.59,32.93,9.0,9.0,10.23,15.6,19.0,19.0,21.59,32.93,5.0,5.0,5.68,8.67,11.0,11.0,12.5,19.06,9.0,9.0,10.23,15.6,4.0,4.0,4.55,6.93,19.0,19.0,21.59,32.93,1.0,1.0,1.14,1.73,11.0,11.0,12.5,19.06,3.0,3.0,3.41,5.2,7.0,7.0,7.95,12.13,1.0,1.0,1.14,1.73,1.0,1.0,1.14,1.73,7.0,7.0,7.95,12.13,10.0,10.0,11.36,17.33,47.73,53.41,-5.68,101.68,-5.0,-5.0,-5.68,20.77,20.77,0.43,0.49,0.47,0.26,0.82,0.07,0.5,0.27,0.95,0.66,1.14,1.14,0.08,11.36,0.29
2,福爾摩沙夢想家,99|106,盧冠良/高柏鎧,1,31,36.0,591.09,9.85,09:51,591.09,9.85,09:51,17.0,17.0,47.22,62.12,18.0,18.0,50.0,65.78,17.0,17.0,47.22,62.12,6.0,6.0,16.67,21.93,9.0,9.0,25.0,32.89,4.0,4.0,11.11,14.62,8.0,8.0,22.22,29.23,2.0,2.0,5.56,7.31,3.0,3.0,8.33,10.96,3.0,3.0,8.33,10.96,4.0,4.0,11.11,14.62,7.0,7.0,19.44,25.58,2.0,2.0,5.56,7.31,7.0,7.0,19.44,25.58,1.0,1.0,2.78,3.65,3.0,3.0,8.33,10.96,0.0,0.0,0.0,0.0,0.0,0.0,0.0,0.0,3.0,3.0,8.33,10.96,4.0,4.0,11.11,14.62,47.22,50.0,-2.78,87.7,-1.0,-1.0,-2.78,9.85,9.85,0.41,0.46,0.44,0.25,1.0,0.05,0.5,0.36,0.78,0.55,0.0,0.0,0.08,11.11,0.18
2,福爾摩沙夢想家,106|107,高柏鎧/霍爾曼,1,46,53.0,830.4,13.84,13:50,830.4,13.84,13:50,25.0,25.0,47.17,65.03,30.0,30.0,56.6,78.03,22.0,22.0,41.51,57.23,10.0,10.0,18.87,26.01,13.0,13.0,24.53,33.82,8.0,8.0,15.09,20.81,9.0,9.0,16.98,23.41,2.0,2.0,3.77,5.2,3.0,3.0,5.66,7.8,3.0,3.0,5.66,7.8,4.0,4.0,7.55,10.4,8.0,8.0,15.09,20.81,3.0,3.0,5.66,7.8,7.0,7.0,13.21,18.21,3.0,3.0,5.66,7.8,4.0,4.0,7.55,10.4,1.0,1.0,1.89,2.6,0.0,0.0,0.0,0.0,2.0,2.0,3.77,5.2,6.0,6.0,11.32,15.61,47.17,56.6,-9.43,91.91,-5.0,-5.0,-9.43,13.84,13.84,0.5,0.54,0.62,0.22,1.0,0.11,0.4,0.36,0.73,0.55,1.89,0.0,0.04,11.32,0.14
2,新竹御嵿攻城獅,76|87,曾柏喻/蔡宸綱,1,42,48.0,612.03,10.2,10:12,612.03,10.2,10:12,20.0,20.0,41.67,70.58,22.0,22.0,45.83,77.64,15.0,15.0,31.25,52.94,8.0,8.0,16.67,28.23,10.0,10.0,20.83,35.29,6.0,6.0,12.5,21.18,5.0,5.0,10.42,17.65,2.0,2.0,4.17,7.06,2.0,2.0,4.17,7.06,2.0,2.0,4.17,7.06,0.0,0.0,0.0,0.0,6.0,6.0,12.5,21.18,1.0,1.0,2.08,3.53,7.0,7.0,14.58,24.7,6.0,6.0,12.5,21.18,5.0,5.0,10.42,17.65,3.0,3.0,6.25,10.59,2.0,2.0,4.17,7.06,4.0,4.0,8.33,14.12,6.0,6.0,12.5,21.18,41.67,45.83,-4.17,112.94,-2.0,-2.0,-4.17,10.2,10.2,0.6,0.63,0.6,0.4,1.0,0.27,0.62,0.0,0.86,0.43,6.25,4.17,0.08,12.5,0.13
2,新竹御嵿攻城獅,76|88,曾柏喻/盧冠軒,1,62,70.0,887.89,14.8,14:48,887.89,14.8,14:48,31.0,31.0,44.29,75.42,31.0,31.0,44.29,75.42,22.0,22.0,31.43,53.52,11.0,11.0,15.71,26.76,14.0,14.0,20.0,34.06,8.0,8.0,11.43,19.46,8.0,8.0,11.43,19.46,3.0,3.0,4.29,7.3,8.0,8.0,11.43,19.46,6.0,6.0,8.57,14.6,1.0,1.0,1.43,2.43,10.0,10.0,14.29,24.33,3.0,3.0,4.29,7.3,13.0,13.0,18.57,31.63,7.0,7.0,10.0,17.03,8.0,8.0,11.43,19.46,3.0,3.0,4.29,7.3,1.0,1.0,1.43,2.43,7.0,7.0,10.0,17.03,9.0,9.0,12.86,21.89,44.29,44.29,0.0,113.53,0.0,0.0,0.0,14.8,14.8,0.57,0.61,0.57,0.38,0.75,0.22,0.73,0.07,0.77,0.41,4.29,1.43,0.1,12.86,0.36
2,新竹御嵿攻城獅,87|88,蔡宸綱/盧冠軒,1,87,103.0,1439.52,23.99,24:00,1439.52,23.99,24:00,51.0,51.0,49.51,76.53,47.0,47.0,45.63,70.52,36.0,36.0,34.95,54.02,19.0,19.0,18.45,28.51,22.0,22.0,21.36,33.01,15.0,15.0,14.56,22.51,14.0,14.0,13.59,21.01,4.0,4.0,3.88,6.0,13.0,13.0,12.62,19.51,9.0,9.0,8.74,13.5,5.0,5.0,4.85,7.5,11.0,11.0,10.68,16.51,4.0,4.0,3.88,6.0,14.0,14.0,13.59,21.01,8.0,8.0,7.77,12.0,14.0,14.0,13.59,21.01,5.0,5.0,4.85,7.5,1.0,1.0,0.97,1.5,12.0,12.0,11.65,18.01,11.0,11.0,10.68,16.51,49.51,45.63,3.88,103.03,4.0,4.0,3.88,23.99,23.99,0.58,0.61,0.68,0.29,0.69,0.16,0.74,0.26,0.73,0.47,4.85,0.97,0.12,10.68,0.36
2,新竹御嵿攻城獅,87|10887,蔡宸綱/德魯,1,38,45.0,561.34,9.36,09:21,561.34,9.36,09:21,17.0,17.0,37.78,65.42,24.0,24.0,53.33,92.35,14.0,14.0,31.11,53.87,5.0,5.0,11.11,19.24,8.0,8.0,17.78,30.78,4.0,4.0,8.89,15.39,6.0,6.0,13.33,23.09,1.0,1.0,2.22,3.85,9.0,9.0,20.0,34.63,6.0,6.0,13.33,23.09,1.0,1.0,2.22,3.85,7.0,7.0,15.56,26.94,2.0,2.0,4.44,7.7,7.0,7.0,15.56,26.94,3.0,3.0,6.67,11.54,5.0,5.0,11.11,19.24,2.0,2.0,4.44,7.7,0.0,0.0,0.0,0.0,9.0,9.0,20.0,34.63,7.0,7.0,15.56,26.94,37.78,53.33,-15.56,115.44,-7.0,-7.0,-15.56,9.36,9.36,0.39,0.47,0.5,0.17,0.67,0.14,1.0,0.12,0.78,0.47,4.44,0.0,0.2,15.56,0.64
2,新竹御嵿攻城獅,87|14843,蔡宸綱/馬力,1,91,107.0,1488.66,24.81,24:49,1488.66,24.81,24:49,51.0,51.0,47.66,74.0,47.0,47.0,43.93,68.2,37.0,37.0,34.58,53.69,19.0,19.0,17.76,27.57,23.0,23.0,21.5,33.37,15.0,15.0,14.02,21.76,14.0,14.0,13.08,20.31,4.0,4.0,3.74,5.8,13.0,13.0,12.15,18.86,9.0,9.0,8.41,13.06,5.0,5.0,4.67,7.25,12.0,12.0,11.21,17.41,4.0,4.0,3.74,5.8,16.0,16.0,14.95,23.22,8.0,8.0,7.48,11.61,14.0,14.0,13.08,20.31,5.0,5.0,4.67,7.25,2.0,2.0,1.87,2.9,12.0,12.0,11.21,17.41,11.0,11.0,10.28,15.96,47.66,43.93,3.74,103.5,4.0,4.0,3.74,24.81,24.81,0.57,0.6,0.65,0.29,0.69,0.16,0.74,0.24,0.75,0.46,4.67,1.87,0.11,10.28,0.35
2,新竹御嵿攻城獅,88|10887,盧冠軒/德魯,1,47,56.0,736.93,12.28,12:17,736.93,12.28,12:17,22.0,22.0,39.29,64.48,29.0,29.0,51.79,85.0,17.0,17.0,30.36,49.83,6.0,6.0,10.71,17.59,9.0,9.0,16.07,26.38,4.0,4.0,7.14,11.72,8.0,8.0,14.29,23.45,2.0,2.0,3.57,5.86,13.0,13.0,23.21,38.1,8.0,8.0,14.29,23.45,1.0,1.0,1.79,2.93,10.0,10.0,17.86,29.31,4.0,4.0,7.14,11.72,9.0,9.0,16.07,26.38,4.0,4.0,7.14,11.72,7.0,7.0,12.5,20.52,2.0,2.0,3.57,5.86,0.0,0.0,0.0,0.0,10.0,10.0,17.86,29.31,9.0,9.0,16.07,26.38,39.29,51.79,-12.5,109.43,-7.0,-7.0,-12.5,12.28,12.28,0.41,0.48,0.44,0.25,0.62,0.15,1.17,0.1,0.71,0.46,3.57,0.0,0.18,16.07,0.76
2,新竹御嵿攻城獅,88|14843,盧冠軒/馬力,1,114,132.0,1836.38,30.61,30:36,1836.38,30.61,30:36,64.0,64.0,48.48,75.28,60.0,60.0,45.45,70.57,45.0,45.0,34.09,52.93,23.0,23.0,17.42,27.05,28.0,28.0,21.21,32.93,18.0,18.0,13.64,21.17,17.0,17.0,12.88,20.0,5.0,5.0,3.79,5.88,19.0,19.0,14.39,22.35,13.0,13.0,9.85,15.29,6.0,6.0,4.55,7.06,16.0,16.0,12.12,18.82,6.0,6.0,4.55,7.06,22.0,22.0,16.67,25.88,10.0,10.0,7.58,11.76,18.0,18.0,13.64,21.17,5.0,5.0,3.79,5.88,1.0,1.0,0.76,1.18,15.0,15.0,11.36,17.64,14.0,14.0,10.61,16.47,48.48,45.45,3.03,103.51,4.0,4.0,3.03,30.61,30.61,0.57,0.6,0.64,0.29,0.68,0.16,0.78,0.21,0.73,0.44,3.79,0.76,0.11,10.61,0.42
2,新竹御嵿攻城獅,75|87,高國豪/蔡宸綱,1,50,60.0,902.49,15.04,15:02,902.49,15.04,15:02,31.0,31.0,51.67,74.19,25.0,25.0,41.67,59.83,23.0,23.0,38.33,55.05,11.0,11.0,18.33,26.33,14.0,14.0,23.33,33.51,9.0,9.0,15.0,21.54,9.0,9.0,15.0,21.54,2.0,2.0,3.33,4.79,11.0,11.0,18.33,26.33,7.0,7.0,11.67,16.75,5.0,5.0,8.33,11.97,7.0,7.0,11.67,16.75,3.0,3.0,5.0,7.18,9.0,9.0,15.0,21.54,2.0,2.0,3.33,4.79,9.0,9.0,15.0,21.54,2.0,2.0,3.33,4.79,1.0,1.0,1.67,2.39,8.0,8.0,13.33,19.15,5.0,5.0,8.33,11.97,51.67,41.67,10.0,95.74,6.0,6.0,10.0,15.04,15.04,0.52,0.56,0.64,0.22,0.64,0.07,0.82,0.36,0.7,0.5,3.33,1.67,0.13,8.33,0.48
2,新竹御嵿攻城獅,75|88,高國豪/盧冠軒,1,52,62.0,948.49,15.81,15:48,948.49,15.81,15:48,33.0,33.0,53.23,75.15,29.0,29.0,46.77,66.04,23.0,23.0,37.1,52.38,12.0,12.0,19.35,27.33,14.0,14.0,22.58,31.88,10.0,10.0,16.13,22.77,9.0,9.0,14.52,20.5,2.0,2.0,3.23,4.55,11.0,11.0,17.74,25.05,7.0,7.0,11.29,15.94,5.0,5.0,8.06,11.39,6.0,6.0,9.68,13.66,3.0,3.0,4.84,6.83,9.0,9.0,14.52,20.5,3.0,3.0,4.84,6.83,10.0,10.0,16.13,22.77,2.0,2.0,3.23,4.55,0.0,0.0,0.0,0.0,8.0,8.0,12.9,18.22,5.0,5.0,8.06,11.39,53.23,46.77,6.45,94.13,4.0,4.0,6.45,15.81,15.81,0.57,0.59,0.71,0.22,0.64,0.1,0.83,0.36,0.67,0.48,3.23,0.0,0.13,8.06,0.48
2,福爾摩沙夢想家,86|103,林俊吉/忻沃克,1,45,50.0,705.48,11.76,11:45,705.48,11.76,11:45,26.0,26.0,52.0,79.6,27.0,27.0,54.0,82.67,22.0,22.0,44.0,67.36,11.0,11.0,22.0,33.68,13.0,13.0,26.0,39.8,8.0,8.0,16.0,24.49,9.0,9.0,18.0,27.56,3.0,3.0,6.0,9.19,3.0,3.0,6.0,9.19,1.0,1.0,2.0,3.06,1.0,1.0,2.0,3.06,11.0,11.0,22.0,33.68,2.0,2.0,4.0,6.12,5.0,5.0,10.0,15.31,1.0,1.0,2.0,3.06,4.0,4.0,8.0,12.25,1.0,1.0,2.0,3.06,1.0,1.0,2.0,3.06,5.0,5.0,10.0,15.31,10.0,10.0,20.0,30.62,52.0,54.0,-2.0,102.06,-1.0,-1.0,-2.0,11.76,11.76,0.57,0.56,0.62,0.33,0.33,0.04,0.36,0.17,0.85,0.63,2.0,2.0,0.1,20.0,0.14
2,福爾摩沙夢想家,99|103,盧冠良/忻沃克,1,9,13.0,206.42,3.44,03:26,206.42,3.44,03:26,7.0,7.0,53.85,73.25,8.0,8.0,61.54,83.71,6.0,6.0,46.15,62.78,3.0,3.0,23.08,31.39,4.0,4.0,30.77,41.86,2.0,2.0,15.38,20.93,2.0,2.0,15.38,20.93,1.0,1.0,7.69,10.46,0.0,0.0,0.0,0.0,0.0,0.0,0.0,0.0,2.0,2.0,15.38,20.93,1.0,1.0,7.69,10.46,2.0,2.0,15.38,20.93,2.0,2.0,15.38,20.93,0.0,0.0,0.0,0.0,1.0,1.0,7.69,10.46,0.0,0.0,0.0,0.0,0.0,0.0,0.0,0.0,1.0,1.0,7.69,10.46,3.0,3.0,23.08,31.39,53.85,61.54,-7.69,90.69,-1.0,-1.0,-7.69,3.44,3.44,0.58,0.58,0.5,0.5,,0.0,0.33,0.5,0.33,0.43,0.0,0.0,0.08,23.08,0.0
2,福爾摩沙夢想家,79|86,張宗憲/林俊吉,1,58,68.0,881.75,14.7,14:42,881.75,14.7,14:42,29.0,29.0,42.65,71.04,36.0,36.0,52.94,88.19,27.0,27.0,39.71,66.14,9.0,9.0,13.24,22.05,14.0,14.0,20.59,34.3,6.0,6.0,8.82,14.7,13.0,13.0,19.12,31.85,3.0,3.0,4.41,7.35,10.0,10.0,14.71,24.5,8.0,8.0,11.76,19.6,3.0,3.0,4.41,7.35,14.0,14.0,20.59,34.3,1.0,1.0,1.47,2.45,7.0,7.0,10.29,17.15,2.0,2.0,2.94,4.9,4.0,4.0,5.88,9.8,1.0,1.0,1.47,2.45,1.0,1.0,1.47,2.45,7.0,7.0,10.29,17.15,12.0,12.0,17.65,29.4,42.65,52.94,-10.29,111.05,-7.0,-7.0,-10.29,14.7,14.7,0.39,0.46,0.43,0.23,0.8,0.06,0.44,0.3,0.93,0.68,1.47,1.47,0.1,17.65,0.37
2,福爾摩沙夢想家,86|13906,林俊吉/班提爾,1,64,73.0,954.12,15.9,15:54,954.12,15.9,15:54,33.0,33.0,45.21,74.71,37.0,37.0,50.68,83.76,30.0,30.0,41.1,67.92,12.0,12.0,16.44,27.17,18.0,18.0,24.66,40.75,9.0,9.0,12.33,20.37,12.0,12.0,16.44,27.17,3.0,3.0,4.11,6.79,9.0,9.0,12.33,20.37,6.0,6.0,8.22,13.58,2.0,2.0,2.74,4.53,16.0,16.0,21.92,36.22,2.0,2.0,2.74,4.53,7.0,7.0,9.59,15.85,2.0,2.0,2.74,4.53,6.0,6.0,8.22,13.58,1.0,1.0,1.37,2.26,2.0,2.0,2.74,4.53,8.0,8.0,10.96,18.11,10.0,10.0,13.7,22.64,45.21,50.68,-5.48,110.18,-4.0,-4.0,-5.48,15.9,15.9,0.45,0.49,0.5,0.25,0.67,0.06,0.5,0.22,0.89,0.67,1.37,2.74,0.11,13.7,0.3
2,福爾摩沙夢想家,79|95,張宗憲/李德威,1,1,1.0,13.43,0.22,00:13,13.43,0.22,00:13,0.0,0.0,0.0,0.0,2.0,2.0,200.0,321.69,0.0,0.0,0.0,0.0,0.0,0.0,0.0,0.0,0.0,0.0,0.0,0.0,0.0,0.0,0.0,0.0,0.0,0.0,0.0,0.0,0.0,0.0,0.0,0.0,0.0,0.0,0.0,0.0,0.0,0.0,0.0,0.0,0.0,0.0,0.0,0.0,0.0,0.0,0.0,0.0,0.0,0.0,0.0,0.0,0.0,0.0,0.0,0.0,0.0,0.0,0.0,0.0,0.0,0.0,0.0,0.0,0.0,0.0,0.0,0.0,0.0,0.0,0.0,0.0,1.0,1.0,100.0,160.85,2.0,2.0,200.0,321.69,0.0,200.0,-200.0,107.23,-2.0,-2.0,-200.0,0.22,0.22,,,,,,,,,,,0.0,0.0,1.0,200.0,
2,福爾摩沙夢想家,86|95,林俊吉/李德威,1,1,1.0,13.43,0.22,00:13,13.43,0.22,00:13,0.0,0.0,0.0,0.0,2.0,2.0,200.0,321.69,0.0,0.0,0.0,0.0,0.0,0.0,0.0,0.0,0.0,0.0,0.0,0.0,0.0,0.0,0.0,0.0,0.0,0.0,0.0,0.0,0.0,0.0,0.0,0.0,0.0,0.0,0.0,0.0,0.0,0.0,0.0,0.0,0.0,0.0,0.0,0.0,0.0,0.0,0.0,0.0,0.0,0.0,0.0,0.0,0.0,0.0,0.0,0.0,0.0,0.0,0.0,0.0,0.0,0.0,0.0,0.0,0.0,0.0,0.0,0.0,0.0,0.0,0.0,0.0,1.0,1.0,100.0,160.85,2.0,2.0,200.0,321.69,0.0,200.0,-200.0,107.23,-2.0,-2.0,-200.0,0.22,0.22,,,,,,,,,,,0.0,0.0,1.0,200.0,
2,福爾摩沙夢想家,95|103,李德威/忻沃克,1,1,1.0,13.43,0.22,00:13,13.43,0.22,00:13,0.0,0.0,0.0,0.0,2.0,2.0,200.0,321.69,0.0,0.0,0.0,0.0,0.0,0.0,0.0,0.0,0.0,0.0,0.0,0.0,0.0,0.0,0.0,0.0,0.0,0.0,0.0,0.0,0.0,0.0,0.0,0.0,0.0,0.0,0.0,0.0,0.0,0.0,0.0,0.0,0.0,0.0,0.0,0.0,0.0,0.0,0.0,0.0,0.0,0.0,0.0,0.0,0.0,0.0,0.0,0.0,0.0,0.0,0.0,0.0,0.0,0.0,0.0,0.0,0.0,0.0,0.0,0.0,0.0,0.0,0.0,0.0,1.0,1.0,100.0,160.85,2.0,2.0,200.0,321.69,0.0,200.0,-200.0,107.23,-2.0,-2.0,-200.0,0.22,0.22,,,,,,,,,,,0.0,0.0,1.0,200.0,
2,福爾摩沙夢想家,95|13906,李德威/班提爾,1,1,1.0,13.43,0.22,00:13,13.43,0.22,00:13,0.0,0.0,0.0,0.0,2.0,2.0,200.0,321.69,0.0,0.0,0.0,0.0,0.0,0.0,0.0,0.0,0.0,0.0,0.0,0.0,0.0,0.0,0.0,0.0,0.0,0.0,0.0,0.0,0.0,0.0,0.0,0.0,0.0,0.0,0.0,0.0,0.0,0.0,0.0,0.0,0.0,0.0,0.0,0.0,0.0,0.0,0.0,0.0,0.0,0.0,0.0,0.0,0.0,0.0,0.0,0.0,0.0,0.0,0.0,0.0,0.0,0.0,0.0,0.0,0.0,0.0,0.0,0.0,0.0,0.0,0.0,0.0,1.0,1.0,100.0,160.85,2.0,2.0,200.0,321.69,0.0,200.0,-200.0,107.23,-2.0,-2.0,-200.0,0.22,0.22,,,,,,,,,,,0.0,0.0,1.0,200.0,
2,福爾摩沙夢想家,77|89,馬建豪/蔣淯安,1,28,31.0,479.86,8.0,08:00,479.86,8.0,08:00,13.0,13.0,41.94,58.52,18.0,18.0,58.06,81.02,10.0,10.0,32.26,45.01,5.0,5.0,16.13,22.51,6.0,6.0,19.35,27.01,4.0,4.0,12.9,18.01,4.0,4.0,12.9,18.01,1.0,1.0,3.23,4.5,2.0,2.0,6.45,9.0,2.0,2.0,6.45,9.0,0.0,0.0,0.0,0.0,5.0,5.0,16.13,22.51,1.0,1.0,3.23,4.5,3.0,3.0,9.68,13.5,3.0,3.0,9.68,13.5,4.0,4.0,12.9,18.01,0.0,0.0,0.0,0.0,0.0,0.0,0.0,0.0,3.0,3.0,9.68,13.5,5.0,5.0,16.13,22.51,41.94,58.06,-16.13,93.03,-5.0,-5.0,-16.13,8.0,8.0,0.55,0.6,0.67,0.25,1.0,0.22,0.8,0.0,0.83,0.56,0.0,0.0,0.1,16.13,0.2
2,福爾摩沙夢想家,77|103,馬建豪/忻沃克,1,16,18.0,268.86,4.48,04:29,268.86,4.48,04:29,6.0,6.0,33.33,48.2,9.0,9.0,50.0,72.3,6.0,6.0,33.33,48.2,3.0,3.0,16.67,24.1,4.0,4.0,22.22,32.14,3.0,3.0,16.67,24.1,2.0,2.0,11.11,16.07,0.0,0.0,0.0,0.0,0.0,0.0,0.0,0.0,0.0,0.0,0.0,0.0,0.0,0.0,0.0,0.0,3.0,3.0,16.67,24.1,1.0,1.0,5.56,8.03,2.0,2.0,11.11,16.07,2.0,2.0,11.11,16.07,2.0,2.0,11.11,16.07,0.0,0.0,0.0,0.0,0.0,0.0,0.0,0.0,0.0,0.0,0.0,0.0,3.0,3.0,16.67,24.1,33.33,50.0,-16.67,96.41,-3.0,-3.0,-16.67,4.48,4.48,0.5,0.5,0.75,0.0,,0.25,0.67,0.0,0.75,0.5,0.0,0.0,0.0,16.67,0.0
2,福爾摩沙夢想家,77|107,馬建豪/霍爾曼,1,30,32.0,530.86,8.85,08:51,530.86,8.85,08:51,13.0,13.0,40.62,52.89,21.0,21.0,65.62,85.45,12.0,12.0,37.5,48.83,5.0,5.0,15.62,20.34,7.0,7.0,21.88,28.48,4.0,4.0,12.5,16.28,5.0,5.0,15.62,20.34,1.0,1.0,3.12,4.07,2.0,2.0,6.25,8.14,2.0,2.0,6.25,8.14,0.0,0.0,0.0,0.0,7.0,7.0,21.88,28.48,1.0,1.0,3.12,4.07,4.0,4.0,12.5,16.28,2.0,2.0,6.25,8.14,4.0,4.0,12.5,16.28,0.0,0.0,0.0,0.0,0.0,0.0,0.0,0.0,2.0,2.0,6.25,8.14,5.0,5.0,15.62,20.34,40.62,65.62,-25.0,86.8,-8.0,-8.0,-25.0,8.85,8.85,0.46,0.5,0.57,0.2,1.0,0.13,0.8,0.0,0.88,0.58,0.0,0.0,0.06,15.62,0.17
2,福爾摩沙夢想家,77|13906,馬建豪/班提爾,1,20,22.0,352.0,5.87,05:52,352.0,5.87,05:52,9.0,9.0,40.91,55.23,10.0,10.0,45.45,61.36,7.0,7.0,31.82,42.95,3.0,3.0,13.64,18.41,4.0,4.0,18.18,24.55,2.0,2.0,9.09,12.27,3.0,3.0,13.64,18.41,1.0,1.0,4.55,6.14,2.0,2.0,9.09,12.27,2.0,2.0,9.09,12.27,0.0,0.0,0.0,0.0,4.0,4.0,18.18,24.55,1.0,1.0,4.55,6.14,3.0,3.0,13.64,18.41,2.0,2.0,9.09,12.27,3.0,3.0,13.64,18.41,0.0,0.0,0.0,0.0,0.0,0.0,0.0,0.0,3.0,3.0,13.64,18.41,3.0,3.0,13.64,18.41,40.91,45.45,-4.55,90.0,-1.0,-1.0,-4.55,5.87,5.87,0.5,0.57,0.5,0.33,1.0,0.2,1.0,0.0,0.8,0.5,0.0,0.0,0.14,13.64,0.29
2,新竹御嵿攻城獅,87|10888,蔡宸綱/帕塞獅,1,53,62.0,927.32,15.46,15:27,927.32,15.46,15:27,34.0,34.0,54.84,79.2,23.0,23.0,37.1,53.57,23.0,23.0,37.1,53.57,14.0,14.0,22.58,32.61,15.0,15.0,24.19,34.94,11.0,11.0,17.74,25.62,8.0,8.0,12.9,18.63,3.0,3.0,4.84,6.99,4.0,4.0,6.45,9.32,3.0,3.0,4.84,6.99,4.0,4.0,6.45,9.32,5.0,5.0,8.06,11.65,2.0,2.0,3.23,4.66,9.0,9.0,14.52,20.96,5.0,5.0,8.06,11.65,9.0,9.0,14.52,20.96,3.0,3.0,4.84,6.99,2.0,2.0,3.23,4.66,3.0,3.0,4.84,6.99,4.0,4.0,6.45,9.32,54.84,37.1,17.74,96.28,11.0,11.0,17.74,15.46,15.46,0.67,0.69,0.73,0.38,0.75,0.17,0.64,0.31,0.71,0.45,4.84,3.23,0.05,6.45,0.17
2,新竹御嵿攻城獅,88|10888,盧冠軒/帕塞獅,1,67,76.0,1099.45,18.32,18:19,1099.45,18.32,18:19,42.0,42.0,55.26,82.51,31.0,31.0,40.79,60.9,28.0,28.0,36.84,55.01,17.0,17.0,22.37,33.4,19.0,19.0,25.0,37.33,14.0,14.0,18.42,27.5,9.0,9.0,11.84,17.68,3.0,3.0,3.95,5.89,6.0,6.0,7.89,11.79,5.0,5.0,6.58,9.82,5.0,5.0,6.58,9.82,6.0,6.0,7.89,11.79,2.0,2.0,2.63,3.93,13.0,13.0,17.11,25.54,6.0,6.0,7.89,11.79,11.0,11.0,14.47,21.61,3.0,3.0,3.95,5.89,1.0,1.0,1.32,1.96,5.0,5.0,6.58,9.82,5.0,5.0,6.58,9.82,55.26,40.79,14.47,99.54,11.0,11.0,14.47,18.32,18.32,0.66,0.69,0.74,0.33,0.83,0.16,0.65,0.28,0.75,0.42,3.95,1.32,0.07,6.58,0.21
2,新竹御嵿攻城獅,10888|14843,帕塞獅/馬力,1,69,78.0,1133.45,18.89,18:53,1133.45,18.89,18:53,42.0,42.0,53.85,80.04,31.0,31.0,39.74,59.08,29.0,29.0,37.18,55.27,17.0,17.0,21.79,32.4,20.0,20.0,25.64,38.11,14.0,14.0,17.95,26.68,9.0,9.0,11.54,17.15,3.0,3.0,3.85,5.72,6.0,6.0,7.69,11.43,5.0,5.0,6.41,9.53,5.0,5.0,6.41,9.53,7.0,7.0,8.97,13.34,2.0,2.0,2.56,3.81,14.0,14.0,17.95,26.68,6.0,6.0,7.69,11.43,11.0,11.0,14.1,20.96,3.0,3.0,3.85,5.72,2.0,2.0,2.56,3.81,5.0,5.0,6.41,9.53,5.0,5.0,6.41,9.53,53.85,39.74,14.1,99.1,11.0,11.0,14.1,18.89,18.89,0.64,0.66,0.7,0.33,0.83,0.16,0.65,0.26,0.78,0.43,3.85,2.56,0.06,6.41,0.21
2,福爾摩沙夢想家,77|106,馬建豪/高柏鎧,1,18,20.0,306.86,5.11,05:07,306.86,5.11,05:07,8.0,8.0,40.0,56.31,15.0,15.0,75.0,105.58,7.0,7.0,35.0,49.27,4.0,4.0,20.0,28.16,5.0,5.0,25.0,35.19,4.0,4.0,20.0,28.16,2.0,2.0,10.0,14.08,0.0,0.0,0.0,0.0,0.0,0.0,0.0,0.0,0.0,0.0,0.0,0.0,0.0,0.0,0.0,0.0,3.0,3.0,15.0,21.12,0.0,0.0,0.0,0.0,1.0,1.0,5.0,7.04,2.0,2.0,10.0,14.08,3.0,3.0,15.0,21.12,0.0,0.0,0.0,0.0,0.0,0.0,0.0,0.0,1.0,1.0,5.0,7.04,2.0,2.0,10.0,14.08,40.0,75.0,-35.0,93.85,-7.0,-7.0,-35.0,5.11,5.11,0.57,0.57,0.8,0.0,,0.22,0.75,0.0,1.0,0.75,0.0,0.0,0.05,10.0,0.0
2,福爾摩沙夢想家,77|79,馬建豪/張宗憲,1,5,6.0,95.0,1.58,01:35,95.0,1.58,01:35,2.0,2.0,33.33,45.47,4.0,4.0,66.67,90.95,1.0,1.0,16.67,22.74,1.0,1.0,16.67,22.74,1.0,1.0,16.67,22.74,1.0,1.0,16.67,22.74,0.0,0.0,0.0,0.0,0.0,0.0,0.0,0.0,0.0,0.0,0.0,0.0,0.0,0.0,0.0,0.0,0.0,0.0,0.0,0.0,0.0,0.0,0.0,0.0,0.0,0.0,0.0,0.0,0.0,0.0,0.0,0.0,1.0,1.0,16.67,22.74,1.0,1.0,16.67,22.74,0.0,0.0,0.0,0.0,0.0,0.0,0.0,0.0,2.0,2.0,33.33,45.47,2.0,2.0,33.33,45.47,33.33,66.67,-33.33,90.95,-2.0,-2.0,-33.33,1.58,1.58,1.0,1.0,1.0,,,0.5,1.0,,,,0.0,0.0,0.33,33.33,0.0
2,福爾摩沙夢想家,86|89,林俊吉/蔣淯安,1,23,25.0,303.14,5.05,05:03,303.14,5.05,05:03,9.0,9.0,36.0,64.13,7.0,7.0,28.0,49.88,11.0,11.0,44.0,78.38,4.0,4.0,16.0,28.5,8.0,8.0,32.0,57.0,4.0,4.0,16.0,28.5,3.0,3.0,12.0,21.38,0.0,0.0,0.0,0.0,3.0,3.0,12.0,21.38,1.0,1.0,4.0,7.13,0.0,0.0,0.0,0.0,7.0,7.0,28.0,49.88,1.0,1.0,4.0,7.13,3.0,3.0,12.0,21.38,1.0,1.0,4.0,7.13,4.0,4.0,16.0,28.5,0.0,0.0,0.0,0.0,2.0,2.0,8.0,14.25,3.0,3.0,12.0,21.38,0.0,0.0,0.0,0.0,36.0,28.0,8.0,118.76,2.0,2.0,8.0,5.05,5.05,0.36,0.37,0.5,0.0,0.33,0.08,1.0,0.0,0.88,0.64,0.0,8.0,0.12,0.0,0.27
2,新竹御嵿攻城獅,88|10885,盧冠軒/劉丞勳,1,27,29.0,396.86,6.61,06:37,396.86,6.61,06:37,13.0,13.0,44.83,70.76,13.0,13.0,44.83,70.76,9.0,9.0,31.03,48.99,4.0,4.0,13.79,21.77,6.0,6.0,20.69,32.66,3.0,3.0,10.34,16.33,3.0,3.0,10.34,16.33,1.0,1.0,3.45,5.44,6.0,6.0,20.69,32.66,4.0,4.0,13.79,21.77,1.0,1.0,3.45,5.44,5.0,5.0,17.24,27.21,2.0,2.0,6.9,10.89,8.0,8.0,27.59,43.54,2.0,2.0,6.9,10.89,4.0,4.0,13.79,21.77,0.0,0.0,0.0,0.0,0.0,0.0,0.0,0.0,3.0,3.0,10.34,16.33,3.0,3.0,10.34,16.33,44.83,44.83,0.0,105.23,0.0,0.0,0.0,6.61,6.61,0.5,0.56,0.5,0.33,0.67,0.15,1.0,0.11,0.71,0.38,0.0,0.0,0.1,10.34,0.67
2,新竹御嵿攻城獅,87|10885,蔡宸綱/劉丞勳,1,2,2.0,15.14,0.25,00:15,15.14,0.25,00:15,0.0,0.0,0.0,0.0,0.0,0.0,0.0,0.0,0.0,0.0,0.0,0.0,0.0,0.0,0.0,0.0,0.0,0.0,0.0,0.0,0.0,0.0,0.0,0.0,0.0,0.0,0.0,0.0,0.0,0.0,0.0,0.0,0.0,0.0,0.0,0.0,0.0,0.0,0.0,0.0,0.0,0.0,0.0,0.0,0.0,0.0,0.0,0.0,0.0,0.0,0.0,0.0,1.0,1.0,50.0,142.69,0.0,0.0,0.0,0.0,0.0,0.0,0.0,0.0,0.0,0.0,0.0,0.0,0.0,0.0,0.0,0.0,0.0,0.0,0.0,0.0,0.0,0.0,0.0,0.0,0.0,0.0,0.0,190.25,0.0,0.0,0.0,0.25,0.25,,,,,,,,0.0,,0.0,0.0,0.0,0.0,0.0,
2,福爾摩沙夢想家,77|99,馬建豪/盧冠良,1,13,13.0,231.0,3.85,03:51,231.0,3.85,03:51,7.0,7.0,53.85,65.45,10.0,10.0,76.92,93.51,6.0,6.0,46.15,56.1,2.0,2.0,15.38,18.7,3.0,3.0,23.08,28.05,1.0,1.0,7.69,9.35,3.0,3.0,23.08,28.05,1.0,1.0,7.69,9.35,2.0,2.0,15.38,18.7,2.0,2.0,15.38,18.7,0.0,0.0,0.0,0.0,4.0,4.0,30.77,37.4,0.0,0.0,0.0,0.0,2.0,2.0,15.38,18.7,0.0,0.0,0.0,0.0,2.0,2.0,15.38,18.7,0.0,0.0,0.0,0.0,0.0,0.0,0.0,0.0,1.0,1.0,7.69,9.35,0.0,0.0,0.0,0.0,53.85,76.92,-23.08,81.04,-3.0,-3.0,-23.08,3.85,3.85,0.42,0.51,0.33,0.33,1.0,0.0,1.0,0.0,1.0,0.67,0.0,0.0,0.08,0.0,0.33
2,福爾摩沙夢想家,77|86,馬建豪/林俊吉,1,6,6.0,115.0,1.92,01:55,115.0,1.92,01:55,2.0,2.0,33.33,37.57,5.0,5.0,83.33,93.91,3.0,3.0,50.0,56.35,1.0,1.0,16.67,18.78,2.0,2.0,33.33,37.57,1.0,1.0,16.67,18.78,1.0,1.0,16.67,18.78,0.0,0.0,0.0,0.0,0.0,0.0,0.0,0.0,0.0,0.0,0.0,0.0,0.0,0.0,0.0,0.0,2.0,2.0,33.33,37.57,0.0,0.0,0.0,0.0,1.0,1.0,16.67,18.78,0.0,0.0,0.0,0.0,1.0,1.0,16.67,18.78,0.0,0.0,0.0,0.0,0.0,0.0,0.0,0.0,0.0,0.0,0.0,0.0,0.0,0.0,0.0,0.0,33.33,83.33,-50.0,75.13,-3.0,-3.0,-50.0,1.92,1.92,0.33,0.33,0.5,0.0,,0.0,1.0,0.0,1.0,0.67,0.0,0.0,0.0,0.0,0.0
2,新竹御嵿攻城獅,82|87,蕭順議/蔡宸綱,1,1,1.0,8.14,0.14,00:08,8.14,0.14,00:08,0.0,0.0,0.0,0.0,0.0,0.0,0.0,0.0,0.0,0.0,0.0,0.0,0.0,0.0,0.0,0.0,0.0,0.0,0.0,0.0,0.0,0.0,0.0,0.0,0.0,0.0,0.0,0.0,0.0,0.0,0.0,0.0,0.0,0.0,0.0,0.0,0.0,0.0,0.0,0.0,0.0,0.0,0.0,0.0,0.0,0.0,0.0,0.0,0.0,0.0,0.0,0.0,1.0,1.0,100.0,265.42,0.0,0.0,0.0,0.0,0.0,0.0,0.0,0.0,0.0,0.0,0.0,0.0,0.0,0.0,0.0,0.0,0.0,0.0,0.0,0.0,0.0,0.0,0.0,0.0,0.0,0.0,0.0,176.95,0.0,0.0,0.0,0.14,0.14,,,,,,,,0.0,,0.0,0.0,0.0,0.0,0.0,
2,新竹御嵿攻城獅,82|10885,蕭順議/劉丞勳,1,1,1.0,8.14,0.14,00:08,8.14,0.14,00:08,0.0,0.0,0.0,0.0,0.0,0.0,0.0,0.0,0.0,0.0,0.0,0.0,0.0,0.0,0.0,0.0,0.0,0.0,0.0,0.0,0.0,0.0,0.0,0.0,0.0,0.0,0.0,0.0,0.0,0.0,0.0,0.0,0.0,0.0,0.0,0.0,0.0,0.0,0.0,0.0,0.0,0.0,0.0,0.0,0.0,0.0,0.0,0.0,0.0,0.0,0.0,0.0,1.0,1.0,100.0,265.42,0.0,0.0,0.0,0.0,0.0,0.0,0.0,0.0,0.0,0.0,0.0,0.0,0.0,0.0,0.0,0.0,0.0,0.0,0.0,0.0,0.0,0.0,0.0,0.0,0.0,0.0,0.0,176.95,0.0,0.0,0.0,0.14,0.14,,,,,,,,0.0,,0.0,0.0,0.0,0.0,0.0,
2,新竹御嵿攻城獅,82|10887,蕭順議/德魯,1,1,1.0,8.14,0.14,00:08,8.14,0.14,00:08,0.0,0.0,0.0,0.0,0.0,0.0,0.0,0.0,0.0,0.0,0.0,0.0,0.0,0.0,0.0,0.0,0.0,0.0,0.0,0.0,0.0,0.0,0.0,0.0,0.0,0.0,0.0,0.0,0.0,0.0,0.0,0.0,0.0,0.0,0.0,0.0,0.0,0.0,0.0,0.0,0.0,0.0,0.0,0.0,0.0,0.0,0.0,0.0,0.0,0.0,0.0,0.0,1.0,1.0,100.0,265.42,0.0,0.0,0.0,0.0,0.0,0.0,0.0,0.0,0.0,0.0,0.0,0.0,0.0,0.0,0.0,0.0,0.0,0.0,0.0,0.0,0.0,0.0,0.0,0.0,0.0,0.0,0.0,176.95,0.0,0.0,0.0,0.14,0.14,,,,,,,,0.0,,0.0,0.0,0.0,0.0,0.0,
2,新竹御嵿攻城獅,82|14843,蕭順議/馬力,1,1,1.0,8.14,0.14,00:08,8.14,0.14,00:08,0.0,0.0,0.0,0.0,0.0,0.0,0.0,0.0,0.0,0.0,0.0,0.0,0.0,0.0,0.0,0.0,0.0,0.0,0.0,0.0,0.0,0.0,0.0,0.0,0.0,0.0,0.0,0.0,0.0,0.0,0.0,0.0,0.0,0.0,0.0,0.0,0.0,0.0,0.0,0.0,0.0,0.0,0.0,0.0,0.0,0.0,0.0,0.0,0.0,0.0,0.0,0.0,1.0,1.0,100.0,265.42,0.0,0.0,0.0,0.0,0.0,0.0,0.0,0.0,0.0,0.0,0.0,0.0,0.0,0.0,0.0,0.0,0.0,0.0,0.0,0.0,0.0,0.0,0.0,0.0,0.0,0.0,0.0,176.95,0.0,0.0,0.0,0.14,0.14,,,,,,,,0.0,,0.0,0.0,0.0,0.0,0.0,
