lineup_size,team_name,lineup_player_ids,lineup_player_names,games_used,stint_count,possessions,sec_played,min_played,min_played_str,sec_per_game,min_per_game,min_per_game_str,PTS,PTS_per_game,PTS_per100,PTS_per36,PTS_allowed,PTS_allowed_per_game,PTS_allowed_per100,PTS_allowed_per36,FGA,FGA_per_game,FGA_per100,FGA_per36,FGM,FGM_per_game,FGM_per100,FGM_per36,2PA,2PA_per_game,2PA_per100,2PA_per36,2PM,2PM_per_game,2PM_per100,2PM_per36,3PA,3PA_per_game,3PA_per100,3PA_per36,3PM,3PM_per_game,3PM_per100,3PM_per36,FTA,FTA_per_game,FTA_per100,FTA_per36,FTM,FTM_per_game,FTM_per100,FTM_per36,ORB,ORB_per_game,ORB_per100,ORB_per36,DRB,DRB_per_game,DRB_per100,DRB_per36,ORB_allowed,ORB_allowed_per_game,ORB_allowed_per100,ORB_allowed_per36,DRB_allowed,DRB_allowed_per_game,DRB_allowed_per100,DRB_allowed_per36,TOV,TOV_per_game,TOV_per100,TOV_per36,AST,AST_per_game,AST_per100,AST_per36,STL,STL_per_game,STL_per100,STL_per36,BLK,BLK_per_game,BLK_per100,BLK_per36,Fouls,Fouls_per_game,Fouls_per100,Fouls_per36,FT_allowed,FT_allowed_per_game,FT_allowed_per100,FT_allowed_per36,ORtg,DRtg,NetRtg,PACE,PM_total,PM_per_game,PM_per100,MIN_total,MIN_per_game,eFG,TS,FG2_pct,FG3_pct,FT_pct,TOV_pct,AST_ratio,ORB_pct,DRB_pct,TRB_pct,STL_pct,BLK_pct,Foul_per_poss,FT_allowed_rate_per100,FT_rate
4,新北國王,21|25|29|10875,李愷諺/林金榜/林書緯/傑登,5,66,82.0,1032.7,17.21,17:13,206.54,3.44,03:27,32.0,6.4,39.02,66.93,24.0,4.8,29.27,50.2,36.0,7.2,43.9,75.3,11.0,2.2,13.41,23.01,15.0,3.0,18.29,31.37,7.0,1.4,8.54,14.64,21.0,4.2,25.61,43.92,4.0,0.8,4.88,8.37,7.0,1.4,8.54,14.64,6.0,1.2,7.32,12.55,11.0,2.2,13.41,23.01,15.0,3.0,18.29,31.37,4.0,0.8,4.88,8.37,10.0,2.0,12.2,20.92,4.0,0.8,4.88,8.37,7.0,1.4,8.54,14.64,2.0,0.4,2.44,4.18,2.0,0.4,2.44,4.18,7.0,1.4,8.54,14.64,4.0,0.8,4.88,8.37,39.02,29.27,9.76,114.34,8.0,1.6,9.76,17.21,3.44,0.36,0.41,0.47,0.19,0.86,0.09,0.64,0.52,0.79,0.65,2.44,2.44,0.09,4.88,0.19
4,新北國王,21|25|29|10876,李愷諺/林金榜/林書緯/尚迪,1,25,33.0,418.03,6.97,06:58,418.03,6.97,06:58,16.0,16.0,48.48,82.67,9.0,9.0,27.27,46.5,18.0,18.0,54.55,93.01,7.0,7.0,21.21,36.17,9.0,9.0,27.27,46.5,5.0,5.0,15.15,25.84,9.0,9.0,27.27,46.5,2.0,2.0,6.06,10.33,1.0,1.0,3.03,5.17,0.0,0.0,0.0,0.0,6.0,6.0,18.18,31.0,6.0,6.0,18.18,31.0,1.0,1.0,3.03,5.17,4.0,4.0,12.12,20.67,0.0,0.0,0.0,0.0,2.0,2.0,6.06,10.33,0.0,0.0,0.0,0.0,1.0,1.0,3.03,5.17,2.0,2.0,6.06,10.33,2.0,2.0,6.06,10.33,48.48,27.27,21.21,113.67,7.0,7.0,21.21,6.97,6.97,0.44,0.43,0.56,0.22,0.0,0.0,0.29,0.6,0.86,0.71,0.0,3.03,0.06,6.06,0.06
4,新北國王,21|25|10875|10876,李愷諺/林金榜/傑登/尚迪,3,130,157.0,1951.98,32.53,32:32,650.66,10.84,10:51,65.0,21.67,41.4,71.93,66.0,22.0,42.04,73.03,62.0,20.67,39.49,68.61,25.0,8.33,15.92,27.66,36.0,12.0,22.93,39.84,18.0,6.0,11.46,19.92,26.0,8.67,16.56,28.77,7.0,2.33,4.46,7.75,16.0,5.33,10.19,17.71,8.0,2.67,5.1,8.85,14.0,4.67,8.92,15.49,27.0,9.0,17.2,29.88,8.0,2.67,5.1,8.85,23.0,7.67,14.65,25.45,13.0,4.33,8.28,14.39,10.0,3.33,6.37,11.07,9.0,3.0,5.73,9.96,4.0,1.33,2.55,4.43,15.0,5.0,9.55,16.6,15.0,5.0,9.55,16.6,41.4,42.04,-0.64,115.82,-1.0,-0.33,-0.64,32.53,10.84,0.46,0.47,0.5,0.27,0.5,0.16,0.4,0.38,0.77,0.57,5.73,2.55,0.1,9.55,0.26
4,新北國王,21|29|10875|10876,李愷諺/林書緯/傑登/尚迪,4,124,149.0,1958.03,32.63,32:38,489.51,8.16,08:10,60.0,15.0,40.27,66.19,65.0,16.25,43.62,71.7,67.0,16.75,44.97,73.91,25.0,6.25,16.78,27.58,36.0,9.0,24.16,39.71,20.0,5.0,13.42,22.06,31.0,7.75,20.81,34.2,5.0,1.25,3.36,5.52,9.0,2.25,6.04,9.93,4.0,1.0,2.68,4.41,15.0,3.75,10.07,16.55,29.0,7.25,19.46,31.99,7.0,1.75,4.7,7.72,19.0,4.75,12.75,20.96,6.0,1.5,4.03,6.62,16.0,4.0,10.74,17.65,5.0,1.25,3.36,5.52,2.0,0.5,1.34,2.21,11.0,2.75,7.38,12.13,10.0,2.5,6.71,11.03,40.27,43.62,-3.36,109.58,-5.0,-1.25,-3.36,32.63,8.16,0.41,0.42,0.56,0.16,0.44,0.08,0.64,0.44,0.81,0.63,3.36,1.34,0.07,6.71,0.13
4,新北國王,25|29|10875|10876,林金榜/林書緯/傑登/尚迪,1,25,33.0,418.03,6.97,06:58,418.03,6.97,06:58,16.0,16.0,48.48,82.67,9.0,9.0,27.27,46.5,18.0,18.0,54.55,93.01,7.0,7.0,21.21,36.17,9.0,9.0,27.27,46.5,5.0,5.0,15.15,25.84,9.0,9.0,27.27,46.5,2.0,2.0,6.06,10.33,1.0,1.0,3.03,5.17,0.0,0.0,0.0,0.0,6.0,6.0,18.18,31.0,6.0,6.0,18.18,31.0,1.0,1.0,3.03,5.17,4.0,4.0,12.12,20.67,0.0,0.0,0.0,0.0,2.0,2.0,6.06,10.33,0.0,0.0,0.0,0.0,1.0,1.0,3.03,5.17,2.0,2.0,6.06,10.33,2.0,2.0,6.06,10.33,48.48,27.27,21.21,113.67,7.0,7.0,21.21,6.97,6.97,0.44,0.43,0.56,0.22,0.0,0.0,0.29,0.6,0.86,0.71,0.0,3.03,0.06,6.06,0.06
4,高雄全家海神,110|118|121|10892,胡瓏貿/蘇文儒/吳曉謹/詹姆斯,2,30,36.0,467.28,7.79,07:47,233.64,3.89,03:54,12.0,6.0,33.33,55.47,25.0,12.5,69.44,115.56,11.0,5.5,30.56,50.85,5.0,2.5,13.89,23.11,9.0,4.5,25.0,41.6,5.0,2.5,13.89,23.11,2.0,1.0,5.56,9.24,0.0,0.0,0.0,0.0,4.0,2.0,11.11,18.49,2.0,1.0,5.56,9.24,1.0,0.5,2.78,4.62,6.0,3.0,16.67,27.73,3.0,1.5,8.33,13.87,4.0,2.0,11.11,18.49,3.0,1.5,8.33,13.87,2.0,1.0,5.56,9.24,2.0,1.0,5.56,9.24,1.0,0.5,2.78,4.62,2.0,1.0,5.56,9.24,2.0,1.0,5.56,9.24,33.33,69.44,-36.11,110.94,-13.0,-6.5,-36.11,7.79,3.89,0.45,0.47,0.56,0.0,0.5,0.19,0.4,0.2,0.67,0.5,5.56,2.78,0.06,5.56,0.36
4,高雄全家海神,110|118|121|10894,胡瓏貿/蘇文儒/吳曉謹/凱帝,5,123,146.0,1955.48,32.59,32:35,391.1,6.52,06:31,62.0,12.4,42.47,68.48,78.0,15.6,53.42,86.16,46.0,9.2,31.51,50.81,19.0,3.8,13.01,20.99,26.0,5.2,17.81,28.72,13.0,2.6,8.9,14.36,20.0,4.0,13.7,22.09,6.0,1.2,4.11,6.63,22.0,4.4,15.07,24.3,18.0,3.6,12.33,19.88,7.0,1.4,4.79,7.73,22.0,4.4,15.07,24.3,11.0,2.2,7.53,12.15,20.0,4.0,13.7,22.09,11.0,2.2,7.53,12.15,13.0,2.6,8.9,14.36,6.0,1.2,4.11,6.63,2.0,0.4,1.37,2.21,16.0,3.2,10.96,17.67,10.0,2.0,6.85,11.05,42.47,53.42,-10.96,107.51,-16.0,-3.2,-10.96,32.59,6.52,0.48,0.56,0.5,0.3,0.82,0.16,0.68,0.26,0.67,0.48,4.11,1.37,0.11,6.85,0.48
4,高雄全家海神,110|118|10892|10894,胡瓏貿/蘇文儒/詹姆斯/凱帝,4,218,276.0,3564.56,59.41,59:25,891.14,14.85,14:51,111.0,27.75,40.22,67.26,111.0,27.75,40.22,67.26,94.0,23.5,34.06,56.96,43.0,10.75,15.58,26.06,53.0,13.25,19.2,32.12,33.0,8.25,11.96,20.0,41.0,10.25,14.86,24.84,10.0,2.5,3.62,6.06,26.0,6.5,9.42,15.76,15.0,3.75,5.43,9.09,16.0,4.0,5.8,9.7,43.0,10.75,15.58,26.06,26.0,6.5,9.42,15.76,42.0,10.5,15.22,25.45,21.0,5.25,7.61,12.73,15.0,3.75,5.43,9.09,12.0,3.0,4.35,7.27,1.0,0.25,0.36,0.61,27.0,6.75,9.78,16.36,25.0,6.25,9.06,15.15,40.22,40.22,0.0,111.5,0.0,0.0,0.0,59.41,14.85,0.51,0.53,0.62,0.24,0.58,0.17,0.35,0.28,0.62,0.46,4.35,0.36,0.1,9.06,0.28
4,高雄全家海神,110|121|10892|10894,胡瓏貿/吳曉謹/詹姆斯/凱帝,3,55,70.0,856.03,14.27,14:16,285.34,4.76,04:45,21.0,7.0,30.0,52.99,43.0,14.33,61.43,108.5,22.0,7.33,31.43,55.51,9.0,3.0,12.86,22.71,16.0,5.33,22.86,40.37,8.0,2.67,11.43,20.19,6.0,2.0,8.57,15.14,1.0,0.33,1.43,2.52,6.0,2.0,8.57,15.14,2.0,0.67,2.86,5.05,3.0,1.0,4.29,7.57,11.0,3.67,15.71,27.76,8.0,2.67,11.43,20.19,8.0,2.67,11.43,20.19,6.0,2.0,8.57,15.14,4.0,1.33,5.71,10.09,4.0,1.33,5.71,10.09,3.0,1.0,4.29,7.57,3.0,1.0,4.29,7.57,9.0,3.0,12.86,22.71,30.0,61.43,-31.43,117.75,-22.0,-7.33,-31.43,14.27,4.76,0.43,0.43,0.5,0.17,0.33,0.2,0.44,0.27,0.58,0.47,5.71,4.29,0.04,12.86,0.27
4,高雄全家海神,118|121|10892|10894,蘇文儒/吳曉謹/詹姆斯/凱帝,2,40,46.0,618.82,10.31,10:19,309.41,5.16,05:09,19.0,9.5,41.3,66.32,35.0,17.5,76.09,122.17,14.0,7.0,30.43,48.87,6.0,3.0,13.04,20.94,11.0,5.5,23.91,38.4,6.0,3.0,13.04,20.94,3.0,1.5,6.52,10.47,0.0,0.0,0.0,0.0,10.0,5.0,21.74,34.91,7.0,3.5,15.22,24.43,1.0,0.5,2.17,3.49,8.0,4.0,17.39,27.92,3.0,1.5,6.52,10.47,5.0,2.5,10.87,17.45,3.0,1.5,6.52,10.47,4.0,2.0,8.7,13.96,2.0,1.0,4.35,6.98,1.0,0.5,2.17,3.49,5.0,2.5,10.87,17.45,2.0,1.0,4.35,6.98,41.3,76.09,-34.78,107.04,-16.0,-8.0,-34.78,10.31,5.16,0.43,0.52,0.55,0.0,0.7,0.14,0.67,0.17,0.73,0.53,4.35,2.17,0.11,4.35,0.71
4,新北國王,21|24|29|867,李愷諺/蘇士軒/林書緯/桑尼,3,73,84.0,1124.63,18.74,18:45,374.88,6.25,06:15,37.0,12.33,44.05,71.06,42.0,14.0,50.0,80.67,27.0,9.0,32.14,51.86,12.0,4.0,14.29,23.05,14.0,4.67,16.67,26.89,7.0,2.33,8.33,13.44,13.0,4.33,15.48,24.97,5.0,1.67,5.95,9.6,8.0,2.67,9.52,15.36,8.0,2.67,9.52,15.36,5.0,1.67,5.95,9.6,10.0,3.33,11.9,19.21,3.0,1.0,3.57,5.76,10.0,3.33,11.9,19.21,10.0,3.33,11.9,19.21,9.0,3.0,10.71,17.29,3.0,1.0,3.57,5.76,1.0,0.33,1.19,1.92,9.0,3.0,10.71,17.29,7.0,2.33,8.33,13.44,44.05,50.0,-5.95,107.55,-5.0,-1.67,-5.95,18.74,6.25,0.54,0.61,0.5,0.38,1.0,0.25,0.75,0.33,0.77,0.54,3.57,1.19,0.11,8.33,0.3
4,新北國王,21|24|29|10876,李愷諺/蘇士軒/林書緯/尚迪,3,57,67.0,840.74,14.01,14:01,280.25,4.67,04:40,29.0,9.67,43.28,74.51,30.0,10.0,44.78,77.07,27.0,9.0,40.3,69.37,11.0,3.67,16.42,28.26,15.0,5.0,22.39,38.54,9.0,3.0,13.43,23.12,12.0,4.0,17.91,30.83,2.0,0.67,2.99,5.14,6.0,2.0,8.96,15.41,5.0,1.67,7.46,12.85,5.0,1.67,7.46,12.85,12.0,4.0,17.91,30.83,5.0,1.67,7.46,12.85,8.0,2.67,11.94,20.55,5.0,1.67,7.46,12.85,8.0,2.67,11.94,20.55,2.0,0.67,2.99,5.14,0.0,0.0,0.0,0.0,4.0,1.33,5.97,10.28,4.0,1.33,5.97,10.28,43.28,44.78,-1.49,114.76,-1.0,-0.33,-1.49,14.01,4.67,0.44,0.49,0.6,0.17,0.83,0.14,0.73,0.38,0.71,0.57,2.99,0.0,0.06,5.97,0.22
4,新北國王,21|24|867|10876,李愷諺/蘇士軒/桑尼/尚迪,3,46,52.0,683.06,11.38,11:23,227.69,3.79,03:48,26.0,8.67,50.0,82.22,26.0,8.67,50.0,82.22,20.0,6.67,38.46,63.24,9.0,3.0,17.31,28.46,12.0,4.0,23.08,37.95,7.0,2.33,13.46,22.14,8.0,2.67,15.38,25.3,2.0,0.67,3.85,6.32,6.0,2.0,11.54,18.97,6.0,2.0,11.54,18.97,3.0,1.0,5.77,9.49,8.0,2.67,15.38,25.3,3.0,1.0,5.77,9.49,7.0,2.33,13.46,22.14,3.0,1.0,5.77,9.49,5.0,1.67,9.62,15.81,0.0,0.0,0.0,0.0,0.0,0.0,0.0,0.0,4.0,1.33,7.69,12.65,7.0,2.33,13.46,22.14,50.0,50.0,0.0,109.62,0.0,0.0,0.0,11.38,3.79,0.5,0.57,0.58,0.25,1.0,0.12,0.56,0.3,0.73,0.52,0.0,0.0,0.08,13.46,0.3
4,新北國王,21|29|867|10876,李愷諺/林書緯/桑尼/尚迪,2,63,78.0,892.86,14.88,14:53,446.43,7.44,07:26,30.0,15.0,38.46,72.58,33.0,16.5,42.31,79.83,25.0,12.5,32.05,60.48,10.0,5.0,12.82,24.19,15.0,7.5,19.23,36.29,8.0,4.0,10.26,19.35,10.0,5.0,12.82,24.19,2.0,1.0,2.56,4.84,10.0,5.0,12.82,24.19,8.0,4.0,10.26,19.35,7.0,3.5,8.97,16.93,9.0,4.5,11.54,21.77,5.0,2.5,6.41,12.1,10.0,5.0,12.82,24.19,9.0,4.5,11.54,21.77,7.0,3.5,8.97,16.93,4.0,2.0,5.13,9.68,2.0,1.0,2.56,4.84,7.0,3.5,8.97,16.93,8.0,4.0,10.26,19.35,38.46,42.31,-3.85,125.8,-3.0,-1.5,-3.85,14.88,7.44,0.44,0.51,0.53,0.2,0.8,0.23,0.7,0.41,0.64,0.52,5.13,2.56,0.09,10.26,0.4
4,新北國王,24|29|867|10876,蘇士軒/林書緯/桑尼/尚迪,2,49,61.0,776.14,12.94,12:56,388.07,6.47,06:28,19.0,9.5,31.15,52.88,32.0,16.0,52.46,89.06,20.0,10.0,32.79,55.66,6.0,3.0,9.84,16.7,10.0,5.0,16.39,27.83,3.0,1.5,4.92,8.35,10.0,5.0,16.39,27.83,3.0,1.5,4.92,8.35,4.0,2.0,6.56,11.13,4.0,2.0,6.56,11.13,5.0,2.5,8.2,13.91,9.0,4.5,14.75,25.05,6.0,3.0,9.84,16.7,6.0,3.0,9.84,16.7,7.0,3.5,11.48,19.48,5.0,2.5,8.2,13.91,2.0,1.0,3.28,5.57,1.0,0.5,1.64,2.78,3.0,1.5,4.92,8.35,13.0,6.5,21.31,36.18,31.15,52.46,-21.31,113.17,-13.0,-6.5,-21.31,12.94,6.47,0.38,0.44,0.3,0.3,1.0,0.24,0.83,0.45,0.6,0.54,3.28,1.64,0.05,21.31,0.2
4,高雄全家海神,109|110|118|10892,于煥亞/胡瓏貿/蘇文儒/詹姆斯,4,133,172.0,2136.79,35.61,35:37,534.2,8.9,08:54,75.0,18.75,43.6,75.81,64.0,16.0,37.21,64.7,62.0,15.5,36.05,62.67,29.0,7.25,16.86,29.31,32.0,8.0,18.6,32.35,24.0,6.0,13.95,24.26,30.0,7.5,17.44,30.33,5.0,1.25,2.91,5.05,18.0,4.5,10.47,18.2,12.0,3.0,6.98,12.13,13.0,3.25,7.56,13.14,25.0,6.25,14.53,25.27,16.0,4.0,9.3,16.17,21.0,5.25,12.21,21.23,11.0,2.75,6.4,11.12,8.0,2.0,4.65,8.09,6.0,1.5,3.49,6.07,0.0,0.0,0.0,0.0,17.0,4.25,9.88,17.18,26.0,6.5,15.12,26.28,43.6,37.21,6.4,115.91,11.0,2.75,6.4,35.61,8.9,0.51,0.54,0.75,0.17,0.67,0.14,0.28,0.38,0.61,0.51,3.49,0.0,0.1,15.12,0.29
4,高雄全家海神,109|110|118|10894,于煥亞/胡瓏貿/蘇文儒/凱帝,8,174,212.0,2856.22,47.6,47:36,357.03,5.95,05:57,98.0,12.25,46.23,74.11,83.0,10.38,39.15,62.77,73.0,9.12,34.43,55.21,35.0,4.38,16.51,26.47,38.0,4.75,17.92,28.74,28.0,3.5,13.21,21.17,35.0,4.38,16.51,26.47,7.0,0.88,3.3,5.29,26.0,3.25,12.26,19.66,22.0,2.75,10.38,16.64,13.0,1.62,6.13,9.83,29.0,3.62,13.68,21.93,17.0,2.12,8.02,12.86,31.0,3.88,14.62,23.44,18.0,2.25,8.49,13.61,18.0,2.25,8.49,13.61,8.0,1.0,3.77,6.05,2.0,0.25,0.94,1.51,26.0,3.25,12.26,19.66,25.0,3.12,11.79,18.91,46.23,39.15,7.08,106.88,15.0,1.88,7.08,47.6,5.95,0.53,0.58,0.74,0.2,0.85,0.18,0.51,0.3,0.63,0.47,3.77,0.94,0.12,11.79,0.36
4,高雄全家海神,109|110|10892|10894,于煥亞/胡瓏貿/詹姆斯/凱帝,4,129,165.0,2008.99,33.48,33:29,502.25,8.37,08:22,58.0,14.5,35.15,62.36,60.0,15.0,36.36,64.51,54.0,13.5,32.73,58.06,25.0,6.25,15.15,26.88,31.0,7.75,18.79,33.33,22.0,5.5,13.33,23.65,23.0,5.75,13.94,24.73,3.0,0.75,1.82,3.23,8.0,2.0,4.85,8.6,5.0,1.25,3.03,5.38,9.0,2.25,5.45,9.68,22.0,5.5,13.33,23.65,21.0,5.25,12.73,22.58,22.0,5.5,13.33,23.65,17.0,4.25,10.3,18.28,7.0,1.75,4.24,7.53,11.0,2.75,6.67,11.83,1.0,0.25,0.61,1.08,13.0,3.25,7.88,13.98,17.0,4.25,10.3,18.28,35.15,36.36,-1.21,118.27,-2.0,-0.5,-1.21,33.48,8.37,0.49,0.5,0.71,0.13,0.62,0.23,0.28,0.29,0.51,0.42,6.67,0.61,0.08,10.3,0.15
4,高雄全家海神,109|118|10892|10894,于煥亞/蘇文儒/詹姆斯/凱帝,4,96,123.0,1563.56,26.06,26:04,390.89,6.51,06:31,49.0,12.25,39.84,67.69,40.0,10.0,32.52,55.26,45.0,11.25,36.59,62.17,20.0,5.0,16.26,27.63,25.0,6.25,20.33,34.54,16.0,4.0,13.01,22.1,20.0,5.0,16.26,27.63,4.0,1.0,3.25,5.53,8.0,2.0,6.5,11.05,5.0,1.25,4.07,6.91,10.0,2.5,8.13,13.81,18.0,4.5,14.63,24.87,12.0,3.0,9.76,16.58,19.0,4.75,15.45,26.25,10.0,2.5,8.13,13.81,7.0,1.75,5.69,9.67,5.0,1.25,4.07,6.91,1.0,0.25,0.81,1.38,11.0,2.75,8.94,15.2,18.0,4.5,14.63,24.87,39.84,32.52,7.32,113.28,9.0,2.25,7.32,26.06,6.51,0.49,0.5,0.64,0.2,0.62,0.17,0.35,0.34,0.6,0.47,4.07,0.81,0.09,14.63,0.18
4,新北國王,21|24|867|10872,李愷諺/蘇士軒/桑尼/林彥廷,3,26,31.0,423.72,7.06,07:04,141.24,2.35,02:21,14.0,4.67,45.16,71.37,12.0,4.0,38.71,61.17,14.0,4.67,45.16,71.37,6.0,2.0,19.35,30.59,8.0,2.67,25.81,40.78,4.0,1.33,12.9,20.39,6.0,2.0,19.35,30.59,2.0,0.67,6.45,10.2,2.0,0.67,6.45,10.2,0.0,0.0,0.0,0.0,4.0,1.33,12.9,20.39,5.0,1.67,16.13,25.49,1.0,0.33,3.23,5.1,6.0,2.0,19.35,30.59,1.0,0.33,3.23,5.1,4.0,1.33,12.9,20.39,1.0,0.33,3.23,5.1,0.0,0.0,0.0,0.0,2.0,0.67,6.45,10.2,4.0,1.33,12.9,20.39,45.16,38.71,6.45,105.35,2.0,0.67,6.45,7.06,2.35,0.5,0.47,0.5,0.33,0.0,0.06,0.67,0.4,0.83,0.56,3.23,0.0,0.06,12.9,0.14
4,新北國王,21|24|10872|10876,李愷諺/蘇士軒/林彥廷/尚迪,3,24,28.0,347.89,5.8,05:48,115.96,1.93,01:56,10.0,3.33,35.71,62.09,14.0,4.67,50.0,86.92,9.0,3.0,32.14,55.88,3.0,1.0,10.71,18.63,4.0,1.33,14.29,24.84,2.0,0.67,7.14,12.42,5.0,1.67,17.86,31.04,1.0,0.33,3.57,6.21,3.0,1.0,10.71,18.63,3.0,1.0,10.71,18.63,2.0,0.67,7.14,12.42,4.0,1.33,14.29,24.84,1.0,0.33,3.57,6.21,3.0,1.0,10.71,18.63,2.0,0.67,7.14,12.42,2.0,0.67,7.14,12.42,1.0,0.33,3.57,6.21,0.0,0.0,0.0,0.0,2.0,0.67,7.14,12.42,3.0,1.0,10.71,18.63,35.71,50.0,-14.29,115.9,-4.0,-1.33,-14.29,5.8,1.93,0.39,0.48,0.5,0.2,1.0,0.16,0.67,0.4,0.8,0.6,3.57,0.0,0.07,10.71,0.33
4,新北國王,21|867|10872|10876,李愷諺/桑尼/林彥廷/尚迪,3,37,46.0,536.88,8.95,08:57,178.96,2.98,02:59,17.0,5.67,36.96,68.39,14.0,4.67,30.43,56.33,18.0,6.0,39.13,72.42,5.0,1.67,10.87,20.12,10.0,3.33,21.74,40.23,4.0,1.33,8.7,16.09,8.0,2.67,17.39,32.19,1.0,0.33,2.17,4.02,8.0,2.67,17.39,32.19,6.0,2.0,13.04,24.14,7.0,2.33,15.22,28.16,7.0,2.33,15.22,28.16,1.0,0.33,2.17,4.02,6.0,2.0,13.04,24.14,3.0,1.0,6.52,12.07,2.0,0.67,4.35,8.05,0.0,0.0,0.0,0.0,1.0,0.33,2.17,4.02,6.0,2.0,13.04,24.14,3.0,1.0,6.52,12.07,36.96,30.43,6.52,123.38,3.0,1.0,6.52,8.95,2.98,0.31,0.39,0.4,0.12,0.75,0.12,0.4,0.54,0.88,0.67,0.0,2.17,0.13,6.52,0.44
4,新北國王,24|867|10872|10876,蘇士軒/桑尼/林彥廷/尚迪,3,39,51.0,665.12,11.09,11:05,221.71,3.7,03:42,16.0,5.33,31.37,51.96,26.0,8.67,50.98,84.44,20.0,6.67,39.22,64.95,6.0,2.0,11.76,19.49,11.0,3.67,21.57,35.72,4.0,1.33,7.84,12.99,9.0,3.0,17.65,29.23,2.0,0.67,3.92,6.5,2.0,0.67,3.92,6.5,2.0,0.67,3.92,6.5,7.0,2.33,13.73,22.73,7.0,2.33,13.73,22.73,4.0,1.33,7.84,12.99,5.0,1.67,9.8,16.24,4.0,1.33,7.84,12.99,2.0,0.67,3.92,6.5,2.0,0.67,3.92,6.5,1.0,0.33,1.96,3.25,4.0,1.33,7.84,12.99,10.0,3.33,19.61,32.48,31.37,50.98,-19.61,110.42,-10.0,-3.33,-19.61,11.09,3.7,0.35,0.38,0.36,0.22,1.0,0.16,0.33,0.58,0.64,0.61,3.92,1.96,0.08,19.61,0.1
4,新北國王,21|24|867|10875,李愷諺/蘇士軒/桑尼/傑登,3,79,97.0,1287.11,21.45,21:27,429.04,7.15,07:09,52.0,17.33,53.61,87.27,42.0,14.0,43.3,70.48,39.0,13.0,40.21,65.45,19.0,6.33,19.59,31.89,21.0,7.0,21.65,35.24,11.0,3.67,11.34,18.46,18.0,6.0,18.56,30.21,8.0,2.67,8.25,13.43,8.0,2.67,8.25,13.43,6.0,2.0,6.19,10.07,10.0,3.33,10.31,16.78,11.0,3.67,11.34,18.46,3.0,1.0,3.09,5.03,15.0,5.0,15.46,25.17,6.0,2.0,6.19,10.07,12.0,4.0,12.37,20.14,4.0,1.33,4.12,6.71,2.0,0.67,2.06,3.36,12.0,4.0,12.37,20.14,11.0,3.67,11.34,18.46,53.61,43.3,10.31,108.52,10.0,3.33,10.31,21.45,7.15,0.59,0.61,0.52,0.44,0.75,0.12,0.63,0.4,0.79,0.54,4.12,2.06,0.12,11.34,0.21
4,新北國王,21|24|10872|10875,李愷諺/蘇士軒/林彥廷/傑登,8,105,130.0,1690.14,28.17,28:10,211.27,3.52,03:31,60.0,7.5,46.15,76.68,63.0,7.88,48.46,80.51,52.0,6.5,40.0,66.46,22.0,2.75,16.92,28.12,34.0,4.25,26.15,43.45,15.0,1.88,11.54,19.17,18.0,2.25,13.85,23.0,7.0,0.88,5.38,8.95,15.0,1.88,11.54,19.17,9.0,1.12,6.92,11.5,15.0,1.88,11.54,19.17,16.0,2.0,12.31,20.45,5.0,0.62,3.85,6.39,19.0,2.38,14.62,24.28,6.0,0.75,4.62,7.67,15.0,1.88,11.54,19.17,4.0,0.5,3.08,5.11,1.0,0.12,0.77,1.28,8.0,1.0,6.15,10.22,19.0,2.38,14.62,24.28,46.15,48.46,-2.31,110.76,-3.0,-0.38,-2.31,28.17,3.52,0.49,0.51,0.44,0.39,0.6,0.09,0.68,0.44,0.76,0.56,3.08,0.77,0.06,14.62,0.29
4,新北國王,21|867|10872|10875,李愷諺/桑尼/林彥廷/傑登,5,170,211.0,2567.52,42.79,42:48,513.5,8.56,08:34,94.0,18.8,44.55,79.08,70.0,14.0,33.18,58.89,78.0,15.6,36.97,65.62,34.0,6.8,16.11,28.6,48.0,9.6,22.75,40.38,22.0,4.4,10.43,18.51,30.0,6.0,14.22,25.24,12.0,2.4,5.69,10.1,23.0,4.6,10.9,19.35,14.0,2.8,6.64,11.78,20.0,4.0,9.48,16.83,31.0,6.2,14.69,26.08,11.0,2.2,5.21,9.25,35.0,7.0,16.59,29.44,17.0,3.4,8.06,14.3,24.0,4.8,11.37,20.19,9.0,1.8,4.27,7.57,3.0,0.6,1.42,2.52,16.0,3.2,7.58,13.46,15.0,3.0,7.11,12.62,44.55,33.18,11.37,118.34,24.0,4.8,11.37,42.79,8.56,0.51,0.53,0.46,0.4,0.61,0.16,0.71,0.36,0.74,0.53,4.27,1.42,0.08,7.11,0.29
4,新北國王,24|867|10872|10875,蘇士軒/桑尼/林彥廷/傑登,2,17,20.0,277.38,4.62,04:37,138.69,2.31,02:19,10.0,5.0,50.0,77.87,7.0,3.5,35.0,54.51,8.0,4.0,40.0,62.3,4.0,2.0,20.0,31.15,5.0,2.5,25.0,38.94,2.0,1.0,10.0,15.57,3.0,1.5,15.0,23.36,2.0,1.0,10.0,15.57,2.0,1.0,10.0,15.57,0.0,0.0,0.0,0.0,2.0,1.0,10.0,15.57,3.0,1.5,15.0,23.36,1.0,0.5,5.0,7.79,5.0,2.5,25.0,38.94,1.0,0.5,5.0,7.79,4.0,2.0,20.0,31.15,1.0,0.5,5.0,7.79,0.0,0.0,0.0,0.0,1.0,0.5,5.0,7.79,3.0,1.5,15.0,23.36,50.0,35.0,15.0,103.83,3.0,1.5,15.0,4.62,2.31,0.62,0.56,0.4,0.67,0.0,0.1,1.0,0.29,0.75,0.45,5.0,0.0,0.05,15.0,0.25
4,新北國王,21|22|867|10872,李愷諺/簡祐哲/桑尼/林彥廷,5,63,85.0,1007.28,16.79,16:47,201.46,3.36,03:21,37.0,7.4,43.53,79.34,33.0,6.6,38.82,70.77,29.0,5.8,34.12,62.19,13.0,2.6,15.29,27.88,17.0,3.4,20.0,36.45,8.0,1.6,9.41,17.16,12.0,2.4,14.12,25.73,5.0,1.0,5.88,10.72,13.0,2.6,15.29,27.88,6.0,1.2,7.06,12.87,8.0,1.6,9.41,17.16,11.0,2.2,12.94,23.59,7.0,1.4,8.24,15.01,11.0,2.2,12.94,23.59,7.0,1.4,8.24,15.01,10.0,2.0,11.76,21.44,2.0,0.4,2.35,4.29,1.0,0.2,1.18,2.14,8.0,1.6,9.41,17.16,7.0,1.4,8.24,15.01,43.53,38.82,4.71,121.52,4.0,0.8,4.71,16.79,3.36,0.53,0.53,0.47,0.42,0.46,0.17,0.77,0.42,0.61,0.51,2.35,1.18,0.09,8.24,0.45
4,新北國王,21|22|867|10875,李愷諺/簡祐哲/桑尼/傑登,5,84,104.0,1226.64,20.44,20:27,245.33,4.09,04:05,42.0,8.4,40.38,73.96,55.0,11.0,52.88,96.85,36.0,7.2,34.62,63.39,15.0,3.0,14.42,26.41,20.0,4.0,19.23,35.22,9.0,1.8,8.65,15.85,16.0,3.2,15.38,28.17,6.0,1.2,5.77,10.57,12.0,2.4,11.54,21.13,6.0,1.2,5.77,10.57,10.0,2.0,9.62,17.61,15.0,3.0,14.42,26.41,6.0,1.2,5.77,10.57,10.0,2.0,9.62,17.61,10.0,2.0,9.62,17.61,10.0,2.0,9.62,17.61,5.0,1.0,4.81,8.8,2.0,0.4,1.92,3.52,9.0,1.8,8.65,15.85,10.0,2.0,9.62,17.61,40.38,52.88,-12.5,122.09,-13.0,-2.6,-12.5,20.44,4.09,0.5,0.51,0.45,0.38,0.5,0.2,0.67,0.5,0.71,0.61,4.81,1.92,0.09,9.62,0.33
4,新北國王,21|22|10872|10875,李愷諺/簡祐哲/林彥廷/傑登,7,139,177.0,2062.92,34.38,34:23,294.7,4.91,04:55,77.0,11.0,43.5,80.62,55.0,7.86,31.07,57.59,68.0,9.71,38.42,71.2,30.0,4.29,16.95,31.41,47.0,6.71,26.55,49.21,24.0,3.43,13.56,25.13,21.0,3.0,11.86,21.99,6.0,0.86,3.39,6.28,17.0,2.43,9.6,17.8,9.0,1.29,5.08,9.42,18.0,2.57,10.17,18.85,25.0,3.57,14.12,26.18,8.0,1.14,4.52,8.38,26.0,3.71,14.69,27.22,14.0,2.0,7.91,14.66,13.0,1.86,7.34,13.61,6.0,0.86,3.39,6.28,4.0,0.57,2.26,4.19,12.0,1.71,6.78,12.56,12.0,1.71,6.78,12.56,43.5,31.07,12.43,123.55,22.0,3.14,12.43,34.38,4.91,0.49,0.51,0.51,0.29,0.53,0.16,0.43,0.41,0.76,0.56,3.39,2.26,0.07,6.78,0.25
4,新北國王,22|867|10872|10875,簡祐哲/桑尼/林彥廷/傑登,4,55,71.0,836.91,13.95,13:57,209.23,3.49,03:29,27.0,6.75,38.03,69.69,26.0,6.5,36.62,67.1,25.0,6.25,35.21,64.52,10.0,2.5,14.08,25.81,13.0,3.25,18.31,33.55,6.0,1.5,8.45,15.49,12.0,3.0,16.9,30.97,4.0,1.0,5.63,10.32,7.0,1.75,9.86,18.07,3.0,0.75,4.23,7.74,6.0,1.5,8.45,15.49,12.0,3.0,16.9,30.97,5.0,1.25,7.04,12.9,8.0,2.0,11.27,20.65,7.0,1.75,9.86,18.07,6.0,1.5,8.45,15.49,2.0,0.5,2.82,5.16,1.0,0.25,1.41,2.58,6.0,1.5,8.45,15.49,4.0,1.0,5.63,10.32,38.03,36.62,1.41,122.16,1.0,0.25,1.41,13.95,3.49,0.48,0.48,0.46,0.33,0.43,0.2,0.6,0.43,0.71,0.58,2.82,1.41,0.08,5.63,0.28
4,高雄全家海神,109|110|121|10892,于煥亞/胡瓏貿/吳曉謹/詹姆斯,1,9,13.0,126.71,2.11,02:07,126.71,2.11,02:07,2.0,2.0,15.38,34.09,8.0,8.0,61.54,136.38,3.0,3.0,23.08,51.14,1.0,1.0,7.69,17.05,3.0,3.0,23.08,51.14,1.0,1.0,7.69,17.05,0.0,0.0,0.0,0.0,0.0,0.0,0.0,0.0,0.0,0.0,0.0,0.0,0.0,0.0,0.0,0.0,0.0,0.0,0.0,0.0,1.0,1.0,7.69,17.05,3.0,3.0,23.08,51.14,0.0,0.0,0.0,0.0,2.0,2.0,15.38,34.09,0.0,0.0,0.0,0.0,2.0,2.0,15.38,34.09,1.0,1.0,7.69,17.05,0.0,0.0,0.0,0.0,2.0,2.0,15.38,34.09,15.38,61.54,-46.15,147.74,-6.0,-6.0,-46.15,2.11,2.11,0.33,0.33,0.33,,,0.4,0.0,,0.25,0.25,15.38,7.69,0.0,15.38,0.0
4,高雄全家海神,109|110|121|10894,于煥亞/胡瓏貿/吳曉謹/凱帝,3,35,46.0,542.11,9.04,09:02,180.7,3.01,03:01,16.0,5.33,34.78,63.75,24.0,8.0,52.17,95.63,14.0,4.67,30.43,55.78,5.0,1.67,10.87,19.92,9.0,3.0,19.57,35.86,3.0,1.0,6.52,11.95,5.0,1.67,10.87,19.92,2.0,0.67,4.35,7.97,4.0,1.33,8.7,15.94,4.0,1.33,8.7,15.94,2.0,0.67,4.35,7.97,4.0,1.33,8.7,15.94,6.0,2.0,13.04,23.91,4.0,1.33,8.7,15.94,6.0,2.0,13.04,23.91,1.0,0.33,2.17,3.98,5.0,1.67,10.87,19.92,2.0,0.67,4.35,7.97,4.0,1.33,8.7,15.94,7.0,2.33,15.22,27.89,34.78,52.17,-17.39,122.19,-8.0,-2.67,-17.39,9.04,3.01,0.43,0.51,0.33,0.4,1.0,0.28,0.2,0.33,0.4,0.38,10.87,4.35,0.09,15.22,0.29
4,高雄全家海神,109|121|10892|10894,于煥亞/吳曉謹/詹姆斯/凱帝,1,13,17.0,168.71,2.81,02:49,168.71,2.81,02:49,3.0,3.0,17.65,38.41,9.0,9.0,52.94,115.23,4.0,4.0,23.53,51.21,1.0,1.0,5.88,12.8,3.0,3.0,17.65,38.41,1.0,1.0,5.88,12.8,1.0,1.0,5.88,12.8,0.0,0.0,0.0,0.0,2.0,2.0,11.76,25.61,1.0,1.0,5.88,12.8,0.0,0.0,0.0,0.0,3.0,3.0,17.65,38.41,3.0,3.0,17.65,38.41,1.0,1.0,5.88,12.8,2.0,2.0,11.76,25.61,0.0,0.0,0.0,0.0,2.0,2.0,11.76,25.61,1.0,1.0,5.88,12.8,1.0,1.0,5.88,12.8,4.0,4.0,23.53,51.21,17.65,52.94,-35.29,145.1,-6.0,-6.0,-35.29,2.81,2.81,0.25,0.31,0.33,0.0,0.5,0.29,0.0,0.0,0.5,0.43,11.76,5.88,0.06,23.53,0.5
4,高雄全家海神,109|116|121|122,于煥亞/呂威霆/吳曉謹/陳懷安,1,5,7.0,84.22,1.4,01:24,84.22,1.4,01:24,2.0,2.0,28.57,51.3,4.0,4.0,57.14,102.59,2.0,2.0,28.57,51.3,1.0,1.0,14.29,25.65,1.0,1.0,14.29,25.65,1.0,1.0,14.29,25.65,1.0,1.0,14.29,25.65,0.0,0.0,0.0,0.0,2.0,2.0,28.57,51.3,0.0,0.0,0.0,0.0,0.0,0.0,0.0,0.0,2.0,2.0,28.57,51.3,0.0,0.0,0.0,0.0,2.0,2.0,28.57,51.3,0.0,0.0,0.0,0.0,0.0,0.0,0.0,0.0,0.0,0.0,0.0,0.0,0.0,0.0,0.0,0.0,2.0,2.0,28.57,51.3,2.0,2.0,28.57,51.3,28.57,57.14,-28.57,119.69,-2.0,-2.0,-28.57,1.4,1.4,0.5,0.35,1.0,0.0,0.0,0.0,0.0,0.0,1.0,0.5,0.0,0.0,0.29,28.57,1.0
4,高雄全家海神,109|116|121|10894,于煥亞/呂威霆/吳曉謹/凱帝,1,7,9.0,101.47,1.69,01:41,101.47,1.69,01:41,3.0,3.0,33.33,63.86,2.0,2.0,22.22,42.57,3.0,3.0,33.33,63.86,1.0,1.0,11.11,21.29,1.0,1.0,11.11,21.29,1.0,1.0,11.11,21.29,2.0,2.0,22.22,42.57,0.0,0.0,0.0,0.0,2.0,2.0,22.22,42.57,1.0,1.0,11.11,21.29,0.0,0.0,0.0,0.0,3.0,3.0,33.33,63.86,0.0,0.0,0.0,0.0,3.0,3.0,33.33,63.86,0.0,0.0,0.0,0.0,0.0,0.0,0.0,0.0,0.0,0.0,0.0,0.0,0.0,0.0,0.0,0.0,2.0,2.0,22.22,42.57,4.0,4.0,44.44,85.15,33.33,22.22,11.11,127.72,1.0,1.0,11.11,1.69,1.69,0.33,0.39,1.0,0.0,0.5,0.0,0.0,0.0,1.0,0.5,0.0,0.0,0.22,44.44,0.67
4,高雄全家海神,109|116|122|10894,于煥亞/呂威霆/陳懷安/凱帝,3,25,30.0,402.84,6.71,06:43,134.28,2.24,02:14,14.0,4.67,46.67,75.07,11.0,3.67,36.67,58.98,10.0,3.33,33.33,53.62,4.0,1.33,13.33,21.45,4.0,1.33,13.33,21.45,1.0,0.33,3.33,5.36,6.0,2.0,20.0,32.17,3.0,1.0,10.0,16.09,6.0,2.0,20.0,32.17,5.0,1.67,16.67,26.81,0.0,0.0,0.0,0.0,6.0,2.0,20.0,32.17,1.0,0.33,3.33,5.36,7.0,2.33,23.33,37.53,1.0,0.33,3.33,5.36,2.0,0.67,6.67,10.72,0.0,0.0,0.0,0.0,0.0,0.0,0.0,0.0,7.0,2.33,23.33,37.53,8.0,2.67,26.67,42.9,46.67,36.67,10.0,107.24,3.0,1.0,10.0,6.71,2.24,0.55,0.55,0.25,0.5,0.83,0.07,0.5,0.0,0.86,0.43,0.0,0.0,0.23,26.67,0.6
4,高雄全家海神,109|121|122|10894,于煥亞/吳曉謹/陳懷安/凱帝,3,40,55.0,641.79,10.7,10:42,213.93,3.57,03:34,21.0,7.0,38.18,70.68,24.0,8.0,43.64,80.77,13.0,4.33,23.64,43.75,8.0,2.67,14.55,26.92,6.0,2.0,10.91,20.19,4.0,1.33,7.27,13.46,7.0,2.33,12.73,23.56,4.0,1.33,7.27,13.46,1.0,0.33,1.82,3.37,1.0,0.33,1.82,3.37,1.0,0.33,1.82,3.37,4.0,1.33,7.27,13.46,5.0,1.67,9.09,16.83,6.0,2.0,10.91,20.19,9.0,3.0,16.36,30.29,3.0,1.0,5.45,10.1,6.0,2.0,10.91,20.19,0.0,0.0,0.0,0.0,6.0,2.0,10.91,20.19,8.0,2.67,14.55,26.92,38.18,43.64,-5.45,123.41,-3.0,-1.0,-5.45,10.7,3.57,0.77,0.78,0.67,0.57,1.0,0.4,0.38,0.14,0.44,0.31,10.91,0.0,0.11,14.55,0.08
4,高雄全家海神,116|121|122|10894,呂威霆/吳曉謹/陳懷安/凱帝,1,14,21.0,210.05,3.5,03:30,210.05,3.5,03:30,5.0,5.0,23.81,51.42,11.0,11.0,52.38,113.12,4.0,4.0,19.05,41.13,2.0,2.0,9.52,20.57,1.0,1.0,4.76,10.28,1.0,1.0,4.76,10.28,3.0,3.0,14.29,30.85,1.0,1.0,4.76,10.28,2.0,2.0,9.52,20.57,0.0,0.0,0.0,0.0,0.0,0.0,0.0,0.0,3.0,3.0,14.29,30.85,1.0,1.0,4.76,10.28,4.0,4.0,19.05,41.13,2.0,2.0,9.52,20.57,0.0,0.0,0.0,0.0,1.0,1.0,4.76,10.28,0.0,0.0,0.0,0.0,4.0,4.0,19.05,41.13,6.0,6.0,28.57,61.7,23.81,52.38,-28.57,143.97,-6.0,-6.0,-28.57,3.5,3.5,0.62,0.51,1.0,0.33,0.0,0.29,0.0,0.0,0.75,0.38,4.76,0.0,0.19,28.57,0.5
4,新北國王,22|29|867|10872,簡祐哲/林書緯/桑尼/林彥廷,2,13,15.0,179.75,3.0,03:00,89.87,1.5,01:30,11.0,5.5,73.33,132.19,5.0,2.5,33.33,60.08,6.0,3.0,40.0,72.1,5.0,2.5,33.33,60.08,5.0,2.5,33.33,60.08,4.0,2.0,26.67,48.07,1.0,0.5,6.67,12.02,1.0,0.5,6.67,12.02,0.0,0.0,0.0,0.0,0.0,0.0,0.0,0.0,0.0,0.0,0.0,0.0,1.0,0.5,6.67,12.02,1.0,0.5,6.67,12.02,2.0,1.0,13.33,24.03,1.0,0.5,6.67,12.02,5.0,2.5,33.33,60.08,1.0,0.5,6.67,12.02,0.0,0.0,0.0,0.0,0.0,0.0,0.0,0.0,4.0,2.0,26.67,48.07,73.33,33.33,40.0,120.17,6.0,3.0,40.0,3.0,1.5,0.92,0.92,0.8,1.0,,0.14,1.0,0.0,0.5,0.25,6.67,0.0,0.0,26.67,0.0
4,新北國王,22|29|867|10875,簡祐哲/林書緯/桑尼/傑登,2,14,15.0,156.13,2.6,02:36,78.07,1.3,01:18,5.0,2.5,33.33,69.17,12.0,6.0,80.0,166.01,4.0,2.0,26.67,55.34,2.0,1.0,13.33,27.67,2.0,1.0,13.33,27.67,1.0,0.5,6.67,13.83,2.0,1.0,13.33,27.67,1.0,0.5,6.67,13.83,2.0,1.0,13.33,27.67,0.0,0.0,0.0,0.0,0.0,0.0,0.0,0.0,3.0,1.5,20.0,41.5,1.0,0.5,6.67,13.83,2.0,1.0,13.33,27.67,1.0,0.5,6.67,13.83,1.0,0.5,6.67,13.83,1.0,0.5,6.67,13.83,0.0,0.0,0.0,0.0,0.0,0.0,0.0,0.0,5.0,2.5,33.33,69.17,33.33,80.0,-46.67,138.34,-7.0,-3.5,-46.67,2.6,1.3,0.62,0.51,0.5,0.5,0.0,0.17,0.5,0.0,0.75,0.5,6.67,0.0,0.0,33.33,0.5
4,新北國王,22|29|10872|10875,簡祐哲/林書緯/林彥廷/傑登,5,40,43.0,626.22,10.44,10:26,125.24,2.09,02:05,17.0,3.4,39.53,58.64,17.0,3.4,39.53,58.64,17.0,3.4,39.53,58.64,6.0,1.2,13.95,20.7,8.0,1.6,18.6,27.59,2.0,0.4,4.65,6.9,9.0,1.8,20.93,31.04,4.0,0.8,9.3,13.8,1.0,0.2,2.33,3.45,1.0,0.2,2.33,3.45,2.0,0.4,4.65,6.9,9.0,1.8,20.93,31.04,1.0,0.2,2.33,3.45,8.0,1.6,18.6,27.59,3.0,0.6,6.98,10.35,5.0,1.0,11.63,17.25,1.0,0.2,2.33,3.45,0.0,0.0,0.0,0.0,5.0,1.0,11.63,17.25,12.0,2.4,27.91,41.39,39.53,39.53,0.0,98.88,0.0,0.0,0.0,10.44,2.09,0.47,0.49,0.25,0.44,1.0,0.15,0.83,0.2,0.9,0.55,2.33,0.0,0.12,27.91,0.06
4,新北國王,29|867|10872|10875,林書緯/桑尼/林彥廷/傑登,2,32,35.0,456.94,7.62,07:37,228.47,3.81,03:48,27.0,13.5,77.14,127.63,13.0,6.5,37.14,61.45,16.0,8.0,45.71,75.63,9.0,4.5,25.71,42.54,8.0,4.0,22.86,37.82,4.0,2.0,11.43,18.91,8.0,4.0,22.86,37.82,5.0,2.5,14.29,23.64,6.0,3.0,17.14,28.36,4.0,2.0,11.43,18.91,3.0,1.5,8.57,14.18,6.0,3.0,17.14,28.36,0.0,0.0,0.0,0.0,5.0,2.5,14.29,23.64,2.0,1.0,5.71,9.45,5.0,2.5,14.29,23.64,0.0,0.0,0.0,0.0,1.0,0.5,2.86,4.73,4.0,2.0,11.43,18.91,8.0,4.0,22.86,37.82,77.14,37.14,40.0,110.3,14.0,7.0,40.0,7.62,3.81,0.72,0.72,0.5,0.62,0.67,0.1,0.56,0.38,1.0,0.64,0.0,2.86,0.11,22.86,0.38
4,高雄全家海神,109|116|121|123,于煥亞/呂威霆/吳曉謹/勤明慶,1,2,2.0,31.75,0.53,00:32,31.75,0.53,00:32,0.0,0.0,0.0,0.0,3.0,3.0,150.0,204.12,0.0,0.0,0.0,0.0,0.0,0.0,0.0,0.0,0.0,0.0,0.0,0.0,0.0,0.0,0.0,0.0,0.0,0.0,0.0,0.0,0.0,0.0,0.0,0.0,2.0,2.0,100.0,136.08,0.0,0.0,0.0,0.0,0.0,0.0,0.0,0.0,1.0,1.0,50.0,68.04,0.0,0.0,0.0,0.0,0.0,0.0,0.0,0.0,0.0,0.0,0.0,0.0,0.0,0.0,0.0,0.0,0.0,0.0,0.0,0.0,0.0,0.0,0.0,0.0,1.0,1.0,50.0,68.04,0.0,0.0,0.0,0.0,0.0,150.0,-150.0,90.72,-3.0,-3.0,-150.0,0.53,0.53,,0.0,,,0.0,0.0,,,1.0,1.0,0.0,0.0,0.5,0.0,
4,高雄全家海神,109|116|122|123,于煥亞/呂威霆/陳懷安/勤明慶,1,2,2.0,44.75,0.75,00:45,44.75,0.75,00:45,0.0,0.0,0.0,0.0,3.0,3.0,150.0,144.82,0.0,0.0,0.0,0.0,0.0,0.0,0.0,0.0,0.0,0.0,0.0,0.0,0.0,0.0,0.0,0.0,0.0,0.0,0.0,0.0,0.0,0.0,0.0,0.0,2.0,2.0,100.0,96.54,0.0,0.0,0.0,0.0,0.0,0.0,0.0,0.0,1.0,1.0,50.0,48.27,0.0,0.0,0.0,0.0,0.0,0.0,0.0,0.0,0.0,0.0,0.0,0.0,0.0,0.0,0.0,0.0,0.0,0.0,0.0,0.0,0.0,0.0,0.0,0.0,3.0,3.0,150.0,144.82,0.0,0.0,0.0,0.0,0.0,150.0,-150.0,64.36,-3.0,-3.0,-150.0,0.75,0.75,,0.0,,,0.0,0.0,,,1.0,1.0,0.0,0.0,1.5,0.0,
4,高雄全家海神,109|121|122|123,于煥亞/吳曉謹/陳懷安/勤明慶,3,19,21.0,316.15,5.27,05:16,105.38,1.76,01:45,4.0,1.33,19.05,27.33,17.0,5.67,80.95,116.15,7.0,2.33,33.33,47.83,1.0,0.33,4.76,6.83,3.0,1.0,14.29,20.5,1.0,0.33,4.76,6.83,4.0,1.33,19.05,27.33,0.0,0.0,0.0,0.0,4.0,1.33,19.05,27.33,2.0,0.67,9.52,13.66,1.0,0.33,4.76,6.83,6.0,2.0,28.57,40.99,1.0,0.33,4.76,6.83,2.0,0.67,9.52,13.66,2.0,0.67,9.52,13.66,1.0,0.33,4.76,6.83,1.0,0.33,4.76,6.83,0.0,0.0,0.0,0.0,2.0,0.67,9.52,13.66,4.0,1.33,19.05,27.33,19.05,80.95,-61.9,95.65,-13.0,-4.33,-61.9,5.27,1.76,0.14,0.23,0.33,0.0,0.5,0.19,1.0,0.33,0.86,0.7,4.76,0.0,0.1,19.05,0.57
4,高雄全家海神,116|121|122|123,呂威霆/吳曉謹/陳懷安/勤明慶,1,29,35.0,372.54,6.21,06:13,372.54,6.21,06:13,9.0,9.0,25.71,52.18,8.0,8.0,22.86,46.38,8.0,8.0,22.86,46.38,2.0,2.0,5.71,11.6,6.0,6.0,17.14,34.79,2.0,2.0,5.71,11.6,2.0,2.0,5.71,11.6,0.0,0.0,0.0,0.0,9.0,9.0,25.71,52.18,5.0,5.0,14.29,28.99,1.0,1.0,2.86,5.8,7.0,7.0,20.0,40.59,3.0,3.0,8.57,17.39,6.0,6.0,17.14,34.79,4.0,4.0,11.43,23.19,2.0,2.0,5.71,11.6,2.0,2.0,5.71,11.6,2.0,2.0,5.71,11.6,5.0,5.0,14.29,28.99,0.0,0.0,0.0,0.0,25.71,22.86,2.86,135.29,1.0,1.0,2.86,6.21,6.21,0.25,0.38,0.33,0.0,0.56,0.25,1.0,0.14,0.7,0.47,5.71,5.71,0.14,0.0,1.12
4,新北國王,19|22|29|10875,蘇培凱/簡祐哲/林書緯/傑登,2,9,13.0,163.15,2.72,02:43,81.58,1.36,01:22,5.0,2.5,38.46,66.2,2.0,1.0,15.38,26.48,5.0,2.5,38.46,66.2,2.0,1.0,15.38,26.48,4.0,2.0,30.77,52.96,1.0,0.5,7.69,13.24,1.0,0.5,7.69,13.24,1.0,0.5,7.69,13.24,0.0,0.0,0.0,0.0,0.0,0.0,0.0,0.0,2.0,1.0,15.38,26.48,1.0,0.5,7.69,13.24,1.0,0.5,7.69,13.24,3.0,1.5,23.08,39.72,1.0,0.5,7.69,13.24,2.0,1.0,15.38,26.48,0.0,0.0,0.0,0.0,0.0,0.0,0.0,0.0,0.0,0.0,0.0,0.0,2.0,1.0,15.38,26.48,38.46,15.38,23.08,114.74,3.0,1.5,23.08,2.72,1.36,0.5,0.5,0.25,1.0,,0.17,1.0,0.4,0.5,0.43,0.0,0.0,0.0,15.38,0.0
4,新北國王,19|22|29|10876,蘇培凱/簡祐哲/林書緯/尚迪,1,2,3.0,44.15,0.74,00:44,44.15,0.74,00:44,0.0,0.0,0.0,0.0,2.0,2.0,66.67,97.84,2.0,2.0,66.67,97.84,0.0,0.0,0.0,0.0,2.0,2.0,66.67,97.84,0.0,0.0,0.0,0.0,0.0,0.0,0.0,0.0,0.0,0.0,0.0,0.0,0.0,0.0,0.0,0.0,0.0,0.0,0.0,0.0,1.0,1.0,33.33,48.92,1.0,1.0,33.33,48.92,0.0,0.0,0.0,0.0,0.0,0.0,0.0,0.0,0.0,0.0,0.0,0.0,0.0,0.0,0.0,0.0,0.0,0.0,0.0,0.0,0.0,0.0,0.0,0.0,0.0,0.0,0.0,0.0,2.0,2.0,66.67,97.84,0.0,66.67,-66.67,97.84,-2.0,-2.0,-66.67,0.74,0.74,0.0,0.0,0.0,,,0.0,,1.0,1.0,1.0,0.0,0.0,0.0,66.67,0.0
4,新北國王,19|22|10875|10876,蘇培凱/簡祐哲/傑登/尚迪,1,2,3.0,44.15,0.74,00:44,44.15,0.74,00:44,0.0,0.0,0.0,0.0,2.0,2.0,66.67,97.84,2.0,2.0,66.67,97.84,0.0,0.0,0.0,0.0,2.0,2.0,66.67,97.84,0.0,0.0,0.0,0.0,0.0,0.0,0.0,0.0,0.0,0.0,0.0,0.0,0.0,0.0,0.0,0.0,0.0,0.0,0.0,0.0,1.0,1.0,33.33,48.92,1.0,1.0,33.33,48.92,0.0,0.0,0.0,0.0,0.0,0.0,0.0,0.0,0.0,0.0,0.0,0.0,0.0,0.0,0.0,0.0,0.0,0.0,0.0,0.0,0.0,0.0,0.0,0.0,0.0,0.0,0.0,0.0,2.0,2.0,66.67,97.84,0.0,66.67,-66.67,97.84,-2.0,-2.0,-66.67,0.74,0.74,0.0,0.0,0.0,,,0.0,,1.0,1.0,1.0,0.0,0.0,0.0,66.67,0.0
4,新北國王,19|29|10875|10876,蘇培凱/林書緯/傑登/尚迪,1,2,3.0,44.15,0.74,00:44,44.15,0.74,00:44,0.0,0.0,0.0,0.0,2.0,2.0,66.67,97.84,2.0,2.0,66.67,97.84,0.0,0.0,0.0,0.0,2.0,2.0,66.67,97.84,0.0,0.0,0.0,0.0,0.0,0.0,0.0,0.0,0.0,0.0,0.0,0.0,0.0,0.0,0.0,0.0,0.0,0.0,0.0,0.0,1.0,1.0,33.33,48.92,1.0,1.0,33.33,48.92,0.0,0.0,0.0,0.0,0.0,0.0,0.0,0.0,0.0,0.0,0.0,0.0,0.0,0.0,0.0,0.0,0.0,0.0,0.0,0.0,0.0,0.0,0.0,0.0,0.0,0.0,0.0,0.0,2.0,2.0,66.67,97.84,0.0,66.67,-66.67,97.84,-2.0,-2.0,-66.67,0.74,0.74,0.0,0.0,0.0,,,0.0,,1.0,1.0,1.0,0.0,0.0,0.0,66.67,0.0
4,新北國王,22|29|10875|10876,簡祐哲/林書緯/傑登/尚迪,3,33,40.0,493.08,8.22,08:13,164.36,2.74,02:44,14.0,4.67,35.0,61.33,20.0,6.67,50.0,87.61,14.0,4.67,35.0,61.33,5.0,1.67,12.5,21.9,13.0,4.33,32.5,56.95,5.0,1.67,12.5,21.9,1.0,0.33,2.5,4.38,0.0,0.0,0.0,0.0,6.0,2.0,15.0,26.28,4.0,1.33,10.0,17.52,5.0,1.67,12.5,21.9,5.0,1.67,12.5,21.9,1.0,0.33,2.5,4.38,6.0,2.0,15.0,26.28,4.0,1.33,10.0,17.52,1.0,0.33,2.5,4.38,1.0,0.33,2.5,4.38,1.0,0.33,2.5,4.38,6.0,2.0,15.0,26.28,6.0,2.0,15.0,26.28,35.0,50.0,-15.0,116.82,-6.0,-2.0,-15.0,8.22,2.74,0.36,0.42,0.38,0.0,0.67,0.19,0.2,0.45,0.83,0.59,2.5,2.5,0.15,15.0,0.43
4,高雄全家海神,116|121|122|10892,呂威霆/吳曉謹/陳懷安/詹姆斯,1,23,28.0,291.28,4.85,04:51,291.28,4.85,04:51,9.0,9.0,32.14,66.74,9.0,9.0,32.14,66.74,5.0,5.0,17.86,37.08,2.0,2.0,7.14,14.83,3.0,3.0,10.71,22.25,2.0,2.0,7.14,14.83,2.0,2.0,7.14,14.83,0.0,0.0,0.0,0.0,9.0,9.0,32.14,66.74,5.0,5.0,17.86,37.08,0.0,0.0,0.0,0.0,5.0,5.0,17.86,37.08,3.0,3.0,10.71,22.25,6.0,6.0,21.43,44.49,3.0,3.0,10.71,22.25,2.0,2.0,7.14,14.83,3.0,3.0,10.71,22.25,1.0,1.0,3.57,7.42,3.0,3.0,10.71,22.25,0.0,0.0,0.0,0.0,32.14,32.14,0.0,138.42,0.0,0.0,0.0,4.85,4.85,0.4,0.5,0.67,0.0,0.56,0.25,1.0,0.0,0.62,0.36,10.71,3.57,0.11,0.0,1.8
4,高雄全家海神,116|121|123|10892,呂威霆/吳曉謹/勤明慶/詹姆斯,1,36,45.0,454.85,7.58,07:35,454.85,7.58,07:35,19.0,19.0,42.22,90.23,16.0,16.0,35.56,75.98,9.0,9.0,20.0,42.74,5.0,5.0,11.11,23.74,5.0,5.0,11.11,23.74,3.0,3.0,6.67,14.25,4.0,4.0,8.89,19.0,2.0,2.0,4.44,9.5,11.0,11.0,24.44,52.24,7.0,7.0,15.56,33.24,1.0,1.0,2.22,4.75,4.0,4.0,8.89,19.0,7.0,7.0,15.56,33.24,7.0,7.0,15.56,33.24,4.0,4.0,8.89,19.0,4.0,4.0,8.89,19.0,3.0,3.0,6.67,14.25,1.0,1.0,2.22,4.75,8.0,8.0,17.78,37.99,6.0,6.0,13.33,28.49,42.22,35.56,6.67,142.46,3.0,3.0,6.67,7.58,7.58,0.67,0.69,0.6,0.5,0.64,0.22,0.8,0.12,0.36,0.26,6.67,2.22,0.18,13.33,1.22
4,高雄全家海神,116|122|123|10892,呂威霆/陳懷安/勤明慶/詹姆斯,1,18,22.0,232.8,3.88,03:53,232.8,3.88,03:53,9.0,9.0,40.91,83.51,5.0,5.0,22.73,46.39,4.0,4.0,18.18,37.11,2.0,2.0,9.09,18.56,3.0,3.0,13.64,27.84,2.0,2.0,9.09,18.56,1.0,1.0,4.55,9.28,0.0,0.0,0.0,0.0,7.0,7.0,31.82,64.95,5.0,5.0,22.73,46.39,0.0,0.0,0.0,0.0,3.0,3.0,13.64,27.84,3.0,3.0,13.64,27.84,5.0,5.0,22.73,46.39,2.0,2.0,9.09,18.56,2.0,2.0,9.09,18.56,2.0,2.0,9.09,18.56,1.0,1.0,4.55,9.28,3.0,3.0,13.64,27.84,0.0,0.0,0.0,0.0,40.91,22.73,18.18,136.08,4.0,4.0,18.18,3.88,3.88,0.5,0.64,0.67,0.0,0.71,0.22,1.0,0.0,0.5,0.27,9.09,4.55,0.14,0.0,1.75
4,高雄全家海神,121|122|123|10892,吳曉謹/陳懷安/勤明慶/詹姆斯,1,18,22.0,232.8,3.88,03:53,232.8,3.88,03:53,9.0,9.0,40.91,83.51,5.0,5.0,22.73,46.39,4.0,4.0,18.18,37.11,2.0,2.0,9.09,18.56,3.0,3.0,13.64,27.84,2.0,2.0,9.09,18.56,1.0,1.0,4.55,9.28,0.0,0.0,0.0,0.0,7.0,7.0,31.82,64.95,5.0,5.0,22.73,46.39,0.0,0.0,0.0,0.0,3.0,3.0,13.64,27.84,3.0,3.0,13.64,27.84,5.0,5.0,22.73,46.39,2.0,2.0,9.09,18.56,2.0,2.0,9.09,18.56,2.0,2.0,9.09,18.56,1.0,1.0,4.55,9.28,3.0,3.0,13.64,27.84,0.0,0.0,0.0,0.0,40.91,22.73,18.18,136.08,4.0,4.0,18.18,3.88,3.88,0.5,0.64,0.67,0.0,0.71,0.22,1.0,0.0,0.5,0.27,9.09,4.55,0.14,0.0,1.75
4,新北國王,21|22|29|10875,李愷諺/簡祐哲/林書緯/傑登,5,58,68.0,854.09,14.23,14:14,170.82,2.85,02:51,24.0,4.8,35.29,60.7,33.0,6.6,48.53,83.46,21.0,4.2,30.88,53.11,10.0,2.0,14.71,25.29,16.0,3.2,23.53,40.46,7.0,1.4,10.29,17.7,5.0,1.0,7.35,12.65,3.0,0.6,4.41,7.59,4.0,0.8,5.88,10.12,1.0,0.2,1.47,2.53,4.0,0.8,5.88,10.12,9.0,1.8,13.24,22.76,3.0,0.6,4.41,7.59,11.0,2.2,16.18,27.82,10.0,2.0,14.71,25.29,5.0,1.0,7.35,12.65,7.0,1.4,10.29,17.7,2.0,0.4,2.94,5.06,7.0,1.4,10.29,17.7,6.0,1.2,8.82,15.17,35.29,48.53,-13.24,114.65,-9.0,-1.8,-13.24,14.23,2.85,0.55,0.53,0.44,0.6,0.25,0.31,0.5,0.27,0.75,0.48,10.29,2.94,0.1,8.82,0.19
4,新北國王,21|22|29|10876,李愷諺/簡祐哲/林書緯/尚迪,3,23,29.0,332.64,5.54,05:33,110.88,1.85,01:51,14.0,4.67,48.28,90.91,21.0,7.0,72.41,136.36,8.0,2.67,27.59,51.95,5.0,1.67,17.24,32.47,6.0,2.0,20.69,38.96,3.0,1.0,10.34,19.48,2.0,0.67,6.9,12.99,2.0,0.67,6.9,12.99,2.0,0.67,6.9,12.99,2.0,0.67,6.9,12.99,1.0,0.33,3.45,6.49,2.0,0.67,6.9,12.99,2.0,0.67,6.9,12.99,5.0,1.67,17.24,32.47,3.0,1.0,10.34,19.48,3.0,1.0,10.34,19.48,1.0,0.33,3.45,6.49,1.0,0.33,3.45,6.49,6.0,2.0,20.69,38.96,8.0,2.67,27.59,51.95,48.28,72.41,-24.14,125.54,-7.0,-2.33,-24.14,5.54,1.85,0.75,0.79,0.5,1.0,1.0,0.25,0.6,0.17,0.5,0.3,3.45,3.45,0.21,27.59,0.25
4,新北國王,21|22|10875|10876,李愷諺/簡祐哲/傑登/尚迪,4,82,93.0,1095.55,18.26,18:16,273.89,4.56,04:34,39.0,9.75,41.94,76.89,34.0,8.5,36.56,67.03,34.0,8.5,36.56,67.03,15.0,3.75,16.13,29.57,23.0,5.75,24.73,45.35,11.0,2.75,11.83,21.69,11.0,2.75,11.83,21.69,4.0,1.0,4.3,7.89,9.0,2.25,9.68,17.74,5.0,1.25,5.38,9.86,5.0,1.25,5.38,9.86,16.0,4.0,17.2,31.55,1.0,0.25,1.08,1.97,17.0,4.25,18.28,33.52,8.0,2.0,8.6,15.77,6.0,1.5,6.45,11.83,4.0,1.0,4.3,7.89,3.0,0.75,3.23,5.91,10.0,2.5,10.75,19.72,18.0,4.5,19.35,35.49,41.94,36.56,5.38,122.24,5.0,1.25,5.38,18.26,4.56,0.5,0.51,0.48,0.36,0.56,0.17,0.4,0.23,0.94,0.54,4.3,3.23,0.11,19.35,0.26
4,新北國王,21|29|867|10874,李愷諺/林書緯/桑尼/熊祥泰,3,59,68.0,802.53,13.38,13:23,267.51,4.46,04:28,22.0,7.33,32.35,59.21,35.0,11.67,51.47,94.2,26.0,8.67,38.24,69.98,8.0,2.67,11.76,21.53,17.0,5.67,25.0,45.76,6.0,2.0,8.82,16.15,9.0,3.0,13.24,24.22,2.0,0.67,2.94,5.38,6.0,2.0,8.82,16.15,4.0,1.33,5.88,10.77,5.0,1.67,7.35,13.46,14.0,4.67,20.59,37.68,2.0,0.67,2.94,5.38,10.0,3.33,14.71,26.91,7.0,2.33,10.29,18.84,4.0,1.33,5.88,10.77,4.0,1.33,5.88,10.77,1.0,0.33,1.47,2.69,6.0,2.0,8.82,16.15,13.0,4.33,19.12,34.99,32.35,51.47,-19.12,122.01,-13.0,-4.33,-19.12,13.38,4.46,0.35,0.38,0.35,0.22,0.67,0.2,0.5,0.33,0.88,0.61,5.88,1.47,0.09,19.12,0.23
4,新北國王,21|29|867|10875,李愷諺/林書緯/桑尼/傑登,3,155,189.0,2253.7,37.56,37:34,751.23,12.52,12:31,75.0,25.0,39.68,71.88,74.0,24.67,39.15,70.92,75.0,25.0,39.68,71.88,26.0,8.67,13.76,24.92,43.0,14.33,22.75,41.21,18.0,6.0,9.52,17.25,32.0,10.67,16.93,30.67,8.0,2.67,4.23,7.67,23.0,7.67,12.17,22.04,15.0,5.0,7.94,14.38,20.0,6.67,10.58,19.17,35.0,11.67,18.52,33.54,7.0,2.33,3.7,6.71,20.0,6.67,10.58,19.17,11.0,3.67,5.82,10.54,16.0,5.33,8.47,15.33,4.0,1.33,2.12,3.83,5.0,1.67,2.65,4.79,17.0,5.67,8.99,16.29,24.0,8.0,12.7,23.0,39.68,39.15,0.53,120.76,1.0,0.33,0.53,37.56,12.52,0.4,0.44,0.42,0.25,0.65,0.11,0.62,0.5,0.83,0.67,2.12,2.65,0.09,12.7,0.31
4,新北國王,21|29|10874|10875,李愷諺/林書緯/熊祥泰/傑登,7,149,169.0,2273.86,37.9,37:54,324.84,5.41,05:25,67.0,9.57,39.64,63.65,86.0,12.29,50.89,81.69,70.0,10.0,41.42,66.49,27.0,3.86,15.98,25.65,40.0,5.71,23.67,38.0,21.0,3.0,12.43,19.95,30.0,4.29,17.75,28.5,6.0,0.86,3.55,5.7,11.0,1.57,6.51,10.45,6.0,0.86,3.55,5.7,8.0,1.14,4.73,7.6,37.0,5.29,21.89,35.15,8.0,1.14,4.73,7.6,24.0,3.43,14.2,22.8,8.0,1.14,4.73,7.6,19.0,2.71,11.24,18.05,5.0,0.71,2.96,4.75,2.0,0.29,1.18,1.9,12.0,1.71,7.1,11.4,27.0,3.86,15.98,25.65,39.64,50.89,-11.24,107.03,-19.0,-2.71,-11.24,37.9,5.41,0.43,0.45,0.52,0.2,0.55,0.1,0.7,0.25,0.82,0.58,2.96,1.18,0.07,15.98,0.16
4,新北國王,21|867|10874|10875,李愷諺/桑尼/熊祥泰/傑登,4,83,97.0,1134.94,18.92,18:55,283.73,4.73,04:44,43.0,10.75,44.33,81.84,38.0,9.5,39.18,72.32,42.0,10.5,43.3,79.93,16.0,4.0,16.49,30.45,25.0,6.25,25.77,47.58,11.0,2.75,11.34,20.94,17.0,4.25,17.53,32.35,5.0,1.25,5.15,9.52,7.0,1.75,7.22,13.32,6.0,1.5,6.19,11.42,8.0,2.0,8.25,15.23,19.0,4.75,19.59,36.16,2.0,0.5,2.06,3.81,16.0,4.0,16.49,30.45,4.0,1.0,4.12,7.61,11.0,2.75,11.34,20.94,2.0,0.5,2.06,3.81,2.0,0.5,2.06,3.81,7.0,1.75,7.22,13.32,18.0,4.5,18.56,34.26,44.33,39.18,5.15,123.07,5.0,1.25,5.15,18.92,4.73,0.44,0.48,0.44,0.29,0.86,0.08,0.69,0.33,0.9,0.6,2.06,2.06,0.07,18.56,0.17
4,新北國王,29|867|10874|10875,林書緯/桑尼/熊祥泰/傑登,3,76,88.0,1122.01,18.7,18:42,374.0,6.23,06:14,43.0,14.33,48.86,82.78,52.0,17.33,59.09,100.11,40.0,13.33,45.45,77.0,17.0,5.67,19.32,32.73,20.0,6.67,22.73,38.5,11.0,3.67,12.5,21.18,20.0,6.67,22.73,38.5,6.0,2.0,6.82,11.55,4.0,1.33,4.55,7.7,3.0,1.0,3.41,5.78,7.0,2.33,7.95,13.48,17.0,5.67,19.32,32.73,4.0,1.33,4.55,7.7,11.0,3.67,12.5,21.18,4.0,1.33,4.55,7.7,11.0,3.67,12.5,21.18,2.0,0.67,2.27,3.85,3.0,1.0,3.41,5.78,10.0,3.33,11.36,19.25,19.0,6.33,21.59,36.58,48.86,59.09,-10.23,112.94,-9.0,-3.0,-10.23,18.7,6.23,0.5,0.51,0.55,0.3,0.75,0.09,0.65,0.39,0.81,0.62,2.27,3.41,0.11,21.59,0.1
4,新北國王,21|29|10874|10876,李愷諺/林書緯/熊祥泰/尚迪,3,95,109.0,1378.63,22.98,22:59,459.54,7.66,07:40,40.0,13.33,36.7,62.67,46.0,15.33,42.2,72.07,40.0,13.33,36.7,62.67,15.0,5.0,13.76,23.5,22.0,7.33,20.18,34.47,12.0,4.0,11.01,18.8,18.0,6.0,16.51,28.2,3.0,1.0,2.75,4.7,9.0,3.0,8.26,14.1,6.0,2.0,5.5,9.4,7.0,2.33,6.42,10.97,18.0,6.0,16.51,28.2,5.0,1.67,4.59,7.83,15.0,5.0,13.76,23.5,10.0,3.33,9.17,15.67,10.0,3.33,9.17,15.67,8.0,2.67,7.34,12.53,0.0,0.0,0.0,0.0,7.0,2.33,6.42,10.97,8.0,2.67,7.34,12.53,36.7,42.2,-5.5,113.85,-6.0,-2.0,-5.5,22.98,7.66,0.41,0.45,0.55,0.17,0.67,0.19,0.67,0.32,0.78,0.56,7.34,0.0,0.06,7.34,0.22
4,新北國王,21|867|10874|10876,李愷諺/桑尼/熊祥泰/尚迪,2,32,37.0,428.96,7.15,07:09,214.48,3.57,03:34,18.0,9.0,48.65,90.64,11.0,5.5,29.73,55.39,13.0,6.5,35.14,65.46,6.0,3.0,16.22,30.21,8.0,4.0,21.62,40.28,4.0,2.0,10.81,20.14,5.0,2.5,13.51,25.18,2.0,1.0,5.41,10.07,4.0,2.0,10.81,20.14,4.0,2.0,10.81,20.14,4.0,2.0,10.81,20.14,3.0,1.5,8.11,15.11,1.0,0.5,2.7,5.04,5.0,2.5,13.51,25.18,6.0,3.0,16.22,30.21,3.0,1.5,8.11,15.11,3.0,1.5,8.11,15.11,0.0,0.0,0.0,0.0,2.0,1.0,5.41,10.07,0.0,0.0,0.0,0.0,48.65,29.73,18.92,124.21,7.0,3.5,18.92,7.15,3.57,0.54,0.61,0.5,0.4,1.0,0.29,0.5,0.44,0.75,0.54,8.11,0.0,0.05,0.0,0.31
4,新北國王,29|867|10874|10876,林書緯/桑尼/熊祥泰/尚迪,1,26,37.0,359.09,5.98,05:59,359.09,5.98,05:59,14.0,14.0,37.84,84.21,6.0,6.0,16.22,36.09,11.0,11.0,29.73,66.17,5.0,5.0,13.51,30.08,7.0,7.0,18.92,42.11,5.0,5.0,13.51,30.08,4.0,4.0,10.81,24.06,0.0,0.0,0.0,0.0,4.0,4.0,10.81,24.06,4.0,4.0,10.81,24.06,4.0,4.0,10.81,24.06,2.0,2.0,5.41,12.03,2.0,2.0,5.41,12.03,4.0,4.0,10.81,24.06,6.0,6.0,16.22,36.09,0.0,0.0,0.0,0.0,4.0,4.0,10.81,24.06,0.0,0.0,0.0,0.0,2.0,2.0,5.41,12.03,2.0,2.0,5.41,12.03,37.84,16.22,21.62,148.37,8.0,8.0,21.62,5.98,5.98,0.45,0.55,0.71,0.0,1.0,0.32,0.0,0.5,0.5,0.5,10.81,0.0,0.05,5.41,0.36
4,新北國王,29|867|10872|10874,林書緯/桑尼/林彥廷/熊祥泰,3,35,44.0,477.36,7.96,07:57,159.12,2.65,02:39,30.0,10.0,68.18,135.75,14.0,4.67,31.82,63.35,17.0,5.67,38.64,76.92,11.0,3.67,25.0,49.77,7.0,2.33,15.91,31.67,7.0,2.33,15.91,31.67,10.0,3.33,22.73,45.25,4.0,1.33,9.09,18.1,4.0,1.33,9.09,18.1,4.0,1.33,9.09,18.1,3.0,1.0,6.82,13.57,3.0,1.0,6.82,13.57,1.0,0.33,2.27,4.52,5.0,1.67,11.36,22.62,4.0,1.33,9.09,18.1,5.0,1.67,11.36,22.62,2.0,0.67,4.55,9.05,1.0,0.33,2.27,4.52,3.0,1.0,6.82,13.57,10.0,3.33,22.73,45.25,68.18,31.82,36.36,132.73,16.0,5.33,36.36,7.96,2.65,0.76,0.8,1.0,0.4,1.0,0.18,0.45,0.38,0.75,0.5,4.55,2.27,0.07,22.73,0.24
4,新北國王,29|867|10872|10876,林書緯/桑尼/林彥廷/尚迪,2,58,82.0,900.44,15.01,15:00,450.22,7.5,07:30,32.0,16.0,39.02,76.76,30.0,15.0,36.59,71.97,26.0,13.0,31.71,62.37,11.0,5.5,13.41,26.39,16.0,8.0,19.51,38.38,9.0,4.5,10.98,21.59,10.0,5.0,12.2,23.99,2.0,1.0,2.44,4.8,10.0,5.0,12.2,23.99,8.0,4.0,9.76,19.19,9.0,4.5,10.98,21.59,7.0,3.5,8.54,16.79,8.0,4.0,9.76,19.19,5.0,2.5,6.1,11.99,7.0,3.5,8.54,16.79,7.0,3.5,8.54,16.79,4.0,2.0,4.88,9.6,2.0,1.0,2.44,4.8,4.0,2.0,4.88,9.6,13.0,6.5,15.85,31.18,39.02,36.59,2.44,131.14,2.0,1.0,2.44,15.01,7.5,0.46,0.53,0.56,0.2,0.8,0.19,0.64,0.64,0.47,0.55,4.88,2.44,0.05,15.85,0.38
4,新北國王,29|10872|10874|10876,林書緯/林彥廷/熊祥泰/尚迪,3,34,46.0,493.58,8.23,08:14,164.53,2.74,02:45,15.0,5.0,32.61,65.64,15.0,5.0,32.61,65.64,13.0,4.33,28.26,56.89,4.0,1.33,8.7,17.5,6.0,2.0,13.04,26.26,3.0,1.0,6.52,13.13,7.0,2.33,15.22,30.63,1.0,0.33,2.17,4.38,6.0,2.0,13.04,26.26,6.0,2.0,13.04,26.26,3.0,1.0,6.52,13.13,6.0,2.0,13.04,26.26,2.0,0.67,4.35,8.75,3.0,1.0,6.52,13.13,5.0,1.67,10.87,21.88,1.0,0.33,2.17,4.38,4.0,1.33,8.7,17.5,0.0,0.0,0.0,0.0,2.0,0.67,4.35,8.75,3.0,1.0,6.52,13.13,32.61,32.61,0.0,134.2,0.0,0.0,0.0,8.23,2.74,0.35,0.48,0.5,0.14,1.0,0.24,0.25,0.5,0.75,0.64,8.7,0.0,0.04,6.52,0.46
4,新北國王,867|10872|10874|10876,桑尼/林彥廷/熊祥泰/尚迪,2,32,43.0,428.06,7.13,07:08,214.03,3.57,03:34,21.0,10.5,48.84,105.97,8.0,4.0,18.6,40.37,15.0,7.5,34.88,75.69,6.0,3.0,13.95,30.28,9.0,4.5,20.93,45.41,5.0,2.5,11.63,25.23,6.0,3.0,13.95,30.28,1.0,0.5,2.33,5.05,8.0,4.0,18.6,40.37,8.0,4.0,18.6,40.37,5.0,2.5,11.63,25.23,4.0,2.0,9.3,20.18,1.0,0.5,2.33,5.05,4.0,2.0,9.3,20.18,4.0,2.0,9.3,20.18,1.0,0.5,2.33,5.05,1.0,0.5,2.33,5.05,0.0,0.0,0.0,0.0,4.0,2.0,9.3,20.18,2.0,1.0,4.65,10.09,48.84,18.6,30.23,144.65,13.0,6.5,30.23,7.13,3.57,0.43,0.57,0.56,0.17,1.0,0.18,0.17,0.56,0.8,0.64,2.33,0.0,0.09,4.65,0.53
4,高雄全家海神,109|110|118|122,于煥亞/胡瓏貿/蘇文儒/陳懷安,3,19,22.0,292.32,4.87,04:52,97.44,1.62,01:37,14.0,4.67,63.64,103.45,15.0,5.0,68.18,110.84,8.0,2.67,36.36,59.11,5.0,1.67,22.73,36.95,4.0,1.33,18.18,29.56,3.0,1.0,13.64,22.17,4.0,1.33,18.18,29.56,2.0,0.67,9.09,14.78,2.0,0.67,9.09,14.78,2.0,0.67,9.09,14.78,1.0,0.33,4.55,7.39,2.0,0.67,9.09,14.78,1.0,0.33,4.55,7.39,4.0,1.33,18.18,29.56,2.0,0.67,9.09,14.78,4.0,1.33,18.18,29.56,0.0,0.0,0.0,0.0,0.0,0.0,0.0,0.0,2.0,0.67,9.09,14.78,4.0,1.33,18.18,29.56,63.64,68.18,-4.55,108.37,-1.0,-0.33,-4.55,4.87,1.62,0.75,0.79,0.75,0.5,1.0,0.18,0.8,0.2,0.67,0.38,0.0,0.0,0.09,18.18,0.25
4,高雄全家海神,109|110|122|10894,于煥亞/胡瓏貿/陳懷安/凱帝,4,58,73.0,924.25,15.4,15:24,231.06,3.85,03:51,29.0,7.25,39.73,67.77,40.0,10.0,54.79,93.48,24.0,6.0,32.88,56.09,11.0,2.75,15.07,25.71,14.0,3.5,19.18,32.72,9.0,2.25,12.33,21.03,10.0,2.5,13.7,23.37,2.0,0.5,2.74,4.67,4.0,1.0,5.48,9.35,3.0,0.75,4.11,7.01,6.0,1.5,8.22,14.02,8.0,2.0,10.96,18.7,7.0,1.75,9.59,16.36,9.0,2.25,12.33,21.03,7.0,1.75,9.59,16.36,7.0,1.75,9.59,16.36,4.0,1.0,5.48,9.35,0.0,0.0,0.0,0.0,8.0,2.0,10.96,18.7,8.0,2.0,10.96,18.7,39.73,54.79,-15.07,113.74,-11.0,-2.75,-15.07,15.4,3.85,0.5,0.56,0.64,0.2,0.75,0.21,0.64,0.4,0.53,0.47,5.48,0.0,0.11,10.96,0.17
4,高雄全家海神,109|118|122|10894,于煥亞/蘇文儒/陳懷安/凱帝,5,83,99.0,1366.57,22.78,22:47,273.31,4.56,04:33,44.0,8.8,44.44,69.55,35.0,7.0,35.35,55.32,34.0,6.8,34.34,53.74,15.0,3.0,15.15,23.71,15.0,3.0,15.15,23.71,8.0,1.6,8.08,12.64,19.0,3.8,19.19,30.03,7.0,1.4,7.07,11.06,8.0,1.6,8.08,12.64,7.0,1.4,7.07,11.06,6.0,1.2,6.06,9.48,13.0,2.6,13.13,20.55,5.0,1.0,5.05,7.9,20.0,4.0,20.2,31.61,13.0,2.6,13.13,20.55,9.0,1.8,9.09,14.23,6.0,1.2,6.06,9.48,0.0,0.0,0.0,0.0,12.0,2.4,12.12,18.97,9.0,1.8,9.09,14.23,44.44,35.35,9.09,104.32,9.0,1.8,9.09,22.78,4.56,0.54,0.59,0.53,0.37,0.88,0.26,0.6,0.23,0.72,0.43,6.06,0.0,0.12,9.09,0.24
4,高雄全家海神,110|118|122|10894,胡瓏貿/蘇文儒/陳懷安/凱帝,8,149,182.0,2495.52,41.59,41:36,311.94,5.2,05:12,82.0,10.25,45.05,70.98,87.0,10.88,47.8,75.3,70.0,8.75,38.46,60.59,29.0,3.62,15.93,25.1,31.0,3.88,17.03,26.83,15.0,1.88,8.24,12.98,39.0,4.88,21.43,33.76,14.0,1.75,7.69,12.12,16.0,2.0,8.79,13.85,11.0,1.38,6.04,9.52,10.0,1.25,5.49,8.66,32.0,4.0,17.58,27.7,13.0,1.62,7.14,11.25,20.0,2.5,10.99,17.31,11.0,1.38,6.04,9.52,20.0,2.5,10.99,17.31,4.0,0.5,2.2,3.46,0.0,0.0,0.0,0.0,16.0,2.0,8.79,13.85,17.0,2.12,9.34,14.71,45.05,47.8,-2.75,105.02,-5.0,-0.62,-2.75,41.59,5.2,0.51,0.53,0.48,0.36,0.69,0.12,0.69,0.33,0.71,0.56,2.2,0.0,0.09,9.34,0.23
4,新北國王,29|10872|10874|10875,林書緯/林彥廷/熊祥泰/傑登,9,138,156.0,2188.71,36.48,36:29,243.19,4.05,04:03,84.0,9.33,53.85,82.9,102.0,11.33,65.38,100.66,71.0,7.89,45.51,70.07,32.0,3.56,20.51,31.58,33.0,3.67,21.15,32.57,18.0,2.0,11.54,17.76,38.0,4.22,24.36,37.5,14.0,1.56,8.97,13.82,8.0,0.89,5.13,7.9,6.0,0.67,3.85,5.92,9.0,1.0,5.77,8.88,32.0,3.56,20.51,31.58,5.0,0.56,3.21,4.93,15.0,1.67,9.62,14.8,6.0,0.67,3.85,5.92,19.0,2.11,12.18,18.75,4.0,0.44,2.56,3.95,2.0,0.22,1.28,1.97,10.0,1.11,6.41,9.87,21.0,2.33,13.46,20.72,53.85,65.38,-11.54,102.64,-18.0,-2.0,-11.54,36.48,4.05,0.55,0.56,0.55,0.37,0.75,0.07,0.59,0.38,0.86,0.67,2.56,1.28,0.06,13.46,0.11
4,新北國王,867|10872|10874|10875,桑尼/林彥廷/熊祥泰/傑登,4,73,82.0,1054.48,17.57,17:34,263.62,4.39,04:24,45.0,11.25,54.88,92.18,34.0,8.5,41.46,69.65,36.0,9.0,43.9,73.74,16.0,4.0,19.51,32.77,14.0,3.5,17.07,28.68,8.0,2.0,9.76,16.39,22.0,5.5,26.83,45.06,8.0,2.0,9.76,16.39,5.0,1.25,6.1,10.24,5.0,1.25,6.1,10.24,5.0,1.25,6.1,10.24,15.0,3.75,18.29,30.73,2.0,0.5,2.44,4.1,15.0,3.75,18.29,30.73,3.0,0.75,3.66,6.15,12.0,3.0,14.63,24.58,1.0,0.25,1.22,2.05,2.0,0.5,2.44,4.1,5.0,1.25,6.1,10.24,13.0,3.25,15.85,26.63,54.88,41.46,13.41,111.98,11.0,2.75,13.41,17.57,4.39,0.56,0.59,0.57,0.36,1.0,0.07,0.75,0.25,0.88,0.54,1.22,2.44,0.06,15.85,0.14
4,新北國王,24|29|10872|10875,蘇士軒/林書緯/林彥廷/傑登,8,65,76.0,980.12,16.34,16:20,122.52,2.04,02:03,22.0,2.75,28.95,48.48,35.0,4.38,46.05,77.13,28.0,3.5,36.84,61.71,9.0,1.12,11.84,19.83,13.0,1.62,17.11,28.65,6.0,0.75,7.89,13.22,15.0,1.88,19.74,33.06,3.0,0.38,3.95,6.61,3.0,0.38,3.95,6.61,1.0,0.12,1.32,2.2,6.0,0.75,7.89,13.22,13.0,1.62,17.11,28.65,4.0,0.5,5.26,8.82,13.0,1.62,17.11,28.65,6.0,0.75,7.89,13.22,7.0,0.88,9.21,15.43,4.0,0.5,5.26,8.82,1.0,0.12,1.32,2.2,4.0,0.5,5.26,8.82,9.0,1.12,11.84,19.83,28.95,46.05,-17.11,111.66,-13.0,-1.62,-17.11,16.34,2.04,0.38,0.38,0.46,0.2,0.33,0.17,0.78,0.32,0.76,0.53,5.26,1.32,0.05,11.84,0.11
4,新北國王,24|29|10872|10876,蘇士軒/林書緯/林彥廷/尚迪,4,74,94.0,1155.72,19.26,19:16,288.93,4.82,04:49,34.0,8.5,36.17,63.54,39.0,9.75,41.49,72.89,30.0,7.5,31.91,56.07,14.0,3.5,14.89,26.17,16.0,4.0,17.02,29.9,8.0,2.0,8.51,14.95,14.0,3.5,14.89,26.17,6.0,1.5,6.38,11.21,0.0,0.0,0.0,0.0,0.0,0.0,0.0,0.0,6.0,1.5,6.38,11.21,10.0,2.5,10.64,18.69,12.0,3.0,12.77,22.43,12.0,3.0,12.77,22.43,11.0,2.75,11.7,20.56,10.0,2.5,10.64,18.69,7.0,1.75,7.45,13.08,2.0,0.5,2.13,3.74,2.0,0.5,2.13,3.74,14.0,3.5,14.89,26.17,36.17,41.49,-5.32,117.12,-5.0,-1.25,-5.32,19.26,4.82,0.57,0.57,0.5,0.43,,0.27,0.71,0.33,0.45,0.4,7.45,2.13,0.02,14.89,0.0
4,新北國王,24|29|10875|10876,蘇士軒/林書緯/傑登/尚迪,3,45,53.0,691.61,11.53,11:32,230.54,3.84,03:51,20.0,6.67,37.74,62.46,24.0,8.0,45.28,74.96,21.0,7.0,39.62,65.59,9.0,3.0,16.98,28.11,12.0,4.0,22.64,37.48,8.0,2.67,15.09,24.99,9.0,3.0,16.98,28.11,1.0,0.33,1.89,3.12,2.0,0.67,3.77,6.25,1.0,0.33,1.89,3.12,4.0,1.33,7.55,12.49,9.0,3.0,16.98,28.11,4.0,1.33,7.55,12.49,5.0,1.67,9.43,15.62,5.0,1.67,9.43,15.62,5.0,1.67,9.43,15.62,4.0,1.33,7.55,12.49,0.0,0.0,0.0,0.0,2.0,0.67,3.77,6.25,0.0,0.0,0.0,0.0,37.74,45.28,-7.55,110.35,-4.0,-1.33,-7.55,11.53,3.84,0.45,0.46,0.67,0.11,0.5,0.19,0.56,0.44,0.69,0.59,7.55,0.0,0.04,0.0,0.1
4,新北國王,24|10872|10875|10876,蘇士軒/林彥廷/傑登/尚迪,3,20,23.0,266.55,4.44,04:27,88.85,1.48,01:29,6.0,2.0,26.09,48.62,9.0,3.0,39.13,72.93,4.0,1.33,17.39,32.41,1.0,0.33,4.35,8.1,1.0,0.33,4.35,8.1,0.0,0.0,0.0,0.0,3.0,1.0,13.04,24.31,1.0,0.33,4.35,8.1,3.0,1.0,13.04,24.31,3.0,1.0,13.04,24.31,0.0,0.0,0.0,0.0,3.0,1.0,13.04,24.31,2.0,0.67,8.7,16.21,3.0,1.0,13.04,24.31,3.0,1.0,13.04,24.31,2.0,0.67,8.7,16.21,2.0,0.67,8.7,16.21,0.0,0.0,0.0,0.0,1.0,0.33,4.35,8.1,2.0,0.67,8.7,16.21,26.09,39.13,-13.04,124.26,-3.0,-1.0,-13.04,4.44,1.48,0.38,0.56,0.0,0.33,1.0,0.36,2.0,0.0,0.6,0.38,8.7,0.0,0.04,8.7,0.75
4,新北國王,29|10872|10875|10876,林書緯/林彥廷/傑登/尚迪,2,21,26.0,298.88,4.98,04:59,149.44,2.49,02:29,2.0,1.0,7.69,14.45,9.0,4.5,34.62,65.04,5.0,2.5,19.23,36.13,0.0,0.0,0.0,0.0,2.0,1.0,7.69,14.45,0.0,0.0,0.0,0.0,3.0,1.5,11.54,21.68,0.0,0.0,0.0,0.0,4.0,2.0,15.38,28.91,2.0,1.0,7.69,14.45,0.0,0.0,0.0,0.0,6.0,3.0,23.08,43.36,3.0,1.5,11.54,21.68,4.0,2.0,15.38,28.91,3.0,1.5,11.54,21.68,1.0,0.5,3.85,7.23,3.0,1.5,11.54,21.68,0.0,0.0,0.0,0.0,3.0,1.5,11.54,21.68,1.0,0.5,3.85,7.23,7.69,34.62,-26.92,125.27,-7.0,-3.5,-26.92,4.98,2.49,0.0,0.15,0.0,0.0,0.5,0.31,,0.0,0.67,0.46,11.54,0.0,0.12,3.85,0.8
4,高雄全家海神,116|118|121|122,呂威霆/蘇文儒/吳曉謹/陳懷安,1,15,21.0,207.09,3.45,03:27,207.09,3.45,03:27,3.0,3.0,14.29,31.29,6.0,6.0,28.57,62.58,5.0,5.0,23.81,52.15,1.0,1.0,4.76,10.43,3.0,3.0,14.29,31.29,0.0,0.0,0.0,0.0,2.0,2.0,9.52,20.86,1.0,1.0,4.76,10.43,0.0,0.0,0.0,0.0,0.0,0.0,0.0,0.0,1.0,1.0,4.76,10.43,3.0,3.0,14.29,31.29,1.0,1.0,4.76,10.43,2.0,2.0,9.52,20.86,3.0,3.0,14.29,31.29,0.0,0.0,0.0,0.0,0.0,0.0,0.0,0.0,1.0,1.0,4.76,10.43,4.0,4.0,19.05,41.72,4.0,4.0,19.05,41.72,14.29,28.57,-14.29,146.02,-3.0,-3.0,-14.29,3.45,3.45,0.3,0.3,0.0,0.5,,0.38,0.0,0.33,0.75,0.57,0.0,4.76,0.19,19.05,0.0
4,高雄全家海神,116|118|121|123,呂威霆/蘇文儒/吳曉謹/勤明慶,2,34,44.0,426.06,7.1,07:06,213.03,3.55,03:33,14.0,7.0,31.82,70.98,16.0,8.0,36.36,81.12,13.0,6.5,29.55,65.91,4.0,2.0,9.09,20.28,6.0,3.0,13.64,30.42,2.0,1.0,4.55,10.14,7.0,3.5,15.91,35.49,2.0,1.0,4.55,10.14,7.0,3.5,15.91,35.49,4.0,2.0,9.09,20.28,4.0,2.0,9.09,20.28,5.0,2.5,11.36,25.35,4.0,2.0,9.09,20.28,4.0,2.0,9.09,20.28,5.0,2.5,11.36,25.35,2.0,1.0,4.55,10.14,2.0,1.0,4.55,10.14,1.0,0.5,2.27,5.07,8.0,4.0,18.18,40.56,6.0,3.0,13.64,30.42,31.82,36.36,-4.55,148.71,-2.0,-1.0,-4.55,7.1,3.55,0.38,0.44,0.33,0.29,0.57,0.24,0.5,0.5,0.56,0.53,4.55,2.27,0.18,13.64,0.54
4,高雄全家海神,116|118|122|123,呂威霆/蘇文儒/陳懷安/勤明慶,3,15,17.0,244.0,4.07,04:04,81.33,1.36,01:21,6.0,2.0,35.29,53.11,6.0,2.0,35.29,53.11,6.0,2.0,35.29,53.11,2.0,0.67,11.76,17.7,3.0,1.0,17.65,26.56,0.0,0.0,0.0,0.0,3.0,1.0,17.65,26.56,2.0,0.67,11.76,17.7,0.0,0.0,0.0,0.0,0.0,0.0,0.0,0.0,1.0,0.33,5.88,8.85,3.0,1.0,17.65,26.56,0.0,0.0,0.0,0.0,2.0,0.67,11.76,17.7,2.0,0.67,11.76,17.7,2.0,0.67,11.76,17.7,0.0,0.0,0.0,0.0,1.0,0.33,5.88,8.85,4.0,1.33,23.53,35.41,0.0,0.0,0.0,0.0,35.29,35.29,0.0,100.33,0.0,0.0,0.0,4.07,1.36,0.5,0.5,0.0,0.67,,0.25,1.0,0.33,1.0,0.67,0.0,5.88,0.24,0.0,0.0
4,高雄全家海神,118|121|122|123,蘇文儒/吳曉謹/陳懷安/勤明慶,3,18,23.0,272.51,4.54,04:33,90.84,1.51,01:31,3.0,1.0,13.04,23.78,0.0,0.0,0.0,0.0,8.0,2.67,34.78,63.41,1.0,0.33,4.35,7.93,5.0,1.67,21.74,39.63,1.0,0.33,4.35,7.93,3.0,1.0,13.04,23.78,0.0,0.0,0.0,0.0,1.0,0.33,4.35,7.93,1.0,0.33,4.35,7.93,1.0,0.33,4.35,7.93,6.0,2.0,26.09,47.56,2.0,0.67,8.7,15.85,3.0,1.0,13.04,23.78,2.0,0.67,8.7,15.85,0.0,0.0,0.0,0.0,0.0,0.0,0.0,0.0,1.0,0.33,4.35,7.93,3.0,1.0,13.04,23.78,2.0,0.67,8.7,15.85,13.04,0.0,13.04,121.54,3.0,1.0,13.04,4.54,1.51,0.12,0.18,0.2,0.0,1.0,0.19,0.0,0.25,0.75,0.58,0.0,4.35,0.13,8.7,0.12
4,新北國王,28|29|10872|10875,呂政儒/林書緯/林彥廷/傑登,9,96,111.0,1504.5,25.07,25:04,167.17,2.79,02:47,48.0,5.33,43.24,68.91,46.0,5.11,41.44,66.04,47.0,5.22,42.34,67.48,21.0,2.33,18.92,30.15,32.0,3.56,28.83,45.94,17.0,1.89,15.32,24.41,15.0,1.67,13.51,21.54,4.0,0.44,3.6,5.74,9.0,1.0,8.11,12.92,5.0,0.56,4.5,7.18,6.0,0.67,5.41,8.61,20.0,2.22,18.02,28.71,7.0,0.78,6.31,10.05,17.0,1.89,15.32,24.41,5.0,0.56,4.5,7.18,10.0,1.11,9.01,14.36,5.0,0.56,4.5,7.18,2.0,0.22,1.8,2.87,10.0,1.11,9.01,14.36,7.0,0.78,6.31,10.05,43.24,41.44,1.8,106.24,2.0,0.22,1.8,25.07,2.79,0.49,0.47,0.53,0.27,0.56,0.09,0.48,0.26,0.74,0.52,4.5,1.8,0.09,6.31,0.19
4,新北國王,28|29|10872|10876,呂政儒/林書緯/林彥廷/尚迪,2,10,12.0,159.98,2.67,02:40,79.99,1.33,01:20,3.0,1.5,25.0,40.5,4.0,2.0,33.33,54.01,3.0,1.5,25.0,40.5,1.0,0.5,8.33,13.5,0.0,0.0,0.0,0.0,0.0,0.0,0.0,0.0,3.0,1.5,25.0,40.5,1.0,0.5,8.33,13.5,2.0,1.0,16.67,27.0,0.0,0.0,0.0,0.0,0.0,0.0,0.0,0.0,2.0,1.0,16.67,27.0,2.0,1.0,16.67,27.0,4.0,2.0,33.33,54.01,1.0,0.5,8.33,13.5,1.0,0.5,8.33,13.5,1.0,0.5,8.33,13.5,0.0,0.0,0.0,0.0,2.0,1.0,16.67,27.0,2.0,1.0,16.67,27.0,25.0,33.33,-8.33,108.01,-1.0,-0.5,-8.33,2.67,1.33,0.5,0.39,,0.33,0.0,0.2,1.0,0.0,0.5,0.25,8.33,0.0,0.17,16.67,0.67
4,新北國王,28|29|10875|10876,呂政儒/林書緯/傑登/尚迪,1,14,18.0,160.06,2.67,02:40,160.06,2.67,02:40,7.0,7.0,38.89,94.47,6.0,6.0,33.33,80.97,5.0,5.0,27.78,67.48,2.0,2.0,11.11,26.99,4.0,4.0,22.22,53.98,2.0,2.0,11.11,26.99,1.0,1.0,5.56,13.5,0.0,0.0,0.0,0.0,6.0,6.0,33.33,80.97,3.0,3.0,16.67,40.49,3.0,3.0,16.67,40.49,2.0,2.0,11.11,26.99,1.0,1.0,5.56,13.5,3.0,3.0,16.67,40.49,2.0,2.0,11.11,26.99,1.0,1.0,5.56,13.5,1.0,1.0,5.56,13.5,0.0,0.0,0.0,0.0,4.0,4.0,22.22,53.98,2.0,2.0,11.11,26.99,38.89,33.33,5.56,161.94,1.0,1.0,5.56,2.67,2.67,0.4,0.46,0.5,0.0,0.5,0.21,0.5,0.5,0.67,0.56,5.56,0.0,0.22,11.11,1.2
4,新北國王,28|10872|10875|10876,呂政儒/林彥廷/傑登/尚迪,1,4,5.0,56.29,0.94,00:56,56.29,0.94,00:56,0.0,0.0,0.0,0.0,1.0,1.0,20.0,38.37,0.0,0.0,0.0,0.0,0.0,0.0,0.0,0.0,0.0,0.0,0.0,0.0,0.0,0.0,0.0,0.0,0.0,0.0,0.0,0.0,0.0,0.0,0.0,0.0,2.0,2.0,40.0,76.74,0.0,0.0,0.0,0.0,0.0,0.0,0.0,0.0,1.0,1.0,20.0,38.37,1.0,1.0,20.0,38.37,2.0,2.0,40.0,76.74,1.0,1.0,20.0,38.37,0.0,0.0,0.0,0.0,1.0,1.0,20.0,38.37,0.0,0.0,0.0,0.0,2.0,2.0,40.0,76.74,0.0,0.0,0.0,0.0,0.0,20.0,-20.0,127.9,-1.0,-1.0,-20.0,0.94,0.94,,0.0,,,0.0,0.53,,0.0,0.5,0.25,20.0,0.0,0.4,0.0,
4,高雄全家海神,116|118|121|10892,呂威霆/蘇文儒/吳曉謹/詹姆斯,1,28,33.0,373.59,6.23,06:14,373.59,6.23,06:14,17.0,17.0,51.52,98.29,21.0,21.0,63.64,121.42,8.0,8.0,24.24,46.25,4.0,4.0,12.12,23.13,4.0,4.0,12.12,23.13,2.0,2.0,6.06,11.56,4.0,4.0,12.12,23.13,2.0,2.0,6.06,11.56,10.0,10.0,30.3,57.82,7.0,7.0,21.21,40.47,1.0,1.0,3.03,5.78,3.0,3.0,9.09,17.35,4.0,4.0,12.12,23.13,3.0,3.0,9.09,17.35,2.0,2.0,6.06,11.56,4.0,4.0,12.12,23.13,1.0,1.0,3.03,5.78,0.0,0.0,0.0,0.0,8.0,8.0,24.24,46.25,6.0,6.0,18.18,34.69,51.52,63.64,-12.12,127.2,-4.0,-4.0,-12.12,6.23,6.23,0.62,0.69,0.5,0.5,0.7,0.14,1.0,0.25,0.43,0.36,3.03,0.0,0.24,18.18,1.25
4,高雄全家海神,116|118|123|10892,呂威霆/蘇文儒/勤明慶/詹姆斯,1,28,35.0,346.06,5.77,05:46,346.06,5.77,05:46,13.0,13.0,37.14,81.14,15.0,15.0,42.86,93.63,10.0,10.0,28.57,62.42,4.0,4.0,11.43,24.97,6.0,6.0,17.14,37.45,2.0,2.0,5.71,12.48,4.0,4.0,11.43,24.97,2.0,2.0,5.71,12.48,5.0,5.0,14.29,31.21,3.0,3.0,8.57,18.73,2.0,2.0,5.71,12.48,4.0,4.0,11.43,24.97,4.0,4.0,11.43,24.97,4.0,4.0,11.43,24.97,3.0,3.0,8.57,18.73,2.0,2.0,5.71,12.48,2.0,2.0,5.71,12.48,1.0,1.0,2.86,6.24,6.0,6.0,17.14,37.45,8.0,8.0,22.86,49.93,37.14,42.86,-5.71,145.64,-2.0,-2.0,-5.71,5.77,5.77,0.5,0.53,0.33,0.5,0.6,0.2,0.5,0.33,0.5,0.43,5.71,2.86,0.17,22.86,0.5
4,高雄全家海神,118|121|123|10892,蘇文儒/吳曉謹/勤明慶/詹姆斯,1,18,23.0,222.06,3.7,03:42,222.06,3.7,03:42,10.0,10.0,43.48,97.27,11.0,11.0,47.83,107.0,5.0,5.0,21.74,48.64,3.0,3.0,13.04,29.18,2.0,2.0,8.7,19.45,1.0,1.0,4.35,9.73,3.0,3.0,13.04,29.18,2.0,2.0,8.7,19.45,4.0,4.0,17.39,38.91,2.0,2.0,8.7,19.45,1.0,1.0,4.35,9.73,1.0,1.0,4.35,9.73,4.0,4.0,17.39,38.91,2.0,2.0,8.7,19.45,2.0,2.0,8.7,19.45,2.0,2.0,8.7,19.45,1.0,1.0,4.35,9.73,0.0,0.0,0.0,0.0,5.0,5.0,21.74,48.64,6.0,6.0,26.09,58.36,43.48,47.83,-4.35,149.15,-1.0,-1.0,-4.35,3.7,3.7,0.8,0.74,0.5,0.67,0.5,0.23,0.67,0.33,0.2,0.25,4.35,0.0,0.22,26.09,0.8
4,新北國王,22|28|29|10875,簡祐哲/呂政儒/林書緯/傑登,3,76,95.0,1048.51,17.48,17:29,349.5,5.83,05:50,28.0,9.33,29.47,57.68,37.0,12.33,38.95,76.22,35.0,11.67,36.84,72.1,10.0,3.33,10.53,20.6,22.0,7.33,23.16,45.32,8.0,2.67,8.42,16.48,13.0,4.33,13.68,26.78,2.0,0.67,2.11,4.12,9.0,3.0,9.47,18.54,6.0,2.0,6.32,12.36,9.0,3.0,9.47,18.54,18.0,6.0,18.95,37.08,5.0,1.67,5.26,10.3,16.0,5.33,16.84,32.96,7.0,2.33,7.37,14.42,5.0,1.67,5.26,10.3,2.0,0.67,2.11,4.12,1.0,0.33,1.05,2.06,9.0,3.0,9.47,18.54,14.0,4.67,14.74,28.84,29.47,38.95,-9.47,130.47,-9.0,-3.0,-9.47,17.48,5.83,0.31,0.36,0.36,0.15,0.67,0.15,0.5,0.36,0.78,0.56,2.11,1.05,0.09,14.74,0.26
4,新北國王,22|28|29|10876,簡祐哲/呂政儒/林書緯/尚迪,1,10,13.0,103.76,1.73,01:44,103.76,1.73,01:44,7.0,7.0,53.85,145.72,5.0,5.0,38.46,104.08,5.0,5.0,38.46,104.08,2.0,2.0,15.38,41.63,4.0,4.0,30.77,83.27,2.0,2.0,15.38,41.63,1.0,1.0,7.69,20.82,0.0,0.0,0.0,0.0,4.0,4.0,30.77,83.27,3.0,3.0,23.08,62.45,3.0,3.0,23.08,62.45,1.0,1.0,7.69,20.82,0.0,0.0,0.0,0.0,1.0,1.0,7.69,20.82,1.0,1.0,7.69,20.82,1.0,1.0,7.69,20.82,0.0,0.0,0.0,0.0,0.0,0.0,0.0,0.0,2.0,2.0,15.38,41.63,2.0,2.0,15.38,41.63,53.85,38.46,15.38,180.41,2.0,2.0,15.38,1.73,1.73,0.4,0.52,0.5,0.0,0.75,0.13,0.5,0.75,1.0,0.8,0.0,0.0,0.15,15.38,0.8
4,新北國王,22|28|10875|10876,簡祐哲/呂政儒/傑登/尚迪,1,10,13.0,103.76,1.73,01:44,103.76,1.73,01:44,7.0,7.0,53.85,145.72,5.0,5.0,38.46,104.08,5.0,5.0,38.46,104.08,2.0,2.0,15.38,41.63,4.0,4.0,30.77,83.27,2.0,2.0,15.38,41.63,1.0,1.0,7.69,20.82,0.0,0.0,0.0,0.0,4.0,4.0,30.77,83.27,3.0,3.0,23.08,62.45,3.0,3.0,23.08,62.45,1.0,1.0,7.69,20.82,0.0,0.0,0.0,0.0,1.0,1.0,7.69,20.82,1.0,1.0,7.69,20.82,1.0,1.0,7.69,20.82,0.0,0.0,0.0,0.0,0.0,0.0,0.0,0.0,2.0,2.0,15.38,41.63,2.0,2.0,15.38,41.63,53.85,38.46,15.38,180.41,2.0,2.0,15.38,1.73,1.73,0.4,0.52,0.5,0.0,0.75,0.13,0.5,0.75,1.0,0.8,0.0,0.0,0.15,15.38,0.8
4,新北國王,22|28|29|867,簡祐哲/呂政儒/林書緯/桑尼,1,5,5.0,60.27,1.0,01:00,60.27,1.0,01:00,2.0,2.0,40.0,71.68,4.0,4.0,80.0,143.35,2.0,2.0,40.0,71.68,1.0,1.0,20.0,35.84,2.0,2.0,40.0,71.68,1.0,1.0,20.0,35.84,0.0,0.0,0.0,0.0,0.0,0.0,0.0,0.0,0.0,0.0,0.0,0.0,0.0,0.0,0.0,0.0,0.0,0.0,0.0,0.0,1.0,1.0,20.0,35.84,0.0,0.0,0.0,0.0,1.0,1.0,20.0,35.84,0.0,0.0,0.0,0.0,0.0,0.0,0.0,0.0,0.0,0.0,0.0,0.0,0.0,0.0,0.0,0.0,0.0,0.0,0.0,0.0,2.0,2.0,40.0,71.68,40.0,80.0,-40.0,119.46,-2.0,-2.0,-40.0,1.0,1.0,0.5,0.5,0.5,,,0.0,0.0,0.0,1.0,0.5,0.0,0.0,0.0,40.0,0.0
4,新北國王,22|28|867|10875,簡祐哲/呂政儒/桑尼/傑登,2,9,10.0,115.04,1.92,01:55,57.52,0.96,00:58,5.0,2.5,50.0,93.88,7.0,3.5,70.0,131.44,5.0,2.5,50.0,93.88,2.0,1.0,20.0,37.55,2.0,1.0,20.0,37.55,1.0,0.5,10.0,18.78,3.0,1.5,30.0,56.33,1.0,0.5,10.0,18.78,0.0,0.0,0.0,0.0,0.0,0.0,0.0,0.0,1.0,0.5,10.0,18.78,2.0,1.0,20.0,37.55,0.0,0.0,0.0,0.0,1.0,0.5,10.0,18.78,0.0,0.0,0.0,0.0,0.0,0.0,0.0,0.0,0.0,0.0,0.0,0.0,0.0,0.0,0.0,0.0,1.0,0.5,10.0,18.78,3.0,1.5,30.0,56.33,50.0,70.0,-20.0,125.18,-2.0,-1.0,-20.0,1.92,0.96,0.5,0.5,0.5,0.33,,0.0,0.0,0.5,1.0,0.75,0.0,0.0,0.1,30.0,0.0
4,新北國王,28|29|867|10875,呂政儒/林書緯/桑尼/傑登,2,17,17.0,248.27,4.14,04:08,124.14,2.07,02:04,7.0,3.5,41.18,60.9,9.0,4.5,52.94,78.3,6.0,3.0,35.29,52.2,3.0,1.5,17.65,26.1,5.0,2.5,29.41,43.5,3.0,1.5,17.65,26.1,1.0,0.5,5.88,8.7,0.0,0.0,0.0,0.0,2.0,1.0,11.76,17.4,1.0,0.5,5.88,8.7,0.0,0.0,0.0,0.0,4.0,2.0,23.53,34.8,0.0,0.0,0.0,0.0,4.0,2.0,23.53,34.8,0.0,0.0,0.0,0.0,0.0,0.0,0.0,0.0,0.0,0.0,0.0,0.0,0.0,0.0,0.0,0.0,2.0,1.0,11.76,17.4,3.0,1.5,17.65,26.1,41.18,52.94,-11.76,98.6,-2.0,-1.0,-11.76,4.14,2.07,0.5,0.51,0.6,0.0,0.5,0.0,0.0,0.0,1.0,0.5,0.0,0.0,0.12,17.65,0.33
4,高雄全家海神,116|118|121|10894,呂威霆/蘇文儒/吳曉謹/凱帝,1,16,20.0,250.63,4.18,04:11,250.63,4.18,04:11,10.0,10.0,50.0,86.18,16.0,16.0,80.0,137.89,4.0,4.0,20.0,34.47,2.0,2.0,10.0,17.24,2.0,2.0,10.0,17.24,1.0,1.0,5.0,8.62,2.0,2.0,10.0,17.24,1.0,1.0,5.0,8.62,6.0,6.0,30.0,51.71,5.0,5.0,25.0,43.09,0.0,0.0,0.0,0.0,2.0,2.0,10.0,17.24,1.0,1.0,5.0,8.62,2.0,2.0,10.0,17.24,1.0,1.0,5.0,8.62,2.0,2.0,10.0,17.24,0.0,0.0,0.0,0.0,0.0,0.0,0.0,0.0,6.0,6.0,30.0,51.71,4.0,4.0,20.0,34.47,50.0,80.0,-30.0,114.91,-6.0,-6.0,-30.0,4.18,4.18,0.62,0.75,0.5,0.5,0.83,0.13,1.0,0.0,0.67,0.4,0.0,0.0,0.3,20.0,1.5
4,高雄全家海神,116|118|10892|10894,呂威霆/蘇文儒/詹姆斯/凱帝,1,10,10.0,151.54,2.53,02:32,151.54,2.53,02:32,7.0,7.0,70.0,99.78,10.0,10.0,100.0,142.54,3.0,3.0,30.0,42.76,1.0,1.0,10.0,14.25,2.0,2.0,20.0,28.51,1.0,1.0,10.0,14.25,1.0,1.0,10.0,14.25,0.0,0.0,0.0,0.0,6.0,6.0,60.0,85.52,5.0,5.0,50.0,71.27,0.0,0.0,0.0,0.0,2.0,2.0,20.0,28.51,0.0,0.0,0.0,0.0,1.0,1.0,10.0,14.25,0.0,0.0,0.0,0.0,2.0,2.0,20.0,28.51,0.0,0.0,0.0,0.0,0.0,0.0,0.0,0.0,3.0,3.0,30.0,42.76,0.0,0.0,0.0,0.0,70.0,100.0,-30.0,95.03,-3.0,-3.0,-30.0,2.53,2.53,0.33,0.62,0.5,0.0,0.83,0.0,2.0,0.0,1.0,0.67,0.0,0.0,0.3,0.0,2.0
4,高雄全家海神,116|121|10892|10894,呂威霆/吳曉謹/詹姆斯/凱帝,1,19,20.0,259.02,4.32,04:19,259.02,4.32,04:19,8.0,8.0,40.0,66.71,15.0,15.0,75.0,125.09,5.0,5.0,25.0,41.7,1.0,1.0,5.0,8.34,2.0,2.0,10.0,16.68,1.0,1.0,5.0,8.34,3.0,3.0,15.0,25.02,0.0,0.0,0.0,0.0,10.0,10.0,50.0,83.39,6.0,6.0,30.0,50.03,0.0,0.0,0.0,0.0,6.0,6.0,30.0,50.03,0.0,0.0,0.0,0.0,3.0,3.0,15.0,25.02,1.0,1.0,5.0,8.34,2.0,2.0,10.0,16.68,1.0,1.0,5.0,8.34,0.0,0.0,0.0,0.0,4.0,4.0,20.0,33.36,2.0,2.0,10.0,16.68,40.0,75.0,-35.0,111.19,-7.0,-7.0,-35.0,4.32,4.32,0.2,0.43,0.5,0.0,0.6,0.1,2.0,0.0,1.0,0.67,5.0,0.0,0.2,10.0,2.0
4,高雄全家海神,109|116|121|10892,于煥亞/呂威霆/吳曉謹/詹姆斯,1,4,4.0,49.0,0.82,00:49,49.0,0.82,00:49,1.0,1.0,25.0,44.08,1.0,1.0,25.0,44.08,1.0,1.0,25.0,44.08,0.0,0.0,0.0,0.0,0.0,0.0,0.0,0.0,0.0,0.0,0.0,0.0,1.0,1.0,25.0,44.08,0.0,0.0,0.0,0.0,2.0,2.0,50.0,88.16,1.0,1.0,25.0,44.08,0.0,0.0,0.0,0.0,2.0,2.0,50.0,88.16,0.0,0.0,0.0,0.0,1.0,1.0,25.0,44.08,0.0,0.0,0.0,0.0,0.0,0.0,0.0,0.0,0.0,0.0,0.0,0.0,0.0,0.0,0.0,0.0,1.0,1.0,25.0,44.08,2.0,2.0,50.0,88.16,25.0,25.0,0.0,117.55,0.0,0.0,0.0,0.82,0.82,0.0,0.27,,0.0,0.5,0.0,,0.0,1.0,0.67,0.0,0.0,0.25,50.0,2.0
4,高雄全家海神,109|116|10892|10894,于煥亞/呂威霆/詹姆斯/凱帝,2,9,10.0,142.0,2.37,02:22,71.0,1.18,01:11,6.0,3.0,60.0,91.27,6.0,3.0,60.0,91.27,2.0,1.0,20.0,30.42,1.0,0.5,10.0,15.21,0.0,0.0,0.0,0.0,0.0,0.0,0.0,0.0,2.0,1.0,20.0,30.42,1.0,0.5,10.0,15.21,4.0,2.0,40.0,60.85,3.0,1.5,30.0,45.63,0.0,0.0,0.0,0.0,2.0,1.0,20.0,30.42,1.0,0.5,10.0,15.21,2.0,1.0,20.0,30.42,0.0,0.0,0.0,0.0,0.0,0.0,0.0,0.0,0.0,0.0,0.0,0.0,0.0,0.0,0.0,0.0,3.0,1.5,30.0,45.63,7.0,3.5,70.0,106.48,60.0,60.0,0.0,101.41,0.0,0.0,0.0,2.37,1.18,0.75,0.8,,0.5,0.75,0.0,0.0,0.0,0.67,0.4,0.0,0.0,0.3,70.0,2.0
4,新北國王,21|10874|10875|10876,李愷諺/熊祥泰/傑登/尚迪,5,81,92.0,1289.68,21.49,21:30,257.94,4.3,04:18,34.0,6.8,36.96,56.94,51.0,10.2,55.43,85.42,36.0,7.2,39.13,60.29,12.0,2.4,13.04,20.1,18.0,3.6,19.57,30.15,8.0,1.6,8.7,13.4,18.0,3.6,19.57,30.15,4.0,0.8,4.35,6.7,11.0,2.2,11.96,18.42,5.0,1.0,5.43,8.37,6.0,1.2,6.52,10.05,18.0,3.6,19.57,30.15,4.0,0.8,4.35,6.7,12.0,2.4,13.04,20.1,6.0,1.2,6.52,10.05,11.0,2.2,11.96,18.42,5.0,1.0,5.43,8.37,0.0,0.0,0.0,0.0,9.0,1.8,9.78,15.07,7.0,1.4,7.61,11.72,36.96,55.43,-18.48,102.72,-17.0,-3.4,-18.48,21.49,4.3,0.39,0.42,0.44,0.22,0.45,0.13,0.92,0.33,0.82,0.6,5.43,0.0,0.1,7.61,0.31
4,新北國王,29|10874|10875|10876,林書緯/熊祥泰/傑登/尚迪,3,72,83.0,1108.98,18.48,18:29,369.66,6.16,06:10,26.0,8.67,31.33,50.64,43.0,14.33,51.81,83.75,32.0,10.67,38.55,62.33,9.0,3.0,10.84,17.53,16.0,5.33,19.28,31.16,7.0,2.33,8.43,13.63,16.0,5.33,19.28,31.16,2.0,0.67,2.41,3.9,8.0,2.67,9.64,15.58,5.0,1.67,6.02,9.74,4.0,1.33,4.82,7.79,19.0,6.33,22.89,37.01,4.0,1.33,4.82,7.79,10.0,3.33,12.05,19.48,4.0,1.33,4.82,7.79,10.0,3.33,12.05,19.48,4.0,1.33,4.82,7.79,0.0,0.0,0.0,0.0,5.0,1.67,6.02,9.74,7.0,2.33,8.43,13.63,31.33,51.81,-20.48,107.77,-17.0,-5.67,-20.48,18.48,6.16,0.31,0.37,0.44,0.12,0.62,0.1,1.11,0.29,0.83,0.62,4.82,0.0,0.06,8.43,0.25
4,新北國王,21|25|29|867,李愷諺/林金榜/林書緯/桑尼,2,28,34.0,416.3,6.94,06:56,208.15,3.47,03:28,13.0,6.5,38.24,67.45,6.0,3.0,17.65,31.13,14.0,7.0,41.18,72.64,3.0,1.5,8.82,15.57,5.0,2.5,14.71,25.94,2.0,1.0,5.88,10.38,9.0,4.5,26.47,46.7,1.0,0.5,2.94,5.19,6.0,3.0,17.65,31.13,6.0,3.0,17.65,31.13,5.0,2.5,14.71,25.94,6.0,3.0,17.65,31.13,1.0,0.5,2.94,5.19,4.0,2.0,11.76,20.75,2.0,1.0,5.88,10.38,3.0,1.5,8.82,15.57,0.0,0.0,0.0,0.0,1.0,0.5,2.94,5.19,4.0,2.0,11.76,20.75,0.0,0.0,0.0,0.0,38.24,17.65,20.59,117.61,7.0,3.5,20.59,6.94,3.47,0.25,0.39,0.4,0.11,1.0,0.11,1.0,0.56,0.86,0.69,0.0,2.94,0.12,0.0,0.43
4,新北國王,21|25|867|10875,李愷諺/林金榜/桑尼/傑登,4,93,113.0,1422.35,23.71,23:42,355.59,5.93,05:56,52.0,13.0,46.02,78.97,40.0,10.0,35.4,60.74,47.0,11.75,41.59,71.37,17.0,4.25,15.04,25.82,24.0,6.0,21.24,36.45,11.0,2.75,9.73,16.7,23.0,5.75,20.35,34.93,6.0,1.5,5.31,9.11,13.0,3.25,11.5,19.74,12.0,3.0,10.62,18.22,16.0,4.0,14.16,24.3,15.0,3.75,13.27,22.78,2.0,0.5,1.77,3.04,17.0,4.25,15.04,25.82,8.0,2.0,7.08,12.15,14.0,3.5,12.39,21.26,5.0,1.25,4.42,7.59,3.0,0.75,2.65,4.56,14.0,3.5,12.39,21.26,11.0,2.75,9.73,16.7,46.02,35.4,10.62,114.4,12.0,3.0,10.62,23.71,5.93,0.43,0.49,0.46,0.26,0.92,0.13,0.82,0.48,0.88,0.62,4.42,2.65,0.12,9.73,0.28
4,新北國王,25|29|867|10875,林金榜/林書緯/桑尼/傑登,2,28,34.0,416.3,6.94,06:56,208.15,3.47,03:28,13.0,6.5,38.24,67.45,6.0,3.0,17.65,31.13,14.0,7.0,41.18,72.64,3.0,1.5,8.82,15.57,5.0,2.5,14.71,25.94,2.0,1.0,5.88,10.38,9.0,4.5,26.47,46.7,1.0,0.5,2.94,5.19,6.0,3.0,17.65,31.13,6.0,3.0,17.65,31.13,5.0,2.5,14.71,25.94,6.0,3.0,17.65,31.13,1.0,0.5,2.94,5.19,4.0,2.0,11.76,20.75,2.0,1.0,5.88,10.38,3.0,1.5,8.82,15.57,0.0,0.0,0.0,0.0,1.0,0.5,2.94,5.19,4.0,2.0,11.76,20.75,0.0,0.0,0.0,0.0,38.24,17.65,20.59,117.61,7.0,3.5,20.59,6.94,3.47,0.25,0.39,0.4,0.11,1.0,0.11,1.0,0.56,0.86,0.69,0.0,2.94,0.12,0.0,0.43
4,高雄全家海神,109|116|118|123,于煥亞/呂威霆/蘇文儒/勤明慶,1,10,12.0,137.0,2.28,02:17,137.0,2.28,02:17,3.0,3.0,25.0,47.3,4.0,4.0,33.33,63.07,5.0,5.0,41.67,78.83,1.0,1.0,8.33,15.77,4.0,4.0,33.33,63.07,1.0,1.0,8.33,15.77,1.0,1.0,8.33,15.77,0.0,0.0,0.0,0.0,1.0,1.0,8.33,15.77,1.0,1.0,8.33,15.77,1.0,1.0,8.33,15.77,3.0,3.0,25.0,47.3,0.0,0.0,0.0,0.0,2.0,2.0,16.67,31.53,1.0,1.0,8.33,15.77,0.0,0.0,0.0,0.0,1.0,1.0,8.33,15.77,1.0,1.0,8.33,15.77,3.0,3.0,25.0,47.3,2.0,2.0,16.67,31.53,25.0,33.33,-8.33,126.13,-1.0,-1.0,-8.33,2.28,2.28,0.2,0.28,0.25,0.0,1.0,0.16,0.0,0.33,1.0,0.67,8.33,8.33,0.25,16.67,0.2
4,高雄全家海神,109|116|118|10892,于煥亞/呂威霆/蘇文儒/詹姆斯,1,10,12.0,124.0,2.07,02:04,124.0,2.07,02:04,3.0,3.0,25.0,52.26,4.0,4.0,33.33,69.68,5.0,5.0,41.67,87.1,1.0,1.0,8.33,17.42,4.0,4.0,33.33,69.68,1.0,1.0,8.33,17.42,1.0,1.0,8.33,17.42,0.0,0.0,0.0,0.0,1.0,1.0,8.33,17.42,1.0,1.0,8.33,17.42,1.0,1.0,8.33,17.42,3.0,3.0,25.0,52.26,0.0,0.0,0.0,0.0,2.0,2.0,16.67,34.84,1.0,1.0,8.33,17.42,0.0,0.0,0.0,0.0,1.0,1.0,8.33,17.42,1.0,1.0,8.33,17.42,1.0,1.0,8.33,17.42,2.0,2.0,16.67,34.84,25.0,33.33,-8.33,139.35,-1.0,-1.0,-8.33,2.07,2.07,0.2,0.28,0.25,0.0,1.0,0.16,0.0,0.33,1.0,0.67,8.33,8.33,0.08,16.67,0.2
4,高雄全家海神,109|116|123|10892,于煥亞/呂威霆/勤明慶/詹姆斯,1,10,12.0,124.0,2.07,02:04,124.0,2.07,02:04,3.0,3.0,25.0,52.26,4.0,4.0,33.33,69.68,5.0,5.0,41.67,87.1,1.0,1.0,8.33,17.42,4.0,4.0,33.33,69.68,1.0,1.0,8.33,17.42,1.0,1.0,8.33,17.42,0.0,0.0,0.0,0.0,1.0,1.0,8.33,17.42,1.0,1.0,8.33,17.42,1.0,1.0,8.33,17.42,3.0,3.0,25.0,52.26,0.0,0.0,0.0,0.0,2.0,2.0,16.67,34.84,1.0,1.0,8.33,17.42,0.0,0.0,0.0,0.0,1.0,1.0,8.33,17.42,1.0,1.0,8.33,17.42,1.0,1.0,8.33,17.42,2.0,2.0,16.67,34.84,25.0,33.33,-8.33,139.35,-1.0,-1.0,-8.33,2.07,2.07,0.2,0.28,0.25,0.0,1.0,0.16,0.0,0.33,1.0,0.67,8.33,8.33,0.08,16.67,0.2
4,高雄全家海神,109|118|123|10892,于煥亞/蘇文儒/勤明慶/詹姆斯,3,31,43.0,432.48,7.21,07:12,144.16,2.4,02:24,16.0,5.33,37.21,79.91,18.0,6.0,41.86,89.9,13.0,4.33,30.23,64.93,4.0,1.33,9.3,19.98,10.0,3.33,23.26,49.94,3.0,1.0,6.98,14.98,3.0,1.0,6.98,14.98,1.0,0.33,2.33,4.99,8.0,2.67,18.6,39.96,7.0,2.33,16.28,34.96,5.0,1.67,11.63,24.97,5.0,1.67,11.63,24.97,4.0,1.33,9.3,19.98,6.0,2.0,13.95,29.97,3.0,1.0,6.98,14.98,2.0,0.67,4.65,9.99,2.0,0.67,4.65,9.99,2.0,0.67,4.65,9.99,6.0,2.0,13.95,29.97,6.0,2.0,13.95,29.97,37.21,41.86,-4.65,143.18,-2.0,-0.67,-4.65,7.21,2.4,0.35,0.48,0.3,0.33,0.88,0.15,0.5,0.45,0.56,0.5,4.65,4.65,0.14,13.95,0.62
4,高雄全家海神,116|118|122|10894,呂威霆/蘇文儒/陳懷安/凱帝,3,18,24.0,292.09,4.87,04:52,97.36,1.62,01:37,7.0,2.33,29.17,51.76,6.0,2.0,25.0,44.37,8.0,2.67,33.33,59.16,2.0,0.67,8.33,14.79,4.0,1.33,16.67,29.58,0.0,0.0,0.0,0.0,4.0,1.33,16.67,29.58,2.0,0.67,8.33,14.79,2.0,0.67,8.33,14.79,1.0,0.33,4.17,7.39,1.0,0.33,4.17,7.39,5.0,1.67,20.83,36.97,1.0,0.33,4.17,7.39,4.0,1.33,16.67,29.58,1.0,0.33,4.17,7.39,1.0,0.33,4.17,7.39,0.0,0.0,0.0,0.0,0.0,0.0,0.0,0.0,6.0,2.0,25.0,44.37,4.0,1.33,16.67,29.58,29.17,25.0,4.17,118.32,1.0,0.33,4.17,4.87,1.62,0.38,0.39,0.0,0.5,0.5,0.1,0.5,0.2,0.83,0.55,0.0,0.0,0.25,16.67,0.25
4,高雄全家海神,118|121|122|10894,蘇文儒/吳曉謹/陳懷安/凱帝,3,21,26.0,310.12,5.17,05:10,103.37,1.72,01:43,9.0,3.0,34.62,62.69,12.0,4.0,46.15,83.58,7.0,2.33,26.92,48.76,2.0,0.67,7.69,13.93,3.0,1.0,11.54,20.9,1.0,0.33,3.85,6.97,4.0,1.33,15.38,27.86,1.0,0.33,3.85,6.97,4.0,1.33,15.38,27.86,4.0,1.33,15.38,27.86,1.0,0.33,3.85,6.97,4.0,1.33,15.38,27.86,2.0,0.67,7.69,13.93,2.0,0.67,7.69,13.93,2.0,0.67,7.69,13.93,0.0,0.0,0.0,0.0,0.0,0.0,0.0,0.0,0.0,0.0,0.0,0.0,4.0,1.33,15.38,27.86,7.0,2.33,26.92,48.76,34.62,46.15,-11.54,120.73,-3.0,-1.0,-11.54,5.17,1.72,0.36,0.51,0.33,0.25,1.0,0.19,0.0,0.33,0.67,0.56,0.0,0.0,0.15,26.92,0.57
4,新北國王,10872|10874|10875|10876,林彥廷/熊祥泰/傑登/尚迪,4,20,26.0,296.58,4.94,04:57,74.14,1.24,01:14,6.0,1.5,23.08,43.7,12.0,3.0,46.15,87.4,8.0,2.0,30.77,58.26,1.0,0.25,3.85,7.28,5.0,1.25,19.23,36.42,0.0,0.0,0.0,0.0,3.0,0.75,11.54,21.85,1.0,0.25,3.85,7.28,4.0,1.0,15.38,29.13,3.0,0.75,11.54,21.85,2.0,0.5,7.69,14.57,5.0,1.25,19.23,36.42,2.0,0.5,7.69,14.57,2.0,0.5,7.69,14.57,2.0,0.5,7.69,14.57,2.0,0.5,7.69,14.57,1.0,0.25,3.85,7.28,0.0,0.0,0.0,0.0,4.0,1.0,15.38,29.13,2.0,0.5,7.69,14.57,23.08,46.15,-23.08,126.24,-6.0,-1.5,-23.08,4.94,1.24,0.19,0.31,0.0,0.33,0.75,0.17,2.0,0.5,0.71,0.64,3.85,0.0,0.15,7.69,0.5
4,新北國王,21|22|10872|10876,李愷諺/簡祐哲/林彥廷/尚迪,3,56,69.0,758.45,12.64,12:38,252.82,4.21,04:13,30.0,10.0,43.48,85.44,18.0,6.0,26.09,51.26,26.0,8.67,37.68,74.05,13.0,4.33,18.84,37.02,20.0,6.67,28.99,56.96,12.0,4.0,17.39,34.18,6.0,2.0,8.7,17.09,1.0,0.33,1.45,2.85,7.0,2.33,10.14,19.94,3.0,1.0,4.35,8.54,5.0,1.67,7.25,14.24,10.0,3.33,14.49,28.48,4.0,1.33,5.8,11.39,12.0,4.0,17.39,34.18,4.0,1.33,5.8,11.39,4.0,1.33,5.8,11.39,2.0,0.67,2.9,5.7,1.0,0.33,1.45,2.85,6.0,2.0,8.7,17.09,12.0,4.0,17.39,34.18,43.48,26.09,17.39,131.0,12.0,4.0,17.39,12.64,4.21,0.52,0.52,0.6,0.17,0.43,0.12,0.31,0.29,0.71,0.48,2.9,1.45,0.09,17.39,0.27
4,新北國王,21|10872|10875|10876,李愷諺/林彥廷/傑登/尚迪,5,122,151.0,1770.53,29.51,29:31,354.11,5.9,05:54,65.0,13.0,43.05,79.3,48.0,9.6,31.79,58.56,54.0,10.8,35.76,65.88,24.0,4.8,15.89,29.28,39.0,7.8,25.83,47.58,19.0,3.8,12.58,23.18,15.0,3.0,9.93,18.3,5.0,1.0,3.31,6.1,21.0,4.2,13.91,25.62,12.0,2.4,7.95,14.64,14.0,2.8,9.27,17.08,20.0,4.0,13.25,24.4,10.0,2.0,6.62,12.2,21.0,4.2,13.91,25.62,11.0,2.2,7.28,13.42,10.0,2.0,6.62,12.2,6.0,1.2,3.97,7.32,3.0,0.6,1.99,3.66,17.0,3.4,11.26,20.74,17.0,3.4,11.26,20.74,43.05,31.79,11.26,122.81,17.0,3.4,11.26,29.51,5.9,0.49,0.51,0.49,0.33,0.57,0.15,0.42,0.4,0.67,0.52,3.97,1.99,0.11,11.26,0.39
4,新北國王,22|10872|10875|10876,簡祐哲/林彥廷/傑登/尚迪,4,45,54.0,616.63,10.28,10:17,154.16,2.57,02:34,25.0,6.25,46.3,87.57,12.0,3.0,22.22,42.03,19.0,4.75,35.19,66.56,10.0,2.5,18.52,35.03,15.0,3.75,27.78,52.54,9.0,2.25,16.67,31.53,4.0,1.0,7.41,14.01,1.0,0.25,1.85,3.5,9.0,2.25,16.67,31.53,4.0,1.0,7.41,14.01,4.0,1.0,7.41,14.01,8.0,2.0,14.81,28.02,1.0,0.25,1.85,3.5,9.0,2.25,16.67,31.53,4.0,1.0,7.41,14.01,3.0,0.75,5.56,10.51,2.0,0.5,3.7,7.01,1.0,0.25,1.85,3.5,6.0,1.5,11.11,21.02,8.0,2.0,14.81,28.02,46.3,22.22,24.07,126.1,13.0,3.25,24.07,10.28,2.57,0.55,0.54,0.6,0.25,0.44,0.15,0.3,0.31,0.89,0.55,3.7,1.85,0.11,14.81,0.47
4,高雄全家海神,116|122|10892|10894,呂威霆/陳懷安/詹姆斯/凱帝,2,10,12.0,151.48,2.52,02:31,75.74,1.26,01:16,5.0,2.5,41.67,71.29,9.0,4.5,75.0,128.33,2.0,1.0,16.67,28.52,1.0,0.5,8.33,14.26,0.0,0.0,0.0,0.0,0.0,0.0,0.0,0.0,2.0,1.0,16.67,28.52,1.0,0.5,8.33,14.26,4.0,2.0,33.33,57.04,2.0,1.0,16.67,28.52,0.0,0.0,0.0,0.0,2.0,1.0,16.67,28.52,1.0,0.5,8.33,14.26,2.0,1.0,16.67,28.52,1.0,0.5,8.33,14.26,0.0,0.0,0.0,0.0,1.0,0.5,8.33,14.26,0.0,0.0,0.0,0.0,2.0,1.0,16.67,28.52,5.0,2.5,41.67,71.29,41.67,75.0,-33.33,114.07,-4.0,-2.0,-33.33,2.52,1.26,0.75,0.66,,0.5,0.5,0.21,0.0,0.0,0.67,0.4,8.33,0.0,0.17,41.67,2.0
4,高雄全家海神,121|122|10892|10894,吳曉謹/陳懷安/詹姆斯/凱帝,1,13,18.0,176.48,2.94,02:56,176.48,2.94,02:56,3.0,3.0,16.67,36.72,9.0,9.0,50.0,110.15,5.0,5.0,27.78,61.2,1.0,1.0,5.56,12.24,2.0,2.0,11.11,24.48,0.0,0.0,0.0,0.0,3.0,3.0,16.67,36.72,1.0,1.0,5.56,12.24,4.0,4.0,22.22,48.96,0.0,0.0,0.0,0.0,1.0,1.0,5.56,12.24,5.0,5.0,27.78,61.2,2.0,2.0,11.11,24.48,3.0,3.0,16.67,36.72,1.0,1.0,5.56,12.24,1.0,1.0,5.56,12.24,1.0,1.0,5.56,12.24,1.0,1.0,5.56,12.24,1.0,1.0,5.56,12.24,5.0,5.0,27.78,61.2,16.67,50.0,-33.33,146.87,-6.0,-6.0,-33.33,2.94,2.94,0.3,0.22,0.0,0.33,0.0,0.13,1.0,0.25,0.71,0.55,5.56,5.56,0.06,27.78,0.8
4,高雄全家海神,110|121|122|10892,胡瓏貿/吳曉謹/陳懷安/詹姆斯,1,8,12.0,118.0,1.97,01:58,118.0,1.97,01:58,3.0,3.0,25.0,54.92,5.0,5.0,41.67,91.53,4.0,4.0,33.33,73.22,1.0,1.0,8.33,18.31,2.0,2.0,16.67,36.61,0.0,0.0,0.0,0.0,2.0,2.0,16.67,36.61,1.0,1.0,8.33,18.31,2.0,2.0,16.67,36.61,0.0,0.0,0.0,0.0,1.0,1.0,8.33,18.31,3.0,3.0,25.0,54.92,2.0,2.0,16.67,36.61,2.0,2.0,16.67,36.61,0.0,0.0,0.0,0.0,1.0,1.0,8.33,18.31,0.0,0.0,0.0,0.0,1.0,1.0,8.33,18.31,1.0,1.0,8.33,18.31,5.0,5.0,41.67,91.53,25.0,41.67,-16.67,146.44,-2.0,-2.0,-16.67,1.97,1.97,0.38,0.31,0.0,0.5,0.0,0.0,1.0,0.33,0.6,0.5,0.0,8.33,0.08,41.67,0.5
4,高雄全家海神,110|121|122|10894,胡瓏貿/吳曉謹/陳懷安/凱帝,4,44,50.0,704.02,11.73,11:44,176.0,2.93,02:56,17.0,4.25,34.0,52.16,33.0,8.25,66.0,101.25,18.0,4.5,36.0,55.23,7.0,1.75,14.0,21.48,10.0,2.5,20.0,30.68,6.0,1.5,12.0,18.41,8.0,2.0,16.0,24.54,1.0,0.25,2.0,3.07,6.0,1.5,12.0,18.41,2.0,0.5,4.0,6.14,1.0,0.25,2.0,3.07,12.0,3.0,24.0,36.82,4.0,1.0,8.0,12.27,5.0,1.25,10.0,15.34,2.0,0.5,4.0,6.14,3.0,0.75,6.0,9.2,1.0,0.25,2.0,3.07,1.0,0.25,2.0,3.07,4.0,1.0,8.0,12.27,8.0,2.0,16.0,24.54,34.0,66.0,-32.0,102.27,-16.0,-4.0,-32.0,11.73,2.93,0.42,0.41,0.6,0.12,0.33,0.09,0.43,0.17,0.75,0.59,2.0,2.0,0.08,16.0,0.33
4,高雄全家海神,110|122|10892|10894,胡瓏貿/陳懷安/詹姆斯/凱帝,4,102,135.0,1684.09,28.07,28:04,421.02,7.02,07:01,51.0,12.75,37.78,65.41,59.0,14.75,43.7,75.67,46.0,11.5,34.07,59.0,20.0,5.0,14.81,25.65,21.0,5.25,15.56,26.93,12.0,3.0,8.89,15.39,25.0,6.25,18.52,32.06,8.0,2.0,5.93,10.26,9.0,2.25,6.67,11.54,4.0,1.0,2.96,5.13,7.0,1.75,5.19,8.98,21.0,5.25,15.56,26.93,16.0,4.0,11.85,20.52,17.0,4.25,12.59,21.8,10.0,2.5,7.41,12.83,9.0,2.25,6.67,11.54,6.0,1.5,4.44,7.7,1.0,0.25,0.74,1.28,11.0,2.75,8.15,14.11,14.0,3.5,10.37,17.96,37.78,43.7,-5.93,115.43,-8.0,-2.0,-5.93,28.07,7.02,0.52,0.51,0.57,0.32,0.44,0.17,0.45,0.29,0.57,0.46,4.44,0.74,0.08,10.37,0.2
4,高雄全家海神,110|118|122|10892,胡瓏貿/蘇文儒/陳懷安/詹姆斯,4,67,89.0,1154.65,19.24,19:15,288.66,4.81,04:49,40.0,10.0,44.94,74.83,37.0,9.25,41.57,69.22,33.0,8.25,37.08,61.73,15.0,3.75,16.85,28.06,14.0,3.5,15.73,26.19,8.0,2.0,8.99,14.97,19.0,4.75,21.35,35.54,7.0,1.75,7.87,13.09,7.0,1.75,7.87,13.09,4.0,1.0,4.49,7.48,5.0,1.25,5.62,9.35,14.0,3.5,15.73,26.19,9.0,2.25,10.11,16.84,12.0,3.0,13.48,22.45,5.0,1.25,5.62,9.35,7.0,1.75,7.87,13.09,2.0,0.5,2.25,3.74,0.0,0.0,0.0,0.0,8.0,2.0,8.99,14.97,8.0,2.0,8.99,14.97,44.94,41.57,3.37,110.99,3.0,0.75,3.37,19.24,4.81,0.56,0.55,0.57,0.37,0.57,0.12,0.47,0.29,0.61,0.48,2.25,0.0,0.09,8.99,0.21
4,高雄全家海神,118|122|10892|10894,蘇文儒/陳懷安/詹姆斯/凱帝,4,74,97.0,1251.65,20.86,20:52,312.91,5.22,05:13,43.0,10.75,44.33,74.21,40.0,10.0,41.24,69.03,37.0,9.25,38.14,63.85,16.0,4.0,16.49,27.61,17.0,4.25,17.53,29.34,8.0,2.0,8.25,13.81,20.0,5.0,20.62,34.51,8.0,2.0,8.25,13.81,7.0,1.75,7.22,12.08,4.0,1.0,4.12,6.9,6.0,1.5,6.19,10.35,16.0,4.0,16.49,27.61,10.0,2.5,10.31,17.26,13.0,3.25,13.4,22.43,5.0,1.25,5.15,8.63,7.0,1.75,7.22,12.08,2.0,0.5,2.06,3.45,1.0,0.25,1.03,1.73,8.0,2.0,8.25,13.81,8.0,2.0,8.25,13.81,44.33,41.24,3.09,111.6,3.0,0.75,3.09,20.86,5.22,0.54,0.54,0.47,0.4,0.57,0.11,0.44,0.32,0.62,0.49,2.06,1.03,0.08,8.25,0.19
4,新北國王,21|22|29|867,李愷諺/簡祐哲/林書緯/桑尼,2,18,24.0,270.34,4.51,04:30,135.17,2.25,02:15,9.0,4.5,37.5,71.91,17.0,8.5,70.83,135.83,7.0,3.5,29.17,55.93,4.0,2.0,16.67,31.96,3.0,1.5,12.5,23.97,3.0,1.5,12.5,23.97,4.0,2.0,16.67,31.96,1.0,0.5,4.17,7.99,2.0,1.0,8.33,15.98,0.0,0.0,0.0,0.0,1.0,0.5,4.17,7.99,3.0,1.5,12.5,23.97,2.0,1.0,8.33,15.98,3.0,1.5,12.5,23.97,2.0,1.0,8.33,15.98,2.0,1.0,8.33,15.98,1.0,0.5,4.17,7.99,0.0,0.0,0.0,0.0,3.0,1.5,12.5,23.97,4.0,2.0,16.67,31.96,37.5,70.83,-33.33,127.84,-8.0,-4.0,-33.33,4.51,2.25,0.64,0.57,1.0,0.25,0.0,0.2,0.5,0.25,0.6,0.44,4.17,0.0,0.12,16.67,0.29
4,新北國王,21|22|867|10876,李愷諺/簡祐哲/桑尼/尚迪,2,40,49.0,645.51,10.76,10:46,322.75,5.38,05:23,28.0,14.0,57.14,93.69,31.0,15.5,63.27,103.73,14.0,7.0,28.57,46.85,10.0,5.0,20.41,33.46,9.0,4.5,18.37,30.12,8.0,4.0,16.33,26.77,5.0,2.5,10.2,16.73,2.0,1.0,4.08,6.69,7.0,3.5,14.29,23.42,6.0,3.0,12.24,20.08,3.0,1.5,6.12,10.04,3.0,1.5,6.12,10.04,3.0,1.5,6.12,10.04,6.0,3.0,12.24,20.08,6.0,3.0,12.24,20.08,5.0,2.5,10.2,16.73,3.0,1.5,6.12,10.04,0.0,0.0,0.0,0.0,8.0,4.0,16.33,26.77,8.0,4.0,16.33,26.77,57.14,63.27,-6.12,109.31,-3.0,-1.5,-6.12,10.76,5.38,0.79,0.82,0.89,0.4,0.86,0.26,0.5,0.33,0.5,0.4,6.12,0.0,0.16,16.33,0.5
4,新北國王,22|29|867|10876,簡祐哲/林書緯/桑尼/尚迪,2,19,25.0,269.92,4.5,04:30,134.96,2.25,02:15,15.0,7.5,60.0,120.03,13.0,6.5,52.0,104.03,8.0,4.0,32.0,64.02,7.0,3.5,28.0,56.02,7.0,3.5,28.0,56.02,6.0,3.0,24.0,48.01,1.0,0.5,4.0,8.0,1.0,0.5,4.0,8.0,0.0,0.0,0.0,0.0,0.0,0.0,0.0,0.0,0.0,0.0,0.0,0.0,1.0,0.5,4.0,8.0,2.0,1.0,8.0,16.0,3.0,1.5,12.0,24.01,2.0,1.0,8.0,16.0,6.0,3.0,24.0,48.01,1.0,0.5,4.0,8.0,0.0,0.0,0.0,0.0,2.0,1.0,8.0,16.0,6.0,3.0,24.0,48.01,60.0,52.0,8.0,133.37,2.0,1.0,8.0,4.5,2.25,0.94,0.94,0.86,1.0,,0.2,0.86,0.0,0.33,0.17,4.0,0.0,0.08,24.0,0.0
4,高雄全家海神,109|110|118|123,于煥亞/胡瓏貿/蘇文儒/勤明慶,1,8,12.0,104.92,1.75,01:45,104.92,1.75,01:45,6.0,6.0,50.0,123.52,7.0,7.0,58.33,144.1,4.0,4.0,33.33,82.35,2.0,2.0,16.67,41.17,3.0,3.0,25.0,61.76,2.0,2.0,16.67,41.17,1.0,1.0,8.33,20.59,0.0,0.0,0.0,0.0,3.0,3.0,25.0,61.76,2.0,2.0,16.67,41.17,2.0,2.0,16.67,41.17,1.0,1.0,8.33,20.59,1.0,1.0,8.33,20.59,1.0,1.0,8.33,20.59,0.0,0.0,0.0,0.0,1.0,1.0,8.33,20.59,0.0,0.0,0.0,0.0,0.0,0.0,0.0,0.0,2.0,2.0,16.67,41.17,0.0,0.0,0.0,0.0,50.0,58.33,-8.33,164.69,-1.0,-1.0,-8.33,1.75,1.75,0.5,0.56,0.67,0.0,0.67,0.0,0.5,0.67,0.5,0.6,0.0,0.0,0.17,0.0,0.75
4,高雄全家海神,109|110|123|10892,于煥亞/胡瓏貿/勤明慶/詹姆斯,2,15,20.0,212.0,3.53,03:32,106.0,1.77,01:46,9.0,4.5,45.0,91.7,11.0,5.5,55.0,112.08,6.0,3.0,30.0,61.13,3.0,1.5,15.0,30.57,5.0,2.5,25.0,50.94,3.0,1.5,15.0,30.57,1.0,0.5,5.0,10.19,0.0,0.0,0.0,0.0,7.0,3.5,35.0,71.32,3.0,1.5,15.0,30.57,2.0,1.0,10.0,20.38,3.0,1.5,15.0,30.57,2.0,1.0,10.0,20.38,1.0,0.5,5.0,10.19,0.0,0.0,0.0,0.0,1.0,0.5,5.0,10.19,0.0,0.0,0.0,0.0,0.0,0.0,0.0,0.0,3.0,1.5,15.0,30.57,2.0,1.0,10.0,20.38,45.0,55.0,-10.0,135.85,-2.0,-1.0,-10.0,3.53,1.77,0.5,0.5,0.6,0.0,0.43,0.0,0.33,0.67,0.6,0.62,0.0,0.0,0.15,10.0,1.17
4,高雄全家海神,110|118|123|10892,胡瓏貿/蘇文儒/勤明慶/詹姆斯,1,8,12.0,100.92,1.68,01:41,100.92,1.68,01:41,6.0,6.0,50.0,128.41,7.0,7.0,58.33,149.82,4.0,4.0,33.33,85.61,2.0,2.0,16.67,42.8,3.0,3.0,25.0,64.21,2.0,2.0,16.67,42.8,1.0,1.0,8.33,21.4,0.0,0.0,0.0,0.0,3.0,3.0,25.0,64.21,2.0,2.0,16.67,42.8,2.0,2.0,16.67,42.8,1.0,1.0,8.33,21.4,1.0,1.0,8.33,21.4,1.0,1.0,8.33,21.4,0.0,0.0,0.0,0.0,1.0,1.0,8.33,21.4,0.0,0.0,0.0,0.0,0.0,0.0,0.0,0.0,2.0,2.0,16.67,42.8,0.0,0.0,0.0,0.0,50.0,58.33,-8.33,171.22,-1.0,-1.0,-8.33,1.68,1.68,0.5,0.56,0.67,0.0,0.67,0.0,0.5,0.67,0.5,0.6,0.0,0.0,0.17,0.0,0.75
4,新北國王,21|29|867|10872,李愷諺/林書緯/桑尼/林彥廷,2,22,28.0,294.68,4.91,04:55,147.34,2.46,02:27,12.0,6.0,42.86,87.96,4.0,2.0,14.29,29.32,9.0,4.5,32.14,65.97,2.0,1.0,7.14,14.66,8.0,4.0,28.57,58.64,2.0,1.0,7.14,14.66,1.0,0.5,3.57,7.33,0.0,0.0,0.0,0.0,12.0,6.0,42.86,87.96,8.0,4.0,28.57,58.64,5.0,2.5,17.86,36.65,5.0,2.5,17.86,36.65,1.0,0.5,3.57,7.33,3.0,1.5,10.71,21.99,1.0,0.5,3.57,7.33,1.0,0.5,3.57,7.33,0.0,0.0,0.0,0.0,1.0,0.5,3.57,7.33,4.0,2.0,14.29,29.32,0.0,0.0,0.0,0.0,42.86,14.29,28.57,136.82,8.0,4.0,28.57,4.91,2.46,0.22,0.42,0.25,0.0,0.67,0.07,0.5,0.62,0.83,0.71,0.0,3.57,0.14,0.0,1.33
4,新北國王,21|29|10872|10876,李愷諺/林書緯/林彥廷/尚迪,3,11,17.0,166.57,2.78,02:47,55.52,0.93,00:56,6.0,2.0,35.29,77.81,4.0,1.33,23.53,51.87,4.0,1.33,23.53,51.87,1.0,0.33,5.88,12.97,3.0,1.0,17.65,38.9,1.0,0.33,5.88,12.97,1.0,0.33,5.88,12.97,0.0,0.0,0.0,0.0,8.0,2.67,47.06,103.74,4.0,1.33,23.53,51.87,3.0,1.0,17.65,38.9,2.0,0.67,11.76,25.94,3.0,1.0,17.65,38.9,1.0,0.33,5.88,12.97,0.0,0.0,0.0,0.0,1.0,0.33,5.88,12.97,0.0,0.0,0.0,0.0,1.0,0.33,5.88,12.97,3.0,1.0,17.65,38.9,0.0,0.0,0.0,0.0,35.29,23.53,11.76,146.97,2.0,0.67,11.76,2.78,0.93,0.25,0.4,0.33,0.0,0.5,0.0,1.0,0.75,0.4,0.56,0.0,5.88,0.18,0.0,2.0
4,福爾摩沙夢想家,79|89|99|106,張宗憲/蔣淯安/盧冠良/高柏鎧,6,100,113.0,1676.02,27.93,27:56,279.34,4.66,04:39,46.0,7.67,40.71,59.28,59.0,9.83,52.21,76.04,39.0,6.5,34.51,50.26,18.0,3.0,15.93,23.2,26.0,4.33,23.01,33.51,15.0,2.5,13.27,19.33,13.0,2.17,11.5,16.75,3.0,0.5,2.65,3.87,15.0,2.5,13.27,19.33,9.0,1.5,7.96,11.6,6.0,1.0,5.31,7.73,17.0,2.83,15.04,21.91,8.0,1.33,7.08,10.31,18.0,3.0,15.93,23.2,9.0,1.5,7.96,11.6,9.0,1.5,7.96,11.6,3.0,0.5,2.65,3.87,2.0,0.33,1.77,2.58,14.0,2.33,12.39,18.04,10.0,1.67,8.85,12.89,40.71,52.21,-11.5,97.09,-13.0,-2.17,-11.5,27.93,4.66,0.5,0.5,0.58,0.23,0.6,0.16,0.5,0.25,0.68,0.47,2.65,1.77,0.12,8.85,0.38
4,福爾摩沙夢想家,79|89|99|107,張宗憲/蔣淯安/盧冠良/霍爾曼,12,141,166.0,2348.02,39.13,39:08,195.67,3.26,03:16,84.0,7.0,50.6,77.27,68.0,5.67,40.96,62.55,65.0,5.42,39.16,59.8,32.0,2.67,19.28,29.44,43.0,3.58,25.9,39.56,24.0,2.0,14.46,22.08,22.0,1.83,13.25,20.24,8.0,0.67,4.82,7.36,18.0,1.5,10.84,16.56,12.0,1.0,7.23,11.04,15.0,1.25,9.04,13.8,20.0,1.67,12.05,18.4,11.0,0.92,6.63,10.12,29.0,2.42,17.47,26.68,12.0,1.0,7.23,11.04,12.0,1.0,7.23,11.04,6.0,0.5,3.61,5.52,3.0,0.25,1.81,2.76,17.0,1.42,10.24,15.64,11.0,0.92,6.63,10.12,50.6,40.96,9.64,101.8,16.0,1.33,9.64,39.13,3.26,0.55,0.58,0.56,0.36,0.67,0.14,0.38,0.34,0.65,0.47,3.61,1.81,0.1,6.63,0.28
4,福爾摩沙夢想家,79|89|106|107,張宗憲/蔣淯安/高柏鎧/霍爾曼,14,338,401.0,5567.27,92.79,92:47,397.66,6.63,06:38,169.0,12.07,42.14,65.57,178.0,12.71,44.39,69.06,131.0,9.36,32.67,50.83,61.0,4.36,15.21,23.67,75.0,5.36,18.7,29.1,42.0,3.0,10.47,16.3,56.0,4.0,13.97,21.73,19.0,1.36,4.74,7.37,40.0,2.86,9.98,15.52,28.0,2.0,6.98,10.86,20.0,1.43,4.99,7.76,53.0,3.79,13.22,20.56,30.0,2.14,7.48,11.64,72.0,5.14,17.96,27.93,39.0,2.79,9.73,15.13,34.0,2.43,8.48,13.19,18.0,1.29,4.49,6.98,4.0,0.29,1.0,1.55,45.0,3.21,11.22,17.46,42.0,3.0,10.47,16.3,42.14,44.39,-2.24,103.72,-9.0,-0.64,-2.24,92.79,6.63,0.54,0.57,0.56,0.34,0.7,0.21,0.56,0.22,0.64,0.42,4.49,1.0,0.11,10.47,0.31
4,福爾摩沙夢想家,79|99|106|107,張宗憲/盧冠良/高柏鎧/霍爾曼,7,106,120.0,1707.32,28.46,28:27,243.9,4.07,04:04,59.0,8.43,49.17,74.64,61.0,8.71,50.83,77.17,44.0,6.29,36.67,55.67,23.0,3.29,19.17,29.1,26.0,3.71,21.67,32.89,17.0,2.43,14.17,21.51,18.0,2.57,15.0,22.77,6.0,0.86,5.0,7.59,17.0,2.43,14.17,21.51,9.0,1.29,7.5,11.39,7.0,1.0,5.83,8.86,16.0,2.29,13.33,20.24,7.0,1.0,5.83,8.86,21.0,3.0,17.5,26.57,8.0,1.14,6.67,10.12,11.0,1.57,9.17,13.92,3.0,0.43,2.5,3.8,1.0,0.14,0.83,1.27,17.0,2.43,14.17,21.51,13.0,1.86,10.83,16.45,49.17,50.83,-1.67,101.21,-2.0,-0.29,-1.67,28.46,4.07,0.59,0.57,0.65,0.33,0.53,0.13,0.48,0.25,0.7,0.45,2.5,0.83,0.14,10.83,0.39
4,福爾摩沙夢想家,89|99|106|107,蔣淯安/盧冠良/高柏鎧/霍爾曼,10,186,214.0,3066.3,51.11,51:06,306.63,5.11,05:07,111.0,11.1,51.87,78.19,95.0,9.5,44.39,66.92,75.0,7.5,35.05,52.83,37.0,3.7,17.29,26.06,41.0,4.1,19.16,28.88,23.0,2.3,10.75,16.2,34.0,3.4,15.89,23.95,14.0,1.4,6.54,9.86,31.0,3.1,14.49,21.84,23.0,2.3,10.75,16.2,13.0,1.3,6.07,9.16,26.0,2.6,12.15,18.32,13.0,1.3,6.07,9.16,44.0,4.4,20.56,31.0,17.0,1.7,7.94,11.98,20.0,2.0,9.35,14.09,6.0,0.6,2.8,4.23,2.0,0.2,0.93,1.41,25.0,2.5,11.68,17.61,18.0,1.8,8.41,12.68,51.87,44.39,7.48,100.5,16.0,1.6,7.48,51.11,5.11,0.59,0.63,0.56,0.41,0.74,0.16,0.54,0.23,0.67,0.41,2.8,0.93,0.12,8.41,0.41
4,新北國王,21|29|34|10874,李愷諺/林書緯/沃許本/熊祥泰,11,164,195.0,2639.15,43.99,43:59,239.92,4.0,04:00,90.0,8.18,46.15,73.66,77.0,7.0,39.49,63.02,75.0,6.82,38.46,61.38,34.0,3.09,17.44,27.83,47.0,4.27,24.1,38.47,28.0,2.55,14.36,22.92,28.0,2.55,14.36,22.92,6.0,0.55,3.08,4.91,19.0,1.73,9.74,15.55,15.0,1.36,7.69,12.28,13.0,1.18,6.67,10.64,29.0,2.64,14.87,23.73,12.0,1.09,6.15,9.82,35.0,3.18,17.95,28.65,12.0,1.09,6.15,9.82,17.0,1.55,8.72,13.91,5.0,0.45,2.56,4.09,3.0,0.27,1.54,2.46,20.0,1.82,10.26,16.37,15.0,1.36,7.69,12.28,46.15,39.49,6.67,106.4,13.0,1.18,6.67,43.99,4.0,0.49,0.54,0.6,0.21,0.79,0.13,0.5,0.27,0.71,0.47,2.56,1.54,0.1,7.69,0.25
4,新北國王,21|29|34|10876,李愷諺/林書緯/沃許本/尚迪,2,34,39.0,458.73,7.65,07:39,229.36,3.82,03:49,19.0,9.5,48.72,89.47,17.0,8.5,43.59,80.05,10.0,5.0,25.64,47.09,6.0,3.0,15.38,28.25,6.0,3.0,15.38,28.25,4.0,2.0,10.26,18.83,4.0,2.0,10.26,18.83,2.0,1.0,5.13,9.42,7.0,3.5,17.95,32.96,5.0,2.5,12.82,23.54,1.0,0.5,2.56,4.71,4.0,2.0,10.26,18.83,4.0,2.0,10.26,18.83,4.0,2.0,10.26,18.83,5.0,2.5,12.82,23.54,2.0,1.0,5.13,9.42,3.0,1.5,7.69,14.13,0.0,0.0,0.0,0.0,5.0,2.5,12.82,23.54,4.0,2.0,10.26,18.83,48.72,43.59,5.13,122.43,2.0,1.0,5.13,7.65,3.82,0.7,0.73,0.67,0.5,0.71,0.28,0.33,0.2,0.5,0.38,7.69,0.0,0.13,10.26,0.7
4,新北國王,21|34|10874|10876,李愷諺/沃許本/熊祥泰/尚迪,2,31,34.0,370.08,6.17,06:10,185.04,3.08,03:05,17.0,8.5,50.0,99.22,14.0,7.0,41.18,81.71,9.0,4.5,26.47,52.53,6.0,3.0,17.65,35.02,6.0,3.0,17.65,35.02,5.0,2.5,14.71,29.18,3.0,1.5,8.82,17.51,1.0,0.5,2.94,5.84,5.0,2.5,14.71,29.18,4.0,2.0,11.76,23.35,1.0,0.5,2.94,5.84,3.0,1.5,8.82,17.51,1.0,0.5,2.94,5.84,5.0,2.5,14.71,29.18,4.0,2.0,11.76,23.35,2.0,1.0,5.88,11.67,3.0,1.5,8.82,17.51,0.0,0.0,0.0,0.0,4.0,2.0,11.76,23.35,4.0,2.0,11.76,23.35,50.0,41.18,8.82,132.29,3.0,1.5,8.82,6.17,3.08,0.72,0.76,0.83,0.33,0.8,0.26,0.33,0.17,0.75,0.4,8.82,0.0,0.12,11.76,0.56
4,新北國王,29|34|10874|10876,林書緯/沃許本/熊祥泰/尚迪,3,34,39.0,444.14,7.4,07:24,148.05,2.47,02:28,15.0,5.0,38.46,72.95,12.0,4.0,30.77,58.36,11.0,3.67,28.21,53.5,5.0,1.67,12.82,24.32,6.0,2.0,15.38,29.18,3.0,1.0,7.69,14.59,5.0,1.67,12.82,24.32,2.0,0.67,5.13,9.73,3.0,1.0,7.69,14.59,3.0,1.0,7.69,14.59,2.0,0.67,5.13,9.73,4.0,1.33,10.26,19.45,1.0,0.33,2.56,4.86,5.0,1.67,12.82,24.32,5.0,1.67,12.82,24.32,1.0,0.33,2.56,4.86,4.0,1.33,10.26,19.45,1.0,0.33,2.56,4.86,2.0,0.67,5.13,9.73,2.0,0.67,5.13,9.73,38.46,30.77,7.69,126.45,3.0,1.0,7.69,7.4,2.47,0.55,0.61,0.5,0.4,1.0,0.29,0.2,0.29,0.8,0.5,10.26,2.56,0.05,5.13,0.27
4,福爾摩沙夢想家,79|89|101|103,張宗憲/蔣淯安/周柏臣/忻沃克,3,21,26.0,282.13,4.7,04:42,94.04,1.57,01:34,5.0,1.67,19.23,38.28,20.0,6.67,76.92,153.12,6.0,2.0,23.08,45.94,1.0,0.33,3.85,7.66,3.0,1.0,11.54,22.97,0.0,0.0,0.0,0.0,3.0,1.0,11.54,22.97,1.0,0.33,3.85,7.66,4.0,1.33,15.38,30.62,2.0,0.67,7.69,15.31,2.0,0.67,7.69,15.31,4.0,1.33,15.38,30.62,1.0,0.33,3.85,7.66,1.0,0.33,3.85,7.66,5.0,1.67,19.23,38.28,1.0,0.33,3.85,7.66,2.0,0.67,7.69,15.31,0.0,0.0,0.0,0.0,1.0,0.33,3.85,7.66,3.0,1.0,11.54,22.97,19.23,76.92,-57.69,132.71,-15.0,-5.0,-57.69,4.7,1.57,0.25,0.32,0.0,0.33,0.5,0.39,1.0,0.67,0.8,0.75,7.69,0.0,0.04,11.54,0.67
4,福爾摩沙夢想家,79|89|101|107,張宗憲/蔣淯安/周柏臣/霍爾曼,3,50,62.0,702.21,11.7,11:42,234.07,3.9,03:54,22.0,7.33,35.48,67.67,28.0,9.33,45.16,86.13,17.0,5.67,27.42,52.29,7.0,2.33,11.29,21.53,12.0,4.0,19.35,36.91,6.0,2.0,9.68,18.46,5.0,1.67,8.06,15.38,1.0,0.33,1.61,3.08,9.0,3.0,14.52,27.68,8.0,2.67,12.9,24.61,5.0,1.67,8.06,15.38,5.0,1.67,8.06,15.38,4.0,1.33,6.45,12.3,7.0,2.33,11.29,21.53,9.0,3.0,14.52,27.68,2.0,0.67,3.23,6.15,4.0,1.33,6.45,12.3,2.0,0.67,3.23,6.15,4.0,1.33,6.45,12.3,2.0,0.67,3.23,6.15,35.48,45.16,-9.68,127.14,-6.0,-2.0,-9.68,11.7,3.9,0.44,0.52,0.5,0.2,0.89,0.3,0.29,0.42,0.56,0.48,6.45,3.23,0.06,3.23,0.53
4,福爾摩沙夢想家,79|89|103|107,張宗憲/蔣淯安/忻沃克/霍爾曼,22,488,587.0,7987.83,133.13,133:08,363.08,6.05,06:03,279.0,12.68,47.53,75.44,264.0,12.0,44.97,71.39,206.0,9.36,35.09,55.7,96.0,4.36,16.35,25.96,117.0,5.32,19.93,31.64,60.0,2.73,10.22,16.22,89.0,4.05,15.16,24.07,36.0,1.64,6.13,9.73,61.0,2.77,10.39,16.5,48.0,2.18,8.18,12.98,38.0,1.73,6.47,10.28,77.0,3.5,13.12,20.82,36.0,1.64,6.13,9.73,89.0,4.05,15.16,24.07,52.0,2.36,8.86,14.06,65.0,2.95,11.07,17.58,26.0,1.18,4.43,7.03,6.0,0.27,1.02,1.62,67.0,3.05,11.41,18.12,53.0,2.41,9.03,14.33,47.53,44.97,2.56,105.82,15.0,0.68,2.56,133.13,6.05,0.55,0.6,0.51,0.4,0.79,0.18,0.68,0.3,0.68,0.48,4.43,1.02,0.11,9.03,0.3
4,福爾摩沙夢想家,79|101|103|107,張宗憲/周柏臣/忻沃克/霍爾曼,3,22,25.0,268.57,4.48,04:29,89.52,1.49,01:30,3.0,1.0,12.0,24.13,19.0,6.33,76.0,152.81,4.0,1.33,16.0,32.17,1.0,0.33,4.0,8.04,2.0,0.67,8.0,16.09,1.0,0.33,4.0,8.04,2.0,0.67,8.0,16.09,0.0,0.0,0.0,0.0,2.0,0.67,8.0,16.09,1.0,0.33,4.0,8.04,1.0,0.33,4.0,8.04,2.0,0.67,8.0,16.09,1.0,0.33,4.0,8.04,0.0,0.0,0.0,0.0,7.0,2.33,28.0,56.3,0.0,0.0,0.0,0.0,2.0,0.67,8.0,16.09,0.0,0.0,0.0,0.0,0.0,0.0,0.0,0.0,0.0,0.0,0.0,0.0,12.0,76.0,-64.0,134.04,-16.0,-5.33,-64.0,4.48,1.49,0.25,0.31,0.5,0.0,0.5,0.59,0.0,1.0,0.67,0.75,8.0,0.0,0.0,0.0,0.5
4,福爾摩沙夢想家,89|101|103|107,蔣淯安/周柏臣/忻沃克/霍爾曼,3,47,56.0,751.04,12.52,12:31,250.35,4.17,04:10,18.0,6.0,32.14,51.77,30.0,10.0,53.57,86.28,18.0,6.0,32.14,51.77,7.0,2.33,12.5,20.13,10.0,3.33,17.86,28.76,4.0,1.33,7.14,11.5,8.0,2.67,14.29,23.01,3.0,1.0,5.36,8.63,2.0,0.67,3.57,5.75,1.0,0.33,1.79,2.88,4.0,1.33,7.14,11.5,7.0,2.33,12.5,20.13,1.0,0.33,1.79,2.88,6.0,2.0,10.71,17.26,11.0,3.67,19.64,31.64,4.0,1.33,7.14,11.5,6.0,2.0,10.71,17.26,1.0,0.33,1.79,2.88,5.0,1.67,8.93,14.38,1.0,0.33,1.79,2.88,32.14,53.57,-21.43,107.37,-12.0,-4.0,-21.43,12.52,4.17,0.47,0.48,0.4,0.38,0.5,0.37,0.57,0.4,0.88,0.61,10.71,1.79,0.09,1.79,0.11
4,新北國王,29|34|10872|10874,林書緯/沃許本/林彥廷/熊祥泰,17,326,386.0,5035.4,83.92,83:55,296.2,4.94,04:56,182.0,10.71,47.15,78.07,164.0,9.65,42.49,70.35,148.0,8.71,38.34,63.49,70.0,4.12,18.13,30.03,91.0,5.35,23.58,39.04,49.0,2.88,12.69,21.02,57.0,3.35,14.77,24.45,21.0,1.24,5.44,9.01,32.0,1.88,8.29,13.73,24.0,1.41,6.22,10.3,25.0,1.47,6.48,10.72,55.0,3.24,14.25,23.59,24.0,1.41,6.22,10.3,56.0,3.29,14.51,24.02,30.0,1.76,7.77,12.87,42.0,2.47,10.88,18.02,18.0,1.06,4.66,7.72,3.0,0.18,0.78,1.29,37.0,2.18,9.59,15.87,42.0,2.47,10.88,18.02,47.15,42.49,4.66,110.39,18.0,1.06,4.66,83.92,4.94,0.54,0.56,0.54,0.37,0.75,0.16,0.6,0.31,0.7,0.5,4.66,0.78,0.1,10.88,0.22
4,新北國王,29|34|10872|10875,林書緯/沃許本/林彥廷/傑登,8,182,214.0,2878.81,47.98,47:59,359.85,6.0,06:00,94.0,11.75,43.93,70.53,106.0,13.25,49.53,79.53,81.0,10.12,37.85,60.78,36.0,4.5,16.82,27.01,50.0,6.25,23.36,37.52,25.0,3.12,11.68,18.76,31.0,3.88,14.49,23.26,11.0,1.38,5.14,8.25,17.0,2.12,7.94,12.76,14.0,1.75,6.54,10.5,9.0,1.12,4.21,6.75,37.0,4.62,17.29,27.76,15.0,1.88,7.01,11.25,29.0,3.62,13.55,21.76,10.0,1.25,4.67,7.5,23.0,2.88,10.75,17.26,7.0,0.88,3.27,5.25,3.0,0.38,1.4,2.25,18.0,2.25,8.41,13.51,21.0,2.62,9.81,15.76,43.93,49.53,-5.61,107.04,-12.0,-1.5,-5.61,47.98,6.0,0.51,0.53,0.5,0.35,0.82,0.1,0.64,0.24,0.71,0.51,3.27,1.4,0.08,9.81,0.21
4,新北國王,29|34|10874|10875,林書緯/沃許本/熊祥泰/傑登,6,105,119.0,1716.19,28.6,28:36,286.03,4.77,04:46,59.0,9.83,49.58,74.26,69.0,11.5,57.98,86.84,49.0,8.17,41.18,61.67,24.0,4.0,20.17,30.21,26.0,4.33,21.85,32.72,16.0,2.67,13.45,20.14,23.0,3.83,19.33,28.95,8.0,1.33,6.72,10.07,5.0,0.83,4.2,6.29,3.0,0.5,2.52,3.78,4.0,0.67,3.36,5.03,23.0,3.83,19.33,28.95,8.0,1.33,6.72,10.07,14.0,2.33,11.76,17.62,5.0,0.83,4.2,6.29,13.0,2.17,10.92,16.36,3.0,0.5,2.52,3.78,2.0,0.33,1.68,2.52,9.0,1.5,7.56,11.33,11.0,1.83,9.24,13.84,49.58,57.98,-8.4,99.85,-10.0,-1.67,-8.4,28.6,4.77,0.57,0.58,0.62,0.35,0.6,0.09,0.54,0.22,0.74,0.55,2.52,1.68,0.08,9.24,0.1
4,新北國王,34|10872|10874|10875,沃許本/林彥廷/熊祥泰/傑登,7,113,130.0,1785.34,29.76,29:45,255.05,4.25,04:15,78.0,11.14,60.0,94.37,70.0,10.0,53.85,84.69,63.0,9.0,48.46,76.22,32.0,4.57,24.62,38.72,41.0,5.86,31.54,49.6,24.0,3.43,18.46,29.04,22.0,3.14,16.92,26.62,8.0,1.14,6.15,9.68,10.0,1.43,7.69,12.1,7.0,1.0,5.38,8.47,9.0,1.29,6.92,10.89,23.0,3.29,17.69,27.83,5.0,0.71,3.85,6.05,16.0,2.29,12.31,19.36,2.0,0.29,1.54,2.42,16.0,2.29,12.31,19.36,2.0,0.29,1.54,2.42,1.0,0.14,0.77,1.21,12.0,1.71,9.23,14.52,13.0,1.86,10.0,15.73,60.0,53.85,6.15,104.85,8.0,1.14,6.15,29.76,4.25,0.57,0.58,0.59,0.36,0.7,0.03,0.5,0.36,0.82,0.6,1.54,0.77,0.09,10.0,0.16
4,福爾摩沙夢想家,79|86|99|101,張宗憲/林俊吉/盧冠良/周柏臣,2,28,32.0,401.38,6.69,06:41,200.69,3.34,03:21,14.0,7.0,43.75,75.34,24.0,12.0,75.0,129.15,12.0,6.0,37.5,64.58,5.0,2.5,15.62,26.91,8.0,4.0,25.0,43.05,3.0,1.5,9.38,16.14,4.0,2.0,12.5,21.53,2.0,1.0,6.25,10.76,2.0,1.0,6.25,10.76,2.0,1.0,6.25,10.76,2.0,1.0,6.25,10.76,5.0,2.5,15.62,26.91,0.0,0.0,0.0,0.0,5.0,2.5,15.62,26.91,4.0,2.0,12.5,21.53,2.0,1.0,6.25,10.76,3.0,1.5,9.38,16.14,1.0,0.5,3.12,5.38,3.0,1.5,9.38,16.14,0.0,0.0,0.0,0.0,43.75,75.0,-31.25,114.8,-10.0,-5.0,-31.25,6.69,3.34,0.5,0.54,0.38,0.5,1.0,0.24,0.4,0.29,1.0,0.58,9.38,3.12,0.09,0.0,0.17
4,福爾摩沙夢想家,79|86|99|107,張宗憲/林俊吉/盧冠良/霍爾曼,10,158,177.0,2724.43,45.41,45:24,272.44,4.54,04:32,74.0,7.4,41.81,58.67,81.0,8.1,45.76,64.22,62.0,6.2,35.03,49.16,25.0,2.5,14.12,19.82,31.0,3.1,17.51,24.58,14.0,1.4,7.91,11.1,31.0,3.1,17.51,24.58,11.0,1.1,6.21,8.72,23.0,2.3,12.99,18.24,15.0,1.5,8.47,11.89,8.0,0.8,4.52,6.34,33.0,3.3,18.64,26.16,6.0,0.6,3.39,4.76,27.0,2.7,15.25,21.41,14.0,1.4,7.91,11.1,14.0,1.4,7.91,11.1,10.0,1.0,5.65,7.93,1.0,0.1,0.56,0.79,19.0,1.9,10.73,15.06,22.0,2.2,12.43,17.44,41.81,45.76,-3.95,93.55,-7.0,-0.7,-3.95,45.41,4.54,0.49,0.51,0.45,0.35,0.65,0.16,0.56,0.23,0.85,0.55,5.65,0.56,0.11,12.43,0.37
4,福爾摩沙夢想家,79|86|101|107,張宗憲/林俊吉/周柏臣/霍爾曼,4,33,35.0,457.31,7.62,07:37,114.33,1.91,01:54,14.0,3.5,40.0,66.13,24.0,6.0,68.57,113.36,9.0,2.25,25.71,42.51,4.0,1.0,11.43,18.89,5.0,1.25,14.29,23.62,2.0,0.5,5.71,9.45,4.0,1.0,11.43,18.89,2.0,0.5,5.71,9.45,7.0,1.75,20.0,33.06,4.0,1.0,11.43,18.89,0.0,0.0,0.0,0.0,6.0,1.5,17.14,28.34,0.0,0.0,0.0,0.0,6.0,1.5,17.14,28.34,5.0,1.25,14.29,23.62,3.0,0.75,8.57,14.17,3.0,0.75,8.57,14.17,1.0,0.25,2.86,4.72,5.0,1.25,14.29,23.62,3.0,0.75,8.57,14.17,40.0,68.57,-28.57,110.21,-10.0,-2.5,-28.57,7.62,1.91,0.56,0.58,0.4,0.5,0.57,0.29,0.75,0.0,1.0,0.5,8.57,2.86,0.14,8.57,0.78
4,福爾摩沙夢想家,79|99|101|107,張宗憲/盧冠良/周柏臣/霍爾曼,2,41,49.0,621.69,10.36,10:22,310.84,5.18,05:11,25.0,12.5,51.02,86.86,22.0,11.0,44.9,76.44,18.0,9.0,36.73,62.54,9.0,4.5,18.37,31.27,12.0,6.0,24.49,41.69,6.0,3.0,12.24,20.85,6.0,3.0,12.24,20.85,3.0,1.5,6.12,10.42,4.0,2.0,8.16,13.9,4.0,2.0,8.16,13.9,3.0,1.5,6.12,10.42,6.0,3.0,12.24,20.85,2.0,1.0,4.08,6.95,9.0,4.5,18.37,31.27,4.0,2.0,8.16,13.9,2.0,1.0,4.08,6.95,4.0,2.0,8.16,13.9,2.0,1.0,4.08,6.95,5.0,2.5,10.2,17.37,0.0,0.0,0.0,0.0,51.02,44.9,6.12,113.5,3.0,1.5,6.12,10.36,5.18,0.58,0.63,0.5,0.5,1.0,0.17,0.22,0.25,0.75,0.45,8.16,4.08,0.1,0.0,0.22
4,福爾摩沙夢想家,86|99|101|107,林俊吉/盧冠良/周柏臣/霍爾曼,2,24,27.0,361.13,6.02,06:01,180.57,3.01,03:01,10.0,5.0,37.04,59.81,20.0,10.0,74.07,119.62,9.0,4.5,33.33,53.83,3.0,1.5,11.11,17.94,5.0,2.5,18.52,29.91,1.0,0.5,3.7,5.98,4.0,2.0,14.81,23.92,2.0,1.0,7.41,11.96,2.0,1.0,7.41,11.96,2.0,1.0,7.41,11.96,0.0,0.0,0.0,0.0,6.0,3.0,22.22,35.89,0.0,0.0,0.0,0.0,5.0,2.5,18.52,29.91,3.0,1.5,11.11,17.94,2.0,1.0,7.41,11.96,3.0,1.5,11.11,17.94,1.0,0.5,3.7,5.98,4.0,2.0,14.81,23.92,0.0,0.0,0.0,0.0,37.04,74.07,-37.04,107.66,-10.0,-5.0,-37.04,6.02,3.01,0.44,0.51,0.2,0.5,1.0,0.23,0.67,0.0,1.0,0.55,11.11,3.7,0.15,0.0,0.22
4,福爾摩沙夢想家,86|97|99|101,林俊吉/史承平/盧冠良/周柏臣,1,4,4.0,57.23,0.95,00:57,57.23,0.95,00:57,0.0,0.0,0.0,0.0,3.0,3.0,75.0,113.23,1.0,1.0,25.0,37.74,0.0,0.0,0.0,0.0,1.0,1.0,25.0,37.74,0.0,0.0,0.0,0.0,0.0,0.0,0.0,0.0,0.0,0.0,0.0,0.0,0.0,0.0,0.0,0.0,0.0,0.0,0.0,0.0,0.0,0.0,0.0,0.0,1.0,1.0,25.0,37.74,0.0,0.0,0.0,0.0,0.0,0.0,0.0,0.0,1.0,1.0,25.0,37.74,0.0,0.0,0.0,0.0,0.0,0.0,0.0,0.0,0.0,0.0,0.0,0.0,0.0,0.0,0.0,0.0,0.0,0.0,0.0,0.0,0.0,75.0,-75.0,100.65,-3.0,-3.0,-75.0,0.95,0.95,0.0,0.0,0.0,,,0.5,,,1.0,1.0,0.0,0.0,0.0,0.0,0.0
4,福爾摩沙夢想家,86|97|99|106,林俊吉/史承平/盧冠良/高柏鎧,1,9,9.0,98.44,1.64,01:38,98.44,1.64,01:38,3.0,3.0,33.33,65.83,5.0,5.0,55.56,109.71,2.0,2.0,22.22,43.88,0.0,0.0,0.0,0.0,2.0,2.0,22.22,43.88,0.0,0.0,0.0,0.0,0.0,0.0,0.0,0.0,0.0,0.0,0.0,0.0,3.0,3.0,33.33,65.83,3.0,3.0,33.33,65.83,0.0,0.0,0.0,0.0,2.0,2.0,22.22,43.88,0.0,0.0,0.0,0.0,1.0,1.0,11.11,21.94,2.0,2.0,22.22,43.88,0.0,0.0,0.0,0.0,1.0,1.0,11.11,21.94,0.0,0.0,0.0,0.0,2.0,2.0,22.22,43.88,0.0,0.0,0.0,0.0,33.33,55.56,-22.22,131.65,-2.0,-2.0,-22.22,1.64,1.64,0.0,0.45,0.0,,1.0,0.38,,0.0,1.0,0.67,11.11,0.0,0.22,0.0,1.5
4,福爾摩沙夢想家,86|97|101|106,林俊吉/史承平/周柏臣/高柏鎧,1,4,4.0,57.23,0.95,00:57,57.23,0.95,00:57,0.0,0.0,0.0,0.0,3.0,3.0,75.0,113.23,1.0,1.0,25.0,37.74,0.0,0.0,0.0,0.0,1.0,1.0,25.0,37.74,0.0,0.0,0.0,0.0,0.0,0.0,0.0,0.0,0.0,0.0,0.0,0.0,0.0,0.0,0.0,0.0,0.0,0.0,0.0,0.0,0.0,0.0,0.0,0.0,1.0,1.0,25.0,37.74,0.0,0.0,0.0,0.0,0.0,0.0,0.0,0.0,1.0,1.0,25.0,37.74,0.0,0.0,0.0,0.0,0.0,0.0,0.0,0.0,0.0,0.0,0.0,0.0,0.0,0.0,0.0,0.0,0.0,0.0,0.0,0.0,0.0,75.0,-75.0,100.65,-3.0,-3.0,-75.0,0.95,0.95,0.0,0.0,0.0,,,0.5,,,1.0,1.0,0.0,0.0,0.0,0.0,0.0
4,福爾摩沙夢想家,86|99|101|106,林俊吉/盧冠良/周柏臣/高柏鎧,3,17,20.0,231.4,3.86,03:51,77.13,1.29,01:17,4.0,1.33,20.0,37.34,20.0,6.67,100.0,186.69,7.0,2.33,35.0,65.34,2.0,0.67,10.0,18.67,5.0,1.67,25.0,46.67,2.0,0.67,10.0,18.67,2.0,0.67,10.0,18.67,0.0,0.0,0.0,0.0,0.0,0.0,0.0,0.0,0.0,0.0,0.0,0.0,2.0,0.67,10.0,18.67,3.0,1.0,15.0,28.0,1.0,0.33,5.0,9.33,0.0,0.0,0.0,0.0,3.0,1.0,15.0,28.0,0.0,0.0,0.0,0.0,1.0,0.33,5.0,9.33,0.0,0.0,0.0,0.0,0.0,0.0,0.0,0.0,2.0,0.67,10.0,18.67,20.0,100.0,-80.0,124.46,-16.0,-5.33,-80.0,3.86,1.29,0.29,0.29,0.4,0.0,,0.3,0.0,1.0,0.75,0.83,5.0,0.0,0.0,10.0,0.0
4,福爾摩沙夢想家,97|99|101|106,史承平/盧冠良/周柏臣/高柏鎧,1,4,4.0,57.23,0.95,00:57,57.23,0.95,00:57,0.0,0.0,0.0,0.0,3.0,3.0,75.0,113.23,1.0,1.0,25.0,37.74,0.0,0.0,0.0,0.0,1.0,1.0,25.0,37.74,0.0,0.0,0.0,0.0,0.0,0.0,0.0,0.0,0.0,0.0,0.0,0.0,0.0,0.0,0.0,0.0,0.0,0.0,0.0,0.0,0.0,0.0,0.0,0.0,1.0,1.0,25.0,37.74,0.0,0.0,0.0,0.0,0.0,0.0,0.0,0.0,1.0,1.0,25.0,37.74,0.0,0.0,0.0,0.0,0.0,0.0,0.0,0.0,0.0,0.0,0.0,0.0,0.0,0.0,0.0,0.0,0.0,0.0,0.0,0.0,0.0,75.0,-75.0,100.65,-3.0,-3.0,-75.0,0.95,0.95,0.0,0.0,0.0,,,0.5,,,1.0,1.0,0.0,0.0,0.0,0.0,0.0
4,福爾摩沙夢想家,86|97|99|103,林俊吉/史承平/盧冠良/忻沃克,1,5,5.0,41.21,0.69,00:41,41.21,0.69,00:41,3.0,3.0,60.0,157.24,2.0,2.0,40.0,104.83,1.0,1.0,20.0,52.41,0.0,0.0,0.0,0.0,1.0,1.0,20.0,52.41,0.0,0.0,0.0,0.0,0.0,0.0,0.0,0.0,0.0,0.0,0.0,0.0,3.0,3.0,60.0,157.24,3.0,3.0,60.0,157.24,0.0,0.0,0.0,0.0,1.0,1.0,20.0,52.41,0.0,0.0,0.0,0.0,1.0,1.0,20.0,52.41,1.0,1.0,20.0,52.41,0.0,0.0,0.0,0.0,1.0,1.0,20.0,52.41,0.0,0.0,0.0,0.0,2.0,2.0,40.0,104.83,0.0,0.0,0.0,0.0,60.0,40.0,20.0,174.71,1.0,1.0,20.0,0.69,0.69,0.0,0.65,0.0,,1.0,0.3,,0.0,1.0,0.5,20.0,0.0,0.4,0.0,3.0
4,福爾摩沙夢想家,86|97|103|106,林俊吉/史承平/忻沃克/高柏鎧,1,14,14.0,136.22,2.27,02:16,136.22,2.27,02:16,6.0,6.0,42.86,95.14,6.0,6.0,42.86,95.14,3.0,3.0,21.43,47.57,1.0,1.0,7.14,15.86,2.0,2.0,14.29,31.71,0.0,0.0,0.0,0.0,1.0,1.0,7.14,15.86,1.0,1.0,7.14,15.86,3.0,3.0,21.43,47.57,3.0,3.0,21.43,47.57,0.0,0.0,0.0,0.0,2.0,2.0,14.29,31.71,0.0,0.0,0.0,0.0,2.0,2.0,14.29,31.71,3.0,3.0,21.43,47.57,1.0,1.0,7.14,15.86,2.0,2.0,14.29,31.71,1.0,1.0,7.14,15.86,2.0,2.0,14.29,31.71,4.0,4.0,28.57,63.43,42.86,42.86,0.0,147.99,0.0,0.0,0.0,2.27,2.27,0.5,0.69,0.0,1.0,1.0,0.41,1.0,0.0,1.0,0.5,14.29,7.14,0.14,28.57,1.0
4,福爾摩沙夢想家,86|99|103|106,林俊吉/盧冠良/忻沃克/高柏鎧,7,50,59.0,760.59,12.68,12:41,108.66,1.81,01:49,30.0,4.29,50.85,85.2,27.0,3.86,45.76,76.68,22.0,3.14,37.29,62.48,9.0,1.29,15.25,25.56,10.0,1.43,16.95,28.4,5.0,0.71,8.47,14.2,12.0,1.71,20.34,34.08,4.0,0.57,6.78,11.36,10.0,1.43,16.95,28.4,8.0,1.14,13.56,22.72,4.0,0.57,6.78,11.36,10.0,1.43,16.95,28.4,1.0,0.14,1.69,2.84,11.0,1.57,18.64,31.24,3.0,0.43,5.08,8.52,6.0,0.86,10.17,17.04,2.0,0.29,3.39,5.68,0.0,0.0,0.0,0.0,9.0,1.29,15.25,25.56,3.0,0.43,5.08,8.52,50.85,45.76,5.08,111.7,3.0,0.43,5.08,12.68,1.81,0.5,0.57,0.5,0.33,0.8,0.1,0.67,0.27,0.91,0.54,3.39,0.0,0.15,5.08,0.45
4,福爾摩沙夢想家,97|99|103|106,史承平/盧冠良/忻沃克/高柏鎧,1,5,5.0,41.21,0.69,00:41,41.21,0.69,00:41,3.0,3.0,60.0,157.24,2.0,2.0,40.0,104.83,1.0,1.0,20.0,52.41,0.0,0.0,0.0,0.0,1.0,1.0,20.0,52.41,0.0,0.0,0.0,0.0,0.0,0.0,0.0,0.0,0.0,0.0,0.0,0.0,3.0,3.0,60.0,157.24,3.0,3.0,60.0,157.24,0.0,0.0,0.0,0.0,1.0,1.0,20.0,52.41,0.0,0.0,0.0,0.0,1.0,1.0,20.0,52.41,1.0,1.0,20.0,52.41,0.0,0.0,0.0,0.0,1.0,1.0,20.0,52.41,0.0,0.0,0.0,0.0,2.0,2.0,40.0,104.83,0.0,0.0,0.0,0.0,60.0,40.0,20.0,174.71,1.0,1.0,20.0,0.69,0.69,0.0,0.65,0.0,,1.0,0.3,,0.0,1.0,0.5,20.0,0.0,0.4,0.0,3.0
4,新北國王,21|22|29|34,李愷諺/簡祐哲/林書緯/沃許本,6,56,63.0,881.52,14.69,14:42,146.92,2.45,02:27,33.0,5.5,52.38,80.86,27.0,4.5,42.86,66.16,22.0,3.67,34.92,53.91,13.0,2.17,20.63,31.85,15.0,2.5,23.81,36.75,9.0,1.5,14.29,22.05,7.0,1.17,11.11,17.15,4.0,0.67,6.35,9.8,4.0,0.67,6.35,9.8,3.0,0.5,4.76,7.35,3.0,0.5,4.76,7.35,7.0,1.17,11.11,17.15,3.0,0.5,4.76,7.35,13.0,2.17,20.63,31.85,8.0,1.33,12.7,19.6,7.0,1.17,11.11,17.15,6.0,1.0,9.52,14.7,0.0,0.0,0.0,0.0,6.0,1.0,9.52,14.7,6.0,1.0,9.52,14.7,52.38,42.86,9.52,102.91,6.0,1.0,9.52,14.69,2.45,0.68,0.69,0.6,0.57,0.75,0.25,0.54,0.19,0.7,0.38,9.52,0.0,0.1,9.52,0.18
4,新北國王,21|22|34|10876,李愷諺/簡祐哲/沃許本/尚迪,3,20,24.0,271.04,4.52,04:31,90.35,1.51,01:30,11.0,3.67,45.83,87.66,14.0,4.67,58.33,111.57,9.0,3.0,37.5,71.72,4.0,1.33,16.67,31.88,6.0,2.0,25.0,47.82,3.0,1.0,12.5,23.91,3.0,1.0,12.5,23.91,1.0,0.33,4.17,7.97,2.0,0.67,8.33,15.94,2.0,0.67,8.33,15.94,1.0,0.33,4.17,7.97,4.0,1.33,16.67,31.88,4.0,1.33,16.67,31.88,4.0,1.33,16.67,31.88,1.0,0.33,4.17,7.97,2.0,0.67,8.33,15.94,1.0,0.33,4.17,7.97,0.0,0.0,0.0,0.0,1.0,0.33,4.17,7.97,6.0,2.0,25.0,47.82,45.83,58.33,-12.5,127.51,-3.0,-1.0,-12.5,4.52,1.51,0.5,0.56,0.5,0.33,1.0,0.09,0.5,0.2,0.5,0.38,4.17,0.0,0.04,25.0,0.22
4,新北國王,22|29|34|10876,簡祐哲/林書緯/沃許本/尚迪,3,39,43.0,596.67,9.94,09:57,198.89,3.31,03:19,15.0,5.0,34.88,54.3,22.0,7.33,51.16,79.64,14.0,4.67,32.56,50.68,5.0,1.67,11.63,18.1,8.0,2.67,18.6,28.96,3.0,1.0,6.98,10.86,6.0,2.0,13.95,21.72,2.0,0.67,4.65,7.24,6.0,2.0,13.95,21.72,4.0,1.33,9.3,14.48,1.0,0.33,2.33,3.62,8.0,2.67,18.6,28.96,2.0,0.67,4.65,7.24,8.0,2.67,18.6,28.96,5.0,1.67,11.63,18.1,3.0,1.0,6.98,10.86,1.0,0.33,2.33,3.62,2.0,0.67,4.65,7.24,3.0,1.0,6.98,10.86,2.0,0.67,4.65,7.24,34.88,51.16,-16.28,103.78,-7.0,-2.33,-16.28,9.94,3.31,0.43,0.45,0.38,0.33,0.67,0.23,0.6,0.11,0.8,0.47,2.33,4.65,0.07,4.65,0.43
4,福爾摩沙夢想家,86|91|97|103,林俊吉/簡偉儒/史承平/忻沃克,1,9,9.0,94.2,1.57,01:34,94.2,1.57,01:34,3.0,3.0,33.33,68.79,4.0,4.0,44.44,91.72,2.0,2.0,22.22,45.86,1.0,1.0,11.11,22.93,1.0,1.0,11.11,22.93,0.0,0.0,0.0,0.0,1.0,1.0,11.11,22.93,1.0,1.0,11.11,22.93,0.0,0.0,0.0,0.0,0.0,0.0,0.0,0.0,0.0,0.0,0.0,0.0,1.0,1.0,11.11,22.93,0.0,0.0,0.0,0.0,1.0,1.0,11.11,22.93,2.0,2.0,22.22,45.86,1.0,1.0,11.11,22.93,1.0,1.0,11.11,22.93,1.0,1.0,11.11,22.93,0.0,0.0,0.0,0.0,2.0,2.0,22.22,45.86,33.33,44.44,-11.11,137.59,-1.0,-1.0,-11.11,1.57,1.57,0.75,0.75,0.0,1.0,,0.5,1.0,0.0,1.0,0.5,11.11,11.11,0.0,22.22,0.0
4,福爾摩沙夢想家,86|91|97|106,林俊吉/簡偉儒/史承平/高柏鎧,1,16,17.0,184.93,3.08,03:05,184.93,3.08,03:05,7.0,7.0,41.18,81.76,12.0,12.0,70.59,140.16,3.0,3.0,17.65,35.04,2.0,2.0,11.76,23.36,1.0,1.0,5.88,11.68,0.0,0.0,0.0,0.0,2.0,2.0,11.76,23.36,2.0,2.0,11.76,23.36,2.0,2.0,11.76,23.36,1.0,1.0,5.88,11.68,0.0,0.0,0.0,0.0,2.0,2.0,11.76,23.36,0.0,0.0,0.0,0.0,1.0,1.0,5.88,11.68,3.0,3.0,17.65,35.04,3.0,3.0,17.65,35.04,1.0,1.0,5.88,11.68,1.0,1.0,5.88,11.68,4.0,4.0,23.53,46.72,2.0,2.0,11.76,23.36,41.18,70.59,-29.41,132.37,-5.0,-5.0,-29.41,3.08,3.08,1.0,0.9,0.0,1.0,0.5,0.44,1.5,0.0,1.0,0.67,5.88,5.88,0.24,11.76,0.67
4,福爾摩沙夢想家,86|91|103|106,林俊吉/簡偉儒/忻沃克/高柏鎧,2,43,45.0,574.39,9.57,09:34,287.2,4.79,04:47,19.0,9.5,42.22,71.45,21.0,10.5,46.67,78.97,17.0,8.5,37.78,63.93,8.0,4.0,17.78,30.08,12.0,6.0,26.67,45.13,7.0,3.5,15.56,26.32,5.0,2.5,11.11,18.8,1.0,0.5,2.22,3.76,2.0,1.0,4.44,7.52,2.0,1.0,4.44,7.52,1.0,0.5,2.22,3.76,7.0,3.5,15.56,26.32,1.0,0.5,2.22,3.76,9.0,4.5,20.0,33.84,3.0,1.5,6.67,11.28,4.0,2.0,8.89,15.04,2.0,1.0,4.44,7.52,3.0,1.5,6.67,11.28,3.0,1.5,6.67,11.28,4.0,2.0,8.89,15.04,42.22,46.67,-4.44,112.81,-2.0,-1.0,-4.44,9.57,4.79,0.5,0.53,0.58,0.2,1.0,0.14,0.5,0.1,0.88,0.44,4.44,6.67,0.07,8.89,0.12
4,福爾摩沙夢想家,91|97|103|106,簡偉儒/史承平/忻沃克/高柏鎧,1,22,23.0,281.57,4.69,04:42,281.57,4.69,04:42,12.0,12.0,52.17,92.06,7.0,7.0,30.43,53.7,6.0,6.0,26.09,46.03,3.0,3.0,13.04,23.01,3.0,3.0,13.04,23.01,2.0,2.0,8.7,15.34,3.0,3.0,13.04,23.01,1.0,1.0,4.35,7.67,5.0,5.0,21.74,38.36,5.0,5.0,21.74,38.36,1.0,1.0,4.35,7.67,2.0,2.0,8.7,15.34,0.0,0.0,0.0,0.0,3.0,3.0,13.04,23.01,3.0,3.0,13.04,23.01,2.0,2.0,8.7,15.34,1.0,1.0,4.35,7.67,1.0,1.0,4.35,7.67,1.0,1.0,4.35,7.67,4.0,4.0,17.39,30.69,52.17,30.43,21.74,117.63,5.0,5.0,21.74,4.69,4.69,0.58,0.73,0.67,0.33,1.0,0.27,0.67,0.25,1.0,0.5,4.35,4.35,0.04,17.39,0.83
4,福爾摩沙夢想家,86|91|97|107,林俊吉/簡偉儒/史承平/霍爾曼,1,7,8.0,90.74,1.51,01:31,90.74,1.51,01:31,4.0,4.0,50.0,95.22,8.0,8.0,100.0,190.44,1.0,1.0,12.5,23.81,1.0,1.0,12.5,23.81,0.0,0.0,0.0,0.0,0.0,0.0,0.0,0.0,1.0,1.0,12.5,23.81,1.0,1.0,12.5,23.81,2.0,2.0,25.0,47.61,1.0,1.0,12.5,23.81,0.0,0.0,0.0,0.0,1.0,1.0,12.5,23.81,0.0,0.0,0.0,0.0,0.0,0.0,0.0,0.0,1.0,1.0,12.5,23.81,2.0,2.0,25.0,47.61,0.0,0.0,0.0,0.0,0.0,0.0,0.0,0.0,4.0,4.0,50.0,95.22,0.0,0.0,0.0,0.0,50.0,100.0,-50.0,126.96,-4.0,-4.0,-50.0,1.51,1.51,1.5,1.06,,1.0,0.5,0.35,2.0,,1.0,1.0,0.0,0.0,0.5,0.0,2.0
4,福爾摩沙夢想家,86|91|106|107,林俊吉/簡偉儒/高柏鎧/霍爾曼,3,37,45.0,521.63,8.69,08:42,173.88,2.9,02:54,18.0,6.0,40.0,74.54,19.0,6.33,42.22,78.68,18.0,6.0,40.0,74.54,7.0,2.33,15.56,28.99,11.0,3.67,24.44,45.55,6.0,2.0,13.33,24.85,7.0,2.33,15.56,28.99,1.0,0.33,2.22,4.14,5.0,1.67,11.11,20.7,3.0,1.0,6.67,12.42,6.0,2.0,13.33,24.85,7.0,2.33,15.56,28.99,3.0,1.0,6.67,12.42,5.0,1.67,11.11,20.7,2.0,0.67,4.44,8.28,4.0,1.33,8.89,16.56,1.0,0.33,2.22,4.14,1.0,0.33,2.22,4.14,7.0,2.33,15.56,28.99,5.0,1.67,11.11,20.7,40.0,42.22,-2.22,124.23,-1.0,-0.33,-2.22,8.69,2.9,0.42,0.45,0.55,0.14,0.6,0.09,0.57,0.55,0.7,0.62,2.22,2.22,0.16,11.11,0.28
4,福爾摩沙夢想家,86|97|106|107,林俊吉/史承平/高柏鎧/霍爾曼,1,7,8.0,90.74,1.51,01:31,90.74,1.51,01:31,4.0,4.0,50.0,95.22,8.0,8.0,100.0,190.44,1.0,1.0,12.5,23.81,1.0,1.0,12.5,23.81,0.0,0.0,0.0,0.0,0.0,0.0,0.0,0.0,1.0,1.0,12.5,23.81,1.0,1.0,12.5,23.81,2.0,2.0,25.0,47.61,1.0,1.0,12.5,23.81,0.0,0.0,0.0,0.0,1.0,1.0,12.5,23.81,0.0,0.0,0.0,0.0,0.0,0.0,0.0,0.0,1.0,1.0,12.5,23.81,2.0,2.0,25.0,47.61,0.0,0.0,0.0,0.0,0.0,0.0,0.0,0.0,4.0,4.0,50.0,95.22,0.0,0.0,0.0,0.0,50.0,100.0,-50.0,126.96,-4.0,-4.0,-50.0,1.51,1.51,1.5,1.06,,1.0,0.5,0.35,2.0,,1.0,1.0,0.0,0.0,0.5,0.0,2.0
4,福爾摩沙夢想家,91|97|106|107,簡偉儒/史承平/高柏鎧/霍爾曼,1,7,8.0,90.74,1.51,01:31,90.74,1.51,01:31,4.0,4.0,50.0,95.22,8.0,8.0,100.0,190.44,1.0,1.0,12.5,23.81,1.0,1.0,12.5,23.81,0.0,0.0,0.0,0.0,0.0,0.0,0.0,0.0,1.0,1.0,12.5,23.81,1.0,1.0,12.5,23.81,2.0,2.0,25.0,47.61,1.0,1.0,12.5,23.81,0.0,0.0,0.0,0.0,1.0,1.0,12.5,23.81,0.0,0.0,0.0,0.0,0.0,0.0,0.0,0.0,1.0,1.0,12.5,23.81,2.0,2.0,25.0,47.61,0.0,0.0,0.0,0.0,0.0,0.0,0.0,0.0,4.0,4.0,50.0,95.22,0.0,0.0,0.0,0.0,50.0,100.0,-50.0,126.96,-4.0,-4.0,-50.0,1.51,1.51,1.5,1.06,,1.0,0.5,0.35,2.0,,1.0,1.0,0.0,0.0,0.5,0.0,2.0
4,新北國王,21|22|34|10875,李愷諺/簡祐哲/沃許本/傑登,7,127,156.0,1901.64,31.69,31:42,271.66,4.53,04:32,72.0,10.29,46.15,81.78,53.0,7.57,33.97,60.2,50.0,7.14,32.05,56.79,26.0,3.71,16.67,29.53,34.0,4.86,21.79,38.62,18.0,2.57,11.54,20.45,16.0,2.29,10.26,18.17,8.0,1.14,5.13,9.09,16.0,2.29,10.26,18.17,12.0,1.71,7.69,13.63,9.0,1.29,5.77,10.22,19.0,2.71,12.18,21.58,13.0,1.86,8.33,14.77,26.0,3.71,16.67,29.53,16.0,2.29,10.26,18.17,17.0,2.43,10.9,19.31,10.0,1.43,6.41,11.36,4.0,0.57,2.56,4.54,11.0,1.57,7.05,12.49,8.0,1.14,5.13,9.09,46.15,33.97,12.18,118.13,19.0,2.71,12.18,31.69,4.53,0.6,0.63,0.53,0.5,0.75,0.22,0.65,0.26,0.59,0.42,6.41,2.56,0.07,5.13,0.32
4,新北國王,21|29|34|10875,李愷諺/林書緯/沃許本/傑登,8,219,262.0,3572.32,59.54,59:32,446.54,7.44,07:27,119.0,14.88,45.42,71.95,114.0,14.25,43.51,68.93,96.0,12.0,36.64,58.05,47.0,5.88,17.94,28.42,67.0,8.38,25.57,40.51,35.0,4.38,13.36,21.16,29.0,3.62,11.07,17.53,12.0,1.5,4.58,7.26,15.0,1.88,5.73,9.07,13.0,1.62,4.96,7.86,14.0,1.75,5.34,8.47,37.0,4.62,14.12,22.37,19.0,2.38,7.25,11.49,43.0,5.38,16.41,26.0,18.0,2.25,6.87,10.88,28.0,3.5,10.69,16.93,12.0,1.5,4.58,7.26,4.0,0.5,1.53,2.42,18.0,2.25,6.87,10.88,28.0,3.5,10.69,16.93,45.42,43.51,1.91,105.61,5.0,0.62,1.91,59.54,7.44,0.55,0.58,0.52,0.41,0.87,0.15,0.6,0.25,0.66,0.45,4.58,1.53,0.07,10.69,0.16
4,新北國王,22|29|34|10875,簡祐哲/林書緯/沃許本/傑登,5,63,76.0,1012.2,16.87,16:52,202.44,3.37,03:22,33.0,6.6,43.42,70.42,22.0,4.4,28.95,46.95,26.0,5.2,34.21,55.48,13.0,2.6,17.11,27.74,20.0,4.0,26.32,42.68,8.0,1.6,10.53,17.07,6.0,1.2,7.89,12.8,5.0,1.0,6.58,10.67,3.0,0.6,3.95,6.4,2.0,0.4,2.63,4.27,5.0,1.0,6.58,10.67,9.0,1.8,11.84,19.21,5.0,1.0,6.58,10.67,16.0,3.2,21.05,34.14,9.0,1.8,11.84,19.21,8.0,1.6,10.53,17.07,5.0,1.0,6.58,10.67,0.0,0.0,0.0,0.0,6.0,1.2,7.89,12.8,8.0,1.6,10.53,17.07,43.42,28.95,14.47,108.12,11.0,2.2,14.47,16.87,3.37,0.6,0.6,0.4,0.83,0.67,0.25,0.62,0.24,0.64,0.4,6.58,0.0,0.08,10.53,0.12
4,福爾摩沙夢想家,79|89|99|101,張宗憲/蔣淯安/盧冠良/周柏臣,1,21,27.0,332.55,5.54,05:33,332.55,5.54,05:33,15.0,15.0,55.56,97.43,8.0,8.0,29.63,51.96,11.0,11.0,40.74,71.45,6.0,6.0,22.22,38.97,8.0,8.0,29.63,51.96,5.0,5.0,18.52,32.48,3.0,3.0,11.11,19.49,1.0,1.0,3.7,6.5,2.0,2.0,7.41,12.99,2.0,2.0,7.41,12.99,3.0,3.0,11.11,19.49,2.0,2.0,7.41,12.99,2.0,2.0,7.41,12.99,4.0,4.0,14.81,25.98,1.0,1.0,3.7,6.5,0.0,0.0,0.0,0.0,1.0,1.0,3.7,6.5,1.0,1.0,3.7,6.5,2.0,2.0,7.41,12.99,0.0,0.0,0.0,0.0,55.56,29.63,25.93,116.91,7.0,7.0,25.93,5.54,5.54,0.59,0.63,0.62,0.33,1.0,0.08,0.0,0.43,0.5,0.45,3.7,3.7,0.07,0.0,0.18
4,福爾摩沙夢想家,89|99|101|107,蔣淯安/盧冠良/周柏臣/霍爾曼,4,66,79.0,1112.2,18.54,18:32,278.05,4.63,04:38,39.0,9.75,49.37,75.74,43.0,10.75,54.43,83.51,28.0,7.0,35.44,54.38,12.0,3.0,15.19,23.31,15.0,3.75,18.99,29.13,8.0,2.0,10.13,15.54,13.0,3.25,16.46,25.25,4.0,1.0,5.06,7.77,8.0,2.0,10.13,15.54,8.0,2.0,10.13,15.54,6.0,1.5,7.59,11.65,11.0,2.75,13.92,21.36,3.0,0.75,3.8,5.83,11.0,2.75,13.92,21.36,6.0,1.5,7.59,11.65,4.0,1.0,5.06,7.77,4.0,1.0,5.06,7.77,1.0,0.25,1.27,1.94,10.0,2.5,12.66,19.42,6.0,1.5,7.59,11.65,49.37,54.43,-5.06,102.28,-4.0,-1.0,-5.06,18.54,4.63,0.5,0.62,0.53,0.31,1.0,0.16,0.33,0.35,0.79,0.55,5.06,1.27,0.13,7.59,0.29
4,新北國王,21|22|24|29,李愷諺/簡祐哲/蘇士軒/林書緯,1,6,7.0,58.0,0.97,00:58,58.0,0.97,00:58,0.0,0.0,0.0,0.0,7.0,7.0,100.0,260.69,3.0,3.0,42.86,111.72,0.0,0.0,0.0,0.0,2.0,2.0,28.57,74.48,0.0,0.0,0.0,0.0,1.0,1.0,14.29,37.24,0.0,0.0,0.0,0.0,0.0,0.0,0.0,0.0,0.0,0.0,0.0,0.0,1.0,1.0,14.29,37.24,2.0,2.0,28.57,74.48,0.0,0.0,0.0,0.0,0.0,0.0,0.0,0.0,1.0,1.0,14.29,37.24,0.0,0.0,0.0,0.0,1.0,1.0,14.29,37.24,1.0,1.0,14.29,37.24,0.0,0.0,0.0,0.0,0.0,0.0,0.0,0.0,0.0,100.0,-100.0,173.79,-7.0,-7.0,-100.0,0.97,0.97,0.0,0.0,0.0,0.0,,0.25,,1.0,1.0,1.0,14.29,14.29,0.0,0.0,0.0
4,新北國王,21|22|24|10875,李愷諺/簡祐哲/蘇士軒/傑登,3,40,44.0,544.44,9.07,09:04,181.48,3.02,03:01,21.0,7.0,47.73,83.32,30.0,10.0,68.18,119.02,18.0,6.0,40.91,71.41,8.0,2.67,18.18,31.74,8.0,2.67,18.18,31.74,4.0,1.33,9.09,15.87,10.0,3.33,22.73,39.67,4.0,1.33,9.09,15.87,1.0,0.33,2.27,3.97,1.0,0.33,2.27,3.97,2.0,0.67,4.55,7.93,7.0,2.33,15.91,27.77,1.0,0.33,2.27,3.97,4.0,1.33,9.09,15.87,3.0,1.0,6.82,11.9,5.0,1.67,11.36,19.84,3.0,1.0,6.82,11.9,1.0,0.33,2.27,3.97,4.0,1.33,9.09,15.87,8.0,2.67,18.18,31.74,47.73,68.18,-20.45,116.38,-9.0,-3.0,-20.45,9.07,3.02,0.56,0.57,0.5,0.4,1.0,0.14,0.62,0.33,0.88,0.64,6.82,2.27,0.09,18.18,0.06
4,新北國王,21|24|29|10875,李愷諺/蘇士軒/林書緯/傑登,7,96,119.0,1453.66,24.23,24:14,207.67,3.46,03:28,58.0,8.29,48.74,86.18,51.0,7.29,42.86,75.78,45.0,6.43,37.82,66.87,22.0,3.14,18.49,32.69,27.0,3.86,22.69,40.12,18.0,2.57,15.13,26.75,18.0,2.57,15.13,26.75,4.0,0.57,3.36,5.94,9.0,1.29,7.56,13.37,8.0,1.14,6.72,11.89,10.0,1.43,8.4,14.86,14.0,2.0,11.76,20.8,8.0,1.14,6.72,11.89,12.0,1.71,10.08,17.83,9.0,1.29,7.56,13.37,11.0,1.57,9.24,16.34,5.0,0.71,4.2,7.43,2.0,0.29,1.68,2.97,11.0,1.57,9.24,16.34,7.0,1.0,5.88,10.4,48.74,42.86,5.88,117.88,7.0,1.0,5.88,24.23,3.46,0.53,0.59,0.67,0.22,0.89,0.16,0.5,0.45,0.64,0.55,4.2,1.68,0.09,5.88,0.2
4,新北國王,22|24|29|10875,簡祐哲/蘇士軒/林書緯/傑登,4,38,45.0,534.02,8.9,08:54,133.51,2.23,02:14,14.0,3.5,31.11,56.63,26.0,6.5,57.78,105.16,16.0,4.0,35.56,64.72,5.0,1.25,11.11,20.22,9.0,2.25,20.0,36.4,4.0,1.0,8.89,16.18,7.0,1.75,15.56,28.31,1.0,0.25,2.22,4.04,7.0,1.75,15.56,28.31,3.0,0.75,6.67,12.13,5.0,1.25,11.11,20.22,9.0,2.25,20.0,36.4,0.0,0.0,0.0,0.0,4.0,1.0,8.89,16.18,5.0,1.25,11.11,20.22,3.0,0.75,6.67,12.13,3.0,0.75,6.67,12.13,1.0,0.25,2.22,4.04,4.0,1.0,8.89,16.18,5.0,1.25,11.11,20.22,31.11,57.78,-26.67,121.34,-12.0,-3.0,-26.67,8.9,2.23,0.34,0.37,0.44,0.14,0.43,0.21,0.6,0.56,1.0,0.78,6.67,2.22,0.09,11.11,0.44
4,新北國王,24|34|10872|10874,蘇士軒/沃許本/林彥廷/熊祥泰,5,29,35.0,419.61,6.99,07:00,83.92,1.4,01:24,17.0,3.4,48.57,87.51,16.0,3.2,45.71,82.36,12.0,2.4,34.29,61.77,6.0,1.2,17.14,30.89,5.0,1.0,14.29,25.74,3.0,0.6,8.57,15.44,7.0,1.4,20.0,36.03,3.0,0.6,8.57,15.44,4.0,0.8,11.43,20.59,2.0,0.4,5.71,10.3,1.0,0.2,2.86,5.15,6.0,1.2,17.14,30.89,2.0,0.4,5.71,10.3,5.0,1.0,14.29,25.74,2.0,0.4,5.71,10.3,5.0,1.0,14.29,25.74,1.0,0.2,2.86,5.15,0.0,0.0,0.0,0.0,4.0,0.8,11.43,20.59,10.0,2.0,28.57,51.48,48.57,45.71,2.86,120.11,1.0,0.2,2.86,6.99,1.4,0.62,0.62,0.6,0.43,0.5,0.13,0.83,0.17,0.75,0.5,2.86,0.0,0.11,28.57,0.33
4,新北國王,24|34|10872|10875,蘇士軒/沃許本/林彥廷/傑登,3,38,50.0,569.11,9.49,09:29,189.7,3.16,03:10,17.0,5.67,34.0,64.52,22.0,7.33,44.0,83.5,19.0,6.33,38.0,72.11,6.0,2.0,12.0,22.77,10.0,3.33,20.0,37.95,5.0,1.67,10.0,18.98,9.0,3.0,18.0,34.16,1.0,0.33,2.0,3.8,6.0,2.0,12.0,22.77,4.0,1.33,8.0,15.18,5.0,1.67,10.0,18.98,7.0,2.33,14.0,26.57,3.0,1.0,6.0,11.39,3.0,1.0,6.0,11.39,2.0,0.67,4.0,7.59,3.0,1.0,6.0,11.39,0.0,0.0,0.0,0.0,0.0,0.0,0.0,0.0,5.0,1.67,10.0,18.98,9.0,3.0,18.0,34.16,34.0,44.0,-10.0,126.51,-5.0,-1.67,-10.0,9.49,3.16,0.34,0.39,0.5,0.11,0.67,0.08,0.5,0.62,0.7,0.67,0.0,0.0,0.1,18.0,0.32
4,新北國王,24|34|10874|10875,蘇士軒/沃許本/熊祥泰/傑登,1,9,10.0,114.41,1.91,01:54,114.41,1.91,01:54,4.0,4.0,40.0,75.52,3.0,3.0,30.0,56.64,6.0,6.0,60.0,113.27,2.0,2.0,20.0,37.76,4.0,4.0,40.0,75.52,2.0,2.0,20.0,37.76,2.0,2.0,20.0,37.76,0.0,0.0,0.0,0.0,0.0,0.0,0.0,0.0,0.0,0.0,0.0,0.0,1.0,1.0,10.0,18.88,3.0,3.0,30.0,56.64,0.0,0.0,0.0,0.0,0.0,0.0,0.0,0.0,0.0,0.0,0.0,0.0,1.0,1.0,10.0,18.88,0.0,0.0,0.0,0.0,0.0,0.0,0.0,0.0,1.0,1.0,10.0,18.88,3.0,3.0,30.0,56.64,40.0,30.0,10.0,125.86,1.0,1.0,10.0,1.91,1.91,0.33,0.33,0.5,0.0,,0.0,0.5,1.0,1.0,1.0,0.0,0.0,0.1,30.0,0.0
4,新北國王,24|10872|10874|10875,蘇士軒/林彥廷/熊祥泰/傑登,4,26,28.0,350.54,5.84,05:51,87.63,1.46,01:28,6.0,1.5,21.43,36.97,8.0,2.0,28.57,49.3,12.0,3.0,42.86,73.94,3.0,0.75,10.71,18.49,10.0,2.5,35.71,61.62,3.0,0.75,10.71,18.49,2.0,0.5,7.14,12.32,0.0,0.0,0.0,0.0,0.0,0.0,0.0,0.0,0.0,0.0,0.0,0.0,2.0,0.5,7.14,12.32,7.0,1.75,25.0,43.13,0.0,0.0,0.0,0.0,1.0,0.25,3.57,6.16,2.0,0.5,7.14,12.32,3.0,0.75,10.71,18.49,1.0,0.25,3.57,6.16,0.0,0.0,0.0,0.0,1.0,0.25,3.57,6.16,5.0,1.25,17.86,30.81,21.43,28.57,-7.14,115.02,-2.0,-0.5,-7.14,5.84,1.46,0.25,0.25,0.3,0.0,,0.14,1.0,0.67,1.0,0.9,3.57,0.0,0.04,17.86,0.0
4,福爾摩沙夢想家,79|89|91|101,張宗憲/蔣淯安/簡偉儒/周柏臣,1,6,7.0,59.1,0.99,00:59,59.1,0.99,00:59,3.0,3.0,42.86,109.64,4.0,4.0,57.14,146.19,0.0,0.0,0.0,0.0,0.0,0.0,0.0,0.0,0.0,0.0,0.0,0.0,0.0,0.0,0.0,0.0,0.0,0.0,0.0,0.0,0.0,0.0,0.0,0.0,5.0,5.0,71.43,182.74,4.0,4.0,57.14,146.19,0.0,0.0,0.0,0.0,0.0,0.0,0.0,0.0,1.0,1.0,14.29,36.55,1.0,1.0,14.29,36.55,2.0,2.0,28.57,73.1,0.0,0.0,0.0,0.0,1.0,1.0,14.29,36.55,0.0,0.0,0.0,0.0,0.0,0.0,0.0,0.0,0.0,0.0,0.0,0.0,42.86,57.14,-14.29,170.56,-1.0,-1.0,-14.29,0.99,0.99,,0.68,,,0.8,0.48,,0.0,0.0,0.0,14.29,0.0,0.0,0.0,
4,福爾摩沙夢想家,79|89|91|107,張宗憲/蔣淯安/簡偉儒/霍爾曼,5,51,58.0,859.51,14.33,14:20,171.9,2.87,02:52,28.0,5.6,48.28,70.37,23.0,4.6,39.66,57.8,20.0,4.0,34.48,50.26,10.0,2.0,17.24,25.13,13.0,2.6,22.41,32.67,7.0,1.4,12.07,17.59,7.0,1.4,12.07,17.59,3.0,0.6,5.17,7.54,7.0,1.4,12.07,17.59,6.0,1.2,10.34,15.08,5.0,1.0,8.62,12.57,5.0,1.0,8.62,12.57,3.0,0.6,5.17,7.54,10.0,2.0,17.24,25.13,8.0,1.6,13.79,20.1,5.0,1.0,8.62,12.57,5.0,1.0,8.62,12.57,2.0,0.4,3.45,5.03,2.0,0.4,3.45,5.03,9.0,1.8,15.52,22.62,48.28,39.66,8.62,97.17,5.0,1.0,8.62,14.33,2.87,0.57,0.61,0.54,0.43,0.86,0.26,0.5,0.33,0.62,0.43,8.62,3.45,0.03,15.52,0.35
4,福爾摩沙夢想家,79|91|101|107,張宗憲/簡偉儒/周柏臣/霍爾曼,1,6,7.0,59.1,0.99,00:59,59.1,0.99,00:59,3.0,3.0,42.86,109.64,4.0,4.0,57.14,146.19,0.0,0.0,0.0,0.0,0.0,0.0,0.0,0.0,0.0,0.0,0.0,0.0,0.0,0.0,0.0,0.0,0.0,0.0,0.0,0.0,0.0,0.0,0.0,0.0,5.0,5.0,71.43,182.74,4.0,4.0,57.14,146.19,0.0,0.0,0.0,0.0,0.0,0.0,0.0,0.0,1.0,1.0,14.29,36.55,1.0,1.0,14.29,36.55,2.0,2.0,28.57,73.1,0.0,0.0,0.0,0.0,1.0,1.0,14.29,36.55,0.0,0.0,0.0,0.0,0.0,0.0,0.0,0.0,0.0,0.0,0.0,0.0,42.86,57.14,-14.29,170.56,-1.0,-1.0,-14.29,0.99,0.99,,0.68,,,0.8,0.48,,0.0,0.0,0.0,14.29,0.0,0.0,0.0,
4,福爾摩沙夢想家,89|91|101|107,蔣淯安/簡偉儒/周柏臣/霍爾曼,1,14,16.0,221.1,3.69,03:41,221.1,3.69,03:41,7.0,7.0,43.75,68.39,10.0,10.0,62.5,97.69,4.0,4.0,25.0,39.08,1.0,1.0,6.25,9.77,1.0,1.0,6.25,9.77,0.0,0.0,0.0,0.0,3.0,3.0,18.75,29.31,1.0,1.0,6.25,9.77,5.0,5.0,31.25,48.85,4.0,4.0,25.0,39.08,1.0,1.0,6.25,9.77,3.0,3.0,18.75,29.31,1.0,1.0,6.25,9.77,2.0,2.0,12.5,19.54,2.0,2.0,12.5,19.54,1.0,1.0,6.25,9.77,1.0,1.0,6.25,9.77,0.0,0.0,0.0,0.0,2.0,2.0,12.5,19.54,0.0,0.0,0.0,0.0,43.75,62.5,-18.75,104.21,-3.0,-3.0,-18.75,3.69,3.69,0.38,0.56,0.0,0.33,0.8,0.24,1.0,0.33,0.75,0.57,6.25,0.0,0.12,0.0,1.25
4,新北國王,21|34|10874|10875,李愷諺/沃許本/熊祥泰/傑登,7,87,102.0,1453.34,24.22,24:13,207.62,3.46,03:28,57.0,8.14,55.88,84.72,49.0,7.0,48.04,72.83,43.0,6.14,42.16,63.91,25.0,3.57,24.51,37.16,29.0,4.14,28.43,43.1,21.0,3.0,20.59,31.21,14.0,2.0,13.73,20.81,4.0,0.57,3.92,5.94,7.0,1.0,6.86,10.4,4.0,0.57,3.92,5.94,4.0,0.57,3.92,5.94,15.0,2.14,14.71,22.29,7.0,1.0,6.86,10.4,18.0,2.57,17.65,26.75,5.0,0.71,4.9,7.43,11.0,1.57,10.78,16.35,2.0,0.29,1.96,2.97,1.0,0.14,0.98,1.49,10.0,1.43,9.8,14.86,15.0,2.14,14.71,22.29,55.88,48.04,7.84,101.06,8.0,1.14,7.84,24.22,3.46,0.63,0.62,0.72,0.29,0.57,0.1,0.44,0.18,0.68,0.43,1.96,0.98,0.1,14.71,0.16
4,福爾摩沙夢想家,79|86|91|103,張宗憲/林俊吉/簡偉儒/忻沃克,1,13,13.0,120.75,2.01,02:01,120.75,2.01,02:01,4.0,4.0,30.77,71.55,3.0,3.0,23.08,53.67,3.0,3.0,23.08,53.67,1.0,1.0,7.69,17.89,1.0,1.0,7.69,17.89,1.0,1.0,7.69,17.89,2.0,2.0,15.38,35.78,0.0,0.0,0.0,0.0,2.0,2.0,15.38,35.78,2.0,2.0,15.38,35.78,0.0,0.0,0.0,0.0,2.0,2.0,15.38,35.78,0.0,0.0,0.0,0.0,4.0,4.0,30.77,71.55,1.0,1.0,7.69,17.89,1.0,1.0,7.69,17.89,1.0,1.0,7.69,17.89,0.0,0.0,0.0,0.0,2.0,2.0,15.38,35.78,4.0,4.0,30.77,71.55,30.77,23.08,7.69,155.03,1.0,1.0,7.69,2.01,2.01,0.33,0.52,1.0,0.0,1.0,0.2,1.0,0.0,1.0,0.33,7.69,0.0,0.15,30.77,0.67
4,福爾摩沙夢想家,79|86|91|107,張宗憲/林俊吉/簡偉儒/霍爾曼,3,37,47.0,632.26,10.54,10:32,210.75,3.51,03:31,10.0,3.33,21.28,34.16,15.0,5.0,31.91,51.24,13.0,4.33,27.66,44.41,1.0,0.33,2.13,3.42,6.0,2.0,12.77,20.5,1.0,0.33,2.13,3.42,7.0,2.33,14.89,23.91,0.0,0.0,0.0,0.0,12.0,4.0,25.53,41.0,8.0,2.67,17.02,27.33,4.0,1.33,8.51,13.67,10.0,3.33,21.28,34.16,3.0,1.0,6.38,10.25,8.0,2.67,17.02,27.33,5.0,1.67,10.64,17.08,0.0,0.0,0.0,0.0,4.0,1.33,8.51,13.67,1.0,0.33,2.13,3.42,7.0,2.33,14.89,23.91,5.0,1.67,10.64,17.08,21.28,31.91,-10.64,107.04,-5.0,-1.67,-10.64,10.54,3.51,0.08,0.27,0.17,0.0,0.67,0.21,0.0,0.33,0.77,0.56,8.51,2.13,0.15,10.64,0.92
4,福爾摩沙夢想家,79|86|103|107,張宗憲/林俊吉/忻沃克/霍爾曼,14,232,263.0,3592.1,59.87,59:52,256.58,4.28,04:17,131.0,9.36,49.81,78.77,109.0,7.79,41.44,65.54,97.0,6.93,36.88,58.33,44.0,3.14,16.73,26.46,46.0,3.29,17.49,27.66,21.0,1.5,7.98,12.63,51.0,3.64,19.39,30.67,23.0,1.64,8.75,13.83,25.0,1.79,9.51,15.03,20.0,1.43,7.6,12.03,13.0,0.93,4.94,7.82,39.0,2.79,14.83,23.45,12.0,0.86,4.56,7.22,42.0,3.0,15.97,25.26,18.0,1.29,6.84,10.82,29.0,2.07,11.03,17.44,9.0,0.64,3.42,5.41,2.0,0.14,0.76,1.2,19.0,1.36,7.22,11.43,37.0,2.64,14.07,22.25,49.81,41.44,8.37,105.43,22.0,1.57,8.37,59.87,4.28,0.57,0.61,0.46,0.45,0.8,0.14,0.66,0.24,0.76,0.49,3.42,0.76,0.07,14.07,0.26
4,福爾摩沙夢想家,79|91|103|107,張宗憲/簡偉儒/忻沃克/霍爾曼,1,20,22.0,240.48,4.01,04:00,240.48,4.01,04:00,7.0,7.0,31.82,62.87,6.0,6.0,27.27,53.89,6.0,6.0,27.27,53.89,3.0,3.0,13.64,26.95,4.0,4.0,18.18,35.93,3.0,3.0,13.64,26.95,2.0,2.0,9.09,17.96,0.0,0.0,0.0,0.0,1.0,1.0,4.55,8.98,1.0,1.0,4.55,8.98,1.0,1.0,4.55,8.98,2.0,2.0,9.09,17.96,1.0,1.0,4.55,8.98,3.0,3.0,13.64,26.95,4.0,4.0,18.18,35.93,0.0,0.0,0.0,0.0,3.0,3.0,13.64,26.95,0.0,0.0,0.0,0.0,1.0,1.0,4.55,8.98,3.0,3.0,13.64,26.95,31.82,27.27,4.55,131.73,1.0,1.0,4.55,4.01,4.01,0.5,0.54,0.75,0.0,1.0,0.38,0.0,0.25,0.67,0.43,13.64,0.0,0.05,13.64,0.17
4,福爾摩沙夢想家,86|91|103|107,林俊吉/簡偉儒/忻沃克/霍爾曼,3,19,23.0,262.17,4.37,04:22,87.39,1.46,01:27,10.0,3.33,43.48,82.39,8.0,2.67,34.78,65.91,8.0,2.67,34.78,65.91,4.0,1.33,17.39,32.96,5.0,1.67,21.74,41.19,4.0,1.33,17.39,32.96,3.0,1.0,13.04,24.72,0.0,0.0,0.0,0.0,2.0,0.67,8.7,16.48,2.0,0.67,8.7,16.48,2.0,0.67,8.7,16.48,2.0,0.67,8.7,16.48,2.0,0.67,8.7,16.48,3.0,1.0,13.04,24.72,2.0,0.67,8.7,16.48,1.0,0.33,4.35,8.24,2.0,0.67,8.7,16.48,1.0,0.33,4.35,8.24,2.0,0.67,8.7,16.48,4.0,1.33,17.39,32.96,43.48,34.78,8.7,126.33,2.0,0.67,8.7,4.37,1.46,0.5,0.56,0.8,0.0,1.0,0.18,0.25,0.4,0.5,0.44,8.7,4.35,0.09,17.39,0.25
4,福爾摩沙夢想家,79|86|91|106,張宗憲/林俊吉/簡偉儒/高柏鎧,1,6,6.0,66.75,1.11,01:07,66.75,1.11,01:07,2.0,2.0,33.33,64.72,1.0,1.0,16.67,32.36,1.0,1.0,16.67,32.36,0.0,0.0,0.0,0.0,0.0,0.0,0.0,0.0,0.0,0.0,0.0,0.0,1.0,1.0,16.67,32.36,0.0,0.0,0.0,0.0,2.0,2.0,33.33,64.72,2.0,2.0,33.33,64.72,0.0,0.0,0.0,0.0,1.0,1.0,16.67,32.36,0.0,0.0,0.0,0.0,3.0,3.0,50.0,97.08,0.0,0.0,0.0,0.0,1.0,1.0,16.67,32.36,0.0,0.0,0.0,0.0,0.0,0.0,0.0,0.0,2.0,2.0,33.33,64.72,1.0,1.0,16.67,32.36,33.33,16.67,16.67,129.44,1.0,1.0,16.67,1.11,1.11,0.0,0.53,,0.0,1.0,0.0,,0.0,1.0,0.25,0.0,0.0,0.33,16.67,2.0
4,福爾摩沙夢想家,79|86|103|106,張宗憲/林俊吉/忻沃克/高柏鎧,8,118,136.0,1734.62,28.91,28:55,216.83,3.61,03:37,56.0,7.0,41.18,69.73,61.0,7.62,44.85,75.96,47.0,5.88,34.56,58.53,18.0,2.25,13.24,22.41,23.0,2.88,16.91,28.64,9.0,1.12,6.62,11.21,24.0,3.0,17.65,29.89,9.0,1.12,6.62,11.21,13.0,1.62,9.56,16.19,11.0,1.38,8.09,13.7,5.0,0.62,3.68,6.23,24.0,3.0,17.65,29.89,4.0,0.5,2.94,4.98,21.0,2.62,15.44,26.15,13.0,1.62,9.56,16.19,11.0,1.38,8.09,13.7,7.0,0.88,5.15,8.72,0.0,0.0,0.0,0.0,9.0,1.12,6.62,11.21,15.0,1.88,11.03,18.68,41.18,44.85,-3.68,112.9,-5.0,-0.62,-3.68,28.91,3.61,0.48,0.53,0.39,0.38,0.85,0.2,0.61,0.19,0.86,0.54,5.15,0.0,0.07,11.03,0.28
4,福爾摩沙夢想家,79|91|103|106,張宗憲/簡偉儒/忻沃克/高柏鎧,2,8,9.0,195.42,3.26,03:15,97.71,1.63,01:38,2.0,1.0,22.22,22.11,4.0,2.0,44.44,44.21,1.0,0.5,11.11,11.05,0.0,0.0,0.0,0.0,0.0,0.0,0.0,0.0,0.0,0.0,0.0,0.0,1.0,0.5,11.11,11.05,0.0,0.0,0.0,0.0,2.0,1.0,22.22,22.11,2.0,1.0,22.22,22.11,0.0,0.0,0.0,0.0,1.0,0.5,11.11,11.05,1.0,0.5,11.11,11.05,3.0,1.5,33.33,33.16,0.0,0.0,0.0,0.0,2.0,1.0,22.22,22.11,0.0,0.0,0.0,0.0,0.0,0.0,0.0,0.0,3.0,1.5,33.33,33.16,1.0,0.5,11.11,11.05,22.22,44.44,-22.22,66.32,-2.0,-1.0,-22.22,3.26,1.63,0.0,0.53,,0.0,1.0,0.0,,0.0,0.5,0.2,0.0,0.0,0.33,11.11,2.0
4,福爾摩沙夢想家,83|86|91|103,吳家駿/林俊吉/簡偉儒/忻沃克,1,13,14.0,179.18,2.99,02:59,179.18,2.99,02:59,6.0,6.0,42.86,72.33,8.0,8.0,57.14,96.44,6.0,6.0,42.86,72.33,3.0,3.0,21.43,36.16,5.0,5.0,35.71,60.27,3.0,3.0,21.43,36.16,1.0,1.0,7.14,12.05,0.0,0.0,0.0,0.0,0.0,0.0,0.0,0.0,0.0,0.0,0.0,0.0,0.0,0.0,0.0,0.0,2.0,2.0,14.29,24.11,1.0,1.0,7.14,12.05,2.0,2.0,14.29,24.11,0.0,0.0,0.0,0.0,2.0,2.0,14.29,24.11,0.0,0.0,0.0,0.0,1.0,1.0,7.14,12.05,0.0,0.0,0.0,0.0,0.0,0.0,0.0,0.0,42.86,57.14,-14.29,112.51,-2.0,-2.0,-14.29,2.99,2.99,0.5,0.5,0.6,0.0,,0.0,0.67,0.0,0.67,0.4,0.0,7.14,0.0,0.0,0.0
4,福爾摩沙夢想家,83|86|91|106,吳家駿/林俊吉/簡偉儒/高柏鎧,1,13,14.0,179.18,2.99,02:59,179.18,2.99,02:59,6.0,6.0,42.86,72.33,8.0,8.0,57.14,96.44,6.0,6.0,42.86,72.33,3.0,3.0,21.43,36.16,5.0,5.0,35.71,60.27,3.0,3.0,21.43,36.16,1.0,1.0,7.14,12.05,0.0,0.0,0.0,0.0,0.0,0.0,0.0,0.0,0.0,0.0,0.0,0.0,0.0,0.0,0.0,0.0,2.0,2.0,14.29,24.11,1.0,1.0,7.14,12.05,2.0,2.0,14.29,24.11,0.0,0.0,0.0,0.0,2.0,2.0,14.29,24.11,0.0,0.0,0.0,0.0,1.0,1.0,7.14,12.05,0.0,0.0,0.0,0.0,0.0,0.0,0.0,0.0,42.86,57.14,-14.29,112.51,-2.0,-2.0,-14.29,2.99,2.99,0.5,0.5,0.6,0.0,,0.0,0.67,0.0,0.67,0.4,0.0,7.14,0.0,0.0,0.0
4,福爾摩沙夢想家,83|86|103|106,吳家駿/林俊吉/忻沃克/高柏鎧,1,20,23.0,286.0,4.77,04:46,286.0,4.77,04:46,8.0,8.0,34.78,60.42,13.0,13.0,56.52,98.18,8.0,8.0,34.78,60.42,3.0,3.0,13.04,22.66,6.0,6.0,26.09,45.31,3.0,3.0,13.04,22.66,2.0,2.0,8.7,15.1,0.0,0.0,0.0,0.0,2.0,2.0,8.7,15.1,2.0,2.0,8.7,15.1,0.0,0.0,0.0,0.0,4.0,4.0,17.39,30.21,2.0,2.0,8.7,15.1,2.0,2.0,8.7,15.1,1.0,1.0,4.35,7.55,2.0,2.0,8.7,15.1,0.0,0.0,0.0,0.0,1.0,1.0,4.35,7.55,1.0,1.0,4.35,7.55,2.0,2.0,8.7,15.1,34.78,56.52,-21.74,115.8,-5.0,-5.0,-21.74,4.77,4.77,0.38,0.45,0.5,0.0,1.0,0.1,0.67,0.0,0.67,0.5,0.0,4.35,0.04,8.7,0.25
4,福爾摩沙夢想家,83|91|103|106,吳家駿/簡偉儒/忻沃克/高柏鎧,4,31,36.0,448.65,7.48,07:29,112.16,1.87,01:52,17.0,4.25,47.22,81.85,14.0,3.5,38.89,67.4,17.0,4.25,47.22,81.85,9.0,2.25,25.0,43.33,14.0,3.5,38.89,67.4,7.0,1.75,19.44,33.7,3.0,0.75,8.33,14.44,2.0,0.5,5.56,9.63,2.0,0.5,5.56,9.63,2.0,0.5,5.56,9.63,3.0,0.75,8.33,14.44,4.0,1.0,11.11,19.26,1.0,0.25,2.78,4.81,6.0,1.5,16.67,28.89,1.0,0.25,2.78,4.81,6.0,1.5,16.67,28.89,0.0,0.0,0.0,0.0,2.0,0.5,5.56,9.63,0.0,0.0,0.0,0.0,2.0,0.5,5.56,9.63,47.22,38.89,8.33,115.55,3.0,0.75,8.33,7.48,1.87,0.59,0.48,0.5,0.67,1.0,0.05,0.67,0.33,0.8,0.5,0.0,5.56,0.0,5.56,0.12
4,新北國王,21|22|34|10872,李愷諺/簡祐哲/沃許本/林彥廷,7,64,80.0,991.45,16.52,16:31,141.64,2.36,02:22,42.0,6.0,52.5,91.5,28.0,4.0,35.0,61.0,35.0,5.0,43.75,76.25,15.0,2.14,18.75,32.68,22.0,3.14,27.5,47.93,10.0,1.43,12.5,21.79,13.0,1.86,16.25,28.32,5.0,0.71,6.25,10.89,5.0,0.71,6.25,10.89,5.0,0.71,6.25,10.89,9.0,1.29,11.25,19.61,11.0,1.57,13.75,23.96,6.0,0.86,7.5,13.07,15.0,2.14,18.75,32.68,2.0,0.29,2.5,4.36,8.0,1.14,10.0,17.43,1.0,0.14,1.25,2.18,2.0,0.29,2.5,4.36,3.0,0.43,3.75,6.54,6.0,0.86,7.5,13.07,52.5,35.0,17.5,116.19,14.0,2.0,17.5,16.52,2.36,0.5,0.56,0.45,0.38,1.0,0.05,0.53,0.38,0.65,0.49,1.25,2.5,0.04,7.5,0.14
4,新北國王,21|34|10872|10875,李愷諺/沃許本/林彥廷/傑登,10,196,246.0,3099.04,51.65,51:39,309.9,5.17,05:10,128.0,12.8,52.03,89.21,96.0,9.6,39.02,66.91,92.0,9.2,37.4,64.12,45.0,4.5,18.29,31.36,64.0,6.4,26.02,44.61,35.0,3.5,14.23,24.39,28.0,2.8,11.38,19.52,10.0,1.0,4.07,6.97,35.0,3.5,14.23,24.39,27.0,2.7,10.98,18.82,18.0,1.8,7.32,12.55,29.0,2.9,11.79,20.21,17.0,1.7,6.91,11.85,40.0,4.0,16.26,27.88,9.0,0.9,3.66,6.27,28.0,2.8,11.38,19.52,5.0,0.5,2.03,3.48,5.0,0.5,2.03,3.48,24.0,2.4,9.76,16.73,26.0,2.6,10.57,18.12,52.03,39.02,13.01,114.31,32.0,3.2,13.01,51.65,5.17,0.54,0.6,0.55,0.36,0.77,0.08,0.62,0.31,0.63,0.45,2.03,2.03,0.1,10.57,0.38
4,新北國王,22|34|10872|10875,簡祐哲/沃許本/林彥廷/傑登,6,75,88.0,1124.47,18.74,18:44,187.41,3.12,03:07,37.0,6.17,42.05,71.07,31.0,5.17,35.23,59.55,37.0,6.17,42.05,71.07,13.0,2.17,14.77,24.97,26.0,4.33,29.55,49.94,9.0,1.5,10.23,17.29,11.0,1.83,12.5,21.13,4.0,0.67,4.55,7.68,5.0,0.83,5.68,9.6,5.0,0.83,5.68,9.6,9.0,1.5,10.23,17.29,15.0,2.5,17.05,28.81,3.0,0.5,3.41,5.76,15.0,2.5,17.05,28.81,5.0,0.83,5.68,9.6,8.0,1.33,9.09,15.37,3.0,0.5,3.41,5.76,2.0,0.33,2.27,3.84,5.0,0.83,5.68,9.6,8.0,1.33,9.09,15.37,42.05,35.23,6.82,112.69,6.0,1.0,6.82,18.74,3.12,0.41,0.47,0.35,0.36,1.0,0.11,0.62,0.38,0.83,0.57,3.41,2.27,0.06,9.09,0.14
4,福爾摩沙夢想家,83|89|97|106,吳家駿/蔣淯安/史承平/高柏鎧,1,6,7.0,110.0,1.83,01:50,110.0,1.83,01:50,5.0,5.0,71.43,98.18,7.0,7.0,100.0,137.45,4.0,4.0,57.14,78.55,2.0,2.0,28.57,39.27,1.0,1.0,14.29,19.64,1.0,1.0,14.29,19.64,3.0,3.0,42.86,58.91,1.0,1.0,14.29,19.64,0.0,0.0,0.0,0.0,0.0,0.0,0.0,0.0,1.0,1.0,14.29,19.64,1.0,1.0,14.29,19.64,0.0,0.0,0.0,0.0,0.0,0.0,0.0,0.0,0.0,0.0,0.0,0.0,0.0,0.0,0.0,0.0,0.0,0.0,0.0,0.0,0.0,0.0,0.0,0.0,0.0,0.0,0.0,0.0,0.0,0.0,0.0,0.0,71.43,100.0,-28.57,91.64,-2.0,-2.0,-28.57,1.83,1.83,0.62,0.62,1.0,0.33,,0.0,0.0,1.0,1.0,1.0,0.0,0.0,0.0,0.0,0.0
4,福爾摩沙夢想家,83|89|97|107,吳家駿/蔣淯安/史承平/霍爾曼,1,6,7.0,110.0,1.83,01:50,110.0,1.83,01:50,5.0,5.0,71.43,98.18,7.0,7.0,100.0,137.45,4.0,4.0,57.14,78.55,2.0,2.0,28.57,39.27,1.0,1.0,14.29,19.64,1.0,1.0,14.29,19.64,3.0,3.0,42.86,58.91,1.0,1.0,14.29,19.64,0.0,0.0,0.0,0.0,0.0,0.0,0.0,0.0,1.0,1.0,14.29,19.64,1.0,1.0,14.29,19.64,0.0,0.0,0.0,0.0,0.0,0.0,0.0,0.0,0.0,0.0,0.0,0.0,0.0,0.0,0.0,0.0,0.0,0.0,0.0,0.0,0.0,0.0,0.0,0.0,0.0,0.0,0.0,0.0,0.0,0.0,0.0,0.0,71.43,100.0,-28.57,91.64,-2.0,-2.0,-28.57,1.83,1.83,0.62,0.62,1.0,0.33,,0.0,0.0,1.0,1.0,1.0,0.0,0.0,0.0,0.0,0.0
4,福爾摩沙夢想家,83|89|106|107,吳家駿/蔣淯安/高柏鎧/霍爾曼,1,9,10.0,143.0,2.38,02:23,143.0,2.38,02:23,5.0,5.0,50.0,75.52,7.0,7.0,70.0,105.73,5.0,5.0,50.0,75.52,2.0,2.0,20.0,30.21,1.0,1.0,10.0,15.1,1.0,1.0,10.0,15.1,4.0,4.0,40.0,60.42,1.0,1.0,10.0,15.1,0.0,0.0,0.0,0.0,0.0,0.0,0.0,0.0,1.0,1.0,10.0,15.1,1.0,1.0,10.0,15.1,0.0,0.0,0.0,0.0,1.0,1.0,10.0,15.1,1.0,1.0,10.0,15.1,0.0,0.0,0.0,0.0,0.0,0.0,0.0,0.0,0.0,0.0,0.0,0.0,0.0,0.0,0.0,0.0,0.0,0.0,0.0,0.0,50.0,70.0,-20.0,100.7,-2.0,-2.0,-20.0,2.38,2.38,0.5,0.5,1.0,0.25,,0.17,0.0,0.5,1.0,0.67,0.0,0.0,0.0,0.0,0.0
4,福爾摩沙夢想家,83|97|106|107,吳家駿/史承平/高柏鎧/霍爾曼,1,15,18.0,286.69,4.78,04:47,286.69,4.78,04:47,7.0,7.0,38.89,52.74,11.0,11.0,61.11,82.88,10.0,10.0,55.56,75.34,3.0,3.0,16.67,22.6,4.0,4.0,22.22,30.14,2.0,2.0,11.11,15.07,6.0,6.0,33.33,45.21,1.0,1.0,5.56,7.53,0.0,0.0,0.0,0.0,0.0,0.0,0.0,0.0,3.0,3.0,16.67,22.6,4.0,4.0,22.22,30.14,0.0,0.0,0.0,0.0,0.0,0.0,0.0,0.0,0.0,0.0,0.0,0.0,0.0,0.0,0.0,0.0,0.0,0.0,0.0,0.0,0.0,0.0,0.0,0.0,1.0,1.0,5.56,7.53,0.0,0.0,0.0,0.0,38.89,61.11,-22.22,90.41,-4.0,-4.0,-22.22,4.78,4.78,0.35,0.35,0.5,0.17,,0.0,0.0,1.0,1.0,1.0,0.0,0.0,0.06,0.0,0.0
4,福爾摩沙夢想家,89|97|106|107,蔣淯安/史承平/高柏鎧/霍爾曼,1,6,7.0,110.0,1.83,01:50,110.0,1.83,01:50,5.0,5.0,71.43,98.18,7.0,7.0,100.0,137.45,4.0,4.0,57.14,78.55,2.0,2.0,28.57,39.27,1.0,1.0,14.29,19.64,1.0,1.0,14.29,19.64,3.0,3.0,42.86,58.91,1.0,1.0,14.29,19.64,0.0,0.0,0.0,0.0,0.0,0.0,0.0,0.0,1.0,1.0,14.29,19.64,1.0,1.0,14.29,19.64,0.0,0.0,0.0,0.0,0.0,0.0,0.0,0.0,0.0,0.0,0.0,0.0,0.0,0.0,0.0,0.0,0.0,0.0,0.0,0.0,0.0,0.0,0.0,0.0,0.0,0.0,0.0,0.0,0.0,0.0,0.0,0.0,71.43,100.0,-28.57,91.64,-2.0,-2.0,-28.57,1.83,1.83,0.62,0.62,1.0,0.33,,0.0,0.0,1.0,1.0,1.0,0.0,0.0,0.0,0.0,0.0
4,福爾摩沙夢想家,83|89|99|106,吳家駿/蔣淯安/盧冠良/高柏鎧,1,3,3.0,33.0,0.55,00:33,33.0,0.55,00:33,0.0,0.0,0.0,0.0,0.0,0.0,0.0,0.0,1.0,1.0,33.33,65.45,0.0,0.0,0.0,0.0,0.0,0.0,0.0,0.0,0.0,0.0,0.0,0.0,1.0,1.0,33.33,65.45,0.0,0.0,0.0,0.0,0.0,0.0,0.0,0.0,0.0,0.0,0.0,0.0,0.0,0.0,0.0,0.0,0.0,0.0,0.0,0.0,0.0,0.0,0.0,0.0,1.0,1.0,33.33,65.45,1.0,1.0,33.33,65.45,0.0,0.0,0.0,0.0,0.0,0.0,0.0,0.0,0.0,0.0,0.0,0.0,0.0,0.0,0.0,0.0,0.0,0.0,0.0,0.0,0.0,0.0,0.0,130.91,0.0,0.0,0.0,0.55,0.55,0.0,0.0,,0.0,,0.5,,0.0,,0.0,0.0,0.0,0.0,0.0,0.0
4,福爾摩沙夢想家,83|89|99|107,吳家駿/蔣淯安/盧冠良/霍爾曼,1,3,3.0,33.0,0.55,00:33,33.0,0.55,00:33,0.0,0.0,0.0,0.0,0.0,0.0,0.0,0.0,1.0,1.0,33.33,65.45,0.0,0.0,0.0,0.0,0.0,0.0,0.0,0.0,0.0,0.0,0.0,0.0,1.0,1.0,33.33,65.45,0.0,0.0,0.0,0.0,0.0,0.0,0.0,0.0,0.0,0.0,0.0,0.0,0.0,0.0,0.0,0.0,0.0,0.0,0.0,0.0,0.0,0.0,0.0,0.0,1.0,1.0,33.33,65.45,1.0,1.0,33.33,65.45,0.0,0.0,0.0,0.0,0.0,0.0,0.0,0.0,0.0,0.0,0.0,0.0,0.0,0.0,0.0,0.0,0.0,0.0,0.0,0.0,0.0,0.0,0.0,130.91,0.0,0.0,0.0,0.55,0.55,0.0,0.0,,0.0,,0.5,,0.0,,0.0,0.0,0.0,0.0,0.0,0.0
4,福爾摩沙夢想家,83|99|106|107,吳家駿/盧冠良/高柏鎧/霍爾曼,5,38,48.0,722.32,12.04,12:02,144.46,2.41,02:24,19.0,3.8,39.58,56.82,17.0,3.4,35.42,50.84,20.0,4.0,41.67,59.81,7.0,1.4,14.58,20.93,10.0,2.0,20.83,29.9,5.0,1.0,10.42,14.95,10.0,2.0,20.83,29.9,2.0,0.4,4.17,5.98,5.0,1.0,10.42,14.95,4.0,0.8,8.33,11.96,6.0,1.2,12.5,17.94,6.0,1.2,12.5,17.94,4.0,0.8,8.33,11.96,6.0,1.2,12.5,17.94,4.0,0.8,8.33,11.96,4.0,0.8,8.33,11.96,2.0,0.4,4.17,5.98,1.0,0.2,2.08,2.99,6.0,1.2,12.5,17.94,2.0,0.4,4.17,5.98,39.58,35.42,4.17,95.69,2.0,0.4,4.17,12.04,2.41,0.4,0.43,0.5,0.2,0.8,0.15,0.57,0.5,0.6,0.55,4.17,2.08,0.12,4.17,0.25
4,福爾摩沙夢想家,79|86|99|106,張宗憲/林俊吉/盧冠良/高柏鎧,3,40,45.0,568.99,9.48,09:29,189.66,3.16,03:10,24.0,8.0,53.33,91.11,29.0,9.67,64.44,110.09,18.0,6.0,40.0,68.33,9.0,3.0,20.0,34.17,10.0,3.33,22.22,37.96,6.0,2.0,13.33,22.78,8.0,2.67,17.78,30.37,3.0,1.0,6.67,11.39,5.0,1.67,11.11,18.98,3.0,1.0,6.67,11.39,4.0,1.33,8.89,15.18,6.0,2.0,13.33,22.78,0.0,0.0,0.0,0.0,5.0,1.67,11.11,18.98,3.0,1.0,6.67,11.39,5.0,1.67,11.11,18.98,1.0,0.33,2.22,3.8,0.0,0.0,0.0,0.0,5.0,1.67,11.11,18.98,5.0,1.67,11.11,18.98,53.33,64.44,-11.11,113.89,-5.0,-1.67,-11.11,9.48,3.16,0.58,0.59,0.6,0.38,0.6,0.13,0.56,0.44,1.0,0.67,2.22,0.0,0.11,11.11,0.28
4,福爾摩沙夢想家,79|86|106|107,張宗憲/林俊吉/高柏鎧/霍爾曼,7,104,115.0,1536.9,25.62,25:37,219.56,3.66,03:40,59.0,8.43,51.3,82.92,56.0,8.0,48.7,78.7,45.0,6.43,39.13,63.24,22.0,3.14,19.13,30.92,19.0,2.71,16.52,26.7,10.0,1.43,8.7,14.05,26.0,3.71,22.61,36.54,12.0,1.71,10.43,16.87,7.0,1.0,6.09,9.84,3.0,0.43,2.61,4.22,5.0,0.71,4.35,7.03,20.0,2.86,17.39,28.11,0.0,0.0,0.0,0.0,19.0,2.71,16.52,26.7,9.0,1.29,7.83,12.65,13.0,1.86,11.3,18.27,5.0,0.71,4.35,7.03,0.0,0.0,0.0,0.0,6.0,0.86,5.22,8.43,18.0,2.57,15.65,25.3,51.3,48.7,2.61,107.75,3.0,0.43,2.61,25.62,3.66,0.62,0.61,0.53,0.46,0.43,0.16,0.59,0.21,1.0,0.57,4.35,0.0,0.05,15.65,0.16
4,福爾摩沙夢想家,86|99|106|107,林俊吉/盧冠良/高柏鎧/霍爾曼,7,71,84.0,1039.29,17.32,17:19,148.47,2.47,02:28,45.0,6.43,53.57,93.53,31.0,4.43,36.9,64.43,31.0,4.43,36.9,64.43,16.0,2.29,19.05,33.25,13.0,1.86,15.48,27.02,9.0,1.29,10.71,18.71,18.0,2.57,21.43,37.41,7.0,1.0,8.33,14.55,9.0,1.29,10.71,18.71,6.0,0.86,7.14,12.47,7.0,1.0,8.33,14.55,10.0,1.43,11.9,20.78,2.0,0.29,2.38,4.16,18.0,2.57,21.43,37.41,6.0,0.86,7.14,12.47,8.0,1.14,9.52,16.63,4.0,0.57,4.76,8.31,0.0,0.0,0.0,0.0,10.0,1.43,11.9,20.78,10.0,1.43,11.9,20.78,53.57,36.9,16.67,116.39,14.0,2.0,16.67,17.32,2.47,0.63,0.64,0.69,0.39,0.67,0.15,0.5,0.28,0.83,0.46,4.76,0.0,0.12,11.9,0.29
4,新北國王,21|34|10872|10874,李愷諺/沃許本/林彥廷/熊祥泰,13,129,154.0,2121.65,35.36,35:22,163.2,2.72,02:43,74.0,5.69,48.05,75.34,65.0,5.0,42.21,66.18,61.0,4.69,39.61,62.1,30.0,2.31,19.48,30.54,38.0,2.92,24.68,38.69,25.0,1.92,16.23,25.45,23.0,1.77,14.94,23.42,5.0,0.38,3.25,5.09,15.0,1.15,9.74,15.27,10.0,0.77,6.49,10.18,8.0,0.62,5.19,8.14,25.0,1.92,16.23,25.45,10.0,0.77,6.49,10.18,28.0,2.15,18.18,28.51,9.0,0.69,5.84,9.16,15.0,1.15,9.74,15.27,5.0,0.38,3.25,5.09,0.0,0.0,0.0,0.0,22.0,1.69,14.29,22.4,17.0,1.31,11.04,17.31,48.05,42.21,5.84,104.52,9.0,0.69,5.84,35.36,2.72,0.53,0.55,0.66,0.22,0.67,0.12,0.5,0.22,0.71,0.46,3.25,0.0,0.14,11.04,0.25
4,新北國王,21|10872|10874|10875,李愷諺/林彥廷/熊祥泰/傑登,9,86,105.0,1293.26,21.55,21:33,143.7,2.39,02:24,59.0,6.56,56.19,98.54,38.0,4.22,36.19,63.47,46.0,5.11,43.81,76.83,23.0,2.56,21.9,38.41,30.0,3.33,28.57,50.11,17.0,1.89,16.19,28.39,16.0,1.78,15.24,26.72,6.0,0.67,5.71,10.02,11.0,1.22,10.48,18.37,8.0,0.89,7.62,13.36,9.0,1.0,8.57,15.03,14.0,1.56,13.33,23.38,6.0,0.67,5.71,10.02,19.0,2.11,18.1,31.73,2.0,0.22,1.9,3.34,12.0,1.33,11.43,20.04,0.0,0.0,0.0,0.0,1.0,0.11,0.95,1.67,12.0,1.33,11.43,20.04,11.0,1.22,10.48,18.37,56.19,36.19,20.0,116.91,21.0,2.33,20.0,21.55,2.39,0.57,0.58,0.57,0.38,0.73,0.04,0.52,0.32,0.7,0.48,0.0,0.95,0.11,10.48,0.24
4,新北國王,21|34|10872|10876,李愷諺/沃許本/林彥廷/尚迪,3,34,42.0,423.34,7.06,07:03,141.11,2.35,02:21,13.0,4.33,30.95,66.33,23.0,7.67,54.76,117.35,13.0,4.33,30.95,66.33,6.0,2.0,14.29,30.61,9.0,3.0,21.43,45.92,6.0,2.0,14.29,30.61,4.0,1.33,9.52,20.41,0.0,0.0,0.0,0.0,4.0,1.33,9.52,20.41,1.0,0.33,2.38,5.1,1.0,0.33,2.38,5.1,8.0,2.67,19.05,40.82,6.0,2.0,14.29,30.61,5.0,1.67,11.9,25.51,2.0,0.67,4.76,10.2,2.0,0.67,4.76,10.2,2.0,0.67,4.76,10.2,0.0,0.0,0.0,0.0,3.0,1.0,7.14,15.31,10.0,3.33,23.81,51.02,30.95,54.76,-23.81,142.87,-10.0,-3.33,-23.81,7.06,2.35,0.46,0.44,0.67,0.0,0.25,0.12,0.33,0.17,0.57,0.45,4.76,0.0,0.07,23.81,0.31
4,新北國王,22|34|10872|10876,簡祐哲/沃許本/林彥廷/尚迪,4,31,38.0,453.84,7.56,07:34,113.46,1.89,01:53,16.0,4.0,42.11,76.15,18.0,4.5,47.37,85.67,14.0,3.5,36.84,66.63,7.0,1.75,18.42,33.32,9.0,2.25,23.68,42.83,6.0,1.5,15.79,28.56,5.0,1.25,13.16,23.8,1.0,0.25,2.63,4.76,2.0,0.5,5.26,9.52,1.0,0.25,2.63,4.76,2.0,0.5,5.26,9.52,5.0,1.25,13.16,23.8,6.0,1.5,15.79,28.56,7.0,1.75,18.42,33.32,3.0,0.75,7.89,14.28,4.0,1.0,10.53,19.04,1.0,0.25,2.63,4.76,0.0,0.0,0.0,0.0,2.0,0.5,5.26,9.52,7.0,1.75,18.42,33.32,42.11,47.37,-5.26,120.57,-2.0,-0.5,-5.26,7.56,1.89,0.54,0.54,0.67,0.2,0.5,0.17,0.57,0.22,0.45,0.35,2.63,0.0,0.05,18.42,0.14
4,福爾摩沙夢想家,89|97|101|103,蔣淯安/史承平/周柏臣/忻沃克,1,8,9.0,117.0,1.95,01:57,117.0,1.95,01:57,2.0,2.0,22.22,36.92,6.0,6.0,66.67,110.77,2.0,2.0,22.22,36.92,1.0,1.0,11.11,18.46,2.0,2.0,22.22,36.92,1.0,1.0,11.11,18.46,0.0,0.0,0.0,0.0,0.0,0.0,0.0,0.0,0.0,0.0,0.0,0.0,0.0,0.0,0.0,0.0,0.0,0.0,0.0,0.0,1.0,1.0,11.11,18.46,0.0,0.0,0.0,0.0,1.0,1.0,11.11,18.46,3.0,3.0,33.33,55.38,0.0,0.0,0.0,0.0,2.0,2.0,22.22,36.92,0.0,0.0,0.0,0.0,1.0,1.0,11.11,18.46,0.0,0.0,0.0,0.0,22.22,66.67,-44.44,110.77,-4.0,-4.0,-44.44,1.95,1.95,0.5,0.5,0.5,,,0.6,0.0,0.0,1.0,0.5,22.22,0.0,0.11,0.0,0.0
4,福爾摩沙夢想家,89|97|101|107,蔣淯安/史承平/周柏臣/霍爾曼,1,8,9.0,117.0,1.95,01:57,117.0,1.95,01:57,2.0,2.0,22.22,36.92,6.0,6.0,66.67,110.77,2.0,2.0,22.22,36.92,1.0,1.0,11.11,18.46,2.0,2.0,22.22,36.92,1.0,1.0,11.11,18.46,0.0,0.0,0.0,0.0,0.0,0.0,0.0,0.0,0.0,0.0,0.0,0.0,0.0,0.0,0.0,0.0,0.0,0.0,0.0,0.0,1.0,1.0,11.11,18.46,0.0,0.0,0.0,0.0,1.0,1.0,11.11,18.46,3.0,3.0,33.33,55.38,0.0,0.0,0.0,0.0,2.0,2.0,22.22,36.92,0.0,0.0,0.0,0.0,1.0,1.0,11.11,18.46,0.0,0.0,0.0,0.0,22.22,66.67,-44.44,110.77,-4.0,-4.0,-44.44,1.95,1.95,0.5,0.5,0.5,,,0.6,0.0,0.0,1.0,0.5,22.22,0.0,0.11,0.0,0.0
4,福爾摩沙夢想家,89|97|103|107,蔣淯安/史承平/忻沃克/霍爾曼,1,8,9.0,117.0,1.95,01:57,117.0,1.95,01:57,2.0,2.0,22.22,36.92,6.0,6.0,66.67,110.77,2.0,2.0,22.22,36.92,1.0,1.0,11.11,18.46,2.0,2.0,22.22,36.92,1.0,1.0,11.11,18.46,0.0,0.0,0.0,0.0,0.0,0.0,0.0,0.0,0.0,0.0,0.0,0.0,0.0,0.0,0.0,0.0,0.0,0.0,0.0,0.0,1.0,1.0,11.11,18.46,0.0,0.0,0.0,0.0,1.0,1.0,11.11,18.46,3.0,3.0,33.33,55.38,0.0,0.0,0.0,0.0,2.0,2.0,22.22,36.92,0.0,0.0,0.0,0.0,1.0,1.0,11.11,18.46,0.0,0.0,0.0,0.0,22.22,66.67,-44.44,110.77,-4.0,-4.0,-44.44,1.95,1.95,0.5,0.5,0.5,,,0.6,0.0,0.0,1.0,0.5,22.22,0.0,0.11,0.0,0.0
4,福爾摩沙夢想家,97|101|103|107,史承平/周柏臣/忻沃克/霍爾曼,1,8,9.0,117.0,1.95,01:57,117.0,1.95,01:57,2.0,2.0,22.22,36.92,6.0,6.0,66.67,110.77,2.0,2.0,22.22,36.92,1.0,1.0,11.11,18.46,2.0,2.0,22.22,36.92,1.0,1.0,11.11,18.46,0.0,0.0,0.0,0.0,0.0,0.0,0.0,0.0,0.0,0.0,0.0,0.0,0.0,0.0,0.0,0.0,0.0,0.0,0.0,0.0,1.0,1.0,11.11,18.46,0.0,0.0,0.0,0.0,1.0,1.0,11.11,18.46,3.0,3.0,33.33,55.38,0.0,0.0,0.0,0.0,2.0,2.0,22.22,36.92,0.0,0.0,0.0,0.0,1.0,1.0,11.11,18.46,0.0,0.0,0.0,0.0,22.22,66.67,-44.44,110.77,-4.0,-4.0,-44.44,1.95,1.95,0.5,0.5,0.5,,,0.6,0.0,0.0,1.0,0.5,22.22,0.0,0.11,0.0,0.0
4,福爾摩沙夢想家,89|91|97|103,蔣淯安/簡偉儒/史承平/忻沃克,1,13,14.0,187.37,3.12,03:07,187.37,3.12,03:07,9.0,9.0,64.29,103.75,3.0,3.0,21.43,34.58,4.0,4.0,28.57,46.11,2.0,2.0,14.29,23.06,2.0,2.0,14.29,23.06,2.0,2.0,14.29,23.06,2.0,2.0,14.29,23.06,0.0,0.0,0.0,0.0,5.0,5.0,35.71,57.64,5.0,5.0,35.71,57.64,1.0,1.0,7.14,11.53,1.0,1.0,7.14,11.53,0.0,0.0,0.0,0.0,2.0,2.0,14.29,23.06,1.0,1.0,7.14,11.53,1.0,1.0,7.14,11.53,0.0,0.0,0.0,0.0,0.0,0.0,0.0,0.0,1.0,1.0,7.14,11.53,2.0,2.0,14.29,23.06,64.29,21.43,42.86,107.59,6.0,6.0,42.86,3.12,3.12,0.5,0.73,1.0,0.0,1.0,0.14,0.5,0.33,1.0,0.5,0.0,0.0,0.07,14.29,1.25
4,福爾摩沙夢想家,89|91|97|106,蔣淯安/簡偉儒/史承平/高柏鎧,2,17,19.0,253.37,4.22,04:13,126.69,2.11,02:07,9.0,4.5,47.37,76.73,5.0,2.5,26.32,42.63,6.0,3.0,31.58,51.15,2.0,1.0,10.53,17.05,2.0,1.0,10.53,17.05,2.0,1.0,10.53,17.05,4.0,2.0,21.05,34.1,0.0,0.0,0.0,0.0,5.0,2.5,26.32,42.63,5.0,2.5,26.32,42.63,1.0,0.5,5.26,8.53,3.0,1.5,15.79,25.58,0.0,0.0,0.0,0.0,2.0,1.0,10.53,17.05,1.0,0.5,5.26,8.53,1.0,0.5,5.26,8.53,0.0,0.0,0.0,0.0,0.0,0.0,0.0,0.0,1.0,0.5,5.26,8.53,2.0,1.0,10.53,17.05,47.37,26.32,21.05,107.98,4.0,2.0,21.05,4.22,2.11,0.33,0.55,1.0,0.0,1.0,0.11,0.5,0.33,1.0,0.67,0.0,0.0,0.05,10.53,0.83
4,福爾摩沙夢想家,89|91|103|106,蔣淯安/簡偉儒/忻沃克/高柏鎧,4,32,35.0,561.01,9.35,09:21,140.25,2.34,02:20,23.0,5.75,65.71,88.55,6.0,1.5,17.14,23.1,9.0,2.25,25.71,34.65,6.0,1.5,17.14,23.1,6.0,1.5,17.14,23.1,5.0,1.25,14.29,19.25,3.0,0.75,8.57,11.55,1.0,0.25,2.86,3.85,11.0,2.75,31.43,42.35,10.0,2.5,28.57,38.5,2.0,0.5,5.71,7.7,2.0,0.5,5.71,7.7,1.0,0.25,2.86,3.85,7.0,1.75,20.0,26.95,4.0,1.0,11.43,15.4,5.0,1.25,14.29,19.25,1.0,0.25,2.86,3.85,0.0,0.0,0.0,0.0,7.0,1.75,20.0,26.95,2.0,0.5,5.71,7.7,65.71,17.14,48.57,89.84,17.0,4.25,48.57,9.35,2.34,0.72,0.83,0.83,0.33,0.91,0.22,0.83,0.22,0.67,0.33,2.86,0.0,0.2,5.71,1.22
4,福爾摩沙夢想家,89|97|103|106,蔣淯安/史承平/忻沃克/高柏鎧,1,13,14.0,187.37,3.12,03:07,187.37,3.12,03:07,9.0,9.0,64.29,103.75,3.0,3.0,21.43,34.58,4.0,4.0,28.57,46.11,2.0,2.0,14.29,23.06,2.0,2.0,14.29,23.06,2.0,2.0,14.29,23.06,2.0,2.0,14.29,23.06,0.0,0.0,0.0,0.0,5.0,5.0,35.71,57.64,5.0,5.0,35.71,57.64,1.0,1.0,7.14,11.53,1.0,1.0,7.14,11.53,0.0,0.0,0.0,0.0,2.0,2.0,14.29,23.06,1.0,1.0,7.14,11.53,1.0,1.0,7.14,11.53,0.0,0.0,0.0,0.0,0.0,0.0,0.0,0.0,1.0,1.0,7.14,11.53,2.0,2.0,14.29,23.06,64.29,21.43,42.86,107.59,6.0,6.0,42.86,3.12,3.12,0.5,0.73,1.0,0.0,1.0,0.14,0.5,0.33,1.0,0.5,0.0,0.0,0.07,14.29,1.25
4,新北國王,22|29|34|10872,簡祐哲/林書緯/沃許本/林彥廷,4,55,57.0,788.15,13.14,13:08,197.04,3.28,03:17,23.0,5.75,40.35,63.03,28.0,7.0,49.12,76.74,21.0,5.25,36.84,57.55,9.0,2.25,15.79,24.67,16.0,4.0,28.07,43.85,6.0,1.5,10.53,16.44,5.0,1.25,8.77,13.7,3.0,0.75,5.26,8.22,3.0,0.75,5.26,8.22,2.0,0.5,3.51,5.48,0.0,0.0,0.0,0.0,12.0,3.0,21.05,32.89,2.0,0.5,3.51,5.48,12.0,3.0,21.05,32.89,5.0,1.25,8.77,13.7,7.0,1.75,12.28,19.18,2.0,0.5,3.51,5.48,0.0,0.0,0.0,0.0,4.0,1.0,7.02,10.96,4.0,1.0,7.02,10.96,40.35,49.12,-8.77,104.14,-5.0,-1.25,-8.77,13.14,3.28,0.5,0.52,0.38,0.6,0.67,0.18,0.78,0.0,0.86,0.46,3.51,0.0,0.07,7.02,0.14
4,福爾摩沙夢想家,79|83|86|103,張宗憲/吳家駿/林俊吉/忻沃克,1,7,9.0,106.0,1.77,01:46,106.0,1.77,01:46,2.0,2.0,22.22,40.75,5.0,5.0,55.56,101.89,2.0,2.0,22.22,40.75,0.0,0.0,0.0,0.0,1.0,1.0,11.11,20.38,0.0,0.0,0.0,0.0,1.0,1.0,11.11,20.38,0.0,0.0,0.0,0.0,2.0,2.0,22.22,40.75,2.0,2.0,22.22,40.75,0.0,0.0,0.0,0.0,2.0,2.0,22.22,40.75,1.0,1.0,11.11,20.38,0.0,0.0,0.0,0.0,1.0,1.0,11.11,20.38,0.0,0.0,0.0,0.0,0.0,0.0,0.0,0.0,0.0,0.0,0.0,0.0,1.0,1.0,11.11,20.38,0.0,0.0,0.0,0.0,22.22,55.56,-33.33,122.26,-3.0,-3.0,-33.33,1.77,1.77,0.0,0.35,0.0,0.0,1.0,0.26,,,0.67,0.67,0.0,0.0,0.11,0.0,1.0
4,福爾摩沙夢想家,79|83|86|106,張宗憲/吳家駿/林俊吉/高柏鎧,1,7,9.0,106.0,1.77,01:46,106.0,1.77,01:46,2.0,2.0,22.22,40.75,5.0,5.0,55.56,101.89,2.0,2.0,22.22,40.75,0.0,0.0,0.0,0.0,1.0,1.0,11.11,20.38,0.0,0.0,0.0,0.0,1.0,1.0,11.11,20.38,0.0,0.0,0.0,0.0,2.0,2.0,22.22,40.75,2.0,2.0,22.22,40.75,0.0,0.0,0.0,0.0,2.0,2.0,22.22,40.75,1.0,1.0,11.11,20.38,0.0,0.0,0.0,0.0,1.0,1.0,11.11,20.38,0.0,0.0,0.0,0.0,0.0,0.0,0.0,0.0,0.0,0.0,0.0,0.0,1.0,1.0,11.11,20.38,0.0,0.0,0.0,0.0,22.22,55.56,-33.33,122.26,-3.0,-3.0,-33.33,1.77,1.77,0.0,0.35,0.0,0.0,1.0,0.26,,,0.67,0.67,0.0,0.0,0.11,0.0,1.0
4,福爾摩沙夢想家,79|83|103|106,張宗憲/吳家駿/忻沃克/高柏鎧,3,17,22.0,312.64,5.21,05:13,104.21,1.74,01:44,12.0,4.0,54.55,82.91,16.0,5.33,72.73,110.54,8.0,2.67,36.36,55.27,3.0,1.0,13.64,20.73,3.0,1.0,13.64,20.73,1.0,0.33,4.55,6.91,5.0,1.67,22.73,34.54,2.0,0.67,9.09,13.82,6.0,2.0,27.27,41.45,4.0,1.33,18.18,27.64,2.0,0.67,9.09,13.82,4.0,1.33,18.18,27.64,2.0,0.67,9.09,13.82,0.0,0.0,0.0,0.0,1.0,0.33,4.55,6.91,4.0,1.33,18.18,27.64,0.0,0.0,0.0,0.0,0.0,0.0,0.0,0.0,2.0,0.67,9.09,13.82,0.0,0.0,0.0,0.0,54.55,72.73,-18.18,101.33,-4.0,-1.33,-18.18,5.21,1.74,0.5,0.56,0.33,0.4,0.67,0.09,1.33,1.0,0.67,0.75,0.0,0.0,0.09,0.0,0.75
4,新北國王,19|22|29|34,蘇培凱/簡祐哲/林書緯/沃許本,1,7,10.0,119.0,1.98,01:59,119.0,1.98,01:59,5.0,5.0,50.0,90.76,0.0,0.0,0.0,0.0,3.0,3.0,30.0,54.45,2.0,2.0,20.0,36.3,2.0,2.0,20.0,36.3,1.0,1.0,10.0,18.15,1.0,1.0,10.0,18.15,1.0,1.0,10.0,18.15,0.0,0.0,0.0,0.0,0.0,0.0,0.0,0.0,1.0,1.0,10.0,18.15,0.0,0.0,0.0,0.0,1.0,1.0,10.0,18.15,3.0,3.0,30.0,54.45,1.0,1.0,10.0,18.15,2.0,2.0,20.0,36.3,0.0,0.0,0.0,0.0,0.0,0.0,0.0,0.0,0.0,0.0,0.0,0.0,0.0,0.0,0.0,0.0,50.0,0.0,50.0,121.01,5.0,5.0,50.0,1.98,1.98,0.83,0.83,0.5,1.0,,0.25,1.0,0.25,0.0,0.2,0.0,0.0,0.0,0.0,0.0
4,新北國王,19|22|34|10875,蘇培凱/簡祐哲/沃許本/傑登,1,7,10.0,119.0,1.98,01:59,119.0,1.98,01:59,5.0,5.0,50.0,90.76,0.0,0.0,0.0,0.0,3.0,3.0,30.0,54.45,2.0,2.0,20.0,36.3,2.0,2.0,20.0,36.3,1.0,1.0,10.0,18.15,1.0,1.0,10.0,18.15,1.0,1.0,10.0,18.15,0.0,0.0,0.0,0.0,0.0,0.0,0.0,0.0,1.0,1.0,10.0,18.15,0.0,0.0,0.0,0.0,1.0,1.0,10.0,18.15,3.0,3.0,30.0,54.45,1.0,1.0,10.0,18.15,2.0,2.0,20.0,36.3,0.0,0.0,0.0,0.0,0.0,0.0,0.0,0.0,0.0,0.0,0.0,0.0,0.0,0.0,0.0,0.0,50.0,0.0,50.0,121.01,5.0,5.0,50.0,1.98,1.98,0.83,0.83,0.5,1.0,,0.25,1.0,0.25,0.0,0.2,0.0,0.0,0.0,0.0,0.0
4,新北國王,19|29|34|10875,蘇培凱/林書緯/沃許本/傑登,1,7,10.0,119.0,1.98,01:59,119.0,1.98,01:59,5.0,5.0,50.0,90.76,0.0,0.0,0.0,0.0,3.0,3.0,30.0,54.45,2.0,2.0,20.0,36.3,2.0,2.0,20.0,36.3,1.0,1.0,10.0,18.15,1.0,1.0,10.0,18.15,1.0,1.0,10.0,18.15,0.0,0.0,0.0,0.0,0.0,0.0,0.0,0.0,1.0,1.0,10.0,18.15,0.0,0.0,0.0,0.0,1.0,1.0,10.0,18.15,3.0,3.0,30.0,54.45,1.0,1.0,10.0,18.15,2.0,2.0,20.0,36.3,0.0,0.0,0.0,0.0,0.0,0.0,0.0,0.0,0.0,0.0,0.0,0.0,0.0,0.0,0.0,0.0,50.0,0.0,50.0,121.01,5.0,5.0,50.0,1.98,1.98,0.83,0.83,0.5,1.0,,0.25,1.0,0.25,0.0,0.2,0.0,0.0,0.0,0.0,0.0
4,福爾摩沙夢想家,83|97|99|106,吳家駿/史承平/盧冠良/高柏鎧,1,9,11.0,176.69,2.94,02:57,176.69,2.94,02:57,2.0,2.0,18.18,24.45,4.0,4.0,36.36,48.9,6.0,6.0,54.55,73.35,1.0,1.0,9.09,12.22,3.0,3.0,27.27,36.67,1.0,1.0,9.09,12.22,3.0,3.0,27.27,36.67,0.0,0.0,0.0,0.0,0.0,0.0,0.0,0.0,0.0,0.0,0.0,0.0,2.0,2.0,18.18,24.45,3.0,3.0,27.27,36.67,0.0,0.0,0.0,0.0,0.0,0.0,0.0,0.0,0.0,0.0,0.0,0.0,0.0,0.0,0.0,0.0,0.0,0.0,0.0,0.0,0.0,0.0,0.0,0.0,1.0,1.0,9.09,12.22,0.0,0.0,0.0,0.0,18.18,36.36,-18.18,89.65,-2.0,-2.0,-18.18,2.94,2.94,0.17,0.17,0.33,0.0,,0.0,0.0,1.0,1.0,1.0,0.0,0.0,0.09,0.0,0.0
4,福爾摩沙夢想家,83|97|99|107,吳家駿/史承平/盧冠良/霍爾曼,1,9,11.0,176.69,2.94,02:57,176.69,2.94,02:57,2.0,2.0,18.18,24.45,4.0,4.0,36.36,48.9,6.0,6.0,54.55,73.35,1.0,1.0,9.09,12.22,3.0,3.0,27.27,36.67,1.0,1.0,9.09,12.22,3.0,3.0,27.27,36.67,0.0,0.0,0.0,0.0,0.0,0.0,0.0,0.0,0.0,0.0,0.0,0.0,2.0,2.0,18.18,24.45,3.0,3.0,27.27,36.67,0.0,0.0,0.0,0.0,0.0,0.0,0.0,0.0,0.0,0.0,0.0,0.0,0.0,0.0,0.0,0.0,0.0,0.0,0.0,0.0,0.0,0.0,0.0,0.0,1.0,1.0,9.09,12.22,0.0,0.0,0.0,0.0,18.18,36.36,-18.18,89.65,-2.0,-2.0,-18.18,2.94,2.94,0.17,0.17,0.33,0.0,,0.0,0.0,1.0,1.0,1.0,0.0,0.0,0.09,0.0,0.0
4,福爾摩沙夢想家,97|99|106|107,史承平/盧冠良/高柏鎧/霍爾曼,1,9,11.0,176.69,2.94,02:57,176.69,2.94,02:57,2.0,2.0,18.18,24.45,4.0,4.0,36.36,48.9,6.0,6.0,54.55,73.35,1.0,1.0,9.09,12.22,3.0,3.0,27.27,36.67,1.0,1.0,9.09,12.22,3.0,3.0,27.27,36.67,0.0,0.0,0.0,0.0,0.0,0.0,0.0,0.0,0.0,0.0,0.0,0.0,2.0,2.0,18.18,24.45,3.0,3.0,27.27,36.67,0.0,0.0,0.0,0.0,0.0,0.0,0.0,0.0,0.0,0.0,0.0,0.0,0.0,0.0,0.0,0.0,0.0,0.0,0.0,0.0,0.0,0.0,0.0,0.0,1.0,1.0,9.09,12.22,0.0,0.0,0.0,0.0,18.18,36.36,-18.18,89.65,-2.0,-2.0,-18.18,2.94,2.94,0.17,0.17,0.33,0.0,,0.0,0.0,1.0,1.0,1.0,0.0,0.0,0.09,0.0,0.0
4,新北國王,22|29|10872|10876,簡祐哲/林書緯/林彥廷/尚迪,4,37,43.0,640.69,10.68,10:41,160.17,2.67,02:40,27.0,6.75,62.79,91.03,19.0,4.75,44.19,64.06,16.0,4.0,37.21,53.94,12.0,3.0,27.91,40.46,14.0,3.5,32.56,47.2,10.0,2.5,23.26,33.71,2.0,0.5,4.65,6.74,2.0,0.5,4.65,6.74,2.0,0.5,4.65,6.74,1.0,0.25,2.33,3.37,0.0,0.0,0.0,0.0,4.0,1.0,9.3,13.49,5.0,1.25,11.63,16.86,7.0,1.75,16.28,23.6,3.0,0.75,6.98,10.11,7.0,1.75,16.28,23.6,1.0,0.25,2.33,3.37,1.0,0.25,2.33,3.37,2.0,0.5,4.65,6.74,4.0,1.0,9.3,13.49,62.79,44.19,18.6,96.65,8.0,2.0,18.6,10.68,2.67,0.81,0.8,0.71,1.0,0.5,0.15,0.58,0.0,0.44,0.25,2.33,2.33,0.05,9.3,0.12
4,新北國王,29|34|10872|10876,林書緯/沃許本/林彥廷/尚迪,3,60,75.0,889.85,14.83,14:50,296.62,4.94,04:57,31.0,10.33,41.33,75.25,28.0,9.33,37.33,67.97,22.0,7.33,29.33,53.4,13.0,4.33,17.33,31.56,13.0,4.33,17.33,31.56,9.0,3.0,12.0,21.85,9.0,3.0,12.0,21.85,4.0,1.33,5.33,9.71,4.0,1.33,5.33,9.71,1.0,0.33,1.33,2.43,4.0,1.33,5.33,9.71,6.0,2.0,8.0,14.56,10.0,3.33,13.33,24.27,11.0,3.67,14.67,26.7,10.0,3.33,13.33,24.27,9.0,3.0,12.0,21.85,6.0,2.0,8.0,14.56,1.0,0.33,1.33,2.43,4.0,1.33,5.33,9.71,3.0,1.0,4.0,7.28,41.33,37.33,4.0,121.37,3.0,1.0,4.0,14.83,4.94,0.68,0.65,0.69,0.44,0.25,0.3,0.69,0.27,0.38,0.32,8.0,1.33,0.05,4.0,0.18
4,新北國王,22|23|29|10872,簡祐哲/王柏智/林書緯/林彥廷,2,12,17.0,255.0,4.25,04:15,127.5,2.12,02:07,6.0,3.0,35.29,50.82,9.0,4.5,52.94,76.24,6.0,3.0,35.29,50.82,2.0,1.0,11.76,16.94,3.0,1.5,17.65,25.41,1.0,0.5,5.88,8.47,3.0,1.5,17.65,25.41,1.0,0.5,5.88,8.47,2.0,1.0,11.76,16.94,1.0,0.5,5.88,8.47,2.0,1.0,11.76,16.94,2.0,1.0,11.76,16.94,3.0,1.5,17.65,25.41,2.0,1.0,11.76,16.94,1.0,0.5,5.88,8.47,0.0,0.0,0.0,0.0,0.0,0.0,0.0,0.0,1.0,0.5,5.88,8.47,1.0,0.5,5.88,8.47,0.0,0.0,0.0,0.0,35.29,52.94,-17.65,96.0,-3.0,-1.5,-17.65,4.25,2.12,0.42,0.44,0.33,0.33,0.5,0.13,0.0,0.5,0.4,0.44,0.0,5.88,0.06,0.0,0.33
4,新北國王,22|23|29|10876,簡祐哲/王柏智/林書緯/尚迪,3,19,22.0,311.61,5.19,05:12,103.87,1.73,01:44,8.0,2.67,36.36,55.45,11.0,3.67,50.0,76.25,7.0,2.33,31.82,48.52,3.0,1.0,13.64,20.8,5.0,1.67,22.73,34.66,2.0,0.67,9.09,13.86,2.0,0.67,9.09,13.86,1.0,0.33,4.55,6.93,2.0,0.67,9.09,13.86,1.0,0.33,4.55,6.93,0.0,0.0,0.0,0.0,4.0,1.33,18.18,27.73,3.0,1.0,13.64,20.8,4.0,1.33,18.18,27.73,1.0,0.33,4.55,6.93,0.0,0.0,0.0,0.0,1.0,0.33,4.55,6.93,1.0,0.33,4.55,6.93,2.0,0.67,9.09,13.86,4.0,1.33,18.18,27.73,36.36,50.0,-13.64,101.66,-3.0,-1.0,-13.64,5.19,1.73,0.5,0.51,0.4,0.5,0.5,0.11,0.0,0.0,0.57,0.36,4.55,4.55,0.09,18.18,0.29
4,新北國王,22|23|10872|10876,簡祐哲/王柏智/林彥廷/尚迪,4,17,26.0,335.11,5.59,05:35,83.78,1.4,01:24,9.0,2.25,34.62,58.01,10.0,2.5,38.46,64.46,8.0,2.0,30.77,51.56,3.0,0.75,11.54,19.34,3.0,0.75,11.54,19.34,1.0,0.25,3.85,6.45,5.0,1.25,19.23,32.23,2.0,0.5,7.69,12.89,2.0,0.5,7.69,12.89,1.0,0.25,3.85,6.45,2.0,0.5,7.69,12.89,4.0,1.0,15.38,25.78,5.0,1.25,19.23,32.23,3.0,0.75,11.54,19.34,1.0,0.25,3.85,6.45,1.0,0.25,3.85,6.45,1.0,0.25,3.85,6.45,2.0,0.5,7.69,12.89,2.0,0.5,7.69,12.89,2.0,0.5,7.69,12.89,34.62,38.46,-3.85,111.72,-1.0,-0.25,-3.85,5.59,1.4,0.5,0.51,0.33,0.4,0.5,0.1,0.33,0.4,0.44,0.43,3.85,7.69,0.08,7.69,0.25
4,新北國王,23|29|10872|10876,王柏智/林書緯/林彥廷/尚迪,1,10,12.0,218.0,3.63,03:38,218.0,3.63,03:38,8.0,8.0,66.67,79.27,6.0,6.0,50.0,59.45,5.0,5.0,41.67,49.54,3.0,3.0,25.0,29.72,2.0,2.0,16.67,19.82,1.0,1.0,8.33,9.91,3.0,3.0,25.0,29.72,2.0,2.0,16.67,19.82,0.0,0.0,0.0,0.0,0.0,0.0,0.0,0.0,0.0,0.0,0.0,0.0,1.0,1.0,8.33,9.91,2.0,2.0,16.67,19.82,3.0,3.0,25.0,29.72,0.0,0.0,0.0,0.0,1.0,1.0,8.33,9.91,0.0,0.0,0.0,0.0,1.0,1.0,8.33,9.91,0.0,0.0,0.0,0.0,0.0,0.0,0.0,0.0,66.67,50.0,16.67,79.27,2.0,2.0,16.67,3.63,3.63,0.8,0.8,0.5,0.67,,0.0,0.33,0.0,0.33,0.17,0.0,8.33,0.0,0.0,0.0
4,福爾摩沙夢想家,89|91|99|101,蔣淯安/簡偉儒/盧冠良/周柏臣,1,8,9.0,162.0,2.7,02:42,162.0,2.7,02:42,4.0,4.0,44.44,53.33,6.0,6.0,66.67,80.0,4.0,4.0,44.44,53.33,1.0,1.0,11.11,13.33,1.0,1.0,11.11,13.33,0.0,0.0,0.0,0.0,3.0,3.0,33.33,40.0,1.0,1.0,11.11,13.33,0.0,0.0,0.0,0.0,0.0,0.0,0.0,0.0,1.0,1.0,11.11,13.33,3.0,3.0,33.33,40.0,0.0,0.0,0.0,0.0,1.0,1.0,11.11,13.33,0.0,0.0,0.0,0.0,1.0,1.0,11.11,13.33,0.0,0.0,0.0,0.0,0.0,0.0,0.0,0.0,2.0,2.0,22.22,26.67,0.0,0.0,0.0,0.0,44.44,66.67,-22.22,80.0,-2.0,-2.0,-22.22,2.7,2.7,0.38,0.5,0.0,0.33,,0.0,1.0,0.5,1.0,0.8,0.0,0.0,0.22,0.0,0.0
4,福爾摩沙夢想家,89|91|99|107,蔣淯安/簡偉儒/盧冠良/霍爾曼,2,19,21.0,297.5,4.96,04:58,148.75,2.48,02:29,12.0,6.0,57.14,87.13,6.0,3.0,28.57,43.56,9.0,4.5,42.86,65.34,4.0,2.0,19.05,29.04,4.0,2.0,19.05,29.04,1.0,0.5,4.76,7.26,5.0,2.5,23.81,36.3,3.0,1.5,14.29,21.78,0.0,0.0,0.0,0.0,0.0,0.0,0.0,0.0,2.0,1.0,9.52,14.52,3.0,1.5,14.29,21.78,0.0,0.0,0.0,0.0,4.0,2.0,19.05,29.04,2.0,1.0,9.52,14.52,4.0,2.0,19.05,29.04,0.0,0.0,0.0,0.0,0.0,0.0,0.0,0.0,3.0,1.5,14.29,21.78,0.0,0.0,0.0,0.0,57.14,28.57,28.57,101.65,6.0,3.0,28.57,4.96,2.48,0.61,0.67,0.25,0.6,,0.18,1.0,0.33,1.0,0.56,0.0,0.0,0.14,0.0,0.0
4,福爾摩沙夢想家,91|99|101|107,簡偉儒/盧冠良/周柏臣/霍爾曼,1,8,9.0,162.0,2.7,02:42,162.0,2.7,02:42,4.0,4.0,44.44,53.33,6.0,6.0,66.67,80.0,4.0,4.0,44.44,53.33,1.0,1.0,11.11,13.33,1.0,1.0,11.11,13.33,0.0,0.0,0.0,0.0,3.0,3.0,33.33,40.0,1.0,1.0,11.11,13.33,0.0,0.0,0.0,0.0,0.0,0.0,0.0,0.0,1.0,1.0,11.11,13.33,3.0,3.0,33.33,40.0,0.0,0.0,0.0,0.0,1.0,1.0,11.11,13.33,0.0,0.0,0.0,0.0,1.0,1.0,11.11,13.33,0.0,0.0,0.0,0.0,0.0,0.0,0.0,0.0,2.0,2.0,22.22,26.67,0.0,0.0,0.0,0.0,44.44,66.67,-22.22,80.0,-2.0,-2.0,-22.22,2.7,2.7,0.38,0.5,0.0,0.33,,0.0,1.0,0.5,1.0,0.8,0.0,0.0,0.22,0.0,0.0
4,新北國王,23|28|29|10872,王柏智/呂政儒/林書緯/林彥廷,2,9,11.0,192.0,3.2,03:12,96.0,1.6,01:36,5.0,2.5,45.45,56.25,3.0,1.5,27.27,33.75,5.0,2.5,45.45,56.25,2.0,1.0,18.18,22.5,2.0,1.0,18.18,22.5,1.0,0.5,9.09,11.25,3.0,1.5,27.27,33.75,1.0,0.5,9.09,11.25,0.0,0.0,0.0,0.0,0.0,0.0,0.0,0.0,0.0,0.0,0.0,0.0,2.0,1.0,18.18,22.5,2.0,1.0,18.18,22.5,3.0,1.5,27.27,33.75,0.0,0.0,0.0,0.0,1.0,0.5,9.09,11.25,0.0,0.0,0.0,0.0,0.0,0.0,0.0,0.0,0.0,0.0,0.0,0.0,0.0,0.0,0.0,0.0,45.45,27.27,18.18,82.5,2.0,1.0,18.18,3.2,1.6,0.5,0.5,0.5,0.33,,0.0,0.5,0.0,0.5,0.29,0.0,0.0,0.0,0.0,0.0
4,新北國王,23|28|29|10876,王柏智/呂政儒/林書緯/尚迪,1,4,5.0,72.0,1.2,01:12,72.0,1.2,01:12,3.0,3.0,60.0,90.0,1.0,1.0,20.0,30.0,2.0,2.0,40.0,60.0,1.0,1.0,20.0,30.0,0.0,0.0,0.0,0.0,0.0,0.0,0.0,0.0,2.0,2.0,40.0,60.0,1.0,1.0,20.0,30.0,0.0,0.0,0.0,0.0,0.0,0.0,0.0,0.0,0.0,0.0,0.0,0.0,0.0,0.0,0.0,0.0,1.0,1.0,20.0,30.0,2.0,2.0,40.0,60.0,0.0,0.0,0.0,0.0,1.0,1.0,20.0,30.0,0.0,0.0,0.0,0.0,0.0,0.0,0.0,0.0,0.0,0.0,0.0,0.0,0.0,0.0,0.0,0.0,60.0,20.0,40.0,100.0,2.0,2.0,40.0,1.2,1.2,0.75,0.75,,0.5,,0.0,1.0,0.0,0.0,0.0,0.0,0.0,0.0,0.0,0.0
4,新北國王,23|28|10872|10876,王柏智/呂政儒/林彥廷/尚迪,1,4,5.0,72.0,1.2,01:12,72.0,1.2,01:12,3.0,3.0,60.0,90.0,1.0,1.0,20.0,30.0,2.0,2.0,40.0,60.0,1.0,1.0,20.0,30.0,0.0,0.0,0.0,0.0,0.0,0.0,0.0,0.0,2.0,2.0,40.0,60.0,1.0,1.0,20.0,30.0,0.0,0.0,0.0,0.0,0.0,0.0,0.0,0.0,0.0,0.0,0.0,0.0,0.0,0.0,0.0,0.0,1.0,1.0,20.0,30.0,2.0,2.0,40.0,60.0,0.0,0.0,0.0,0.0,1.0,1.0,20.0,30.0,0.0,0.0,0.0,0.0,0.0,0.0,0.0,0.0,0.0,0.0,0.0,0.0,0.0,0.0,0.0,0.0,60.0,20.0,40.0,100.0,2.0,2.0,40.0,1.2,1.2,0.75,0.75,,0.5,,0.0,1.0,0.0,0.0,0.0,0.0,0.0,0.0,0.0,0.0
4,新北國王,24|28|29|10872,蘇士軒/呂政儒/林書緯/林彥廷,2,15,17.0,233.18,3.89,03:53,116.59,1.94,01:57,4.0,2.0,23.53,37.05,8.0,4.0,47.06,74.11,6.0,3.0,35.29,55.58,2.0,1.0,11.76,18.53,2.0,1.0,11.76,18.53,2.0,1.0,11.76,18.53,4.0,2.0,23.53,37.05,0.0,0.0,0.0,0.0,0.0,0.0,0.0,0.0,0.0,0.0,0.0,0.0,1.0,0.5,5.88,9.26,2.0,1.0,11.76,18.53,1.0,0.5,5.88,9.26,1.0,0.5,5.88,9.26,2.0,1.0,11.76,18.53,2.0,1.0,11.76,18.53,2.0,1.0,11.76,18.53,0.0,0.0,0.0,0.0,0.0,0.0,0.0,0.0,3.0,1.5,17.65,27.79,23.53,47.06,-23.53,104.99,-4.0,-2.0,-23.53,3.89,1.94,0.33,0.33,1.0,0.0,,0.25,1.0,0.5,0.67,0.6,11.76,0.0,0.0,17.65,0.0
4,新北國王,24|28|29|10876,蘇士軒/呂政儒/林書緯/尚迪,1,2,2.0,31.69,0.53,00:32,31.69,0.53,00:32,0.0,0.0,0.0,0.0,2.0,2.0,100.0,136.32,1.0,1.0,50.0,68.16,0.0,0.0,0.0,0.0,0.0,0.0,0.0,0.0,0.0,0.0,0.0,0.0,1.0,1.0,50.0,68.16,0.0,0.0,0.0,0.0,0.0,0.0,0.0,0.0,0.0,0.0,0.0,0.0,0.0,0.0,0.0,0.0,1.0,1.0,50.0,68.16,0.0,0.0,0.0,0.0,0.0,0.0,0.0,0.0,0.0,0.0,0.0,0.0,0.0,0.0,0.0,0.0,0.0,0.0,0.0,0.0,0.0,0.0,0.0,0.0,0.0,0.0,0.0,0.0,2.0,2.0,100.0,136.32,0.0,100.0,-100.0,90.88,-2.0,-2.0,-100.0,0.53,0.53,0.0,0.0,,0.0,,0.0,,,1.0,1.0,0.0,0.0,0.0,100.0,0.0
4,新北國王,24|28|10872|10876,蘇士軒/呂政儒/林彥廷/尚迪,2,13,15.0,194.34,3.24,03:14,97.17,1.62,01:37,14.0,7.0,93.33,155.6,8.0,4.0,53.33,88.92,7.0,3.5,46.67,77.8,5.0,2.5,33.33,55.57,1.0,0.5,6.67,11.11,1.0,0.5,6.67,11.11,6.0,3.0,40.0,66.69,4.0,2.0,26.67,44.46,0.0,0.0,0.0,0.0,0.0,0.0,0.0,0.0,1.0,0.5,6.67,11.11,1.0,0.5,6.67,11.11,1.0,0.5,6.67,11.11,1.0,0.5,6.67,11.11,1.0,0.5,6.67,11.11,4.0,2.0,26.67,44.46,0.0,0.0,0.0,0.0,0.0,0.0,0.0,0.0,0.0,0.0,0.0,0.0,4.0,2.0,26.67,44.46,93.33,53.33,40.0,111.15,6.0,3.0,40.0,3.24,1.62,1.0,1.0,1.0,0.67,,0.12,0.8,0.5,0.5,0.5,0.0,0.0,0.0,26.67,0.0
4,福爾摩沙夢想家,79|89|91|103,張宗憲/蔣淯安/簡偉儒/忻沃克,2,15,18.0,315.15,5.25,05:15,157.58,2.63,02:38,5.0,2.5,27.78,34.27,7.0,3.5,38.89,47.98,4.0,2.0,22.22,27.42,2.0,1.0,11.11,13.71,3.0,1.5,16.67,20.56,2.0,1.0,11.11,13.71,1.0,0.5,5.56,6.85,0.0,0.0,0.0,0.0,1.0,0.5,5.56,6.85,1.0,0.5,5.56,6.85,1.0,0.5,5.56,6.85,1.0,0.5,5.56,6.85,2.0,1.0,11.11,13.71,2.0,1.0,11.11,13.71,3.0,1.5,16.67,20.56,1.0,0.5,5.56,6.85,2.0,1.0,11.11,13.71,0.0,0.0,0.0,0.0,2.0,1.0,11.11,13.71,0.0,0.0,0.0,0.0,27.78,38.89,-11.11,82.25,-2.0,-1.0,-11.11,5.25,2.63,0.5,0.56,0.67,0.0,1.0,0.4,0.5,0.33,0.33,0.33,11.11,0.0,0.11,0.0,0.25
4,福爾摩沙夢想家,89|91|103|107,蔣淯安/簡偉儒/忻沃克/霍爾曼,6,51,59.0,826.53,13.78,13:47,137.75,2.3,02:18,21.0,3.5,35.59,54.88,24.0,4.0,40.68,62.72,18.0,3.0,30.51,47.04,8.0,1.33,13.56,20.91,8.0,1.33,13.56,20.91,6.0,1.0,10.17,15.68,10.0,1.67,16.95,26.13,2.0,0.33,3.39,5.23,4.0,0.67,6.78,10.45,3.0,0.5,5.08,7.84,3.0,0.5,5.08,7.84,8.0,1.33,13.56,20.91,5.0,0.83,8.47,13.07,8.0,1.33,13.56,20.91,8.0,1.33,13.56,20.91,4.0,0.67,6.78,10.45,3.0,0.5,5.08,7.84,1.0,0.17,1.69,2.61,7.0,1.17,11.86,18.29,6.0,1.0,10.17,15.68,35.59,40.68,-5.08,102.79,-3.0,-0.5,-5.08,13.78,2.3,0.5,0.53,0.75,0.2,0.75,0.29,0.5,0.27,0.62,0.46,5.08,1.69,0.12,10.17,0.22
4,新北國王,24|28|29|10875,蘇士軒/呂政儒/林書緯/傑登,4,71,83.0,1017.2,16.95,16:57,254.3,4.24,04:14,38.0,9.5,45.78,80.69,31.0,7.75,37.35,65.83,31.0,7.75,37.35,65.83,16.0,4.0,19.28,33.98,17.0,4.25,20.48,36.1,11.0,2.75,13.25,23.36,14.0,3.5,16.87,29.73,5.0,1.25,6.02,10.62,4.0,1.0,4.82,8.49,1.0,0.25,1.2,2.12,4.0,1.0,4.82,8.49,11.0,2.75,13.25,23.36,6.0,1.5,7.23,12.74,13.0,3.25,15.66,27.61,5.0,1.25,6.02,10.62,11.0,2.75,13.25,23.36,2.0,0.5,2.41,4.25,0.0,0.0,0.0,0.0,5.0,1.25,6.02,10.62,12.0,3.0,14.46,25.48,45.78,37.35,8.43,117.5,7.0,1.75,8.43,16.95,4.24,0.6,0.58,0.65,0.36,0.25,0.13,0.69,0.24,0.65,0.44,2.41,0.0,0.06,14.46,0.13
4,新北國王,24|28|10872|10875,蘇士軒/呂政儒/林彥廷/傑登,4,34,38.0,510.51,8.51,08:31,127.63,2.13,02:08,12.0,3.0,31.58,50.77,15.0,3.75,39.47,63.47,13.0,3.25,34.21,55.0,5.0,1.25,13.16,21.16,7.0,1.75,18.42,29.62,4.0,1.0,10.53,16.92,6.0,1.5,15.79,25.39,1.0,0.25,2.63,4.23,2.0,0.5,5.26,8.46,1.0,0.25,2.63,4.23,2.0,0.5,5.26,8.46,6.0,1.5,15.79,25.39,2.0,0.5,5.26,8.46,5.0,1.25,13.16,21.16,3.0,0.75,7.89,12.69,4.0,1.0,10.53,16.92,3.0,0.75,7.89,12.69,0.0,0.0,0.0,0.0,3.0,0.75,7.89,12.69,3.0,0.75,7.89,12.69,31.58,39.47,-7.89,107.19,-3.0,-0.75,-7.89,8.51,2.13,0.42,0.43,0.57,0.17,0.5,0.18,0.8,0.29,0.75,0.53,7.89,0.0,0.08,7.89,0.15
4,新北國王,25|10872|10873|10874,林金榜/林彥廷/喬納森/熊祥泰,1,4,4.0,42.73,0.71,00:43,42.73,0.71,00:43,0.0,0.0,0.0,0.0,3.0,3.0,75.0,151.65,1.0,1.0,25.0,50.55,0.0,0.0,0.0,0.0,0.0,0.0,0.0,0.0,0.0,0.0,0.0,0.0,1.0,1.0,25.0,50.55,0.0,0.0,0.0,0.0,0.0,0.0,0.0,0.0,0.0,0.0,0.0,0.0,0.0,0.0,0.0,0.0,1.0,1.0,25.0,50.55,0.0,0.0,0.0,0.0,0.0,0.0,0.0,0.0,1.0,1.0,25.0,50.55,0.0,0.0,0.0,0.0,1.0,1.0,25.0,50.55,0.0,0.0,0.0,0.0,0.0,0.0,0.0,0.0,3.0,3.0,75.0,151.65,0.0,75.0,-75.0,134.8,-3.0,-3.0,-75.0,0.71,0.71,0.0,0.0,,0.0,,0.5,,,1.0,1.0,25.0,0.0,0.0,75.0,0.0
4,新北國王,25|10872|10873|10875,林金榜/林彥廷/喬納森/傑登,1,4,4.0,42.73,0.71,00:43,42.73,0.71,00:43,0.0,0.0,0.0,0.0,3.0,3.0,75.0,151.65,1.0,1.0,25.0,50.55,0.0,0.0,0.0,0.0,0.0,0.0,0.0,0.0,0.0,0.0,0.0,0.0,1.0,1.0,25.0,50.55,0.0,0.0,0.0,0.0,0.0,0.0,0.0,0.0,0.0,0.0,0.0,0.0,0.0,0.0,0.0,0.0,1.0,1.0,25.0,50.55,0.0,0.0,0.0,0.0,0.0,0.0,0.0,0.0,1.0,1.0,25.0,50.55,0.0,0.0,0.0,0.0,1.0,1.0,25.0,50.55,0.0,0.0,0.0,0.0,0.0,0.0,0.0,0.0,3.0,3.0,75.0,151.65,0.0,75.0,-75.0,134.8,-3.0,-3.0,-75.0,0.71,0.71,0.0,0.0,,0.0,,0.5,,,1.0,1.0,25.0,0.0,0.0,75.0,0.0
4,新北國王,25|10872|10874|10875,林金榜/林彥廷/熊祥泰/傑登,3,16,16.0,211.05,3.52,03:31,70.35,1.17,01:10,5.0,1.67,31.25,51.17,8.0,2.67,50.0,81.87,5.0,1.67,31.25,51.17,1.0,0.33,6.25,10.23,1.0,0.33,6.25,10.23,0.0,0.0,0.0,0.0,4.0,1.33,25.0,40.94,1.0,0.33,6.25,10.23,2.0,0.67,12.5,20.47,2.0,0.67,12.5,20.47,0.0,0.0,0.0,0.0,4.0,1.33,25.0,40.94,0.0,0.0,0.0,0.0,4.0,1.33,25.0,40.94,2.0,0.67,12.5,20.47,2.0,0.67,12.5,20.47,2.0,0.67,12.5,20.47,0.0,0.0,0.0,0.0,1.0,0.33,6.25,10.23,7.0,2.33,43.75,71.64,31.25,50.0,-18.75,109.17,-3.0,-1.0,-18.75,3.52,1.17,0.3,0.43,0.0,0.25,1.0,0.25,2.0,0.0,1.0,0.5,12.5,0.0,0.06,43.75,0.4
4,新北國王,25|10873|10874|10875,林金榜/喬納森/熊祥泰/傑登,1,4,4.0,42.73,0.71,00:43,42.73,0.71,00:43,0.0,0.0,0.0,0.0,3.0,3.0,75.0,151.65,1.0,1.0,25.0,50.55,0.0,0.0,0.0,0.0,0.0,0.0,0.0,0.0,0.0,0.0,0.0,0.0,1.0,1.0,25.0,50.55,0.0,0.0,0.0,0.0,0.0,0.0,0.0,0.0,0.0,0.0,0.0,0.0,0.0,0.0,0.0,0.0,1.0,1.0,25.0,50.55,0.0,0.0,0.0,0.0,0.0,0.0,0.0,0.0,1.0,1.0,25.0,50.55,0.0,0.0,0.0,0.0,1.0,1.0,25.0,50.55,0.0,0.0,0.0,0.0,0.0,0.0,0.0,0.0,3.0,3.0,75.0,151.65,0.0,75.0,-75.0,134.8,-3.0,-3.0,-75.0,0.71,0.71,0.0,0.0,,0.0,,0.5,,,1.0,1.0,25.0,0.0,0.0,75.0,0.0
4,新北國王,10872|10873|10874|10875,林彥廷/喬納森/熊祥泰/傑登,2,32,40.0,437.73,7.3,07:18,218.87,3.65,03:39,8.0,4.0,20.0,39.48,14.0,7.0,35.0,69.08,15.0,7.5,37.5,74.02,4.0,2.0,10.0,19.74,11.0,5.5,27.5,54.28,4.0,2.0,10.0,19.74,4.0,2.0,10.0,19.74,0.0,0.0,0.0,0.0,3.0,1.5,7.5,14.8,2.0,1.0,5.0,9.87,3.0,1.5,7.5,14.8,8.0,4.0,20.0,39.48,2.0,1.0,5.0,9.87,3.0,1.5,7.5,14.8,3.0,1.5,7.5,14.8,1.0,0.5,2.5,4.93,1.0,0.5,2.5,4.93,0.0,0.0,0.0,0.0,1.0,0.5,2.5,4.93,5.0,2.5,12.5,24.67,20.0,35.0,-15.0,131.59,-6.0,-3.0,-15.0,7.3,3.65,0.27,0.25,0.36,0.0,0.67,0.16,0.25,0.5,0.8,0.69,2.5,0.0,0.02,12.5,0.2
4,福爾摩沙夢想家,79|89|91|106,張宗憲/蔣淯安/簡偉儒/高柏鎧,5,50,62.0,1006.49,16.77,16:46,201.3,3.35,03:21,36.0,7.2,58.06,77.26,22.0,4.4,35.48,47.21,22.0,4.4,35.48,47.21,11.0,2.2,17.74,23.61,17.0,3.4,27.42,36.48,8.0,1.6,12.9,17.17,5.0,1.0,8.06,10.73,3.0,0.6,4.84,6.44,9.0,1.8,14.52,19.31,8.0,1.6,12.9,17.17,6.0,1.2,9.68,12.88,6.0,1.2,9.68,12.88,4.0,0.8,6.45,8.58,9.0,1.8,14.52,19.31,4.0,0.8,6.45,8.58,7.0,1.4,11.29,15.02,2.0,0.4,3.23,4.29,2.0,0.4,3.23,4.29,6.0,1.2,9.68,12.88,12.0,2.4,19.35,25.75,58.06,35.48,22.58,88.7,14.0,2.8,22.58,16.77,3.35,0.57,0.69,0.47,0.6,0.89,0.13,0.64,0.4,0.6,0.48,3.23,3.23,0.1,19.35,0.41
4,福爾摩沙夢想家,79|89|103|106,張宗憲/蔣淯安/忻沃克/高柏鎧,18,627,761.0,11036.8,183.95,183:57,613.16,10.22,10:13,324.0,18.0,42.58,63.41,308.0,17.11,40.47,60.28,278.0,15.44,36.53,54.41,121.0,6.72,15.9,23.68,162.0,9.0,21.29,31.7,80.0,4.44,10.51,15.66,116.0,6.44,15.24,22.7,41.0,2.28,5.39,8.02,54.0,3.0,7.1,10.57,37.0,2.06,4.86,7.24,56.0,3.11,7.36,10.96,107.0,5.94,14.06,20.94,51.0,2.83,6.7,9.98,145.0,8.06,19.05,28.38,65.0,3.61,8.54,12.72,72.0,4.0,9.46,14.09,36.0,2.0,4.73,7.05,5.0,0.28,0.66,0.98,70.0,3.89,9.2,13.7,50.0,2.78,6.57,9.79,42.58,40.47,2.1,99.29,16.0,0.89,2.1,183.95,10.22,0.51,0.54,0.49,0.35,0.69,0.18,0.6,0.28,0.68,0.45,4.73,0.66,0.09,6.57,0.19
4,新北國王,19|23|25|10872,蘇培凱/王柏智/林金榜/林彥廷,1,9,10.0,154.64,2.58,02:35,154.64,2.58,02:35,3.0,3.0,30.0,41.9,5.0,5.0,50.0,69.84,2.0,2.0,20.0,27.94,1.0,1.0,10.0,13.97,1.0,1.0,10.0,13.97,1.0,1.0,10.0,13.97,1.0,1.0,10.0,13.97,0.0,0.0,0.0,0.0,2.0,2.0,20.0,27.94,1.0,1.0,10.0,13.97,0.0,0.0,0.0,0.0,1.0,1.0,10.0,13.97,1.0,1.0,10.0,13.97,1.0,1.0,10.0,13.97,1.0,1.0,10.0,13.97,1.0,1.0,10.0,13.97,1.0,1.0,10.0,13.97,0.0,0.0,0.0,0.0,1.0,1.0,10.0,13.97,1.0,1.0,10.0,13.97,30.0,50.0,-20.0,93.12,-2.0,-2.0,-20.0,2.58,2.58,0.5,0.52,1.0,0.0,0.5,0.26,1.0,0.0,0.5,0.33,10.0,0.0,0.1,10.0,1.0
4,新北國王,19|23|25|10873,蘇培凱/王柏智/林金榜/喬納森,1,9,10.0,154.64,2.58,02:35,154.64,2.58,02:35,3.0,3.0,30.0,41.9,5.0,5.0,50.0,69.84,2.0,2.0,20.0,27.94,1.0,1.0,10.0,13.97,1.0,1.0,10.0,13.97,1.0,1.0,10.0,13.97,1.0,1.0,10.0,13.97,0.0,0.0,0.0,0.0,2.0,2.0,20.0,27.94,1.0,1.0,10.0,13.97,0.0,0.0,0.0,0.0,1.0,1.0,10.0,13.97,1.0,1.0,10.0,13.97,1.0,1.0,10.0,13.97,1.0,1.0,10.0,13.97,1.0,1.0,10.0,13.97,1.0,1.0,10.0,13.97,0.0,0.0,0.0,0.0,1.0,1.0,10.0,13.97,1.0,1.0,10.0,13.97,30.0,50.0,-20.0,93.12,-2.0,-2.0,-20.0,2.58,2.58,0.5,0.52,1.0,0.0,0.5,0.26,1.0,0.0,0.5,0.33,10.0,0.0,0.1,10.0,1.0
4,新北國王,19|23|10872|10873,蘇培凱/王柏智/林彥廷/喬納森,3,36,47.0,556.96,9.28,09:17,185.65,3.09,03:06,13.0,4.33,27.66,50.42,14.0,4.67,29.79,54.29,13.0,4.33,27.66,50.42,4.0,1.33,8.51,15.51,4.0,1.33,8.51,15.51,3.0,1.0,6.38,11.63,9.0,3.0,19.15,34.9,1.0,0.33,2.13,3.88,10.0,3.33,21.28,38.78,4.0,1.33,8.51,15.51,5.0,1.67,10.64,19.39,8.0,2.67,17.02,31.03,3.0,1.0,6.38,11.63,5.0,1.67,10.64,19.39,6.0,2.0,12.77,23.27,1.0,0.33,2.13,3.88,4.0,1.33,8.51,15.51,0.0,0.0,0.0,0.0,5.0,1.67,10.64,19.39,6.0,2.0,12.77,23.27,27.66,29.79,-2.13,121.52,-1.0,-0.33,-2.13,9.28,3.09,0.35,0.37,0.75,0.11,0.4,0.26,0.25,0.5,0.73,0.62,8.51,0.0,0.11,12.77,0.77
4,新北國王,19|25|10872|10873,蘇培凱/林金榜/林彥廷/喬納森,1,9,10.0,154.64,2.58,02:35,154.64,2.58,02:35,3.0,3.0,30.0,41.9,5.0,5.0,50.0,69.84,2.0,2.0,20.0,27.94,1.0,1.0,10.0,13.97,1.0,1.0,10.0,13.97,1.0,1.0,10.0,13.97,1.0,1.0,10.0,13.97,0.0,0.0,0.0,0.0,2.0,2.0,20.0,27.94,1.0,1.0,10.0,13.97,0.0,0.0,0.0,0.0,1.0,1.0,10.0,13.97,1.0,1.0,10.0,13.97,1.0,1.0,10.0,13.97,1.0,1.0,10.0,13.97,1.0,1.0,10.0,13.97,1.0,1.0,10.0,13.97,0.0,0.0,0.0,0.0,1.0,1.0,10.0,13.97,1.0,1.0,10.0,13.97,30.0,50.0,-20.0,93.12,-2.0,-2.0,-20.0,2.58,2.58,0.5,0.52,1.0,0.0,0.5,0.26,1.0,0.0,0.5,0.33,10.0,0.0,0.1,10.0,1.0
4,新北國王,23|25|10872|10873,王柏智/林金榜/林彥廷/喬納森,1,9,10.0,154.64,2.58,02:35,154.64,2.58,02:35,3.0,3.0,30.0,41.9,5.0,5.0,50.0,69.84,2.0,2.0,20.0,27.94,1.0,1.0,10.0,13.97,1.0,1.0,10.0,13.97,1.0,1.0,10.0,13.97,1.0,1.0,10.0,13.97,0.0,0.0,0.0,0.0,2.0,2.0,20.0,27.94,1.0,1.0,10.0,13.97,0.0,0.0,0.0,0.0,1.0,1.0,10.0,13.97,1.0,1.0,10.0,13.97,1.0,1.0,10.0,13.97,1.0,1.0,10.0,13.97,1.0,1.0,10.0,13.97,1.0,1.0,10.0,13.97,0.0,0.0,0.0,0.0,1.0,1.0,10.0,13.97,1.0,1.0,10.0,13.97,30.0,50.0,-20.0,93.12,-2.0,-2.0,-20.0,2.58,2.58,0.5,0.52,1.0,0.0,0.5,0.26,1.0,0.0,0.5,0.33,10.0,0.0,0.1,10.0,1.0
4,福爾摩沙夢想家,89|99|101|106,蔣淯安/盧冠良/周柏臣/高柏鎧,2,23,28.0,376.47,6.27,06:16,188.24,3.14,03:08,10.0,5.0,35.71,57.37,13.0,6.5,46.43,74.59,9.0,4.5,32.14,51.64,2.0,1.0,7.14,11.47,6.0,3.0,21.43,34.42,2.0,1.0,7.14,11.47,3.0,1.5,10.71,17.21,0.0,0.0,0.0,0.0,4.0,2.0,14.29,22.95,4.0,2.0,14.29,22.95,3.0,1.5,10.71,17.21,4.0,2.0,14.29,22.95,1.0,0.5,3.57,5.74,6.0,3.0,21.43,34.42,2.0,1.0,7.14,11.47,2.0,1.0,7.14,11.47,2.0,1.0,7.14,11.47,0.0,0.0,0.0,0.0,4.0,2.0,14.29,22.95,5.0,2.5,17.86,28.69,35.71,46.43,-10.71,107.1,-3.0,-1.5,-10.71,6.27,3.14,0.22,0.46,0.33,0.0,1.0,0.16,1.0,0.33,0.8,0.5,7.14,0.0,0.14,17.86,0.44
4,福爾摩沙夢想家,89|101|106|107,蔣淯安/周柏臣/高柏鎧/霍爾曼,1,17,20.0,279.75,4.66,04:40,279.75,4.66,04:40,8.0,8.0,40.0,61.77,9.0,9.0,45.0,69.49,7.0,7.0,35.0,54.05,2.0,2.0,10.0,15.44,4.0,4.0,20.0,30.89,2.0,2.0,10.0,15.44,3.0,3.0,15.0,23.16,0.0,0.0,0.0,0.0,2.0,2.0,10.0,15.44,2.0,2.0,10.0,15.44,1.0,1.0,5.0,7.72,4.0,4.0,20.0,30.89,1.0,1.0,5.0,7.72,5.0,5.0,25.0,38.61,1.0,1.0,5.0,7.72,1.0,1.0,5.0,7.72,1.0,1.0,5.0,7.72,0.0,0.0,0.0,0.0,2.0,2.0,10.0,15.44,3.0,3.0,15.0,23.16,40.0,45.0,-5.0,102.95,-1.0,-1.0,-5.0,4.66,4.66,0.29,0.51,0.5,0.0,1.0,0.11,0.5,0.17,0.8,0.45,5.0,0.0,0.1,15.0,0.29
4,福爾摩沙夢想家,99|101|106|107,盧冠良/周柏臣/高柏鎧/霍爾曼,1,17,20.0,279.75,4.66,04:40,279.75,4.66,04:40,8.0,8.0,40.0,61.77,9.0,9.0,45.0,69.49,7.0,7.0,35.0,54.05,2.0,2.0,10.0,15.44,4.0,4.0,20.0,30.89,2.0,2.0,10.0,15.44,3.0,3.0,15.0,23.16,0.0,0.0,0.0,0.0,2.0,2.0,10.0,15.44,2.0,2.0,10.0,15.44,1.0,1.0,5.0,7.72,4.0,4.0,20.0,30.89,1.0,1.0,5.0,7.72,5.0,5.0,25.0,38.61,1.0,1.0,5.0,7.72,1.0,1.0,5.0,7.72,1.0,1.0,5.0,7.72,0.0,0.0,0.0,0.0,2.0,2.0,10.0,15.44,3.0,3.0,15.0,23.16,40.0,45.0,-5.0,102.95,-1.0,-1.0,-5.0,4.66,4.66,0.29,0.51,0.5,0.0,1.0,0.11,0.5,0.17,0.8,0.45,5.0,0.0,0.1,15.0,0.29
4,高雄全家海神,45|110|118|121,施晉堯/胡瓏貿/蘇文儒/吳曉謹,4,115,138.0,1999.83,33.33,33:20,499.96,8.33,08:20,58.0,14.5,42.03,62.65,71.0,17.75,51.45,76.69,50.0,12.5,36.23,54.0,20.0,5.0,14.49,21.6,30.0,7.5,21.74,32.4,14.0,3.5,10.14,15.12,20.0,5.0,14.49,21.6,6.0,1.5,4.35,6.48,15.0,3.75,10.87,16.2,12.0,3.0,8.7,12.96,10.0,2.5,7.25,10.8,22.0,5.5,15.94,23.76,10.0,2.5,7.25,10.8,21.0,5.25,15.22,22.68,11.0,2.75,7.97,11.88,14.0,3.5,10.14,15.12,6.0,1.5,4.35,6.48,0.0,0.0,0.0,0.0,14.0,3.5,10.14,15.12,8.0,2.0,5.8,8.64,42.03,51.45,-9.42,99.37,-13.0,-3.25,-9.42,33.33,8.33,0.46,0.51,0.47,0.3,0.8,0.16,0.7,0.32,0.69,0.51,4.35,0.0,0.1,5.8,0.3
4,高雄全家海神,45|110|118|10893,施晉堯/胡瓏貿/蘇文儒/崔維斯,3,38,44.0,698.65,11.64,11:39,232.88,3.88,03:53,26.0,8.67,59.09,80.38,22.0,7.33,50.0,68.02,18.0,6.0,40.91,55.65,9.0,3.0,20.45,27.83,11.0,3.67,25.0,34.01,5.0,1.67,11.36,15.46,7.0,2.33,15.91,21.64,4.0,1.33,9.09,12.37,5.0,1.67,11.36,15.46,4.0,1.33,9.09,12.37,3.0,1.0,6.82,9.28,7.0,2.33,15.91,21.64,1.0,0.33,2.27,3.09,9.0,3.0,20.45,27.83,2.0,0.67,4.55,6.18,3.0,1.0,6.82,9.28,1.0,0.33,2.27,3.09,1.0,0.33,2.27,3.09,5.0,1.67,11.36,15.46,5.0,1.67,11.36,15.46,59.09,50.0,9.09,90.69,4.0,1.33,9.09,11.64,3.88,0.61,0.64,0.45,0.57,0.8,0.09,0.33,0.25,0.88,0.5,2.27,2.27,0.11,11.36,0.28
4,高雄全家海神,45|110|121|10893,施晉堯/胡瓏貿/吳曉謹/崔維斯,2,24,31.0,367.77,6.13,06:08,183.88,3.06,03:04,9.0,4.5,29.03,52.86,9.0,4.5,29.03,52.86,14.0,7.0,45.16,82.23,3.0,1.5,9.68,17.62,9.0,4.5,29.03,52.86,2.0,1.0,6.45,11.75,5.0,2.5,16.13,29.37,1.0,0.5,3.23,5.87,3.0,1.5,9.68,17.62,2.0,1.0,6.45,11.75,3.0,1.5,9.68,17.62,9.0,4.5,29.03,52.86,2.0,1.0,6.45,11.75,7.0,3.5,22.58,41.11,1.0,0.5,3.23,5.87,1.0,0.5,3.23,5.87,0.0,0.0,0.0,0.0,0.0,0.0,0.0,0.0,2.0,1.0,6.45,11.75,4.0,2.0,12.9,23.49,29.03,29.03,0.0,121.38,0.0,0.0,0.0,6.13,3.06,0.25,0.29,0.22,0.2,0.67,0.06,0.33,0.3,0.82,0.57,0.0,0.0,0.06,12.9,0.21
4,高雄全家海神,45|118|121|10893,施晉堯/蘇文儒/吳曉謹/崔維斯,2,78,89.0,1161.62,19.36,19:22,580.81,9.68,09:41,43.0,21.5,48.31,79.96,41.0,20.5,46.07,76.24,39.0,19.5,43.82,72.52,17.0,8.5,19.1,31.61,23.0,11.5,25.84,42.77,11.0,5.5,12.36,20.45,16.0,8.0,17.98,29.75,6.0,3.0,6.74,11.16,5.0,2.5,5.62,9.3,3.0,1.5,3.37,5.58,5.0,2.5,5.62,9.3,18.0,9.0,20.22,33.47,3.0,1.5,3.37,5.58,13.0,6.5,14.61,24.17,4.0,2.0,4.49,7.44,8.0,4.0,8.99,14.88,1.0,0.5,1.12,1.86,2.0,1.0,2.25,3.72,5.0,2.5,5.62,9.3,9.0,4.5,10.11,16.74,48.31,46.07,2.25,110.33,2.0,1.0,2.25,19.36,9.68,0.51,0.52,0.48,0.38,0.6,0.09,0.47,0.28,0.86,0.59,1.12,2.25,0.06,10.11,0.13
4,高雄全家海神,110|118|121|10893,胡瓏貿/蘇文儒/吳曉謹/崔維斯,1,22,25.0,355.09,5.92,05:55,355.09,5.92,05:55,12.0,12.0,48.0,73.0,12.0,12.0,48.0,73.0,9.0,9.0,36.0,54.75,4.0,4.0,16.0,24.33,5.0,5.0,20.0,30.41,2.0,2.0,8.0,12.17,4.0,4.0,16.0,24.33,2.0,2.0,8.0,12.17,3.0,3.0,12.0,18.25,2.0,2.0,8.0,12.17,1.0,1.0,4.0,6.08,5.0,5.0,20.0,30.41,1.0,1.0,4.0,6.08,5.0,5.0,20.0,30.41,3.0,3.0,12.0,18.25,2.0,2.0,8.0,12.17,0.0,0.0,0.0,0.0,0.0,0.0,0.0,0.0,2.0,2.0,8.0,12.17,4.0,4.0,16.0,24.33,48.0,48.0,0.0,101.38,0.0,0.0,0.0,5.92,5.92,0.56,0.58,0.4,0.5,0.67,0.23,0.5,0.17,0.83,0.5,0.0,0.0,0.08,16.0,0.33
4,高雄全家海神,45|109|110|118,施晉堯/于煥亞/胡瓏貿/蘇文儒,1,29,32.0,536.07,8.93,08:56,536.07,8.93,08:56,16.0,16.0,50.0,64.47,20.0,20.0,62.5,80.59,12.0,12.0,37.5,48.35,7.0,7.0,21.88,28.21,7.0,7.0,21.88,28.21,6.0,6.0,18.75,24.18,5.0,5.0,15.62,20.15,1.0,1.0,3.12,4.03,2.0,2.0,6.25,8.06,2.0,2.0,6.25,8.06,0.0,0.0,0.0,0.0,5.0,5.0,15.62,20.15,1.0,1.0,3.12,4.03,2.0,2.0,6.25,8.06,3.0,3.0,9.38,12.09,5.0,5.0,15.62,20.15,0.0,0.0,0.0,0.0,1.0,1.0,3.12,4.03,3.0,3.0,9.38,12.09,4.0,4.0,12.5,16.12,50.0,62.5,-12.5,85.96,-4.0,-4.0,-12.5,8.93,8.93,0.62,0.62,0.86,0.2,1.0,0.19,0.71,0.0,0.83,0.62,0.0,3.12,0.09,12.5,0.17
4,高雄全家海神,45|109|110|10894,施晉堯/于煥亞/胡瓏貿/凱帝,4,74,87.0,1221.79,20.36,20:22,305.45,5.09,05:05,50.0,12.5,57.47,88.39,50.0,12.5,57.47,88.39,31.0,7.75,35.63,54.8,19.0,4.75,21.84,33.59,17.0,4.25,19.54,30.05,12.0,3.0,13.79,21.21,14.0,3.5,16.09,24.75,7.0,1.75,8.05,12.38,8.0,2.0,9.2,14.14,6.0,1.5,6.9,10.61,0.0,0.0,0.0,0.0,12.0,3.0,13.79,21.21,7.0,1.75,8.05,12.38,9.0,2.25,10.34,15.91,7.0,1.75,8.05,12.38,13.0,3.25,14.94,22.98,3.0,0.75,3.45,5.3,1.0,0.25,1.15,1.77,9.0,2.25,10.34,15.91,8.0,2.0,9.2,14.14,57.47,57.47,0.0,102.54,0.0,0.0,0.0,20.36,5.09,0.73,0.72,0.71,0.5,0.75,0.17,0.68,0.0,0.63,0.43,3.45,1.15,0.1,9.2,0.26
4,高雄全家海神,45|109|118|10894,施晉堯/于煥亞/蘇文儒/凱帝,4,71,83.0,1180.48,19.67,19:40,295.12,4.92,04:55,45.0,11.25,54.22,82.34,37.0,9.25,44.58,67.7,25.0,6.25,30.12,45.74,14.0,3.5,16.87,25.62,15.0,3.75,18.07,27.45,11.0,2.75,13.25,20.13,10.0,2.5,12.05,18.3,3.0,0.75,3.61,5.49,16.0,4.0,19.28,29.28,14.0,3.5,16.87,25.62,1.0,0.25,1.2,1.83,11.0,2.75,13.25,20.13,7.0,1.75,8.43,12.81,8.0,2.0,9.64,14.64,4.0,1.0,4.82,7.32,8.0,2.0,9.64,14.64,2.0,0.5,2.41,3.66,2.0,0.5,2.41,3.66,13.0,3.25,15.66,23.79,16.0,4.0,19.28,29.28,54.22,44.58,9.64,101.25,8.0,2.0,9.64,19.67,4.92,0.62,0.7,0.73,0.3,0.88,0.11,0.57,0.11,0.61,0.44,2.41,2.41,0.16,19.28,0.64
4,高雄全家海神,45|110|118|10894,施晉堯/胡瓏貿/蘇文儒/凱帝,10,430,504.0,7190.8,119.85,119:51,719.08,11.98,11:59,219.0,21.9,43.45,65.78,223.0,22.3,44.25,66.99,175.0,17.5,34.72,52.57,81.0,8.1,16.07,24.33,103.0,10.3,20.44,30.94,56.0,5.6,11.11,16.82,72.0,7.2,14.29,21.63,25.0,2.5,4.96,7.51,48.0,4.8,9.52,14.42,32.0,3.2,6.35,9.61,25.0,2.5,4.96,7.51,78.0,7.8,15.48,23.43,30.0,3.0,5.95,9.01,80.0,8.0,15.87,24.03,44.0,4.4,8.73,13.22,50.0,5.0,9.92,15.02,21.0,2.1,4.17,6.31,5.0,0.5,0.99,1.5,53.0,5.3,10.52,15.92,38.0,3.8,7.54,11.41,43.45,44.25,-0.79,100.93,-4.0,-0.4,-0.79,119.85,11.98,0.53,0.56,0.54,0.35,0.67,0.18,0.62,0.24,0.72,0.48,4.17,0.99,0.11,7.54,0.27
4,高雄全家海神,45|109|118|123,施晉堯/于煥亞/蘇文儒/勤明慶,1,6,6.0,111.42,1.86,01:51,111.42,1.86,01:51,6.0,6.0,100.0,116.32,1.0,1.0,16.67,19.39,2.0,2.0,33.33,38.77,2.0,2.0,33.33,38.77,1.0,1.0,16.67,19.39,1.0,1.0,16.67,19.39,1.0,1.0,16.67,19.39,1.0,1.0,16.67,19.39,0.0,0.0,0.0,0.0,0.0,0.0,0.0,0.0,0.0,0.0,0.0,0.0,0.0,0.0,0.0,0.0,0.0,0.0,0.0,0.0,1.0,1.0,16.67,19.39,0.0,0.0,0.0,0.0,2.0,2.0,33.33,38.77,1.0,1.0,16.67,19.39,0.0,0.0,0.0,0.0,1.0,1.0,16.67,19.39,2.0,2.0,33.33,38.77,100.0,16.67,83.33,77.55,5.0,5.0,83.33,1.86,1.86,1.25,1.5,1.0,1.0,,0.0,1.0,0.0,,0.0,16.67,0.0,0.17,33.33,0.0
4,高雄全家海神,45|109|123|10894,施晉堯/于煥亞/勤明慶/凱帝,1,8,9.0,142.42,2.37,02:22,142.42,2.37,02:22,6.0,6.0,66.67,91.0,3.0,3.0,33.33,45.5,2.0,2.0,22.22,30.33,2.0,2.0,22.22,30.33,1.0,1.0,11.11,15.17,1.0,1.0,11.11,15.17,1.0,1.0,11.11,15.17,1.0,1.0,11.11,15.17,0.0,0.0,0.0,0.0,0.0,0.0,0.0,0.0,0.0,0.0,0.0,0.0,0.0,0.0,0.0,0.0,1.0,1.0,11.11,15.17,1.0,1.0,11.11,15.17,1.0,1.0,11.11,15.17,2.0,2.0,22.22,30.33,2.0,2.0,22.22,30.33,0.0,0.0,0.0,0.0,1.0,1.0,11.11,15.17,2.0,2.0,22.22,30.33,66.67,33.33,33.33,91.0,3.0,3.0,33.33,2.37,2.37,1.25,1.5,1.0,1.0,,0.33,1.0,0.0,0.0,0.0,22.22,0.0,0.11,22.22,0.0
4,高雄全家海神,45|118|123|10894,施晉堯/蘇文儒/勤明慶/凱帝,1,6,6.0,107.42,1.79,01:47,107.42,1.79,01:47,6.0,6.0,100.0,120.65,1.0,1.0,16.67,20.11,2.0,2.0,33.33,40.22,2.0,2.0,33.33,40.22,1.0,1.0,16.67,20.11,1.0,1.0,16.67,20.11,1.0,1.0,16.67,20.11,1.0,1.0,16.67,20.11,0.0,0.0,0.0,0.0,0.0,0.0,0.0,0.0,0.0,0.0,0.0,0.0,0.0,0.0,0.0,0.0,0.0,0.0,0.0,0.0,1.0,1.0,16.67,20.11,0.0,0.0,0.0,0.0,2.0,2.0,33.33,40.22,1.0,1.0,16.67,20.11,0.0,0.0,0.0,0.0,1.0,1.0,16.67,20.11,2.0,2.0,33.33,40.22,100.0,16.67,83.33,80.44,5.0,5.0,83.33,1.79,1.79,1.25,1.5,1.0,1.0,,0.0,1.0,0.0,,0.0,16.67,0.0,0.17,33.33,0.0
4,高雄全家海神,109|118|123|10894,于煥亞/蘇文儒/勤明慶/凱帝,2,24,28.0,411.99,6.87,06:52,206.0,3.43,03:26,14.0,7.0,50.0,73.4,13.0,6.5,46.43,68.16,9.0,4.5,32.14,47.19,5.0,2.5,17.86,26.21,5.0,2.5,17.86,26.21,2.0,1.0,7.14,10.49,4.0,2.0,14.29,20.97,3.0,1.5,10.71,15.73,0.0,0.0,0.0,0.0,0.0,0.0,0.0,0.0,2.0,1.0,7.14,10.49,2.0,1.0,7.14,10.49,1.0,0.5,3.57,5.24,5.0,2.5,17.86,26.21,3.0,1.5,10.71,15.73,4.0,2.0,14.29,20.97,2.0,1.0,7.14,10.49,1.0,0.5,3.57,5.24,3.0,1.5,10.71,15.73,8.0,4.0,28.57,41.94,50.0,46.43,3.57,97.87,1.0,0.5,3.57,6.87,3.43,0.72,0.78,0.4,0.75,,0.25,0.8,0.29,0.67,0.4,7.14,3.57,0.11,28.57,0.0
4,福爾摩沙夢想家,79|103|106|107,張宗憲/忻沃克/高柏鎧/霍爾曼,10,239,282.0,3829.46,63.82,63:49,382.95,6.38,06:23,122.0,12.2,43.26,68.81,125.0,12.5,44.33,70.51,101.0,10.1,35.82,56.97,44.0,4.4,15.6,24.82,48.0,4.8,17.02,27.07,24.0,2.4,8.51,13.54,53.0,5.3,18.79,29.89,20.0,2.0,7.09,11.28,18.0,1.8,6.38,10.15,13.0,1.3,4.61,7.33,14.0,1.4,4.96,7.9,44.0,4.4,15.6,24.82,13.0,1.3,4.61,7.33,46.0,4.6,16.31,25.95,25.0,2.5,8.87,14.1,30.0,3.0,10.64,16.92,11.0,1.1,3.9,6.2,1.0,0.1,0.35,0.56,22.0,2.2,7.8,12.41,26.0,2.6,9.22,14.67,43.26,44.33,-1.06,106.04,-3.0,-0.3,-1.06,63.82,6.38,0.53,0.56,0.5,0.38,0.72,0.19,0.68,0.23,0.77,0.5,3.9,0.35,0.08,9.22,0.18
4,福爾摩沙夢想家,89|103|106|107,蔣淯安/忻沃克/高柏鎧/霍爾曼,13,272,325.0,4453.21,74.22,74:13,342.55,5.71,05:43,178.0,13.69,54.77,86.34,132.0,10.15,40.62,64.03,118.0,9.08,36.31,57.24,64.0,4.92,19.69,31.04,56.0,4.31,17.23,27.16,36.0,2.77,11.08,17.46,62.0,4.77,19.08,30.07,28.0,2.15,8.62,13.58,27.0,2.08,8.31,13.1,19.0,1.46,5.85,9.22,18.0,1.38,5.54,8.73,40.0,3.08,12.31,19.4,15.0,1.15,4.62,7.28,59.0,4.54,18.15,28.62,28.0,2.15,8.62,13.58,36.0,2.77,11.08,17.46,12.0,0.92,3.69,5.82,2.0,0.15,0.62,0.97,30.0,2.31,9.23,14.55,30.0,2.31,9.23,14.55,54.77,40.62,14.15,105.09,46.0,3.54,14.15,74.22,5.71,0.66,0.69,0.64,0.45,0.7,0.18,0.56,0.23,0.73,0.44,3.69,0.62,0.09,9.23,0.23
4,福爾摩沙夢想家,79|89|103|10889,張宗憲/蔣淯安/忻沃克/恩尼斯,4,150,184.0,2436.48,40.61,40:36,609.12,10.15,10:09,82.0,20.5,44.57,72.7,61.0,15.25,33.15,54.08,70.0,17.5,38.04,62.06,29.0,7.25,15.76,25.71,42.0,10.5,22.83,37.23,17.0,4.25,9.24,15.07,28.0,7.0,15.22,24.82,12.0,3.0,6.52,10.64,15.0,3.75,8.15,13.3,12.0,3.0,6.52,10.64,16.0,4.0,8.7,14.18,27.0,6.75,14.67,23.94,7.0,1.75,3.8,6.21,28.0,7.0,15.22,24.82,17.0,4.25,9.24,15.07,17.0,4.25,9.24,15.07,10.0,2.5,5.43,8.87,3.0,0.75,1.63,2.66,23.0,5.75,12.5,20.39,17.0,4.25,9.24,15.07,44.57,33.15,11.41,108.75,21.0,5.25,11.41,40.61,10.15,0.5,0.54,0.4,0.43,0.8,0.18,0.59,0.36,0.79,0.55,5.43,1.63,0.12,9.24,0.21
4,福爾摩沙夢想家,79|89|107|10889,張宗憲/蔣淯安/霍爾曼/恩尼斯,4,87,105.0,1297.14,21.62,21:37,324.29,5.4,05:24,45.0,11.25,42.86,74.93,47.0,11.75,44.76,78.26,34.0,8.5,32.38,56.62,14.0,3.5,13.33,23.31,21.0,5.25,20.0,34.97,8.0,2.0,7.62,13.32,13.0,3.25,12.38,21.65,6.0,1.5,5.71,9.99,11.0,2.75,10.48,18.32,11.0,2.75,10.48,18.32,8.0,2.0,7.62,13.32,12.0,3.0,11.43,19.98,3.0,0.75,2.86,5.0,12.0,3.0,11.43,19.98,13.0,3.25,12.38,21.65,7.0,1.75,6.67,11.66,8.0,2.0,7.62,13.32,4.0,1.0,3.81,6.66,13.0,3.25,12.38,21.65,15.0,3.75,14.29,24.98,42.86,44.76,-1.9,116.56,-2.0,-0.5,-1.9,21.62,5.4,0.5,0.58,0.38,0.46,1.0,0.25,0.5,0.4,0.8,0.57,7.62,3.81,0.12,14.29,0.32
4,福爾摩沙夢想家,79|103|107|10889,張宗憲/忻沃克/霍爾曼/恩尼斯,5,110,129.0,1737.44,28.96,28:57,347.49,5.79,05:47,62.0,12.4,48.06,77.08,53.0,10.6,41.09,65.89,46.0,9.2,35.66,57.19,20.0,4.0,15.5,24.86,27.0,5.4,20.93,33.57,12.0,2.4,9.3,14.92,19.0,3.8,14.73,23.62,8.0,1.6,6.2,9.95,17.0,3.4,13.18,21.13,15.0,3.0,11.63,18.65,8.0,1.6,6.2,9.95,16.0,3.2,12.4,19.89,4.0,0.8,3.1,4.97,15.0,3.0,11.63,18.65,12.0,2.4,9.3,14.92,12.0,2.4,9.3,14.92,7.0,1.4,5.43,8.7,4.0,0.8,3.1,4.97,14.0,2.8,10.85,17.4,19.0,3.8,14.73,23.62,48.06,41.09,6.98,106.92,9.0,1.8,6.98,28.96,5.79,0.52,0.58,0.44,0.42,0.88,0.18,0.6,0.35,0.8,0.56,5.43,3.1,0.11,14.73,0.37
4,福爾摩沙夢想家,89|103|107|10889,蔣淯安/忻沃克/霍爾曼/恩尼斯,7,154,187.0,2516.14,41.94,41:56,359.45,5.99,05:59,94.0,13.43,50.27,80.7,83.0,11.86,44.39,71.25,73.0,10.43,39.04,62.67,31.0,4.43,16.58,26.61,38.0,5.43,20.32,32.62,18.0,2.57,9.63,15.45,35.0,5.0,18.72,30.05,13.0,1.86,6.95,11.16,22.0,3.14,11.76,18.89,19.0,2.71,10.16,16.31,16.0,2.29,8.56,13.74,28.0,4.0,14.97,24.04,7.0,1.0,3.74,6.01,24.0,3.43,12.83,20.6,15.0,2.14,8.02,12.88,17.0,2.43,9.09,14.59,8.0,1.14,4.28,6.87,6.0,0.86,3.21,5.15,22.0,3.14,11.76,18.89,23.0,3.29,12.3,19.74,50.27,44.39,5.88,107.02,11.0,1.57,5.88,41.94,5.99,0.51,0.57,0.47,0.37,0.86,0.15,0.55,0.4,0.8,0.59,4.28,3.21,0.12,12.3,0.3
4,高雄全家海神,109|118|122|123,于煥亞/蘇文儒/陳懷安/勤明慶,1,9,9.0,154.86,2.58,02:35,154.86,2.58,02:35,5.0,5.0,55.56,69.74,5.0,5.0,55.56,69.74,3.0,3.0,33.33,41.84,2.0,2.0,22.22,27.9,1.0,1.0,11.11,13.95,1.0,1.0,11.11,13.95,2.0,2.0,22.22,27.9,1.0,1.0,11.11,13.95,0.0,0.0,0.0,0.0,0.0,0.0,0.0,0.0,0.0,0.0,0.0,0.0,1.0,1.0,11.11,13.95,0.0,0.0,0.0,0.0,2.0,2.0,22.22,27.9,1.0,1.0,11.11,13.95,1.0,1.0,11.11,13.95,0.0,0.0,0.0,0.0,0.0,0.0,0.0,0.0,3.0,3.0,33.33,41.84,2.0,2.0,22.22,27.9,55.56,55.56,0.0,83.69,0.0,0.0,0.0,2.58,2.58,0.83,0.83,1.0,0.5,,0.25,0.5,0.0,1.0,0.33,0.0,0.0,0.33,22.22,0.0
4,高雄全家海神,109|122|123|10894,于煥亞/陳懷安/勤明慶/凱帝,1,9,9.0,141.86,2.36,02:22,141.86,2.36,02:22,5.0,5.0,55.56,76.13,5.0,5.0,55.56,76.13,3.0,3.0,33.33,45.68,2.0,2.0,22.22,30.45,1.0,1.0,11.11,15.23,1.0,1.0,11.11,15.23,2.0,2.0,22.22,30.45,1.0,1.0,11.11,15.23,0.0,0.0,0.0,0.0,0.0,0.0,0.0,0.0,0.0,0.0,0.0,0.0,1.0,1.0,11.11,15.23,0.0,0.0,0.0,0.0,2.0,2.0,22.22,30.45,1.0,1.0,11.11,15.23,1.0,1.0,11.11,15.23,0.0,0.0,0.0,0.0,0.0,0.0,0.0,0.0,1.0,1.0,11.11,15.23,2.0,2.0,22.22,30.45,55.56,55.56,0.0,91.36,0.0,0.0,0.0,2.36,2.36,0.83,0.83,1.0,0.5,,0.25,0.5,0.0,1.0,0.33,0.0,0.0,0.11,22.22,0.0
4,高雄全家海神,118|122|123|10894,蘇文儒/陳懷安/勤明慶/凱帝,2,16,17.0,238.86,3.98,03:59,119.43,1.99,01:59,8.0,4.0,47.06,72.34,8.0,4.0,47.06,72.34,7.0,3.5,41.18,63.3,3.0,1.5,17.65,27.13,4.0,2.0,23.53,36.17,1.0,0.5,5.88,9.04,3.0,1.5,17.65,27.13,2.0,1.0,11.76,18.09,0.0,0.0,0.0,0.0,0.0,0.0,0.0,0.0,1.0,0.5,5.88,9.04,3.0,1.5,17.65,27.13,1.0,0.5,5.88,9.04,3.0,1.5,17.65,27.13,1.0,0.5,5.88,9.04,1.0,0.5,5.88,9.04,0.0,0.0,0.0,0.0,1.0,0.5,5.88,9.04,1.0,0.5,5.88,9.04,2.0,1.0,11.76,18.09,47.06,47.06,0.0,102.49,0.0,0.0,0.0,3.98,1.99,0.57,0.57,0.25,0.67,,0.12,0.33,0.25,0.75,0.5,0.0,5.88,0.06,11.76,0.0
4,福爾摩沙夢想家,79|86|103|10889,張宗憲/林俊吉/忻沃克/恩尼斯,4,67,75.0,1060.11,17.67,17:40,265.03,4.42,04:25,37.0,9.25,49.33,75.39,30.0,7.5,40.0,61.13,25.0,6.25,33.33,50.94,13.0,3.25,17.33,26.49,14.0,3.5,18.67,28.53,10.0,2.5,13.33,20.38,11.0,2.75,14.67,22.41,3.0,0.75,4.0,6.11,10.0,2.5,13.33,20.38,9.0,2.25,12.0,18.34,1.0,0.25,1.33,2.04,9.0,2.25,12.0,18.34,3.0,0.75,4.0,6.11,11.0,2.75,14.67,22.41,6.0,1.5,8.0,12.23,8.0,2.0,10.67,16.3,4.0,1.0,5.33,8.15,1.0,0.25,1.33,2.04,7.0,1.75,9.33,14.26,13.0,3.25,17.33,26.49,49.33,40.0,9.33,101.88,7.0,1.75,9.33,17.67,4.42,0.58,0.63,0.71,0.27,0.9,0.17,0.62,0.08,0.75,0.42,5.33,1.33,0.09,17.33,0.4
4,福爾摩沙夢想家,79|86|107|10889,張宗憲/林俊吉/霍爾曼/恩尼斯,5,55,61.0,907.2,15.12,15:07,181.44,3.02,03:01,35.0,7.0,57.38,83.33,29.0,5.8,47.54,69.05,23.0,4.6,37.7,54.76,13.0,2.6,21.31,30.95,13.0,2.6,21.31,30.95,10.0,2.0,16.39,23.81,10.0,2.0,16.39,23.81,3.0,0.6,4.92,7.14,9.0,1.8,14.75,21.43,7.0,1.4,11.48,16.67,1.0,0.2,1.64,2.38,7.0,1.4,11.48,16.67,3.0,0.6,4.92,7.14,6.0,1.2,9.84,14.29,3.0,0.6,4.92,7.14,10.0,2.0,16.39,23.81,1.0,0.2,1.64,2.38,1.0,0.2,1.64,2.38,5.0,1.0,8.2,11.9,12.0,2.4,19.67,28.57,57.38,47.54,9.84,96.83,6.0,1.2,9.84,15.12,3.02,0.63,0.65,0.77,0.3,0.78,0.1,0.77,0.14,0.7,0.47,1.64,1.64,0.08,19.67,0.39
4,福爾摩沙夢想家,86|103|107|10889,林俊吉/忻沃克/霍爾曼/恩尼斯,6,157,191.0,2477.02,41.28,41:17,412.84,6.88,06:53,84.0,14.0,43.98,73.25,77.0,12.83,40.31,67.15,66.0,11.0,34.55,57.55,26.0,4.33,13.61,22.67,41.0,6.83,21.47,35.75,17.0,2.83,8.9,14.82,25.0,4.17,13.09,21.8,9.0,1.5,4.71,7.85,28.0,4.67,14.66,24.42,24.0,4.0,12.57,20.93,13.0,2.17,6.81,11.34,27.0,4.5,14.14,23.54,16.0,2.67,8.38,13.95,32.0,5.33,16.75,27.9,12.0,2.0,6.28,10.46,15.0,2.5,7.85,13.08,6.0,1.0,3.14,5.23,3.0,0.5,1.57,2.62,16.0,2.67,8.38,13.95,36.0,6.0,18.85,31.39,43.98,40.31,3.66,111.04,7.0,1.17,3.66,41.28,6.88,0.46,0.54,0.41,0.36,0.86,0.13,0.58,0.29,0.63,0.45,3.14,1.57,0.08,18.85,0.42
4,福爾摩沙夢想家,79|86|106|10889,張宗憲/林俊吉/高柏鎧/恩尼斯,2,32,35.0,421.18,7.02,07:01,210.59,3.51,03:31,16.0,8.0,45.71,82.06,18.0,9.0,51.43,92.31,10.0,5.0,28.57,51.28,5.0,2.5,14.29,25.64,6.0,3.0,17.14,30.77,4.0,2.0,11.43,20.51,4.0,2.0,11.43,20.51,1.0,0.5,2.86,5.13,5.0,2.5,14.29,25.64,5.0,2.5,14.29,25.64,1.0,0.5,2.86,5.13,4.0,2.0,11.43,20.51,1.0,0.5,2.86,5.13,5.0,2.5,14.29,25.64,4.0,2.0,11.43,20.51,3.0,1.5,8.57,15.39,3.0,1.5,8.57,15.39,0.0,0.0,0.0,0.0,3.0,1.5,8.57,15.39,3.0,1.5,8.57,15.39,45.71,51.43,-5.71,119.66,-2.0,-1.0,-5.71,7.02,3.51,0.55,0.66,0.67,0.25,1.0,0.25,0.6,0.17,0.8,0.45,8.57,0.0,0.09,8.57,0.5
4,福爾摩沙夢想家,79|103|106|10889,張宗憲/忻沃克/高柏鎧/恩尼斯,4,88,108.0,1443.5,24.06,24:03,360.87,6.01,06:01,47.0,11.75,43.52,70.33,28.0,7.0,25.93,41.9,39.0,9.75,36.11,58.36,18.0,4.5,16.67,26.93,22.0,5.5,20.37,32.92,12.0,3.0,11.11,17.96,17.0,4.25,15.74,25.44,6.0,1.5,5.56,8.98,8.0,2.0,7.41,11.97,5.0,1.25,4.63,7.48,8.0,2.0,7.41,11.97,15.0,3.75,13.89,22.45,6.0,1.5,5.56,8.98,20.0,5.0,18.52,29.93,10.0,2.5,9.26,14.96,11.0,2.75,10.19,16.46,7.0,1.75,6.48,10.47,0.0,0.0,0.0,0.0,13.0,3.25,12.04,19.45,7.0,1.75,6.48,10.47,43.52,25.93,17.59,107.74,19.0,4.75,17.59,24.06,6.01,0.54,0.55,0.55,0.35,0.62,0.19,0.61,0.29,0.71,0.47,6.48,0.0,0.12,6.48,0.21
4,福爾摩沙夢想家,86|103|106|10889,林俊吉/忻沃克/高柏鎧/恩尼斯,3,46,55.0,686.13,11.44,11:26,228.71,3.81,03:49,23.0,7.67,41.82,72.41,17.0,5.67,30.91,53.52,16.0,5.33,29.09,50.37,8.0,2.67,14.55,25.18,10.0,3.33,18.18,31.48,7.0,2.33,12.73,22.04,6.0,2.0,10.91,18.89,1.0,0.33,1.82,3.15,7.0,2.33,12.73,22.04,5.0,1.67,9.09,15.74,1.0,0.33,1.82,3.15,7.0,2.33,12.73,22.04,1.0,0.33,1.82,3.15,12.0,4.0,21.82,37.78,6.0,2.0,10.91,18.89,3.0,1.0,5.45,9.44,3.0,1.0,5.45,9.44,1.0,0.33,1.82,3.15,6.0,2.0,10.91,18.89,6.0,2.0,10.91,18.89,41.82,30.91,10.91,115.43,6.0,2.0,10.91,11.44,3.81,0.53,0.6,0.7,0.17,0.71,0.24,0.38,0.08,0.88,0.38,5.45,1.82,0.11,10.91,0.44
4,高雄全家海神,109|119|122|10893,于煥亞/余純安/陳懷安/崔維斯,2,16,17.0,276.0,4.6,04:36,138.0,2.3,02:18,8.0,4.0,47.06,62.61,10.0,5.0,58.82,78.26,5.0,2.5,29.41,39.13,3.0,1.5,17.65,23.48,3.0,1.5,17.65,23.48,1.0,0.5,5.88,7.83,2.0,1.0,11.76,15.65,2.0,1.0,11.76,15.65,2.0,1.0,11.76,15.65,0.0,0.0,0.0,0.0,0.0,0.0,0.0,0.0,3.0,1.5,17.65,23.48,0.0,0.0,0.0,0.0,3.0,1.5,17.65,23.48,2.0,1.0,11.76,15.65,3.0,1.5,17.65,23.48,1.0,0.5,5.88,7.83,0.0,0.0,0.0,0.0,2.0,1.0,11.76,15.65,1.0,0.5,5.88,7.83,47.06,58.82,-11.76,88.7,-2.0,-1.0,-11.76,4.6,2.3,0.8,0.68,0.33,1.0,0.0,0.25,1.0,0.0,1.0,0.5,5.88,0.0,0.12,5.88,0.4
4,高雄全家海神,109|119|122|10894,于煥亞/余純安/陳懷安/凱帝,2,9,12.0,140.29,2.34,02:20,70.15,1.17,01:10,8.0,4.0,66.67,123.17,2.0,1.0,16.67,30.79,5.0,2.5,41.67,76.98,2.0,1.0,16.67,30.79,3.0,1.5,25.0,46.19,1.0,0.5,8.33,15.4,2.0,1.0,16.67,30.79,1.0,0.5,8.33,15.4,2.0,1.0,16.67,30.79,2.0,1.0,16.67,30.79,3.0,1.5,25.0,46.19,0.0,0.0,0.0,0.0,0.0,0.0,0.0,0.0,3.0,1.5,25.0,46.19,1.0,0.5,8.33,15.4,2.0,1.0,16.67,30.79,1.0,0.5,8.33,15.4,0.0,0.0,0.0,0.0,3.0,1.5,25.0,46.19,2.0,1.0,16.67,30.79,66.67,16.67,50.0,123.17,6.0,3.0,50.0,2.34,1.17,0.5,0.68,0.33,0.5,1.0,0.15,1.0,0.5,,0.5,8.33,0.0,0.25,16.67,0.4
4,高雄全家海神,109|119|10893|10894,于煥亞/余純安/崔維斯/凱帝,1,13,14.0,181.0,3.02,03:01,181.0,3.02,03:01,8.0,8.0,57.14,95.47,6.0,6.0,42.86,71.6,4.0,4.0,28.57,47.73,2.0,2.0,14.29,23.87,3.0,3.0,21.43,35.8,1.0,1.0,7.14,11.93,1.0,1.0,7.14,11.93,1.0,1.0,7.14,11.93,4.0,4.0,28.57,47.73,3.0,3.0,21.43,35.8,1.0,1.0,7.14,11.93,2.0,2.0,14.29,23.87,0.0,0.0,0.0,0.0,3.0,3.0,21.43,35.8,2.0,2.0,14.29,23.87,2.0,2.0,14.29,23.87,1.0,1.0,7.14,11.93,1.0,1.0,7.14,11.93,2.0,2.0,14.29,23.87,0.0,0.0,0.0,0.0,57.14,42.86,14.29,111.38,2.0,2.0,14.29,3.02,3.02,0.62,0.69,0.33,1.0,0.75,0.26,1.0,0.25,1.0,0.5,7.14,7.14,0.14,0.0,1.0
4,高雄全家海神,109|122|10893|10894,于煥亞/陳懷安/崔維斯/凱帝,3,62,77.0,1053.3,17.56,17:33,351.1,5.85,05:51,39.0,13.0,50.65,79.98,23.0,7.67,29.87,47.17,23.0,7.67,29.87,47.17,13.0,4.33,16.88,26.66,10.0,3.33,12.99,20.51,6.0,2.0,7.79,12.3,13.0,4.33,16.88,26.66,7.0,2.33,9.09,14.35,6.0,2.0,7.79,12.3,6.0,2.0,7.79,12.3,3.0,1.0,3.9,6.15,7.0,2.33,9.09,14.35,4.0,1.33,5.19,8.2,13.0,4.33,16.88,26.66,11.0,3.67,14.29,22.56,8.0,2.67,10.39,16.41,6.0,2.0,7.79,12.3,0.0,0.0,0.0,0.0,8.0,2.67,10.39,16.41,5.0,1.67,6.49,10.25,50.65,29.87,20.78,105.27,16.0,5.33,20.78,17.56,5.85,0.72,0.76,0.6,0.54,1.0,0.3,0.62,0.19,0.64,0.37,7.79,0.0,0.1,6.49,0.26
4,高雄全家海神,119|122|10893|10894,余純安/陳懷安/崔維斯/凱帝,1,14,15.0,188.09,3.13,03:08,188.09,3.13,03:08,7.0,7.0,46.67,80.39,8.0,8.0,53.33,91.87,6.0,6.0,40.0,68.9,3.0,3.0,20.0,34.45,2.0,2.0,13.33,22.97,2.0,2.0,13.33,22.97,4.0,4.0,26.67,45.93,1.0,1.0,6.67,11.48,0.0,0.0,0.0,0.0,0.0,0.0,0.0,0.0,0.0,0.0,0.0,0.0,2.0,2.0,13.33,22.97,0.0,0.0,0.0,0.0,1.0,1.0,6.67,11.48,2.0,2.0,13.33,22.97,3.0,3.0,20.0,34.45,2.0,2.0,13.33,22.97,0.0,0.0,0.0,0.0,0.0,0.0,0.0,0.0,2.0,2.0,13.33,22.97,46.67,53.33,-6.67,114.84,-1.0,-1.0,-6.67,3.13,3.13,0.58,0.58,1.0,0.25,,0.25,1.0,0.0,1.0,0.67,13.33,0.0,0.0,13.33,0.0
4,高雄全家海神,119|121|122|10893,余純安/吳曉謹/陳懷安/崔維斯,1,19,22.0,239.09,3.98,03:59,239.09,3.98,03:59,5.0,5.0,22.73,45.17,12.0,12.0,54.55,108.41,9.0,9.0,40.91,81.31,2.0,2.0,9.09,18.07,2.0,2.0,9.09,18.07,2.0,2.0,9.09,18.07,7.0,7.0,31.82,63.24,0.0,0.0,0.0,0.0,2.0,2.0,9.09,18.07,1.0,1.0,4.55,9.03,1.0,1.0,4.55,9.03,5.0,5.0,22.73,45.17,0.0,0.0,0.0,0.0,1.0,1.0,4.55,9.03,1.0,1.0,4.55,9.03,1.0,1.0,4.55,9.03,1.0,1.0,4.55,9.03,0.0,0.0,0.0,0.0,2.0,2.0,9.09,18.07,3.0,3.0,13.64,27.1,22.73,54.55,-31.82,132.5,-7.0,-7.0,-31.82,3.98,3.98,0.22,0.25,1.0,0.0,0.5,0.09,0.5,0.5,1.0,0.86,4.55,0.0,0.09,13.64,0.22
4,高雄全家海神,119|121|122|10894,余純安/吳曉謹/陳懷安/凱帝,3,22,28.0,351.51,5.86,05:52,117.17,1.95,01:57,9.0,3.0,32.14,55.3,15.0,5.0,53.57,92.17,7.0,2.33,25.0,43.01,3.0,1.0,10.71,18.43,2.0,0.67,7.14,12.29,2.0,0.67,7.14,12.29,5.0,1.67,17.86,30.72,1.0,0.33,3.57,6.14,2.0,0.67,7.14,12.29,2.0,0.67,7.14,12.29,1.0,0.33,3.57,6.14,2.0,0.67,7.14,12.29,2.0,0.67,7.14,12.29,2.0,0.67,7.14,12.29,5.0,1.67,17.86,30.72,3.0,1.0,10.71,18.43,3.0,1.0,10.71,18.43,0.0,0.0,0.0,0.0,3.0,1.0,10.71,18.43,4.0,1.33,14.29,24.58,32.14,53.57,-21.43,114.7,-6.0,-2.0,-21.43,5.86,1.95,0.5,0.57,1.0,0.2,1.0,0.39,1.0,0.33,0.5,0.43,10.71,0.0,0.11,14.29,0.29
4,高雄全家海神,119|121|10893|10894,余純安/吳曉謹/崔維斯/凱帝,1,9,10.0,107.09,1.78,01:47,107.09,1.78,01:47,2.0,2.0,20.0,40.34,6.0,6.0,60.0,121.02,4.0,4.0,40.0,80.68,1.0,1.0,10.0,20.17,1.0,1.0,10.0,20.17,1.0,1.0,10.0,20.17,3.0,3.0,30.0,60.51,0.0,0.0,0.0,0.0,0.0,0.0,0.0,0.0,0.0,0.0,0.0,0.0,0.0,0.0,0.0,0.0,2.0,2.0,20.0,40.34,0.0,0.0,0.0,0.0,0.0,0.0,0.0,0.0,1.0,1.0,10.0,20.17,1.0,1.0,10.0,20.17,1.0,1.0,10.0,20.17,0.0,0.0,0.0,0.0,0.0,0.0,0.0,0.0,2.0,2.0,20.0,40.34,20.0,60.0,-40.0,134.46,-4.0,-4.0,-40.0,1.78,1.78,0.25,0.25,1.0,0.0,,0.2,1.0,,1.0,1.0,10.0,0.0,0.0,20.0,0.0
4,高雄全家海神,121|122|10893|10894,吳曉謹/陳懷安/崔維斯/凱帝,2,33,40.0,516.49,8.61,08:36,258.25,4.3,04:18,19.0,9.5,47.5,79.46,18.0,9.0,45.0,75.28,14.0,7.0,35.0,58.55,7.0,3.5,17.5,29.27,7.0,3.5,17.5,29.27,4.0,2.0,10.0,16.73,7.0,3.5,17.5,29.27,3.0,1.5,7.5,12.55,2.0,1.0,5.0,8.36,2.0,1.0,5.0,8.36,1.0,0.5,2.5,4.18,5.0,2.5,12.5,20.91,1.0,0.5,2.5,4.18,3.0,1.5,7.5,12.55,3.0,1.5,7.5,12.55,4.0,2.0,10.0,16.73,1.0,0.5,2.5,4.18,0.0,0.0,0.0,0.0,2.0,1.0,5.0,8.36,6.0,3.0,15.0,25.09,47.5,45.0,2.5,111.52,1.0,0.5,2.5,8.61,4.3,0.61,0.64,0.57,0.43,1.0,0.17,0.57,0.25,0.83,0.6,2.5,0.0,0.05,15.0,0.14
4,高雄全家海神,118|121|122|10893,蘇文儒/吳曉謹/陳懷安/崔維斯,1,13,15.0,226.37,3.77,03:46,226.37,3.77,03:46,10.0,10.0,66.67,95.42,5.0,5.0,33.33,47.71,5.0,5.0,33.33,47.71,3.0,3.0,20.0,28.63,3.0,3.0,20.0,28.63,2.0,2.0,13.33,19.08,2.0,2.0,13.33,19.08,1.0,1.0,6.67,9.54,3.0,3.0,20.0,28.63,3.0,3.0,20.0,28.63,1.0,1.0,6.67,9.54,1.0,1.0,6.67,9.54,0.0,0.0,0.0,0.0,3.0,3.0,20.0,28.63,2.0,2.0,13.33,19.08,1.0,1.0,6.67,9.54,0.0,0.0,0.0,0.0,0.0,0.0,0.0,0.0,2.0,2.0,13.33,19.08,4.0,4.0,26.67,38.17,66.67,33.33,33.33,95.42,5.0,5.0,33.33,3.77,3.77,0.7,0.79,0.67,0.5,1.0,0.24,0.33,0.25,1.0,0.4,0.0,0.0,0.13,26.67,0.6
4,高雄全家海神,118|121|123|10893,蘇文儒/吳曉謹/勤明慶/崔維斯,1,2,4.0,61.59,1.03,01:02,61.59,1.03,01:02,3.0,3.0,75.0,105.21,0.0,0.0,0.0,0.0,1.0,1.0,25.0,35.07,1.0,1.0,25.0,35.07,1.0,1.0,25.0,35.07,1.0,1.0,25.0,35.07,0.0,0.0,0.0,0.0,0.0,0.0,0.0,0.0,1.0,1.0,25.0,35.07,1.0,1.0,25.0,35.07,0.0,0.0,0.0,0.0,0.0,0.0,0.0,0.0,0.0,0.0,0.0,0.0,1.0,1.0,25.0,35.07,0.0,0.0,0.0,0.0,0.0,0.0,0.0,0.0,0.0,0.0,0.0,0.0,0.0,0.0,0.0,0.0,2.0,2.0,50.0,70.14,0.0,0.0,0.0,0.0,75.0,0.0,75.0,93.52,3.0,3.0,75.0,1.03,1.03,1.0,1.04,1.0,,1.0,0.0,0.0,0.0,,0.0,0.0,0.0,0.5,0.0,1.0
4,高雄全家海神,118|122|123|10893,蘇文儒/陳懷安/勤明慶/崔維斯,1,2,4.0,61.59,1.03,01:02,61.59,1.03,01:02,3.0,3.0,75.0,105.21,0.0,0.0,0.0,0.0,1.0,1.0,25.0,35.07,1.0,1.0,25.0,35.07,1.0,1.0,25.0,35.07,1.0,1.0,25.0,35.07,0.0,0.0,0.0,0.0,0.0,0.0,0.0,0.0,1.0,1.0,25.0,35.07,1.0,1.0,25.0,35.07,0.0,0.0,0.0,0.0,0.0,0.0,0.0,0.0,0.0,0.0,0.0,0.0,1.0,1.0,25.0,35.07,0.0,0.0,0.0,0.0,0.0,0.0,0.0,0.0,0.0,0.0,0.0,0.0,0.0,0.0,0.0,0.0,2.0,2.0,50.0,70.14,0.0,0.0,0.0,0.0,75.0,0.0,75.0,93.52,3.0,3.0,75.0,1.03,1.03,1.0,1.04,1.0,,1.0,0.0,0.0,0.0,,0.0,0.0,0.0,0.5,0.0,1.0
4,高雄全家海神,121|122|123|10893,吳曉謹/陳懷安/勤明慶/崔維斯,2,14,20.0,922.57,15.38,15:23,461.29,7.69,07:41,5.0,2.5,25.0,11.71,7.0,3.5,35.0,16.39,5.0,2.5,25.0,11.71,2.0,1.0,10.0,4.68,5.0,2.5,25.0,11.71,2.0,1.0,10.0,4.68,0.0,0.0,0.0,0.0,0.0,0.0,0.0,0.0,1.0,0.5,5.0,2.34,1.0,0.5,5.0,2.34,1.0,0.5,5.0,2.34,1.0,0.5,5.0,2.34,0.0,0.0,0.0,0.0,2.0,1.0,10.0,4.68,4.0,2.0,20.0,9.37,0.0,0.0,0.0,0.0,2.0,1.0,10.0,4.68,0.0,0.0,0.0,0.0,4.0,2.0,20.0,9.37,6.0,3.0,30.0,14.05,25.0,35.0,-10.0,31.22,-2.0,-1.0,-10.0,15.38,7.69,0.4,0.46,0.4,,1.0,0.42,0.0,0.33,1.0,0.5,10.0,0.0,0.2,30.0,0.2
4,高雄全家海神,118|121|10893|10894,蘇文儒/吳曉謹/崔維斯/凱帝,1,6,6.0,89.43,1.49,01:29,89.43,1.49,01:29,4.0,4.0,66.67,96.61,1.0,1.0,16.67,24.15,3.0,3.0,50.0,72.46,1.0,1.0,16.67,24.15,2.0,2.0,33.33,48.31,1.0,1.0,16.67,24.15,1.0,1.0,16.67,24.15,0.0,0.0,0.0,0.0,2.0,2.0,33.33,48.31,2.0,2.0,33.33,48.31,1.0,1.0,16.67,24.15,1.0,1.0,16.67,24.15,0.0,0.0,0.0,0.0,1.0,1.0,16.67,24.15,0.0,0.0,0.0,0.0,0.0,0.0,0.0,0.0,0.0,0.0,0.0,0.0,0.0,0.0,0.0,0.0,0.0,0.0,0.0,0.0,2.0,2.0,33.33,48.31,66.67,16.67,50.0,96.61,3.0,3.0,50.0,1.49,1.49,0.33,0.52,0.5,0.0,1.0,0.0,0.0,0.5,1.0,0.67,0.0,0.0,0.0,33.33,0.67
4,高雄全家海神,118|122|10893|10894,蘇文儒/陳懷安/崔維斯/凱帝,3,55,65.0,1012.37,16.87,16:52,337.46,5.62,05:37,29.0,9.67,44.62,61.87,17.0,5.67,26.15,36.27,22.0,7.33,33.85,46.94,9.0,3.0,13.85,19.2,11.0,3.67,16.92,23.47,6.0,2.0,9.23,12.8,11.0,3.67,16.92,23.47,3.0,1.0,4.62,6.4,8.0,2.67,12.31,17.07,8.0,2.67,12.31,17.07,5.0,1.67,7.69,10.67,8.0,2.67,12.31,17.07,3.0,1.0,4.62,6.4,14.0,4.67,21.54,29.87,8.0,2.67,12.31,17.07,3.0,1.0,4.62,6.4,5.0,1.67,7.69,10.67,0.0,0.0,0.0,0.0,7.0,2.33,10.77,14.94,5.0,1.67,7.69,10.67,44.62,26.15,18.46,92.46,12.0,4.0,18.46,16.87,5.62,0.48,0.57,0.55,0.27,1.0,0.24,0.33,0.26,0.73,0.43,7.69,0.0,0.11,7.69,0.36
4,高雄全家海神,45|118|122|10893,施晉堯/蘇文儒/陳懷安/崔維斯,3,15,19.0,389.07,6.48,06:29,129.69,2.16,02:10,4.0,1.33,21.05,22.21,7.0,2.33,36.84,38.86,7.0,2.33,36.84,38.86,2.0,0.67,10.53,11.1,5.0,1.67,26.32,27.76,2.0,0.67,10.53,11.1,2.0,0.67,10.53,11.1,0.0,0.0,0.0,0.0,2.0,0.67,10.53,11.1,2.0,0.67,10.53,11.1,2.0,0.67,10.53,11.1,3.0,1.0,15.79,16.66,1.0,0.33,5.26,5.55,5.0,1.67,26.32,27.76,1.0,0.33,5.26,5.55,0.0,0.0,0.0,0.0,1.0,0.33,5.26,5.55,1.0,0.33,5.26,5.55,1.0,0.33,5.26,5.55,1.0,0.33,5.26,5.55,21.05,36.84,-15.79,70.32,-3.0,-1.0,-15.79,6.48,2.16,0.29,0.25,0.4,0.0,1.0,0.11,0.0,0.29,0.75,0.45,5.26,5.26,0.05,5.26,0.29
4,高雄全家海神,45|118|122|10894,施晉堯/蘇文儒/陳懷安/凱帝,3,21,23.0,461.91,7.7,07:42,153.97,2.57,02:34,13.0,4.33,56.52,60.79,11.0,3.67,47.83,51.44,10.0,3.33,43.48,46.76,5.0,1.67,21.74,23.38,6.0,2.0,26.09,28.06,3.0,1.0,13.04,14.03,4.0,1.33,17.39,18.7,2.0,0.67,8.7,9.35,2.0,0.67,8.7,9.35,1.0,0.33,4.35,4.68,1.0,0.33,4.35,4.68,4.0,1.33,17.39,18.7,1.0,0.33,4.35,4.68,3.0,1.0,13.04,14.03,0.0,0.0,0.0,0.0,3.0,1.0,13.04,14.03,0.0,0.0,0.0,0.0,0.0,0.0,0.0,0.0,2.0,0.67,8.7,9.35,2.0,0.67,8.7,9.35,56.52,47.83,8.7,71.7,2.0,0.67,8.7,7.7,2.57,0.6,0.6,0.5,0.5,0.5,0.0,0.6,0.25,0.8,0.56,0.0,0.0,0.09,8.7,0.2
4,高雄全家海神,45|118|10893|10894,施晉堯/蘇文儒/崔維斯/凱帝,2,30,36.0,574.29,9.57,09:34,287.15,4.79,04:47,16.0,8.0,44.44,60.18,14.0,7.0,38.89,52.66,9.0,4.5,25.0,33.85,3.0,1.5,8.33,11.28,5.0,2.5,13.89,18.81,2.0,1.0,5.56,7.52,4.0,2.0,11.11,15.04,1.0,0.5,2.78,3.76,10.0,5.0,27.78,37.61,9.0,4.5,25.0,33.85,1.0,0.5,2.78,3.76,5.0,2.5,13.89,18.81,3.0,1.5,8.33,11.28,5.0,2.5,13.89,18.81,1.0,0.5,2.78,3.76,0.0,0.0,0.0,0.0,1.0,0.5,2.78,3.76,0.0,0.0,0.0,0.0,8.0,4.0,22.22,30.09,4.0,2.0,11.11,15.04,44.44,38.89,5.56,90.27,2.0,1.0,5.56,9.57,4.79,0.39,0.6,0.4,0.25,0.9,0.07,0.0,0.17,0.62,0.43,2.78,0.0,0.22,11.11,1.11
4,高雄全家海神,45|122|10893|10894,施晉堯/陳懷安/崔維斯/凱帝,2,10,11.0,270.61,4.51,04:31,135.3,2.26,02:15,4.0,2.0,36.36,31.93,6.0,3.0,54.55,47.89,5.0,2.5,45.45,39.91,2.0,1.0,18.18,15.96,4.0,2.0,36.36,31.93,2.0,1.0,18.18,15.96,1.0,0.5,9.09,7.98,0.0,0.0,0.0,0.0,0.0,0.0,0.0,0.0,0.0,0.0,0.0,0.0,1.0,0.5,9.09,7.98,2.0,1.0,18.18,15.96,0.0,0.0,0.0,0.0,3.0,1.5,27.27,23.95,0.0,0.0,0.0,0.0,0.0,0.0,0.0,0.0,0.0,0.0,0.0,0.0,0.0,0.0,0.0,0.0,1.0,0.5,9.09,7.98,0.0,0.0,0.0,0.0,36.36,54.55,-18.18,58.53,-2.0,-1.0,-18.18,4.51,2.26,0.4,0.4,0.5,0.0,,0.0,0.0,0.25,1.0,0.5,0.0,0.0,0.09,0.0,0.0
4,福爾摩沙夢想家,89|95|99|107,蔣淯安/李德威/盧冠良/霍爾曼,1,5,5.0,173.0,2.88,02:53,173.0,2.88,02:53,4.0,4.0,80.0,49.94,2.0,2.0,40.0,24.97,3.0,3.0,60.0,37.46,2.0,2.0,40.0,24.97,3.0,3.0,60.0,37.46,2.0,2.0,40.0,24.97,0.0,0.0,0.0,0.0,0.0,0.0,0.0,0.0,0.0,0.0,0.0,0.0,0.0,0.0,0.0,0.0,0.0,0.0,0.0,0.0,1.0,1.0,20.0,12.49,0.0,0.0,0.0,0.0,1.0,1.0,20.0,12.49,0.0,0.0,0.0,0.0,1.0,1.0,20.0,12.49,0.0,0.0,0.0,0.0,0.0,0.0,0.0,0.0,0.0,0.0,0.0,0.0,0.0,0.0,0.0,0.0,80.0,40.0,40.0,41.62,2.0,2.0,40.0,2.88,2.88,0.67,0.67,0.67,,,0.0,0.5,0.0,1.0,0.5,0.0,0.0,0.0,0.0,0.0
4,福爾摩沙夢想家,89|95|99|10889,蔣淯安/李德威/盧冠良/恩尼斯,1,5,5.0,173.0,2.88,02:53,173.0,2.88,02:53,4.0,4.0,80.0,49.94,2.0,2.0,40.0,24.97,3.0,3.0,60.0,37.46,2.0,2.0,40.0,24.97,3.0,3.0,60.0,37.46,2.0,2.0,40.0,24.97,0.0,0.0,0.0,0.0,0.0,0.0,0.0,0.0,0.0,0.0,0.0,0.0,0.0,0.0,0.0,0.0,0.0,0.0,0.0,0.0,1.0,1.0,20.0,12.49,0.0,0.0,0.0,0.0,1.0,1.0,20.0,12.49,0.0,0.0,0.0,0.0,1.0,1.0,20.0,12.49,0.0,0.0,0.0,0.0,0.0,0.0,0.0,0.0,0.0,0.0,0.0,0.0,0.0,0.0,0.0,0.0,80.0,40.0,40.0,41.62,2.0,2.0,40.0,2.88,2.88,0.67,0.67,0.67,,,0.0,0.5,0.0,1.0,0.5,0.0,0.0,0.0,0.0,0.0
4,福爾摩沙夢想家,89|95|107|10889,蔣淯安/李德威/霍爾曼/恩尼斯,3,25,27.0,495.43,8.26,08:15,165.14,2.75,02:45,13.0,4.33,48.15,56.68,7.0,2.33,25.93,30.52,10.0,3.33,37.04,43.6,5.0,1.67,18.52,21.8,6.0,2.0,22.22,26.16,4.0,1.33,14.81,17.44,4.0,1.33,14.81,17.44,1.0,0.33,3.7,4.36,3.0,1.0,11.11,13.08,2.0,0.67,7.41,8.72,0.0,0.0,0.0,0.0,6.0,2.0,22.22,26.16,2.0,0.67,7.41,8.72,7.0,2.33,25.93,30.52,1.0,0.33,3.7,4.36,2.0,0.67,7.41,8.72,0.0,0.0,0.0,0.0,0.0,0.0,0.0,0.0,2.0,0.67,7.41,8.72,4.0,1.33,14.81,17.44,48.15,25.93,22.22,78.48,6.0,2.0,22.22,8.26,2.75,0.55,0.57,0.67,0.25,0.67,0.08,0.4,0.0,0.75,0.4,0.0,0.0,0.07,14.81,0.3
4,福爾摩沙夢想家,89|99|107|10889,蔣淯安/盧冠良/霍爾曼/恩尼斯,5,63,74.0,1241.97,20.7,20:42,248.39,4.14,04:08,38.0,7.6,51.35,66.09,49.0,9.8,66.22,85.22,26.0,5.2,35.14,45.22,12.0,2.4,16.22,20.87,12.0,2.4,16.22,20.87,9.0,1.8,12.16,15.65,14.0,2.8,18.92,24.35,3.0,0.6,4.05,5.22,10.0,2.0,13.51,17.39,9.0,1.8,12.16,15.65,6.0,1.2,8.11,10.44,9.0,1.8,12.16,15.65,5.0,1.0,6.76,8.7,8.0,1.6,10.81,13.91,7.0,1.4,9.46,12.17,6.0,1.2,8.11,10.44,4.0,0.8,5.41,6.96,1.0,0.2,1.35,1.74,8.0,1.6,10.81,13.91,2.0,0.4,2.7,3.48,51.35,66.22,-14.86,85.8,-11.0,-2.2,-14.86,20.7,4.14,0.52,0.62,0.75,0.21,0.9,0.19,0.5,0.43,0.64,0.54,5.41,1.35,0.11,2.7,0.38
4,福爾摩沙夢想家,95|99|107|10889,李德威/盧冠良/霍爾曼/恩尼斯,1,5,5.0,173.0,2.88,02:53,173.0,2.88,02:53,4.0,4.0,80.0,49.94,2.0,2.0,40.0,24.97,3.0,3.0,60.0,37.46,2.0,2.0,40.0,24.97,3.0,3.0,60.0,37.46,2.0,2.0,40.0,24.97,0.0,0.0,0.0,0.0,0.0,0.0,0.0,0.0,0.0,0.0,0.0,0.0,0.0,0.0,0.0,0.0,0.0,0.0,0.0,0.0,1.0,1.0,20.0,12.49,0.0,0.0,0.0,0.0,1.0,1.0,20.0,12.49,0.0,0.0,0.0,0.0,1.0,1.0,20.0,12.49,0.0,0.0,0.0,0.0,0.0,0.0,0.0,0.0,0.0,0.0,0.0,0.0,0.0,0.0,0.0,0.0,80.0,40.0,40.0,41.62,2.0,2.0,40.0,2.88,2.88,0.67,0.67,0.67,,,0.0,0.5,0.0,1.0,0.5,0.0,0.0,0.0,0.0,0.0
4,福爾摩沙夢想家,89|99|103|106,蔣淯安/盧冠良/忻沃克/高柏鎧,8,138,154.0,2270.46,37.84,37:50,283.81,4.73,04:44,74.0,9.25,48.05,70.4,61.0,7.62,39.61,58.03,55.0,6.88,35.71,52.32,26.0,3.25,16.88,24.74,24.0,3.0,15.58,22.83,13.0,1.62,8.44,12.37,31.0,3.88,20.13,29.49,13.0,1.62,8.44,12.37,11.0,1.38,7.14,10.46,9.0,1.12,5.84,8.56,3.0,0.38,1.95,2.85,27.0,3.38,17.53,25.69,7.0,0.88,4.55,6.66,31.0,3.88,20.13,29.49,12.0,1.5,7.79,11.42,13.0,1.62,8.44,12.37,7.0,0.88,4.55,6.66,2.0,0.25,1.3,1.9,15.0,1.88,9.74,14.27,9.0,1.12,5.84,8.56,48.05,39.61,8.44,97.67,13.0,1.62,8.44,37.84,4.73,0.59,0.62,0.54,0.42,0.82,0.17,0.5,0.09,0.79,0.44,4.55,1.3,0.1,5.84,0.2
4,福爾摩沙夢想家,89|99|103|10889,蔣淯安/盧冠良/忻沃克/恩尼斯,4,89,102.0,1518.78,25.31,25:19,379.7,6.33,06:20,53.0,13.25,51.96,75.38,47.0,11.75,46.08,66.84,40.0,10.0,39.22,56.89,19.0,4.75,18.63,27.02,19.0,4.75,18.63,27.02,12.0,3.0,11.76,17.07,21.0,5.25,20.59,29.87,7.0,1.75,6.86,9.96,11.0,2.75,10.78,15.64,8.0,2.0,7.84,11.38,7.0,1.75,6.86,9.96,16.0,4.0,15.69,22.76,3.0,0.75,2.94,4.27,17.0,4.25,16.67,24.18,6.0,1.5,5.88,8.53,11.0,2.75,10.78,15.64,5.0,1.25,4.9,7.11,1.0,0.25,0.98,1.42,13.0,3.25,12.75,18.49,5.0,1.25,4.9,7.11,51.96,46.08,5.88,96.71,6.0,1.5,5.88,25.31,6.33,0.56,0.59,0.63,0.33,0.73,0.12,0.58,0.29,0.84,0.53,4.9,0.98,0.13,4.9,0.28
4,福爾摩沙夢想家,89|99|106|10889,蔣淯安/盧冠良/高柏鎧/恩尼斯,2,39,49.0,625.33,10.42,10:25,312.66,5.21,05:13,19.0,9.5,38.78,65.63,17.0,8.5,34.69,58.72,14.0,7.0,28.57,48.36,6.0,3.0,12.24,20.73,9.0,4.5,18.37,31.09,4.0,2.0,8.16,13.82,5.0,2.5,10.2,17.27,2.0,1.0,4.08,6.91,6.0,3.0,12.24,20.73,5.0,2.5,10.2,17.27,6.0,3.0,12.24,20.73,3.0,1.5,6.12,10.36,2.0,1.0,4.08,6.91,8.0,4.0,16.33,27.63,7.0,3.5,14.29,24.18,4.0,2.0,8.16,13.82,3.0,1.5,6.12,10.36,0.0,0.0,0.0,0.0,11.0,5.5,22.45,38.0,2.0,1.0,4.08,6.91,38.78,34.69,4.08,112.84,2.0,1.0,4.08,10.42,5.21,0.5,0.57,0.44,0.4,0.83,0.3,0.67,0.43,0.6,0.47,6.12,0.0,0.22,4.08,0.43
4,福爾摩沙夢想家,89|103|106|10889,蔣淯安/忻沃克/高柏鎧/恩尼斯,4,103,124.0,1812.85,30.21,30:13,453.21,7.55,07:33,49.0,12.25,39.52,58.38,34.0,8.5,27.42,40.51,46.0,11.5,37.1,54.81,18.0,4.5,14.52,21.45,21.0,5.25,16.94,25.02,9.0,2.25,7.26,10.72,25.0,6.25,20.16,29.79,9.0,2.25,7.26,10.72,9.0,2.25,7.26,10.72,5.0,1.25,4.03,5.96,8.0,2.0,6.45,9.53,22.0,5.5,17.74,26.21,5.0,1.25,4.03,5.96,27.0,6.75,21.77,32.17,10.0,2.5,8.06,11.91,13.0,3.25,10.48,15.49,7.0,1.75,5.65,8.34,0.0,0.0,0.0,0.0,18.0,4.5,14.52,21.45,7.0,1.75,5.65,8.34,39.52,27.42,12.1,98.5,15.0,3.75,12.1,30.21,7.55,0.49,0.49,0.43,0.36,0.56,0.17,0.72,0.23,0.81,0.48,5.65,0.0,0.15,5.65,0.2
4,福爾摩沙夢想家,99|103|106|10889,盧冠良/忻沃克/高柏鎧/恩尼斯,1,13,14.0,246.62,4.11,04:07,246.62,4.11,04:07,8.0,8.0,57.14,70.07,5.0,5.0,35.71,43.79,3.0,3.0,21.43,26.27,2.0,2.0,14.29,17.52,0.0,0.0,0.0,0.0,0.0,0.0,0.0,0.0,3.0,3.0,21.43,26.27,2.0,2.0,14.29,17.52,2.0,2.0,14.29,17.52,2.0,2.0,14.29,17.52,0.0,0.0,0.0,0.0,1.0,1.0,7.14,8.76,0.0,0.0,0.0,0.0,4.0,4.0,28.57,35.03,2.0,2.0,14.29,17.52,1.0,1.0,7.14,8.76,1.0,1.0,7.14,8.76,0.0,0.0,0.0,0.0,5.0,5.0,35.71,43.79,0.0,0.0,0.0,0.0,57.14,35.71,21.43,81.74,3.0,3.0,21.43,4.11,4.11,1.0,1.03,,0.67,1.0,0.34,0.5,0.0,1.0,0.2,7.14,0.0,0.36,0.0,0.67
4,高雄全家海神,45|109|110|119,施晉堯/于煥亞/胡瓏貿/余純安,1,20,20.0,240.74,4.01,04:01,240.74,4.01,04:01,13.0,13.0,65.0,116.64,9.0,9.0,45.0,80.75,9.0,9.0,45.0,80.75,4.0,4.0,20.0,35.89,2.0,2.0,10.0,17.95,1.0,1.0,5.0,8.97,7.0,7.0,35.0,62.81,3.0,3.0,15.0,26.92,2.0,2.0,10.0,17.95,2.0,2.0,10.0,17.95,0.0,0.0,0.0,0.0,4.0,4.0,20.0,35.89,0.0,0.0,0.0,0.0,4.0,4.0,20.0,35.89,0.0,0.0,0.0,0.0,4.0,4.0,20.0,35.89,0.0,0.0,0.0,0.0,1.0,1.0,5.0,8.97,2.0,2.0,10.0,17.95,6.0,6.0,30.0,53.84,65.0,45.0,20.0,119.63,4.0,4.0,20.0,4.01,4.01,0.61,0.66,0.5,0.43,1.0,0.0,1.0,0.0,1.0,0.5,0.0,5.0,0.1,30.0,0.22
4,高雄全家海神,45|109|110|123,施晉堯/于煥亞/胡瓏貿/勤明慶,2,13,13.0,170.61,2.84,02:51,85.3,1.42,01:25,3.0,1.5,23.08,37.98,11.0,5.5,84.62,139.27,4.0,2.0,30.77,50.64,1.0,0.5,7.69,12.66,1.0,0.5,7.69,12.66,0.0,0.0,0.0,0.0,3.0,1.5,23.08,37.98,1.0,0.5,7.69,12.66,0.0,0.0,0.0,0.0,0.0,0.0,0.0,0.0,0.0,0.0,0.0,0.0,3.0,1.5,23.08,37.98,0.0,0.0,0.0,0.0,1.0,0.5,7.69,12.66,2.0,1.0,15.38,25.32,1.0,0.5,7.69,12.66,1.0,0.5,7.69,12.66,1.0,0.5,7.69,12.66,0.0,0.0,0.0,0.0,4.0,2.0,30.77,50.64,23.08,84.62,-61.54,109.72,-8.0,-4.0,-61.54,2.84,1.42,0.38,0.38,0.0,0.33,,0.33,1.0,0.0,1.0,0.75,7.69,7.69,0.0,30.77,0.0
4,高雄全家海神,45|109|119|123,施晉堯/于煥亞/余純安/勤明慶,1,16,19.0,213.68,3.56,03:34,213.68,3.56,03:34,5.0,5.0,26.32,50.54,10.0,10.0,52.63,101.09,6.0,6.0,31.58,60.65,2.0,2.0,10.53,20.22,3.0,3.0,15.79,30.33,1.0,1.0,5.26,10.11,3.0,3.0,15.79,30.33,1.0,1.0,5.26,10.11,0.0,0.0,0.0,0.0,0.0,0.0,0.0,0.0,1.0,1.0,5.26,10.11,3.0,3.0,15.79,30.33,1.0,1.0,5.26,10.11,1.0,1.0,5.26,10.11,2.0,2.0,10.53,20.22,1.0,1.0,5.26,10.11,1.0,1.0,5.26,10.11,1.0,1.0,5.26,10.11,1.0,1.0,5.26,10.11,6.0,6.0,31.58,60.65,26.32,52.63,-26.32,128.04,-5.0,-5.0,-26.32,3.56,3.56,0.42,0.42,0.33,0.33,,0.25,0.5,0.5,0.75,0.67,5.26,5.26,0.05,31.58,0.0
4,高雄全家海神,45|110|119|123,施晉堯/胡瓏貿/余純安/勤明慶,1,9,9.0,103.77,1.73,01:44,103.77,1.73,01:44,3.0,3.0,33.33,62.45,6.0,6.0,66.67,124.89,4.0,4.0,44.44,83.26,1.0,1.0,11.11,20.82,1.0,1.0,11.11,20.82,0.0,0.0,0.0,0.0,3.0,3.0,33.33,62.45,1.0,1.0,11.11,20.82,0.0,0.0,0.0,0.0,0.0,0.0,0.0,0.0,0.0,0.0,0.0,0.0,3.0,3.0,33.33,62.45,0.0,0.0,0.0,0.0,1.0,1.0,11.11,20.82,0.0,0.0,0.0,0.0,1.0,1.0,11.11,20.82,0.0,0.0,0.0,0.0,1.0,1.0,11.11,20.82,0.0,0.0,0.0,0.0,4.0,4.0,44.44,83.26,33.33,66.67,-33.33,124.89,-3.0,-3.0,-33.33,1.73,1.73,0.38,0.38,0.0,0.33,,0.0,1.0,0.0,1.0,0.75,0.0,11.11,0.0,44.44,0.0
4,高雄全家海神,109|110|119|123,于煥亞/胡瓏貿/余純安/勤明慶,1,9,9.0,103.77,1.73,01:44,103.77,1.73,01:44,3.0,3.0,33.33,62.45,6.0,6.0,66.67,124.89,4.0,4.0,44.44,83.26,1.0,1.0,11.11,20.82,1.0,1.0,11.11,20.82,0.0,0.0,0.0,0.0,3.0,3.0,33.33,62.45,1.0,1.0,11.11,20.82,0.0,0.0,0.0,0.0,0.0,0.0,0.0,0.0,0.0,0.0,0.0,0.0,3.0,3.0,33.33,62.45,0.0,0.0,0.0,0.0,1.0,1.0,11.11,20.82,0.0,0.0,0.0,0.0,1.0,1.0,11.11,20.82,0.0,0.0,0.0,0.0,1.0,1.0,11.11,20.82,0.0,0.0,0.0,0.0,4.0,4.0,44.44,83.26,33.33,66.67,-33.33,124.89,-3.0,-3.0,-33.33,1.73,1.73,0.38,0.38,0.0,0.33,,0.0,1.0,0.0,1.0,0.75,0.0,11.11,0.0,44.44,0.0
4,福爾摩沙夢想家,89|99|103|107,蔣淯安/盧冠良/忻沃克/霍爾曼,15,213,256.0,3823.57,63.73,63:44,254.9,4.25,04:15,124.0,8.27,48.44,70.05,110.0,7.33,42.97,62.14,93.0,6.2,36.33,52.54,40.0,2.67,15.62,22.6,39.0,2.6,15.23,22.03,22.0,1.47,8.59,12.43,54.0,3.6,21.09,30.51,18.0,1.2,7.03,10.17,35.0,2.33,13.67,19.77,28.0,1.87,10.94,15.82,17.0,1.13,6.64,9.6,40.0,2.67,15.62,22.6,17.0,1.13,6.64,9.6,47.0,3.13,18.36,26.55,17.0,1.13,6.64,9.6,23.0,1.53,8.98,12.99,10.0,0.67,3.91,5.65,3.0,0.2,1.17,1.69,23.0,1.53,8.98,12.99,20.0,1.33,7.81,11.3,48.44,42.97,5.47,96.41,14.0,0.93,5.47,63.73,4.25,0.53,0.57,0.56,0.33,0.8,0.14,0.57,0.27,0.7,0.47,3.91,1.17,0.09,7.81,0.38
4,福爾摩沙夢想家,99|103|106|107,盧冠良/忻沃克/高柏鎧/霍爾曼,8,82,97.0,1342.94,22.38,22:23,167.87,2.8,02:48,58.0,7.25,59.79,93.29,34.0,4.25,35.05,54.69,36.0,4.5,37.11,57.9,20.0,2.5,20.62,32.17,15.0,1.88,15.46,24.13,11.0,1.38,11.34,17.69,21.0,2.62,21.65,33.78,9.0,1.12,9.28,14.48,11.0,1.38,11.34,17.69,9.0,1.12,9.28,14.48,5.0,0.62,5.15,8.04,11.0,1.38,11.34,17.69,4.0,0.5,4.12,6.43,22.0,2.75,22.68,35.38,6.0,0.75,6.19,9.65,11.0,1.38,11.34,17.69,3.0,0.38,3.09,4.83,2.0,0.25,2.06,3.22,10.0,1.25,10.31,16.08,4.0,0.5,4.12,6.43,59.79,35.05,24.74,104.01,24.0,3.0,24.74,22.38,2.8,0.68,0.71,0.73,0.43,0.82,0.13,0.55,0.19,0.73,0.38,3.09,2.06,0.1,4.12,0.31
4,福爾摩沙夢想家,86|99|103|107,林俊吉/盧冠良/忻沃克/霍爾曼,13,136,166.0,2124.05,35.4,35:24,163.39,2.72,02:43,91.0,7.0,54.82,92.54,68.0,5.23,40.96,69.15,67.0,5.15,40.36,68.13,30.0,2.31,18.07,30.51,34.0,2.62,20.48,34.58,15.0,1.15,9.04,15.25,33.0,2.54,19.88,33.56,15.0,1.15,9.04,15.25,18.0,1.38,10.84,18.3,15.0,1.15,9.04,15.25,14.0,1.08,8.43,14.24,22.0,1.69,13.25,22.37,7.0,0.54,4.22,7.12,27.0,2.08,16.27,27.46,11.0,0.85,6.63,11.19,18.0,1.38,10.84,18.3,5.0,0.38,3.01,5.08,0.0,0.0,0.0,0.0,22.0,1.69,13.25,22.37,14.0,1.08,8.43,14.24,54.82,40.96,13.86,112.54,23.0,1.77,13.86,35.4,2.72,0.56,0.61,0.44,0.45,0.83,0.13,0.6,0.34,0.76,0.51,3.01,0.0,0.13,8.43,0.27
4,福爾摩沙夢想家,86|103|106|107,林俊吉/忻沃克/高柏鎧/霍爾曼,5,102,119.0,1576.78,26.28,26:17,315.36,5.26,05:15,60.0,12.0,50.42,82.19,57.0,11.4,47.9,78.08,48.0,9.6,40.34,65.75,21.0,4.2,17.65,28.77,22.0,4.4,18.49,30.14,9.0,1.8,7.56,12.33,26.0,5.2,21.85,35.62,12.0,2.4,10.08,16.44,7.0,1.4,5.88,9.59,4.0,0.8,3.36,5.48,10.0,2.0,8.4,13.7,19.0,3.8,15.97,26.03,1.0,0.2,0.84,1.37,19.0,3.8,15.97,26.03,10.0,2.0,8.4,13.7,11.0,2.2,9.24,15.07,6.0,1.2,5.04,8.22,1.0,0.2,0.84,1.37,9.0,1.8,7.56,12.33,19.0,3.8,15.97,26.03,50.42,47.9,2.52,108.68,3.0,0.6,2.52,26.28,5.26,0.56,0.59,0.41,0.46,0.57,0.16,0.52,0.34,0.95,0.59,5.04,0.84,0.08,15.97,0.15
4,高雄全家海神,45|109|119|10894,施晉堯/于煥亞/余純安/凱帝,1,19,21.0,265.59,4.43,04:26,265.59,4.43,04:26,13.0,13.0,61.9,105.73,8.0,8.0,38.1,65.06,6.0,6.0,28.57,48.8,3.0,3.0,14.29,24.4,3.0,3.0,14.29,24.4,1.0,1.0,4.76,8.13,3.0,3.0,14.29,24.4,2.0,2.0,9.52,16.27,6.0,6.0,28.57,48.8,5.0,5.0,23.81,40.66,1.0,1.0,4.76,8.13,3.0,3.0,14.29,24.4,1.0,1.0,4.76,8.13,5.0,5.0,23.81,40.66,2.0,2.0,9.52,16.27,3.0,3.0,14.29,24.4,1.0,1.0,4.76,8.13,1.0,1.0,4.76,8.13,4.0,4.0,19.05,32.53,0.0,0.0,0.0,0.0,61.9,38.1,23.81,113.86,5.0,5.0,23.81,4.43,4.43,0.67,0.75,0.33,0.67,0.83,0.19,1.0,0.17,0.75,0.4,4.76,4.76,0.19,0.0,1.0
4,高雄全家海神,45|110|119|10894,施晉堯/胡瓏貿/余純安/凱帝,3,27,30.0,478.59,7.98,07:59,159.53,2.66,02:40,21.0,7.0,70.0,94.78,8.0,2.67,26.67,36.11,12.0,4.0,40.0,54.16,7.0,2.33,23.33,31.59,5.0,1.67,16.67,22.57,4.0,1.33,13.33,18.05,7.0,2.33,23.33,31.59,3.0,1.0,10.0,13.54,4.0,1.33,13.33,18.05,4.0,1.33,13.33,18.05,1.0,0.33,3.33,4.51,4.0,1.33,13.33,18.05,2.0,0.67,6.67,9.03,7.0,2.33,23.33,31.59,1.0,0.33,3.33,4.51,5.0,1.67,16.67,22.57,0.0,0.0,0.0,0.0,0.0,0.0,0.0,0.0,3.0,1.0,10.0,13.54,0.0,0.0,0.0,0.0,70.0,26.67,43.33,90.27,13.0,4.33,43.33,7.98,2.66,0.71,0.76,0.8,0.43,1.0,0.07,0.71,0.12,0.67,0.36,0.0,0.0,0.1,0.0,0.33
4,高雄全家海神,109|110|119|10894,于煥亞/胡瓏貿/余純安/凱帝,2,17,21.0,268.2,4.47,04:28,134.1,2.24,02:14,18.0,9.0,85.71,144.97,6.0,3.0,28.57,48.32,9.0,4.5,42.86,72.48,5.0,2.5,23.81,40.27,4.0,2.0,19.05,32.21,2.0,1.0,9.52,16.11,5.0,2.5,23.81,40.27,3.0,1.5,14.29,24.16,4.0,2.0,19.05,32.21,4.0,2.0,19.05,32.21,3.0,1.5,14.29,24.16,1.0,0.5,4.76,8.05,1.0,0.5,4.76,8.05,5.0,2.5,23.81,40.27,0.0,0.0,0.0,0.0,4.0,2.0,19.05,32.21,0.0,0.0,0.0,0.0,0.0,0.0,0.0,0.0,5.0,2.5,23.81,40.27,4.0,2.0,19.05,32.21,85.71,28.57,57.14,112.75,12.0,6.0,57.14,4.47,2.24,0.72,0.84,0.5,0.6,1.0,0.0,0.8,0.38,0.5,0.4,0.0,0.0,0.24,19.05,0.44
4,高雄全家海神,45|109|119|10893,施晉堯/于煥亞/余純安/崔維斯,1,15,18.0,181.29,3.02,03:01,181.29,3.02,03:01,5.0,5.0,27.78,59.57,7.0,7.0,38.89,83.4,5.0,5.0,27.78,59.57,1.0,1.0,5.56,11.91,4.0,4.0,22.22,47.66,1.0,1.0,5.56,11.91,1.0,1.0,5.56,11.91,0.0,0.0,0.0,0.0,4.0,4.0,22.22,47.66,3.0,3.0,16.67,35.74,2.0,2.0,11.11,23.83,2.0,2.0,11.11,23.83,0.0,0.0,0.0,0.0,2.0,2.0,11.11,23.83,2.0,2.0,11.11,23.83,0.0,0.0,0.0,0.0,0.0,0.0,0.0,0.0,1.0,1.0,5.56,11.91,3.0,3.0,16.67,35.74,4.0,4.0,22.22,47.66,27.78,38.89,-11.11,142.98,-2.0,-2.0,-11.11,3.02,3.02,0.2,0.37,0.25,0.0,0.75,0.23,0.0,0.5,1.0,0.67,0.0,5.56,0.17,22.22,0.8
4,高雄全家海神,45|109|10893|10894,施晉堯/于煥亞/崔維斯/凱帝,2,34,41.0,510.57,8.51,08:31,255.29,4.25,04:15,15.0,7.5,36.59,63.46,17.0,8.5,41.46,71.92,9.0,4.5,21.95,38.07,1.0,0.5,2.44,4.23,4.0,2.0,9.76,16.92,0.0,0.0,0.0,0.0,5.0,2.5,12.2,21.15,1.0,0.5,2.44,4.23,16.0,8.0,39.02,67.69,12.0,6.0,29.27,50.77,2.0,1.0,4.88,8.46,8.0,4.0,19.51,33.84,3.0,1.5,7.32,12.69,4.0,2.0,9.76,16.92,2.0,1.0,4.88,8.46,0.0,0.0,0.0,0.0,1.0,0.5,2.44,4.23,1.0,0.5,2.44,4.23,10.0,5.0,24.39,42.31,6.0,3.0,14.63,25.38,36.59,41.46,-4.88,115.63,-2.0,-1.0,-4.88,8.51,4.25,0.17,0.47,0.0,0.2,0.75,0.11,0.0,0.33,0.73,0.59,2.44,2.44,0.24,14.63,1.78
4,高雄全家海神,45|119|10893|10894,施晉堯/余純安/崔維斯/凱帝,1,8,9.0,100.0,1.67,01:40,100.0,1.67,01:40,3.0,3.0,33.33,64.8,4.0,4.0,44.44,86.4,2.0,2.0,22.22,43.2,0.0,0.0,0.0,0.0,2.0,2.0,22.22,43.2,0.0,0.0,0.0,0.0,0.0,0.0,0.0,0.0,0.0,0.0,0.0,0.0,4.0,4.0,44.44,86.4,3.0,3.0,33.33,64.8,1.0,1.0,11.11,21.6,2.0,2.0,22.22,43.2,0.0,0.0,0.0,0.0,2.0,2.0,22.22,43.2,1.0,1.0,11.11,21.6,0.0,0.0,0.0,0.0,0.0,0.0,0.0,0.0,1.0,1.0,11.11,21.6,2.0,2.0,22.22,43.2,0.0,0.0,0.0,0.0,33.33,44.44,-11.11,129.6,-1.0,-1.0,-11.11,1.67,1.67,0.0,0.4,0.0,,0.75,0.21,,0.33,1.0,0.6,0.0,11.11,0.22,0.0,2.0
4,福爾摩沙夢想家,79|101|103|10889,張宗憲/周柏臣/忻沃克/恩尼斯,1,2,2.0,6.38,0.11,00:06,6.38,0.11,00:06,1.0,1.0,50.0,338.56,0.0,0.0,0.0,0.0,0.0,0.0,0.0,0.0,0.0,0.0,0.0,0.0,0.0,0.0,0.0,0.0,0.0,0.0,0.0,0.0,0.0,0.0,0.0,0.0,0.0,0.0,0.0,0.0,2.0,2.0,100.0,677.12,1.0,1.0,50.0,338.56,0.0,0.0,0.0,0.0,0.0,0.0,0.0,0.0,0.0,0.0,0.0,0.0,0.0,0.0,0.0,0.0,0.0,0.0,0.0,0.0,0.0,0.0,0.0,0.0,0.0,0.0,0.0,0.0,0.0,0.0,0.0,0.0,0.0,0.0,0.0,0.0,0.0,0.0,0.0,0.0,50.0,0.0,50.0,451.41,1.0,1.0,50.0,0.11,0.11,,0.57,,,0.5,0.0,,,,,0.0,0.0,0.0,0.0,
4,福爾摩沙夢想家,79|101|107|10889,張宗憲/周柏臣/霍爾曼/恩尼斯,2,7,9.0,88.16,1.47,01:28,44.08,0.73,00:44,2.0,1.0,22.22,49.0,2.0,1.0,22.22,49.0,1.0,0.5,11.11,24.5,0.0,0.0,0.0,0.0,1.0,0.5,11.11,24.5,0.0,0.0,0.0,0.0,0.0,0.0,0.0,0.0,0.0,0.0,0.0,0.0,4.0,2.0,44.44,98.01,2.0,1.0,22.22,49.0,1.0,0.5,11.11,24.5,0.0,0.0,0.0,0.0,0.0,0.0,0.0,0.0,1.0,0.5,11.11,24.5,1.0,0.5,11.11,24.5,1.0,0.5,11.11,24.5,0.0,0.0,0.0,0.0,1.0,0.5,11.11,24.5,1.0,0.5,11.11,24.5,2.0,1.0,22.22,49.0,22.22,22.22,0.0,147.01,0.0,0.0,0.0,1.47,0.73,0.0,0.36,0.0,,0.5,0.27,,0.5,,0.5,0.0,11.11,0.11,22.22,4.0
4,福爾摩沙夢想家,101|103|107|10889,周柏臣/忻沃克/霍爾曼/恩尼斯,3,38,44.0,650.39,10.84,10:50,216.8,3.61,03:37,19.0,6.33,43.18,63.1,18.0,6.0,40.91,59.78,15.0,5.0,34.09,49.82,6.0,2.0,13.64,19.93,8.0,2.67,18.18,26.57,3.0,1.0,6.82,9.96,7.0,2.33,15.91,23.25,3.0,1.0,6.82,9.96,6.0,2.0,13.64,19.93,4.0,1.33,9.09,13.28,3.0,1.0,6.82,9.96,6.0,2.0,13.64,19.93,1.0,0.33,2.27,3.32,7.0,2.33,15.91,23.25,5.0,1.67,11.36,16.61,4.0,1.33,9.09,13.28,2.0,0.67,4.55,6.64,1.0,0.33,2.27,3.32,6.0,2.0,13.64,19.93,3.0,1.0,6.82,9.96,43.18,40.91,2.27,97.42,1.0,0.33,2.27,10.84,3.61,0.5,0.54,0.38,0.43,0.67,0.22,0.67,0.3,0.86,0.53,4.55,2.27,0.14,6.82,0.4
4,高雄全家海神,45|109|110|10893,施晉堯/于煥亞/胡瓏貿/崔維斯,1,2,2.0,6.38,0.11,00:06,6.38,0.11,00:06,0.0,0.0,0.0,0.0,1.0,1.0,50.0,338.56,1.0,1.0,50.0,338.56,0.0,0.0,0.0,0.0,0.0,0.0,0.0,0.0,0.0,0.0,0.0,0.0,1.0,1.0,50.0,338.56,0.0,0.0,0.0,0.0,0.0,0.0,0.0,0.0,0.0,0.0,0.0,0.0,0.0,0.0,0.0,0.0,0.0,0.0,0.0,0.0,0.0,0.0,0.0,0.0,0.0,0.0,0.0,0.0,0.0,0.0,0.0,0.0,0.0,0.0,0.0,0.0,0.0,0.0,0.0,0.0,0.0,0.0,0.0,0.0,0.0,0.0,0.0,0.0,2.0,2.0,100.0,677.12,0.0,50.0,-50.0,451.41,-1.0,-1.0,-50.0,0.11,0.11,0.0,0.0,,0.0,,0.0,,,,,0.0,0.0,0.0,100.0,0.0
4,高雄全家海神,45|110|119|10893,施晉堯/胡瓏貿/余純安/崔維斯,1,2,2.0,6.38,0.11,00:06,6.38,0.11,00:06,0.0,0.0,0.0,0.0,1.0,1.0,50.0,338.56,1.0,1.0,50.0,338.56,0.0,0.0,0.0,0.0,0.0,0.0,0.0,0.0,0.0,0.0,0.0,0.0,1.0,1.0,50.0,338.56,0.0,0.0,0.0,0.0,0.0,0.0,0.0,0.0,0.0,0.0,0.0,0.0,0.0,0.0,0.0,0.0,0.0,0.0,0.0,0.0,0.0,0.0,0.0,0.0,0.0,0.0,0.0,0.0,0.0,0.0,0.0,0.0,0.0,0.0,0.0,0.0,0.0,0.0,0.0,0.0,0.0,0.0,0.0,0.0,0.0,0.0,0.0,0.0,2.0,2.0,100.0,677.12,0.0,50.0,-50.0,451.41,-1.0,-1.0,-50.0,0.11,0.11,0.0,0.0,,0.0,,0.0,,,,,0.0,0.0,0.0,100.0,0.0
4,高雄全家海神,109|110|119|10893,于煥亞/胡瓏貿/余純安/崔維斯,2,10,11.0,146.38,2.44,02:26,73.19,1.22,01:13,0.0,0.0,0.0,0.0,7.0,3.5,63.64,103.29,3.0,1.5,27.27,44.27,0.0,0.0,0.0,0.0,2.0,1.0,18.18,29.51,0.0,0.0,0.0,0.0,1.0,0.5,9.09,14.76,0.0,0.0,0.0,0.0,2.0,1.0,18.18,29.51,0.0,0.0,0.0,0.0,0.0,0.0,0.0,0.0,3.0,1.5,27.27,44.27,0.0,0.0,0.0,0.0,2.0,1.0,18.18,29.51,1.0,0.5,9.09,14.76,0.0,0.0,0.0,0.0,0.0,0.0,0.0,0.0,0.0,0.0,0.0,0.0,1.0,0.5,9.09,14.76,3.0,1.5,27.27,44.27,0.0,63.64,-63.64,108.21,-7.0,-3.5,-63.64,2.44,1.22,0.0,0.0,0.0,0.0,0.0,0.2,,0.0,1.0,0.6,0.0,0.0,0.09,27.27,0.67
4,高雄全家海神,109|110|121|122,于煥亞/胡瓏貿/吳曉謹/陳懷安,2,15,19.0,310.38,5.17,05:10,155.19,2.59,02:35,15.0,7.5,78.95,104.39,8.0,4.0,42.11,55.67,7.0,3.5,36.84,48.71,5.0,2.5,26.32,34.8,2.0,1.0,10.53,13.92,2.0,1.0,10.53,13.92,5.0,2.5,26.32,34.8,3.0,1.5,15.79,20.88,2.0,1.0,10.53,13.92,2.0,1.0,10.53,13.92,4.0,2.0,21.05,27.84,1.0,0.5,5.26,6.96,2.0,1.0,10.53,13.92,2.0,1.0,10.53,13.92,1.0,0.5,5.26,6.96,3.0,1.5,15.79,20.88,1.0,0.5,5.26,6.96,0.0,0.0,0.0,0.0,1.0,0.5,5.26,6.96,2.0,1.0,10.53,13.92,78.95,42.11,36.84,88.15,7.0,3.5,36.84,5.17,2.59,0.93,0.95,1.0,0.6,1.0,0.11,0.6,0.67,0.33,0.56,5.26,0.0,0.05,10.53,0.29
4,高雄全家海神,109|110|121|10893,于煥亞/胡瓏貿/吳曉謹/崔維斯,2,15,19.0,310.38,5.17,05:10,155.19,2.59,02:35,15.0,7.5,78.95,104.39,8.0,4.0,42.11,55.67,7.0,3.5,36.84,48.71,5.0,2.5,26.32,34.8,2.0,1.0,10.53,13.92,2.0,1.0,10.53,13.92,5.0,2.5,26.32,34.8,3.0,1.5,15.79,20.88,2.0,1.0,10.53,13.92,2.0,1.0,10.53,13.92,4.0,2.0,21.05,27.84,1.0,0.5,5.26,6.96,2.0,1.0,10.53,13.92,2.0,1.0,10.53,13.92,1.0,0.5,5.26,6.96,3.0,1.5,15.79,20.88,1.0,0.5,5.26,6.96,0.0,0.0,0.0,0.0,1.0,0.5,5.26,6.96,2.0,1.0,10.53,13.92,78.95,42.11,36.84,88.15,7.0,3.5,36.84,5.17,2.59,0.93,0.95,1.0,0.6,1.0,0.11,0.6,0.67,0.33,0.56,5.26,0.0,0.05,10.53,0.29
4,高雄全家海神,109|110|122|10893,于煥亞/胡瓏貿/陳懷安/崔維斯,3,65,78.0,1057.56,17.63,17:38,352.52,5.88,05:53,35.0,11.67,44.87,71.49,34.0,11.33,43.59,69.44,26.0,8.67,33.33,53.1,11.0,3.67,14.1,22.47,14.0,4.67,17.95,28.59,7.0,2.33,8.97,14.3,12.0,4.0,15.38,24.51,4.0,1.33,5.13,8.17,12.0,4.0,15.38,24.51,9.0,3.0,11.54,18.38,6.0,2.0,7.69,12.25,14.0,4.67,17.95,28.59,4.0,1.33,5.13,8.17,10.0,3.33,12.82,20.42,5.0,1.67,6.41,10.21,7.0,2.33,8.97,14.3,4.0,1.33,5.13,8.17,0.0,0.0,0.0,0.0,6.0,2.0,7.69,12.25,14.0,4.67,17.95,28.59,44.87,43.59,1.28,106.21,1.0,0.33,1.28,17.63,5.88,0.5,0.56,0.5,0.33,0.75,0.14,0.64,0.38,0.78,0.59,5.13,0.0,0.08,17.95,0.46
4,高雄全家海神,109|121|122|10893,于煥亞/吳曉謹/陳懷安/崔維斯,3,37,47.0,705.35,11.76,11:45,235.12,3.92,03:55,30.0,10.0,63.83,91.87,19.0,6.33,40.43,58.18,15.0,5.0,31.91,45.93,10.0,3.33,21.28,30.62,7.0,2.33,14.89,21.44,4.0,1.33,8.51,12.25,8.0,2.67,17.02,24.5,6.0,2.0,12.77,18.37,5.0,1.67,10.64,15.31,4.0,1.33,8.51,12.25,4.0,1.33,8.51,12.25,4.0,1.33,8.51,12.25,3.0,1.0,6.38,9.19,5.0,1.67,10.64,15.31,3.0,1.0,6.38,9.19,7.0,2.33,14.89,21.44,1.0,0.33,2.13,3.06,0.0,0.0,0.0,0.0,4.0,1.33,8.51,12.25,6.0,2.0,12.77,18.37,63.83,40.43,23.4,95.95,11.0,3.67,23.4,11.76,3.92,0.87,0.87,0.57,0.75,0.8,0.15,0.7,0.44,0.57,0.5,2.13,0.0,0.09,12.77,0.33
4,高雄全家海神,110|121|122|10893,胡瓏貿/吳曉謹/陳懷安/崔維斯,3,34,40.0,594.12,9.9,09:54,198.04,3.3,03:18,21.0,7.0,52.5,76.35,21.0,7.0,52.5,76.35,13.0,4.33,32.5,47.26,7.0,2.33,17.5,25.45,3.0,1.0,7.5,10.91,3.0,1.0,7.5,10.91,10.0,3.33,25.0,36.36,4.0,1.33,10.0,14.54,6.0,2.0,15.0,21.81,3.0,1.0,7.5,10.91,5.0,1.67,12.5,18.18,5.0,1.67,12.5,18.18,2.0,0.67,5.0,7.27,4.0,1.33,10.0,14.54,4.0,1.33,10.0,14.54,4.0,1.33,10.0,14.54,2.0,0.67,5.0,7.27,0.0,0.0,0.0,0.0,4.0,1.33,10.0,14.54,7.0,2.33,17.5,25.45,52.5,52.5,0.0,96.95,0.0,0.0,0.0,9.9,3.3,0.69,0.67,1.0,0.4,0.5,0.2,0.57,0.56,0.71,0.62,5.0,0.0,0.1,17.5,0.46
4,高雄全家海神,45|109|110|121,施晉堯/于煥亞/胡瓏貿/吳曉謹,4,27,35.0,459.61,7.66,07:40,114.9,1.92,01:55,13.0,3.25,37.14,61.09,18.0,4.5,51.43,84.59,13.0,3.25,37.14,61.09,4.0,1.0,11.43,18.8,6.0,1.5,17.14,28.2,1.0,0.25,2.86,4.7,7.0,1.75,20.0,32.9,3.0,0.75,8.57,14.1,2.0,0.5,5.71,9.4,2.0,0.5,5.71,9.4,0.0,0.0,0.0,0.0,6.0,1.5,17.14,28.2,5.0,1.25,14.29,23.5,5.0,1.25,14.29,23.5,2.0,0.5,5.71,9.4,2.0,0.5,5.71,9.4,2.0,0.5,5.71,9.4,0.0,0.0,0.0,0.0,2.0,0.5,5.71,9.4,2.0,0.5,5.71,9.4,37.14,51.43,-14.29,109.66,-5.0,-1.25,-14.29,7.66,1.92,0.42,0.47,0.17,0.43,1.0,0.13,0.5,0.0,0.55,0.38,5.71,0.0,0.06,5.71,0.15
4,高雄全家海神,45|109|121|10894,施晉堯/于煥亞/吳曉謹/凱帝,5,36,42.0,484.21,8.07,08:04,96.84,1.61,01:37,9.0,1.8,21.43,40.15,18.0,3.6,42.86,80.3,14.0,2.8,33.33,62.45,3.0,0.6,7.14,13.38,5.0,1.0,11.9,22.3,1.0,0.2,2.38,4.46,9.0,1.8,21.43,40.15,2.0,0.4,4.76,8.92,3.0,0.6,7.14,13.38,1.0,0.2,2.38,4.46,1.0,0.2,2.38,4.46,8.0,1.6,19.05,35.69,3.0,0.6,7.14,13.38,7.0,1.4,16.67,31.23,5.0,1.0,11.9,22.3,2.0,0.4,4.76,8.92,5.0,1.0,11.9,22.3,0.0,0.0,0.0,0.0,2.0,0.4,4.76,8.92,6.0,1.2,14.29,26.77,21.43,42.86,-21.43,124.91,-9.0,-1.8,-21.43,8.07,1.61,0.29,0.29,0.2,0.22,0.33,0.25,0.67,0.12,0.73,0.47,11.9,0.0,0.05,14.29,0.21
4,高雄全家海神,45|110|121|10894,施晉堯/胡瓏貿/吳曉謹/凱帝,6,124,146.0,2042.89,34.05,34:03,340.48,5.67,05:40,63.0,10.5,43.15,66.61,71.0,11.83,48.63,75.07,54.0,9.0,36.99,57.1,22.0,3.67,15.07,23.26,29.0,4.83,19.86,30.66,17.0,2.83,11.64,17.97,25.0,4.17,17.12,26.43,5.0,0.83,3.42,5.29,18.0,3.0,12.33,19.03,14.0,2.33,9.59,14.8,7.0,1.17,4.79,7.4,25.0,4.17,17.12,26.43,9.0,1.5,6.16,9.52,25.0,4.17,17.12,26.43,8.0,1.33,5.48,8.46,15.0,2.5,10.27,15.86,4.0,0.67,2.74,4.23,0.0,0.0,0.0,0.0,16.0,2.67,10.96,16.92,6.0,1.0,4.11,6.34,43.15,48.63,-5.48,102.91,-8.0,-1.33,-5.48,34.05,5.67,0.45,0.51,0.59,0.2,0.78,0.11,0.68,0.22,0.74,0.48,2.74,0.0,0.11,4.11,0.33
4,福爾摩沙夢想家,99|103|107|10889,盧冠良/忻沃克/霍爾曼/恩尼斯,3,34,38.0,618.06,10.3,10:18,206.02,3.43,03:26,22.0,7.33,57.89,76.89,22.0,7.33,57.89,76.89,17.0,5.67,44.74,59.41,7.0,2.33,18.42,24.46,8.0,2.67,21.05,27.96,4.0,1.33,10.53,13.98,9.0,3.0,23.68,31.45,3.0,1.0,7.89,10.48,6.0,2.0,15.79,20.97,5.0,1.67,13.16,17.47,4.0,1.33,10.53,13.98,7.0,2.33,18.42,24.46,0.0,0.0,0.0,0.0,5.0,1.67,13.16,17.47,1.0,0.33,2.63,3.49,4.0,1.33,10.53,13.98,0.0,0.0,0.0,0.0,1.0,0.33,2.63,3.49,4.0,1.33,10.53,13.98,3.0,1.0,7.89,10.48,57.89,57.89,0.0,88.53,0.0,0.0,0.0,10.3,3.43,0.5,0.56,0.5,0.33,0.83,0.05,0.57,0.44,1.0,0.69,0.0,2.63,0.11,7.89,0.35
4,高雄全家海神,45|119|123|10894,施晉堯/余純安/勤明慶/凱帝,1,2,3.0,35.0,0.58,00:35,35.0,0.58,00:35,0.0,0.0,0.0,0.0,2.0,2.0,66.67,123.43,0.0,0.0,0.0,0.0,0.0,0.0,0.0,0.0,0.0,0.0,0.0,0.0,0.0,0.0,0.0,0.0,0.0,0.0,0.0,0.0,0.0,0.0,0.0,0.0,0.0,0.0,0.0,0.0,0.0,0.0,0.0,0.0,0.0,0.0,0.0,0.0,0.0,0.0,0.0,0.0,1.0,1.0,33.33,61.71,0.0,0.0,0.0,0.0,1.0,1.0,33.33,61.71,0.0,0.0,0.0,0.0,1.0,1.0,33.33,61.71,0.0,0.0,0.0,0.0,0.0,0.0,0.0,0.0,0.0,0.0,0.0,0.0,0.0,66.67,-66.67,123.43,-2.0,-2.0,-66.67,0.58,0.58,,,,,,1.0,,,0.0,0.0,33.33,0.0,0.0,0.0,
4,高雄全家海神,109|119|123|10894,于煥亞/余純安/勤明慶/凱帝,1,2,3.0,35.0,0.58,00:35,35.0,0.58,00:35,0.0,0.0,0.0,0.0,2.0,2.0,66.67,123.43,0.0,0.0,0.0,0.0,0.0,0.0,0.0,0.0,0.0,0.0,0.0,0.0,0.0,0.0,0.0,0.0,0.0,0.0,0.0,0.0,0.0,0.0,0.0,0.0,0.0,0.0,0.0,0.0,0.0,0.0,0.0,0.0,0.0,0.0,0.0,0.0,0.0,0.0,0.0,0.0,1.0,1.0,33.33,61.71,0.0,0.0,0.0,0.0,1.0,1.0,33.33,61.71,0.0,0.0,0.0,0.0,1.0,1.0,33.33,61.71,0.0,0.0,0.0,0.0,0.0,0.0,0.0,0.0,0.0,0.0,0.0,0.0,0.0,66.67,-66.67,123.43,-2.0,-2.0,-66.67,0.58,0.58,,,,,,1.0,,,0.0,0.0,33.33,0.0,0.0,0.0,
4,高雄全家海神,45|109|123|10893,施晉堯/于煥亞/勤明慶/崔維斯,1,5,7.0,74.91,1.25,01:15,74.91,1.25,01:15,2.0,2.0,28.57,57.67,2.0,2.0,28.57,57.67,2.0,2.0,28.57,57.67,1.0,1.0,14.29,28.83,2.0,2.0,28.57,57.67,1.0,1.0,14.29,28.83,0.0,0.0,0.0,0.0,0.0,0.0,0.0,0.0,0.0,0.0,0.0,0.0,0.0,0.0,0.0,0.0,1.0,1.0,14.29,28.83,0.0,0.0,0.0,0.0,0.0,0.0,0.0,0.0,0.0,0.0,0.0,0.0,1.0,1.0,14.29,28.83,0.0,0.0,0.0,0.0,0.0,0.0,0.0,0.0,0.0,0.0,0.0,0.0,1.0,1.0,14.29,28.83,2.0,2.0,28.57,57.67,28.57,28.57,0.0,134.56,0.0,0.0,0.0,1.25,1.25,0.5,0.5,0.5,,,0.33,0.0,1.0,,1.0,0.0,0.0,0.14,28.57,0.0
4,高雄全家海神,45|119|123|10893,施晉堯/余純安/勤明慶/崔維斯,1,5,7.0,74.91,1.25,01:15,74.91,1.25,01:15,2.0,2.0,28.57,57.67,2.0,2.0,28.57,57.67,2.0,2.0,28.57,57.67,1.0,1.0,14.29,28.83,2.0,2.0,28.57,57.67,1.0,1.0,14.29,28.83,0.0,0.0,0.0,0.0,0.0,0.0,0.0,0.0,0.0,0.0,0.0,0.0,0.0,0.0,0.0,0.0,1.0,1.0,14.29,28.83,0.0,0.0,0.0,0.0,0.0,0.0,0.0,0.0,0.0,0.0,0.0,0.0,1.0,1.0,14.29,28.83,0.0,0.0,0.0,0.0,0.0,0.0,0.0,0.0,0.0,0.0,0.0,0.0,1.0,1.0,14.29,28.83,2.0,2.0,28.57,57.67,28.57,28.57,0.0,134.56,0.0,0.0,0.0,1.25,1.25,0.5,0.5,0.5,,,0.33,0.0,1.0,,1.0,0.0,0.0,0.14,28.57,0.0
4,高雄全家海神,109|119|123|10893,于煥亞/余純安/勤明慶/崔維斯,1,8,10.0,129.91,2.17,02:10,129.91,2.17,02:10,5.0,5.0,50.0,83.13,4.0,4.0,40.0,66.51,3.0,3.0,30.0,49.88,2.0,2.0,20.0,33.25,2.0,2.0,20.0,33.25,1.0,1.0,10.0,16.63,1.0,1.0,10.0,16.63,1.0,1.0,10.0,16.63,0.0,0.0,0.0,0.0,0.0,0.0,0.0,0.0,1.0,1.0,10.0,16.63,0.0,0.0,0.0,0.0,0.0,0.0,0.0,0.0,0.0,0.0,0.0,0.0,1.0,1.0,10.0,16.63,1.0,1.0,10.0,16.63,0.0,0.0,0.0,0.0,0.0,0.0,0.0,0.0,2.0,2.0,20.0,33.25,2.0,2.0,20.0,33.25,50.0,40.0,10.0,110.85,1.0,1.0,10.0,2.17,2.17,0.83,0.83,0.5,1.0,,0.25,0.5,1.0,,1.0,0.0,0.0,0.2,20.0,0.0
4,高雄全家海神,109|119|122|123,于煥亞/余純安/陳懷安/勤明慶,1,3,3.0,55.0,0.92,00:55,55.0,0.92,00:55,3.0,3.0,100.0,117.82,2.0,2.0,66.67,78.55,1.0,1.0,33.33,39.27,1.0,1.0,33.33,39.27,0.0,0.0,0.0,0.0,0.0,0.0,0.0,0.0,1.0,1.0,33.33,39.27,1.0,1.0,33.33,39.27,0.0,0.0,0.0,0.0,0.0,0.0,0.0,0.0,0.0,0.0,0.0,0.0,0.0,0.0,0.0,0.0,0.0,0.0,0.0,0.0,0.0,0.0,0.0,0.0,0.0,0.0,0.0,0.0,1.0,1.0,33.33,39.27,0.0,0.0,0.0,0.0,0.0,0.0,0.0,0.0,1.0,1.0,33.33,39.27,0.0,0.0,0.0,0.0,100.0,66.67,33.33,78.55,1.0,1.0,33.33,0.92,0.92,1.5,1.5,,1.0,,0.0,1.0,,,,0.0,0.0,0.33,0.0,0.0
4,高雄全家海神,109|122|123|10893,于煥亞/陳懷安/勤明慶/崔維斯,1,3,3.0,55.0,0.92,00:55,55.0,0.92,00:55,3.0,3.0,100.0,117.82,2.0,2.0,66.67,78.55,1.0,1.0,33.33,39.27,1.0,1.0,33.33,39.27,0.0,0.0,0.0,0.0,0.0,0.0,0.0,0.0,1.0,1.0,33.33,39.27,1.0,1.0,33.33,39.27,0.0,0.0,0.0,0.0,0.0,0.0,0.0,0.0,0.0,0.0,0.0,0.0,0.0,0.0,0.0,0.0,0.0,0.0,0.0,0.0,0.0,0.0,0.0,0.0,0.0,0.0,0.0,0.0,1.0,1.0,33.33,39.27,0.0,0.0,0.0,0.0,0.0,0.0,0.0,0.0,1.0,1.0,33.33,39.27,0.0,0.0,0.0,0.0,100.0,66.67,33.33,78.55,1.0,1.0,33.33,0.92,0.92,1.5,1.5,,1.0,,0.0,1.0,,,,0.0,0.0,0.33,0.0,0.0
4,高雄全家海神,119|122|123|10893,余純安/陳懷安/勤明慶/崔維斯,1,3,3.0,55.0,0.92,00:55,55.0,0.92,00:55,3.0,3.0,100.0,117.82,2.0,2.0,66.67,78.55,1.0,1.0,33.33,39.27,1.0,1.0,33.33,39.27,0.0,0.0,0.0,0.0,0.0,0.0,0.0,0.0,1.0,1.0,33.33,39.27,1.0,1.0,33.33,39.27,0.0,0.0,0.0,0.0,0.0,0.0,0.0,0.0,0.0,0.0,0.0,0.0,0.0,0.0,0.0,0.0,0.0,0.0,0.0,0.0,0.0,0.0,0.0,0.0,0.0,0.0,0.0,0.0,1.0,1.0,33.33,39.27,0.0,0.0,0.0,0.0,0.0,0.0,0.0,0.0,1.0,1.0,33.33,39.27,0.0,0.0,0.0,0.0,100.0,66.67,33.33,78.55,1.0,1.0,33.33,0.92,0.92,1.5,1.5,,1.0,,0.0,1.0,,,,0.0,0.0,0.33,0.0,0.0
4,高雄全家海神,110|119|121|122,胡瓏貿/余純安/吳曉謹/陳懷安,4,35,39.0,477.11,7.95,07:57,119.28,1.99,01:59,14.0,3.5,35.9,63.38,22.0,5.5,56.41,99.6,13.0,3.25,33.33,58.85,5.0,1.25,12.82,22.64,6.0,1.5,15.38,27.16,4.0,1.0,10.26,18.11,7.0,1.75,17.95,31.69,1.0,0.25,2.56,4.53,4.0,1.0,10.26,18.11,3.0,0.75,7.69,13.58,1.0,0.25,2.56,4.53,7.0,1.75,17.95,31.69,1.0,0.25,2.56,4.53,6.0,1.5,15.38,27.16,4.0,1.0,10.26,18.11,3.0,0.75,7.69,13.58,4.0,1.0,10.26,18.11,0.0,0.0,0.0,0.0,3.0,0.75,7.69,13.58,7.0,1.75,17.95,31.69,35.9,56.41,-20.51,117.71,-8.0,-2.0,-20.51,7.95,1.99,0.42,0.47,0.67,0.14,0.75,0.21,0.6,0.14,0.88,0.53,10.26,0.0,0.08,17.95,0.31
4,高雄全家海神,110|119|121|10893,胡瓏貿/余純安/吳曉謹/崔維斯,1,10,12.0,132.0,2.2,02:12,132.0,2.2,02:12,3.0,3.0,25.0,49.09,6.0,6.0,50.0,98.18,5.0,5.0,41.67,81.82,1.0,1.0,8.33,16.36,1.0,1.0,8.33,16.36,1.0,1.0,8.33,16.36,4.0,4.0,33.33,65.45,0.0,0.0,0.0,0.0,2.0,2.0,16.67,32.73,1.0,1.0,8.33,16.36,1.0,1.0,8.33,16.36,3.0,3.0,25.0,49.09,0.0,0.0,0.0,0.0,1.0,1.0,8.33,16.36,0.0,0.0,0.0,0.0,0.0,0.0,0.0,0.0,0.0,0.0,0.0,0.0,0.0,0.0,0.0,0.0,2.0,2.0,16.67,32.73,1.0,1.0,8.33,16.36,25.0,50.0,-25.0,130.91,-3.0,-3.0,-25.0,2.2,2.2,0.2,0.26,1.0,0.0,0.5,0.0,0.0,0.5,1.0,0.8,0.0,0.0,0.17,8.33,0.4
4,高雄全家海神,110|119|122|10893,胡瓏貿/余純安/陳懷安/崔維斯,3,37,44.0,533.13,8.89,08:53,177.71,2.96,02:58,14.0,4.67,31.82,56.72,23.0,7.67,52.27,93.19,14.0,4.67,31.82,56.72,4.0,1.33,9.09,16.21,8.0,2.67,18.18,32.41,4.0,1.33,9.09,16.21,6.0,2.0,13.64,24.31,0.0,0.0,0.0,0.0,11.0,3.67,25.0,44.57,6.0,2.0,13.64,24.31,1.0,0.33,2.27,4.05,10.0,3.33,22.73,40.52,1.0,0.33,2.27,4.05,7.0,2.33,15.91,28.36,2.0,0.67,4.55,8.1,1.0,0.33,2.27,4.05,0.0,0.0,0.0,0.0,0.0,0.0,0.0,0.0,6.0,2.0,13.64,24.31,6.0,2.0,13.64,24.31,31.82,52.27,-20.45,118.84,-9.0,-3.0,-20.45,8.89,2.96,0.29,0.37,0.5,0.0,0.55,0.1,0.25,0.12,0.91,0.58,0.0,0.0,0.14,13.64,0.79
4,高雄全家海神,110|118|121|122,胡瓏貿/蘇文儒/吳曉謹/陳懷安,2,14,15.0,196.94,3.28,03:17,98.47,1.64,01:38,5.0,2.5,33.33,54.84,9.0,4.5,60.0,98.71,4.0,2.0,26.67,43.87,1.0,0.5,6.67,10.97,1.0,0.5,6.67,10.97,0.0,0.0,0.0,0.0,3.0,1.5,20.0,32.9,1.0,0.5,6.67,10.97,2.0,1.0,13.33,21.94,2.0,1.0,13.33,21.94,0.0,0.0,0.0,0.0,3.0,1.5,20.0,32.9,1.0,0.5,6.67,10.97,1.0,0.5,6.67,10.97,3.0,1.5,20.0,32.9,1.0,0.5,6.67,10.97,0.0,0.0,0.0,0.0,0.0,0.0,0.0,0.0,1.0,0.5,6.67,10.97,3.0,1.5,20.0,32.9,33.33,60.0,-26.67,109.68,-4.0,-2.0,-26.67,3.28,1.64,0.38,0.51,0.0,0.33,1.0,0.38,1.0,0.0,0.75,0.6,0.0,0.0,0.07,20.0,0.5
4,高雄全家海神,110|118|122|10893,胡瓏貿/蘇文儒/陳懷安/崔維斯,3,16,18.0,273.94,4.57,04:34,91.31,1.52,01:31,8.0,2.67,44.44,63.08,7.0,2.33,38.89,55.2,6.0,2.0,33.33,47.31,2.0,0.67,11.11,15.77,1.0,0.33,5.56,7.89,0.0,0.0,0.0,0.0,5.0,1.67,27.78,39.43,2.0,0.67,11.11,15.77,2.0,0.67,11.11,15.77,2.0,0.67,11.11,15.77,1.0,0.33,5.56,7.89,3.0,1.0,16.67,23.66,0.0,0.0,0.0,0.0,4.0,1.33,22.22,31.54,3.0,1.0,16.67,23.66,2.0,0.67,11.11,15.77,1.0,0.33,5.56,7.89,1.0,0.33,5.56,7.89,0.0,0.0,0.0,0.0,3.0,1.0,16.67,23.66,44.44,38.89,5.56,94.62,1.0,0.33,5.56,4.57,1.52,0.5,0.58,0.0,0.4,1.0,0.3,1.0,0.2,1.0,0.5,5.56,5.56,0.0,16.67,0.33
4,高雄全家海神,45|118|121|10894,施晉堯/蘇文儒/吳曉謹/凱帝,2,79,94.0,1308.32,21.81,21:48,654.16,10.9,10:54,48.0,24.0,51.06,79.25,49.0,24.5,52.13,80.9,32.0,16.0,34.04,52.83,15.0,7.5,15.96,24.76,18.0,9.0,19.15,29.72,9.0,4.5,9.57,14.86,14.0,7.0,14.89,23.11,6.0,3.0,6.38,9.91,14.0,7.0,14.89,23.11,12.0,6.0,12.77,19.81,5.0,2.5,5.32,8.25,13.0,6.5,13.83,21.46,7.0,3.5,7.45,11.56,14.0,7.0,14.89,23.11,5.0,2.5,5.32,8.25,12.0,6.0,12.77,19.81,3.0,1.5,3.19,4.95,0.0,0.0,0.0,0.0,11.0,5.5,11.7,18.16,7.0,3.5,7.45,11.56,51.06,52.13,-1.06,103.46,-1.0,-0.5,-1.06,21.81,10.9,0.56,0.63,0.5,0.43,0.86,0.12,0.8,0.26,0.65,0.46,3.19,0.0,0.12,7.45,0.44
4,福爾摩沙夢想家,86|99|103|10889,林俊吉/盧冠良/忻沃克/恩尼斯,3,29,33.0,391.15,6.52,06:31,130.38,2.17,02:10,14.0,4.67,42.42,77.31,18.0,6.0,54.55,99.4,9.0,3.0,27.27,49.7,4.0,1.33,12.12,22.09,6.0,2.0,18.18,33.13,3.0,1.0,9.09,16.57,3.0,1.0,9.09,16.57,1.0,0.33,3.03,5.52,7.0,2.33,21.21,38.66,5.0,1.67,15.15,27.61,1.0,0.33,3.03,5.52,4.0,1.33,12.12,22.09,1.0,0.33,3.03,5.52,4.0,1.33,12.12,22.09,4.0,1.33,12.12,22.09,3.0,1.0,9.09,16.57,3.0,1.0,9.09,16.57,0.0,0.0,0.0,0.0,4.0,1.33,12.12,22.09,5.0,1.67,15.15,27.61,42.42,54.55,-12.12,121.49,-4.0,-1.33,-12.12,6.52,2.17,0.5,0.58,0.5,0.33,0.71,0.25,0.75,0.2,0.8,0.5,9.09,0.0,0.12,15.15,0.78
4,福爾摩沙夢想家,86|99|107|10889,林俊吉/盧冠良/霍爾曼/恩尼斯,4,23,24.0,326.57,5.44,05:27,81.64,1.36,01:22,9.0,2.25,37.5,59.53,8.0,2.0,33.33,52.91,8.0,2.0,33.33,52.91,3.0,0.75,12.5,19.84,6.0,1.5,25.0,39.68,2.0,0.5,8.33,13.23,2.0,0.5,8.33,13.23,1.0,0.25,4.17,6.61,2.0,0.5,8.33,13.23,2.0,0.5,8.33,13.23,1.0,0.25,4.17,6.61,3.0,0.75,12.5,19.84,0.0,0.0,0.0,0.0,5.0,1.25,20.83,33.07,3.0,0.75,12.5,19.84,2.0,0.5,8.33,13.23,1.0,0.25,4.17,6.61,0.0,0.0,0.0,0.0,1.0,0.25,4.17,6.61,5.0,1.25,20.83,33.07,37.5,33.33,4.17,105.83,1.0,0.25,4.17,5.44,1.36,0.44,0.51,0.33,0.5,1.0,0.25,0.67,0.17,1.0,0.44,4.17,0.0,0.04,20.83,0.25
4,高雄全家海神,45|109|118|10893,施晉堯/于煥亞/蘇文儒/崔維斯,2,20,25.0,303.68,5.06,05:04,151.84,2.53,02:32,12.0,6.0,48.0,85.35,8.0,4.0,32.0,56.9,4.0,2.0,16.0,28.45,1.0,0.5,4.0,7.11,1.0,0.5,4.0,7.11,0.0,0.0,0.0,0.0,3.0,1.5,12.0,21.34,1.0,0.5,4.0,7.11,10.0,5.0,40.0,71.13,9.0,4.5,36.0,64.01,0.0,0.0,0.0,0.0,3.0,1.5,12.0,21.34,3.0,1.5,12.0,21.34,2.0,1.0,8.0,14.23,1.0,0.5,4.0,7.11,0.0,0.0,0.0,0.0,1.0,0.5,4.0,7.11,0.0,0.0,0.0,0.0,7.0,3.5,28.0,49.79,4.0,2.0,16.0,28.45,48.0,32.0,16.0,118.54,4.0,2.0,16.0,5.06,2.53,0.38,0.71,0.0,0.33,0.9,0.11,0.0,0.0,0.5,0.38,4.0,0.0,0.28,16.0,2.5
4,高雄全家海神,109|118|10893|10894,于煥亞/蘇文儒/崔維斯/凱帝,3,59,73.0,956.01,15.93,15:56,318.67,5.31,05:19,33.0,11.0,45.21,74.56,18.0,6.0,24.66,40.67,18.0,6.0,24.66,40.67,7.0,2.33,9.59,15.82,6.0,2.0,8.22,13.56,3.0,1.0,4.11,6.78,12.0,4.0,16.44,27.11,4.0,1.33,5.48,9.04,16.0,5.33,21.92,36.15,15.0,5.0,20.55,33.89,3.0,1.0,4.11,6.78,8.0,2.67,10.96,18.08,6.0,2.0,8.22,13.56,12.0,4.0,16.44,27.11,9.0,3.0,12.33,20.33,3.0,1.0,4.11,6.78,6.0,2.0,8.22,13.56,0.0,0.0,0.0,0.0,13.0,4.33,17.81,29.37,7.0,2.33,9.59,15.82,45.21,24.66,20.55,109.96,15.0,5.0,20.55,15.93,5.31,0.5,0.66,0.5,0.33,0.94,0.26,0.43,0.2,0.57,0.38,8.22,0.0,0.18,9.59,0.89
4,福爾摩沙夢想家,89|99|101|10889,蔣淯安/盧冠良/周柏臣/恩尼斯,2,32,38.0,544.63,9.08,09:05,272.32,4.54,04:32,15.0,7.5,39.47,59.49,18.0,9.0,47.37,71.39,11.0,5.5,28.95,43.63,4.0,2.0,10.53,15.86,8.0,4.0,21.05,31.73,4.0,2.0,10.53,15.86,3.0,1.5,7.89,11.9,0.0,0.0,0.0,0.0,7.0,3.5,18.42,27.76,7.0,3.5,18.42,27.76,3.0,1.5,7.89,11.9,4.0,2.0,10.53,15.86,2.0,1.0,5.26,7.93,6.0,3.0,15.79,23.8,5.0,2.5,13.16,19.83,1.0,0.5,2.63,3.97,3.0,1.5,7.89,11.9,1.0,0.5,2.63,3.97,5.0,2.5,13.16,19.83,6.0,3.0,15.79,23.8,39.47,47.37,-7.89,100.47,-3.0,-1.5,-7.89,9.08,4.54,0.36,0.53,0.5,0.0,1.0,0.26,0.25,0.33,0.67,0.47,7.89,2.63,0.13,15.79,0.64
4,福爾摩沙夢想家,89|101|107|10889,蔣淯安/周柏臣/霍爾曼/恩尼斯,4,58,72.0,1024.38,17.07,17:04,256.09,4.27,04:16,30.0,7.5,41.67,63.26,31.0,7.75,43.06,65.37,25.0,6.25,34.72,52.71,9.0,2.25,12.5,18.98,13.0,3.25,18.06,27.41,5.0,1.25,6.94,10.54,12.0,3.0,16.67,25.3,4.0,1.0,5.56,8.43,9.0,2.25,12.5,18.98,8.0,2.0,11.11,16.87,6.0,1.5,8.33,12.65,10.0,2.5,13.89,21.09,3.0,0.75,4.17,6.33,9.0,2.25,12.5,18.98,7.0,1.75,9.72,14.76,5.0,1.25,6.94,10.54,4.0,1.0,5.56,8.43,2.0,0.5,2.78,4.22,10.0,2.5,13.89,21.09,7.0,1.75,9.72,14.76,41.67,43.06,-1.39,101.21,-1.0,-0.25,-1.39,17.07,4.27,0.44,0.52,0.38,0.33,0.89,0.19,0.56,0.4,0.77,0.57,5.56,2.78,0.14,9.72,0.36
4,福爾摩沙夢想家,99|101|107|10889,盧冠良/周柏臣/霍爾曼/恩尼斯,1,8,10.0,155.9,2.6,02:36,155.9,2.6,02:36,6.0,6.0,60.0,83.13,5.0,5.0,50.0,69.27,2.0,2.0,20.0,27.71,1.0,1.0,10.0,13.85,1.0,1.0,10.0,13.85,1.0,1.0,10.0,13.85,1.0,1.0,10.0,13.85,0.0,0.0,0.0,0.0,4.0,4.0,40.0,55.42,4.0,4.0,40.0,55.42,1.0,1.0,10.0,13.85,0.0,0.0,0.0,0.0,0.0,0.0,0.0,0.0,1.0,1.0,10.0,13.85,2.0,2.0,20.0,27.71,0.0,0.0,0.0,0.0,1.0,1.0,10.0,13.85,0.0,0.0,0.0,0.0,2.0,2.0,20.0,27.71,2.0,2.0,20.0,27.71,60.0,50.0,10.0,92.36,1.0,1.0,10.0,2.6,2.6,0.5,0.8,1.0,0.0,1.0,0.35,0.0,0.5,,0.5,10.0,0.0,0.2,20.0,2.0
4,福爾摩沙夢想家,79|89|101|10889,張宗憲/蔣淯安/周柏臣/恩尼斯,1,4,6.0,68.78,1.15,01:09,68.78,1.15,01:09,0.0,0.0,0.0,0.0,2.0,2.0,33.33,62.81,1.0,1.0,16.67,31.41,0.0,0.0,0.0,0.0,1.0,1.0,16.67,31.41,0.0,0.0,0.0,0.0,0.0,0.0,0.0,0.0,0.0,0.0,0.0,0.0,0.0,0.0,0.0,0.0,0.0,0.0,0.0,0.0,1.0,1.0,16.67,31.41,0.0,0.0,0.0,0.0,0.0,0.0,0.0,0.0,1.0,1.0,16.67,31.41,1.0,1.0,16.67,31.41,0.0,0.0,0.0,0.0,0.0,0.0,0.0,0.0,1.0,1.0,16.67,31.41,1.0,1.0,16.67,31.41,2.0,2.0,33.33,62.81,0.0,33.33,-33.33,125.62,-2.0,-2.0,-33.33,1.15,1.15,0.0,0.0,0.0,,,0.5,,0.5,,0.5,0.0,16.67,0.17,33.33,0.0
4,福爾摩沙夢想家,86|89|103|107,林俊吉/蔣淯安/忻沃克/霍爾曼,8,96,113.0,1612.11,26.87,26:52,201.51,3.36,03:22,78.0,9.75,69.03,104.51,44.0,5.5,38.94,58.95,52.0,6.5,46.02,69.67,28.0,3.5,24.78,37.52,23.0,2.88,20.35,30.82,14.0,1.75,12.39,18.76,29.0,3.62,25.66,38.86,14.0,1.75,12.39,18.76,9.0,1.12,7.96,12.06,6.0,0.75,5.31,8.04,8.0,1.0,7.08,10.72,17.0,2.12,15.04,22.78,3.0,0.38,2.65,4.02,20.0,2.5,17.7,26.8,5.0,0.62,4.42,6.7,19.0,2.38,16.81,25.46,3.0,0.38,2.65,4.02,0.0,0.0,0.0,0.0,8.0,1.0,7.08,10.72,22.0,2.75,19.47,29.48,69.03,38.94,30.09,100.94,34.0,4.25,30.09,26.87,3.36,0.67,0.7,0.61,0.48,0.67,0.08,0.68,0.29,0.85,0.52,2.65,0.0,0.07,19.47,0.17
4,福爾摩沙夢想家,86|89|103|10889,林俊吉/蔣淯安/忻沃克/恩尼斯,1,4,4.0,24.0,0.4,00:24,24.0,0.4,00:24,2.0,2.0,50.0,180.0,4.0,4.0,100.0,360.0,2.0,2.0,50.0,180.0,1.0,1.0,25.0,90.0,1.0,1.0,25.0,90.0,1.0,1.0,25.0,90.0,1.0,1.0,25.0,90.0,0.0,0.0,0.0,0.0,0.0,0.0,0.0,0.0,0.0,0.0,0.0,0.0,0.0,0.0,0.0,0.0,1.0,1.0,25.0,90.0,0.0,0.0,0.0,0.0,0.0,0.0,0.0,0.0,0.0,0.0,0.0,0.0,0.0,0.0,0.0,0.0,0.0,0.0,0.0,0.0,0.0,0.0,0.0,0.0,0.0,0.0,0.0,0.0,4.0,4.0,100.0,360.0,50.0,100.0,-50.0,240.0,-2.0,-2.0,-50.0,0.4,0.4,0.5,0.5,1.0,0.0,,0.0,0.0,,1.0,1.0,0.0,0.0,0.0,100.0,0.0
4,福爾摩沙夢想家,86|89|107|10889,林俊吉/蔣淯安/霍爾曼/恩尼斯,1,4,4.0,24.0,0.4,00:24,24.0,0.4,00:24,2.0,2.0,50.0,180.0,4.0,4.0,100.0,360.0,2.0,2.0,50.0,180.0,1.0,1.0,25.0,90.0,1.0,1.0,25.0,90.0,1.0,1.0,25.0,90.0,1.0,1.0,25.0,90.0,0.0,0.0,0.0,0.0,0.0,0.0,0.0,0.0,0.0,0.0,0.0,0.0,0.0,0.0,0.0,0.0,1.0,1.0,25.0,90.0,0.0,0.0,0.0,0.0,0.0,0.0,0.0,0.0,0.0,0.0,0.0,0.0,0.0,0.0,0.0,0.0,0.0,0.0,0.0,0.0,0.0,0.0,0.0,0.0,0.0,0.0,0.0,0.0,4.0,4.0,100.0,360.0,50.0,100.0,-50.0,240.0,-2.0,-2.0,-50.0,0.4,0.4,0.5,0.5,1.0,0.0,,0.0,0.0,,1.0,1.0,0.0,0.0,0.0,100.0,0.0
4,新北中信特攻,39|40|10877|10880,魏嘉豪/謝亞軒/阿巴西/內馬,18,386,457.0,6123.84,102.06,102:04,340.21,5.67,05:40,200.0,11.11,43.76,70.54,193.0,10.72,42.23,68.07,182.0,10.11,39.82,64.19,79.0,4.39,17.29,27.86,119.0,6.61,26.04,41.97,60.0,3.33,13.13,21.16,63.0,3.5,13.79,22.22,19.0,1.06,4.16,6.7,30.0,1.67,6.56,10.58,23.0,1.28,5.03,8.11,38.0,2.11,8.32,13.4,70.0,3.89,15.32,24.69,24.0,1.33,5.25,8.47,64.0,3.56,14.0,22.57,32.0,1.78,7.0,11.29,53.0,2.94,11.6,18.69,19.0,1.06,4.16,6.7,8.0,0.44,1.75,2.82,40.0,2.22,8.75,14.11,38.0,2.11,8.32,13.4,43.76,42.23,1.53,107.46,7.0,0.39,1.53,102.06,5.67,0.49,0.51,0.5,0.3,0.77,0.14,0.67,0.37,0.74,0.55,4.16,1.75,0.09,8.32,0.16
4,新北中信特攻,39|40|10877|10881,魏嘉豪/謝亞軒/阿巴西/飛克,15,507,589.0,8035.03,133.92,133:55,535.67,8.93,08:56,259.0,17.27,43.97,69.63,253.0,16.87,42.95,68.01,236.0,15.73,40.07,63.44,105.0,7.0,17.83,28.23,147.0,9.8,24.96,39.52,81.0,5.4,13.75,21.77,89.0,5.93,15.11,23.93,24.0,1.6,4.07,6.45,38.0,2.53,6.45,10.22,25.0,1.67,4.24,6.72,34.0,2.27,5.77,9.14,105.0,7.0,17.83,28.23,35.0,2.33,5.94,9.41,93.0,6.2,15.79,25.0,34.0,2.27,5.77,9.14,75.0,5.0,12.73,20.16,23.0,1.53,3.9,6.18,8.0,0.53,1.36,2.15,52.0,3.47,8.83,13.98,57.0,3.8,9.68,15.32,43.97,42.95,1.02,105.56,6.0,0.4,1.02,133.92,8.93,0.5,0.51,0.55,0.27,0.66,0.12,0.71,0.27,0.75,0.52,3.9,1.36,0.09,9.68,0.16
4,新北中信特攻,39|40|10880|10881,魏嘉豪/謝亞軒/內馬/飛克,13,239,278.0,3712.43,61.87,61:52,285.57,4.76,04:46,124.0,9.54,44.6,72.15,116.0,8.92,41.73,67.49,99.0,7.62,35.61,57.6,48.0,3.69,17.27,27.93,62.0,4.77,22.3,36.07,35.0,2.69,12.59,20.36,37.0,2.85,13.31,21.53,13.0,1.0,4.68,7.56,21.0,1.62,7.55,12.22,15.0,1.15,5.4,8.73,16.0,1.23,5.76,9.31,39.0,3.0,14.03,22.69,17.0,1.31,6.12,9.89,39.0,3.0,14.03,22.69,25.0,1.92,8.99,14.55,38.0,2.92,13.67,22.11,13.0,1.0,4.68,7.56,4.0,0.31,1.44,2.33,28.0,2.15,10.07,16.29,31.0,2.38,11.15,18.04,44.6,41.73,2.88,107.83,8.0,0.62,2.88,61.87,4.76,0.55,0.57,0.56,0.35,0.71,0.19,0.79,0.29,0.7,0.5,4.68,1.44,0.1,11.15,0.21
4,新北中信特攻,39|10877|10880|10881,魏嘉豪/阿巴西/內馬/飛克,14,291,346.0,4595.33,76.59,76:35,328.24,5.47,05:28,165.0,11.79,47.69,77.56,130.0,9.29,37.57,61.11,132.0,9.43,38.15,62.05,63.0,4.5,18.21,29.61,80.0,5.71,23.12,37.6,45.0,3.21,13.01,21.15,52.0,3.71,15.03,24.44,18.0,1.29,5.2,8.46,27.0,1.93,7.8,12.69,21.0,1.5,6.07,9.87,25.0,1.79,7.23,11.75,48.0,3.43,13.87,22.56,23.0,1.64,6.65,10.81,52.0,3.71,15.03,24.44,24.0,1.71,6.94,11.28,49.0,3.5,14.16,23.03,16.0,1.14,4.62,7.52,5.0,0.36,1.45,2.35,33.0,2.36,9.54,15.51,31.0,2.21,8.96,14.57,47.69,37.57,10.12,108.42,35.0,2.5,10.12,76.59,5.47,0.55,0.57,0.56,0.35,0.78,0.14,0.78,0.32,0.68,0.49,4.62,1.45,0.1,8.96,0.2
4,新北中信特攻,40|10877|10880|10881,謝亞軒/阿巴西/內馬/飛克,17,691,825.0,10996.13,183.27,183:16,646.83,10.78,10:47,419.0,24.65,50.79,82.31,349.0,20.53,42.3,68.56,312.0,18.35,37.82,61.29,163.0,9.59,19.76,32.02,181.0,10.65,21.94,35.55,112.0,6.59,13.58,22.0,131.0,7.71,15.88,25.73,51.0,3.0,6.18,10.02,64.0,3.76,7.76,12.57,44.0,2.59,5.33,8.64,52.0,3.06,6.3,10.21,103.0,6.06,12.48,20.23,57.0,3.35,6.91,11.2,119.0,7.0,14.42,23.38,59.0,3.47,7.15,11.59,112.0,6.59,13.58,22.0,33.0,1.94,4.0,6.48,10.0,0.59,1.21,1.96,68.0,4.0,8.24,13.36,79.0,4.65,9.58,15.52,50.79,42.3,8.48,108.04,70.0,4.12,8.48,183.27,10.78,0.6,0.62,0.62,0.39,0.69,0.15,0.69,0.3,0.64,0.47,4.0,1.21,0.08,9.58,0.21
4,新北國王,21|22|26|34,李愷諺/簡祐哲/洪志善/沃許本,2,25,36.0,340.84,5.68,05:41,170.42,2.84,02:50,7.0,3.5,19.44,44.36,17.0,8.5,47.22,107.73,5.0,2.5,13.89,31.69,1.0,0.5,2.78,6.34,2.0,1.0,5.56,12.67,0.0,0.0,0.0,0.0,3.0,1.5,8.33,19.01,1.0,0.5,2.78,6.34,7.0,3.5,19.44,44.36,6.0,3.0,16.67,38.02,1.0,0.5,2.78,6.34,5.0,2.5,13.89,31.69,6.0,3.0,16.67,38.02,5.0,2.5,13.89,31.69,6.0,3.0,16.67,38.02,2.0,1.0,5.56,12.67,3.0,1.5,8.33,19.01,1.0,0.5,2.78,6.34,4.0,2.0,11.11,25.35,6.0,3.0,16.67,38.02,19.44,47.22,-27.78,152.1,-10.0,-5.0,-27.78,5.68,2.84,0.3,0.43,0.0,0.33,0.86,0.43,2.0,0.17,0.45,0.35,8.33,2.78,0.11,16.67,1.4
4,新北國王,21|22|26|10875,李愷諺/簡祐哲/洪志善/傑登,2,27,39.0,414.95,6.92,06:55,207.47,3.46,03:27,6.0,3.0,15.38,31.23,20.0,10.0,51.28,104.11,8.0,4.0,20.51,41.64,1.0,0.5,2.56,5.21,1.0,0.5,2.56,5.21,0.0,0.0,0.0,0.0,7.0,3.5,17.95,36.44,1.0,0.5,2.56,5.21,6.0,3.0,15.38,31.23,5.0,2.5,12.82,26.03,1.0,0.5,2.56,5.21,6.0,3.0,15.38,31.23,7.0,3.5,17.95,36.44,6.0,3.0,15.38,31.23,6.0,3.0,15.38,31.23,2.0,1.0,5.13,10.41,3.0,1.5,7.69,15.62,1.0,0.5,2.56,5.21,2.0,1.0,5.13,10.41,4.0,2.0,10.26,20.82,15.38,51.28,-35.9,135.34,-14.0,-7.0,-35.9,6.92,3.46,0.19,0.28,0.0,0.14,0.83,0.36,2.0,0.14,0.46,0.35,7.69,2.56,0.05,10.26,0.75
4,新北國王,21|26|34|10875,李愷諺/洪志善/沃許本/傑登,3,36,51.0,634.01,10.57,10:34,211.34,3.52,03:31,12.0,4.0,23.53,40.88,20.0,6.67,39.22,68.14,12.0,4.0,23.53,40.88,2.0,0.67,3.92,6.81,6.0,2.0,11.76,20.44,1.0,0.33,1.96,3.41,6.0,2.0,11.76,20.44,1.0,0.33,1.96,3.41,12.0,4.0,23.53,40.88,9.0,3.0,17.65,30.66,3.0,1.0,5.88,10.22,10.0,3.33,19.61,34.07,8.0,2.67,15.69,27.26,7.0,2.33,13.73,23.85,7.0,2.33,13.73,23.85,4.0,1.33,7.84,13.63,3.0,1.0,5.88,10.22,1.0,0.33,1.96,3.41,4.0,1.33,7.84,13.63,4.0,1.33,7.84,13.63,23.53,39.22,-15.69,115.83,-8.0,-2.67,-15.69,10.57,3.52,0.21,0.35,0.17,0.17,0.75,0.29,2.0,0.3,0.56,0.46,5.88,1.96,0.08,7.84,1.0
4,新北國王,22|26|34|10875,簡祐哲/洪志善/沃許本/傑登,2,32,42.0,447.81,7.46,07:28,223.9,3.73,03:44,9.0,4.5,21.43,43.41,15.0,7.5,35.71,72.35,9.0,4.5,21.43,43.41,2.0,1.0,4.76,9.65,4.0,2.0,9.52,19.29,1.0,0.5,2.38,4.82,5.0,2.5,11.9,24.12,1.0,0.5,2.38,4.82,7.0,3.5,16.67,33.76,6.0,3.0,14.29,28.94,2.0,1.0,4.76,9.65,7.0,3.5,16.67,33.76,5.0,2.5,11.9,24.12,9.0,4.5,21.43,43.41,7.0,3.5,16.67,33.76,2.0,1.0,4.76,9.65,4.0,2.0,9.52,19.29,1.0,0.5,2.38,4.82,5.0,2.5,11.9,24.12,4.0,2.0,9.52,19.29,21.43,35.71,-14.29,135.06,-6.0,-3.0,-14.29,7.46,3.73,0.28,0.37,0.25,0.2,0.86,0.37,1.0,0.18,0.58,0.39,9.52,2.38,0.12,9.52,0.78
4,新北國王,22|26|34|10872,簡祐哲/洪志善/沃許本/林彥廷,2,18,20.0,261.07,4.35,04:21,130.54,2.18,02:11,5.0,2.5,25.0,41.37,11.0,5.5,55.0,91.01,6.0,3.0,30.0,49.64,2.0,1.0,10.0,16.55,4.0,2.0,20.0,33.09,2.0,1.0,10.0,16.55,2.0,1.0,10.0,16.55,0.0,0.0,0.0,0.0,1.0,0.5,5.0,8.27,1.0,0.5,5.0,8.27,1.0,0.5,5.0,8.27,3.0,1.5,15.0,24.82,1.0,0.5,5.0,8.27,4.0,2.0,20.0,33.09,2.0,1.0,10.0,16.55,0.0,0.0,0.0,0.0,2.0,1.0,10.0,16.55,0.0,0.0,0.0,0.0,3.0,1.5,15.0,24.82,4.0,2.0,20.0,33.09,25.0,55.0,-30.0,110.31,-6.0,-3.0,-30.0,4.35,2.18,0.33,0.39,0.5,0.0,1.0,0.24,0.0,0.2,0.75,0.44,10.0,0.0,0.15,20.0,0.17
4,新北國王,22|26|10872|10875,簡祐哲/洪志善/林彥廷/傑登,2,34,39.0,545.69,9.09,09:06,272.85,4.55,04:33,15.0,7.5,38.46,59.37,15.0,7.5,38.46,59.37,16.0,8.0,41.03,63.33,7.0,3.5,17.95,27.71,12.0,6.0,30.77,47.5,7.0,3.5,17.95,27.71,4.0,2.0,10.26,15.83,0.0,0.0,0.0,0.0,3.0,1.5,7.69,11.87,2.0,1.0,5.13,7.92,4.0,2.0,10.26,15.83,6.0,3.0,15.38,23.75,0.0,0.0,0.0,0.0,9.0,4.5,23.08,35.62,3.0,1.5,7.69,11.87,1.0,0.5,2.56,3.96,3.0,1.5,7.69,11.87,0.0,0.0,0.0,0.0,5.0,2.5,12.82,19.79,8.0,4.0,20.51,31.67,38.46,38.46,0.0,102.92,0.0,0.0,0.0,9.09,4.55,0.44,0.43,0.58,0.0,0.67,0.15,0.14,0.31,1.0,0.53,7.69,0.0,0.13,20.51,0.19
4,新北國王,26|34|10872|10875,洪志善/沃許本/林彥廷/傑登,3,22,25.0,344.99,5.75,05:45,115.0,1.92,01:55,7.0,2.33,28.0,43.83,14.0,4.67,56.0,87.65,7.0,2.33,28.0,43.83,2.0,0.67,8.0,12.52,5.0,1.67,20.0,31.31,2.0,0.67,8.0,12.52,2.0,0.67,8.0,12.52,0.0,0.0,0.0,0.0,5.0,1.67,20.0,31.31,3.0,1.0,12.0,18.78,1.0,0.33,4.0,6.26,4.0,1.33,16.0,25.04,2.0,0.67,8.0,12.52,4.0,1.33,16.0,25.04,2.0,0.67,8.0,12.52,2.0,0.67,8.0,12.52,2.0,0.67,8.0,12.52,0.0,0.0,0.0,0.0,5.0,1.67,20.0,31.31,5.0,1.67,20.0,31.31,28.0,56.0,-28.0,104.35,-7.0,-2.33,-28.0,5.75,1.92,0.29,0.38,0.4,0.0,0.6,0.18,1.0,0.2,0.67,0.45,8.0,0.0,0.2,20.0,0.71
4,新北中信特攻,39|47|10877|10879,魏嘉豪/曾文鼎/阿巴西/簡廷兆,1,10,11.0,124.84,2.08,02:05,124.84,2.08,02:05,10.0,10.0,90.91,173.02,6.0,6.0,54.55,103.81,5.0,5.0,45.45,86.51,4.0,4.0,36.36,69.21,5.0,5.0,45.45,86.51,4.0,4.0,36.36,69.21,0.0,0.0,0.0,0.0,0.0,0.0,0.0,0.0,2.0,2.0,18.18,34.6,2.0,2.0,18.18,34.6,1.0,1.0,9.09,17.3,0.0,0.0,0.0,0.0,0.0,0.0,0.0,0.0,1.0,1.0,9.09,17.3,0.0,0.0,0.0,0.0,1.0,1.0,9.09,17.3,0.0,0.0,0.0,0.0,0.0,0.0,0.0,0.0,1.0,1.0,9.09,17.3,3.0,3.0,27.27,51.91,90.91,54.55,36.36,126.88,4.0,4.0,36.36,2.08,2.08,0.8,0.85,0.8,,1.0,0.0,0.25,0.5,,0.5,0.0,0.0,0.09,27.27,0.4
4,新北中信特攻,39|47|10877|10881,魏嘉豪/曾文鼎/阿巴西/飛克,5,52,58.0,777.38,12.96,12:57,155.48,2.59,02:35,29.0,5.8,50.0,80.58,30.0,6.0,51.72,83.36,24.0,4.8,41.38,66.69,12.0,2.4,20.69,33.34,13.0,2.6,22.41,36.12,9.0,1.8,15.52,25.01,11.0,2.2,18.97,30.56,3.0,0.6,5.17,8.34,4.0,0.8,6.9,11.11,2.0,0.4,3.45,5.56,3.0,0.6,5.17,8.34,10.0,2.0,17.24,27.79,2.0,0.4,3.45,5.56,8.0,1.6,13.79,22.23,2.0,0.4,3.45,5.56,7.0,1.4,12.07,19.45,1.0,0.2,1.72,2.78,0.0,0.0,0.0,0.0,4.0,0.8,6.9,11.11,9.0,1.8,15.52,25.01,50.0,51.72,-1.72,107.44,-1.0,-0.2,-1.72,12.96,2.59,0.56,0.56,0.69,0.27,0.5,0.07,0.58,0.27,0.83,0.57,1.72,0.0,0.07,15.52,0.17
4,新北中信特攻,39|47|10879|10881,魏嘉豪/曾文鼎/簡廷兆/飛克,6,51,58.0,874.94,14.58,14:35,145.82,2.43,02:26,26.0,4.33,44.83,64.19,25.0,4.17,43.1,61.72,22.0,3.67,37.93,54.31,9.0,1.5,15.52,22.22,14.0,2.33,24.14,34.56,6.0,1.0,10.34,14.81,8.0,1.33,13.79,19.75,3.0,0.5,5.17,7.41,8.0,1.33,13.79,19.75,5.0,0.83,8.62,12.34,4.0,0.67,6.9,9.87,11.0,1.83,18.97,27.16,2.0,0.33,3.45,4.94,11.0,1.83,18.97,27.16,4.0,0.67,6.9,9.87,7.0,1.17,12.07,17.28,2.0,0.33,3.45,4.94,1.0,0.17,1.72,2.47,5.0,0.83,8.62,12.34,9.0,1.5,15.52,22.22,44.83,43.1,1.72,95.46,1.0,0.17,1.72,14.58,2.43,0.48,0.51,0.43,0.38,0.62,0.14,0.78,0.27,0.85,0.54,3.45,1.72,0.09,15.52,0.36
4,新北中信特攻,39|10877|10879|10881,魏嘉豪/阿巴西/簡廷兆/飛克,8,151,176.0,2427.78,40.46,40:28,303.47,5.06,05:03,69.0,8.62,39.2,61.39,65.0,8.12,36.93,57.83,72.0,9.0,40.91,64.06,26.0,3.25,14.77,23.13,42.0,5.25,23.86,37.37,18.0,2.25,10.23,16.01,30.0,3.75,17.05,26.69,8.0,1.0,4.55,7.12,12.0,1.5,6.82,10.68,8.0,1.0,4.55,7.12,13.0,1.62,7.39,11.57,36.0,4.5,20.45,32.03,10.0,1.25,5.68,8.9,34.0,4.25,19.32,30.25,9.0,1.12,5.11,8.01,17.0,2.12,9.66,15.12,3.0,0.38,1.7,2.67,4.0,0.5,2.27,3.56,18.0,2.25,10.23,16.01,16.0,2.0,9.09,14.24,39.2,36.93,2.27,104.39,4.0,0.5,2.27,40.46,5.06,0.42,0.45,0.43,0.27,0.67,0.1,0.65,0.28,0.78,0.53,1.7,2.27,0.1,9.09,0.17
4,新北中信特攻,47|10877|10879|10881,曾文鼎/阿巴西/簡廷兆/飛克,6,91,110.0,1459.25,24.32,24:19,243.21,4.05,04:03,62.0,10.33,56.36,91.77,58.0,9.67,52.73,85.85,44.0,7.33,40.0,65.13,24.0,4.0,21.82,35.53,25.0,4.17,22.73,37.01,15.0,2.5,13.64,22.2,19.0,3.17,17.27,28.12,9.0,1.5,8.18,13.32,7.0,1.17,6.36,10.36,5.0,0.83,4.55,7.4,6.0,1.0,5.45,8.88,14.0,2.33,12.73,20.72,8.0,1.33,7.27,11.84,16.0,2.67,14.55,23.68,6.0,1.0,5.45,8.88,16.0,2.67,14.55,23.68,5.0,0.83,4.55,7.4,1.0,0.17,0.91,1.48,7.0,1.17,6.36,10.36,17.0,2.83,15.45,25.16,56.36,52.73,3.64,108.55,4.0,0.67,3.64,24.32,4.05,0.65,0.66,0.6,0.47,0.71,0.11,0.67,0.27,0.64,0.45,4.55,0.91,0.06,15.45,0.16
4,新北國王,22|26|34|10876,簡祐哲/洪志善/沃許本/尚迪,1,1,1.0,0.2,0.0,00:00,0.2,0.0,00:00,0.0,0.0,0.0,0.0,2.0,2.0,200.0,21708.54,0.0,0.0,0.0,0.0,0.0,0.0,0.0,0.0,0.0,0.0,0.0,0.0,0.0,0.0,0.0,0.0,0.0,0.0,0.0,0.0,0.0,0.0,0.0,0.0,0.0,0.0,0.0,0.0,0.0,0.0,0.0,0.0,0.0,0.0,0.0,0.0,0.0,0.0,0.0,0.0,0.0,0.0,0.0,0.0,0.0,0.0,0.0,0.0,0.0,0.0,0.0,0.0,0.0,0.0,0.0,0.0,0.0,0.0,0.0,0.0,0.0,0.0,0.0,0.0,0.0,0.0,0.0,0.0,2.0,2.0,200.0,21708.54,0.0,200.0,-200.0,7236.18,-2.0,-2.0,-200.0,0.0,0.0,,,,,,,,,,,0.0,0.0,0.0,200.0,
4,新北國王,22|26|10872|10876,簡祐哲/洪志善/林彥廷/尚迪,1,1,1.0,0.2,0.0,00:00,0.2,0.0,00:00,0.0,0.0,0.0,0.0,2.0,2.0,200.0,21708.54,0.0,0.0,0.0,0.0,0.0,0.0,0.0,0.0,0.0,0.0,0.0,0.0,0.0,0.0,0.0,0.0,0.0,0.0,0.0,0.0,0.0,0.0,0.0,0.0,0.0,0.0,0.0,0.0,0.0,0.0,0.0,0.0,0.0,0.0,0.0,0.0,0.0,0.0,0.0,0.0,0.0,0.0,0.0,0.0,0.0,0.0,0.0,0.0,0.0,0.0,0.0,0.0,0.0,0.0,0.0,0.0,0.0,0.0,0.0,0.0,0.0,0.0,0.0,0.0,0.0,0.0,0.0,0.0,2.0,2.0,200.0,21708.54,0.0,200.0,-200.0,7236.18,-2.0,-2.0,-200.0,0.0,0.0,,,,,,,,,,,0.0,0.0,0.0,200.0,
4,新北國王,26|34|10872|10876,洪志善/沃許本/林彥廷/尚迪,1,1,1.0,0.2,0.0,00:00,0.2,0.0,00:00,0.0,0.0,0.0,0.0,2.0,2.0,200.0,21708.54,0.0,0.0,0.0,0.0,0.0,0.0,0.0,0.0,0.0,0.0,0.0,0.0,0.0,0.0,0.0,0.0,0.0,0.0,0.0,0.0,0.0,0.0,0.0,0.0,0.0,0.0,0.0,0.0,0.0,0.0,0.0,0.0,0.0,0.0,0.0,0.0,0.0,0.0,0.0,0.0,0.0,0.0,0.0,0.0,0.0,0.0,0.0,0.0,0.0,0.0,0.0,0.0,0.0,0.0,0.0,0.0,0.0,0.0,0.0,0.0,0.0,0.0,0.0,0.0,0.0,0.0,0.0,0.0,2.0,2.0,200.0,21708.54,0.0,200.0,-200.0,7236.18,-2.0,-2.0,-200.0,0.0,0.0,,,,,,,,,,,0.0,0.0,0.0,200.0,
4,新北中信特攻,47|48|10877|10879,曾文鼎/李沛澄/阿巴西/簡廷兆,1,7,8.0,128.82,2.15,02:09,128.82,2.15,02:09,5.0,5.0,62.5,83.84,5.0,5.0,62.5,83.84,4.0,4.0,50.0,67.07,2.0,2.0,25.0,33.53,2.0,2.0,25.0,33.53,1.0,1.0,12.5,16.77,2.0,2.0,25.0,33.53,1.0,1.0,12.5,16.77,0.0,0.0,0.0,0.0,0.0,0.0,0.0,0.0,1.0,1.0,12.5,16.77,1.0,1.0,12.5,16.77,0.0,0.0,0.0,0.0,2.0,2.0,25.0,33.53,0.0,0.0,0.0,0.0,1.0,1.0,12.5,16.77,0.0,0.0,0.0,0.0,1.0,1.0,12.5,16.77,1.0,1.0,12.5,16.77,2.0,2.0,25.0,33.53,62.5,62.5,0.0,89.42,0.0,0.0,0.0,2.15,2.15,0.62,0.62,0.5,0.5,,0.0,0.5,0.33,1.0,0.5,0.0,12.5,0.12,25.0,0.0
4,新北中信特攻,47|48|10877|10881,曾文鼎/李沛澄/阿巴西/飛克,1,7,8.0,128.82,2.15,02:09,128.82,2.15,02:09,5.0,5.0,62.5,83.84,5.0,5.0,62.5,83.84,4.0,4.0,50.0,67.07,2.0,2.0,25.0,33.53,2.0,2.0,25.0,33.53,1.0,1.0,12.5,16.77,2.0,2.0,25.0,33.53,1.0,1.0,12.5,16.77,0.0,0.0,0.0,0.0,0.0,0.0,0.0,0.0,1.0,1.0,12.5,16.77,1.0,1.0,12.5,16.77,0.0,0.0,0.0,0.0,2.0,2.0,25.0,33.53,0.0,0.0,0.0,0.0,1.0,1.0,12.5,16.77,0.0,0.0,0.0,0.0,1.0,1.0,12.5,16.77,1.0,1.0,12.5,16.77,2.0,2.0,25.0,33.53,62.5,62.5,0.0,89.42,0.0,0.0,0.0,2.15,2.15,0.62,0.62,0.5,0.5,,0.0,0.5,0.33,1.0,0.5,0.0,12.5,0.12,25.0,0.0
4,新北中信特攻,47|48|10879|10881,曾文鼎/李沛澄/簡廷兆/飛克,1,8,9.0,128.9,2.15,02:09,128.9,2.15,02:09,7.0,7.0,77.78,117.3,5.0,5.0,55.56,83.79,4.0,4.0,44.44,67.03,2.0,2.0,22.22,33.52,2.0,2.0,22.22,33.52,1.0,1.0,11.11,16.76,2.0,2.0,22.22,33.52,1.0,1.0,11.11,16.76,2.0,2.0,22.22,33.52,2.0,2.0,22.22,33.52,1.0,1.0,11.11,16.76,1.0,1.0,11.11,16.76,0.0,0.0,0.0,0.0,2.0,2.0,22.22,33.52,0.0,0.0,0.0,0.0,1.0,1.0,11.11,16.76,0.0,0.0,0.0,0.0,1.0,1.0,11.11,16.76,1.0,1.0,11.11,16.76,2.0,2.0,22.22,33.52,77.78,55.56,22.22,100.55,2.0,2.0,22.22,2.15,2.15,0.62,0.72,0.5,0.5,1.0,0.0,0.5,0.33,1.0,0.5,0.0,11.11,0.11,22.22,0.5
4,新北中信特攻,48|10877|10879|10881,李沛澄/阿巴西/簡廷兆/飛克,2,18,19.0,270.21,4.5,04:30,135.11,2.25,02:15,14.0,7.0,73.68,111.91,7.0,3.5,36.84,55.96,8.0,4.0,42.11,63.95,4.0,2.0,21.05,31.97,3.0,1.5,15.79,23.98,2.0,1.0,10.53,15.99,5.0,2.5,26.32,39.97,2.0,1.0,10.53,15.99,4.0,2.0,21.05,31.97,4.0,2.0,21.05,31.97,1.0,0.5,5.26,7.99,3.0,1.5,15.79,23.98,0.0,0.0,0.0,0.0,4.0,2.0,21.05,31.97,0.0,0.0,0.0,0.0,2.0,1.0,10.53,15.99,0.0,0.0,0.0,0.0,1.0,0.5,5.26,7.99,3.0,1.5,15.79,23.98,4.0,2.0,21.05,31.97,73.68,36.84,36.84,101.25,7.0,3.5,36.84,4.5,2.25,0.62,0.72,0.67,0.4,1.0,0.0,0.5,0.2,1.0,0.5,0.0,5.26,0.16,21.05,0.5
4,新北中信特攻,47|48|10879|10882,曾文鼎/李沛澄/簡廷兆/霸夫,1,1,1.0,0.07,0.0,00:00,0.07,0.0,00:00,2.0,2.0,200.0,60845.07,0.0,0.0,0.0,0.0,0.0,0.0,0.0,0.0,0.0,0.0,0.0,0.0,0.0,0.0,0.0,0.0,0.0,0.0,0.0,0.0,0.0,0.0,0.0,0.0,0.0,0.0,0.0,0.0,2.0,2.0,200.0,60845.07,2.0,2.0,200.0,60845.07,0.0,0.0,0.0,0.0,0.0,0.0,0.0,0.0,0.0,0.0,0.0,0.0,0.0,0.0,0.0,0.0,0.0,0.0,0.0,0.0,0.0,0.0,0.0,0.0,0.0,0.0,0.0,0.0,0.0,0.0,0.0,0.0,0.0,0.0,0.0,0.0,0.0,0.0,0.0,0.0,200.0,0.0,200.0,20281.69,2.0,2.0,200.0,0.0,0.0,,1.14,,,1.0,0.0,,,,,0.0,0.0,0.0,0.0,
4,新北中信特攻,47|48|10881|10882,曾文鼎/李沛澄/飛克/霸夫,1,1,1.0,0.07,0.0,00:00,0.07,0.0,00:00,2.0,2.0,200.0,60845.07,0.0,0.0,0.0,0.0,0.0,0.0,0.0,0.0,0.0,0.0,0.0,0.0,0.0,0.0,0.0,0.0,0.0,0.0,0.0,0.0,0.0,0.0,0.0,0.0,0.0,0.0,0.0,0.0,2.0,2.0,200.0,60845.07,2.0,2.0,200.0,60845.07,0.0,0.0,0.0,0.0,0.0,0.0,0.0,0.0,0.0,0.0,0.0,0.0,0.0,0.0,0.0,0.0,0.0,0.0,0.0,0.0,0.0,0.0,0.0,0.0,0.0,0.0,0.0,0.0,0.0,0.0,0.0,0.0,0.0,0.0,0.0,0.0,0.0,0.0,0.0,0.0,200.0,0.0,200.0,20281.69,2.0,2.0,200.0,0.0,0.0,,1.14,,,1.0,0.0,,,,,0.0,0.0,0.0,0.0,
4,新北中信特攻,47|10879|10881|10882,曾文鼎/簡廷兆/飛克/霸夫,2,8,11.0,127.07,2.12,02:07,63.54,1.06,01:04,5.0,2.5,45.45,84.99,0.0,0.0,0.0,0.0,4.0,2.0,36.36,67.99,1.0,0.5,9.09,17.0,1.0,0.5,9.09,17.0,0.0,0.0,0.0,0.0,3.0,1.5,27.27,51.0,1.0,0.5,9.09,17.0,2.0,1.0,18.18,34.0,2.0,1.0,18.18,34.0,1.0,0.5,9.09,17.0,2.0,1.0,18.18,34.0,1.0,0.5,9.09,17.0,3.0,1.5,27.27,51.0,0.0,0.0,0.0,0.0,1.0,0.5,9.09,17.0,0.0,0.0,0.0,0.0,0.0,0.0,0.0,0.0,2.0,1.0,18.18,34.0,0.0,0.0,0.0,0.0,45.45,0.0,45.45,124.65,5.0,2.5,45.45,2.12,1.06,0.38,0.51,0.0,0.33,1.0,0.0,1.0,0.25,0.67,0.43,0.0,0.0,0.18,0.0,0.5
4,新北中信特攻,48|10879|10881|10882,李沛澄/簡廷兆/飛克/霸夫,1,12,14.0,140.18,2.34,02:20,140.18,2.34,02:20,6.0,6.0,42.86,92.45,7.0,7.0,50.0,107.86,4.0,4.0,28.57,61.63,2.0,2.0,14.29,30.82,3.0,3.0,21.43,46.22,2.0,2.0,14.29,30.82,1.0,1.0,7.14,15.41,0.0,0.0,0.0,0.0,2.0,2.0,14.29,30.82,2.0,2.0,14.29,30.82,0.0,0.0,0.0,0.0,1.0,1.0,7.14,15.41,2.0,2.0,14.29,30.82,2.0,2.0,14.29,30.82,1.0,1.0,7.14,15.41,1.0,1.0,7.14,15.41,1.0,1.0,7.14,15.41,0.0,0.0,0.0,0.0,0.0,0.0,0.0,0.0,1.0,1.0,7.14,15.41,42.86,50.0,-7.14,143.81,-1.0,-1.0,-7.14,2.34,2.34,0.5,0.61,0.67,0.0,1.0,0.17,0.5,0.0,0.33,0.2,7.14,0.0,0.0,7.14,0.5
4,新北國王,21|24|10875|10876,李愷諺/蘇士軒/傑登/尚迪,4,50,61.0,737.1,12.28,12:17,184.28,3.07,03:04,27.0,6.75,44.26,79.12,29.0,7.25,47.54,84.98,22.0,5.5,36.07,64.47,10.0,2.5,16.39,29.3,11.0,2.75,18.03,32.23,7.0,1.75,11.48,20.51,11.0,2.75,18.03,32.23,3.0,0.75,4.92,8.79,5.0,1.25,8.2,14.65,4.0,1.0,6.56,11.72,4.0,1.0,6.56,11.72,9.0,2.25,14.75,26.37,4.0,1.0,6.56,11.72,6.0,1.5,9.84,17.58,5.0,1.25,8.2,14.65,8.0,2.0,13.11,23.44,4.0,1.0,6.56,11.72,0.0,0.0,0.0,0.0,4.0,1.0,6.56,11.72,5.0,1.25,8.2,14.65,44.26,47.54,-3.28,119.17,-2.0,-0.5,-3.28,12.28,3.07,0.52,0.56,0.64,0.27,0.8,0.17,0.8,0.4,0.69,0.57,6.56,0.0,0.07,8.2,0.23
4,新北中信特攻,44|48|10879|10881,黃泓瀚/李沛澄/簡廷兆/飛克,2,13,14.0,162.0,2.7,02:42,81.0,1.35,01:21,4.0,2.0,28.57,53.33,5.0,2.5,35.71,66.67,4.0,2.0,28.57,53.33,2.0,1.0,14.29,26.67,3.0,1.5,21.43,40.0,2.0,1.0,14.29,26.67,1.0,0.5,7.14,13.33,0.0,0.0,0.0,0.0,0.0,0.0,0.0,0.0,0.0,0.0,0.0,0.0,0.0,0.0,0.0,0.0,1.0,0.5,7.14,13.33,1.0,0.5,7.14,13.33,3.0,1.5,21.43,40.0,2.0,1.0,14.29,26.67,1.0,0.5,7.14,13.33,1.0,0.5,7.14,13.33,0.0,0.0,0.0,0.0,0.0,0.0,0.0,0.0,0.0,0.0,0.0,0.0,28.57,35.71,-7.14,124.44,-1.0,-0.5,-7.14,2.7,1.35,0.5,0.5,0.67,0.0,,0.33,0.5,0.0,0.5,0.2,7.14,0.0,0.0,0.0,0.0
4,新北中信特攻,44|48|10879|10882,黃泓瀚/李沛澄/簡廷兆/霸夫,1,10,11.0,133.0,2.22,02:13,133.0,2.22,02:13,4.0,4.0,36.36,64.96,5.0,5.0,45.45,81.2,4.0,4.0,36.36,64.96,2.0,2.0,18.18,32.48,3.0,3.0,27.27,48.72,2.0,2.0,18.18,32.48,1.0,1.0,9.09,16.24,0.0,0.0,0.0,0.0,0.0,0.0,0.0,0.0,0.0,0.0,0.0,0.0,0.0,0.0,0.0,0.0,1.0,1.0,9.09,16.24,1.0,1.0,9.09,16.24,2.0,2.0,18.18,32.48,1.0,1.0,9.09,16.24,1.0,1.0,9.09,16.24,1.0,1.0,9.09,16.24,0.0,0.0,0.0,0.0,0.0,0.0,0.0,0.0,0.0,0.0,0.0,0.0,36.36,45.45,-9.09,119.1,-1.0,-1.0,-9.09,2.22,2.22,0.5,0.5,0.67,0.0,,0.2,0.5,0.0,0.5,0.25,9.09,0.0,0.0,0.0,0.0
4,新北中信特攻,44|48|10881|10882,黃泓瀚/李沛澄/飛克/霸夫,1,10,11.0,133.0,2.22,02:13,133.0,2.22,02:13,4.0,4.0,36.36,64.96,5.0,5.0,45.45,81.2,4.0,4.0,36.36,64.96,2.0,2.0,18.18,32.48,3.0,3.0,27.27,48.72,2.0,2.0,18.18,32.48,1.0,1.0,9.09,16.24,0.0,0.0,0.0,0.0,0.0,0.0,0.0,0.0,0.0,0.0,0.0,0.0,0.0,0.0,0.0,0.0,1.0,1.0,9.09,16.24,1.0,1.0,9.09,16.24,2.0,2.0,18.18,32.48,1.0,1.0,9.09,16.24,1.0,1.0,9.09,16.24,1.0,1.0,9.09,16.24,0.0,0.0,0.0,0.0,0.0,0.0,0.0,0.0,0.0,0.0,0.0,0.0,36.36,45.45,-9.09,119.1,-1.0,-1.0,-9.09,2.22,2.22,0.5,0.5,0.67,0.0,,0.2,0.5,0.0,0.5,0.25,9.09,0.0,0.0,0.0,0.0
4,新北中信特攻,44|10879|10881|10882,黃泓瀚/簡廷兆/飛克/霸夫,1,10,11.0,133.0,2.22,02:13,133.0,2.22,02:13,4.0,4.0,36.36,64.96,5.0,5.0,45.45,81.2,4.0,4.0,36.36,64.96,2.0,2.0,18.18,32.48,3.0,3.0,27.27,48.72,2.0,2.0,18.18,32.48,1.0,1.0,9.09,16.24,0.0,0.0,0.0,0.0,0.0,0.0,0.0,0.0,0.0,0.0,0.0,0.0,0.0,0.0,0.0,0.0,1.0,1.0,9.09,16.24,1.0,1.0,9.09,16.24,2.0,2.0,18.18,32.48,1.0,1.0,9.09,16.24,1.0,1.0,9.09,16.24,1.0,1.0,9.09,16.24,0.0,0.0,0.0,0.0,0.0,0.0,0.0,0.0,0.0,0.0,0.0,0.0,36.36,45.45,-9.09,119.1,-1.0,-1.0,-9.09,2.22,2.22,0.5,0.5,0.67,0.0,,0.2,0.5,0.0,0.5,0.25,9.09,0.0,0.0,0.0,0.0
4,新北國王,21|24|29|34,李愷諺/蘇士軒/林書緯/沃許本,11,322,365.0,5349.13,89.15,89:09,486.28,8.1,08:06,204.0,18.55,55.89,82.38,187.0,17.0,51.23,75.51,147.0,13.36,40.27,59.36,77.0,7.0,21.1,31.09,89.0,8.09,24.38,35.94,56.0,5.09,15.34,22.61,58.0,5.27,15.89,23.42,21.0,1.91,5.75,8.48,29.0,2.64,7.95,11.71,27.0,2.45,7.4,10.9,19.0,1.73,5.21,7.67,51.0,4.64,13.97,20.59,18.0,1.64,4.93,7.27,49.0,4.45,13.42,19.79,19.0,1.73,5.21,7.67,36.0,3.27,9.86,14.54,11.0,1.0,3.01,4.44,5.0,0.45,1.37,2.02,26.0,2.36,7.12,10.5,16.0,1.45,4.38,6.46,55.89,51.23,4.66,98.26,17.0,1.55,4.66,89.15,8.1,0.6,0.64,0.63,0.36,0.93,0.11,0.47,0.28,0.74,0.51,3.01,1.37,0.07,4.38,0.2
4,新北國王,21|24|34|10875,李愷諺/蘇士軒/沃許本/傑登,4,58,75.0,909.74,15.16,15:10,227.43,3.79,03:47,37.0,9.25,49.33,87.85,30.0,7.5,40.0,71.23,25.0,6.25,33.33,59.36,12.0,3.0,16.0,28.49,18.0,4.5,24.0,42.74,10.0,2.5,13.33,23.74,7.0,1.75,9.33,16.62,2.0,0.5,2.67,4.75,14.0,3.5,18.67,33.24,11.0,2.75,14.67,26.12,7.0,1.75,9.33,16.62,6.0,1.5,8.0,14.25,5.0,1.25,6.67,11.87,7.0,1.75,9.33,16.62,4.0,1.0,5.33,9.5,5.0,1.25,6.67,11.87,1.0,0.25,1.33,2.37,0.0,0.0,0.0,0.0,9.0,2.25,12.0,21.37,7.0,1.75,9.33,16.62,49.33,40.0,9.33,118.72,7.0,1.75,9.33,15.16,3.79,0.52,0.59,0.56,0.29,0.79,0.11,0.42,0.5,0.55,0.52,1.33,0.0,0.12,9.33,0.56
4,新北國王,24|29|34|10875,蘇士軒/林書緯/沃許本/傑登,2,20,23.0,295.98,4.93,04:56,147.99,2.47,02:28,14.0,7.0,60.87,102.17,11.0,5.5,47.83,80.28,7.0,3.5,30.43,51.09,5.0,2.5,21.74,36.49,4.0,2.0,17.39,29.19,4.0,2.0,17.39,29.19,3.0,1.5,13.04,21.89,1.0,0.5,4.35,7.3,3.0,1.5,13.04,21.89,3.0,1.5,13.04,21.89,0.0,0.0,0.0,0.0,2.0,1.0,8.7,14.6,3.0,1.5,13.04,21.89,2.0,1.0,8.7,14.6,1.0,0.5,4.35,7.3,2.0,1.0,8.7,14.6,0.0,0.0,0.0,0.0,0.0,0.0,0.0,0.0,1.0,0.5,4.35,7.3,0.0,0.0,0.0,0.0,60.87,47.83,13.04,111.9,3.0,1.5,13.04,4.93,2.47,0.79,0.84,1.0,0.33,1.0,0.11,0.4,0.0,0.4,0.29,0.0,0.0,0.04,0.0,0.43
4,新北中信特攻,39|40|44|10880,魏嘉豪/謝亞軒/黃泓瀚/內馬,6,59,72.0,931.57,15.53,15:32,155.26,2.59,02:35,26.0,4.33,36.11,60.29,30.0,5.0,41.67,69.56,26.0,4.33,36.11,60.29,10.0,1.67,13.89,23.19,21.0,3.5,29.17,48.69,9.0,1.5,12.5,20.87,5.0,0.83,6.94,11.59,1.0,0.17,1.39,2.32,8.0,1.33,11.11,18.55,5.0,0.83,6.94,11.59,9.0,1.5,12.5,20.87,9.0,1.5,12.5,20.87,4.0,0.67,5.56,9.27,10.0,1.67,13.89,23.19,8.0,1.33,11.11,18.55,8.0,1.33,11.11,18.55,5.0,0.83,6.94,11.59,3.0,0.5,4.17,6.96,9.0,1.5,12.5,20.87,7.0,1.17,9.72,16.23,36.11,41.67,-5.56,111.3,-4.0,-0.67,-5.56,15.53,2.59,0.4,0.44,0.43,0.2,0.62,0.21,0.8,0.47,0.69,0.56,6.94,4.17,0.12,9.72,0.31
4,新北中信特攻,39|40|44|10882,魏嘉豪/謝亞軒/黃泓瀚/霸夫,1,13,19.0,220.0,3.67,03:40,220.0,3.67,03:40,7.0,7.0,36.84,68.73,3.0,3.0,15.79,29.45,8.0,8.0,42.11,78.55,3.0,3.0,15.79,29.45,6.0,6.0,31.58,58.91,2.0,2.0,10.53,19.64,2.0,2.0,10.53,19.64,1.0,1.0,5.26,9.82,0.0,0.0,0.0,0.0,0.0,0.0,0.0,0.0,4.0,4.0,21.05,39.27,1.0,1.0,5.26,9.82,2.0,2.0,10.53,19.64,2.0,2.0,10.53,19.64,2.0,2.0,10.53,19.64,2.0,2.0,10.53,19.64,2.0,2.0,10.53,19.64,1.0,1.0,5.26,9.82,1.0,1.0,5.26,9.82,1.0,1.0,5.26,9.82,36.84,15.79,21.05,124.36,4.0,4.0,21.05,3.67,3.67,0.44,0.44,0.33,0.5,,0.2,0.67,0.67,0.33,0.56,10.53,5.26,0.05,5.26,0.0
4,新北中信特攻,39|40|10880|10882,魏嘉豪/謝亞軒/內馬/霸夫,3,31,40.0,512.1,8.54,08:32,170.7,2.85,02:51,15.0,5.0,37.5,63.27,21.0,7.0,52.5,88.58,15.0,5.0,37.5,63.27,6.0,2.0,15.0,25.31,13.0,4.33,32.5,54.83,5.0,1.67,12.5,21.09,2.0,0.67,5.0,8.44,1.0,0.33,2.5,4.22,2.0,0.67,5.0,8.44,2.0,0.67,5.0,8.44,6.0,2.0,15.0,25.31,3.0,1.0,7.5,12.65,2.0,0.67,5.0,8.44,3.0,1.0,7.5,12.65,5.0,1.67,12.5,21.09,4.0,1.33,10.0,16.87,5.0,1.67,12.5,21.09,2.0,0.67,5.0,8.44,2.0,0.67,5.0,8.44,7.0,2.33,17.5,29.53,37.5,52.5,-15.0,112.48,-6.0,-2.0,-15.0,8.54,2.85,0.43,0.47,0.38,0.5,1.0,0.24,0.67,0.67,0.6,0.64,12.5,5.0,0.05,17.5,0.13
4,新北中信特攻,39|44|10880|10882,魏嘉豪/黃泓瀚/內馬/霸夫,2,20,27.0,311.0,5.18,05:11,155.5,2.59,02:36,9.0,4.5,33.33,62.51,6.0,3.0,22.22,41.67,11.0,5.5,40.74,76.4,4.0,2.0,14.81,27.78,9.0,4.5,33.33,62.51,3.0,1.5,11.11,20.84,2.0,1.0,7.41,13.89,1.0,0.5,3.7,6.95,0.0,0.0,0.0,0.0,0.0,0.0,0.0,0.0,5.0,2.5,18.52,34.73,2.0,1.0,7.41,13.89,2.0,1.0,7.41,13.89,3.0,1.5,11.11,20.84,3.0,1.5,11.11,20.84,2.0,1.0,7.41,13.89,3.0,1.5,11.11,20.84,1.0,0.5,3.7,6.95,1.0,0.5,3.7,6.95,1.0,0.5,3.7,6.95,33.33,22.22,11.11,125.02,3.0,1.5,11.11,5.18,2.59,0.41,0.41,0.33,0.5,,0.21,0.5,0.62,0.5,0.58,11.11,3.7,0.04,3.7,0.0
4,新北中信特攻,40|44|10880|10882,謝亞軒/黃泓瀚/內馬/霸夫,1,13,19.0,220.0,3.67,03:40,220.0,3.67,03:40,7.0,7.0,36.84,68.73,3.0,3.0,15.79,29.45,8.0,8.0,42.11,78.55,3.0,3.0,15.79,29.45,6.0,6.0,31.58,58.91,2.0,2.0,10.53,19.64,2.0,2.0,10.53,19.64,1.0,1.0,5.26,9.82,0.0,0.0,0.0,0.0,0.0,0.0,0.0,0.0,4.0,4.0,21.05,39.27,1.0,1.0,5.26,9.82,2.0,2.0,10.53,19.64,2.0,2.0,10.53,19.64,2.0,2.0,10.53,19.64,2.0,2.0,10.53,19.64,2.0,2.0,10.53,19.64,1.0,1.0,5.26,9.82,1.0,1.0,5.26,9.82,1.0,1.0,5.26,9.82,36.84,15.79,21.05,124.36,4.0,4.0,21.05,3.67,3.67,0.44,0.44,0.33,0.5,,0.2,0.67,0.67,0.33,0.56,10.53,5.26,0.05,5.26,0.0
4,新北國王,24|29|34|10872,蘇士軒/林書緯/沃許本/林彥廷,13,262,302.0,4938.47,82.31,82:18,379.88,6.33,06:20,150.0,11.54,49.67,65.61,149.0,11.46,49.34,65.17,110.0,8.46,36.42,48.11,59.0,4.54,19.54,25.81,68.0,5.23,22.52,29.74,41.0,3.15,13.58,17.93,42.0,3.23,13.91,18.37,18.0,1.38,5.96,7.87,16.0,1.23,5.3,7.0,11.0,0.85,3.64,4.81,8.0,0.62,2.65,3.5,45.0,3.46,14.9,19.68,24.0,1.85,7.95,10.5,44.0,3.38,14.57,19.24,23.0,1.77,7.62,10.06,31.0,2.38,10.26,13.56,14.0,1.08,4.64,6.12,2.0,0.15,0.66,0.87,16.0,1.23,5.3,7.0,9.0,0.69,2.98,3.94,49.67,49.34,0.33,88.06,1.0,0.08,0.33,82.31,6.33,0.62,0.64,0.6,0.43,0.69,0.16,0.53,0.15,0.65,0.44,4.64,0.66,0.05,2.98,0.15
4,新北國王,24|26|29|34,蘇士軒/洪志善/林書緯/沃許本,2,5,9.0,96.11,1.6,01:36,48.06,0.8,00:48,2.0,1.0,22.22,44.95,0.0,0.0,0.0,0.0,3.0,1.5,33.33,67.42,1.0,0.5,11.11,22.47,1.0,0.5,11.11,22.47,1.0,0.5,11.11,22.47,2.0,1.0,22.22,44.95,0.0,0.0,0.0,0.0,0.0,0.0,0.0,0.0,0.0,0.0,0.0,0.0,2.0,1.0,22.22,44.95,0.0,0.0,0.0,0.0,2.0,1.0,22.22,44.95,0.0,0.0,0.0,0.0,1.0,0.5,11.11,22.47,1.0,0.5,11.11,22.47,1.0,0.5,11.11,22.47,0.0,0.0,0.0,0.0,1.0,0.5,11.11,22.47,0.0,0.0,0.0,0.0,22.22,0.0,22.22,134.84,2.0,1.0,22.22,1.6,0.8,0.33,0.33,1.0,0.0,,0.25,1.0,1.0,0.0,0.5,11.11,0.0,0.11,0.0,0.0
4,新北國王,24|26|29|10876,蘇士軒/洪志善/林書緯/尚迪,1,3,7.0,69.0,1.15,01:09,69.0,1.15,01:09,0.0,0.0,0.0,0.0,0.0,0.0,0.0,0.0,2.0,2.0,28.57,62.61,0.0,0.0,0.0,0.0,0.0,0.0,0.0,0.0,0.0,0.0,0.0,0.0,2.0,2.0,28.57,62.61,0.0,0.0,0.0,0.0,0.0,0.0,0.0,0.0,0.0,0.0,0.0,0.0,2.0,2.0,28.57,62.61,0.0,0.0,0.0,0.0,2.0,2.0,28.57,62.61,0.0,0.0,0.0,0.0,1.0,1.0,14.29,31.3,0.0,0.0,0.0,0.0,1.0,1.0,14.29,31.3,0.0,0.0,0.0,0.0,1.0,1.0,14.29,31.3,0.0,0.0,0.0,0.0,0.0,0.0,0.0,146.09,0.0,0.0,0.0,1.15,1.15,0.0,0.0,,0.0,,0.33,,1.0,0.0,0.5,14.29,0.0,0.14,0.0,0.0
4,新北國王,24|26|34|10876,蘇士軒/洪志善/沃許本/尚迪,1,3,7.0,69.0,1.15,01:09,69.0,1.15,01:09,0.0,0.0,0.0,0.0,0.0,0.0,0.0,0.0,2.0,2.0,28.57,62.61,0.0,0.0,0.0,0.0,0.0,0.0,0.0,0.0,0.0,0.0,0.0,0.0,2.0,2.0,28.57,62.61,0.0,0.0,0.0,0.0,0.0,0.0,0.0,0.0,0.0,0.0,0.0,0.0,2.0,2.0,28.57,62.61,0.0,0.0,0.0,0.0,2.0,2.0,28.57,62.61,0.0,0.0,0.0,0.0,1.0,1.0,14.29,31.3,0.0,0.0,0.0,0.0,1.0,1.0,14.29,31.3,0.0,0.0,0.0,0.0,1.0,1.0,14.29,31.3,0.0,0.0,0.0,0.0,0.0,0.0,0.0,146.09,0.0,0.0,0.0,1.15,1.15,0.0,0.0,,0.0,,0.33,,1.0,0.0,0.5,14.29,0.0,0.14,0.0,0.0
4,新北國王,24|29|34|10876,蘇士軒/林書緯/沃許本/尚迪,2,54,71.0,862.75,14.38,14:23,431.38,7.19,07:11,22.0,11.0,30.99,55.08,21.0,10.5,29.58,52.58,23.0,11.5,32.39,57.58,9.0,4.5,12.68,22.53,11.0,5.5,15.49,27.54,5.0,2.5,7.04,12.52,12.0,6.0,16.9,30.04,4.0,2.0,5.63,10.01,2.0,1.0,2.82,5.01,1.0,0.5,1.41,2.5,6.0,3.0,8.45,15.02,8.0,4.0,11.27,20.03,8.0,4.0,11.27,20.03,12.0,6.0,16.9,30.04,9.0,4.5,12.68,22.53,6.0,3.0,8.45,15.02,5.0,2.5,7.04,12.52,2.0,1.0,2.82,5.01,2.0,1.0,2.82,5.01,3.0,1.5,4.23,7.51,30.99,29.58,1.41,118.5,1.0,0.5,1.41,14.38,7.19,0.48,0.46,0.45,0.33,0.5,0.27,0.67,0.33,0.5,0.41,7.04,2.82,0.03,4.23,0.09
4,新北國王,26|29|34|10876,洪志善/林書緯/沃許本/尚迪,1,5,9.0,130.0,2.17,02:10,130.0,2.17,02:10,2.0,2.0,22.22,33.23,3.0,3.0,33.33,49.85,3.0,3.0,33.33,49.85,1.0,1.0,11.11,16.62,1.0,1.0,11.11,16.62,1.0,1.0,11.11,16.62,2.0,2.0,22.22,33.23,0.0,0.0,0.0,0.0,0.0,0.0,0.0,0.0,0.0,0.0,0.0,0.0,2.0,2.0,22.22,33.23,0.0,0.0,0.0,0.0,2.0,2.0,22.22,33.23,0.0,0.0,0.0,0.0,2.0,2.0,22.22,33.23,0.0,0.0,0.0,0.0,1.0,1.0,11.11,16.62,0.0,0.0,0.0,0.0,2.0,2.0,22.22,33.23,0.0,0.0,0.0,0.0,22.22,33.33,-11.11,99.69,-1.0,-1.0,-11.11,2.17,2.17,0.33,0.33,1.0,0.0,,0.4,0.0,1.0,0.0,0.5,11.11,0.0,0.22,0.0,0.0
4,新北國王,21|26|29|34,李愷諺/洪志善/林書緯/沃許本,2,4,4.0,111.73,1.86,01:52,55.87,0.93,00:56,4.0,2.0,100.0,77.33,5.0,2.5,125.0,96.66,2.0,1.0,50.0,38.66,2.0,1.0,50.0,38.66,2.0,1.0,50.0,38.66,2.0,1.0,50.0,38.66,0.0,0.0,0.0,0.0,0.0,0.0,0.0,0.0,0.0,0.0,0.0,0.0,0.0,0.0,0.0,0.0,0.0,0.0,0.0,0.0,0.0,0.0,0.0,0.0,0.0,0.0,0.0,0.0,0.0,0.0,0.0,0.0,1.0,0.5,25.0,19.33,1.0,0.5,25.0,19.33,0.0,0.0,0.0,0.0,0.0,0.0,0.0,0.0,1.0,0.5,25.0,19.33,0.0,0.0,0.0,0.0,100.0,125.0,-25.0,51.55,-1.0,-0.5,-25.0,1.86,0.93,1.0,1.0,1.0,,,0.33,0.5,,,,0.0,0.0,0.25,0.0,0.0
4,新北國王,21|26|29|10876,李愷諺/洪志善/林書緯/尚迪,1,2,2.0,61.0,1.02,01:01,61.0,1.02,01:01,2.0,2.0,100.0,70.82,3.0,3.0,150.0,106.23,1.0,1.0,50.0,35.41,1.0,1.0,50.0,35.41,1.0,1.0,50.0,35.41,1.0,1.0,50.0,35.41,0.0,0.0,0.0,0.0,0.0,0.0,0.0,0.0,0.0,0.0,0.0,0.0,0.0,0.0,0.0,0.0,0.0,0.0,0.0,0.0,0.0,0.0,0.0,0.0,0.0,0.0,0.0,0.0,0.0,0.0,0.0,0.0,1.0,1.0,50.0,35.41,0.0,0.0,0.0,0.0,0.0,0.0,0.0,0.0,0.0,0.0,0.0,0.0,1.0,1.0,50.0,35.41,0.0,0.0,0.0,0.0,100.0,150.0,-50.0,47.21,-1.0,-1.0,-50.0,1.02,1.02,1.0,1.0,1.0,,,0.5,0.0,,,,0.0,0.0,0.5,0.0,0.0
4,新北國王,21|26|34|10876,李愷諺/洪志善/沃許本/尚迪,1,2,2.0,61.0,1.02,01:01,61.0,1.02,01:01,2.0,2.0,100.0,70.82,3.0,3.0,150.0,106.23,1.0,1.0,50.0,35.41,1.0,1.0,50.0,35.41,1.0,1.0,50.0,35.41,1.0,1.0,50.0,35.41,0.0,0.0,0.0,0.0,0.0,0.0,0.0,0.0,0.0,0.0,0.0,0.0,0.0,0.0,0.0,0.0,0.0,0.0,0.0,0.0,0.0,0.0,0.0,0.0,0.0,0.0,0.0,0.0,0.0,0.0,0.0,0.0,1.0,1.0,50.0,35.41,0.0,0.0,0.0,0.0,0.0,0.0,0.0,0.0,0.0,0.0,0.0,0.0,1.0,1.0,50.0,35.41,0.0,0.0,0.0,0.0,100.0,150.0,-50.0,47.21,-1.0,-1.0,-50.0,1.02,1.02,1.0,1.0,1.0,,,0.5,0.0,,,,0.0,0.0,0.5,0.0,0.0
4,新北國王,34|10872|10874|10876,沃許本/林彥廷/熊祥泰/尚迪,2,21,22.0,302.41,5.04,05:02,151.21,2.52,02:31,8.0,4.0,36.36,57.14,17.0,8.5,77.27,121.42,6.0,3.0,27.27,42.86,3.0,1.5,13.64,21.43,3.0,1.5,13.64,21.43,2.0,1.0,9.09,14.29,3.0,1.5,13.64,21.43,1.0,0.5,4.55,7.14,2.0,1.0,9.09,14.29,1.0,0.5,4.55,7.14,1.0,0.5,4.55,7.14,3.0,1.5,13.64,21.43,0.0,0.0,0.0,0.0,4.0,2.0,18.18,28.57,3.0,1.5,13.64,21.43,1.0,0.5,4.55,7.14,3.0,1.5,13.64,21.43,0.0,0.0,0.0,0.0,3.0,1.5,13.64,21.43,4.0,2.0,18.18,28.57,36.36,77.27,-40.91,104.76,-9.0,-4.5,-40.91,5.04,2.52,0.58,0.58,0.67,0.33,0.5,0.3,0.33,0.2,1.0,0.5,13.64,0.0,0.14,18.18,0.33
4,新北中信特攻,40|47|10877|10879,謝亞軒/曾文鼎/阿巴西/簡廷兆,2,12,14.0,211.52,3.53,03:32,105.76,1.76,01:46,7.0,3.5,50.0,71.48,10.0,5.0,71.43,102.12,8.0,4.0,57.14,81.7,3.0,1.5,21.43,30.64,5.0,2.5,35.71,51.06,2.0,1.0,14.29,20.42,3.0,1.5,21.43,30.64,1.0,0.5,7.14,10.21,0.0,0.0,0.0,0.0,0.0,0.0,0.0,0.0,2.0,1.0,14.29,20.42,3.0,1.5,21.43,30.64,0.0,0.0,0.0,0.0,1.0,0.5,7.14,10.21,0.0,0.0,0.0,0.0,1.0,0.5,7.14,10.21,0.0,0.0,0.0,0.0,0.0,0.0,0.0,0.0,3.0,1.5,21.43,30.64,0.0,0.0,0.0,0.0,50.0,71.43,-21.43,95.31,-3.0,-1.5,-21.43,3.53,1.76,0.44,0.44,0.4,0.33,,0.0,0.33,0.67,1.0,0.83,0.0,0.0,0.21,0.0,0.0
4,新北中信特攻,40|47|10877|10881,謝亞軒/曾文鼎/阿巴西/飛克,5,89,103.0,1400.67,23.34,23:21,280.13,4.67,04:40,55.0,11.0,53.4,84.82,58.0,11.6,56.31,89.44,36.0,7.2,34.95,55.52,19.0,3.8,18.45,29.3,17.0,3.4,16.5,26.22,11.0,2.2,10.68,16.96,19.0,3.8,18.45,29.3,8.0,1.6,7.77,12.34,13.0,2.6,12.62,20.05,9.0,1.8,8.74,13.88,8.0,1.6,7.77,12.34,9.0,1.8,8.74,13.88,3.0,0.6,2.91,4.63,15.0,3.0,14.56,23.13,11.0,2.2,10.68,16.96,13.0,2.6,12.62,20.05,6.0,1.2,5.83,9.25,1.0,0.2,0.97,1.54,9.0,1.8,8.74,13.88,9.0,1.8,8.74,13.88,53.4,56.31,-2.91,105.89,-3.0,-0.6,-2.91,23.34,4.67,0.64,0.66,0.65,0.42,0.69,0.21,0.68,0.35,0.75,0.49,5.83,0.97,0.09,8.74,0.36
4,新北中信特攻,40|47|10879|10881,謝亞軒/曾文鼎/簡廷兆/飛克,8,69,88.0,1158.07,19.3,19:18,144.76,2.41,02:25,35.0,4.38,39.77,65.28,34.0,4.25,38.64,63.42,30.0,3.75,34.09,55.96,13.0,1.62,14.77,24.25,15.0,1.88,17.05,27.98,7.0,0.88,7.95,13.06,15.0,1.88,17.05,27.98,6.0,0.75,6.82,11.19,7.0,0.88,7.95,13.06,6.0,0.75,6.82,11.19,5.0,0.62,5.68,9.33,12.0,1.5,13.64,22.38,5.0,0.62,5.68,9.33,17.0,2.12,19.32,31.71,8.0,1.0,9.09,14.92,10.0,1.25,11.36,18.65,6.0,0.75,6.82,11.19,0.0,0.0,0.0,0.0,9.0,1.12,10.23,16.79,11.0,1.38,12.5,20.52,39.77,38.64,1.14,109.42,1.0,0.12,1.14,19.3,2.41,0.53,0.53,0.47,0.4,0.86,0.19,0.77,0.23,0.71,0.44,6.82,0.0,0.1,12.5,0.23
4,新北中信特攻,40|10877|10879|10881,謝亞軒/阿巴西/簡廷兆/飛克,16,226,284.0,3766.61,62.78,62:47,235.41,3.92,03:55,118.0,7.38,41.55,67.67,106.0,6.62,37.32,60.79,113.0,7.06,39.79,64.8,47.0,2.94,16.55,26.95,70.0,4.38,24.65,40.14,37.0,2.31,13.03,21.22,43.0,2.69,15.14,24.66,10.0,0.62,3.52,5.73,22.0,1.38,7.75,12.62,14.0,0.88,4.93,8.03,23.0,1.44,8.1,13.19,44.0,2.75,15.49,25.23,25.0,1.56,8.8,14.34,44.0,2.75,15.49,25.23,16.0,1.0,5.63,9.18,32.0,2.0,11.27,18.35,5.0,0.31,1.76,2.87,5.0,0.31,1.76,2.87,23.0,1.44,8.1,13.19,25.0,1.56,8.8,14.34,41.55,37.32,4.23,108.58,12.0,0.75,4.23,62.78,3.92,0.46,0.48,0.53,0.23,0.64,0.12,0.68,0.34,0.64,0.49,1.76,1.76,0.08,8.8,0.19
4,新北中信特攻,40|47|10877|10880,謝亞軒/曾文鼎/阿巴西/內馬,4,41,46.0,671.77,11.2,11:12,167.94,2.8,02:48,29.0,7.25,63.04,93.25,29.0,7.25,63.04,93.25,14.0,3.5,30.43,45.02,8.0,2.0,17.39,25.72,5.0,1.25,10.87,16.08,4.0,1.0,8.7,12.86,9.0,2.25,19.57,28.94,4.0,1.0,8.7,12.86,12.0,3.0,26.09,38.58,9.0,2.25,19.57,28.94,3.0,0.75,6.52,9.65,4.0,1.0,8.7,12.86,2.0,0.5,4.35,6.43,7.0,1.75,15.22,22.51,4.0,1.0,8.7,12.86,8.0,2.0,17.39,25.72,3.0,0.75,6.52,9.65,1.0,0.25,2.17,3.22,5.0,1.25,10.87,16.08,0.0,0.0,0.0,0.0,63.04,63.04,0.0,98.61,0.0,0.0,0.0,11.2,2.8,0.71,0.75,0.8,0.44,0.75,0.17,1.0,0.3,0.67,0.44,6.52,2.17,0.11,0.0,0.86
4,新北中信特攻,40|47|10879|10880,謝亞軒/曾文鼎/簡廷兆/內馬,7,71,88.0,1153.23,19.22,19:13,164.75,2.75,02:45,34.0,4.86,38.64,63.68,36.0,5.14,40.91,67.43,31.0,4.43,35.23,58.06,11.0,1.57,12.5,20.6,15.0,2.14,17.05,28.09,4.0,0.57,4.55,7.49,16.0,2.29,18.18,29.97,7.0,1.0,7.95,13.11,9.0,1.29,10.23,16.86,5.0,0.71,5.68,9.36,7.0,1.0,7.95,13.11,15.0,2.14,17.05,28.09,7.0,1.0,7.95,13.11,15.0,2.14,17.05,28.09,8.0,1.14,9.09,14.98,8.0,1.14,9.09,14.98,6.0,0.86,6.82,11.24,1.0,0.14,1.14,1.87,14.0,2.0,15.91,26.22,9.0,1.29,10.23,16.86,38.64,40.91,-2.27,109.88,-2.0,-0.29,-2.27,19.22,2.75,0.47,0.49,0.27,0.44,0.56,0.19,0.73,0.32,0.68,0.5,6.82,1.14,0.16,10.23,0.29
4,新北中信特攻,40|10877|10879|10880,謝亞軒/阿巴西/簡廷兆/內馬,14,168,208.0,2878.41,47.97,47:58,205.6,3.43,03:26,102.0,7.29,49.04,76.54,79.0,5.64,37.98,59.28,83.0,5.93,39.9,62.28,44.0,3.14,21.15,33.02,52.0,3.71,25.0,39.02,36.0,2.57,17.31,27.01,31.0,2.21,14.9,23.26,8.0,0.57,3.85,6.0,12.0,0.86,5.77,9.0,6.0,0.43,2.88,4.5,11.0,0.79,5.29,8.25,29.0,2.07,13.94,21.76,19.0,1.36,9.13,14.26,33.0,2.36,15.87,24.76,9.0,0.64,4.33,6.75,26.0,1.86,12.5,19.51,2.0,0.14,0.96,1.5,2.0,0.14,0.96,1.5,13.0,0.93,6.25,9.76,16.0,1.14,7.69,12.01,49.04,37.98,11.06,104.06,23.0,1.64,11.06,47.97,3.43,0.58,0.58,0.69,0.26,0.5,0.09,0.59,0.25,0.6,0.43,0.96,0.96,0.06,7.69,0.14
4,新北中信特攻,47|10877|10879|10880,曾文鼎/阿巴西/簡廷兆/內馬,3,29,30.0,482.84,8.05,08:03,160.95,2.68,02:41,17.0,5.67,56.67,76.05,15.0,5.0,50.0,67.1,12.0,4.0,40.0,53.68,7.0,2.33,23.33,31.31,8.0,2.67,26.67,35.79,5.0,1.67,16.67,22.37,4.0,1.33,13.33,17.89,2.0,0.67,6.67,8.95,2.0,0.67,6.67,8.95,1.0,0.33,3.33,4.47,0.0,0.0,0.0,0.0,5.0,1.67,16.67,22.37,1.0,0.33,3.33,4.47,6.0,2.0,20.0,26.84,2.0,0.67,6.67,8.95,5.0,1.67,16.67,22.37,1.0,0.33,3.33,4.47,1.0,0.33,3.33,4.47,2.0,0.67,6.67,8.95,2.0,0.67,6.67,8.95,56.67,50.0,6.67,89.47,2.0,0.67,6.67,8.05,2.68,0.67,0.66,0.62,0.5,0.5,0.13,0.71,0.0,0.83,0.42,3.33,3.33,0.07,6.67,0.17
4,新北中信特攻,47|10877|10879|10882,曾文鼎/阿巴西/簡廷兆/霸夫,1,2,2.0,34.0,0.57,00:34,34.0,0.57,00:34,0.0,0.0,0.0,0.0,0.0,0.0,0.0,0.0,1.0,1.0,50.0,63.53,0.0,0.0,0.0,0.0,0.0,0.0,0.0,0.0,0.0,0.0,0.0,0.0,1.0,1.0,50.0,63.53,0.0,0.0,0.0,0.0,0.0,0.0,0.0,0.0,0.0,0.0,0.0,0.0,0.0,0.0,0.0,0.0,1.0,1.0,50.0,63.53,0.0,0.0,0.0,0.0,1.0,1.0,50.0,63.53,0.0,0.0,0.0,0.0,0.0,0.0,0.0,0.0,0.0,0.0,0.0,0.0,0.0,0.0,0.0,0.0,1.0,1.0,50.0,63.53,0.0,0.0,0.0,0.0,0.0,0.0,0.0,84.71,0.0,0.0,0.0,0.57,0.57,0.0,0.0,,0.0,,0.0,,0.0,1.0,0.5,0.0,0.0,0.5,0.0,0.0
4,新北中信特攻,47|10877|10881|10882,曾文鼎/阿巴西/飛克/霸夫,2,23,26.0,368.44,6.14,06:08,184.22,3.07,03:04,11.0,5.5,42.31,64.49,12.0,6.0,46.15,70.35,10.0,5.0,38.46,58.63,4.0,2.0,15.38,23.45,3.0,1.5,11.54,17.59,1.0,0.5,3.85,5.86,7.0,3.5,26.92,41.04,3.0,1.5,11.54,17.59,0.0,0.0,0.0,0.0,0.0,0.0,0.0,0.0,0.0,0.0,0.0,0.0,5.0,2.5,19.23,29.31,2.0,1.0,7.69,11.73,2.0,1.0,7.69,11.73,2.0,1.0,7.69,11.73,4.0,2.0,15.38,23.45,1.0,0.5,3.85,5.86,0.0,0.0,0.0,0.0,1.0,0.5,3.85,5.86,1.0,0.5,3.85,5.86,42.31,46.15,-3.85,101.62,-1.0,-0.5,-3.85,6.14,3.07,0.55,0.55,0.33,0.43,,0.17,1.0,0.0,0.71,0.56,3.85,0.0,0.04,3.85,0.0
4,新北中信特攻,10877|10879|10881|10882,阿巴西/簡廷兆/飛克/霸夫,1,6,6.0,71.6,1.19,01:12,71.6,1.19,01:12,1.0,1.0,16.67,30.17,2.0,2.0,33.33,60.33,2.0,2.0,33.33,60.33,0.0,0.0,0.0,0.0,1.0,1.0,16.67,30.17,0.0,0.0,0.0,0.0,1.0,1.0,16.67,30.17,0.0,0.0,0.0,0.0,2.0,2.0,33.33,60.33,1.0,1.0,16.67,30.17,0.0,0.0,0.0,0.0,3.0,3.0,50.0,90.5,0.0,0.0,0.0,0.0,2.0,2.0,33.33,60.33,0.0,0.0,0.0,0.0,0.0,0.0,0.0,0.0,0.0,0.0,0.0,0.0,0.0,0.0,0.0,0.0,1.0,1.0,16.67,30.17,0.0,0.0,0.0,0.0,16.67,33.33,-16.67,120.67,-1.0,-1.0,-16.67,1.19,1.19,0.0,0.17,0.0,0.0,0.5,0.0,,0.0,1.0,0.6,0.0,0.0,0.17,0.0,1.0
4,新北中信特攻,113|10877|10879|10881,林任鴻/阿巴西/簡廷兆/飛克,5,50,64.0,865.04,14.42,14:25,173.01,2.88,02:53,21.0,4.2,32.81,52.44,24.0,4.8,37.5,59.93,25.0,5.0,39.06,62.42,8.0,1.6,12.5,19.98,14.0,2.8,21.88,34.96,6.0,1.2,9.38,14.98,11.0,2.2,17.19,27.47,2.0,0.4,3.12,4.99,6.0,1.2,9.38,14.98,3.0,0.6,4.69,7.49,7.0,1.4,10.94,17.48,11.0,2.2,17.19,27.47,3.0,0.6,4.69,7.49,10.0,2.0,15.62,24.97,6.0,1.2,9.38,14.98,5.0,1.0,7.81,12.48,6.0,1.2,9.38,14.98,0.0,0.0,0.0,0.0,4.0,0.8,6.25,9.99,6.0,1.2,9.38,14.98,32.81,37.5,-4.69,106.54,-3.0,-0.6,-4.69,14.42,2.88,0.36,0.38,0.43,0.18,0.5,0.18,0.62,0.41,0.79,0.58,9.38,0.0,0.06,9.38,0.24
4,新北中信特攻,113|10877|10879|10882,林任鴻/阿巴西/簡廷兆/霸夫,1,4,4.0,37.6,0.63,00:38,37.6,0.63,00:38,1.0,1.0,25.0,57.44,2.0,2.0,50.0,114.89,1.0,1.0,25.0,57.44,0.0,0.0,0.0,0.0,1.0,1.0,25.0,57.44,0.0,0.0,0.0,0.0,0.0,0.0,0.0,0.0,0.0,0.0,0.0,0.0,2.0,2.0,50.0,114.89,1.0,1.0,25.0,57.44,0.0,0.0,0.0,0.0,2.0,2.0,50.0,114.89,0.0,0.0,0.0,0.0,1.0,1.0,25.0,57.44,0.0,0.0,0.0,0.0,0.0,0.0,0.0,0.0,0.0,0.0,0.0,0.0,0.0,0.0,0.0,0.0,0.0,0.0,0.0,0.0,0.0,0.0,0.0,0.0,25.0,50.0,-25.0,153.18,-1.0,-1.0,-25.0,0.63,0.63,0.0,0.27,0.0,,0.5,0.0,,0.0,1.0,0.67,0.0,0.0,0.0,0.0,2.0
4,新北中信特攻,113|10877|10881|10882,林任鴻/阿巴西/飛克/霸夫,1,4,4.0,37.6,0.63,00:38,37.6,0.63,00:38,1.0,1.0,25.0,57.44,2.0,2.0,50.0,114.89,1.0,1.0,25.0,57.44,0.0,0.0,0.0,0.0,1.0,1.0,25.0,57.44,0.0,0.0,0.0,0.0,0.0,0.0,0.0,0.0,0.0,0.0,0.0,0.0,2.0,2.0,50.0,114.89,1.0,1.0,25.0,57.44,0.0,0.0,0.0,0.0,2.0,2.0,50.0,114.89,0.0,0.0,0.0,0.0,1.0,1.0,25.0,57.44,0.0,0.0,0.0,0.0,0.0,0.0,0.0,0.0,0.0,0.0,0.0,0.0,0.0,0.0,0.0,0.0,0.0,0.0,0.0,0.0,0.0,0.0,0.0,0.0,25.0,50.0,-25.0,153.18,-1.0,-1.0,-25.0,0.63,0.63,0.0,0.27,0.0,,0.5,0.0,,0.0,1.0,0.67,0.0,0.0,0.0,0.0,2.0
4,新北中信特攻,113|10879|10881|10882,林任鴻/簡廷兆/飛克/霸夫,1,5,6.0,44.72,0.75,00:45,44.72,0.75,00:45,1.0,1.0,16.67,48.3,4.0,4.0,66.67,193.22,1.0,1.0,16.67,48.3,0.0,0.0,0.0,0.0,1.0,1.0,16.67,48.3,0.0,0.0,0.0,0.0,0.0,0.0,0.0,0.0,0.0,0.0,0.0,0.0,2.0,2.0,33.33,96.61,1.0,1.0,16.67,48.3,0.0,0.0,0.0,0.0,2.0,2.0,33.33,96.61,1.0,1.0,16.67,48.3,1.0,1.0,16.67,48.3,0.0,0.0,0.0,0.0,0.0,0.0,0.0,0.0,0.0,0.0,0.0,0.0,0.0,0.0,0.0,0.0,0.0,0.0,0.0,0.0,1.0,1.0,16.67,48.3,16.67,66.67,-50.0,193.22,-3.0,-3.0,-50.0,0.75,0.75,0.0,0.27,0.0,,0.5,0.0,,0.0,0.67,0.5,0.0,0.0,0.0,16.67,2.0
4,新北中信特攻,48|113|10879|10881,李沛澄/林任鴻/簡廷兆/飛克,1,1,2.0,7.11,0.12,00:07,7.11,0.12,00:07,0.0,0.0,0.0,0.0,2.0,2.0,100.0,607.25,0.0,0.0,0.0,0.0,0.0,0.0,0.0,0.0,0.0,0.0,0.0,0.0,0.0,0.0,0.0,0.0,0.0,0.0,0.0,0.0,0.0,0.0,0.0,0.0,0.0,0.0,0.0,0.0,0.0,0.0,0.0,0.0,0.0,0.0,0.0,0.0,0.0,0.0,0.0,0.0,1.0,1.0,50.0,303.63,0.0,0.0,0.0,0.0,0.0,0.0,0.0,0.0,0.0,0.0,0.0,0.0,0.0,0.0,0.0,0.0,0.0,0.0,0.0,0.0,0.0,0.0,0.0,0.0,1.0,1.0,50.0,303.63,0.0,100.0,-100.0,404.84,-2.0,-2.0,-100.0,0.12,0.12,,,,,,,,,0.0,0.0,0.0,0.0,0.0,50.0,
4,新北中信特攻,48|113|10879|10882,李沛澄/林任鴻/簡廷兆/霸夫,1,1,2.0,7.11,0.12,00:07,7.11,0.12,00:07,0.0,0.0,0.0,0.0,2.0,2.0,100.0,607.25,0.0,0.0,0.0,0.0,0.0,0.0,0.0,0.0,0.0,0.0,0.0,0.0,0.0,0.0,0.0,0.0,0.0,0.0,0.0,0.0,0.0,0.0,0.0,0.0,0.0,0.0,0.0,0.0,0.0,0.0,0.0,0.0,0.0,0.0,0.0,0.0,0.0,0.0,0.0,0.0,1.0,1.0,50.0,303.63,0.0,0.0,0.0,0.0,0.0,0.0,0.0,0.0,0.0,0.0,0.0,0.0,0.0,0.0,0.0,0.0,0.0,0.0,0.0,0.0,0.0,0.0,0.0,0.0,1.0,1.0,50.0,303.63,0.0,100.0,-100.0,404.84,-2.0,-2.0,-100.0,0.12,0.12,,,,,,,,,0.0,0.0,0.0,0.0,0.0,50.0,
4,新北中信特攻,48|113|10881|10882,李沛澄/林任鴻/飛克/霸夫,1,1,2.0,7.11,0.12,00:07,7.11,0.12,00:07,0.0,0.0,0.0,0.0,2.0,2.0,100.0,607.25,0.0,0.0,0.0,0.0,0.0,0.0,0.0,0.0,0.0,0.0,0.0,0.0,0.0,0.0,0.0,0.0,0.0,0.0,0.0,0.0,0.0,0.0,0.0,0.0,0.0,0.0,0.0,0.0,0.0,0.0,0.0,0.0,0.0,0.0,0.0,0.0,0.0,0.0,0.0,0.0,1.0,1.0,50.0,303.63,0.0,0.0,0.0,0.0,0.0,0.0,0.0,0.0,0.0,0.0,0.0,0.0,0.0,0.0,0.0,0.0,0.0,0.0,0.0,0.0,0.0,0.0,0.0,0.0,1.0,1.0,50.0,303.63,0.0,100.0,-100.0,404.84,-2.0,-2.0,-100.0,0.12,0.12,,,,,,,,,0.0,0.0,0.0,0.0,0.0,50.0,
4,新北中信特攻,40|113|10879|10880,謝亞軒/林任鴻/簡廷兆/內馬,5,29,36.0,495.14,8.25,08:15,99.03,1.65,01:39,13.0,2.6,36.11,56.71,21.0,4.2,58.33,91.61,14.0,2.8,38.89,61.07,5.0,1.0,13.89,21.81,7.0,1.4,19.44,30.54,3.0,0.6,8.33,13.09,7.0,1.4,19.44,30.54,2.0,0.4,5.56,8.72,2.0,0.4,5.56,8.72,1.0,0.2,2.78,4.36,1.0,0.2,2.78,4.36,9.0,1.8,25.0,39.26,2.0,0.4,5.56,8.72,4.0,0.8,11.11,17.45,2.0,0.4,5.56,8.72,2.0,0.4,5.56,8.72,0.0,0.0,0.0,0.0,1.0,0.2,2.78,4.36,5.0,1.0,13.89,21.81,5.0,1.0,13.89,21.81,36.11,58.33,-22.22,104.7,-8.0,-1.6,-22.22,8.25,1.65,0.43,0.44,0.43,0.29,0.5,0.12,0.4,0.2,0.82,0.62,0.0,2.78,0.14,13.89,0.14
4,新北中信特攻,40|113|10879|10881,謝亞軒/林任鴻/簡廷兆/飛克,2,6,7.0,98.26,1.64,01:38,49.13,0.82,00:49,0.0,0.0,0.0,0.0,5.0,2.5,71.43,109.91,2.0,1.0,28.57,43.97,0.0,0.0,0.0,0.0,1.0,0.5,14.29,21.98,0.0,0.0,0.0,0.0,1.0,0.5,14.29,21.98,0.0,0.0,0.0,0.0,0.0,0.0,0.0,0.0,0.0,0.0,0.0,0.0,0.0,0.0,0.0,0.0,2.0,1.0,28.57,43.97,1.0,0.5,14.29,21.98,0.0,0.0,0.0,0.0,1.0,0.5,14.29,21.98,0.0,0.0,0.0,0.0,0.0,0.0,0.0,0.0,0.0,0.0,0.0,0.0,1.0,0.5,14.29,21.98,3.0,1.5,42.86,65.95,0.0,71.43,-71.43,102.59,-5.0,-2.5,-71.43,1.64,0.82,0.0,0.0,0.0,0.0,,0.33,,,0.67,0.67,0.0,0.0,0.14,42.86,0.0
4,新北中信特攻,40|113|10880|10881,謝亞軒/林任鴻/內馬/飛克,8,76,90.0,1149.21,19.15,19:09,143.65,2.39,02:24,24.0,3.0,26.67,45.11,45.0,5.62,50.0,84.58,32.0,4.0,35.56,60.15,9.0,1.12,10.0,16.92,23.0,2.88,25.56,43.23,7.0,0.88,7.78,13.16,9.0,1.12,10.0,16.92,2.0,0.25,2.22,3.76,8.0,1.0,8.89,15.04,4.0,0.5,4.44,7.52,7.0,0.88,7.78,13.16,19.0,2.38,21.11,35.71,5.0,0.62,5.56,9.4,12.0,1.5,13.33,22.55,9.0,1.12,10.0,16.92,6.0,0.75,6.67,11.28,7.0,0.88,7.78,13.16,1.0,0.12,1.11,1.88,8.0,1.0,8.89,15.04,12.0,1.5,13.33,22.55,26.67,50.0,-23.33,112.77,-21.0,-2.62,-23.33,19.15,2.39,0.31,0.34,0.3,0.22,0.5,0.2,0.67,0.37,0.79,0.6,7.78,1.11,0.09,13.33,0.25
4,新北中信特攻,40|10879|10880|10881,謝亞軒/簡廷兆/內馬/飛克,12,132,164.0,2224.87,37.08,37:05,185.41,3.09,03:05,64.0,5.33,39.02,62.13,64.0,5.33,39.02,62.13,61.0,5.08,37.2,59.22,27.0,2.25,16.46,26.21,31.0,2.58,18.9,30.1,20.0,1.67,12.2,19.42,30.0,2.5,18.29,29.13,7.0,0.58,4.27,6.8,8.0,0.67,4.88,7.77,3.0,0.25,1.83,2.91,8.0,0.67,4.88,7.77,25.0,2.08,15.24,24.27,16.0,1.33,9.76,15.53,22.0,1.83,13.41,21.36,10.0,0.83,6.1,9.71,19.0,1.58,11.59,18.45,1.0,0.08,0.61,0.97,1.0,0.08,0.61,0.97,15.0,1.25,9.15,14.56,30.0,2.5,18.29,29.13,39.02,39.02,0.0,106.15,0.0,0.0,0.0,37.08,3.09,0.5,0.5,0.65,0.23,0.38,0.13,0.7,0.27,0.61,0.46,0.61,0.61,0.09,18.29,0.13
4,新北中信特攻,113|10879|10880|10881,林任鴻/簡廷兆/內馬/飛克,7,89,119.0,1567.46,26.12,26:07,223.92,3.73,03:44,34.0,4.86,28.57,46.85,49.0,7.0,41.18,67.52,45.0,6.43,37.82,62.01,15.0,2.14,12.61,20.67,26.0,3.71,21.85,35.83,13.0,1.86,10.92,17.91,19.0,2.71,15.97,26.18,2.0,0.29,1.68,2.76,6.0,0.86,5.04,8.27,2.0,0.29,1.68,2.76,10.0,1.43,8.4,13.78,21.0,3.0,17.65,28.94,12.0,1.71,10.08,16.54,15.0,2.14,12.61,20.67,10.0,1.43,8.4,13.78,7.0,1.0,5.88,9.65,8.0,1.14,6.72,11.02,0.0,0.0,0.0,0.0,5.0,0.71,4.2,6.89,13.0,1.86,10.92,17.91,28.57,41.18,-12.61,109.32,-15.0,-2.14,-12.61,26.12,3.73,0.36,0.36,0.5,0.11,0.33,0.17,0.47,0.4,0.64,0.53,6.72,0.0,0.04,10.92,0.13
4,新北國王,22|24|29|10876,簡祐哲/蘇士軒/林書緯/尚迪,2,23,25.0,379.73,6.33,06:20,189.87,3.16,03:10,5.0,2.5,20.0,28.44,13.0,6.5,52.0,73.95,9.0,4.5,36.0,51.19,2.0,1.0,8.0,11.38,5.0,2.5,20.0,28.44,1.0,0.5,4.0,5.69,4.0,2.0,16.0,22.75,1.0,0.5,4.0,5.69,2.0,1.0,8.0,11.38,1.0,0.5,4.0,5.69,1.0,0.5,4.0,5.69,6.0,3.0,24.0,34.13,0.0,0.0,0.0,0.0,4.0,2.0,16.0,22.75,4.0,2.0,16.0,22.75,0.0,0.0,0.0,0.0,1.0,0.5,4.0,5.69,1.0,0.5,4.0,5.69,0.0,0.0,0.0,0.0,0.0,0.0,0.0,0.0,20.0,52.0,-32.0,94.8,-8.0,-4.0,-32.0,6.33,3.16,0.28,0.25,0.2,0.25,0.5,0.29,0.0,0.2,1.0,0.64,4.0,4.0,0.0,0.0,0.22
4,新北國王,22|24|10875|10876,簡祐哲/蘇士軒/傑登/尚迪,2,10,10.0,164.3,2.74,02:44,82.15,1.37,01:22,5.0,2.5,50.0,65.73,9.0,4.5,90.0,118.32,3.0,1.5,30.0,39.44,2.0,1.0,20.0,26.29,2.0,1.0,20.0,26.29,1.0,0.5,10.0,13.15,1.0,0.5,10.0,13.15,1.0,0.5,10.0,13.15,0.0,0.0,0.0,0.0,0.0,0.0,0.0,0.0,0.0,0.0,0.0,0.0,1.0,0.5,10.0,13.15,0.0,0.0,0.0,0.0,0.0,0.0,0.0,0.0,2.0,1.0,20.0,26.29,1.0,0.5,10.0,13.15,1.0,0.5,10.0,13.15,0.0,0.0,0.0,0.0,0.0,0.0,0.0,0.0,2.0,1.0,20.0,26.29,50.0,90.0,-40.0,87.64,-4.0,-2.0,-40.0,2.74,1.37,0.83,0.83,0.5,1.0,,0.4,0.5,,1.0,1.0,10.0,0.0,0.0,20.0,0.0
4,新北中信特攻,10877|10879|10880|10881,阿巴西/簡廷兆/內馬/飛克,14,230,282.0,3915.72,65.26,65:16,279.69,4.66,04:40,137.0,9.79,48.58,75.57,104.0,7.43,36.88,57.37,112.0,8.0,39.72,61.78,51.0,3.64,18.09,28.13,59.0,4.21,20.92,32.55,35.0,2.5,12.41,19.31,53.0,3.79,18.79,29.24,16.0,1.14,5.67,8.83,24.0,1.71,8.51,13.24,19.0,1.36,6.74,10.48,17.0,1.21,6.03,9.38,42.0,3.0,14.89,23.17,20.0,1.43,7.09,11.03,43.0,3.07,15.25,23.72,15.0,1.07,5.32,8.27,37.0,2.64,13.12,20.41,6.0,0.43,2.13,3.31,2.0,0.14,0.71,1.1,17.0,1.21,6.03,9.38,29.0,2.07,10.28,16.0,48.58,36.88,11.7,103.71,33.0,2.36,11.7,65.26,4.66,0.53,0.56,0.59,0.3,0.79,0.11,0.73,0.28,0.68,0.48,2.13,0.71,0.06,10.28,0.21
4,新北國王,21|10872|10874|10876,李愷諺/林彥廷/熊祥泰/尚迪,3,30,35.0,396.8,6.61,06:37,132.27,2.2,02:12,16.0,5.33,45.71,87.1,16.0,5.33,45.71,87.1,12.0,4.0,34.29,65.32,5.0,1.67,14.29,27.22,8.0,2.67,22.86,43.55,3.0,1.0,8.57,16.33,4.0,1.33,11.43,21.77,2.0,0.67,5.71,10.89,6.0,2.0,17.14,32.66,4.0,1.33,11.43,21.77,4.0,1.33,11.43,21.77,4.0,1.33,11.43,21.77,1.0,0.33,2.86,5.44,4.0,1.33,11.43,21.77,4.0,1.33,11.43,21.77,3.0,1.0,8.57,16.33,1.0,0.33,2.86,5.44,0.0,0.0,0.0,0.0,6.0,2.0,17.14,32.66,3.0,1.0,8.57,16.33,45.71,45.71,0.0,127.02,0.0,0.0,0.0,6.61,2.2,0.5,0.55,0.38,0.5,0.67,0.21,0.6,0.5,0.8,0.62,2.86,0.0,0.17,8.57,0.5
4,新北中信特攻,39|40|47|10877,魏嘉豪/謝亞軒/曾文鼎/阿巴西,2,13,15.0,165.1,2.75,02:45,82.55,1.38,01:23,6.0,3.0,40.0,78.5,6.0,3.0,40.0,78.5,5.0,2.5,33.33,65.41,3.0,1.5,20.0,39.25,3.0,1.5,20.0,39.25,3.0,1.5,20.0,39.25,2.0,1.0,13.33,26.17,0.0,0.0,0.0,0.0,2.0,1.0,13.33,26.17,0.0,0.0,0.0,0.0,1.0,0.5,6.67,13.08,2.0,1.0,13.33,26.17,0.0,0.0,0.0,0.0,3.0,1.5,20.0,39.25,1.0,0.5,6.67,13.08,1.0,0.5,6.67,13.08,0.0,0.0,0.0,0.0,0.0,0.0,0.0,0.0,3.0,1.5,20.0,39.25,4.0,2.0,26.67,52.33,40.0,40.0,0.0,130.83,0.0,0.0,0.0,2.75,1.38,0.6,0.51,1.0,0.0,0.0,0.15,0.33,0.25,1.0,0.5,0.0,0.0,0.2,26.67,0.4
4,新北中信特攻,39|40|47|10881,魏嘉豪/謝亞軒/曾文鼎/飛克,4,21,28.0,314.1,5.24,05:14,78.53,1.31,01:19,7.0,1.75,25.0,48.14,6.0,1.5,21.43,41.26,11.0,2.75,39.29,75.64,3.0,0.75,10.71,20.63,8.0,2.0,28.57,55.01,3.0,0.75,10.71,20.63,3.0,0.75,10.71,20.63,0.0,0.0,0.0,0.0,5.0,1.25,17.86,34.38,1.0,0.25,3.57,6.88,4.0,1.0,14.29,27.51,6.0,1.5,21.43,41.26,2.0,0.5,7.14,13.75,5.0,1.25,17.86,34.38,1.0,0.25,3.57,6.88,1.0,0.25,3.57,6.88,0.0,0.0,0.0,0.0,0.0,0.0,0.0,0.0,5.0,1.25,17.86,34.38,4.0,1.0,14.29,27.51,25.0,21.43,3.57,128.37,1.0,0.25,3.57,5.24,1.31,0.27,0.27,0.38,0.0,0.2,0.07,0.33,0.44,0.75,0.59,0.0,0.0,0.18,14.29,0.45
4,新北中信特攻,39|47|10877|10882,魏嘉豪/曾文鼎/阿巴西/霸夫,2,17,19.0,284.56,4.74,04:45,142.28,2.37,02:22,14.0,7.0,73.68,106.27,10.0,5.0,52.63,75.91,9.0,4.5,47.37,68.32,5.0,2.5,26.32,37.95,4.0,2.0,21.05,30.36,2.0,1.0,10.53,15.18,5.0,2.5,26.32,37.95,3.0,1.5,15.79,22.77,2.0,1.0,10.53,15.18,1.0,0.5,5.26,7.59,1.0,0.5,5.26,7.59,4.0,2.0,21.05,30.36,1.0,0.5,5.26,7.59,2.0,1.0,10.53,15.18,0.0,0.0,0.0,0.0,4.0,2.0,21.05,30.36,0.0,0.0,0.0,0.0,0.0,0.0,0.0,0.0,1.0,0.5,5.26,7.59,0.0,0.0,0.0,0.0,73.68,52.63,21.05,96.15,4.0,2.0,21.05,4.74,2.37,0.72,0.71,0.5,0.6,0.5,0.0,0.8,0.33,0.8,0.62,0.0,0.0,0.05,0.0,0.22
4,新北中信特攻,39|47|10881|10882,魏嘉豪/曾文鼎/飛克/霸夫,2,25,30.0,482.24,8.04,08:02,241.12,4.02,04:01,12.0,6.0,40.0,53.75,14.0,7.0,46.67,62.71,11.0,5.5,36.67,49.27,4.0,2.0,13.33,17.92,5.0,2.5,16.67,22.4,2.0,1.0,6.67,8.96,6.0,3.0,20.0,26.87,2.0,1.0,6.67,8.96,2.0,1.0,6.67,8.96,2.0,1.0,6.67,8.96,3.0,1.5,10.0,13.44,4.0,2.0,13.33,17.92,1.0,0.5,3.33,4.48,4.0,2.0,13.33,17.92,3.0,1.5,10.0,13.44,4.0,2.0,13.33,17.92,2.0,1.0,6.67,8.96,0.0,0.0,0.0,0.0,2.0,1.0,6.67,8.96,0.0,0.0,0.0,0.0,40.0,46.67,-6.67,89.58,-2.0,-1.0,-6.67,8.04,4.02,0.45,0.51,0.4,0.33,1.0,0.2,1.0,0.43,0.8,0.58,6.67,0.0,0.07,0.0,0.18
4,新北中信特攻,39|10877|10881|10882,魏嘉豪/阿巴西/飛克/霸夫,2,12,13.0,197.24,3.29,03:17,98.62,1.64,01:39,8.0,4.0,61.54,87.61,7.0,3.5,53.85,76.66,6.0,3.0,46.15,65.71,3.0,1.5,23.08,32.85,2.0,1.0,15.38,21.9,1.0,0.5,7.69,10.95,4.0,2.0,30.77,43.8,2.0,1.0,15.38,21.9,0.0,0.0,0.0,0.0,0.0,0.0,0.0,0.0,0.0,0.0,0.0,0.0,3.0,1.5,23.08,32.85,1.0,0.5,7.69,10.95,1.0,0.5,7.69,10.95,0.0,0.0,0.0,0.0,3.0,1.5,23.08,32.85,0.0,0.0,0.0,0.0,0.0,0.0,0.0,0.0,0.0,0.0,0.0,0.0,0.0,0.0,0.0,0.0,61.54,53.85,7.69,94.91,1.0,0.5,7.69,3.29,1.64,0.67,0.67,0.5,0.5,,0.0,1.0,0.0,0.75,0.6,0.0,0.0,0.0,0.0,0.0
4,新北國王,19|21|24|34,蘇培凱/李愷諺/蘇士軒/沃許本,1,7,8.0,81.11,1.35,01:21,81.11,1.35,01:21,3.0,3.0,37.5,79.89,0.0,0.0,0.0,0.0,2.0,2.0,25.0,53.26,1.0,1.0,12.5,26.63,2.0,2.0,25.0,53.26,1.0,1.0,12.5,26.63,0.0,0.0,0.0,0.0,0.0,0.0,0.0,0.0,1.0,1.0,12.5,26.63,1.0,1.0,12.5,26.63,1.0,1.0,12.5,26.63,0.0,0.0,0.0,0.0,0.0,0.0,0.0,0.0,2.0,2.0,25.0,53.26,2.0,2.0,25.0,53.26,0.0,0.0,0.0,0.0,1.0,1.0,12.5,26.63,0.0,0.0,0.0,0.0,1.0,1.0,12.5,26.63,0.0,0.0,0.0,0.0,37.5,0.0,37.5,142.03,3.0,3.0,37.5,1.35,1.35,0.5,0.61,0.5,,1.0,0.45,0.0,0.33,,0.33,12.5,0.0,0.12,0.0,0.5
4,新北國王,19|21|24|10875,蘇培凱/李愷諺/蘇士軒/傑登,1,7,8.0,81.11,1.35,01:21,81.11,1.35,01:21,3.0,3.0,37.5,79.89,0.0,0.0,0.0,0.0,2.0,2.0,25.0,53.26,1.0,1.0,12.5,26.63,2.0,2.0,25.0,53.26,1.0,1.0,12.5,26.63,0.0,0.0,0.0,0.0,0.0,0.0,0.0,0.0,1.0,1.0,12.5,26.63,1.0,1.0,12.5,26.63,1.0,1.0,12.5,26.63,0.0,0.0,0.0,0.0,0.0,0.0,0.0,0.0,2.0,2.0,25.0,53.26,2.0,2.0,25.0,53.26,0.0,0.0,0.0,0.0,1.0,1.0,12.5,26.63,0.0,0.0,0.0,0.0,1.0,1.0,12.5,26.63,0.0,0.0,0.0,0.0,37.5,0.0,37.5,142.03,3.0,3.0,37.5,1.35,1.35,0.5,0.61,0.5,,1.0,0.45,0.0,0.33,,0.33,12.5,0.0,0.12,0.0,0.5
4,新北國王,19|21|34|10875,蘇培凱/李愷諺/沃許本/傑登,1,7,8.0,81.11,1.35,01:21,81.11,1.35,01:21,3.0,3.0,37.5,79.89,0.0,0.0,0.0,0.0,2.0,2.0,25.0,53.26,1.0,1.0,12.5,26.63,2.0,2.0,25.0,53.26,1.0,1.0,12.5,26.63,0.0,0.0,0.0,0.0,0.0,0.0,0.0,0.0,1.0,1.0,12.5,26.63,1.0,1.0,12.5,26.63,1.0,1.0,12.5,26.63,0.0,0.0,0.0,0.0,0.0,0.0,0.0,0.0,2.0,2.0,25.0,53.26,2.0,2.0,25.0,53.26,0.0,0.0,0.0,0.0,1.0,1.0,12.5,26.63,0.0,0.0,0.0,0.0,1.0,1.0,12.5,26.63,0.0,0.0,0.0,0.0,37.5,0.0,37.5,142.03,3.0,3.0,37.5,1.35,1.35,0.5,0.61,0.5,,1.0,0.45,0.0,0.33,,0.33,12.5,0.0,0.12,0.0,0.5
4,新北國王,19|24|34|10875,蘇培凱/蘇士軒/沃許本/傑登,1,7,8.0,81.11,1.35,01:21,81.11,1.35,01:21,3.0,3.0,37.5,79.89,0.0,0.0,0.0,0.0,2.0,2.0,25.0,53.26,1.0,1.0,12.5,26.63,2.0,2.0,25.0,53.26,1.0,1.0,12.5,26.63,0.0,0.0,0.0,0.0,0.0,0.0,0.0,0.0,1.0,1.0,12.5,26.63,1.0,1.0,12.5,26.63,1.0,1.0,12.5,26.63,0.0,0.0,0.0,0.0,0.0,0.0,0.0,0.0,2.0,2.0,25.0,53.26,2.0,2.0,25.0,53.26,0.0,0.0,0.0,0.0,1.0,1.0,12.5,26.63,0.0,0.0,0.0,0.0,1.0,1.0,12.5,26.63,0.0,0.0,0.0,0.0,37.5,0.0,37.5,142.03,3.0,3.0,37.5,1.35,1.35,0.5,0.61,0.5,,1.0,0.45,0.0,0.33,,0.33,12.5,0.0,0.12,0.0,0.5
4,新北中信特攻,40|47|10877|10882,謝亞軒/曾文鼎/阿巴西/霸夫,2,10,12.0,138.01,2.3,02:18,69.01,1.15,01:09,5.0,2.5,41.67,78.25,5.0,2.5,41.67,78.25,3.0,1.5,25.0,46.95,1.0,0.5,8.33,15.65,1.0,0.5,8.33,15.65,0.0,0.0,0.0,0.0,2.0,1.0,16.67,31.3,1.0,0.5,8.33,15.65,3.0,1.5,25.0,46.95,2.0,1.0,16.67,31.3,0.0,0.0,0.0,0.0,1.0,0.5,8.33,15.65,1.0,0.5,8.33,15.65,0.0,0.0,0.0,0.0,2.0,1.0,16.67,31.3,2.0,1.0,16.67,31.3,1.0,0.5,8.33,15.65,0.0,0.0,0.0,0.0,0.0,0.0,0.0,0.0,1.0,0.5,8.33,15.65,41.67,41.67,0.0,125.2,0.0,0.0,0.0,2.3,1.15,0.5,0.58,0.0,0.5,0.67,0.32,2.0,,0.5,0.5,8.33,0.0,0.0,8.33,1.0
4,新北中信特攻,40|47|10881|10882,謝亞軒/曾文鼎/飛克/霸夫,3,55,65.0,992.51,16.54,16:33,330.84,5.51,05:31,23.0,7.67,35.38,50.05,23.0,7.67,35.38,50.05,25.0,8.33,38.46,54.41,9.0,3.0,13.85,19.59,11.0,3.67,16.92,23.94,5.0,1.67,7.69,10.88,14.0,4.67,21.54,30.47,4.0,1.33,6.15,8.71,2.0,0.67,3.08,4.35,1.0,0.33,1.54,2.18,3.0,1.0,4.62,6.53,12.0,4.0,18.46,26.12,4.0,1.33,6.15,8.71,10.0,3.33,15.38,21.76,5.0,1.67,7.69,10.88,8.0,2.67,12.31,17.41,3.0,1.0,4.62,6.53,1.0,0.33,1.54,2.18,2.0,0.67,3.08,4.35,4.0,1.33,6.15,8.71,35.38,35.38,0.0,94.31,0.0,0.0,0.0,16.54,5.51,0.44,0.44,0.45,0.29,0.5,0.16,0.89,0.23,0.75,0.52,4.62,1.54,0.03,6.15,0.08
4,新北中信特攻,40|10877|10881|10882,謝亞軒/阿巴西/飛克/霸夫,1,12,14.0,180.17,3.0,03:00,180.17,3.0,03:00,3.0,3.0,21.43,35.97,7.0,7.0,50.0,83.92,5.0,5.0,35.71,59.94,1.0,1.0,7.14,11.99,2.0,2.0,14.29,23.98,0.0,0.0,0.0,0.0,3.0,3.0,21.43,35.97,1.0,1.0,7.14,11.99,0.0,0.0,0.0,0.0,0.0,0.0,0.0,0.0,0.0,0.0,0.0,0.0,2.0,2.0,14.29,23.98,1.0,1.0,7.14,11.99,0.0,0.0,0.0,0.0,2.0,2.0,14.29,23.98,1.0,1.0,7.14,11.99,1.0,1.0,7.14,11.99,1.0,1.0,7.14,11.99,0.0,0.0,0.0,0.0,3.0,3.0,21.43,35.97,21.43,50.0,-28.57,111.89,-4.0,-4.0,-28.57,3.0,3.0,0.3,0.3,0.0,0.33,,0.29,1.0,,0.67,0.67,7.14,7.14,0.0,21.43,0.0
4,新北國王,21|24|34|10872,李愷諺/蘇士軒/沃許本/林彥廷,7,72,84.0,1096.4,18.27,18:16,156.63,2.61,02:37,39.0,5.57,46.43,76.83,36.0,5.14,42.86,70.92,31.0,4.43,36.9,61.07,14.0,2.0,16.67,27.58,19.0,2.71,22.62,37.43,10.0,1.43,11.9,19.7,12.0,1.71,14.29,23.64,4.0,0.57,4.76,7.88,12.0,1.71,14.29,23.64,7.0,1.0,8.33,13.79,4.0,0.57,4.76,7.88,14.0,2.0,16.67,27.58,3.0,0.43,3.57,5.91,10.0,1.43,11.9,19.7,4.0,0.57,4.76,7.88,8.0,1.14,9.52,15.76,2.0,0.29,2.38,3.94,0.0,0.0,0.0,0.0,12.0,1.71,14.29,23.64,8.0,1.14,9.52,15.76,46.43,42.86,3.57,110.32,3.0,0.43,3.57,18.27,2.61,0.52,0.54,0.53,0.33,0.58,0.1,0.57,0.29,0.82,0.58,2.38,0.0,0.14,9.52,0.39
4,新北中信特攻,40|44|10877|10881,謝亞軒/黃泓瀚/阿巴西/飛克,8,213,248.0,3238.76,53.98,53:59,404.85,6.75,06:45,109.0,13.62,43.95,72.69,119.0,14.88,47.98,79.36,91.0,11.38,36.69,60.69,45.0,5.62,18.15,30.01,61.0,7.62,24.6,40.68,34.0,4.25,13.71,22.68,30.0,3.75,12.1,20.01,11.0,1.38,4.44,7.34,18.0,2.25,7.26,12.0,8.0,1.0,3.23,5.34,12.0,1.5,4.84,8.0,36.0,4.5,14.52,24.01,16.0,2.0,6.45,10.67,42.0,5.25,16.94,28.01,19.0,2.38,7.66,12.67,24.0,3.0,9.68,16.01,9.0,1.12,3.63,6.0,5.0,0.62,2.02,3.33,18.0,2.25,7.26,12.0,22.0,2.75,8.87,14.67,43.95,47.98,-4.03,110.26,-10.0,-1.25,-4.03,53.98,6.75,0.55,0.55,0.56,0.37,0.44,0.16,0.53,0.22,0.69,0.45,3.63,2.02,0.07,8.87,0.2
4,新北中信特攻,40|44|10877|10882,謝亞軒/黃泓瀚/阿巴西/霸夫,1,3,3.0,42.97,0.72,00:43,42.97,0.72,00:43,0.0,0.0,0.0,0.0,2.0,2.0,66.67,100.53,2.0,2.0,66.67,100.53,0.0,0.0,0.0,0.0,1.0,1.0,33.33,50.26,0.0,0.0,0.0,0.0,1.0,1.0,33.33,50.26,0.0,0.0,0.0,0.0,0.0,0.0,0.0,0.0,0.0,0.0,0.0,0.0,0.0,0.0,0.0,0.0,1.0,1.0,33.33,50.26,0.0,0.0,0.0,0.0,0.0,0.0,0.0,0.0,0.0,0.0,0.0,0.0,0.0,0.0,0.0,0.0,0.0,0.0,0.0,0.0,1.0,1.0,33.33,50.26,0.0,0.0,0.0,0.0,2.0,2.0,66.67,100.53,0.0,66.67,-66.67,100.53,-2.0,-2.0,-66.67,0.72,0.72,0.0,0.0,0.0,0.0,,0.0,,,1.0,1.0,0.0,33.33,0.0,66.67,0.0
4,新北中信特攻,40|44|10881|10882,謝亞軒/黃泓瀚/飛克/霸夫,1,3,3.0,45.97,0.77,00:46,45.97,0.77,00:46,0.0,0.0,0.0,0.0,2.0,2.0,66.67,93.97,2.0,2.0,66.67,93.97,0.0,0.0,0.0,0.0,1.0,1.0,33.33,46.98,0.0,0.0,0.0,0.0,1.0,1.0,33.33,46.98,0.0,0.0,0.0,0.0,0.0,0.0,0.0,0.0,0.0,0.0,0.0,0.0,0.0,0.0,0.0,0.0,1.0,1.0,33.33,46.98,0.0,0.0,0.0,0.0,0.0,0.0,0.0,0.0,0.0,0.0,0.0,0.0,0.0,0.0,0.0,0.0,0.0,0.0,0.0,0.0,1.0,1.0,33.33,46.98,0.0,0.0,0.0,0.0,4.0,4.0,133.33,187.94,0.0,66.67,-66.67,93.97,-2.0,-2.0,-66.67,0.77,0.77,0.0,0.0,0.0,0.0,,0.0,,,1.0,1.0,0.0,33.33,0.0,133.33,0.0
4,新北中信特攻,44|10877|10881|10882,黃泓瀚/阿巴西/飛克/霸夫,1,3,3.0,42.97,0.72,00:43,42.97,0.72,00:43,0.0,0.0,0.0,0.0,2.0,2.0,66.67,100.53,2.0,2.0,66.67,100.53,0.0,0.0,0.0,0.0,1.0,1.0,33.33,50.26,0.0,0.0,0.0,0.0,1.0,1.0,33.33,50.26,0.0,0.0,0.0,0.0,0.0,0.0,0.0,0.0,0.0,0.0,0.0,0.0,0.0,0.0,0.0,0.0,1.0,1.0,33.33,50.26,0.0,0.0,0.0,0.0,0.0,0.0,0.0,0.0,0.0,0.0,0.0,0.0,0.0,0.0,0.0,0.0,0.0,0.0,0.0,0.0,1.0,1.0,33.33,50.26,0.0,0.0,0.0,0.0,2.0,2.0,66.67,100.53,0.0,66.67,-66.67,100.53,-2.0,-2.0,-66.67,0.72,0.72,0.0,0.0,0.0,0.0,,0.0,,,1.0,1.0,0.0,33.33,0.0,66.67,0.0
4,新北中信特攻,39|47|10877|10880,魏嘉豪/曾文鼎/阿巴西/內馬,4,34,36.0,532.5,8.88,08:53,133.13,2.22,02:13,24.0,6.0,66.67,97.35,18.0,4.5,50.0,73.01,15.0,3.75,41.67,60.85,9.0,2.25,25.0,36.51,10.0,2.5,27.78,40.56,5.0,1.25,13.89,20.28,5.0,1.25,13.89,20.28,4.0,1.0,11.11,16.23,4.0,1.0,11.11,16.23,2.0,0.5,5.56,8.11,2.0,0.5,5.56,8.11,5.0,1.25,13.89,20.28,0.0,0.0,0.0,0.0,7.0,1.75,19.44,28.39,2.0,0.5,5.56,8.11,6.0,1.5,16.67,24.34,1.0,0.25,2.78,4.06,0.0,0.0,0.0,0.0,3.0,0.75,8.33,12.17,4.0,1.0,11.11,16.23,66.67,50.0,16.67,97.35,6.0,1.5,16.67,8.88,2.22,0.73,0.72,0.5,0.8,0.5,0.11,0.67,0.22,1.0,0.5,2.78,0.0,0.08,11.11,0.27
4,新北中信特攻,39|47|10880|10882,魏嘉豪/曾文鼎/內馬/霸夫,2,12,16.0,208.32,3.47,03:28,104.16,1.74,01:44,8.0,4.0,50.0,82.95,12.0,6.0,75.0,124.42,8.0,4.0,50.0,82.95,3.0,1.5,18.75,31.11,7.0,3.5,43.75,72.58,2.0,1.0,12.5,20.74,1.0,0.5,6.25,10.37,1.0,0.5,6.25,10.37,2.0,1.0,12.5,20.74,1.0,0.5,6.25,10.37,3.0,1.5,18.75,31.11,3.0,1.5,18.75,31.11,0.0,0.0,0.0,0.0,1.0,0.5,6.25,10.37,0.0,0.0,0.0,0.0,1.0,0.5,6.25,10.37,0.0,0.0,0.0,0.0,1.0,0.5,6.25,10.37,1.0,0.5,6.25,10.37,1.0,0.5,6.25,10.37,50.0,75.0,-25.0,110.6,-4.0,-2.0,-25.0,3.47,1.74,0.44,0.45,0.29,1.0,0.5,0.0,0.33,0.75,1.0,0.86,0.0,6.25,0.06,6.25,0.25
4,新北中信特攻,39|10877|10880|10882,魏嘉豪/阿巴西/內馬/霸夫,1,5,6.0,87.32,1.46,01:27,87.32,1.46,01:27,6.0,6.0,100.0,148.41,3.0,3.0,50.0,74.21,3.0,3.0,50.0,74.21,2.0,2.0,33.33,49.47,2.0,2.0,33.33,49.47,1.0,1.0,16.67,24.74,1.0,1.0,16.67,24.74,1.0,1.0,16.67,24.74,2.0,2.0,33.33,49.47,1.0,1.0,16.67,24.74,1.0,1.0,16.67,24.74,1.0,1.0,16.67,24.74,0.0,0.0,0.0,0.0,1.0,1.0,16.67,24.74,0.0,0.0,0.0,0.0,1.0,1.0,16.67,24.74,0.0,0.0,0.0,0.0,0.0,0.0,0.0,0.0,1.0,1.0,16.67,24.74,0.0,0.0,0.0,0.0,100.0,50.0,50.0,98.94,3.0,3.0,50.0,1.46,1.46,0.83,0.77,0.5,1.0,0.5,0.0,0.5,0.5,1.0,0.67,0.0,0.0,0.17,0.0,0.67
4,新北中信特攻,47|10877|10880|10882,曾文鼎/阿巴西/內馬/霸夫,2,6,7.0,88.14,1.47,01:28,44.07,0.73,00:44,8.0,4.0,114.29,196.06,3.0,1.5,42.86,73.52,3.0,1.5,42.86,73.52,2.0,1.0,28.57,49.01,2.0,1.0,28.57,49.01,1.0,0.5,14.29,24.51,1.0,0.5,14.29,24.51,1.0,0.5,14.29,24.51,5.0,2.5,71.43,122.54,3.0,1.5,42.86,73.52,1.0,0.5,14.29,24.51,1.0,0.5,14.29,24.51,0.0,0.0,0.0,0.0,1.0,0.5,14.29,24.51,0.0,0.0,0.0,0.0,2.0,1.0,28.57,49.01,0.0,0.0,0.0,0.0,0.0,0.0,0.0,0.0,1.0,0.5,14.29,24.51,0.0,0.0,0.0,0.0,114.29,42.86,71.43,114.37,5.0,2.5,71.43,1.47,0.73,0.83,0.77,0.5,1.0,0.6,0.0,1.0,0.5,1.0,0.67,0.0,0.0,0.14,0.0,1.67
4,新北國王,21|29|34|10872,李愷諺/林書緯/沃許本/林彥廷,5,66,86.0,996.53,16.61,16:37,199.31,3.32,03:19,33.0,6.6,38.37,71.53,35.0,7.0,40.7,75.86,28.0,5.6,32.56,60.69,11.0,2.2,12.79,23.84,18.0,3.6,20.93,39.02,9.0,1.8,10.47,19.51,10.0,2.0,11.63,21.68,2.0,0.4,2.33,4.34,11.0,2.2,12.79,23.84,9.0,1.8,10.47,19.51,5.0,1.0,5.81,10.84,13.0,2.6,15.12,28.18,8.0,1.6,9.3,17.34,10.0,2.0,11.63,21.68,5.0,1.0,5.81,10.84,8.0,1.6,9.3,17.34,4.0,0.8,4.65,8.67,2.0,0.4,2.33,4.34,7.0,1.4,8.14,15.17,10.0,2.0,11.63,21.68,38.37,40.7,-2.33,124.27,-2.0,-0.4,-2.33,16.61,3.32,0.43,0.5,0.5,0.2,0.82,0.13,0.73,0.33,0.62,0.5,4.65,2.33,0.08,11.63,0.39
4,新北國王,22|29|34|10874,簡祐哲/林書緯/沃許本/熊祥泰,4,13,18.0,274.31,4.57,04:34,68.58,1.14,01:09,10.0,2.5,55.56,78.74,5.0,1.25,27.78,39.37,7.0,1.75,38.89,55.12,3.0,0.75,16.67,23.62,5.0,1.25,27.78,39.37,2.0,0.5,11.11,15.75,2.0,0.5,11.11,15.75,1.0,0.25,5.56,7.87,3.0,0.75,16.67,23.62,3.0,0.75,16.67,23.62,2.0,0.5,11.11,15.75,2.0,0.5,11.11,15.75,1.0,0.25,5.56,7.87,2.0,0.5,11.11,15.75,0.0,0.0,0.0,0.0,1.0,0.25,5.56,7.87,0.0,0.0,0.0,0.0,1.0,0.25,5.56,7.87,1.0,0.25,5.56,7.87,4.0,1.0,22.22,31.5,55.56,27.78,27.78,94.49,5.0,1.25,27.78,4.57,1.14,0.5,0.6,0.4,0.5,1.0,0.0,0.33,0.5,0.67,0.57,0.0,5.56,0.06,22.22,0.43
4,新北國王,22|29|10874|10876,簡祐哲/林書緯/熊祥泰/尚迪,1,3,4.0,40.0,0.67,00:40,40.0,0.67,00:40,0.0,0.0,0.0,0.0,0.0,0.0,0.0,0.0,1.0,1.0,25.0,54.0,0.0,0.0,0.0,0.0,1.0,1.0,25.0,54.0,0.0,0.0,0.0,0.0,0.0,0.0,0.0,0.0,0.0,0.0,0.0,0.0,0.0,0.0,0.0,0.0,0.0,0.0,0.0,0.0,0.0,0.0,0.0,0.0,1.0,1.0,25.0,54.0,0.0,0.0,0.0,0.0,1.0,1.0,25.0,54.0,0.0,0.0,0.0,0.0,0.0,0.0,0.0,0.0,0.0,0.0,0.0,0.0,1.0,1.0,25.0,54.0,0.0,0.0,0.0,0.0,0.0,0.0,0.0,0.0,0.0,0.0,0.0,144.0,0.0,0.0,0.0,0.67,0.67,0.0,0.0,0.0,,,0.0,,0.0,1.0,0.5,0.0,25.0,0.0,0.0,0.0
4,新北國王,22|34|10874|10876,簡祐哲/沃許本/熊祥泰/尚迪,1,3,4.0,40.0,0.67,00:40,40.0,0.67,00:40,0.0,0.0,0.0,0.0,0.0,0.0,0.0,0.0,1.0,1.0,25.0,54.0,0.0,0.0,0.0,0.0,1.0,1.0,25.0,54.0,0.0,0.0,0.0,0.0,0.0,0.0,0.0,0.0,0.0,0.0,0.0,0.0,0.0,0.0,0.0,0.0,0.0,0.0,0.0,0.0,0.0,0.0,0.0,0.0,1.0,1.0,25.0,54.0,0.0,0.0,0.0,0.0,1.0,1.0,25.0,54.0,0.0,0.0,0.0,0.0,0.0,0.0,0.0,0.0,0.0,0.0,0.0,0.0,1.0,1.0,25.0,54.0,0.0,0.0,0.0,0.0,0.0,0.0,0.0,0.0,0.0,0.0,0.0,144.0,0.0,0.0,0.0,0.67,0.67,0.0,0.0,0.0,,,0.0,,0.0,1.0,0.5,0.0,25.0,0.0,0.0,0.0
4,新北國王,22|24|29|34,簡祐哲/蘇士軒/林書緯/沃許本,2,15,17.0,246.49,4.11,04:06,123.25,2.05,02:03,3.0,1.5,17.65,26.29,5.0,2.5,29.41,43.81,7.0,3.5,41.18,61.34,1.0,0.5,5.88,8.76,3.0,1.5,17.65,26.29,0.0,0.0,0.0,0.0,4.0,2.0,23.53,35.05,1.0,0.5,5.88,8.76,2.0,1.0,11.76,17.53,1.0,0.5,5.88,8.76,1.0,0.5,5.88,8.76,5.0,2.5,29.41,43.81,0.0,0.0,0.0,0.0,4.0,2.0,23.53,35.05,2.0,1.0,11.76,17.53,0.0,0.0,0.0,0.0,0.0,0.0,0.0,0.0,1.0,0.5,5.88,8.76,0.0,0.0,0.0,0.0,0.0,0.0,0.0,0.0,17.65,29.41,-11.76,99.31,-2.0,-1.0,-11.76,4.11,2.05,0.21,0.19,0.0,0.25,0.5,0.2,0.0,0.2,1.0,0.6,0.0,5.88,0.0,0.0,0.29
4,新北國王,22|24|34|10876,簡祐哲/蘇士軒/沃許本/尚迪,2,17,21.0,302.49,5.04,05:02,151.25,2.52,02:31,3.0,1.5,14.29,21.42,7.0,3.5,33.33,49.98,9.0,4.5,42.86,64.27,1.0,0.5,4.76,7.14,3.0,1.5,14.29,21.42,0.0,0.0,0.0,0.0,6.0,3.0,28.57,42.84,1.0,0.5,4.76,7.14,2.0,1.0,9.52,14.28,1.0,0.5,4.76,7.14,2.0,1.0,9.52,14.28,6.0,3.0,28.57,42.84,2.0,1.0,9.52,14.28,5.0,2.5,23.81,35.7,2.0,1.0,9.52,14.28,0.0,0.0,0.0,0.0,0.0,0.0,0.0,0.0,1.0,0.5,4.76,7.14,0.0,0.0,0.0,0.0,1.0,0.5,4.76,7.14,14.29,33.33,-19.05,99.97,-4.0,-2.0,-19.05,5.04,2.52,0.17,0.15,0.0,0.17,0.5,0.17,0.0,0.29,0.75,0.53,0.0,4.76,0.0,4.76,0.22
4,新北國王,22|25|29|34,簡祐哲/林金榜/林書緯/沃許本,2,34,44.0,841.71,14.03,14:02,420.85,7.01,07:01,12.0,6.0,27.27,30.79,24.0,12.0,54.55,61.59,17.0,8.5,38.64,43.63,5.0,2.5,11.36,12.83,8.0,4.0,18.18,20.53,4.0,2.0,9.09,10.26,9.0,4.5,20.45,23.1,1.0,0.5,2.27,2.57,2.0,1.0,4.55,5.13,1.0,0.5,2.27,2.57,5.0,2.5,11.36,12.83,8.0,4.0,18.18,20.53,6.0,3.0,13.64,15.4,6.0,3.0,13.64,15.4,3.0,1.5,6.82,7.7,2.0,1.0,4.55,5.13,3.0,1.5,6.82,7.7,0.0,0.0,0.0,0.0,3.0,1.5,6.82,7.7,2.0,1.0,4.55,5.13,27.27,54.55,-27.27,75.28,-12.0,-6.0,-27.27,14.03,7.01,0.32,0.34,0.5,0.11,0.5,0.14,0.4,0.45,0.57,0.52,6.82,0.0,0.07,4.55,0.12
4,新北國王,22|25|29|10875,簡祐哲/林金榜/林書緯/傑登,1,4,7.0,94.0,1.57,01:34,94.0,1.57,01:34,2.0,2.0,28.57,45.96,2.0,2.0,28.57,45.96,4.0,4.0,57.14,91.91,1.0,1.0,14.29,22.98,3.0,3.0,42.86,68.94,1.0,1.0,14.29,22.98,1.0,1.0,14.29,22.98,0.0,0.0,0.0,0.0,0.0,0.0,0.0,0.0,0.0,0.0,0.0,0.0,2.0,2.0,28.57,45.96,1.0,1.0,14.29,22.98,1.0,1.0,14.29,22.98,1.0,1.0,14.29,22.98,0.0,0.0,0.0,0.0,0.0,0.0,0.0,0.0,0.0,0.0,0.0,0.0,0.0,0.0,0.0,0.0,1.0,1.0,14.29,22.98,0.0,0.0,0.0,0.0,28.57,28.57,0.0,107.23,0.0,0.0,0.0,1.57,1.57,0.25,0.25,0.33,0.0,,0.0,0.0,0.67,0.5,0.6,0.0,0.0,0.14,0.0,0.0
4,新北國王,22|25|34|10875,簡祐哲/林金榜/沃許本/傑登,2,32,39.0,508.61,8.48,08:29,254.31,4.24,04:14,18.0,9.0,46.15,76.44,17.0,8.5,43.59,72.2,13.0,6.5,33.33,55.21,7.0,3.5,17.95,29.73,10.0,5.0,25.64,42.47,6.0,3.0,15.38,25.48,3.0,1.5,7.69,12.74,1.0,0.5,2.56,4.25,5.0,2.5,12.82,21.23,3.0,1.5,7.69,12.74,2.0,1.0,5.13,8.49,5.0,2.5,12.82,21.23,4.0,2.0,10.26,16.99,4.0,2.0,10.26,16.99,2.0,1.0,5.13,8.49,5.0,2.5,12.82,21.23,2.0,1.0,5.13,8.49,1.0,0.5,2.56,4.25,4.0,2.0,10.26,16.99,0.0,0.0,0.0,0.0,46.15,43.59,2.56,110.42,1.0,0.5,2.56,8.48,4.24,0.58,0.59,0.6,0.33,0.6,0.12,0.71,0.33,0.56,0.47,5.13,2.56,0.1,0.0,0.38
4,新北國王,25|29|34|10875,林金榜/林書緯/沃許本/傑登,4,14,17.0,254.18,4.24,04:14,63.54,1.06,01:04,6.0,1.5,35.29,50.99,9.0,2.25,52.94,76.48,6.0,1.5,35.29,50.99,1.0,0.25,5.88,8.5,5.0,1.25,29.41,42.49,1.0,0.25,5.88,8.5,1.0,0.25,5.88,8.5,0.0,0.0,0.0,0.0,4.0,1.0,23.53,33.99,4.0,1.0,23.53,33.99,2.0,0.5,11.76,17.0,3.0,0.75,17.65,25.49,1.0,0.25,5.88,8.5,3.0,0.75,17.65,25.49,0.0,0.0,0.0,0.0,2.0,0.5,11.76,17.0,0.0,0.0,0.0,0.0,0.0,0.0,0.0,0.0,3.0,0.75,17.65,25.49,0.0,0.0,0.0,0.0,35.29,52.94,-17.65,96.31,-3.0,-0.75,-17.65,4.24,1.06,0.17,0.39,0.2,0.0,1.0,0.0,2.0,0.4,0.75,0.56,0.0,0.0,0.18,0.0,0.67
4,新北國王,23|25|29|34,王柏智/林金榜/林書緯/沃許本,1,4,4.0,67.41,1.12,01:07,67.41,1.12,01:07,2.0,2.0,50.0,64.09,2.0,2.0,50.0,64.09,1.0,1.0,25.0,32.04,0.0,0.0,0.0,0.0,1.0,1.0,25.0,32.04,0.0,0.0,0.0,0.0,0.0,0.0,0.0,0.0,0.0,0.0,0.0,0.0,2.0,2.0,50.0,64.09,2.0,2.0,50.0,64.09,0.0,0.0,0.0,0.0,1.0,1.0,25.0,32.04,0.0,0.0,0.0,0.0,1.0,1.0,25.0,32.04,0.0,0.0,0.0,0.0,0.0,0.0,0.0,0.0,0.0,0.0,0.0,0.0,0.0,0.0,0.0,0.0,1.0,1.0,25.0,32.04,0.0,0.0,0.0,0.0,50.0,50.0,0.0,85.45,0.0,0.0,0.0,1.12,1.12,0.0,0.53,0.0,,1.0,0.0,,0.0,1.0,0.5,0.0,0.0,0.25,0.0,2.0
4,新北國王,23|25|29|10875,王柏智/林金榜/林書緯/傑登,1,4,4.0,67.41,1.12,01:07,67.41,1.12,01:07,2.0,2.0,50.0,64.09,2.0,2.0,50.0,64.09,1.0,1.0,25.0,32.04,0.0,0.0,0.0,0.0,1.0,1.0,25.0,32.04,0.0,0.0,0.0,0.0,0.0,0.0,0.0,0.0,0.0,0.0,0.0,0.0,2.0,2.0,50.0,64.09,2.0,2.0,50.0,64.09,0.0,0.0,0.0,0.0,1.0,1.0,25.0,32.04,0.0,0.0,0.0,0.0,1.0,1.0,25.0,32.04,0.0,0.0,0.0,0.0,0.0,0.0,0.0,0.0,0.0,0.0,0.0,0.0,0.0,0.0,0.0,0.0,1.0,1.0,25.0,32.04,0.0,0.0,0.0,0.0,50.0,50.0,0.0,85.45,0.0,0.0,0.0,1.12,1.12,0.0,0.53,0.0,,1.0,0.0,,0.0,1.0,0.5,0.0,0.0,0.25,0.0,2.0
4,新北國王,23|25|34|10875,王柏智/林金榜/沃許本/傑登,1,4,4.0,67.41,1.12,01:07,67.41,1.12,01:07,2.0,2.0,50.0,64.09,2.0,2.0,50.0,64.09,1.0,1.0,25.0,32.04,0.0,0.0,0.0,0.0,1.0,1.0,25.0,32.04,0.0,0.0,0.0,0.0,0.0,0.0,0.0,0.0,0.0,0.0,0.0,0.0,2.0,2.0,50.0,64.09,2.0,2.0,50.0,64.09,0.0,0.0,0.0,0.0,1.0,1.0,25.0,32.04,0.0,0.0,0.0,0.0,1.0,1.0,25.0,32.04,0.0,0.0,0.0,0.0,0.0,0.0,0.0,0.0,0.0,0.0,0.0,0.0,0.0,0.0,0.0,0.0,1.0,1.0,25.0,32.04,0.0,0.0,0.0,0.0,50.0,50.0,0.0,85.45,0.0,0.0,0.0,1.12,1.12,0.0,0.53,0.0,,1.0,0.0,,0.0,1.0,0.5,0.0,0.0,0.25,0.0,2.0
4,新北國王,23|29|34|10875,王柏智/林書緯/沃許本/傑登,1,4,4.0,67.41,1.12,01:07,67.41,1.12,01:07,2.0,2.0,50.0,64.09,2.0,2.0,50.0,64.09,1.0,1.0,25.0,32.04,0.0,0.0,0.0,0.0,1.0,1.0,25.0,32.04,0.0,0.0,0.0,0.0,0.0,0.0,0.0,0.0,0.0,0.0,0.0,0.0,2.0,2.0,50.0,64.09,2.0,2.0,50.0,64.09,0.0,0.0,0.0,0.0,1.0,1.0,25.0,32.04,0.0,0.0,0.0,0.0,1.0,1.0,25.0,32.04,0.0,0.0,0.0,0.0,0.0,0.0,0.0,0.0,0.0,0.0,0.0,0.0,0.0,0.0,0.0,0.0,1.0,1.0,25.0,32.04,0.0,0.0,0.0,0.0,50.0,50.0,0.0,85.45,0.0,0.0,0.0,1.12,1.12,0.0,0.53,0.0,,1.0,0.0,,0.0,1.0,0.5,0.0,0.0,0.25,0.0,2.0
4,新北國王,22|23|29|10875,簡祐哲/王柏智/林書緯/傑登,2,10,11.0,138.4,2.31,02:18,69.2,1.15,01:09,3.0,1.5,27.27,46.82,1.0,0.5,9.09,15.61,3.0,1.5,27.27,46.82,1.0,0.5,9.09,15.61,2.0,1.0,18.18,31.21,1.0,0.5,9.09,15.61,1.0,0.5,9.09,15.61,0.0,0.0,0.0,0.0,2.0,1.0,18.18,31.21,1.0,0.5,9.09,15.61,0.0,0.0,0.0,0.0,2.0,1.0,18.18,31.21,1.0,0.5,9.09,15.61,5.0,2.5,45.45,78.04,0.0,0.0,0.0,0.0,0.0,0.0,0.0,0.0,0.0,0.0,0.0,0.0,0.0,0.0,0.0,0.0,2.0,1.0,18.18,31.21,2.0,1.0,18.18,31.21,27.27,9.09,18.18,114.45,2.0,1.0,18.18,2.31,1.15,0.33,0.39,0.5,0.0,0.5,0.0,0.0,0.0,0.67,0.25,0.0,0.0,0.18,18.18,0.67
4,新北國王,22|23|10875|10876,簡祐哲/王柏智/傑登/尚迪,1,6,7.0,96.69,1.61,01:37,96.69,1.61,01:37,3.0,3.0,42.86,67.02,0.0,0.0,0.0,0.0,2.0,2.0,28.57,44.68,1.0,1.0,14.29,22.34,2.0,2.0,28.57,44.68,1.0,1.0,14.29,22.34,0.0,0.0,0.0,0.0,0.0,0.0,0.0,0.0,2.0,2.0,28.57,44.68,1.0,1.0,14.29,22.34,0.0,0.0,0.0,0.0,1.0,1.0,14.29,22.34,1.0,1.0,14.29,22.34,3.0,3.0,42.86,67.02,0.0,0.0,0.0,0.0,0.0,0.0,0.0,0.0,0.0,0.0,0.0,0.0,0.0,0.0,0.0,0.0,1.0,1.0,14.29,22.34,0.0,0.0,0.0,0.0,42.86,0.0,42.86,104.25,3.0,3.0,42.86,1.61,1.61,0.5,0.52,0.5,,0.5,0.0,0.0,0.0,0.5,0.2,0.0,0.0,0.14,0.0,1.0
4,新北國王,23|29|10875|10876,王柏智/林書緯/傑登/尚迪,1,6,7.0,96.69,1.61,01:37,96.69,1.61,01:37,3.0,3.0,42.86,67.02,0.0,0.0,0.0,0.0,2.0,2.0,28.57,44.68,1.0,1.0,14.29,22.34,2.0,2.0,28.57,44.68,1.0,1.0,14.29,22.34,0.0,0.0,0.0,0.0,0.0,0.0,0.0,0.0,2.0,2.0,28.57,44.68,1.0,1.0,14.29,22.34,0.0,0.0,0.0,0.0,1.0,1.0,14.29,22.34,1.0,1.0,14.29,22.34,3.0,3.0,42.86,67.02,0.0,0.0,0.0,0.0,0.0,0.0,0.0,0.0,0.0,0.0,0.0,0.0,0.0,0.0,0.0,0.0,1.0,1.0,14.29,22.34,0.0,0.0,0.0,0.0,42.86,0.0,42.86,104.25,3.0,3.0,42.86,1.61,1.61,0.5,0.52,0.5,,0.5,0.0,0.0,0.0,0.5,0.2,0.0,0.0,0.14,0.0,1.0
4,新北中信特攻,40|44|10879|10880,謝亞軒/黃泓瀚/簡廷兆/內馬,4,26,33.0,433.5,7.22,07:13,108.37,1.81,01:48,8.0,2.0,24.24,39.86,16.0,4.0,48.48,79.72,14.0,3.5,42.42,69.76,3.0,0.75,9.09,14.95,7.0,1.75,21.21,34.88,2.0,0.5,6.06,9.97,7.0,1.75,21.21,34.88,1.0,0.25,3.03,4.98,2.0,0.5,6.06,9.97,1.0,0.25,3.03,4.98,3.0,0.75,9.09,14.95,8.0,2.0,24.24,39.86,3.0,0.75,9.09,14.95,6.0,1.5,18.18,29.9,1.0,0.25,3.03,4.98,2.0,0.5,6.06,9.97,0.0,0.0,0.0,0.0,1.0,0.25,3.03,4.98,3.0,0.75,9.09,14.95,10.0,2.5,30.3,49.83,24.24,48.48,-24.24,109.62,-8.0,-2.0,-24.24,7.22,1.81,0.25,0.27,0.29,0.14,0.5,0.06,0.67,0.33,0.73,0.55,0.0,3.03,0.09,30.3,0.14
4,新北中信特攻,40|44|10879|10881,謝亞軒/黃泓瀚/簡廷兆/飛克,7,52,63.0,821.16,13.69,13:41,117.31,1.96,01:57,24.0,3.43,38.1,63.13,27.0,3.86,42.86,71.02,24.0,3.43,38.1,63.13,8.0,1.14,12.7,21.04,12.0,1.71,19.05,31.57,4.0,0.57,6.35,10.52,12.0,1.71,19.05,31.57,4.0,0.57,6.35,10.52,6.0,0.86,9.52,15.78,4.0,0.57,6.35,10.52,4.0,0.57,6.35,10.52,12.0,1.71,19.05,31.57,4.0,0.57,6.35,10.52,11.0,1.57,17.46,28.93,3.0,0.43,4.76,7.89,5.0,0.71,7.94,13.15,2.0,0.29,3.17,5.26,1.0,0.14,1.59,2.63,6.0,0.86,9.52,15.78,14.0,2.0,22.22,36.83,38.1,42.86,-4.76,110.48,-3.0,-0.43,-4.76,13.69,1.96,0.42,0.45,0.33,0.33,0.67,0.1,0.62,0.27,0.75,0.52,3.17,1.59,0.1,22.22,0.25
4,新北中信特攻,40|44|10880|10881,謝亞軒/黃泓瀚/內馬/飛克,11,151,182.0,2252.42,37.54,37:32,204.77,3.41,03:25,78.0,7.09,42.86,74.8,99.0,9.0,54.4,94.94,59.0,5.36,32.42,56.58,30.0,2.73,16.48,28.77,38.0,3.45,20.88,36.44,23.0,2.09,12.64,22.06,21.0,1.91,11.54,20.14,7.0,0.64,3.85,6.71,20.0,1.82,10.99,19.18,11.0,1.0,6.04,10.55,8.0,0.73,4.4,7.67,26.0,2.36,14.29,24.93,16.0,1.45,8.79,15.34,26.0,2.36,14.29,24.93,15.0,1.36,8.24,14.38,21.0,1.91,11.54,20.14,7.0,0.64,3.85,6.71,4.0,0.36,2.2,3.84,21.0,1.91,11.54,20.14,26.0,2.36,14.29,24.93,42.86,54.4,-11.54,116.35,-21.0,-1.91,-11.54,37.54,3.41,0.57,0.58,0.61,0.33,0.55,0.18,0.7,0.24,0.62,0.45,3.85,2.2,0.12,14.29,0.34
4,新北中信特攻,44|10879|10880|10881,黃泓瀚/簡廷兆/內馬/飛克,6,32,40.0,473.22,7.89,07:53,78.87,1.31,01:19,15.0,2.5,37.5,68.47,14.0,2.33,35.0,63.9,16.0,2.67,40.0,73.03,4.0,0.67,10.0,18.26,8.0,1.33,20.0,36.52,3.0,0.5,7.5,13.69,8.0,1.33,20.0,36.52,1.0,0.17,2.5,4.56,7.0,1.17,17.5,31.95,6.0,1.0,15.0,27.39,4.0,0.67,10.0,18.26,8.0,1.33,20.0,36.52,3.0,0.5,7.5,13.69,8.0,1.33,20.0,36.52,2.0,0.33,5.0,9.13,3.0,0.5,7.5,13.69,0.0,0.0,0.0,0.0,2.0,0.33,5.0,9.13,3.0,0.5,7.5,13.69,10.0,1.67,25.0,45.64,37.5,35.0,2.5,121.72,1.0,0.17,2.5,7.89,1.31,0.28,0.39,0.38,0.12,0.86,0.09,0.75,0.33,0.73,0.52,0.0,5.0,0.08,25.0,0.44
4,新北國王,22|10871|10872|10875,簡祐哲/鍾理翔/林彥廷/傑登,1,7,8.0,130.09,2.17,02:10,130.09,2.17,02:10,8.0,8.0,100.0,132.83,2.0,2.0,25.0,33.21,4.0,4.0,50.0,66.41,3.0,3.0,37.5,49.81,2.0,2.0,25.0,33.21,2.0,2.0,25.0,33.21,2.0,2.0,25.0,33.21,1.0,1.0,12.5,16.6,2.0,2.0,25.0,33.21,1.0,1.0,12.5,16.6,1.0,1.0,12.5,16.6,1.0,1.0,12.5,16.6,0.0,0.0,0.0,0.0,1.0,1.0,12.5,16.6,0.0,0.0,0.0,0.0,2.0,2.0,25.0,33.21,0.0,0.0,0.0,0.0,0.0,0.0,0.0,0.0,0.0,0.0,0.0,0.0,0.0,0.0,0.0,0.0,100.0,25.0,75.0,88.55,6.0,6.0,75.0,2.17,2.17,0.88,0.82,1.0,0.5,0.5,0.0,0.67,0.5,1.0,0.67,0.0,0.0,0.0,0.0,0.5
4,新北國王,22|10871|10872|10876,簡祐哲/鍾理翔/林彥廷/尚迪,1,4,7.0,91.85,1.53,01:32,91.85,1.53,01:32,2.0,2.0,28.57,47.03,2.0,2.0,28.57,47.03,2.0,2.0,28.57,47.03,0.0,0.0,0.0,0.0,0.0,0.0,0.0,0.0,0.0,0.0,0.0,0.0,2.0,2.0,28.57,47.03,0.0,0.0,0.0,0.0,4.0,4.0,57.14,94.06,2.0,2.0,28.57,47.03,1.0,1.0,14.29,23.52,3.0,3.0,42.86,70.55,1.0,1.0,14.29,23.52,1.0,1.0,14.29,23.52,0.0,0.0,0.0,0.0,0.0,0.0,0.0,0.0,0.0,0.0,0.0,0.0,0.0,0.0,0.0,0.0,1.0,1.0,14.29,23.52,0.0,0.0,0.0,0.0,28.57,28.57,0.0,109.74,0.0,0.0,0.0,1.53,1.53,0.0,0.27,,0.0,0.5,0.0,,0.5,0.75,0.67,0.0,0.0,0.14,0.0,2.0
4,新北國王,22|10871|10875|10876,簡祐哲/鍾理翔/傑登/尚迪,1,1,1.0,22.74,0.38,00:23,22.74,0.38,00:23,1.0,1.0,100.0,95.0,0.0,0.0,0.0,0.0,0.0,0.0,0.0,0.0,0.0,0.0,0.0,0.0,0.0,0.0,0.0,0.0,0.0,0.0,0.0,0.0,0.0,0.0,0.0,0.0,0.0,0.0,0.0,0.0,2.0,2.0,200.0,189.99,1.0,1.0,100.0,95.0,0.0,0.0,0.0,0.0,1.0,1.0,100.0,95.0,0.0,0.0,0.0,0.0,0.0,0.0,0.0,0.0,0.0,0.0,0.0,0.0,0.0,0.0,0.0,0.0,0.0,0.0,0.0,0.0,0.0,0.0,0.0,0.0,0.0,0.0,0.0,0.0,0.0,0.0,0.0,0.0,100.0,0.0,100.0,63.33,1.0,1.0,100.0,0.38,0.38,,0.57,,,0.5,0.0,,,1.0,1.0,0.0,0.0,0.0,0.0,
4,新北國王,10871|10872|10875|10876,鍾理翔/林彥廷/傑登/尚迪,1,1,1.0,22.74,0.38,00:23,22.74,0.38,00:23,1.0,1.0,100.0,95.0,0.0,0.0,0.0,0.0,0.0,0.0,0.0,0.0,0.0,0.0,0.0,0.0,0.0,0.0,0.0,0.0,0.0,0.0,0.0,0.0,0.0,0.0,0.0,0.0,0.0,0.0,0.0,0.0,2.0,2.0,200.0,189.99,1.0,1.0,100.0,95.0,0.0,0.0,0.0,0.0,1.0,1.0,100.0,95.0,0.0,0.0,0.0,0.0,0.0,0.0,0.0,0.0,0.0,0.0,0.0,0.0,0.0,0.0,0.0,0.0,0.0,0.0,0.0,0.0,0.0,0.0,0.0,0.0,0.0,0.0,0.0,0.0,0.0,0.0,0.0,0.0,100.0,0.0,100.0,63.33,1.0,1.0,100.0,0.38,0.38,,0.57,,,0.5,0.0,,,1.0,1.0,0.0,0.0,0.0,0.0,
4,新北國王,22|23|10871|10872,簡祐哲/王柏智/鍾理翔/林彥廷,1,9,13.0,176.47,2.94,02:56,176.47,2.94,02:56,8.0,8.0,61.54,97.92,4.0,4.0,30.77,48.96,6.0,6.0,46.15,73.44,3.0,3.0,23.08,36.72,2.0,2.0,15.38,24.48,2.0,2.0,15.38,24.48,4.0,4.0,30.77,48.96,1.0,1.0,7.69,12.24,2.0,2.0,15.38,24.48,1.0,1.0,7.69,12.24,2.0,2.0,15.38,24.48,2.0,2.0,15.38,24.48,1.0,1.0,7.69,12.24,2.0,2.0,15.38,24.48,0.0,0.0,0.0,0.0,2.0,2.0,15.38,24.48,0.0,0.0,0.0,0.0,0.0,0.0,0.0,0.0,1.0,1.0,7.69,12.24,0.0,0.0,0.0,0.0,61.54,30.77,30.77,106.08,4.0,4.0,30.77,2.94,2.94,0.58,0.58,1.0,0.25,0.5,0.0,0.67,0.5,0.67,0.57,0.0,0.0,0.08,0.0,0.33
4,新北國王,22|23|10871|10876,簡祐哲/王柏智/鍾理翔/尚迪,1,3,6.0,69.11,1.15,01:09,69.11,1.15,01:09,1.0,1.0,16.67,31.25,2.0,2.0,33.33,62.51,2.0,2.0,33.33,62.51,0.0,0.0,0.0,0.0,0.0,0.0,0.0,0.0,0.0,0.0,0.0,0.0,2.0,2.0,33.33,62.51,0.0,0.0,0.0,0.0,2.0,2.0,33.33,62.51,1.0,1.0,16.67,31.25,1.0,1.0,16.67,31.25,2.0,2.0,33.33,62.51,1.0,1.0,16.67,31.25,1.0,1.0,16.67,31.25,0.0,0.0,0.0,0.0,0.0,0.0,0.0,0.0,0.0,0.0,0.0,0.0,0.0,0.0,0.0,0.0,1.0,1.0,16.67,31.25,0.0,0.0,0.0,0.0,16.67,33.33,-16.67,125.01,-1.0,-1.0,-16.67,1.15,1.15,0.0,0.17,,0.0,0.5,0.0,,0.5,0.67,0.6,0.0,0.0,0.17,0.0,1.0
4,新北國王,23|10871|10872|10876,王柏智/鍾理翔/林彥廷/尚迪,1,3,6.0,69.11,1.15,01:09,69.11,1.15,01:09,1.0,1.0,16.67,31.25,2.0,2.0,33.33,62.51,2.0,2.0,33.33,62.51,0.0,0.0,0.0,0.0,0.0,0.0,0.0,0.0,0.0,0.0,0.0,0.0,2.0,2.0,33.33,62.51,0.0,0.0,0.0,0.0,2.0,2.0,33.33,62.51,1.0,1.0,16.67,31.25,1.0,1.0,16.67,31.25,2.0,2.0,33.33,62.51,1.0,1.0,16.67,31.25,1.0,1.0,16.67,31.25,0.0,0.0,0.0,0.0,0.0,0.0,0.0,0.0,0.0,0.0,0.0,0.0,0.0,0.0,0.0,0.0,1.0,1.0,16.67,31.25,0.0,0.0,0.0,0.0,16.67,33.33,-16.67,125.01,-1.0,-1.0,-16.67,1.15,1.15,0.0,0.17,,0.0,0.5,0.0,,0.5,0.67,0.6,0.0,0.0,0.17,0.0,1.0
4,新北國王,22|23|10871|10875,簡祐哲/王柏智/鍾理翔/傑登,1,6,7.0,107.36,1.79,01:47,107.36,1.79,01:47,7.0,7.0,100.0,140.84,2.0,2.0,28.57,40.24,4.0,4.0,57.14,80.48,3.0,3.0,42.86,60.36,2.0,2.0,28.57,40.24,2.0,2.0,28.57,40.24,2.0,2.0,28.57,40.24,1.0,1.0,14.29,20.12,0.0,0.0,0.0,0.0,0.0,0.0,0.0,0.0,1.0,1.0,14.29,20.12,0.0,0.0,0.0,0.0,0.0,0.0,0.0,0.0,1.0,1.0,14.29,20.12,0.0,0.0,0.0,0.0,2.0,2.0,28.57,40.24,0.0,0.0,0.0,0.0,0.0,0.0,0.0,0.0,0.0,0.0,0.0,0.0,0.0,0.0,0.0,0.0,100.0,28.57,71.43,93.89,5.0,5.0,71.43,1.79,1.79,0.88,0.88,1.0,0.5,,0.0,0.67,0.5,,0.5,0.0,0.0,0.0,0.0,0.0
4,新北國王,22|23|10872|10875,簡祐哲/王柏智/林彥廷/傑登,1,6,7.0,107.36,1.79,01:47,107.36,1.79,01:47,7.0,7.0,100.0,140.84,2.0,2.0,28.57,40.24,4.0,4.0,57.14,80.48,3.0,3.0,42.86,60.36,2.0,2.0,28.57,40.24,2.0,2.0,28.57,40.24,2.0,2.0,28.57,40.24,1.0,1.0,14.29,20.12,0.0,0.0,0.0,0.0,0.0,0.0,0.0,0.0,1.0,1.0,14.29,20.12,0.0,0.0,0.0,0.0,0.0,0.0,0.0,0.0,1.0,1.0,14.29,20.12,0.0,0.0,0.0,0.0,2.0,2.0,28.57,40.24,0.0,0.0,0.0,0.0,0.0,0.0,0.0,0.0,0.0,0.0,0.0,0.0,0.0,0.0,0.0,0.0,100.0,28.57,71.43,93.89,5.0,5.0,71.43,1.79,1.79,0.88,0.88,1.0,0.5,,0.0,0.67,0.5,,0.5,0.0,0.0,0.0,0.0,0.0
4,新北國王,23|10871|10872|10875,王柏智/鍾理翔/林彥廷/傑登,1,6,7.0,107.36,1.79,01:47,107.36,1.79,01:47,7.0,7.0,100.0,140.84,2.0,2.0,28.57,40.24,4.0,4.0,57.14,80.48,3.0,3.0,42.86,60.36,2.0,2.0,28.57,40.24,2.0,2.0,28.57,40.24,2.0,2.0,28.57,40.24,1.0,1.0,14.29,20.12,0.0,0.0,0.0,0.0,0.0,0.0,0.0,0.0,1.0,1.0,14.29,20.12,0.0,0.0,0.0,0.0,0.0,0.0,0.0,0.0,1.0,1.0,14.29,20.12,0.0,0.0,0.0,0.0,2.0,2.0,28.57,40.24,0.0,0.0,0.0,0.0,0.0,0.0,0.0,0.0,0.0,0.0,0.0,0.0,0.0,0.0,0.0,0.0,100.0,28.57,71.43,93.89,5.0,5.0,71.43,1.79,1.79,0.88,0.88,1.0,0.5,,0.0,0.67,0.5,,0.5,0.0,0.0,0.0,0.0,0.0
4,新北中信特攻,44|48|113|10880,黃泓瀚/李沛澄/林任鴻/內馬,1,6,7.0,107.36,1.79,01:47,107.36,1.79,01:47,2.0,2.0,28.57,40.24,7.0,7.0,100.0,140.84,2.0,2.0,28.57,40.24,1.0,1.0,14.29,20.12,1.0,1.0,14.29,20.12,1.0,1.0,14.29,20.12,1.0,1.0,14.29,20.12,0.0,0.0,0.0,0.0,0.0,0.0,0.0,0.0,0.0,0.0,0.0,0.0,0.0,0.0,0.0,0.0,1.0,1.0,14.29,20.12,1.0,1.0,14.29,20.12,0.0,0.0,0.0,0.0,1.0,1.0,14.29,20.12,1.0,1.0,14.29,20.12,1.0,1.0,14.29,20.12,0.0,0.0,0.0,0.0,0.0,0.0,0.0,0.0,0.0,0.0,0.0,0.0,28.57,100.0,-71.43,93.89,-5.0,-5.0,-71.43,1.79,1.79,0.5,0.5,1.0,0.0,,0.33,1.0,,0.5,0.5,14.29,0.0,0.0,0.0,0.0
4,新北中信特攻,44|48|113|10882,黃泓瀚/李沛澄/林任鴻/霸夫,1,6,7.0,107.36,1.79,01:47,107.36,1.79,01:47,2.0,2.0,28.57,40.24,7.0,7.0,100.0,140.84,2.0,2.0,28.57,40.24,1.0,1.0,14.29,20.12,1.0,1.0,14.29,20.12,1.0,1.0,14.29,20.12,1.0,1.0,14.29,20.12,0.0,0.0,0.0,0.0,0.0,0.0,0.0,0.0,0.0,0.0,0.0,0.0,0.0,0.0,0.0,0.0,1.0,1.0,14.29,20.12,1.0,1.0,14.29,20.12,0.0,0.0,0.0,0.0,1.0,1.0,14.29,20.12,1.0,1.0,14.29,20.12,1.0,1.0,14.29,20.12,0.0,0.0,0.0,0.0,0.0,0.0,0.0,0.0,0.0,0.0,0.0,0.0,28.57,100.0,-71.43,93.89,-5.0,-5.0,-71.43,1.79,1.79,0.5,0.5,1.0,0.0,,0.33,1.0,,0.5,0.5,14.29,0.0,0.0,0.0,0.0
4,新北中信特攻,44|48|10880|10882,黃泓瀚/李沛澄/內馬/霸夫,1,6,7.0,107.36,1.79,01:47,107.36,1.79,01:47,2.0,2.0,28.57,40.24,7.0,7.0,100.0,140.84,2.0,2.0,28.57,40.24,1.0,1.0,14.29,20.12,1.0,1.0,14.29,20.12,1.0,1.0,14.29,20.12,1.0,1.0,14.29,20.12,0.0,0.0,0.0,0.0,0.0,0.0,0.0,0.0,0.0,0.0,0.0,0.0,0.0,0.0,0.0,0.0,1.0,1.0,14.29,20.12,1.0,1.0,14.29,20.12,0.0,0.0,0.0,0.0,1.0,1.0,14.29,20.12,1.0,1.0,14.29,20.12,1.0,1.0,14.29,20.12,0.0,0.0,0.0,0.0,0.0,0.0,0.0,0.0,0.0,0.0,0.0,0.0,28.57,100.0,-71.43,93.89,-5.0,-5.0,-71.43,1.79,1.79,0.5,0.5,1.0,0.0,,0.33,1.0,,0.5,0.5,14.29,0.0,0.0,0.0,0.0
4,新北中信特攻,44|113|10880|10882,黃泓瀚/林任鴻/內馬/霸夫,2,7,8.0,119.36,1.99,01:59,59.68,0.99,01:00,2.0,1.0,25.0,36.19,10.0,5.0,125.0,180.97,2.0,1.0,25.0,36.19,1.0,0.5,12.5,18.1,1.0,0.5,12.5,18.1,1.0,0.5,12.5,18.1,1.0,0.5,12.5,18.1,0.0,0.0,0.0,0.0,0.0,0.0,0.0,0.0,0.0,0.0,0.0,0.0,0.0,0.0,0.0,0.0,1.0,0.5,12.5,18.1,1.0,0.5,12.5,18.1,0.0,0.0,0.0,0.0,1.0,0.5,12.5,18.1,1.0,0.5,12.5,18.1,1.0,0.5,12.5,18.1,0.0,0.0,0.0,0.0,0.0,0.0,0.0,0.0,0.0,0.0,0.0,0.0,25.0,125.0,-100.0,96.52,-8.0,-4.0,-100.0,1.99,0.99,0.5,0.5,1.0,0.0,,0.33,1.0,,0.5,0.5,12.5,0.0,0.0,0.0,0.0
4,新北中信特攻,48|113|10880|10882,李沛澄/林任鴻/內馬/霸夫,1,6,7.0,107.36,1.79,01:47,107.36,1.79,01:47,2.0,2.0,28.57,40.24,7.0,7.0,100.0,140.84,2.0,2.0,28.57,40.24,1.0,1.0,14.29,20.12,1.0,1.0,14.29,20.12,1.0,1.0,14.29,20.12,1.0,1.0,14.29,20.12,0.0,0.0,0.0,0.0,0.0,0.0,0.0,0.0,0.0,0.0,0.0,0.0,0.0,0.0,0.0,0.0,1.0,1.0,14.29,20.12,1.0,1.0,14.29,20.12,0.0,0.0,0.0,0.0,1.0,1.0,14.29,20.12,1.0,1.0,14.29,20.12,1.0,1.0,14.29,20.12,0.0,0.0,0.0,0.0,0.0,0.0,0.0,0.0,0.0,0.0,0.0,0.0,28.57,100.0,-71.43,93.89,-5.0,-5.0,-71.43,1.79,1.79,0.5,0.5,1.0,0.0,,0.33,1.0,,0.5,0.5,14.29,0.0,0.0,0.0,0.0
4,福爾摩沙夢想家,89|101|103|10889,蔣淯安/周柏臣/忻沃克/恩尼斯,2,30,35.0,523.79,8.73,08:44,261.9,4.36,04:22,16.0,8.0,45.71,65.98,15.0,7.5,42.86,61.86,14.0,7.0,40.0,57.73,6.0,3.0,17.14,24.74,7.0,3.5,20.0,28.87,3.0,1.5,8.57,12.37,7.0,3.5,20.0,28.87,3.0,1.5,8.57,12.37,4.0,2.0,11.43,16.5,2.0,1.0,5.71,8.25,3.0,1.5,8.57,12.37,5.0,2.5,14.29,20.62,0.0,0.0,0.0,0.0,6.0,3.0,17.14,24.74,4.0,2.0,11.43,16.5,4.0,2.0,11.43,16.5,3.0,1.5,8.57,12.37,1.0,0.5,2.86,4.12,4.0,2.0,11.43,16.5,1.0,0.5,2.86,4.12,45.71,42.86,2.86,96.22,1.0,0.5,2.86,8.73,4.36,0.54,0.51,0.43,0.43,0.5,0.2,0.67,0.33,1.0,0.57,8.57,2.86,0.11,2.86,0.29
4,桃園台啤永豐雲豹,54|57|62|68,高錦瑋/莊博元/王皓吉/克羅馬,27,1086,1296.0,17603.94,293.4,293:24,652.0,10.87,10:52,603.0,22.33,46.53,73.99,578.0,21.41,44.6,70.92,491.0,18.19,37.89,60.25,221.0,8.19,17.05,27.12,279.0,10.33,21.53,34.23,145.0,5.37,11.19,17.79,212.0,7.85,16.36,26.01,76.0,2.81,5.86,9.33,101.0,3.74,7.79,12.39,80.0,2.96,6.17,9.82,72.0,2.67,5.56,8.83,207.0,7.67,15.97,25.4,94.0,3.48,7.25,11.53,204.0,7.56,15.74,25.03,85.0,3.15,6.56,10.43,132.0,4.89,10.19,16.2,51.0,1.89,3.94,6.26,25.0,0.93,1.93,3.07,112.0,4.15,8.64,13.74,96.0,3.56,7.41,11.78,46.53,44.6,1.93,106.01,25.0,0.93,1.93,293.4,10.87,0.53,0.56,0.52,0.36,0.79,0.14,0.6,0.26,0.69,0.48,3.94,1.93,0.09,7.41,0.21
4,桃園台啤永豐雲豹,54|57|62|10860,高錦瑋/莊博元/王皓吉/麥卡洛,14,197,231.0,3233.8,53.9,53:54,230.99,3.85,03:51,99.0,7.07,42.86,66.13,110.0,7.86,47.62,73.47,90.0,6.43,38.96,60.12,38.0,2.71,16.45,25.38,61.0,4.36,26.41,40.74,29.0,2.07,12.55,19.37,29.0,2.07,12.55,19.37,9.0,0.64,3.9,6.01,13.0,0.93,5.63,8.68,12.0,0.86,5.19,8.02,13.0,0.93,5.63,8.68,38.0,2.71,16.45,25.38,17.0,1.21,7.36,11.36,36.0,2.57,15.58,24.05,15.0,1.07,6.49,10.02,21.0,1.5,9.09,14.03,8.0,0.57,3.46,5.34,2.0,0.14,0.87,1.34,19.0,1.36,8.23,12.69,16.0,1.14,6.93,10.69,42.86,47.62,-4.76,102.86,-11.0,-0.79,-4.76,53.9,3.85,0.47,0.52,0.48,0.31,0.92,0.14,0.55,0.27,0.69,0.49,3.46,0.87,0.08,6.93,0.14
4,桃園台啤永豐雲豹,54|57|68|10860,高錦瑋/莊博元/克羅馬/麥卡洛,17,550,658.0,9067.46,151.12,151:07,533.38,8.89,08:53,294.0,17.29,44.68,70.04,291.0,17.12,44.22,69.32,252.0,14.82,38.3,60.03,113.0,6.65,17.17,26.92,176.0,10.35,26.75,41.93,90.0,5.29,13.68,21.44,76.0,4.47,11.55,18.1,23.0,1.35,3.5,5.48,57.0,3.35,8.66,13.58,45.0,2.65,6.84,10.72,39.0,2.29,5.93,9.29,107.0,6.29,16.26,25.49,42.0,2.47,6.38,10.01,97.0,5.71,14.74,23.11,41.0,2.41,6.23,9.77,58.0,3.41,8.81,13.82,23.0,1.35,3.5,5.48,8.0,0.47,1.22,1.91,63.0,3.71,9.57,15.01,75.0,4.41,11.4,17.87,44.68,44.22,0.46,104.5,3.0,0.18,0.46,151.12,8.89,0.49,0.53,0.51,0.3,0.79,0.13,0.51,0.29,0.72,0.51,3.5,1.22,0.1,11.4,0.23
4,桃園台啤永豐雲豹,54|62|68|10860,高錦瑋/王皓吉/克羅馬/麥卡洛,14,272,322.0,4339.56,72.33,72:20,309.97,5.17,05:10,130.0,9.29,40.37,64.71,161.0,11.5,50.0,80.14,126.0,9.0,39.13,62.72,50.0,3.57,15.53,24.89,85.0,6.07,26.4,42.31,39.0,2.79,12.11,19.41,41.0,2.93,12.73,20.41,11.0,0.79,3.42,5.48,19.0,1.36,5.9,9.46,17.0,1.21,5.28,8.46,19.0,1.36,5.9,9.46,56.0,4.0,17.39,27.87,24.0,1.71,7.45,11.95,46.0,3.29,14.29,22.9,20.0,1.43,6.21,9.95,30.0,2.14,9.32,14.93,10.0,0.71,3.11,4.98,4.0,0.29,1.24,1.99,24.0,1.71,7.45,11.95,21.0,1.5,6.52,10.45,40.37,50.0,-9.63,106.85,-31.0,-2.21,-9.63,72.33,5.17,0.44,0.48,0.46,0.27,0.89,0.13,0.6,0.29,0.7,0.52,3.11,1.24,0.07,6.52,0.15
4,桃園台啤永豐雲豹,57|62|68|10860,莊博元/王皓吉/克羅馬/麥卡洛,11,199,234.0,3186.62,53.11,53:07,289.69,4.83,04:50,98.0,8.91,41.88,66.43,111.0,10.09,47.44,75.24,86.0,7.82,36.75,58.29,36.0,3.27,15.38,24.4,61.0,5.55,26.07,41.35,28.0,2.55,11.97,18.98,25.0,2.27,10.68,16.95,8.0,0.73,3.42,5.42,20.0,1.82,8.55,13.56,16.0,1.45,6.84,10.85,11.0,1.0,4.7,7.46,39.0,3.55,16.67,26.44,18.0,1.64,7.69,12.2,34.0,3.09,14.53,23.05,15.0,1.36,6.41,10.17,20.0,1.82,8.55,13.56,7.0,0.64,2.99,4.74,2.0,0.18,0.85,1.36,22.0,2.0,9.4,14.91,14.0,1.27,5.98,9.49,41.88,47.44,-5.56,105.74,-13.0,-1.18,-5.56,53.11,4.83,0.47,0.52,0.46,0.32,0.8,0.14,0.56,0.24,0.68,0.49,2.99,0.85,0.09,5.98,0.23
4,桃園台啤永豐雲豹,16|54|57|58,米勒/高錦瑋/莊博元/林信寬,21,649,777.0,9559.77,159.33,159:20,455.23,7.59,07:35,351.0,16.71,45.17,79.31,291.0,13.86,37.45,65.75,288.0,13.71,37.07,65.07,128.0,6.1,16.47,28.92,187.0,8.9,24.07,42.25,93.0,4.43,11.97,21.01,101.0,4.81,13.0,22.82,35.0,1.67,4.5,7.91,81.0,3.86,10.42,18.3,60.0,2.86,7.72,13.56,45.0,2.14,5.79,10.17,118.0,5.62,15.19,26.66,42.0,2.0,5.41,9.49,138.0,6.57,17.76,31.18,49.0,2.33,6.31,11.07,78.0,3.71,10.04,17.62,29.0,1.38,3.73,6.55,18.0,0.86,2.32,4.07,71.0,3.38,9.14,16.04,80.0,3.81,10.3,18.08,45.17,37.45,7.72,117.04,60.0,2.86,7.72,159.33,7.59,0.51,0.54,0.5,0.35,0.74,0.13,0.61,0.25,0.74,0.48,3.73,2.32,0.09,10.3,0.28
4,桃園台啤永豐雲豹,16|54|57|10860,米勒/高錦瑋/莊博元/麥卡洛,12,269,320.0,4286.07,71.43,71:26,357.17,5.95,05:57,160.0,13.33,50.0,80.63,124.0,10.33,38.75,62.49,130.0,10.83,40.62,65.51,62.0,5.17,19.38,31.25,79.0,6.58,24.69,39.81,44.0,3.67,13.75,22.17,51.0,4.25,15.94,25.7,18.0,1.5,5.62,9.07,24.0,2.0,7.5,12.09,18.0,1.5,5.62,9.07,20.0,1.67,6.25,10.08,47.0,3.92,14.69,23.69,17.0,1.42,5.31,8.57,62.0,5.17,19.38,31.25,19.0,1.58,5.94,9.58,43.0,3.58,13.44,21.67,11.0,0.92,3.44,5.54,6.0,0.5,1.88,3.02,19.0,1.58,5.94,9.58,30.0,2.5,9.38,15.12,50.0,38.75,11.25,107.51,36.0,3.0,11.25,71.43,5.95,0.55,0.57,0.56,0.35,0.75,0.12,0.69,0.24,0.73,0.46,3.44,1.88,0.06,9.38,0.18
4,桃園台啤永豐雲豹,16|54|58|10860,米勒/高錦瑋/林信寬/麥卡洛,13,310,375.0,4895.46,81.59,81:35,376.57,6.28,06:17,164.0,12.62,43.73,72.36,149.0,11.46,39.73,65.74,148.0,11.38,39.47,65.3,61.0,4.69,16.27,26.91,95.0,7.31,25.33,41.92,46.0,3.54,12.27,20.3,53.0,4.08,14.13,23.38,15.0,1.15,4.0,6.62,34.0,2.62,9.07,15.0,24.0,1.85,6.4,10.59,27.0,2.08,7.2,11.91,62.0,4.77,16.53,27.36,23.0,1.77,6.13,10.15,66.0,5.08,17.6,29.12,19.0,1.46,5.07,8.38,38.0,2.92,10.13,16.77,11.0,0.85,2.93,4.85,8.0,0.62,2.13,3.53,32.0,2.46,8.53,14.12,42.0,3.23,11.2,18.53,43.73,39.73,4.0,110.31,15.0,1.15,4.0,81.59,6.28,0.46,0.5,0.48,0.28,0.71,0.1,0.62,0.29,0.73,0.5,2.93,2.13,0.09,11.2,0.23
4,桃園台啤永豐雲豹,16|57|58|10860,米勒/莊博元/林信寬/麥卡洛,12,294,356.0,4645.34,77.42,77:25,387.11,6.45,06:27,161.0,13.42,45.22,74.86,122.0,10.17,34.27,56.73,130.0,10.83,36.52,60.45,60.0,5.0,16.85,27.9,86.0,7.17,24.16,39.99,47.0,3.92,13.2,21.85,44.0,3.67,12.36,20.46,13.0,1.08,3.65,6.04,44.0,3.67,12.36,20.46,30.0,2.5,8.43,13.95,23.0,1.92,6.46,10.69,51.0,4.25,14.33,23.71,20.0,1.67,5.62,9.3,68.0,5.67,19.1,31.62,23.0,1.92,6.46,10.69,41.0,3.42,11.52,19.06,12.0,1.0,3.37,5.58,8.0,0.67,2.25,3.72,33.0,2.75,9.27,15.34,31.0,2.58,8.71,14.41,45.22,34.27,10.96,110.36,39.0,3.25,10.96,77.42,6.45,0.51,0.54,0.55,0.3,0.68,0.13,0.68,0.25,0.72,0.46,3.37,2.25,0.09,8.71,0.34
4,桃園台啤永豐雲豹,54|57|58|10860,高錦瑋/莊博元/林信寬/麥卡洛,18,503,615.0,7986.22,133.1,133:06,443.68,7.39,07:24,276.0,15.33,44.88,74.65,247.0,13.72,40.16,66.81,238.0,13.22,38.7,64.37,103.0,5.72,16.75,27.86,150.0,8.33,24.39,40.57,79.0,4.39,12.85,21.37,88.0,4.89,14.31,23.8,24.0,1.33,3.9,6.49,62.0,3.44,10.08,16.77,46.0,2.56,7.48,12.44,43.0,2.39,6.99,11.63,97.0,5.39,15.77,26.24,35.0,1.94,5.69,9.47,96.0,5.33,15.61,25.96,39.0,2.17,6.34,10.55,56.0,3.11,9.11,15.15,21.0,1.17,3.41,5.68,10.0,0.56,1.63,2.7,51.0,2.83,8.29,13.79,70.0,3.89,11.38,18.93,44.88,40.16,4.72,110.89,29.0,1.61,4.72,133.1,7.39,0.48,0.52,0.53,0.27,0.74,0.13,0.54,0.31,0.73,0.52,3.41,1.63,0.08,11.38,0.26
4,桃園台啤永豐雲豹,16|54|58|62,米勒/高錦瑋/林信寬/王皓吉,13,181,216.0,2900.24,48.34,48:20,223.1,3.72,03:43,95.0,7.31,43.98,70.75,112.0,8.62,51.85,83.41,85.0,6.54,39.35,63.31,38.0,2.92,17.59,28.3,46.0,3.54,21.3,34.26,25.0,1.92,11.57,18.62,39.0,3.0,18.06,29.05,13.0,1.0,6.02,9.68,14.0,1.08,6.48,10.43,9.0,0.69,4.17,6.7,13.0,1.0,6.02,9.68,36.0,2.77,16.67,26.81,15.0,1.15,6.94,11.17,28.0,2.15,12.96,20.85,10.0,0.77,4.63,7.45,23.0,1.77,10.65,17.13,5.0,0.38,2.31,3.72,2.0,0.15,0.93,1.49,19.0,1.46,8.8,14.15,30.0,2.31,13.89,22.34,43.98,51.85,-7.87,107.25,-17.0,-1.31,-7.87,48.34,3.72,0.52,0.52,0.54,0.33,0.64,0.1,0.61,0.32,0.71,0.53,2.31,0.93,0.09,13.89,0.16
4,桃園台啤永豐雲豹,16|54|58|68,米勒/高錦瑋/林信寬/克羅馬,19,648,781.0,9736.14,162.27,162:16,512.43,8.54,08:32,352.0,18.53,45.07,78.09,330.0,17.37,42.25,73.21,290.0,15.26,37.13,64.34,130.0,6.84,16.65,28.84,176.0,9.26,22.54,39.05,86.0,4.53,11.01,19.08,114.0,6.0,14.6,25.29,44.0,2.32,5.63,9.76,75.0,3.95,9.6,16.64,51.0,2.68,6.53,11.31,49.0,2.58,6.27,10.87,121.0,6.37,15.49,26.84,51.0,2.68,6.53,11.31,106.0,5.58,13.57,23.52,49.0,2.58,6.27,10.87,76.0,4.0,9.73,16.86,29.0,1.53,3.71,6.43,13.0,0.68,1.66,2.88,68.0,3.58,8.71,15.09,100.0,5.26,12.8,22.19,45.07,42.25,2.82,115.51,22.0,1.16,2.82,162.27,8.54,0.52,0.54,0.49,0.39,0.68,0.13,0.58,0.32,0.7,0.52,3.71,1.66,0.09,12.8,0.26
4,桃園台啤永豐雲豹,16|54|62|68,米勒/高錦瑋/王皓吉/克羅馬,21,696,830.0,11267.22,187.79,187:47,536.53,8.94,08:57,382.0,18.19,46.02,73.23,394.0,18.76,47.47,75.53,315.0,15.0,37.95,60.39,136.0,6.48,16.39,26.07,156.0,7.43,18.8,29.91,78.0,3.71,9.4,14.95,159.0,7.57,19.16,30.48,58.0,2.76,6.99,11.12,61.0,2.9,7.35,11.69,50.0,2.38,6.02,9.59,45.0,2.14,5.42,8.63,140.0,6.67,16.87,26.84,65.0,3.1,7.83,12.46,124.0,5.9,14.94,23.77,47.0,2.24,5.66,9.01,85.0,4.05,10.24,16.3,32.0,1.52,3.86,6.13,14.0,0.67,1.69,2.68,70.0,3.33,8.43,13.42,69.0,3.29,8.31,13.23,46.02,47.47,-1.45,106.08,-12.0,-0.57,-1.45,187.79,8.94,0.52,0.56,0.5,0.36,0.82,0.12,0.62,0.27,0.68,0.49,3.86,1.69,0.08,8.31,0.19
4,桃園台啤永豐雲豹,16|58|62|68,米勒/林信寬/王皓吉/克羅馬,12,192,224.0,3008.73,50.15,50:09,250.73,4.18,04:11,113.0,9.42,50.45,81.12,120.0,10.0,53.57,86.15,87.0,7.25,38.84,62.46,45.0,3.75,20.09,32.31,49.0,4.08,21.88,35.18,30.0,2.5,13.39,21.54,38.0,3.17,16.96,27.28,15.0,1.25,6.7,10.77,16.0,1.33,7.14,11.49,13.0,1.08,5.8,9.33,8.0,0.67,3.57,5.74,36.0,3.0,16.07,25.84,15.0,1.25,6.7,10.77,30.0,2.5,13.39,21.54,10.0,0.83,4.46,7.18,26.0,2.17,11.61,18.67,5.0,0.42,2.23,3.59,2.0,0.17,0.89,1.44,17.0,1.42,7.59,12.2,27.0,2.25,12.05,19.38,50.45,53.57,-3.12,107.21,-7.0,-0.58,-3.12,50.15,4.18,0.6,0.6,0.61,0.39,0.81,0.1,0.58,0.21,0.71,0.49,2.23,0.89,0.08,12.05,0.18
4,桃園台啤永豐雲豹,54|58|62|68,高錦瑋/林信寬/王皓吉/克羅馬,15,264,317.0,4036.91,67.28,67:17,269.13,4.49,04:29,137.0,9.13,43.22,73.3,145.0,9.67,45.74,77.58,127.0,8.47,40.06,67.95,54.0,3.6,17.03,28.89,72.0,4.8,22.71,38.52,37.0,2.47,11.67,19.8,55.0,3.67,17.35,29.43,17.0,1.13,5.36,9.1,22.0,1.47,6.94,11.77,15.0,1.0,4.73,8.03,25.0,1.67,7.89,13.38,52.0,3.47,16.4,27.82,22.0,1.47,6.94,11.77,45.0,3.0,14.2,24.08,19.0,1.27,5.99,10.17,33.0,2.2,10.41,17.66,9.0,0.6,2.84,4.82,3.0,0.2,0.95,1.61,20.0,1.33,6.31,10.7,33.0,2.2,10.41,17.66,43.22,45.74,-2.52,113.08,-8.0,-0.53,-2.52,67.28,4.49,0.49,0.5,0.51,0.31,0.68,0.12,0.61,0.36,0.7,0.53,2.84,0.95,0.06,10.41,0.17
4,福爾摩沙夢想家,79|86|101|106,張宗憲/林俊吉/周柏臣/高柏鎧,2,13,17.0,188.25,3.14,03:08,94.12,1.57,01:34,7.0,3.5,41.18,80.32,10.0,5.0,58.82,114.74,8.0,4.0,47.06,91.79,3.0,1.5,17.65,34.42,6.0,3.0,35.29,68.85,3.0,1.5,17.65,34.42,2.0,1.0,11.76,22.95,0.0,0.0,0.0,0.0,2.0,1.0,11.76,22.95,1.0,0.5,5.88,11.47,3.0,1.5,17.65,34.42,2.0,1.0,11.76,22.95,0.0,0.0,0.0,0.0,2.0,1.0,11.76,22.95,1.0,0.5,5.88,11.47,1.0,0.5,5.88,11.47,0.0,0.0,0.0,0.0,0.0,0.0,0.0,0.0,1.0,0.5,5.88,11.47,0.0,0.0,0.0,0.0,41.18,58.82,-17.65,130.04,-3.0,-1.5,-17.65,3.14,1.57,0.38,0.39,0.5,0.0,0.5,0.1,0.33,0.6,1.0,0.71,0.0,0.0,0.06,0.0,0.25
4,福爾摩沙夢想家,79|99|101|106,張宗憲/盧冠良/周柏臣/高柏鎧,1,8,10.0,112.25,1.87,01:52,112.25,1.87,01:52,4.0,4.0,40.0,76.97,10.0,10.0,100.0,192.43,5.0,5.0,50.0,96.22,2.0,2.0,20.0,38.49,4.0,4.0,40.0,76.97,2.0,2.0,20.0,38.49,1.0,1.0,10.0,19.24,0.0,0.0,0.0,0.0,0.0,0.0,0.0,0.0,0.0,0.0,0.0,0.0,2.0,2.0,20.0,38.49,1.0,1.0,10.0,19.24,0.0,0.0,0.0,0.0,0.0,0.0,0.0,0.0,1.0,1.0,10.0,19.24,0.0,0.0,0.0,0.0,0.0,0.0,0.0,0.0,0.0,0.0,0.0,0.0,0.0,0.0,0.0,0.0,0.0,0.0,0.0,0.0,40.0,100.0,-60.0,128.29,-6.0,-6.0,-60.0,1.87,1.87,0.4,0.4,0.5,0.0,,0.17,0.0,1.0,1.0,1.0,0.0,0.0,0.0,0.0,0.0
4,桃園台啤永豐雲豹,12|16|58|62,曹薰襄/米勒/林信寬/王皓吉,11,201,232.0,3004.23,50.07,50:04,273.11,4.55,04:33,108.0,9.82,46.55,77.65,108.0,9.82,46.55,77.65,86.0,7.82,37.07,61.83,41.0,3.73,17.67,29.48,60.0,5.45,25.86,43.14,32.0,2.91,13.79,23.01,26.0,2.36,11.21,18.69,9.0,0.82,3.88,6.47,25.0,2.27,10.78,17.97,17.0,1.55,7.33,12.22,8.0,0.73,3.45,5.75,41.0,3.73,17.67,29.48,15.0,1.36,6.47,10.78,38.0,3.45,16.38,27.32,13.0,1.18,5.6,9.35,25.0,2.27,10.78,17.97,7.0,0.64,3.02,5.03,5.0,0.45,2.16,3.59,23.0,2.09,9.91,16.54,21.0,1.91,9.05,15.1,46.55,46.55,0.0,111.2,0.0,0.0,0.0,50.07,4.55,0.53,0.56,0.53,0.35,0.68,0.12,0.61,0.17,0.73,0.48,3.02,2.16,0.1,9.05,0.29
4,桃園台啤永豐雲豹,12|16|58|68,曹薰襄/米勒/林信寬/克羅馬,15,210,246.0,3135.05,52.25,52:15,209.0,3.48,03:29,112.0,7.47,45.53,77.17,116.0,7.73,47.15,79.92,91.0,6.07,36.99,62.7,41.0,2.73,16.67,28.25,53.0,3.53,21.54,36.52,31.0,2.07,12.6,21.36,38.0,2.53,15.45,26.18,10.0,0.67,4.07,6.89,26.0,1.73,10.57,17.91,22.0,1.47,8.94,15.16,10.0,0.67,4.07,6.89,42.0,2.8,17.07,28.94,16.0,1.07,6.5,11.02,30.0,2.0,12.2,20.67,13.0,0.87,5.28,8.96,22.0,1.47,8.94,15.16,8.0,0.53,3.25,5.51,3.0,0.2,1.22,2.07,18.0,1.2,7.32,12.4,35.0,2.33,14.23,24.11,45.53,47.15,-1.63,112.99,-4.0,-0.27,-1.63,52.25,3.48,0.51,0.55,0.58,0.26,0.85,0.11,0.54,0.25,0.72,0.53,3.25,1.22,0.07,14.23,0.29
4,桃園台啤永豐雲豹,12|16|62|68,曹薰襄/米勒/王皓吉/克羅馬,12,116,138.0,1830.86,30.51,30:31,152.57,2.54,02:33,62.0,5.17,44.93,73.15,76.0,6.33,55.07,89.66,49.0,4.08,35.51,57.81,21.0,1.75,15.22,24.78,28.0,2.33,20.29,33.03,15.0,1.25,10.87,17.7,21.0,1.75,15.22,24.78,6.0,0.5,4.35,7.08,20.0,1.67,14.49,23.6,18.0,1.5,13.04,21.24,5.0,0.42,3.62,5.9,23.0,1.92,16.67,27.13,10.0,0.83,7.25,11.8,14.0,1.17,10.14,16.52,7.0,0.58,5.07,8.26,11.0,0.92,7.97,12.98,3.0,0.25,2.17,3.54,1.0,0.08,0.72,1.18,14.0,1.17,10.14,16.52,15.0,1.25,10.87,17.7,44.93,55.07,-10.14,108.54,-14.0,-1.17,-10.14,30.51,2.54,0.49,0.54,0.54,0.29,0.9,0.11,0.52,0.26,0.7,0.54,2.17,0.72,0.1,10.87,0.41
4,桃園台啤永豐雲豹,12|58|62|68,曹薰襄/林信寬/王皓吉/克羅馬,13,107,129.0,1629.96,27.17,27:10,125.38,2.09,02:05,67.0,5.15,51.94,88.79,71.0,5.46,55.04,94.09,44.0,3.38,34.11,58.31,25.0,1.92,19.38,33.13,31.0,2.38,24.03,41.08,19.0,1.46,14.73,25.18,13.0,1.0,10.08,17.23,6.0,0.46,4.65,7.95,15.0,1.15,11.63,19.88,14.0,1.08,10.85,18.55,3.0,0.23,2.33,3.98,15.0,1.15,11.63,19.88,12.0,0.92,9.3,15.9,14.0,1.08,10.85,18.55,6.0,0.46,4.65,7.95,13.0,1.0,10.08,17.23,5.0,0.38,3.88,6.63,2.0,0.15,1.55,2.65,13.0,1.0,10.08,17.23,6.0,0.46,4.65,7.95,51.94,55.04,-3.1,113.97,-4.0,-0.31,-3.1,27.17,2.09,0.64,0.66,0.61,0.46,0.93,0.11,0.52,0.18,0.56,0.41,3.88,1.55,0.1,4.65,0.34
4,桃園台啤永豐雲豹,12|58|62|10860,曹薰襄/林信寬/王皓吉/麥卡洛,8,132,164.0,1884.87,31.41,31:25,235.61,3.93,03:56,67.0,8.38,40.85,76.78,59.0,7.38,35.98,67.61,51.0,6.38,31.1,58.44,22.0,2.75,13.41,25.21,39.0,4.88,23.78,44.69,17.0,2.12,10.37,19.48,12.0,1.5,7.32,13.75,5.0,0.62,3.05,5.73,25.0,3.12,15.24,28.65,17.0,2.12,10.37,19.48,8.0,1.0,4.88,9.17,22.0,2.75,13.41,25.21,16.0,2.0,9.76,18.34,27.0,3.38,16.46,30.94,12.0,1.5,7.32,13.75,14.0,1.75,8.54,16.04,7.0,0.88,4.27,8.02,2.0,0.25,1.22,2.29,19.0,2.38,11.59,21.77,11.0,1.38,6.71,12.61,40.85,35.98,4.88,125.29,8.0,1.0,4.88,31.41,3.93,0.48,0.54,0.44,0.42,0.68,0.16,0.64,0.23,0.58,0.41,4.27,1.22,0.12,6.71,0.49
4,桃園台啤永豐雲豹,12|58|68|10860,曹薰襄/林信寬/克羅馬/麥卡洛,18,321,377.0,4864.86,81.08,81:05,270.27,4.5,04:30,161.0,8.94,42.71,71.48,168.0,9.33,44.56,74.59,142.0,7.89,37.67,63.05,59.0,3.28,15.65,26.2,100.0,5.56,26.53,44.4,45.0,2.5,11.94,19.98,42.0,2.33,11.14,18.65,14.0,0.78,3.71,6.22,39.0,2.17,10.34,17.32,28.0,1.56,7.43,12.43,25.0,1.39,6.63,11.1,58.0,3.22,15.38,25.75,25.0,1.39,6.63,11.1,53.0,2.94,14.06,23.53,28.0,1.56,7.43,12.43,41.0,2.28,10.88,18.2,14.0,0.78,3.71,6.22,5.0,0.28,1.33,2.22,30.0,1.67,7.96,13.32,32.0,1.78,8.49,14.21,42.71,44.56,-1.86,111.59,-7.0,-0.39,-1.86,81.08,4.5,0.46,0.51,0.45,0.33,0.72,0.15,0.69,0.32,0.7,0.52,3.71,1.33,0.08,8.49,0.27
4,桃園台啤永豐雲豹,12|62|68|10860,曹薰襄/王皓吉/克羅馬/麥卡洛,6,66,78.0,926.07,15.43,15:26,154.34,2.57,02:34,35.0,5.83,44.87,81.64,31.0,5.17,39.74,72.31,25.0,4.17,32.05,58.31,12.0,2.0,15.38,27.99,21.0,3.5,26.92,48.98,9.0,1.5,11.54,20.99,4.0,0.67,5.13,9.33,3.0,0.5,3.85,7.0,12.0,2.0,15.38,27.99,8.0,1.33,10.26,18.66,3.0,0.5,3.85,7.0,11.0,1.83,14.1,25.66,8.0,1.33,10.26,18.66,12.0,2.0,15.38,27.99,6.0,1.0,7.69,13.99,4.0,0.67,5.13,9.33,4.0,0.67,5.13,9.33,1.0,0.17,1.28,2.33,7.0,1.17,8.97,16.33,4.0,0.67,5.13,9.33,44.87,39.74,5.13,121.29,4.0,0.67,5.13,15.43,2.57,0.54,0.58,0.43,0.75,0.67,0.17,0.33,0.2,0.58,0.41,5.13,1.28,0.09,5.13,0.48
4,桃園台啤永豐雲豹,58|62|68|10860,林信寬/王皓吉/克羅馬/麥卡洛,11,113,138.0,1693.11,28.22,28:13,153.92,2.57,02:34,56.0,5.09,40.58,71.44,68.0,6.18,49.28,86.75,54.0,4.91,39.13,68.89,21.0,1.91,15.22,26.79,35.0,3.18,25.36,44.65,15.0,1.36,10.87,19.14,19.0,1.73,13.77,24.24,6.0,0.55,4.35,7.65,11.0,1.0,7.97,14.03,9.0,0.82,6.52,11.48,10.0,0.91,7.25,12.76,23.0,2.09,16.67,29.34,13.0,1.18,9.42,16.58,18.0,1.64,13.04,22.96,8.0,0.73,5.8,10.21,13.0,1.18,9.42,16.58,5.0,0.45,3.62,6.38,3.0,0.27,2.17,3.83,9.0,0.82,6.52,11.48,8.0,0.73,5.8,10.21,40.58,49.28,-8.7,117.37,-12.0,-1.09,-8.7,28.22,2.57,0.44,0.48,0.43,0.32,0.82,0.12,0.62,0.36,0.64,0.52,3.62,2.17,0.07,5.8,0.2
4,桃園台啤永豐雲豹,12|56|62|68,曹薰襄/丁冠皓/王皓吉/克羅馬,1,10,11.0,134.0,2.23,02:14,134.0,2.23,02:14,5.0,5.0,45.45,80.6,7.0,7.0,63.64,112.84,4.0,4.0,36.36,64.48,2.0,2.0,18.18,32.24,3.0,3.0,27.27,48.36,2.0,2.0,18.18,32.24,1.0,1.0,9.09,16.12,0.0,0.0,0.0,0.0,0.0,0.0,0.0,0.0,0.0,0.0,0.0,0.0,0.0,0.0,0.0,0.0,2.0,2.0,18.18,32.24,1.0,1.0,9.09,16.12,2.0,2.0,18.18,32.24,1.0,1.0,9.09,16.12,0.0,0.0,0.0,0.0,1.0,1.0,9.09,16.12,0.0,0.0,0.0,0.0,0.0,0.0,0.0,0.0,2.0,2.0,18.18,32.24,45.45,63.64,-18.18,118.21,-2.0,-2.0,-18.18,2.23,2.23,0.5,0.62,0.67,0.0,,0.2,0.0,0.0,0.67,0.4,9.09,0.0,0.0,18.18,0.0
4,桃園台啤永豐雲豹,12|56|62|10860,曹薰襄/丁冠皓/王皓吉/麥卡洛,1,10,11.0,138.0,2.3,02:18,138.0,2.3,02:18,5.0,5.0,45.45,78.26,7.0,7.0,63.64,109.57,4.0,4.0,36.36,62.61,2.0,2.0,18.18,31.3,3.0,3.0,27.27,46.96,2.0,2.0,18.18,31.3,1.0,1.0,9.09,15.65,0.0,0.0,0.0,0.0,0.0,0.0,0.0,0.0,0.0,0.0,0.0,0.0,0.0,0.0,0.0,0.0,2.0,2.0,18.18,31.3,1.0,1.0,9.09,15.65,2.0,2.0,18.18,31.3,1.0,1.0,9.09,15.65,0.0,0.0,0.0,0.0,1.0,1.0,9.09,15.65,0.0,0.0,0.0,0.0,0.0,0.0,0.0,0.0,2.0,2.0,18.18,31.3,45.45,63.64,-18.18,114.78,-2.0,-2.0,-18.18,2.3,2.3,0.5,0.62,0.67,0.0,,0.2,0.0,0.0,0.67,0.4,9.09,0.0,0.0,18.18,0.0
4,桃園台啤永豐雲豹,12|56|68|10860,曹薰襄/丁冠皓/克羅馬/麥卡洛,2,18,19.0,230.0,3.83,03:50,115.0,1.92,01:55,9.0,4.5,47.37,84.52,11.0,5.5,57.89,103.3,7.0,3.5,36.84,65.74,4.0,2.0,21.05,37.57,6.0,3.0,31.58,56.35,4.0,2.0,21.05,37.57,1.0,0.5,5.26,9.39,0.0,0.0,0.0,0.0,0.0,0.0,0.0,0.0,0.0,0.0,0.0,0.0,0.0,0.0,0.0,0.0,3.0,1.5,15.79,28.17,1.0,0.5,5.26,9.39,3.0,1.5,15.79,28.17,2.0,1.0,10.53,18.78,1.0,0.5,5.26,9.39,2.0,1.0,10.53,18.78,0.0,0.0,0.0,0.0,0.0,0.0,0.0,0.0,2.0,1.0,10.53,18.78,47.37,57.89,-10.53,118.96,-2.0,-1.0,-10.53,3.83,1.92,0.57,0.64,0.67,0.0,,0.22,0.25,0.0,0.75,0.43,10.53,0.0,0.0,10.53,0.0
4,桃園台啤永豐雲豹,56|62|68|10860,丁冠皓/王皓吉/克羅馬/麥卡洛,1,10,11.0,134.0,2.23,02:14,134.0,2.23,02:14,5.0,5.0,45.45,80.6,7.0,7.0,63.64,112.84,4.0,4.0,36.36,64.48,2.0,2.0,18.18,32.24,3.0,3.0,27.27,48.36,2.0,2.0,18.18,32.24,1.0,1.0,9.09,16.12,0.0,0.0,0.0,0.0,0.0,0.0,0.0,0.0,0.0,0.0,0.0,0.0,0.0,0.0,0.0,0.0,2.0,2.0,18.18,32.24,1.0,1.0,9.09,16.12,2.0,2.0,18.18,32.24,1.0,1.0,9.09,16.12,0.0,0.0,0.0,0.0,1.0,1.0,9.09,16.12,0.0,0.0,0.0,0.0,0.0,0.0,0.0,0.0,2.0,2.0,18.18,32.24,45.45,63.64,-18.18,118.21,-2.0,-2.0,-18.18,2.23,2.23,0.5,0.62,0.67,0.0,,0.2,0.0,0.0,0.67,0.4,9.09,0.0,0.0,18.18,0.0
4,桃園台啤永豐雲豹,12|57|62|68,曹薰襄/莊博元/王皓吉/克羅馬,4,38,44.0,578.98,9.65,09:39,144.74,2.41,02:25,24.0,6.0,54.55,89.54,25.0,6.25,56.82,93.27,14.0,3.5,31.82,52.23,8.0,2.0,18.18,29.85,10.0,2.5,22.73,37.31,6.0,1.5,13.64,22.38,4.0,1.0,9.09,14.92,2.0,0.5,4.55,7.46,13.0,3.25,29.55,48.5,8.0,2.0,18.18,29.85,2.0,0.5,4.55,7.46,5.0,1.25,11.36,18.65,3.0,0.75,6.82,11.19,2.0,0.5,4.55,7.46,2.0,0.5,4.55,7.46,4.0,1.0,9.09,14.92,0.0,0.0,0.0,0.0,0.0,0.0,0.0,0.0,5.0,1.25,11.36,18.65,3.0,0.75,6.82,11.19,54.55,56.82,-2.27,109.43,-1.0,-0.25,-2.27,9.65,2.41,0.64,0.61,0.6,0.5,0.62,0.09,0.5,0.5,0.62,0.58,0.0,0.0,0.11,6.82,0.93
4,桃園台啤永豐雲豹,12|57|62|10860,曹薰襄/莊博元/王皓吉/麥卡洛,5,31,36.0,512.53,8.54,08:33,102.51,1.71,01:43,16.0,3.2,44.44,67.43,15.0,3.0,41.67,63.22,12.0,2.4,33.33,50.57,4.0,0.8,11.11,16.86,8.0,1.6,22.22,33.72,2.0,0.4,5.56,8.43,4.0,0.8,11.11,16.86,2.0,0.4,5.56,8.43,7.0,1.4,19.44,29.5,4.0,0.8,11.11,16.86,2.0,0.4,5.56,8.43,7.0,1.4,19.44,29.5,2.0,0.4,5.56,8.43,5.0,1.0,13.89,21.07,2.0,0.4,5.56,8.43,2.0,0.4,5.56,8.43,0.0,0.0,0.0,0.0,1.0,0.2,2.78,4.21,4.0,0.8,11.11,16.86,1.0,0.2,2.78,4.21,44.44,41.67,2.78,101.15,1.0,0.2,2.78,8.54,1.71,0.42,0.53,0.25,0.5,0.57,0.12,0.5,0.29,0.78,0.56,0.0,2.78,0.11,2.78,0.58
4,桃園台啤永豐雲豹,12|57|68|10860,曹薰襄/莊博元/克羅馬/麥卡洛,12,173,200.0,2864.33,47.74,47:44,238.69,3.98,03:59,98.0,8.17,49.0,73.9,92.0,7.67,46.0,69.38,68.0,5.67,34.0,51.28,36.0,3.0,18.0,27.15,49.0,4.08,24.5,36.95,28.0,2.33,14.0,21.11,19.0,1.58,9.5,14.33,8.0,0.67,4.0,6.03,26.0,2.17,13.0,19.61,16.0,1.33,8.0,12.07,10.0,0.83,5.0,7.54,25.0,2.08,12.5,18.85,12.0,1.0,6.0,9.05,26.0,2.17,13.0,19.61,16.0,1.33,8.0,12.07,22.0,1.83,11.0,16.59,10.0,0.83,5.0,7.54,2.0,0.17,1.0,1.51,17.0,1.42,8.5,12.82,30.0,2.5,15.0,22.62,49.0,46.0,3.0,100.55,6.0,0.5,3.0,47.74,3.98,0.59,0.62,0.57,0.42,0.62,0.17,0.61,0.28,0.68,0.48,5.0,1.0,0.08,15.0,0.38
4,福爾摩沙夢想家,83|89|103|106,吳家駿/蔣淯安/忻沃克/高柏鎧,2,18,21.0,332.46,5.54,05:32,166.23,2.77,02:46,5.0,2.5,23.81,32.49,4.0,2.0,19.05,25.99,8.0,4.0,38.1,51.98,2.0,1.0,9.52,12.99,3.0,1.5,14.29,19.49,1.0,0.5,4.76,6.5,5.0,2.5,23.81,32.49,1.0,0.5,4.76,6.5,0.0,0.0,0.0,0.0,0.0,0.0,0.0,0.0,0.0,0.0,0.0,0.0,6.0,3.0,28.57,38.98,1.0,0.5,4.76,6.5,5.0,2.5,23.81,32.49,1.0,0.5,4.76,6.5,2.0,1.0,9.52,12.99,1.0,0.5,4.76,6.5,0.0,0.0,0.0,0.0,1.0,0.5,4.76,6.5,2.0,1.0,9.52,12.99,23.81,19.05,4.76,90.96,1.0,0.5,4.76,5.54,2.77,0.31,0.31,0.33,0.2,,0.11,1.0,0.0,0.86,0.5,4.76,0.0,0.05,9.52,0.0
4,福爾摩沙夢想家,83|89|103|10889,吳家駿/蔣淯安/忻沃克/恩尼斯,1,13,15.0,246.72,4.11,04:07,246.72,4.11,04:07,5.0,5.0,33.33,43.77,4.0,4.0,26.67,35.02,6.0,6.0,40.0,52.53,2.0,2.0,13.33,17.51,3.0,3.0,20.0,26.26,1.0,1.0,6.67,8.75,3.0,3.0,20.0,26.26,1.0,1.0,6.67,8.75,0.0,0.0,0.0,0.0,0.0,0.0,0.0,0.0,0.0,0.0,0.0,0.0,4.0,4.0,26.67,35.02,0.0,0.0,0.0,0.0,4.0,4.0,26.67,35.02,1.0,1.0,6.67,8.75,2.0,2.0,13.33,17.51,1.0,1.0,6.67,8.75,0.0,0.0,0.0,0.0,1.0,1.0,6.67,8.75,0.0,0.0,0.0,0.0,33.33,26.67,6.67,87.55,1.0,1.0,6.67,4.11,4.11,0.42,0.42,0.33,0.33,,0.14,1.0,0.0,1.0,0.5,6.67,0.0,0.07,0.0,0.0
4,福爾摩沙夢想家,83|89|106|10889,吳家駿/蔣淯安/高柏鎧/恩尼斯,1,13,15.0,246.72,4.11,04:07,246.72,4.11,04:07,5.0,5.0,33.33,43.77,4.0,4.0,26.67,35.02,6.0,6.0,40.0,52.53,2.0,2.0,13.33,17.51,3.0,3.0,20.0,26.26,1.0,1.0,6.67,8.75,3.0,3.0,20.0,26.26,1.0,1.0,6.67,8.75,0.0,0.0,0.0,0.0,0.0,0.0,0.0,0.0,0.0,0.0,0.0,0.0,4.0,4.0,26.67,35.02,0.0,0.0,0.0,0.0,4.0,4.0,26.67,35.02,1.0,1.0,6.67,8.75,2.0,2.0,13.33,17.51,1.0,1.0,6.67,8.75,0.0,0.0,0.0,0.0,1.0,1.0,6.67,8.75,0.0,0.0,0.0,0.0,33.33,26.67,6.67,87.55,1.0,1.0,6.67,4.11,4.11,0.42,0.42,0.33,0.33,,0.14,1.0,0.0,1.0,0.5,6.67,0.0,0.07,0.0,0.0
4,福爾摩沙夢想家,83|103|106|10889,吳家駿/忻沃克/高柏鎧/恩尼斯,1,13,15.0,246.72,4.11,04:07,246.72,4.11,04:07,5.0,5.0,33.33,43.77,4.0,4.0,26.67,35.02,6.0,6.0,40.0,52.53,2.0,2.0,13.33,17.51,3.0,3.0,20.0,26.26,1.0,1.0,6.67,8.75,3.0,3.0,20.0,26.26,1.0,1.0,6.67,8.75,0.0,0.0,0.0,0.0,0.0,0.0,0.0,0.0,0.0,0.0,0.0,0.0,4.0,4.0,26.67,35.02,0.0,0.0,0.0,0.0,4.0,4.0,26.67,35.02,1.0,1.0,6.67,8.75,2.0,2.0,13.33,17.51,1.0,1.0,6.67,8.75,0.0,0.0,0.0,0.0,1.0,1.0,6.67,8.75,0.0,0.0,0.0,0.0,33.33,26.67,6.67,87.55,1.0,1.0,6.67,4.11,4.11,0.42,0.42,0.33,0.33,,0.14,1.0,0.0,1.0,0.5,6.67,0.0,0.07,0.0,0.0
4,桃園台啤永豐雲豹,12|57|58|68,曹薰襄/莊博元/林信寬/克羅馬,13,162,179.0,2270.53,37.84,37:51,174.66,2.91,02:55,70.0,5.38,39.11,66.59,80.0,6.15,44.69,76.11,58.0,4.46,32.4,55.18,25.0,1.92,13.97,23.78,42.0,3.23,23.46,39.96,21.0,1.62,11.73,19.98,16.0,1.23,8.94,15.22,4.0,0.31,2.23,3.81,23.0,1.77,12.85,21.88,14.0,1.08,7.82,13.32,5.0,0.38,2.79,4.76,30.0,2.31,16.76,28.54,9.0,0.69,5.03,8.56,26.0,2.0,14.53,24.73,19.0,1.46,10.61,18.08,21.0,1.62,11.73,19.98,14.0,1.08,7.82,13.32,2.0,0.15,1.12,1.9,18.0,1.38,10.06,17.12,21.0,1.62,11.73,19.98,39.11,44.69,-5.59,113.52,-10.0,-0.77,-5.59,37.84,2.91,0.47,0.51,0.5,0.25,0.61,0.22,0.84,0.16,0.77,0.5,7.82,1.12,0.1,11.73,0.4
4,桃園台啤永豐雲豹,12|57|58|10860,曹薰襄/莊博元/林信寬/麥卡洛,14,191,228.0,2972.11,49.54,49:32,212.29,3.54,03:32,95.0,6.79,41.67,69.04,101.0,7.21,44.3,73.4,72.0,5.14,31.58,52.33,35.0,2.5,15.35,25.44,54.0,3.86,23.68,39.24,29.0,2.07,12.72,21.08,18.0,1.29,7.89,13.08,6.0,0.43,2.63,4.36,33.0,2.36,14.47,23.98,21.0,1.5,9.21,15.26,14.0,1.0,6.14,10.17,26.0,1.86,11.4,18.9,16.0,1.14,7.02,11.63,29.0,2.07,12.72,21.08,22.0,1.57,9.65,15.99,28.0,2.0,12.28,20.35,12.0,0.86,5.26,8.72,4.0,0.29,1.75,2.91,25.0,1.79,10.96,18.17,22.0,1.57,9.65,15.99,41.67,44.3,-2.63,110.47,-6.0,-0.43,-2.63,49.54,3.54,0.53,0.55,0.54,0.33,0.64,0.2,0.8,0.33,0.62,0.47,5.26,1.75,0.11,9.65,0.46
4,桃園台啤永豐雲豹,57|58|68|10860,莊博元/林信寬/克羅馬/麥卡洛,15,313,374.0,4918.61,81.98,81:59,327.91,5.47,05:28,165.0,11.0,44.12,72.46,167.0,11.13,44.65,73.34,142.0,9.47,37.97,62.36,62.0,4.13,16.58,27.23,96.0,6.4,25.67,42.16,50.0,3.33,13.37,21.96,46.0,3.07,12.3,20.2,12.0,0.8,3.21,5.27,39.0,2.6,10.43,17.13,27.0,1.8,7.22,11.86,23.0,1.53,6.15,10.1,60.0,4.0,16.04,26.35,21.0,1.4,5.61,9.22,47.0,3.13,12.57,20.64,27.0,1.8,7.22,11.86,33.0,2.2,8.82,14.49,16.0,1.07,4.28,7.03,4.0,0.27,1.07,1.76,34.0,2.27,9.09,14.93,50.0,3.33,13.37,21.96,44.12,44.65,-0.53,109.49,-2.0,-0.13,-0.53,81.98,5.47,0.48,0.52,0.52,0.26,0.69,0.15,0.53,0.33,0.74,0.55,4.28,1.07,0.09,13.37,0.27
4,桃園台啤永豐雲豹,54|57|58|68,高錦瑋/莊博元/林信寬/克羅馬,23,692,839.0,10400.41,173.34,173:20,452.19,7.54,07:32,381.0,16.57,45.41,79.13,352.0,15.3,41.95,73.1,313.0,13.61,37.31,65.01,139.0,6.04,16.57,28.87,208.0,9.04,24.79,43.2,104.0,4.52,12.4,21.6,105.0,4.57,12.51,21.81,35.0,1.52,4.17,7.27,89.0,3.87,10.61,18.48,68.0,2.96,8.1,14.12,53.0,2.3,6.32,11.01,129.0,5.61,15.38,26.79,52.0,2.26,6.2,10.8,124.0,5.39,14.78,25.75,51.0,2.22,6.08,10.59,73.0,3.17,8.7,15.16,32.0,1.39,3.81,6.65,13.0,0.57,1.55,2.7,77.0,3.35,9.18,15.99,95.0,4.13,11.32,19.73,45.41,41.95,3.46,116.16,29.0,1.26,3.46,173.34,7.54,0.5,0.54,0.5,0.33,0.76,0.13,0.53,0.3,0.71,0.51,3.81,1.55,0.09,11.32,0.28
4,桃園台啤永豐雲豹,54|58|68|10860,高錦瑋/林信寬/克羅馬/麥卡洛,18,462,566.0,7471.1,124.52,124:31,415.06,6.92,06:55,240.0,13.33,42.4,69.39,249.0,13.83,43.99,71.99,226.0,12.56,39.93,65.34,91.0,5.06,16.08,26.31,146.0,8.11,25.8,42.21,69.0,3.83,12.19,19.95,80.0,4.44,14.13,23.13,22.0,1.22,3.89,6.36,53.0,2.94,9.36,15.32,36.0,2.0,6.36,10.41,41.0,2.28,7.24,11.85,104.0,5.78,18.37,30.07,35.0,1.94,6.18,10.12,76.0,4.22,13.43,21.97,30.0,1.67,5.3,8.67,51.0,2.83,9.01,14.74,14.0,0.78,2.47,4.05,6.0,0.33,1.06,1.73,48.0,2.67,8.48,13.88,60.0,3.33,10.6,17.35,42.4,43.99,-1.59,109.09,-9.0,-0.5,-1.59,124.52,6.92,0.45,0.48,0.47,0.28,0.68,0.11,0.56,0.35,0.75,0.57,2.47,1.06,0.08,10.6,0.23
4,福爾摩沙夢想家,86|89|99|106,林俊吉/蔣淯安/盧冠良/高柏鎧,2,20,26.0,299.59,4.99,05:00,149.8,2.5,02:30,5.0,2.5,19.23,36.05,6.0,3.0,23.08,43.26,7.0,3.5,26.92,50.47,1.0,0.5,3.85,7.21,0.0,0.0,0.0,0.0,0.0,0.0,0.0,0.0,7.0,3.5,26.92,50.47,1.0,0.5,3.85,7.21,2.0,1.0,7.69,14.42,2.0,1.0,7.69,14.42,1.0,0.5,3.85,7.21,4.0,2.0,15.38,28.84,3.0,1.5,11.54,21.63,6.0,3.0,23.08,43.26,4.0,2.0,15.38,28.84,1.0,0.5,3.85,7.21,1.0,0.5,3.85,7.21,0.0,0.0,0.0,0.0,0.0,0.0,0.0,0.0,1.0,0.5,3.85,7.21,19.23,23.08,-3.85,124.97,-1.0,-0.5,-3.85,4.99,2.5,0.21,0.32,,0.14,1.0,0.34,1.0,0.14,0.57,0.36,3.85,0.0,0.0,3.85,0.29
4,福爾摩沙夢想家,86|89|99|107,林俊吉/蔣淯安/盧冠良/霍爾曼,4,27,28.0,391.74,6.53,06:32,97.94,1.63,01:38,15.0,3.75,53.57,82.71,22.0,5.5,78.57,121.3,11.0,2.75,39.29,60.65,5.0,1.25,17.86,27.57,5.0,1.25,17.86,27.57,2.0,0.5,7.14,11.03,6.0,1.5,21.43,33.08,3.0,0.75,10.71,16.54,2.0,0.5,7.14,11.03,2.0,0.5,7.14,11.03,0.0,0.0,0.0,0.0,6.0,1.5,21.43,33.08,0.0,0.0,0.0,0.0,2.0,0.5,7.14,11.03,1.0,0.25,3.57,5.51,4.0,1.0,14.29,22.06,0.0,0.0,0.0,0.0,0.0,0.0,0.0,0.0,3.0,0.75,10.71,16.54,5.0,1.25,17.86,27.57,53.57,78.57,-25.0,102.92,-7.0,-1.75,-25.0,6.53,1.63,0.59,0.63,0.4,0.5,1.0,0.08,0.8,0.0,1.0,0.75,0.0,0.0,0.11,17.86,0.18
4,福爾摩沙夢想家,86|89|106|107,林俊吉/蔣淯安/高柏鎧/霍爾曼,2,5,6.0,66.94,1.12,01:07,33.47,0.56,00:33,10.0,5.0,166.67,322.69,2.0,1.0,33.33,64.54,3.0,1.5,50.0,96.81,2.0,1.0,33.33,64.54,1.0,0.5,16.67,32.27,0.0,0.0,0.0,0.0,2.0,1.0,33.33,64.54,2.0,1.0,33.33,64.54,2.0,1.0,33.33,64.54,2.0,1.0,33.33,64.54,1.0,0.5,16.67,32.27,0.0,0.0,0.0,0.0,0.0,0.0,0.0,0.0,0.0,0.0,0.0,0.0,0.0,0.0,0.0,0.0,1.0,0.5,16.67,32.27,0.0,0.0,0.0,0.0,0.0,0.0,0.0,0.0,1.0,0.5,16.67,32.27,4.0,2.0,66.67,129.07,166.67,33.33,133.33,129.07,8.0,4.0,133.33,1.12,0.56,1.0,1.29,0.0,1.0,1.0,0.0,0.5,1.0,,1.0,0.0,0.0,0.17,66.67,0.67
4,福爾摩沙夢想家,86|89|99|101,林俊吉/蔣淯安/盧冠良/周柏臣,1,4,5.0,72.0,1.2,01:12,72.0,1.2,01:12,0.0,0.0,0.0,0.0,6.0,6.0,120.0,180.0,2.0,2.0,40.0,60.0,0.0,0.0,0.0,0.0,1.0,1.0,20.0,30.0,0.0,0.0,0.0,0.0,1.0,1.0,20.0,30.0,0.0,0.0,0.0,0.0,0.0,0.0,0.0,0.0,0.0,0.0,0.0,0.0,0.0,0.0,0.0,0.0,2.0,2.0,40.0,60.0,0.0,0.0,0.0,0.0,0.0,0.0,0.0,0.0,0.0,0.0,0.0,0.0,0.0,0.0,0.0,0.0,0.0,0.0,0.0,0.0,0.0,0.0,0.0,0.0,1.0,1.0,20.0,30.0,0.0,0.0,0.0,0.0,0.0,120.0,-120.0,100.0,-6.0,-6.0,-120.0,1.2,1.2,0.0,0.0,0.0,0.0,,0.0,,,1.0,1.0,0.0,0.0,0.2,0.0,0.0
4,福爾摩沙夢想家,86|89|101|107,林俊吉/蔣淯安/周柏臣/霍爾曼,1,4,5.0,72.0,1.2,01:12,72.0,1.2,01:12,0.0,0.0,0.0,0.0,6.0,6.0,120.0,180.0,2.0,2.0,40.0,60.0,0.0,0.0,0.0,0.0,1.0,1.0,20.0,30.0,0.0,0.0,0.0,0.0,1.0,1.0,20.0,30.0,0.0,0.0,0.0,0.0,0.0,0.0,0.0,0.0,0.0,0.0,0.0,0.0,0.0,0.0,0.0,0.0,2.0,2.0,40.0,60.0,0.0,0.0,0.0,0.0,0.0,0.0,0.0,0.0,0.0,0.0,0.0,0.0,0.0,0.0,0.0,0.0,0.0,0.0,0.0,0.0,0.0,0.0,0.0,0.0,1.0,1.0,20.0,30.0,0.0,0.0,0.0,0.0,0.0,120.0,-120.0,100.0,-6.0,-6.0,-120.0,1.2,1.2,0.0,0.0,0.0,0.0,,0.0,,,1.0,1.0,0.0,0.0,0.2,0.0,0.0
4,福爾摩沙夢想家,79|86|101|10889,張宗憲/林俊吉/周柏臣/恩尼斯,1,1,1.0,13.0,0.22,00:13,13.0,0.22,00:13,1.0,1.0,100.0,166.15,0.0,0.0,0.0,0.0,0.0,0.0,0.0,0.0,0.0,0.0,0.0,0.0,0.0,0.0,0.0,0.0,0.0,0.0,0.0,0.0,0.0,0.0,0.0,0.0,0.0,0.0,0.0,0.0,2.0,2.0,200.0,332.31,1.0,1.0,100.0,166.15,0.0,0.0,0.0,0.0,0.0,0.0,0.0,0.0,0.0,0.0,0.0,0.0,0.0,0.0,0.0,0.0,0.0,0.0,0.0,0.0,1.0,1.0,100.0,166.15,0.0,0.0,0.0,0.0,0.0,0.0,0.0,0.0,0.0,0.0,0.0,0.0,0.0,0.0,0.0,0.0,100.0,0.0,100.0,110.77,1.0,1.0,100.0,0.22,0.22,,0.57,,,0.5,0.0,,,,,0.0,0.0,0.0,0.0,
4,福爾摩沙夢想家,86|101|107|10889,林俊吉/周柏臣/霍爾曼/恩尼斯,2,10,11.0,175.97,2.93,02:56,87.99,1.47,01:28,3.0,1.5,27.27,36.82,5.0,2.5,45.45,61.37,1.0,0.5,9.09,12.27,0.0,0.0,0.0,0.0,1.0,0.5,9.09,12.27,0.0,0.0,0.0,0.0,0.0,0.0,0.0,0.0,0.0,0.0,0.0,0.0,4.0,2.0,36.36,49.1,3.0,1.5,27.27,36.82,0.0,0.0,0.0,0.0,1.0,0.5,9.09,12.27,1.0,0.5,9.09,12.27,2.0,1.0,18.18,24.55,2.0,1.0,18.18,24.55,1.0,0.5,9.09,12.27,0.0,0.0,0.0,0.0,0.0,0.0,0.0,0.0,2.0,1.0,18.18,24.55,2.0,1.0,18.18,24.55,27.27,45.45,-18.18,90.01,-2.0,-1.0,-18.18,2.93,1.47,0.0,0.54,0.0,,0.75,0.42,,0.0,0.5,0.25,0.0,0.0,0.18,18.18,4.0
4,桃園台啤永豐雲豹,54|58|62|10860,高錦瑋/林信寬/王皓吉/麥卡洛,12,144,178.0,2263.06,37.72,37:43,188.59,3.14,03:09,62.0,5.17,34.83,59.18,88.0,7.33,49.44,83.99,72.0,6.0,40.45,68.72,23.0,1.92,12.92,21.95,43.0,3.58,24.16,41.04,19.0,1.58,10.67,18.13,29.0,2.42,16.29,27.68,4.0,0.33,2.25,3.82,12.0,1.0,6.74,11.45,9.0,0.75,5.06,8.59,16.0,1.33,8.99,15.27,34.0,2.83,19.1,32.45,16.0,1.33,8.99,15.27,19.0,1.58,10.67,18.13,8.0,0.67,4.49,7.64,13.0,1.08,7.3,12.41,4.0,0.33,2.25,3.82,3.0,0.25,1.69,2.86,14.0,1.17,7.87,13.36,21.0,1.75,11.8,20.04,34.83,49.44,-14.61,113.26,-26.0,-2.17,-14.61,37.72,3.14,0.35,0.4,0.44,0.14,0.75,0.09,0.57,0.46,0.68,0.59,2.25,1.69,0.08,11.8,0.17
4,福爾摩沙夢想家,86|101|103|106,林俊吉/周柏臣/忻沃克/高柏鎧,3,12,15.0,191.65,3.19,03:12,63.88,1.06,01:04,6.0,2.0,40.0,67.62,3.0,1.0,20.0,33.81,7.0,2.33,46.67,78.89,2.0,0.67,13.33,22.54,4.0,1.33,26.67,45.08,2.0,0.67,13.33,22.54,3.0,1.0,20.0,33.81,0.0,0.0,0.0,0.0,4.0,1.33,26.67,45.08,3.0,1.0,20.0,33.81,2.0,0.67,13.33,22.54,3.0,1.0,20.0,33.81,0.0,0.0,0.0,0.0,3.0,1.0,20.0,33.81,0.0,0.0,0.0,0.0,2.0,0.67,13.33,22.54,0.0,0.0,0.0,0.0,0.0,0.0,0.0,0.0,2.0,0.67,13.33,22.54,2.0,0.67,13.33,22.54,40.0,20.0,20.0,112.7,3.0,1.0,20.0,3.19,1.06,0.29,0.34,0.5,0.0,0.75,0.0,1.0,0.4,1.0,0.62,0.0,0.0,0.13,13.33,0.57
4,福爾摩沙夢想家,86|101|103|10889,林俊吉/周柏臣/忻沃克/恩尼斯,2,14,17.0,253.97,4.23,04:14,126.99,2.12,02:07,4.0,2.0,23.53,34.02,8.0,4.0,47.06,68.04,3.0,1.5,17.65,25.51,0.0,0.0,0.0,0.0,2.0,1.0,11.76,17.01,0.0,0.0,0.0,0.0,1.0,0.5,5.88,8.5,0.0,0.0,0.0,0.0,4.0,2.0,23.53,34.02,3.0,1.5,17.65,25.51,1.0,0.5,5.88,8.5,2.0,1.0,11.76,17.01,1.0,0.5,5.88,8.5,3.0,1.5,17.65,25.51,2.0,1.0,11.76,17.01,1.0,0.5,5.88,8.5,0.0,0.0,0.0,0.0,0.0,0.0,0.0,0.0,4.0,2.0,23.53,34.02,4.0,2.0,23.53,34.02,23.53,47.06,-23.53,96.39,-4.0,-2.0,-23.53,4.23,2.12,0.0,0.42,0.0,0.0,0.75,0.3,,0.25,0.67,0.43,0.0,0.0,0.24,23.53,1.33
4,福爾摩沙夢想家,86|101|106|10889,林俊吉/周柏臣/高柏鎧/恩尼斯,2,5,7.0,91.0,1.52,01:31,45.5,0.76,00:46,2.0,1.0,28.57,47.47,3.0,1.5,42.86,71.21,2.0,1.0,28.57,47.47,0.0,0.0,0.0,0.0,1.0,0.5,14.29,23.74,0.0,0.0,0.0,0.0,1.0,0.5,14.29,23.74,0.0,0.0,0.0,0.0,2.0,1.0,28.57,47.47,1.0,0.5,14.29,23.74,1.0,0.5,14.29,23.74,1.0,0.5,14.29,23.74,0.0,0.0,0.0,0.0,1.0,0.5,14.29,23.74,0.0,0.0,0.0,0.0,1.0,0.5,14.29,23.74,0.0,0.0,0.0,0.0,0.0,0.0,0.0,0.0,2.0,1.0,28.57,47.47,2.0,1.0,28.57,47.47,28.57,42.86,-14.29,110.77,-1.0,-0.5,-14.29,1.52,0.76,0.0,0.35,0.0,0.0,0.5,0.0,,0.5,1.0,0.67,0.0,0.0,0.29,28.57,1.0
4,福爾摩沙夢想家,101|103|106|10889,周柏臣/忻沃克/高柏鎧/恩尼斯,2,8,10.0,133.76,2.23,02:14,66.88,1.11,01:07,2.0,1.0,20.0,32.3,5.0,2.5,50.0,80.74,2.0,1.0,20.0,32.3,0.0,0.0,0.0,0.0,1.0,0.5,10.0,16.15,0.0,0.0,0.0,0.0,1.0,0.5,10.0,16.15,0.0,0.0,0.0,0.0,4.0,2.0,40.0,64.59,2.0,1.0,20.0,32.3,1.0,0.5,10.0,16.15,1.0,0.5,10.0,16.15,0.0,0.0,0.0,0.0,2.0,1.0,20.0,32.3,1.0,0.5,10.0,16.15,1.0,0.5,10.0,16.15,1.0,0.5,10.0,16.15,0.0,0.0,0.0,0.0,2.0,1.0,20.0,32.3,2.0,1.0,20.0,32.3,20.0,50.0,-30.0,107.66,-3.0,-1.5,-30.0,2.23,1.11,0.0,0.27,0.0,0.0,0.5,0.21,,0.33,1.0,0.5,10.0,0.0,0.2,20.0,2.0
4,福爾摩沙夢想家,89|101|103|106,蔣淯安/周柏臣/忻沃克/高柏鎧,2,7,8.0,110.33,1.84,01:50,55.16,0.92,00:55,0.0,0.0,0.0,0.0,8.0,4.0,100.0,156.62,2.0,1.0,25.0,39.16,0.0,0.0,0.0,0.0,1.0,0.5,12.5,19.58,0.0,0.0,0.0,0.0,1.0,0.5,12.5,19.58,0.0,0.0,0.0,0.0,2.0,1.0,25.0,39.16,1.0,0.5,12.5,19.58,0.0,0.0,0.0,0.0,2.0,1.0,25.0,39.16,0.0,0.0,0.0,0.0,1.0,0.5,12.5,19.58,1.0,0.5,12.5,19.58,0.0,0.0,0.0,0.0,1.0,0.5,12.5,19.58,0.0,0.0,0.0,0.0,0.0,0.0,0.0,0.0,2.0,1.0,25.0,39.16,0.0,100.0,-100.0,104.42,-8.0,-4.0,-100.0,1.84,0.92,0.0,0.0,0.0,0.0,0.5,0.26,,0.0,1.0,0.67,12.5,0.0,0.0,25.0,1.0
4,福爾摩沙夢想家,89|101|106|10889,蔣淯安/周柏臣/高柏鎧/恩尼斯,2,23,29.0,367.18,6.12,06:07,183.59,3.06,03:04,11.0,5.5,37.93,64.71,16.0,8.0,55.17,94.12,9.0,4.5,31.03,52.94,3.0,1.5,10.34,17.65,5.0,2.5,17.24,29.41,3.0,1.5,10.34,17.65,4.0,2.0,13.79,23.53,0.0,0.0,0.0,0.0,7.0,3.5,24.14,41.18,6.0,3.0,20.69,35.3,5.0,2.5,17.24,29.41,1.0,0.5,3.45,5.88,0.0,0.0,0.0,0.0,3.0,1.5,10.34,17.65,4.0,2.0,13.79,23.53,2.0,1.0,6.9,11.77,4.0,2.0,13.79,23.53,0.0,0.0,0.0,0.0,4.0,2.0,13.79,23.53,3.0,1.5,10.34,17.65,37.93,55.17,-17.24,113.73,-5.0,-2.5,-17.24,6.12,3.06,0.33,0.46,0.6,0.0,0.86,0.25,0.67,0.62,1.0,0.67,13.79,0.0,0.14,10.34,0.78
4,福爾摩沙夢想家,79|89|106|10889,張宗憲/蔣淯安/高柏鎧/恩尼斯,3,77,95.0,1305.06,21.75,21:45,435.02,7.25,07:15,40.0,13.33,42.11,66.2,20.0,6.67,21.05,33.1,37.0,12.33,38.95,61.24,15.0,5.0,15.79,24.83,21.0,7.0,22.11,34.76,9.0,3.0,9.47,14.9,16.0,5.33,16.84,26.48,6.0,2.0,6.32,9.93,5.0,1.67,5.26,8.28,2.0,0.67,2.11,3.31,9.0,3.0,9.47,14.9,15.0,5.0,15.79,24.83,5.0,1.67,5.26,8.28,19.0,6.33,20.0,31.45,8.0,2.67,8.42,13.24,10.0,3.33,10.53,16.55,5.0,1.67,5.26,8.28,0.0,0.0,0.0,0.0,13.0,4.33,13.68,21.52,7.0,2.33,7.37,11.59,42.11,21.05,21.05,104.82,20.0,6.67,21.05,21.75,7.25,0.49,0.51,0.43,0.38,0.4,0.17,0.67,0.32,0.75,0.5,5.26,0.0,0.14,7.37,0.14
4,福爾摩沙夢想家,79|86|99|10889,張宗憲/林俊吉/盧冠良/恩尼斯,1,8,8.0,101.08,1.68,01:41,101.08,1.68,01:41,2.0,2.0,25.0,42.74,8.0,8.0,100.0,170.95,3.0,3.0,37.5,64.11,0.0,0.0,0.0,0.0,2.0,2.0,25.0,42.74,0.0,0.0,0.0,0.0,1.0,1.0,12.5,21.37,0.0,0.0,0.0,0.0,2.0,2.0,25.0,42.74,2.0,2.0,25.0,42.74,1.0,1.0,12.5,21.37,2.0,2.0,25.0,42.74,0.0,0.0,0.0,0.0,0.0,0.0,0.0,0.0,0.0,0.0,0.0,0.0,1.0,1.0,12.5,21.37,0.0,0.0,0.0,0.0,0.0,0.0,0.0,0.0,1.0,1.0,12.5,21.37,1.0,1.0,12.5,21.37,25.0,100.0,-75.0,113.96,-6.0,-6.0,-75.0,1.68,1.68,0.0,0.26,0.0,0.0,1.0,0.0,,1.0,1.0,1.0,0.0,0.0,0.12,12.5,0.67
4,福爾摩沙夢想家,79|99|106|10889,張宗憲/盧冠良/高柏鎧/恩尼斯,1,8,8.0,101.08,1.68,01:41,101.08,1.68,01:41,2.0,2.0,25.0,42.74,8.0,8.0,100.0,170.95,3.0,3.0,37.5,64.11,0.0,0.0,0.0,0.0,2.0,2.0,25.0,42.74,0.0,0.0,0.0,0.0,1.0,1.0,12.5,21.37,0.0,0.0,0.0,0.0,2.0,2.0,25.0,42.74,2.0,2.0,25.0,42.74,1.0,1.0,12.5,21.37,2.0,2.0,25.0,42.74,0.0,0.0,0.0,0.0,0.0,0.0,0.0,0.0,0.0,0.0,0.0,0.0,1.0,1.0,12.5,21.37,0.0,0.0,0.0,0.0,0.0,0.0,0.0,0.0,1.0,1.0,12.5,21.37,1.0,1.0,12.5,21.37,25.0,100.0,-75.0,113.96,-6.0,-6.0,-75.0,1.68,1.68,0.0,0.26,0.0,0.0,1.0,0.0,,1.0,1.0,1.0,0.0,0.0,0.12,12.5,0.67
4,福爾摩沙夢想家,86|99|106|10889,林俊吉/盧冠良/高柏鎧/恩尼斯,2,21,23.0,312.12,5.2,05:12,156.06,2.6,02:36,7.0,3.5,30.43,48.44,17.0,8.5,73.91,117.65,8.0,4.0,34.78,55.36,2.0,1.0,8.7,13.84,5.0,2.5,21.74,34.6,2.0,1.0,8.7,13.84,3.0,1.5,13.04,20.76,0.0,0.0,0.0,0.0,4.0,2.0,17.39,27.68,3.0,1.5,13.04,20.76,2.0,1.0,8.7,13.84,3.0,1.5,13.04,20.76,0.0,0.0,0.0,0.0,1.0,0.5,4.35,6.92,2.0,1.0,8.7,13.84,4.0,2.0,17.39,27.68,1.0,0.5,4.35,6.92,0.0,0.0,0.0,0.0,2.0,1.0,8.7,13.84,2.0,1.0,8.7,13.84,30.43,73.91,-43.48,106.11,-10.0,-5.0,-43.48,5.2,2.6,0.25,0.36,0.4,0.0,0.75,0.17,2.0,0.67,1.0,0.83,4.35,0.0,0.09,8.7,0.5
4,桃園台啤永豐雲豹,16|54|57|68,米勒/高錦瑋/莊博元/克羅馬,23,1221,1478.0,19748.13,329.14,329:08,858.61,14.31,14:19,665.0,28.91,44.99,72.74,658.0,28.61,44.52,71.97,542.0,23.57,36.67,59.28,235.0,10.22,15.9,25.7,296.0,12.87,20.03,32.38,146.0,6.35,9.88,15.97,246.0,10.7,16.64,26.91,89.0,3.87,6.02,9.73,130.0,5.65,8.8,14.22,101.0,4.39,6.83,11.05,79.0,3.43,5.35,8.64,240.0,10.43,16.24,26.25,120.0,5.22,8.12,13.13,216.0,9.39,14.61,23.63,85.0,3.7,5.75,9.3,143.0,6.22,9.68,15.64,56.0,2.43,3.79,6.13,27.0,1.17,1.83,2.95,124.0,5.39,8.39,13.56,136.0,5.91,9.2,14.88,44.99,44.52,0.47,107.77,7.0,0.3,0.47,329.14,14.31,0.52,0.55,0.49,0.36,0.78,0.12,0.61,0.27,0.67,0.49,3.79,1.83,0.08,9.2,0.24
4,桃園台啤永豐雲豹,16|57|58|68,米勒/莊博元/林信寬/克羅馬,16,366,442.0,5209.42,86.82,86:49,325.59,5.43,05:26,197.0,12.31,44.57,81.68,173.0,10.81,39.14,71.73,161.0,10.06,36.43,66.76,71.0,4.44,16.06,29.44,106.0,6.62,23.98,43.95,50.0,3.12,11.31,20.73,55.0,3.44,12.44,22.8,21.0,1.31,4.75,8.71,47.0,2.94,10.63,19.49,34.0,2.12,7.69,14.1,28.0,1.75,6.33,11.61,68.0,4.25,15.38,28.2,27.0,1.69,6.11,11.2,64.0,4.0,14.48,26.54,29.0,1.81,6.56,12.02,40.0,2.5,9.05,16.59,20.0,1.25,4.52,8.29,9.0,0.56,2.04,3.73,43.0,2.69,9.73,17.83,50.0,3.12,11.31,20.73,44.57,39.14,5.43,122.18,24.0,1.5,5.43,86.82,5.43,0.51,0.54,0.47,0.38,0.72,0.14,0.56,0.3,0.72,0.51,4.52,2.04,0.1,11.31,0.29
4,福爾摩沙夢想家,83|99|103|106,吳家駿/盧冠良/忻沃克/高柏鎧,4,30,38.0,495.07,8.25,08:15,123.77,2.06,02:04,15.0,3.75,39.47,65.45,14.0,3.5,36.84,61.08,12.0,3.0,31.58,52.36,7.0,1.75,18.42,30.54,6.0,1.5,15.79,26.18,5.0,1.25,13.16,21.82,6.0,1.5,15.79,26.18,2.0,0.5,5.26,8.73,4.0,1.0,10.53,17.45,1.0,0.25,2.63,4.36,1.0,0.25,2.63,4.36,6.0,1.5,15.79,26.18,2.0,0.5,5.26,8.73,8.0,2.0,21.05,34.9,4.0,1.0,10.53,17.45,4.0,1.0,10.53,17.45,1.0,0.25,2.63,4.36,1.0,0.25,2.63,4.36,7.0,1.75,18.42,30.54,2.0,0.5,5.26,8.73,39.47,36.84,2.63,110.53,1.0,0.25,2.63,8.25,2.06,0.67,0.55,0.83,0.33,0.25,0.23,0.57,0.11,0.75,0.41,2.63,2.63,0.18,5.26,0.33
4,福爾摩沙夢想家,83|99|103|107,吳家駿/盧冠良/忻沃克/霍爾曼,3,17,19.0,269.23,4.49,04:29,89.74,1.5,01:30,8.0,2.67,42.11,64.18,12.0,4.0,63.16,96.28,7.0,2.33,36.84,56.16,3.0,1.0,15.79,24.07,4.0,1.33,21.05,32.09,2.0,0.67,10.53,16.05,3.0,1.0,15.79,24.07,1.0,0.33,5.26,8.02,1.0,0.33,5.26,8.02,1.0,0.33,5.26,8.02,0.0,0.0,0.0,0.0,4.0,1.33,21.05,32.09,1.0,0.33,5.26,8.02,2.0,0.67,10.53,16.05,1.0,0.33,5.26,8.02,1.0,0.33,5.26,8.02,1.0,0.33,5.26,8.02,1.0,0.33,5.26,8.02,1.0,0.33,5.26,8.02,4.0,1.33,21.05,32.09,42.11,63.16,-21.05,101.63,-4.0,-1.33,-21.05,4.49,1.5,0.5,0.54,0.5,0.33,1.0,0.12,0.33,0.0,0.8,0.57,5.26,5.26,0.05,21.05,0.14
4,福爾摩沙夢想家,83|103|106|107,吳家駿/忻沃克/高柏鎧/霍爾曼,4,26,33.0,429.96,7.17,07:10,107.49,1.79,01:47,15.0,3.75,45.45,75.36,17.0,4.25,51.52,85.4,13.0,3.25,39.39,65.31,4.0,1.0,12.12,20.09,5.0,1.25,15.15,25.12,2.0,0.5,6.06,10.05,8.0,2.0,24.24,40.19,2.0,0.5,6.06,10.05,5.0,1.25,15.15,25.12,5.0,1.25,15.15,25.12,3.0,0.75,9.09,15.07,6.0,1.5,18.18,30.14,1.0,0.25,3.03,5.02,3.0,0.75,9.09,15.07,2.0,0.5,6.06,10.05,4.0,1.0,12.12,20.09,1.0,0.25,3.03,5.02,1.0,0.25,3.03,5.02,2.0,0.5,6.06,10.05,2.0,0.5,6.06,10.05,45.45,51.52,-6.06,110.52,-2.0,-0.5,-6.06,7.17,1.79,0.38,0.49,0.4,0.25,1.0,0.12,1.0,0.5,0.86,0.69,3.03,3.03,0.06,6.06,0.38
4,桃園台啤永豐雲豹,12|16|57|58,曹薰襄/米勒/莊博元/林信寬,11,172,203.0,2596.36,43.27,43:16,236.03,3.93,03:56,81.0,7.36,39.9,67.39,65.0,5.91,32.02,54.08,70.0,6.36,34.48,58.24,31.0,2.82,15.27,25.79,52.0,4.73,25.62,43.26,28.0,2.55,13.79,23.29,18.0,1.64,8.87,14.97,3.0,0.27,1.48,2.5,29.0,2.64,14.29,24.13,18.0,1.64,8.87,14.97,14.0,1.27,6.9,11.65,31.0,2.82,15.27,25.79,10.0,0.91,4.93,8.32,36.0,3.27,17.73,29.95,15.0,1.36,7.39,12.48,18.0,1.64,8.87,14.97,8.0,0.73,3.94,6.66,3.0,0.27,1.48,2.5,22.0,2.0,10.84,18.3,9.0,0.82,4.43,7.49,39.9,32.02,7.88,112.59,16.0,1.45,7.88,43.27,3.93,0.46,0.49,0.54,0.17,0.62,0.15,0.58,0.28,0.76,0.49,3.94,1.48,0.11,4.43,0.41
4,桃園台啤永豐雲豹,12|16|57|10860,曹薰襄/米勒/莊博元/麥卡洛,11,124,157.0,2174.72,36.25,36:15,197.7,3.3,03:18,68.0,6.18,43.31,67.54,56.0,5.09,35.67,55.62,56.0,5.09,35.67,55.62,25.0,2.27,15.92,24.83,38.0,3.45,24.2,37.74,20.0,1.82,12.74,19.86,18.0,1.64,11.46,17.88,5.0,0.45,3.18,4.97,22.0,2.0,14.01,21.85,13.0,1.18,8.28,12.91,14.0,1.27,8.92,13.91,20.0,1.82,12.74,19.86,13.0,1.18,8.28,12.91,23.0,2.09,14.65,22.84,10.0,0.91,6.37,9.93,18.0,1.64,11.46,17.88,4.0,0.36,2.55,3.97,4.0,0.36,2.55,3.97,18.0,1.64,11.46,17.88,8.0,0.73,5.1,7.95,43.31,35.67,7.64,103.96,12.0,1.09,7.64,36.25,3.3,0.49,0.52,0.53,0.28,0.59,0.13,0.72,0.38,0.61,0.49,2.55,2.55,0.11,5.1,0.39
4,桃園台啤永豐雲豹,12|16|58|10860,曹薰襄/米勒/林信寬/麥卡洛,13,382,472.0,6197.02,103.28,103:17,476.69,7.94,07:57,181.0,13.92,38.35,63.09,172.0,13.23,36.44,59.95,164.0,12.62,34.75,57.16,69.0,5.31,14.62,24.05,115.0,8.85,24.36,40.08,52.0,4.0,11.02,18.12,49.0,3.77,10.38,17.08,17.0,1.31,3.6,5.93,48.0,3.69,10.17,16.73,26.0,2.0,5.51,9.06,31.0,2.38,6.57,10.81,69.0,5.31,14.62,24.05,41.0,3.15,8.69,14.29,73.0,5.62,15.47,25.44,37.0,2.85,7.84,12.9,42.0,3.23,8.9,14.64,22.0,1.69,4.66,7.67,9.0,0.69,1.91,3.14,42.0,3.23,8.9,14.64,37.0,2.85,7.84,12.9,38.35,36.44,1.91,109.68,9.0,0.69,1.91,103.28,7.94,0.47,0.49,0.45,0.35,0.54,0.17,0.61,0.3,0.63,0.47,4.66,1.91,0.09,7.84,0.29
4,福爾摩沙夢想家,89|91|103|10889,蔣淯安/簡偉儒/忻沃克/恩尼斯,1,2,4.0,35.0,0.58,00:35,35.0,0.58,00:35,0.0,0.0,0.0,0.0,3.0,3.0,75.0,185.14,1.0,1.0,25.0,61.71,0.0,0.0,0.0,0.0,0.0,0.0,0.0,0.0,0.0,0.0,0.0,0.0,1.0,1.0,25.0,61.71,0.0,0.0,0.0,0.0,0.0,0.0,0.0,0.0,0.0,0.0,0.0,0.0,0.0,0.0,0.0,0.0,1.0,1.0,25.0,61.71,2.0,2.0,50.0,123.43,0.0,0.0,0.0,0.0,0.0,0.0,0.0,0.0,0.0,0.0,0.0,0.0,0.0,0.0,0.0,0.0,0.0,0.0,0.0,0.0,0.0,0.0,0.0,0.0,2.0,2.0,50.0,123.43,0.0,75.0,-75.0,164.57,-3.0,-3.0,-75.0,0.58,0.58,0.0,0.0,,0.0,,0.0,,,0.33,0.33,0.0,0.0,0.0,50.0,0.0
4,福爾摩沙夢想家,89|91|107|10889,蔣淯安/簡偉儒/霍爾曼/恩尼斯,2,14,20.0,215.72,3.6,03:36,107.86,1.8,01:48,1.0,0.5,5.0,10.01,12.0,6.0,60.0,120.15,3.0,1.5,15.0,30.04,0.0,0.0,0.0,0.0,0.0,0.0,0.0,0.0,0.0,0.0,0.0,0.0,3.0,1.5,15.0,30.04,0.0,0.0,0.0,0.0,1.0,0.5,5.0,10.01,1.0,0.5,5.0,10.01,0.0,0.0,0.0,0.0,3.0,1.5,15.0,30.04,3.0,1.5,15.0,30.04,2.0,1.0,10.0,20.03,4.0,2.0,20.0,40.05,0.0,0.0,0.0,0.0,3.0,1.5,15.0,30.04,0.0,0.0,0.0,0.0,0.0,0.0,0.0,0.0,4.0,2.0,20.0,40.05,5.0,60.0,-55.0,133.5,-11.0,-5.5,-55.0,3.6,1.8,0.0,0.15,,0.0,1.0,0.54,,0.0,0.5,0.38,15.0,0.0,0.0,20.0,0.33
4,福爾摩沙夢想家,91|103|107|10889,簡偉儒/忻沃克/霍爾曼/恩尼斯,1,2,4.0,35.0,0.58,00:35,35.0,0.58,00:35,0.0,0.0,0.0,0.0,3.0,3.0,75.0,185.14,1.0,1.0,25.0,61.71,0.0,0.0,0.0,0.0,0.0,0.0,0.0,0.0,0.0,0.0,0.0,0.0,1.0,1.0,25.0,61.71,0.0,0.0,0.0,0.0,0.0,0.0,0.0,0.0,0.0,0.0,0.0,0.0,0.0,0.0,0.0,0.0,1.0,1.0,25.0,61.71,2.0,2.0,50.0,123.43,0.0,0.0,0.0,0.0,0.0,0.0,0.0,0.0,0.0,0.0,0.0,0.0,0.0,0.0,0.0,0.0,0.0,0.0,0.0,0.0,0.0,0.0,0.0,0.0,2.0,2.0,50.0,123.43,0.0,75.0,-75.0,164.57,-3.0,-3.0,-75.0,0.58,0.58,0.0,0.0,,0.0,,0.0,,,0.33,0.33,0.0,0.0,0.0,50.0,0.0
4,福爾摩沙夢想家,86|91|103|10889,林俊吉/簡偉儒/忻沃克/恩尼斯,1,10,10.0,158.64,2.64,02:39,158.64,2.64,02:39,4.0,4.0,40.0,54.46,4.0,4.0,40.0,54.46,5.0,5.0,50.0,68.08,2.0,2.0,20.0,27.23,3.0,3.0,30.0,40.85,2.0,2.0,20.0,27.23,2.0,2.0,20.0,27.23,0.0,0.0,0.0,0.0,0.0,0.0,0.0,0.0,0.0,0.0,0.0,0.0,0.0,0.0,0.0,0.0,3.0,3.0,30.0,40.85,0.0,0.0,0.0,0.0,3.0,3.0,30.0,40.85,0.0,0.0,0.0,0.0,0.0,0.0,0.0,0.0,0.0,0.0,0.0,0.0,0.0,0.0,0.0,0.0,0.0,0.0,0.0,0.0,0.0,0.0,0.0,0.0,40.0,40.0,0.0,90.77,0.0,0.0,0.0,2.64,2.64,0.4,0.4,0.67,0.0,,0.0,0.0,0.0,1.0,0.5,0.0,0.0,0.0,0.0,0.0
4,福爾摩沙夢想家,86|91|106|10889,林俊吉/簡偉儒/高柏鎧/恩尼斯,1,10,10.0,158.64,2.64,02:39,158.64,2.64,02:39,4.0,4.0,40.0,54.46,4.0,4.0,40.0,54.46,5.0,5.0,50.0,68.08,2.0,2.0,20.0,27.23,3.0,3.0,30.0,40.85,2.0,2.0,20.0,27.23,2.0,2.0,20.0,27.23,0.0,0.0,0.0,0.0,0.0,0.0,0.0,0.0,0.0,0.0,0.0,0.0,0.0,0.0,0.0,0.0,3.0,3.0,30.0,40.85,0.0,0.0,0.0,0.0,3.0,3.0,30.0,40.85,0.0,0.0,0.0,0.0,0.0,0.0,0.0,0.0,0.0,0.0,0.0,0.0,0.0,0.0,0.0,0.0,0.0,0.0,0.0,0.0,0.0,0.0,0.0,0.0,40.0,40.0,0.0,90.77,0.0,0.0,0.0,2.64,2.64,0.4,0.4,0.67,0.0,,0.0,0.0,0.0,1.0,0.5,0.0,0.0,0.0,0.0,0.0
4,福爾摩沙夢想家,91|103|106|10889,簡偉儒/忻沃克/高柏鎧/恩尼斯,1,10,10.0,158.64,2.64,02:39,158.64,2.64,02:39,4.0,4.0,40.0,54.46,4.0,4.0,40.0,54.46,5.0,5.0,50.0,68.08,2.0,2.0,20.0,27.23,3.0,3.0,30.0,40.85,2.0,2.0,20.0,27.23,2.0,2.0,20.0,27.23,0.0,0.0,0.0,0.0,0.0,0.0,0.0,0.0,0.0,0.0,0.0,0.0,0.0,0.0,0.0,0.0,3.0,3.0,30.0,40.85,0.0,0.0,0.0,0.0,3.0,3.0,30.0,40.85,0.0,0.0,0.0,0.0,0.0,0.0,0.0,0.0,0.0,0.0,0.0,0.0,0.0,0.0,0.0,0.0,0.0,0.0,0.0,0.0,0.0,0.0,0.0,0.0,40.0,40.0,0.0,90.77,0.0,0.0,0.0,2.64,2.64,0.4,0.4,0.67,0.0,,0.0,0.0,0.0,1.0,0.5,0.0,0.0,0.0,0.0,0.0
4,福爾摩沙夢想家,91|103|106|107,簡偉儒/忻沃克/高柏鎧/霍爾曼,2,13,14.0,215.63,3.59,03:36,107.81,1.8,01:48,9.0,4.5,64.29,90.16,4.0,2.0,28.57,40.07,5.0,2.5,35.71,50.09,4.0,2.0,28.57,40.07,4.0,2.0,28.57,40.07,3.0,1.5,21.43,30.05,1.0,0.5,7.14,10.02,1.0,0.5,7.14,10.02,0.0,0.0,0.0,0.0,0.0,0.0,0.0,0.0,1.0,0.5,7.14,10.02,0.0,0.0,0.0,0.0,0.0,0.0,0.0,0.0,3.0,1.5,21.43,30.05,3.0,1.5,21.43,30.05,1.0,0.5,7.14,10.02,2.0,1.0,14.29,20.03,1.0,0.5,7.14,10.02,3.0,1.5,21.43,30.05,1.0,0.5,7.14,10.02,64.29,28.57,35.71,93.5,5.0,2.5,35.71,3.59,1.8,0.9,0.9,0.75,1.0,,0.38,0.25,0.25,,0.25,14.29,7.14,0.21,7.14,0.0
4,桃園台啤永豐雲豹,12|16|57|62,曹薰襄/米勒/莊博元/王皓吉,5,31,36.0,601.77,10.03,10:02,120.35,2.01,02:00,18.0,3.6,50.0,64.61,24.0,4.8,66.67,86.15,14.0,2.8,38.89,50.25,5.0,1.0,13.89,17.95,9.0,1.8,25.0,32.3,4.0,0.8,11.11,14.36,5.0,1.0,13.89,17.95,1.0,0.2,2.78,3.59,10.0,2.0,27.78,35.89,7.0,1.4,19.44,25.13,2.0,0.4,5.56,7.18,7.0,1.4,19.44,25.13,2.0,0.4,5.56,7.18,3.0,0.6,8.33,10.77,1.0,0.2,2.78,3.59,4.0,0.8,11.11,14.36,0.0,0.0,0.0,0.0,2.0,0.4,5.56,7.18,4.0,0.8,11.11,14.36,2.0,0.4,5.56,7.18,50.0,66.67,-16.67,86.15,-6.0,-1.2,-16.67,10.03,2.01,0.39,0.49,0.44,0.2,0.7,0.05,0.8,0.4,0.78,0.64,0.0,5.56,0.11,5.56,0.71
4,桃園台啤永豐雲豹,12|16|57|68,曹薰襄/米勒/莊博元/克羅馬,13,125,139.0,2003.26,33.39,33:23,154.1,2.57,02:34,64.0,4.92,46.04,69.01,67.0,5.15,48.2,72.24,54.0,4.15,38.85,58.23,24.0,1.85,17.27,25.88,27.0,2.08,19.42,29.11,15.0,1.15,10.79,16.17,27.0,2.08,19.42,29.11,9.0,0.69,6.47,9.7,13.0,1.0,9.35,14.02,9.0,0.69,6.47,9.7,5.0,0.38,3.6,5.39,27.0,2.08,19.42,29.11,8.0,0.62,5.76,8.63,22.0,1.69,15.83,23.72,7.0,0.54,5.04,7.55,15.0,1.15,10.79,16.17,6.0,0.46,4.32,6.47,0.0,0.0,0.0,0.0,12.0,0.92,8.63,12.94,15.0,1.15,10.79,16.17,46.04,48.2,-2.16,99.92,-3.0,-0.23,-2.16,33.39,2.57,0.53,0.54,0.56,0.33,0.69,0.1,0.62,0.19,0.77,0.52,4.32,0.0,0.09,10.79,0.24
4,桃園台啤永豐雲豹,16|57|62|68,米勒/莊博元/王皓吉/克羅馬,21,527,631.0,8641.21,144.02,144:01,411.49,6.86,06:51,290.0,13.81,45.96,72.49,301.0,14.33,47.7,75.24,234.0,11.14,37.08,58.49,99.0,4.71,15.69,24.75,112.0,5.33,17.75,28.0,54.0,2.57,8.56,13.5,122.0,5.81,19.33,30.5,45.0,2.14,7.13,11.25,54.0,2.57,8.56,13.5,44.0,2.1,6.97,11.0,34.0,1.62,5.39,8.5,105.0,5.0,16.64,26.25,54.0,2.57,8.56,13.5,93.0,4.43,14.74,23.25,35.0,1.67,5.55,8.75,64.0,3.05,10.14,16.0,26.0,1.24,4.12,6.5,13.0,0.62,2.06,3.25,54.0,2.57,8.56,13.5,46.0,2.19,7.29,11.5,45.96,47.7,-1.74,105.15,-11.0,-0.52,-1.74,144.02,6.86,0.52,0.56,0.48,0.37,0.81,0.12,0.65,0.27,0.66,0.49,4.12,2.06,0.09,7.29,0.23
4,桃園台啤永豐雲豹,16|54|57|62,米勒/高錦瑋/莊博元/王皓吉,22,530,635.0,8677.92,144.63,144:38,394.45,6.57,06:34,297.0,13.5,46.77,73.93,293.0,13.32,46.14,72.93,239.0,10.86,37.64,59.49,103.0,4.68,16.22,25.64,116.0,5.27,18.27,28.87,57.0,2.59,8.98,14.19,123.0,5.59,19.37,30.62,46.0,2.09,7.24,11.45,48.0,2.18,7.56,11.95,40.0,1.82,6.3,9.96,36.0,1.64,5.67,8.96,104.0,4.73,16.38,25.89,53.0,2.41,8.35,13.19,96.0,4.36,15.12,23.9,36.0,1.64,5.67,8.96,67.0,3.05,10.55,16.68,27.0,1.23,4.25,6.72,13.0,0.59,2.05,3.24,53.0,2.41,8.35,13.19,45.0,2.05,7.09,11.2,46.77,46.14,0.63,105.37,4.0,0.18,0.63,144.63,6.57,0.53,0.57,0.49,0.37,0.83,0.12,0.65,0.27,0.66,0.48,4.25,2.05,0.08,7.09,0.2
4,桃園台啤永豐雲豹,12|16|54|62,曹薰襄/米勒/高錦瑋/王皓吉,9,73,85.0,1138.99,18.98,18:59,126.55,2.11,02:07,38.0,4.22,44.71,72.06,37.0,4.11,43.53,70.17,28.0,3.11,32.94,53.1,12.0,1.33,14.12,22.76,14.0,1.56,16.47,26.55,6.0,0.67,7.06,11.38,14.0,1.56,16.47,26.55,6.0,0.67,7.06,11.38,9.0,1.0,10.59,17.07,8.0,0.89,9.41,15.17,4.0,0.44,4.71,7.59,13.0,1.44,15.29,24.65,6.0,0.67,7.06,11.38,12.0,1.33,14.12,22.76,8.0,0.89,9.41,15.17,6.0,0.67,7.06,11.38,5.0,0.56,5.88,9.48,0.0,0.0,0.0,0.0,10.0,1.11,11.76,18.96,12.0,1.33,14.12,22.76,44.71,43.53,1.18,107.46,1.0,0.11,1.18,18.98,2.11,0.54,0.59,0.43,0.43,0.89,0.2,0.5,0.25,0.68,0.49,5.88,0.0,0.12,14.12,0.32
4,桃園台啤永豐雲豹,12|16|54|68,曹薰襄/米勒/高錦瑋/克羅馬,14,222,252.0,3510.23,58.5,58:30,250.73,4.18,04:11,113.0,8.07,44.84,69.53,114.0,8.14,45.24,70.15,96.0,6.86,38.1,59.07,39.0,2.79,15.48,24.0,48.0,3.43,19.05,29.54,24.0,1.71,9.52,14.77,48.0,3.43,19.05,29.54,15.0,1.07,5.95,9.23,22.0,1.57,8.73,13.54,20.0,1.43,7.94,12.31,12.0,0.86,4.76,7.38,46.0,3.29,18.25,28.31,12.0,0.86,4.76,7.38,37.0,2.64,14.68,22.77,16.0,1.14,6.35,9.85,27.0,1.93,10.71,16.61,9.0,0.64,3.57,5.54,3.0,0.21,1.19,1.85,17.0,1.21,6.75,10.46,30.0,2.14,11.9,18.46,44.84,45.24,-0.4,103.38,-1.0,-0.07,-0.4,58.5,4.18,0.48,0.53,0.5,0.31,0.91,0.13,0.69,0.24,0.79,0.54,3.57,1.19,0.07,11.9,0.23
4,桃園台啤永豐雲豹,12|54|62|68,曹薰襄/高錦瑋/王皓吉/克羅馬,9,56,65.0,981.53,16.36,16:22,109.06,1.82,01:49,28.0,3.11,43.08,61.62,29.0,3.22,44.62,63.82,24.0,2.67,36.92,52.82,7.0,0.78,10.77,15.4,14.0,1.56,21.54,30.81,5.0,0.56,7.69,11.0,10.0,1.11,15.38,22.01,2.0,0.22,3.08,4.4,13.0,1.44,20.0,28.61,10.0,1.11,15.38,22.01,5.0,0.56,7.69,11.0,13.0,1.44,20.0,28.61,3.0,0.33,4.62,6.6,8.0,0.89,12.31,17.61,4.0,0.44,6.15,8.8,5.0,0.56,7.69,11.0,1.0,0.11,1.54,2.2,0.0,0.0,0.0,0.0,10.0,1.11,15.38,22.01,4.0,0.44,6.15,8.8,43.08,44.62,-1.54,95.36,-1.0,-0.11,-1.54,16.36,1.82,0.33,0.47,0.36,0.2,0.77,0.12,0.71,0.38,0.81,0.62,1.54,0.0,0.15,6.15,0.54
4,福爾摩沙夢想家,83|91|95|101,吳家駿/簡偉儒/李德威/周柏臣,5,29,38.0,547.4,9.12,09:07,109.48,1.82,01:49,11.0,2.2,28.95,43.41,23.0,4.6,60.53,90.76,10.0,2.0,26.32,39.46,3.0,0.6,7.89,11.84,5.0,1.0,13.16,19.73,1.0,0.2,2.63,3.95,5.0,1.0,13.16,19.73,2.0,0.4,5.26,7.89,7.0,1.4,18.42,27.62,3.0,0.6,7.89,11.84,1.0,0.2,2.63,3.95,5.0,1.0,13.16,19.73,2.0,0.4,5.26,7.89,6.0,1.2,15.79,23.68,6.0,1.2,15.79,23.68,5.0,1.0,13.16,19.73,2.0,0.4,5.26,7.89,2.0,0.4,5.26,7.89,5.0,1.0,13.16,19.73,4.0,0.8,10.53,15.78,28.95,60.53,-31.58,99.96,-12.0,-2.4,-31.58,9.12,1.82,0.4,0.42,0.2,0.4,0.43,0.31,1.67,0.14,0.71,0.43,5.26,5.26,0.13,10.53,0.7
4,福爾摩沙夢想家,83|91|95|103,吳家駿/簡偉儒/李德威/忻沃克,1,1,1.0,12.0,0.2,00:12,12.0,0.2,00:12,0.0,0.0,0.0,0.0,0.0,0.0,0.0,0.0,0.0,0.0,0.0,0.0,0.0,0.0,0.0,0.0,0.0,0.0,0.0,0.0,0.0,0.0,0.0,0.0,0.0,0.0,0.0,0.0,0.0,0.0,0.0,0.0,0.0,0.0,0.0,0.0,0.0,0.0,0.0,0.0,0.0,0.0,0.0,0.0,0.0,0.0,0.0,0.0,0.0,0.0,0.0,0.0,0.0,0.0,0.0,0.0,1.0,1.0,100.0,180.0,0.0,0.0,0.0,0.0,0.0,0.0,0.0,0.0,0.0,0.0,0.0,0.0,0.0,0.0,0.0,0.0,0.0,0.0,0.0,0.0,0.0,0.0,0.0,120.0,0.0,0.0,0.0,0.2,0.2,,,,,,1.0,,,,,0.0,0.0,0.0,0.0,
4,福爾摩沙夢想家,83|91|101|103,吳家駿/簡偉儒/周柏臣/忻沃克,2,13,15.0,186.0,3.1,03:06,93.0,1.55,01:33,6.0,3.0,40.0,69.68,8.0,4.0,53.33,92.9,5.0,2.5,33.33,58.06,2.0,1.0,13.33,23.23,2.0,1.0,13.33,23.23,1.0,0.5,6.67,11.61,3.0,1.5,20.0,34.84,1.0,0.5,6.67,11.61,1.0,0.5,6.67,11.61,1.0,0.5,6.67,11.61,0.0,0.0,0.0,0.0,3.0,1.5,20.0,34.84,3.0,1.5,20.0,34.84,1.0,0.5,6.67,11.61,1.0,0.5,6.67,11.61,2.0,1.0,13.33,23.23,0.0,0.0,0.0,0.0,0.0,0.0,0.0,0.0,1.0,0.5,6.67,11.61,2.0,1.0,13.33,23.23,40.0,53.33,-13.33,116.13,-2.0,-1.0,-13.33,3.1,1.55,0.5,0.55,0.5,0.33,1.0,0.16,1.0,0.0,0.5,0.43,0.0,0.0,0.07,13.33,0.2
4,福爾摩沙夢想家,83|95|101|103,吳家駿/李德威/周柏臣/忻沃克,1,1,1.0,12.0,0.2,00:12,12.0,0.2,00:12,0.0,0.0,0.0,0.0,0.0,0.0,0.0,0.0,0.0,0.0,0.0,0.0,0.0,0.0,0.0,0.0,0.0,0.0,0.0,0.0,0.0,0.0,0.0,0.0,0.0,0.0,0.0,0.0,0.0,0.0,0.0,0.0,0.0,0.0,0.0,0.0,0.0,0.0,0.0,0.0,0.0,0.0,0.0,0.0,0.0,0.0,0.0,0.0,0.0,0.0,0.0,0.0,0.0,0.0,0.0,0.0,1.0,1.0,100.0,180.0,0.0,0.0,0.0,0.0,0.0,0.0,0.0,0.0,0.0,0.0,0.0,0.0,0.0,0.0,0.0,0.0,0.0,0.0,0.0,0.0,0.0,0.0,0.0,120.0,0.0,0.0,0.0,0.2,0.2,,,,,,1.0,,,,,0.0,0.0,0.0,0.0,
4,福爾摩沙夢想家,91|95|101|103,簡偉儒/李德威/周柏臣/忻沃克,1,1,1.0,12.0,0.2,00:12,12.0,0.2,00:12,0.0,0.0,0.0,0.0,0.0,0.0,0.0,0.0,0.0,0.0,0.0,0.0,0.0,0.0,0.0,0.0,0.0,0.0,0.0,0.0,0.0,0.0,0.0,0.0,0.0,0.0,0.0,0.0,0.0,0.0,0.0,0.0,0.0,0.0,0.0,0.0,0.0,0.0,0.0,0.0,0.0,0.0,0.0,0.0,0.0,0.0,0.0,0.0,0.0,0.0,0.0,0.0,0.0,0.0,0.0,0.0,1.0,1.0,100.0,180.0,0.0,0.0,0.0,0.0,0.0,0.0,0.0,0.0,0.0,0.0,0.0,0.0,0.0,0.0,0.0,0.0,0.0,0.0,0.0,0.0,0.0,0.0,0.0,120.0,0.0,0.0,0.0,0.2,0.2,,,,,,1.0,,,,,0.0,0.0,0.0,0.0,
4,福爾摩沙夢想家,83|91|95|97,吳家駿/簡偉儒/李德威/史承平,4,22,29.0,406.4,6.77,06:46,101.6,1.69,01:42,11.0,2.75,37.93,58.46,17.0,4.25,58.62,90.35,8.0,2.0,27.59,42.52,3.0,0.75,10.34,15.94,4.0,1.0,13.79,21.26,1.0,0.25,3.45,5.31,4.0,1.0,13.79,21.26,2.0,0.5,6.9,10.63,7.0,1.75,24.14,37.2,3.0,0.75,10.34,15.94,1.0,0.25,3.45,5.31,3.0,0.75,10.34,15.94,0.0,0.0,0.0,0.0,4.0,1.0,13.79,21.26,4.0,1.0,13.79,21.26,5.0,1.25,17.24,26.57,2.0,0.5,6.9,10.63,1.0,0.25,3.45,5.31,5.0,1.25,17.24,26.57,4.0,1.0,13.79,21.26,37.93,58.62,-20.69,102.76,-6.0,-1.5,-20.69,6.77,1.69,0.5,0.5,0.25,0.5,0.43,0.27,1.67,0.2,1.0,0.5,6.9,3.45,0.17,13.79,0.88
4,福爾摩沙夢想家,83|91|97|101,吳家駿/簡偉儒/史承平/周柏臣,5,27,37.0,470.4,7.84,07:50,94.08,1.57,01:34,15.0,3.0,40.54,68.88,17.0,3.4,45.95,78.06,11.0,2.2,29.73,50.51,5.0,1.0,13.51,22.96,6.0,1.2,16.22,27.55,3.0,0.6,8.11,13.78,5.0,1.0,13.51,22.96,2.0,0.4,5.41,9.18,7.0,1.4,18.92,32.14,3.0,0.6,8.11,13.78,2.0,0.4,5.41,9.18,3.0,0.6,8.11,13.78,2.0,0.4,5.41,9.18,5.0,1.0,13.51,22.96,4.0,0.8,10.81,18.37,6.0,1.2,16.22,27.55,2.0,0.4,5.41,9.18,1.0,0.2,2.7,4.59,5.0,1.0,13.51,22.96,4.0,0.8,10.81,18.37,40.54,45.95,-5.41,113.27,-2.0,-0.4,-5.41,7.84,1.57,0.55,0.53,0.5,0.4,0.43,0.22,1.2,0.29,0.6,0.42,5.41,2.7,0.14,10.81,0.64
4,福爾摩沙夢想家,83|95|97|101,吳家駿/李德威/史承平/周柏臣,7,35,47.0,596.22,9.94,09:56,85.17,1.42,01:25,22.0,3.14,46.81,79.7,17.0,2.43,36.17,61.59,12.0,1.71,25.53,43.47,5.0,0.71,10.64,18.11,5.0,0.71,10.64,18.11,2.0,0.29,4.26,7.25,7.0,1.0,14.89,25.36,3.0,0.43,6.38,10.87,15.0,2.14,31.91,54.34,9.0,1.29,19.15,32.61,1.0,0.14,2.13,3.62,5.0,0.71,10.64,18.11,3.0,0.43,6.38,10.87,7.0,1.0,14.89,25.36,4.0,0.57,8.51,14.49,6.0,0.86,12.77,21.74,2.0,0.29,4.26,7.25,1.0,0.14,2.13,3.62,8.0,1.14,17.02,28.98,4.0,0.57,8.51,14.49,46.81,36.17,10.64,113.51,5.0,0.71,10.64,9.94,1.42,0.54,0.59,0.4,0.43,0.6,0.18,1.2,0.12,0.62,0.38,4.26,2.13,0.17,8.51,1.25
4,福爾摩沙夢想家,91|95|97|101,簡偉儒/李德威/史承平/周柏臣,4,25,35.0,466.4,7.77,07:46,116.6,1.94,01:57,13.0,3.25,37.14,60.21,17.0,4.25,48.57,78.73,11.0,2.75,31.43,50.94,4.0,1.0,11.43,18.52,7.0,1.75,20.0,32.42,2.0,0.5,5.71,9.26,4.0,1.0,11.43,18.52,2.0,0.5,5.71,9.26,7.0,1.75,20.0,32.42,3.0,0.75,8.57,13.89,3.0,0.75,8.57,13.89,3.0,0.75,8.57,13.89,1.0,0.25,2.86,4.63,5.0,1.25,14.29,23.16,4.0,1.0,11.43,18.52,5.0,1.25,14.29,23.16,2.0,0.5,5.71,9.26,1.0,0.25,2.86,4.63,5.0,1.25,14.29,23.16,4.0,1.0,11.43,18.52,37.14,48.57,-11.43,108.06,-4.0,-1.0,-11.43,7.77,1.94,0.45,0.46,0.29,0.5,0.43,0.22,1.25,0.38,0.75,0.5,5.71,2.86,0.14,11.43,0.64
4,桃園台啤永豐雲豹,55|56|64|3129,汪哲宇/丁冠皓/劉元凱/董永全,1,4,6.0,73.4,1.22,01:13,73.4,1.22,01:13,1.0,1.0,16.67,29.43,1.0,1.0,16.67,29.43,0.0,0.0,0.0,0.0,0.0,0.0,0.0,0.0,0.0,0.0,0.0,0.0,0.0,0.0,0.0,0.0,0.0,0.0,0.0,0.0,0.0,0.0,0.0,0.0,2.0,2.0,33.33,58.86,1.0,1.0,16.67,29.43,0.0,0.0,0.0,0.0,1.0,1.0,16.67,29.43,1.0,1.0,16.67,29.43,1.0,1.0,16.67,29.43,1.0,1.0,16.67,29.43,0.0,0.0,0.0,0.0,0.0,0.0,0.0,0.0,0.0,0.0,0.0,0.0,1.0,1.0,16.67,29.43,2.0,2.0,33.33,58.86,16.67,16.67,0.0,117.71,0.0,0.0,0.0,1.22,1.22,,0.57,,,0.5,0.53,,0.0,0.5,0.33,0.0,0.0,0.17,33.33,
4,桃園台啤永豐雲豹,55|56|64|10884,汪哲宇/丁冠皓/劉元凱/徐宏瑋,8,57,80.0,922.57,15.38,15:23,115.32,1.92,01:55,28.0,3.5,35.0,65.56,24.0,3.0,30.0,56.19,23.0,2.88,28.75,53.85,8.0,1.0,10.0,18.73,9.0,1.12,11.25,21.07,3.0,0.38,3.75,7.02,14.0,1.75,17.5,32.78,5.0,0.62,6.25,11.71,10.0,1.25,12.5,23.41,7.0,0.88,8.75,16.39,8.0,1.0,10.0,18.73,8.0,1.0,10.0,18.73,11.0,1.38,13.75,25.75,9.0,1.12,11.25,21.07,8.0,1.0,10.0,18.73,6.0,0.75,7.5,14.05,5.0,0.62,6.25,11.71,1.0,0.12,1.25,2.34,9.0,1.12,11.25,21.07,13.0,1.62,16.25,30.44,35.0,30.0,5.0,124.87,4.0,0.5,5.0,15.38,1.92,0.46,0.51,0.33,0.36,0.7,0.23,0.75,0.47,0.42,0.44,6.25,1.25,0.11,16.25,0.43
4,桃園台啤永豐雲豹,55|56|3129|10884,汪哲宇/丁冠皓/董永全/徐宏瑋,1,4,6.0,73.4,1.22,01:13,73.4,1.22,01:13,1.0,1.0,16.67,29.43,1.0,1.0,16.67,29.43,0.0,0.0,0.0,0.0,0.0,0.0,0.0,0.0,0.0,0.0,0.0,0.0,0.0,0.0,0.0,0.0,0.0,0.0,0.0,0.0,0.0,0.0,0.0,0.0,2.0,2.0,33.33,58.86,1.0,1.0,16.67,29.43,0.0,0.0,0.0,0.0,1.0,1.0,16.67,29.43,1.0,1.0,16.67,29.43,1.0,1.0,16.67,29.43,1.0,1.0,16.67,29.43,0.0,0.0,0.0,0.0,0.0,0.0,0.0,0.0,0.0,0.0,0.0,0.0,1.0,1.0,16.67,29.43,2.0,2.0,33.33,58.86,16.67,16.67,0.0,117.71,0.0,0.0,0.0,1.22,1.22,,0.57,,,0.5,0.53,,0.0,0.5,0.33,0.0,0.0,0.17,33.33,
4,桃園台啤永豐雲豹,55|64|3129|10884,汪哲宇/劉元凱/董永全/徐宏瑋,2,5,9.0,98.4,1.64,01:38,49.2,0.82,00:49,1.0,0.5,11.11,21.95,1.0,0.5,11.11,21.95,0.0,0.0,0.0,0.0,0.0,0.0,0.0,0.0,0.0,0.0,0.0,0.0,0.0,0.0,0.0,0.0,0.0,0.0,0.0,0.0,0.0,0.0,0.0,0.0,2.0,1.0,22.22,43.9,1.0,0.5,11.11,21.95,0.0,0.0,0.0,0.0,1.0,0.5,11.11,21.95,2.0,1.0,22.22,43.9,2.0,1.0,22.22,43.9,2.0,1.0,22.22,43.9,0.0,0.0,0.0,0.0,0.0,0.0,0.0,0.0,0.0,0.0,0.0,0.0,1.0,0.5,11.11,21.95,2.0,1.0,22.22,43.9,11.11,11.11,0.0,131.71,0.0,0.0,0.0,1.64,0.82,,0.57,,,0.5,0.69,,0.0,0.33,0.2,0.0,0.0,0.11,22.22,
4,桃園台啤永豐雲豹,56|64|3129|10884,丁冠皓/劉元凱/董永全/徐宏瑋,2,13,16.0,224.94,3.75,03:45,112.47,1.87,01:52,7.0,3.5,43.75,67.22,3.0,1.5,18.75,28.81,4.0,2.0,25.0,38.41,2.0,1.0,12.5,19.21,2.0,1.0,12.5,19.21,1.0,0.5,6.25,9.6,2.0,1.0,12.5,19.21,1.0,0.5,6.25,9.6,4.0,2.0,25.0,38.41,2.0,1.0,12.5,19.21,0.0,0.0,0.0,0.0,4.0,2.0,25.0,38.41,1.0,0.5,6.25,9.6,1.0,0.5,6.25,9.6,1.0,0.5,6.25,9.6,2.0,1.0,12.5,19.21,0.0,0.0,0.0,0.0,0.0,0.0,0.0,0.0,2.0,1.0,12.5,19.21,2.0,1.0,12.5,19.21,43.75,18.75,25.0,102.43,4.0,2.0,25.0,3.75,1.87,0.62,0.61,0.5,0.5,0.5,0.15,1.0,0.0,0.8,0.67,0.0,0.0,0.12,12.5,1.0
4,臺北台新戰神,4|5|10|10868,張兆辰/黃聰翰/雷蒙恩/齊曼加,2,78,89.0,1237.21,20.62,20:37,618.6,10.31,10:19,42.0,21.0,47.19,73.33,46.0,23.0,51.69,80.31,29.0,14.5,32.58,50.63,16.0,8.0,17.98,27.93,13.0,6.5,14.61,22.7,8.0,4.0,8.99,13.97,16.0,8.0,17.98,27.93,8.0,4.0,8.99,13.97,3.0,1.5,3.37,5.24,2.0,1.0,2.25,3.49,6.0,3.0,6.74,10.48,8.0,4.0,8.99,13.97,2.0,1.0,2.25,3.49,10.0,5.0,11.24,17.46,15.0,7.5,16.85,26.19,10.0,5.0,11.24,17.46,10.0,5.0,11.24,17.46,1.0,0.5,1.12,1.75,4.0,2.0,4.49,6.98,10.0,5.0,11.24,17.46,47.19,51.69,-4.49,103.59,-4.0,-2.0,-4.49,20.62,10.31,0.69,0.69,0.62,0.5,0.67,0.33,0.62,0.38,0.8,0.54,11.24,1.12,0.04,11.24,0.1
4,臺北台新戰神,4|5|10|10870,張兆辰/黃聰翰/雷蒙恩/洛夫頓,2,79,90.0,1267.21,21.12,21:07,633.6,10.56,10:34,44.0,22.0,48.89,75.0,46.0,23.0,51.11,78.41,30.0,15.0,33.33,51.14,17.0,8.5,18.89,28.98,14.0,7.0,15.56,23.86,9.0,4.5,10.0,15.34,16.0,8.0,17.78,27.27,8.0,4.0,8.89,13.64,3.0,1.5,3.33,5.11,2.0,1.0,2.22,3.41,6.0,3.0,6.67,10.23,8.0,4.0,8.89,13.64,2.0,1.0,2.22,3.41,10.0,5.0,11.11,17.05,15.0,7.5,16.67,25.57,10.0,5.0,11.11,17.05,10.0,5.0,11.11,17.05,1.0,0.5,1.11,1.7,4.0,2.0,4.44,6.82,10.0,5.0,11.11,17.05,48.89,51.11,-2.22,102.27,-2.0,-1.0,-2.22,21.12,10.56,0.7,0.7,0.64,0.5,0.67,0.32,0.59,0.38,0.8,0.54,11.11,1.11,0.04,11.11,0.1
4,臺北台新戰神,4|5|10868|10870,張兆辰/黃聰翰/齊曼加/洛夫頓,3,98,114.0,1605.62,26.76,26:46,535.21,8.92,08:55,53.0,17.67,46.49,71.3,57.0,19.0,50.0,76.68,39.0,13.0,34.21,52.47,21.0,7.0,18.42,28.25,19.0,6.33,16.67,25.56,12.0,4.0,10.53,16.14,20.0,6.67,17.54,26.91,9.0,3.0,7.89,12.11,3.0,1.0,2.63,4.04,2.0,0.67,1.75,2.69,7.0,2.33,6.14,9.42,12.0,4.0,10.53,16.14,6.0,2.0,5.26,8.07,15.0,5.0,13.16,20.18,16.0,5.33,14.04,21.52,12.0,4.0,10.53,16.14,10.0,3.33,8.77,13.45,1.0,0.33,0.88,1.35,6.0,2.0,5.26,8.07,12.0,4.0,10.53,16.14,46.49,50.0,-3.51,102.24,-4.0,-1.33,-3.51,26.76,8.92,0.65,0.66,0.63,0.45,0.67,0.28,0.57,0.32,0.67,0.48,8.77,0.88,0.05,10.53,0.08
4,臺北台新戰神,4|10|10868|10870,張兆辰/雷蒙恩/齊曼加/洛夫頓,5,239,300.0,4236.98,70.62,70:37,847.4,14.12,14:07,129.0,25.8,43.0,65.76,137.0,27.4,45.67,69.84,110.0,22.0,36.67,56.08,46.0,9.2,15.33,23.45,66.0,13.2,22.0,33.65,28.0,5.6,9.33,14.27,44.0,8.8,14.67,22.43,18.0,3.6,6.0,9.18,27.0,5.4,9.0,13.76,18.0,3.6,6.0,9.18,26.0,5.2,8.67,13.25,42.0,8.4,14.0,21.41,16.0,3.2,5.33,8.16,44.0,8.8,14.67,22.43,31.0,6.2,10.33,15.8,24.0,4.8,8.0,12.24,16.0,3.2,5.33,8.16,5.0,1.0,1.67,2.55,24.0,4.8,8.0,12.24,25.0,5.0,8.33,12.74,43.0,45.67,-2.67,101.96,-8.0,-1.6,-2.67,70.62,14.12,0.5,0.53,0.42,0.41,0.67,0.2,0.52,0.37,0.72,0.53,5.33,1.67,0.08,8.33,0.25
4,臺北台新戰神,5|10|10868|10870,黃聰翰/雷蒙恩/齊曼加/洛夫頓,4,105,123.0,1736.92,28.95,28:57,434.23,7.24,07:14,59.0,14.75,47.97,73.37,61.0,15.25,49.59,75.86,40.0,10.0,32.52,49.74,22.0,5.5,17.89,27.36,18.0,4.5,14.63,22.38,11.0,2.75,8.94,13.68,22.0,5.5,17.89,27.36,11.0,2.75,8.94,13.68,5.0,1.25,4.07,6.22,4.0,1.0,3.25,4.97,8.0,2.0,6.5,9.95,12.0,3.0,9.76,14.92,5.0,1.25,4.07,6.22,15.0,3.75,12.2,18.65,19.0,4.75,15.45,23.63,13.0,3.25,10.57,16.17,12.0,3.0,9.76,14.92,1.0,0.25,0.81,1.24,10.0,2.5,8.13,12.44,13.0,3.25,10.57,16.17,47.97,49.59,-1.63,101.97,-2.0,-0.5,-1.63,28.95,7.24,0.69,0.7,0.61,0.5,0.8,0.31,0.59,0.35,0.71,0.5,9.76,0.81,0.08,10.57,0.12
4,臺北台新戰神,4|5|14|10868,張兆辰/黃聰翰/錢肯尼/齊曼加,1,18,22.0,312.42,5.21,05:12,312.42,5.21,05:12,11.0,11.0,50.0,76.05,8.0,8.0,36.36,55.31,10.0,10.0,45.45,69.14,5.0,5.0,22.73,34.57,6.0,6.0,27.27,41.48,4.0,4.0,18.18,27.66,4.0,4.0,18.18,27.66,1.0,1.0,4.55,6.91,0.0,0.0,0.0,0.0,0.0,0.0,0.0,0.0,1.0,1.0,4.55,6.91,4.0,4.0,18.18,27.66,3.0,3.0,13.64,20.74,5.0,5.0,22.73,34.57,0.0,0.0,0.0,0.0,2.0,2.0,9.09,13.83,0.0,0.0,0.0,0.0,0.0,0.0,0.0,0.0,2.0,2.0,9.09,13.83,2.0,2.0,9.09,13.83,50.0,36.36,13.64,101.4,3.0,3.0,13.64,5.21,5.21,0.55,0.55,0.67,0.25,,0.0,0.4,0.17,0.57,0.38,0.0,0.0,0.09,9.09,0.0
4,臺北台新戰神,4|5|14|10870,張兆辰/黃聰翰/錢肯尼/洛夫頓,3,43,54.0,732.9,12.22,12:13,244.3,4.07,04:04,24.0,8.0,44.44,70.73,25.0,8.33,46.3,73.68,24.0,8.0,44.44,70.73,11.0,3.67,20.37,32.42,18.0,6.0,33.33,53.05,9.0,3.0,16.67,26.52,6.0,2.0,11.11,17.68,2.0,0.67,3.7,5.89,0.0,0.0,0.0,0.0,0.0,0.0,0.0,0.0,4.0,1.33,7.41,11.79,9.0,3.0,16.67,26.52,5.0,1.67,9.26,14.74,10.0,3.33,18.52,29.47,1.0,0.33,1.85,2.95,4.0,1.33,7.41,11.79,1.0,0.33,1.85,2.95,1.0,0.33,1.85,2.95,5.0,1.67,9.26,14.74,6.0,2.0,11.11,17.68,44.44,46.3,-1.85,106.1,-1.0,-0.33,-1.85,12.22,4.07,0.5,0.5,0.5,0.33,,0.04,0.36,0.29,0.64,0.46,1.85,1.85,0.09,11.11,0.0
4,臺北台新戰神,4|14|10868|10870,張兆辰/錢肯尼/齊曼加/洛夫頓,6,148,195.0,2779.98,46.33,46:20,463.33,7.72,07:43,78.0,13.0,40.0,60.6,89.0,14.83,45.64,69.15,74.0,12.33,37.95,57.5,34.0,5.67,17.44,26.42,47.0,7.83,24.1,36.52,26.0,4.33,13.33,20.2,27.0,4.5,13.85,20.98,8.0,1.33,4.1,6.22,10.0,1.67,5.13,7.77,6.0,1.0,3.08,4.66,14.0,2.33,7.18,10.88,27.0,4.5,13.85,20.98,21.0,3.5,10.77,16.32,30.0,5.0,15.38,23.31,17.0,2.83,8.72,13.21,11.0,1.83,5.64,8.55,8.0,1.33,4.1,6.22,2.0,0.33,1.03,1.55,12.0,2.0,6.15,9.32,17.0,2.83,8.72,13.21,40.0,45.64,-5.64,101.01,-11.0,-1.83,-5.64,46.33,7.72,0.51,0.5,0.55,0.3,0.6,0.18,0.32,0.32,0.56,0.45,4.1,1.03,0.06,8.72,0.14
4,臺北台新戰神,5|14|10868|10870,黃聰翰/錢肯尼/齊曼加/洛夫頓,3,45,55.0,828.77,13.81,13:49,276.26,4.6,04:36,37.0,12.33,67.27,96.43,25.0,8.33,45.45,65.16,22.0,7.33,40.0,57.34,14.0,4.67,25.45,36.49,12.0,4.0,21.82,31.28,9.0,3.0,16.36,23.46,10.0,3.33,18.18,26.06,5.0,1.67,9.09,13.03,4.0,1.33,7.27,10.43,4.0,1.33,7.27,10.43,3.0,1.0,5.45,7.82,6.0,2.0,10.91,15.64,6.0,2.0,10.91,15.64,10.0,3.33,18.18,26.06,2.0,0.67,3.64,5.21,7.0,2.33,12.73,18.24,2.0,0.67,3.64,5.21,0.0,0.0,0.0,0.0,5.0,1.67,9.09,13.03,3.0,1.0,5.45,7.82,67.27,45.45,21.82,95.56,12.0,4.0,21.82,13.81,4.6,0.75,0.78,0.75,0.5,1.0,0.08,0.5,0.23,0.5,0.36,3.64,0.0,0.09,5.45,0.18
4,新北國王,21|22|34|867,李愷諺/簡祐哲/沃許本/桑尼,1,18,24.0,348.55,5.81,05:49,348.55,5.81,05:49,8.0,8.0,33.33,49.58,8.0,8.0,33.33,49.58,12.0,12.0,50.0,74.37,3.0,3.0,12.5,18.59,6.0,6.0,25.0,37.18,1.0,1.0,4.17,6.2,6.0,6.0,25.0,37.18,2.0,2.0,8.33,12.39,0.0,0.0,0.0,0.0,0.0,0.0,0.0,0.0,4.0,4.0,16.67,24.79,4.0,4.0,16.67,24.79,0.0,0.0,0.0,0.0,4.0,4.0,16.67,24.79,2.0,2.0,8.33,12.39,2.0,2.0,8.33,12.39,0.0,0.0,0.0,0.0,0.0,0.0,0.0,0.0,4.0,4.0,16.67,24.79,1.0,1.0,4.17,6.2,33.33,33.33,0.0,99.15,0.0,0.0,0.0,5.81,5.81,0.33,0.33,0.17,0.33,,0.14,0.67,0.5,1.0,0.67,0.0,0.0,0.17,4.17,0.0
4,新北國王,21|29|34|867,李愷諺/林書緯/沃許本/桑尼,1,36,38.0,575.57,9.59,09:36,575.57,9.59,09:36,19.0,19.0,50.0,71.3,23.0,23.0,60.53,86.32,11.0,11.0,28.95,41.28,6.0,6.0,15.79,22.52,6.0,6.0,15.79,22.52,4.0,4.0,10.53,15.01,5.0,5.0,13.16,18.76,2.0,2.0,5.26,7.51,6.0,6.0,15.79,22.52,5.0,5.0,13.16,18.76,1.0,1.0,2.63,3.75,4.0,4.0,10.53,15.01,1.0,1.0,2.63,3.75,6.0,6.0,15.79,22.52,5.0,5.0,13.16,18.76,4.0,4.0,10.53,15.01,2.0,2.0,5.26,7.51,0.0,0.0,0.0,0.0,6.0,6.0,15.79,22.52,1.0,1.0,2.63,3.75,50.0,60.53,-10.53,95.07,-4.0,-4.0,-10.53,9.59,9.59,0.64,0.7,0.67,0.4,0.83,0.27,0.67,0.14,0.8,0.42,5.26,0.0,0.16,2.63,0.55
4,新北國王,22|29|34|867,簡祐哲/林書緯/沃許本/桑尼,1,6,8.0,121.3,2.02,02:01,121.3,2.02,02:01,2.0,2.0,25.0,35.62,4.0,4.0,50.0,71.23,5.0,5.0,62.5,89.04,1.0,1.0,12.5,17.81,2.0,2.0,25.0,35.62,1.0,1.0,12.5,17.81,3.0,3.0,37.5,53.42,0.0,0.0,0.0,0.0,0.0,0.0,0.0,0.0,0.0,0.0,0.0,0.0,2.0,2.0,25.0,35.62,2.0,2.0,25.0,35.62,0.0,0.0,0.0,0.0,1.0,1.0,12.5,17.81,0.0,0.0,0.0,0.0,0.0,0.0,0.0,0.0,0.0,0.0,0.0,0.0,0.0,0.0,0.0,0.0,1.0,1.0,12.5,17.81,2.0,2.0,25.0,35.62,25.0,50.0,-25.0,94.98,-2.0,-2.0,-25.0,2.02,2.02,0.2,0.2,0.5,0.0,,0.0,0.0,0.67,1.0,0.8,0.0,0.0,0.12,25.0,0.0
4,新北國王,21|34|867|10872,李愷諺/沃許本/桑尼/林彥廷,1,8,10.0,153.0,2.55,02:33,153.0,2.55,02:33,6.0,6.0,60.0,84.71,2.0,2.0,20.0,28.24,6.0,6.0,60.0,84.71,2.0,2.0,20.0,28.24,3.0,3.0,30.0,42.35,0.0,0.0,0.0,0.0,3.0,3.0,30.0,42.35,2.0,2.0,20.0,28.24,0.0,0.0,0.0,0.0,0.0,0.0,0.0,0.0,2.0,2.0,20.0,28.24,2.0,2.0,20.0,28.24,0.0,0.0,0.0,0.0,3.0,3.0,30.0,42.35,0.0,0.0,0.0,0.0,2.0,2.0,20.0,28.24,0.0,0.0,0.0,0.0,0.0,0.0,0.0,0.0,2.0,2.0,20.0,28.24,0.0,0.0,0.0,0.0,60.0,20.0,40.0,94.12,4.0,4.0,40.0,2.55,2.55,0.5,0.5,0.0,0.67,,0.0,1.0,0.4,1.0,0.57,0.0,0.0,0.2,0.0,0.0
4,新北國王,22|34|867|10872,簡祐哲/沃許本/桑尼/林彥廷,1,8,10.0,153.0,2.55,02:33,153.0,2.55,02:33,6.0,6.0,60.0,84.71,2.0,2.0,20.0,28.24,6.0,6.0,60.0,84.71,2.0,2.0,20.0,28.24,3.0,3.0,30.0,42.35,0.0,0.0,0.0,0.0,3.0,3.0,30.0,42.35,2.0,2.0,20.0,28.24,0.0,0.0,0.0,0.0,0.0,0.0,0.0,0.0,2.0,2.0,20.0,28.24,2.0,2.0,20.0,28.24,0.0,0.0,0.0,0.0,3.0,3.0,30.0,42.35,0.0,0.0,0.0,0.0,2.0,2.0,20.0,28.24,0.0,0.0,0.0,0.0,0.0,0.0,0.0,0.0,2.0,2.0,20.0,28.24,0.0,0.0,0.0,0.0,60.0,20.0,40.0,94.12,4.0,4.0,40.0,2.55,2.55,0.5,0.5,0.0,0.67,,0.0,1.0,0.4,1.0,0.57,0.0,0.0,0.2,0.0,0.0
4,新北國王,24|29|34|867,蘇士軒/林書緯/沃許本/桑尼,1,33,33.0,511.54,8.53,08:32,511.54,8.53,08:32,20.0,20.0,60.61,84.45,17.0,17.0,51.52,71.78,9.0,9.0,27.27,38.0,6.0,6.0,18.18,25.34,5.0,5.0,15.15,21.11,4.0,4.0,12.12,16.89,4.0,4.0,12.12,16.89,2.0,2.0,6.06,8.45,6.0,6.0,18.18,25.34,6.0,6.0,18.18,25.34,0.0,0.0,0.0,0.0,3.0,3.0,9.09,12.67,0.0,0.0,0.0,0.0,5.0,5.0,15.15,21.11,5.0,5.0,15.15,21.11,5.0,5.0,15.15,21.11,3.0,3.0,9.09,12.67,0.0,0.0,0.0,0.0,4.0,4.0,12.12,16.89,1.0,1.0,3.03,4.22,60.61,51.52,9.09,92.9,3.0,3.0,9.09,8.53,8.53,0.78,0.86,0.8,0.5,1.0,0.3,0.83,0.0,1.0,0.38,9.09,0.0,0.12,3.03,0.67
4,新北國王,24|29|34|10874,蘇士軒/林書緯/沃許本/熊祥泰,6,64,80.0,977.95,16.3,16:18,162.99,2.72,02:43,21.0,3.5,26.25,46.38,33.0,5.5,41.25,72.89,32.0,5.33,40.0,70.68,8.0,1.33,10.0,17.67,16.0,2.67,20.0,35.34,6.0,1.0,7.5,13.25,16.0,2.67,20.0,35.34,2.0,0.33,2.5,4.42,4.0,0.67,5.0,8.83,3.0,0.5,3.75,6.63,11.0,1.83,13.75,24.3,12.0,2.0,15.0,26.5,3.0,0.5,3.75,6.63,12.0,2.0,15.0,26.5,10.0,1.67,12.5,22.09,2.0,0.33,2.5,4.42,7.0,1.17,8.75,15.46,3.0,0.5,3.75,6.63,4.0,0.67,5.0,8.83,3.0,0.5,3.75,6.63,26.25,41.25,-15.0,117.8,-12.0,-2.0,-15.0,16.3,2.72,0.28,0.31,0.38,0.12,0.75,0.23,0.25,0.48,0.8,0.61,8.75,3.75,0.05,3.75,0.12
4,新北國王,24|29|867|10874,蘇士軒/林書緯/桑尼/熊祥泰,1,15,18.0,218.3,3.64,03:38,218.3,3.64,03:38,8.0,8.0,44.44,79.16,9.0,9.0,50.0,89.05,5.0,5.0,27.78,49.47,3.0,3.0,16.67,29.68,3.0,3.0,16.67,29.68,3.0,3.0,16.67,29.68,2.0,2.0,11.11,19.79,0.0,0.0,0.0,0.0,2.0,2.0,11.11,19.79,2.0,2.0,11.11,19.79,0.0,0.0,0.0,0.0,2.0,2.0,11.11,19.79,4.0,4.0,22.22,39.58,3.0,3.0,16.67,29.68,1.0,1.0,5.56,9.89,2.0,2.0,11.11,19.79,1.0,1.0,5.56,9.89,0.0,0.0,0.0,0.0,1.0,1.0,5.56,9.89,0.0,0.0,0.0,0.0,44.44,50.0,-5.56,118.73,-1.0,-1.0,-5.56,3.64,3.64,0.6,0.68,1.0,0.0,1.0,0.15,0.67,0.0,0.33,0.22,5.56,0.0,0.06,0.0,0.4
4,新北國王,24|34|867|10874,蘇士軒/沃許本/桑尼/熊祥泰,1,1,1.0,0.02,0.0,00:00,0.02,0.0,00:00,2.0,2.0,200.0,254117.65,0.0,0.0,0.0,0.0,0.0,0.0,0.0,0.0,0.0,0.0,0.0,0.0,0.0,0.0,0.0,0.0,0.0,0.0,0.0,0.0,0.0,0.0,0.0,0.0,0.0,0.0,0.0,0.0,2.0,2.0,200.0,254117.65,2.0,2.0,200.0,254117.65,0.0,0.0,0.0,0.0,0.0,0.0,0.0,0.0,0.0,0.0,0.0,0.0,0.0,0.0,0.0,0.0,0.0,0.0,0.0,0.0,0.0,0.0,0.0,0.0,0.0,0.0,0.0,0.0,0.0,0.0,0.0,0.0,0.0,0.0,0.0,0.0,0.0,0.0,0.0,0.0,200.0,0.0,200.0,84705.88,2.0,2.0,200.0,0.0,0.0,,1.14,,,1.0,0.0,,,,,0.0,0.0,0.0,0.0,
4,新北國王,29|34|867|10874,林書緯/沃許本/桑尼/熊祥泰,1,19,22.0,221.07,3.68,03:41,221.07,3.68,03:41,13.0,13.0,59.09,127.02,10.0,10.0,45.45,97.71,5.0,5.0,22.73,48.85,4.0,4.0,18.18,39.08,3.0,3.0,13.64,29.31,2.0,2.0,9.09,19.54,2.0,2.0,9.09,19.54,2.0,2.0,9.09,19.54,4.0,4.0,18.18,39.08,3.0,3.0,13.64,29.31,0.0,0.0,0.0,0.0,1.0,1.0,4.55,9.77,1.0,1.0,4.55,9.77,3.0,3.0,13.64,29.31,3.0,3.0,13.64,29.31,3.0,3.0,13.64,29.31,1.0,1.0,4.55,9.77,0.0,0.0,0.0,0.0,2.0,2.0,9.09,19.54,2.0,2.0,9.09,19.54,59.09,45.45,13.64,143.3,3.0,3.0,13.64,3.68,3.68,1.0,0.96,0.67,1.0,0.75,0.31,0.75,0.0,0.5,0.2,4.55,0.0,0.09,9.09,0.8
4,臺北台新戰神,10|13|14|10869,雷蒙恩/陳冠全/錢肯尼/基德,3,20,24.0,296.94,4.95,04:57,98.98,1.65,01:39,9.0,3.0,37.5,65.47,16.0,5.33,66.67,116.39,9.0,3.0,37.5,65.47,3.0,1.0,12.5,21.82,4.0,1.33,16.67,29.1,2.0,0.67,8.33,14.55,5.0,1.67,20.83,36.37,1.0,0.33,4.17,7.27,2.0,0.67,8.33,14.55,2.0,0.67,8.33,14.55,1.0,0.33,4.17,7.27,5.0,1.67,20.83,36.37,1.0,0.33,4.17,7.27,3.0,1.0,12.5,21.82,1.0,0.33,4.17,7.27,1.0,0.33,4.17,7.27,0.0,0.0,0.0,0.0,0.0,0.0,0.0,0.0,1.0,0.33,4.17,7.27,5.0,1.67,20.83,36.37,37.5,66.67,-29.17,116.39,-7.0,-2.33,-29.17,4.95,1.65,0.39,0.46,0.5,0.2,1.0,0.09,0.33,0.25,0.83,0.6,0.0,0.0,0.04,20.83,0.22
4,臺北台新戰神,10|13|14|10870,雷蒙恩/陳冠全/錢肯尼/洛夫頓,3,26,31.0,376.94,6.28,06:17,125.65,2.09,02:06,9.0,3.0,29.03,51.57,21.0,7.0,67.74,120.34,9.0,3.0,29.03,51.57,3.0,1.0,9.68,17.19,4.0,1.33,12.9,22.92,2.0,0.67,6.45,11.46,5.0,1.67,16.13,28.65,1.0,0.33,3.23,5.73,2.0,0.67,6.45,11.46,2.0,0.67,6.45,11.46,1.0,0.33,3.23,5.73,5.0,1.67,16.13,28.65,1.0,0.33,3.23,5.73,4.0,1.33,12.9,22.92,4.0,1.33,12.9,22.92,1.0,0.33,3.23,5.73,3.0,1.0,9.68,17.19,0.0,0.0,0.0,0.0,1.0,0.33,3.23,5.73,7.0,2.33,22.58,40.11,29.03,67.74,-38.71,118.43,-12.0,-4.0,-38.71,6.28,2.09,0.39,0.46,0.5,0.2,1.0,0.29,0.33,0.2,0.83,0.55,9.68,0.0,0.03,22.58,0.22
4,臺北台新戰神,10|13|10869|10870,雷蒙恩/陳冠全/基德/洛夫頓,4,69,84.0,1062.98,17.72,17:43,265.75,4.43,04:26,46.0,11.5,54.76,93.47,47.0,11.75,55.95,95.5,34.0,8.5,40.48,69.09,17.0,4.25,20.24,34.54,17.0,4.25,20.24,34.54,10.0,2.5,11.9,20.32,17.0,4.25,20.24,34.54,7.0,1.75,8.33,14.22,6.0,1.5,7.14,12.19,5.0,1.25,5.95,10.16,6.0,1.5,7.14,12.19,12.0,3.0,14.29,24.38,6.0,1.5,7.14,12.19,11.0,2.75,13.1,22.35,4.0,1.0,4.76,8.13,9.0,2.25,10.71,18.29,1.0,0.25,1.19,2.03,1.0,0.25,1.19,2.03,9.0,2.25,10.71,18.29,12.0,3.0,14.29,24.38,54.76,55.95,-1.19,113.79,-1.0,-0.25,-1.19,17.72,4.43,0.6,0.63,0.59,0.41,0.83,0.1,0.53,0.35,0.67,0.51,1.19,1.19,0.11,14.29,0.18
4,臺北台新戰神,10|14|10869|10870,雷蒙恩/錢肯尼/基德/洛夫頓,7,163,198.0,2470.32,41.17,41:10,352.9,5.88,05:53,92.0,13.14,46.46,80.44,102.0,14.57,51.52,89.19,76.0,10.86,38.38,66.45,31.0,4.43,15.66,27.11,37.0,5.29,18.69,32.35,21.0,3.0,10.61,18.36,39.0,5.57,19.7,34.1,10.0,1.43,5.05,8.74,23.0,3.29,11.62,20.11,18.0,2.57,9.09,15.74,11.0,1.57,5.56,9.62,32.0,4.57,16.16,27.98,10.0,1.43,5.05,8.74,18.0,2.57,9.09,15.74,9.0,1.29,4.55,7.87,10.0,1.43,5.05,8.74,2.0,0.29,1.01,1.75,4.0,0.57,2.02,3.5,19.0,2.71,9.6,16.61,21.0,3.0,10.61,18.36,46.46,51.52,-5.05,115.42,-10.0,-1.43,-5.05,41.17,5.88,0.47,0.53,0.57,0.26,0.78,0.09,0.32,0.38,0.76,0.61,1.01,2.02,0.1,10.61,0.3
4,臺北台新戰神,13|14|10869|10870,陳冠全/錢肯尼/基德/洛夫頓,4,70,81.0,1068.5,17.81,17:48,267.12,4.45,04:27,31.0,7.75,38.27,62.67,38.0,9.5,46.91,76.82,28.0,7.0,34.57,56.6,11.0,2.75,13.58,22.24,16.0,4.0,19.75,32.34,8.0,2.0,9.88,16.17,12.0,3.0,14.81,24.26,3.0,0.75,3.7,6.06,10.0,2.5,12.35,20.22,8.0,2.0,9.88,16.17,3.0,0.75,3.7,6.06,16.0,4.0,19.75,32.34,5.0,1.25,6.17,10.11,10.0,2.5,12.35,20.22,7.0,1.75,8.64,14.15,5.0,1.25,6.17,10.11,4.0,1.0,4.94,8.09,0.0,0.0,0.0,0.0,7.0,1.75,8.64,14.15,11.0,2.75,13.58,22.24,38.27,46.91,-8.64,109.16,-7.0,-1.75,-8.64,17.81,4.45,0.45,0.48,0.5,0.25,0.8,0.18,0.45,0.23,0.76,0.56,4.94,0.0,0.09,13.58,0.36
4,新北國王,24|29|867|10875,蘇士軒/林書緯/桑尼/傑登,1,36,47.0,593.14,9.89,09:53,593.14,9.89,09:53,16.0,16.0,34.04,58.27,22.0,22.0,46.81,80.12,16.0,16.0,34.04,58.27,7.0,7.0,14.89,25.49,8.0,8.0,17.02,29.13,5.0,5.0,10.64,18.21,8.0,8.0,17.02,29.13,2.0,2.0,4.26,7.28,0.0,0.0,0.0,0.0,0.0,0.0,0.0,0.0,4.0,4.0,8.51,14.57,5.0,5.0,10.64,18.21,5.0,5.0,10.64,18.21,5.0,5.0,10.64,18.21,4.0,4.0,8.51,14.57,4.0,4.0,8.51,14.57,2.0,2.0,4.26,7.28,1.0,1.0,2.13,3.64,4.0,4.0,8.51,14.57,2.0,2.0,4.26,7.28,34.04,46.81,-12.77,114.1,-6.0,-6.0,-12.77,9.89,9.89,0.5,0.5,0.62,0.25,,0.2,0.57,0.44,0.5,0.47,4.26,2.13,0.09,4.26,0.0
4,新北國王,24|29|10874|10875,蘇士軒/林書緯/熊祥泰/傑登,3,27,30.0,460.28,7.67,07:40,153.43,2.56,02:33,20.0,6.67,66.67,93.85,15.0,5.0,50.0,70.39,11.0,3.67,36.67,51.62,9.0,3.0,30.0,42.23,7.0,2.33,23.33,32.85,7.0,2.33,23.33,32.85,4.0,1.33,13.33,18.77,2.0,0.67,6.67,9.39,0.0,0.0,0.0,0.0,0.0,0.0,0.0,0.0,0.0,0.0,0.0,0.0,2.0,0.67,6.67,9.39,4.0,1.33,13.33,18.77,5.0,1.67,16.67,23.46,2.0,0.67,6.67,9.39,5.0,1.67,16.67,23.46,2.0,0.67,6.67,9.39,0.0,0.0,0.0,0.0,1.0,0.33,3.33,4.69,0.0,0.0,0.0,0.0,66.67,50.0,16.67,93.85,5.0,1.67,16.67,7.67,2.56,0.91,0.91,1.0,0.5,,0.15,0.56,0.0,0.33,0.18,6.67,0.0,0.03,0.0,0.0
4,新北國王,24|867|10874|10875,蘇士軒/桑尼/熊祥泰/傑登,2,21,25.0,331.48,5.52,05:31,165.74,2.76,02:46,12.0,6.0,48.0,78.19,11.0,5.5,44.0,71.68,9.0,4.5,36.0,58.65,6.0,3.0,24.0,39.1,7.0,3.5,28.0,45.61,6.0,3.0,24.0,39.1,2.0,1.0,8.0,13.03,0.0,0.0,0.0,0.0,0.0,0.0,0.0,0.0,0.0,0.0,0.0,0.0,1.0,0.5,4.0,6.52,2.0,1.0,8.0,13.03,4.0,2.0,16.0,26.06,5.0,2.5,20.0,32.58,2.0,1.0,8.0,13.03,4.0,2.0,16.0,26.06,2.0,1.0,8.0,13.03,0.0,0.0,0.0,0.0,2.0,1.0,8.0,13.03,2.0,1.0,8.0,13.03,48.0,44.0,4.0,108.6,1.0,0.5,4.0,5.52,2.76,0.67,0.67,0.86,0.0,,0.18,0.67,0.17,0.33,0.25,8.0,0.0,0.08,8.0,0.0
4,臺北台新戰神,3|10|13|10869,陳文宏/雷蒙恩/陳冠全/基德,1,10,12.0,140.94,2.35,02:21,140.94,2.35,02:21,7.0,7.0,58.33,107.28,6.0,6.0,50.0,91.95,8.0,8.0,66.67,122.6,3.0,3.0,25.0,45.98,4.0,4.0,33.33,61.3,2.0,2.0,16.67,30.65,4.0,4.0,33.33,61.3,1.0,1.0,8.33,15.33,0.0,0.0,0.0,0.0,0.0,0.0,0.0,0.0,3.0,3.0,25.0,45.98,2.0,2.0,16.67,30.65,0.0,0.0,0.0,0.0,1.0,1.0,8.33,15.33,0.0,0.0,0.0,0.0,2.0,2.0,16.67,30.65,0.0,0.0,0.0,0.0,0.0,0.0,0.0,0.0,1.0,1.0,8.33,15.33,2.0,2.0,16.67,30.65,58.33,50.0,8.33,122.6,1.0,1.0,8.33,2.35,2.35,0.44,0.44,0.5,0.25,,0.0,0.67,0.75,1.0,0.83,0.0,0.0,0.08,16.67,0.0
4,臺北台新戰神,3|10|13|10870,陳文宏/雷蒙恩/陳冠全/洛夫頓,1,10,12.0,140.94,2.35,02:21,140.94,2.35,02:21,7.0,7.0,58.33,107.28,6.0,6.0,50.0,91.95,8.0,8.0,66.67,122.6,3.0,3.0,25.0,45.98,4.0,4.0,33.33,61.3,2.0,2.0,16.67,30.65,4.0,4.0,33.33,61.3,1.0,1.0,8.33,15.33,0.0,0.0,0.0,0.0,0.0,0.0,0.0,0.0,3.0,3.0,25.0,45.98,2.0,2.0,16.67,30.65,0.0,0.0,0.0,0.0,1.0,1.0,8.33,15.33,0.0,0.0,0.0,0.0,2.0,2.0,16.67,30.65,0.0,0.0,0.0,0.0,0.0,0.0,0.0,0.0,1.0,1.0,8.33,15.33,2.0,2.0,16.67,30.65,58.33,50.0,8.33,122.6,1.0,1.0,8.33,2.35,2.35,0.44,0.44,0.5,0.25,,0.0,0.67,0.75,1.0,0.83,0.0,0.0,0.08,16.67,0.0
4,臺北台新戰神,3|10|10869|10870,陳文宏/雷蒙恩/基德/洛夫頓,4,81,99.0,1191.86,19.86,19:52,297.97,4.97,04:58,46.0,11.5,46.46,83.37,46.0,11.5,46.46,83.37,40.0,10.0,40.4,72.49,16.0,4.0,16.16,29.0,18.0,4.5,18.18,32.62,9.0,2.25,9.09,16.31,22.0,5.5,22.22,39.87,7.0,1.75,7.07,12.69,10.0,2.5,10.1,18.12,7.0,1.75,7.07,12.69,7.0,1.75,7.07,12.69,19.0,4.75,19.19,34.43,6.0,1.5,6.06,10.87,14.0,3.5,14.14,25.37,4.0,1.0,4.04,7.25,10.0,2.5,10.1,18.12,2.0,0.5,2.02,3.62,1.0,0.25,1.01,1.81,11.0,2.75,11.11,19.94,18.0,4.5,18.18,32.62,46.46,46.46,0.0,119.61,0.0,0.0,0.0,19.86,4.97,0.49,0.52,0.5,0.32,0.7,0.08,0.62,0.33,0.76,0.57,2.02,1.01,0.11,18.18,0.25
4,臺北台新戰神,3|13|10869|10870,陳文宏/陳冠全/基德/洛夫頓,3,37,44.0,571.35,9.52,09:31,190.45,3.17,03:10,19.0,6.33,43.18,71.83,22.0,7.33,50.0,83.17,19.0,6.33,43.18,71.83,7.0,2.33,15.91,26.46,11.0,3.67,25.0,41.59,4.0,1.33,9.09,15.12,8.0,2.67,18.18,30.24,3.0,1.0,6.82,11.34,2.0,0.67,4.55,7.56,2.0,0.67,4.55,7.56,5.0,1.67,11.36,18.9,7.0,2.33,15.91,26.46,2.0,0.67,4.55,7.56,5.0,1.67,11.36,18.9,4.0,1.33,9.09,15.12,4.0,1.33,9.09,15.12,2.0,0.67,4.55,7.56,0.0,0.0,0.0,0.0,1.0,0.33,2.27,3.78,6.0,2.0,13.64,22.68,43.18,50.0,-6.82,110.9,-3.0,-1.0,-6.82,9.52,3.17,0.45,0.48,0.36,0.38,1.0,0.17,0.57,0.5,0.78,0.63,4.55,0.0,0.02,13.64,0.11
4,臺北台新戰神,1|3|14|10868,丁聖儒/陳文宏/錢肯尼/齊曼加,2,29,35.0,477.45,7.96,07:57,238.73,3.98,03:59,20.0,10.0,57.14,90.48,16.0,8.0,45.71,72.38,12.0,6.0,34.29,54.29,7.0,3.5,20.0,31.67,7.0,3.5,20.0,31.67,3.0,1.5,8.57,13.57,5.0,2.5,14.29,22.62,4.0,2.0,11.43,18.1,2.0,1.0,5.71,9.05,2.0,1.0,5.71,9.05,2.0,1.0,5.71,9.05,3.0,1.5,8.57,13.57,2.0,1.0,5.71,9.05,3.0,1.5,8.57,13.57,3.0,1.5,8.57,13.57,6.0,3.0,17.14,27.14,2.0,1.0,5.71,9.05,1.0,0.5,2.86,4.52,3.0,1.5,8.57,13.57,4.0,2.0,11.43,18.1,57.14,45.71,11.43,105.56,4.0,2.0,11.43,7.96,3.98,0.75,0.78,0.43,0.8,1.0,0.19,0.86,0.4,0.6,0.5,5.71,2.86,0.09,11.43,0.17
4,臺北台新戰神,1|3|14|10869,丁聖儒/陳文宏/錢肯尼/基德,3,30,39.0,494.12,8.24,08:14,164.71,2.75,02:45,14.0,4.67,35.9,61.2,20.0,6.67,51.28,87.43,9.0,3.0,23.08,39.34,5.0,1.67,12.82,21.86,6.0,2.0,15.38,26.23,3.0,1.0,7.69,13.11,3.0,1.0,7.69,13.11,2.0,0.67,5.13,8.74,6.0,2.0,15.38,26.23,5.0,1.67,12.82,21.86,1.0,0.33,2.56,4.37,3.0,1.0,7.69,13.11,5.0,1.67,12.82,21.86,4.0,1.33,10.26,17.49,5.0,1.67,12.82,21.86,4.0,1.33,10.26,17.49,2.0,0.67,5.13,8.74,0.0,0.0,0.0,0.0,6.0,2.0,15.38,26.23,2.0,0.67,5.13,8.74,35.9,51.28,-15.38,113.66,-6.0,-2.0,-15.38,8.24,2.75,0.67,0.6,0.5,0.67,0.83,0.3,0.8,0.2,0.38,0.31,5.13,0.0,0.15,5.13,0.67
4,臺北台新戰神,1|3|10868|10869,丁聖儒/陳文宏/齊曼加/基德,2,26,30.0,419.38,6.99,06:59,209.69,3.49,03:30,11.0,5.5,36.67,56.65,11.0,5.5,36.67,56.65,10.0,5.0,33.33,51.5,4.0,2.0,13.33,20.6,9.0,4.5,30.0,46.35,3.0,1.5,10.0,15.45,1.0,0.5,3.33,5.15,1.0,0.5,3.33,5.15,2.0,1.0,6.67,10.3,2.0,1.0,6.67,10.3,1.0,0.5,3.33,5.15,5.0,2.5,16.67,25.75,1.0,0.5,3.33,5.15,3.0,1.5,10.0,15.45,3.0,1.5,10.0,15.45,4.0,2.0,13.33,20.6,2.0,1.0,6.67,10.3,0.0,0.0,0.0,0.0,5.0,2.5,16.67,25.75,2.0,1.0,6.67,10.3,36.67,36.67,0.0,103.01,0.0,0.0,0.0,6.99,3.49,0.45,0.51,0.33,1.0,1.0,0.22,1.0,0.25,0.83,0.6,6.67,0.0,0.17,6.67,0.2
4,臺北台新戰神,1|14|10868|10869,丁聖儒/錢肯尼/齊曼加/基德,2,49,64.0,766.01,12.77,12:46,383.01,6.38,06:23,26.0,13.0,40.62,73.31,30.0,15.0,46.88,84.59,19.0,9.5,29.69,53.58,9.0,4.5,14.06,25.38,15.0,7.5,23.44,42.3,7.0,3.5,10.94,19.74,4.0,2.0,6.25,11.28,2.0,1.0,3.12,5.64,11.0,5.5,17.19,31.02,8.0,4.0,12.5,22.56,6.0,3.0,9.38,16.92,3.0,1.5,4.69,8.46,6.0,3.0,9.38,16.92,6.0,3.0,9.38,16.92,6.0,3.0,9.38,16.92,6.0,3.0,9.38,16.92,4.0,2.0,6.25,11.28,0.0,0.0,0.0,0.0,6.0,3.0,9.38,16.92,7.0,3.5,10.94,19.74,40.62,46.88,-6.25,120.31,-4.0,-2.0,-6.25,12.77,6.38,0.53,0.55,0.47,0.5,0.73,0.2,0.67,0.5,0.33,0.43,6.25,0.0,0.09,10.94,0.58
4,臺北台新戰神,3|14|10868|10869,陳文宏/錢肯尼/齊曼加/基德,2,18,23.0,269.09,4.48,04:29,134.55,2.24,02:15,11.0,5.5,47.83,88.3,11.0,5.5,47.83,88.3,7.0,3.5,30.43,56.19,4.0,2.0,17.39,32.11,6.0,3.0,26.09,48.16,3.0,1.5,13.04,24.08,1.0,0.5,4.35,8.03,1.0,0.5,4.35,8.03,2.0,1.0,8.7,16.05,2.0,1.0,8.7,16.05,2.0,1.0,8.7,16.05,1.0,0.5,4.35,8.03,1.0,0.5,4.35,8.03,1.0,0.5,4.35,8.03,3.0,1.5,13.04,24.08,3.0,1.5,13.04,24.08,2.0,1.0,8.7,16.05,0.0,0.0,0.0,0.0,4.0,2.0,17.39,32.11,2.0,1.0,8.7,16.05,47.83,47.83,0.0,123.08,0.0,0.0,0.0,4.48,2.24,0.64,0.7,0.5,1.0,1.0,0.28,0.75,0.67,0.5,0.6,8.7,0.0,0.17,8.7,0.29
4,新北國王,21|24|34|867,李愷諺/蘇士軒/沃許本/桑尼,1,32,35.0,512.66,8.54,08:33,512.66,8.54,08:33,16.0,16.0,45.71,67.41,19.0,19.0,54.29,80.05,10.0,10.0,28.57,42.13,5.0,5.0,14.29,21.07,6.0,6.0,17.14,25.28,3.0,3.0,8.57,12.64,4.0,4.0,11.43,16.85,2.0,2.0,5.71,8.43,4.0,4.0,11.43,16.85,4.0,4.0,11.43,16.85,1.0,1.0,2.86,4.21,3.0,3.0,8.57,12.64,0.0,0.0,0.0,0.0,4.0,4.0,11.43,16.85,6.0,6.0,17.14,25.28,4.0,4.0,11.43,16.85,2.0,2.0,5.71,8.43,0.0,0.0,0.0,0.0,5.0,5.0,14.29,21.07,2.0,2.0,5.71,8.43,45.71,54.29,-8.57,98.31,-3.0,-3.0,-8.57,8.54,8.54,0.6,0.68,0.5,0.5,1.0,0.34,0.8,0.2,1.0,0.5,5.71,0.0,0.14,5.71,0.4
4,新北國王,21|22|24|34,李愷諺/簡祐哲/蘇士軒/沃許本,2,16,20.0,275.18,4.59,04:35,137.59,2.29,02:18,8.0,4.0,40.0,62.8,11.0,5.5,55.0,86.34,8.0,4.0,40.0,62.8,4.0,2.0,20.0,31.4,7.0,3.5,35.0,54.95,4.0,2.0,20.0,31.4,1.0,0.5,5.0,7.85,0.0,0.0,0.0,0.0,0.0,0.0,0.0,0.0,0.0,0.0,0.0,0.0,1.0,0.5,5.0,7.85,2.0,1.0,10.0,15.7,1.0,0.5,5.0,7.85,1.0,0.5,5.0,7.85,2.0,1.0,10.0,15.7,1.0,0.5,5.0,7.85,0.0,0.0,0.0,0.0,0.0,0.0,0.0,0.0,3.0,1.5,15.0,23.55,1.0,0.5,5.0,7.85,40.0,55.0,-15.0,104.66,-3.0,-1.5,-15.0,4.59,2.29,0.5,0.5,0.57,0.0,,0.2,0.25,0.5,0.67,0.6,0.0,0.0,0.15,5.0,0.0
4,新北國王,21|22|24|867,李愷諺/簡祐哲/蘇士軒/桑尼,2,33,38.0,524.24,8.74,08:44,262.12,4.37,04:22,18.0,9.0,47.37,74.16,24.0,12.0,63.16,98.89,15.0,7.5,39.47,61.8,7.0,3.5,18.42,28.84,8.0,4.0,21.05,32.96,4.0,2.0,10.53,16.48,7.0,3.5,18.42,28.84,3.0,1.5,7.89,12.36,1.0,0.5,2.63,4.12,1.0,0.5,2.63,4.12,2.0,1.0,5.26,8.24,5.0,2.5,13.16,20.6,1.0,0.5,2.63,4.12,4.0,2.0,10.53,16.48,3.0,1.5,7.89,12.36,3.0,1.5,7.89,12.36,1.0,0.5,2.63,4.12,0.0,0.0,0.0,0.0,5.0,2.5,13.16,20.6,7.0,3.5,18.42,28.84,47.37,63.16,-15.79,104.38,-6.0,-3.0,-15.79,8.74,4.37,0.57,0.58,0.5,0.43,1.0,0.16,0.43,0.33,0.83,0.58,2.63,0.0,0.13,18.42,0.07
4,新北國王,22|24|34|867,簡祐哲/蘇士軒/沃許本/桑尼,1,6,9.0,110.25,1.84,01:50,110.25,1.84,01:50,0.0,0.0,0.0,0.0,4.0,4.0,44.44,78.37,3.0,3.0,33.33,58.77,0.0,0.0,0.0,0.0,2.0,2.0,22.22,39.18,0.0,0.0,0.0,0.0,1.0,1.0,11.11,19.59,0.0,0.0,0.0,0.0,0.0,0.0,0.0,0.0,0.0,0.0,0.0,0.0,1.0,1.0,11.11,19.59,1.0,1.0,11.11,19.59,0.0,0.0,0.0,0.0,0.0,0.0,0.0,0.0,2.0,2.0,22.22,39.18,0.0,0.0,0.0,0.0,0.0,0.0,0.0,0.0,0.0,0.0,0.0,0.0,1.0,1.0,11.11,19.59,1.0,1.0,11.11,19.59,0.0,44.44,-44.44,117.55,-4.0,-4.0,-44.44,1.84,1.84,0.0,0.0,0.0,0.0,,0.4,,1.0,1.0,1.0,0.0,0.0,0.11,11.11,0.0
4,新北國王,24|29|867|10872,蘇士軒/林書緯/桑尼/林彥廷,2,28,37.0,510.77,8.51,08:31,255.39,4.26,04:15,8.0,4.0,21.62,33.83,20.0,10.0,54.05,84.58,12.0,6.0,32.43,50.75,3.0,1.5,8.11,12.69,5.0,2.5,13.51,21.14,1.0,0.5,2.7,4.23,7.0,3.5,18.92,29.6,2.0,1.0,5.41,8.46,0.0,0.0,0.0,0.0,0.0,0.0,0.0,0.0,4.0,2.0,10.81,16.92,5.0,2.5,13.51,21.14,4.0,2.0,10.81,16.92,3.0,1.5,8.11,12.69,5.0,2.5,13.51,21.14,2.0,1.0,5.41,8.46,3.0,1.5,8.11,12.69,1.0,0.5,2.7,4.23,1.0,0.5,2.7,4.23,9.0,4.5,24.32,38.06,21.62,54.05,-32.43,104.31,-12.0,-6.0,-32.43,8.51,4.26,0.33,0.33,0.2,0.29,,0.29,0.67,0.57,0.56,0.56,8.11,2.7,0.03,24.32,0.0
4,新北國王,24|34|867|10872,蘇士軒/沃許本/桑尼/林彥廷,1,4,4.0,82.0,1.37,01:22,82.0,1.37,01:22,0.0,0.0,0.0,0.0,2.0,2.0,50.0,52.68,1.0,1.0,25.0,26.34,0.0,0.0,0.0,0.0,0.0,0.0,0.0,0.0,0.0,0.0,0.0,0.0,1.0,1.0,25.0,26.34,0.0,0.0,0.0,0.0,0.0,0.0,0.0,0.0,0.0,0.0,0.0,0.0,0.0,0.0,0.0,0.0,1.0,1.0,25.0,26.34,0.0,0.0,0.0,0.0,1.0,1.0,25.0,26.34,1.0,1.0,25.0,26.34,0.0,0.0,0.0,0.0,1.0,1.0,25.0,26.34,0.0,0.0,0.0,0.0,0.0,0.0,0.0,0.0,0.0,0.0,0.0,0.0,0.0,50.0,-50.0,70.24,-2.0,-2.0,-50.0,1.37,1.37,0.0,0.0,,0.0,,0.5,,0.0,1.0,0.5,25.0,0.0,0.0,0.0,0.0
4,新北國王,29|34|867|10872,林書緯/沃許本/桑尼/林彥廷,1,9,9.0,112.19,1.87,01:52,112.19,1.87,01:52,2.0,2.0,22.22,38.51,2.0,2.0,22.22,38.51,2.0,2.0,22.22,38.51,1.0,1.0,11.11,19.25,1.0,1.0,11.11,19.25,1.0,1.0,11.11,19.25,1.0,1.0,11.11,19.25,0.0,0.0,0.0,0.0,0.0,0.0,0.0,0.0,0.0,0.0,0.0,0.0,0.0,0.0,0.0,0.0,1.0,1.0,11.11,19.25,0.0,0.0,0.0,0.0,3.0,3.0,33.33,57.76,2.0,2.0,22.22,38.51,1.0,1.0,11.11,19.25,2.0,2.0,22.22,38.51,0.0,0.0,0.0,0.0,0.0,0.0,0.0,0.0,2.0,2.0,22.22,38.51,22.22,22.22,0.0,115.52,0.0,0.0,0.0,1.87,1.87,0.5,0.5,1.0,0.0,,0.5,1.0,0.0,1.0,0.25,22.22,0.0,0.0,22.22,0.0
4,臺北台新戰神,1|3|10|10868,丁聖儒/陳文宏/雷蒙恩/齊曼加,2,17,19.0,302.72,5.05,05:03,151.36,2.52,02:31,6.0,3.0,31.58,42.81,5.0,2.5,26.32,35.68,7.0,3.5,36.84,49.95,2.0,1.0,10.53,14.27,6.0,3.0,31.58,42.81,2.0,1.0,10.53,14.27,1.0,0.5,5.26,7.14,0.0,0.0,0.0,0.0,2.0,1.0,10.53,14.27,2.0,1.0,10.53,14.27,1.0,0.5,5.26,7.14,4.0,2.0,21.05,28.54,1.0,0.5,5.26,7.14,3.0,1.5,15.79,21.41,2.0,1.0,10.53,14.27,2.0,1.0,10.53,14.27,1.0,0.5,5.26,7.14,0.0,0.0,0.0,0.0,3.0,1.5,15.79,21.41,0.0,0.0,0.0,0.0,31.58,26.32,5.26,90.38,1.0,0.5,5.26,5.05,2.52,0.29,0.38,0.33,0.0,1.0,0.2,1.0,0.25,0.8,0.56,5.26,0.0,0.16,0.0,0.29
4,臺北台新戰神,1|3|10|10869,丁聖儒/陳文宏/雷蒙恩/基德,6,55,58.0,802.87,13.38,13:23,133.81,2.23,02:14,28.0,4.67,48.28,75.33,27.0,4.5,46.55,72.64,21.0,3.5,36.21,56.5,8.0,1.33,13.79,21.52,15.0,2.5,25.86,40.36,6.0,1.0,10.34,16.14,6.0,1.0,10.34,16.14,2.0,0.33,3.45,5.38,14.0,2.33,24.14,37.66,10.0,1.67,17.24,26.9,1.0,0.17,1.72,2.69,13.0,2.17,22.41,34.97,2.0,0.33,3.45,5.38,8.0,1.33,13.79,21.52,1.0,0.17,1.72,2.69,8.0,1.33,13.79,21.52,1.0,0.17,1.72,2.69,0.0,0.0,0.0,0.0,7.0,1.17,12.07,18.83,8.0,1.33,13.79,21.52,48.28,46.55,1.72,104.03,1.0,0.17,1.72,13.38,2.23,0.43,0.52,0.4,0.33,0.71,0.04,1.0,0.11,0.87,0.58,1.72,0.0,0.12,13.79,0.67
4,臺北台新戰神,1|10|10868|10869,丁聖儒/雷蒙恩/齊曼加/基德,4,86,107.0,1393.46,23.22,23:13,348.36,5.81,05:48,39.0,9.75,36.45,60.45,45.0,11.25,42.06,69.75,34.0,8.5,31.78,52.7,13.0,3.25,12.15,20.15,28.0,7.0,26.17,43.4,12.0,3.0,11.21,18.6,6.0,1.5,5.61,9.3,1.0,0.25,0.93,1.55,22.0,5.5,20.56,34.1,14.0,3.5,13.08,21.7,6.0,1.5,5.61,9.3,16.0,4.0,14.95,24.8,12.0,3.0,11.21,18.6,11.0,2.75,10.28,17.05,5.0,1.25,4.67,7.75,13.0,3.25,12.15,20.15,4.0,1.0,3.74,6.2,0.0,0.0,0.0,0.0,14.0,3.5,13.08,21.7,11.0,2.75,10.28,17.05,36.45,42.06,-5.61,110.57,-6.0,-1.5,-5.61,23.22,5.81,0.4,0.45,0.43,0.17,0.64,0.1,1.0,0.35,0.57,0.49,3.74,0.0,0.13,10.28,0.65
4,臺北台新戰神,3|10|10868|10869,陳文宏/雷蒙恩/齊曼加/基德,2,9,9.0,162.66,2.71,02:43,81.33,1.36,01:21,2.0,1.0,22.22,26.56,0.0,0.0,0.0,0.0,5.0,2.5,55.56,66.39,1.0,0.5,11.11,13.28,5.0,2.5,55.56,66.39,1.0,0.5,11.11,13.28,0.0,0.0,0.0,0.0,0.0,0.0,0.0,0.0,0.0,0.0,0.0,0.0,0.0,0.0,0.0,0.0,0.0,0.0,0.0,0.0,4.0,2.0,44.44,53.12,0.0,0.0,0.0,0.0,2.0,1.0,22.22,26.56,0.0,0.0,0.0,0.0,1.0,0.5,11.11,13.28,0.0,0.0,0.0,0.0,0.0,0.0,0.0,0.0,2.0,1.0,22.22,26.56,0.0,0.0,0.0,0.0,22.22,0.0,22.22,79.67,2.0,1.0,22.22,2.71,1.36,0.2,0.2,0.2,,,0.0,1.0,0.0,1.0,0.67,0.0,0.0,0.22,0.0,0.0
4,新北國王,34|867|10872|10874,沃許本/桑尼/林彥廷/熊祥泰,1,5,5.0,30.19,0.5,00:30,30.19,0.5,00:30,2.0,2.0,40.0,143.11,0.0,0.0,0.0,0.0,1.0,1.0,20.0,71.56,1.0,1.0,20.0,71.56,1.0,1.0,20.0,71.56,1.0,1.0,20.0,71.56,0.0,0.0,0.0,0.0,0.0,0.0,0.0,0.0,0.0,0.0,0.0,0.0,0.0,0.0,0.0,0.0,0.0,0.0,0.0,0.0,0.0,0.0,0.0,0.0,0.0,0.0,0.0,0.0,2.0,2.0,40.0,143.11,1.0,1.0,20.0,71.56,1.0,1.0,20.0,71.56,1.0,1.0,20.0,71.56,0.0,0.0,0.0,0.0,0.0,0.0,0.0,0.0,2.0,2.0,40.0,143.11,40.0,0.0,40.0,238.52,2.0,2.0,40.0,0.5,0.5,1.0,1.0,1.0,,,0.5,1.0,0.0,,0.0,20.0,0.0,0.0,40.0,0.0
4,臺北台新戰神,1|5|10|10868,丁聖儒/黃聰翰/雷蒙恩/齊曼加,3,51,59.0,830.64,13.84,13:51,276.88,4.61,04:37,21.0,7.0,35.59,54.61,27.0,9.0,45.76,70.21,17.0,5.67,28.81,44.21,8.0,2.67,13.56,20.8,10.0,3.33,16.95,26.0,6.0,2.0,10.17,15.6,7.0,2.33,11.86,18.2,2.0,0.67,3.39,5.2,10.0,3.33,16.95,26.0,3.0,1.0,5.08,7.8,2.0,0.67,3.39,5.2,10.0,3.33,16.95,26.0,4.0,1.33,6.78,10.4,6.0,2.0,10.17,15.6,5.0,1.67,8.47,13.0,7.0,2.33,11.86,18.2,2.0,0.67,3.39,5.2,0.0,0.0,0.0,0.0,11.0,3.67,18.64,28.6,8.0,2.67,13.56,20.8,35.59,45.76,-10.17,102.28,-6.0,-2.0,-10.17,13.84,4.61,0.53,0.49,0.6,0.29,0.3,0.19,0.88,0.25,0.71,0.55,3.39,0.0,0.19,13.56,0.59
4,臺北台新戰神,1|5|10|10869,丁聖儒/黃聰翰/雷蒙恩/基德,7,159,190.0,2732.49,45.54,45:32,390.36,6.51,06:30,93.0,13.29,48.95,73.52,91.0,13.0,47.89,71.93,66.0,9.43,34.74,52.17,34.0,4.86,17.89,26.88,31.0,4.43,16.32,24.51,21.0,3.0,11.05,16.6,35.0,5.0,18.42,27.67,13.0,1.86,6.84,10.28,21.0,3.0,11.05,16.6,13.0,1.86,6.84,10.28,6.0,0.86,3.16,4.74,29.0,4.14,15.26,22.92,16.0,2.29,8.42,12.65,29.0,4.14,15.26,22.92,15.0,2.14,7.89,11.86,22.0,3.14,11.58,17.39,11.0,1.57,5.79,8.7,1.0,0.14,0.53,0.79,21.0,3.0,11.05,16.6,23.0,3.29,12.11,18.18,48.95,47.89,1.05,100.13,2.0,0.29,1.05,45.54,6.51,0.61,0.62,0.68,0.37,0.62,0.17,0.65,0.17,0.64,0.44,5.79,0.53,0.11,12.11,0.32
4,臺北台新戰神,1|5|10868|10869,丁聖儒/黃聰翰/齊曼加/基德,3,44,51.0,784.24,13.07,13:04,261.41,4.36,04:21,22.0,7.33,43.14,60.59,21.0,7.0,41.18,57.84,18.0,6.0,35.29,49.58,8.0,2.67,15.69,22.03,10.0,3.33,19.61,27.54,5.0,1.67,9.8,13.77,8.0,2.67,15.69,22.03,3.0,1.0,5.88,8.26,9.0,3.0,17.65,24.79,3.0,1.0,5.88,8.26,1.0,0.33,1.96,2.75,10.0,3.33,19.61,27.54,4.0,1.33,7.84,11.02,7.0,2.33,13.73,19.28,1.0,0.33,1.96,2.75,7.0,2.33,13.73,19.28,0.0,0.0,0.0,0.0,0.0,0.0,0.0,0.0,8.0,2.67,15.69,22.03,9.0,3.0,17.65,24.79,43.14,41.18,1.96,93.65,1.0,0.33,1.96,13.07,4.36,0.53,0.5,0.5,0.38,0.33,0.04,0.88,0.12,0.71,0.5,0.0,0.0,0.16,17.65,0.5
4,臺北台新戰神,5|10|10868|10869,黃聰翰/雷蒙恩/齊曼加/基德,4,62,72.0,1028.84,17.15,17:09,257.21,4.29,04:17,30.0,7.5,41.67,62.98,32.0,8.0,44.44,67.18,24.0,6.0,33.33,50.39,10.0,2.5,13.89,20.99,13.0,3.25,18.06,27.29,7.0,1.75,9.72,14.7,11.0,2.75,15.28,23.09,3.0,0.75,4.17,6.3,17.0,4.25,23.61,35.69,8.0,2.0,11.11,16.8,4.0,1.0,5.56,8.4,14.0,3.5,19.44,29.39,7.0,1.75,9.72,14.7,8.0,2.0,11.11,16.8,3.0,0.75,4.17,6.3,9.0,2.25,12.5,18.9,1.0,0.25,1.39,2.1,1.0,0.25,1.39,2.1,10.0,2.5,13.89,20.99,12.0,3.0,16.67,25.19,41.67,44.44,-2.78,100.77,-2.0,-0.5,-2.78,17.15,4.29,0.48,0.48,0.54,0.27,0.47,0.09,0.9,0.33,0.67,0.55,1.39,1.39,0.14,16.67,0.71
4,新北國王,26|29|34|867,洪志善/林書緯/沃許本/桑尼,1,11,14.0,166.12,2.77,02:46,166.12,2.77,02:46,10.0,10.0,71.43,130.03,6.0,6.0,42.86,78.02,6.0,6.0,42.86,78.02,4.0,4.0,28.57,52.01,3.0,3.0,21.43,39.01,2.0,2.0,14.29,26.01,3.0,3.0,21.43,39.01,2.0,2.0,14.29,26.01,0.0,0.0,0.0,0.0,0.0,0.0,0.0,0.0,1.0,1.0,7.14,13.0,1.0,1.0,7.14,13.0,0.0,0.0,0.0,0.0,0.0,0.0,0.0,0.0,1.0,1.0,7.14,13.0,3.0,3.0,21.43,39.01,0.0,0.0,0.0,0.0,0.0,0.0,0.0,0.0,1.0,1.0,7.14,13.0,2.0,2.0,14.29,26.01,71.43,42.86,28.57,121.36,4.0,4.0,28.57,2.77,2.77,0.83,0.83,0.67,0.67,,0.14,0.75,1.0,1.0,1.0,0.0,0.0,0.07,14.29,0.0
4,新北國王,26|29|34|10874,洪志善/林書緯/沃許本/熊祥泰,1,7,9.0,103.0,1.72,01:43,103.0,1.72,01:43,8.0,8.0,88.89,167.77,4.0,4.0,44.44,83.88,3.0,3.0,33.33,62.91,3.0,3.0,33.33,62.91,1.0,1.0,11.11,20.97,1.0,1.0,11.11,20.97,2.0,2.0,22.22,41.94,2.0,2.0,22.22,41.94,0.0,0.0,0.0,0.0,0.0,0.0,0.0,0.0,0.0,0.0,0.0,0.0,0.0,0.0,0.0,0.0,0.0,0.0,0.0,0.0,0.0,0.0,0.0,0.0,1.0,1.0,11.11,20.97,2.0,2.0,22.22,41.94,0.0,0.0,0.0,0.0,0.0,0.0,0.0,0.0,1.0,1.0,11.11,20.97,0.0,0.0,0.0,0.0,88.89,44.44,44.44,125.83,4.0,4.0,44.44,1.72,1.72,1.33,1.33,1.0,1.0,,0.25,0.67,,,,0.0,0.0,0.11,0.0,0.0
4,新北國王,26|29|867|10874,洪志善/林書緯/桑尼/熊祥泰,1,12,17.0,203.98,3.4,03:24,203.98,3.4,03:24,10.0,10.0,58.82,105.89,10.0,10.0,58.82,105.89,8.0,8.0,47.06,84.71,4.0,4.0,23.53,42.36,3.0,3.0,17.65,31.77,2.0,2.0,11.76,21.18,5.0,5.0,29.41,52.95,2.0,2.0,11.76,21.18,0.0,0.0,0.0,0.0,0.0,0.0,0.0,0.0,3.0,3.0,17.65,31.77,1.0,1.0,5.88,10.59,0.0,0.0,0.0,0.0,0.0,0.0,0.0,0.0,1.0,1.0,5.88,10.59,3.0,3.0,17.65,31.77,0.0,0.0,0.0,0.0,1.0,1.0,5.88,10.59,4.0,4.0,23.53,42.36,0.0,0.0,0.0,0.0,58.82,58.82,0.0,120.01,0.0,0.0,0.0,3.4,3.4,0.62,0.62,0.67,0.4,,0.11,0.75,1.0,1.0,1.0,0.0,5.88,0.24,0.0,0.0
4,新北國王,26|34|867|10874,洪志善/沃許本/桑尼/熊祥泰,1,7,9.0,103.0,1.72,01:43,103.0,1.72,01:43,8.0,8.0,88.89,167.77,4.0,4.0,44.44,83.88,3.0,3.0,33.33,62.91,3.0,3.0,33.33,62.91,1.0,1.0,11.11,20.97,1.0,1.0,11.11,20.97,2.0,2.0,22.22,41.94,2.0,2.0,22.22,41.94,0.0,0.0,0.0,0.0,0.0,0.0,0.0,0.0,0.0,0.0,0.0,0.0,0.0,0.0,0.0,0.0,0.0,0.0,0.0,0.0,0.0,0.0,0.0,0.0,1.0,1.0,11.11,20.97,2.0,2.0,22.22,41.94,0.0,0.0,0.0,0.0,0.0,0.0,0.0,0.0,1.0,1.0,11.11,20.97,0.0,0.0,0.0,0.0,88.89,44.44,44.44,125.83,4.0,4.0,44.44,1.72,1.72,1.33,1.33,1.0,1.0,,0.25,0.67,,,,0.0,0.0,0.11,0.0,0.0
4,新北國王,26|29|867|10875,洪志善/林書緯/桑尼/傑登,1,40,55.0,615.62,10.26,10:16,615.62,10.26,10:16,26.0,26.0,47.27,91.23,26.0,26.0,47.27,91.23,25.0,25.0,45.45,87.72,11.0,11.0,20.0,38.6,15.0,15.0,27.27,52.63,8.0,8.0,14.55,28.07,10.0,10.0,18.18,35.09,3.0,3.0,5.45,10.53,3.0,3.0,5.45,10.53,1.0,1.0,1.82,3.51,9.0,9.0,16.36,31.58,6.0,6.0,10.91,21.05,4.0,4.0,7.27,14.03,3.0,3.0,5.45,10.53,2.0,2.0,3.64,7.02,8.0,8.0,14.55,28.07,1.0,1.0,1.82,3.51,3.0,3.0,5.45,10.53,5.0,5.0,9.09,17.54,9.0,9.0,16.36,31.58,47.27,47.27,0.0,128.65,0.0,0.0,0.0,10.26,10.26,0.5,0.49,0.53,0.3,0.33,0.07,0.73,0.75,0.6,0.68,1.82,5.45,0.09,16.36,0.12
4,新北國王,26|29|10874|10875,洪志善/林書緯/熊祥泰/傑登,1,5,8.0,100.98,1.68,01:41,100.98,1.68,01:41,2.0,2.0,25.0,42.78,6.0,6.0,75.0,128.34,5.0,5.0,62.5,106.95,1.0,1.0,12.5,21.39,2.0,2.0,25.0,42.78,1.0,1.0,12.5,21.39,3.0,3.0,37.5,64.17,0.0,0.0,0.0,0.0,0.0,0.0,0.0,0.0,0.0,0.0,0.0,0.0,3.0,3.0,37.5,64.17,1.0,1.0,12.5,21.39,0.0,0.0,0.0,0.0,0.0,0.0,0.0,0.0,0.0,0.0,0.0,0.0,1.0,1.0,12.5,21.39,0.0,0.0,0.0,0.0,1.0,1.0,12.5,21.39,3.0,3.0,37.5,64.17,0.0,0.0,0.0,0.0,25.0,75.0,-50.0,114.08,-4.0,-4.0,-50.0,1.68,1.68,0.2,0.2,0.5,0.0,,0.0,1.0,1.0,1.0,1.0,0.0,12.5,0.38,0.0,0.0
4,新北國王,26|867|10874|10875,洪志善/桑尼/熊祥泰/傑登,1,5,8.0,100.98,1.68,01:41,100.98,1.68,01:41,2.0,2.0,25.0,42.78,6.0,6.0,75.0,128.34,5.0,5.0,62.5,106.95,1.0,1.0,12.5,21.39,2.0,2.0,25.0,42.78,1.0,1.0,12.5,21.39,3.0,3.0,37.5,64.17,0.0,0.0,0.0,0.0,0.0,0.0,0.0,0.0,0.0,0.0,0.0,0.0,3.0,3.0,37.5,64.17,1.0,1.0,12.5,21.39,0.0,0.0,0.0,0.0,0.0,0.0,0.0,0.0,0.0,0.0,0.0,0.0,1.0,1.0,12.5,21.39,0.0,0.0,0.0,0.0,1.0,1.0,12.5,21.39,3.0,3.0,37.5,64.17,0.0,0.0,0.0,0.0,25.0,75.0,-50.0,114.08,-4.0,-4.0,-50.0,1.68,1.68,0.2,0.2,0.5,0.0,,0.0,1.0,1.0,1.0,1.0,0.0,12.5,0.38,0.0,0.0
4,臺北台新戰神,4|5|10|10869,張兆辰/黃聰翰/雷蒙恩/基德,2,12,14.0,239.0,3.98,03:59,119.5,1.99,02:00,2.0,1.0,14.29,18.08,0.0,0.0,0.0,0.0,5.0,2.5,35.71,45.19,2.0,1.0,14.29,18.08,3.0,1.5,21.43,27.11,2.0,1.0,14.29,18.08,2.0,1.0,14.29,18.08,0.0,0.0,0.0,0.0,0.0,0.0,0.0,0.0,0.0,0.0,0.0,0.0,0.0,0.0,0.0,0.0,3.0,1.5,21.43,27.11,0.0,0.0,0.0,0.0,4.0,2.0,28.57,36.15,2.0,1.0,14.29,18.08,0.0,0.0,0.0,0.0,1.0,0.5,7.14,9.04,0.0,0.0,0.0,0.0,2.0,1.0,14.29,18.08,0.0,0.0,0.0,0.0,14.29,0.0,14.29,84.35,2.0,1.0,14.29,3.98,1.99,0.4,0.2,0.67,0.0,,0.29,0.0,0.0,1.0,0.43,7.14,0.0,0.14,0.0,0.0
4,臺北台新戰神,4|5|10869|10870,張兆辰/黃聰翰/基德/洛夫頓,3,14,17.0,220.0,3.67,03:40,73.33,1.22,01:13,4.0,1.33,23.53,39.27,5.0,1.67,29.41,49.09,8.0,2.67,47.06,78.55,2.0,0.67,11.76,19.64,6.0,2.0,35.29,58.91,2.0,0.67,11.76,19.64,2.0,0.67,11.76,19.64,0.0,0.0,0.0,0.0,0.0,0.0,0.0,0.0,0.0,0.0,0.0,0.0,2.0,0.67,11.76,19.64,4.0,1.33,23.53,39.27,0.0,0.0,0.0,0.0,3.0,1.0,17.65,29.45,1.0,0.33,5.88,9.82,2.0,0.67,11.76,19.64,1.0,0.33,5.88,9.82,1.0,0.33,5.88,9.82,2.0,0.67,11.76,19.64,3.0,1.0,17.65,29.45,23.53,29.41,-5.88,111.27,-1.0,-0.33,-5.88,3.67,1.22,0.25,0.25,0.33,0.0,,0.11,1.0,0.4,1.0,0.67,5.88,5.88,0.12,17.65,0.0
4,臺北台新戰神,4|10|10869|10870,張兆辰/雷蒙恩/基德/洛夫頓,4,39,49.0,688.0,11.47,11:28,172.0,2.87,02:52,27.0,6.75,55.1,84.77,29.0,7.25,59.18,91.05,20.0,5.0,40.82,62.79,10.0,2.5,20.41,31.4,6.0,1.5,12.24,18.84,4.0,1.0,8.16,12.56,14.0,3.5,28.57,43.95,6.0,1.5,12.24,18.84,2.0,0.5,4.08,6.28,1.0,0.25,2.04,3.14,4.0,1.0,8.16,12.56,6.0,1.5,12.24,18.84,4.0,1.0,8.16,12.56,5.0,1.25,10.2,15.7,3.0,0.75,6.12,9.42,4.0,1.0,8.16,12.56,2.0,0.5,4.08,6.28,0.0,0.0,0.0,0.0,3.0,0.75,6.12,9.42,4.0,1.0,8.16,12.56,55.1,59.18,-4.08,102.56,-2.0,-0.5,-4.08,11.47,2.87,0.65,0.65,0.67,0.43,0.5,0.13,0.4,0.44,0.6,0.53,4.08,0.0,0.06,8.16,0.1
4,臺北台新戰神,5|10|10869|10870,黃聰翰/雷蒙恩/基德/洛夫頓,5,55,69.0,802.18,13.37,13:22,160.44,2.67,02:40,36.0,7.2,52.17,96.94,42.0,8.4,60.87,113.09,23.0,4.6,33.33,61.93,12.0,2.4,17.39,32.31,12.0,2.4,17.39,32.31,8.0,1.6,11.59,21.54,11.0,2.2,15.94,29.62,4.0,0.8,5.8,10.77,9.0,1.8,13.04,24.23,8.0,1.6,11.59,21.54,3.0,0.6,4.35,8.08,8.0,1.6,11.59,21.54,8.0,1.6,11.59,21.54,8.0,1.6,11.59,21.54,3.0,0.6,4.35,8.08,5.0,1.0,7.25,13.46,1.0,0.2,1.45,2.69,1.0,0.2,1.45,2.69,6.0,1.2,8.7,16.16,12.0,2.4,17.39,32.31,52.17,60.87,-8.7,123.86,-6.0,-1.2,-8.7,13.37,2.67,0.61,0.67,0.67,0.36,0.89,0.1,0.42,0.27,0.5,0.41,1.45,1.45,0.09,17.39,0.39
4,臺北台新戰神,5|10|13|10869,黃聰翰/雷蒙恩/陳冠全/基德,2,19,23.0,306.28,5.1,05:06,153.14,2.55,02:33,12.0,6.0,52.17,84.63,12.0,6.0,52.17,84.63,7.0,3.5,30.43,49.37,4.0,2.0,17.39,28.21,4.0,2.0,17.39,28.21,3.0,1.5,13.04,21.16,3.0,1.5,13.04,21.16,1.0,0.5,4.35,7.05,3.0,1.5,13.04,21.16,3.0,1.5,13.04,21.16,0.0,0.0,0.0,0.0,3.0,1.5,13.04,21.16,4.0,2.0,17.39,28.21,5.0,2.5,21.74,35.26,1.0,0.5,4.35,7.05,2.0,1.0,8.7,14.1,0.0,0.0,0.0,0.0,0.0,0.0,0.0,0.0,3.0,1.5,13.04,21.16,2.0,1.0,8.7,14.1,52.17,52.17,0.0,108.14,0.0,0.0,0.0,5.1,2.55,0.64,0.72,0.75,0.33,1.0,0.11,0.5,0.0,0.43,0.25,0.0,0.0,0.13,8.7,0.43
4,臺北台新戰神,5|10|13|10870,黃聰翰/雷蒙恩/陳冠全/洛夫頓,2,19,23.0,306.28,5.1,05:06,153.14,2.55,02:33,12.0,6.0,52.17,84.63,12.0,6.0,52.17,84.63,7.0,3.5,30.43,49.37,4.0,2.0,17.39,28.21,4.0,2.0,17.39,28.21,3.0,1.5,13.04,21.16,3.0,1.5,13.04,21.16,1.0,0.5,4.35,7.05,3.0,1.5,13.04,21.16,3.0,1.5,13.04,21.16,0.0,0.0,0.0,0.0,3.0,1.5,13.04,21.16,4.0,2.0,17.39,28.21,5.0,2.5,21.74,35.26,1.0,0.5,4.35,7.05,2.0,1.0,8.7,14.1,0.0,0.0,0.0,0.0,0.0,0.0,0.0,0.0,3.0,1.5,13.04,21.16,2.0,1.0,8.7,14.1,52.17,52.17,0.0,108.14,0.0,0.0,0.0,5.1,2.55,0.64,0.72,0.75,0.33,1.0,0.11,0.5,0.0,0.43,0.25,0.0,0.0,0.13,8.7,0.43
4,臺北台新戰神,5|13|10869|10870,黃聰翰/陳冠全/基德/洛夫頓,2,19,23.0,306.28,5.1,05:06,153.14,2.55,02:33,12.0,6.0,52.17,84.63,12.0,6.0,52.17,84.63,7.0,3.5,30.43,49.37,4.0,2.0,17.39,28.21,4.0,2.0,17.39,28.21,3.0,1.5,13.04,21.16,3.0,1.5,13.04,21.16,1.0,0.5,4.35,7.05,3.0,1.5,13.04,21.16,3.0,1.5,13.04,21.16,0.0,0.0,0.0,0.0,3.0,1.5,13.04,21.16,4.0,2.0,17.39,28.21,5.0,2.5,21.74,35.26,1.0,0.5,4.35,7.05,2.0,1.0,8.7,14.1,0.0,0.0,0.0,0.0,0.0,0.0,0.0,0.0,3.0,1.5,13.04,21.16,2.0,1.0,8.7,14.1,52.17,52.17,0.0,108.14,0.0,0.0,0.0,5.1,2.55,0.64,0.72,0.75,0.33,1.0,0.11,0.5,0.0,0.43,0.25,0.0,0.0,0.13,8.7,0.43
4,新北國王,22|26|29|867,簡祐哲/洪志善/林書緯/桑尼,1,3,4.0,36.99,0.62,00:37,36.99,0.62,00:37,0.0,0.0,0.0,0.0,3.0,3.0,75.0,175.17,2.0,2.0,50.0,116.78,0.0,0.0,0.0,0.0,1.0,1.0,25.0,58.39,0.0,0.0,0.0,0.0,1.0,1.0,25.0,58.39,0.0,0.0,0.0,0.0,0.0,0.0,0.0,0.0,0.0,0.0,0.0,0.0,1.0,1.0,25.0,58.39,1.0,1.0,25.0,58.39,0.0,0.0,0.0,0.0,0.0,0.0,0.0,0.0,0.0,0.0,0.0,0.0,0.0,0.0,0.0,0.0,0.0,0.0,0.0,0.0,0.0,0.0,0.0,0.0,0.0,0.0,0.0,0.0,3.0,3.0,75.0,175.17,0.0,75.0,-75.0,155.71,-3.0,-3.0,-75.0,0.62,0.62,0.0,0.0,0.0,0.0,,0.0,,1.0,1.0,1.0,0.0,0.0,0.0,75.0,0.0
4,新北國王,22|26|29|10875,簡祐哲/洪志善/林書緯/傑登,1,1,1.0,0.99,0.02,00:01,0.99,0.02,00:01,0.0,0.0,0.0,0.0,1.0,1.0,100.0,2177.42,0.0,0.0,0.0,0.0,0.0,0.0,0.0,0.0,0.0,0.0,0.0,0.0,0.0,0.0,0.0,0.0,0.0,0.0,0.0,0.0,0.0,0.0,0.0,0.0,0.0,0.0,0.0,0.0,0.0,0.0,0.0,0.0,0.0,0.0,0.0,0.0,0.0,0.0,0.0,0.0,0.0,0.0,0.0,0.0,0.0,0.0,0.0,0.0,0.0,0.0,0.0,0.0,0.0,0.0,0.0,0.0,0.0,0.0,0.0,0.0,0.0,0.0,0.0,0.0,0.0,0.0,0.0,0.0,1.0,1.0,100.0,2177.42,0.0,100.0,-100.0,1451.61,-1.0,-1.0,-100.0,0.02,0.02,,,,,,,,,,,0.0,0.0,0.0,100.0,
4,新北國王,22|26|867|10875,簡祐哲/洪志善/桑尼/傑登,1,1,1.0,0.99,0.02,00:01,0.99,0.02,00:01,0.0,0.0,0.0,0.0,1.0,1.0,100.0,2177.42,0.0,0.0,0.0,0.0,0.0,0.0,0.0,0.0,0.0,0.0,0.0,0.0,0.0,0.0,0.0,0.0,0.0,0.0,0.0,0.0,0.0,0.0,0.0,0.0,0.0,0.0,0.0,0.0,0.0,0.0,0.0,0.0,0.0,0.0,0.0,0.0,0.0,0.0,0.0,0.0,0.0,0.0,0.0,0.0,0.0,0.0,0.0,0.0,0.0,0.0,0.0,0.0,0.0,0.0,0.0,0.0,0.0,0.0,0.0,0.0,0.0,0.0,0.0,0.0,0.0,0.0,0.0,0.0,1.0,1.0,100.0,2177.42,0.0,100.0,-100.0,1451.61,-1.0,-1.0,-100.0,0.02,0.02,,,,,,,,,,,0.0,0.0,0.0,100.0,
4,新北國王,22|26|29|34,簡祐哲/洪志善/林書緯/沃許本,1,2,3.0,36.0,0.6,00:36,36.0,0.6,00:36,0.0,0.0,0.0,0.0,2.0,2.0,66.67,120.0,2.0,2.0,66.67,120.0,0.0,0.0,0.0,0.0,1.0,1.0,33.33,60.0,0.0,0.0,0.0,0.0,1.0,1.0,33.33,60.0,0.0,0.0,0.0,0.0,0.0,0.0,0.0,0.0,0.0,0.0,0.0,0.0,1.0,1.0,33.33,60.0,1.0,1.0,33.33,60.0,0.0,0.0,0.0,0.0,0.0,0.0,0.0,0.0,0.0,0.0,0.0,0.0,0.0,0.0,0.0,0.0,0.0,0.0,0.0,0.0,0.0,0.0,0.0,0.0,0.0,0.0,0.0,0.0,2.0,2.0,66.67,120.0,0.0,66.67,-66.67,120.0,-2.0,-2.0,-66.67,0.6,0.6,0.0,0.0,0.0,0.0,,0.0,,1.0,1.0,1.0,0.0,0.0,0.0,66.67,0.0
4,新北國王,22|26|34|867,簡祐哲/洪志善/沃許本/桑尼,1,2,3.0,36.0,0.6,00:36,36.0,0.6,00:36,0.0,0.0,0.0,0.0,2.0,2.0,66.67,120.0,2.0,2.0,66.67,120.0,0.0,0.0,0.0,0.0,1.0,1.0,33.33,60.0,0.0,0.0,0.0,0.0,1.0,1.0,33.33,60.0,0.0,0.0,0.0,0.0,0.0,0.0,0.0,0.0,0.0,0.0,0.0,0.0,1.0,1.0,33.33,60.0,1.0,1.0,33.33,60.0,0.0,0.0,0.0,0.0,0.0,0.0,0.0,0.0,0.0,0.0,0.0,0.0,0.0,0.0,0.0,0.0,0.0,0.0,0.0,0.0,0.0,0.0,0.0,0.0,0.0,0.0,0.0,0.0,2.0,2.0,66.67,120.0,0.0,66.67,-66.67,120.0,-2.0,-2.0,-66.67,0.6,0.6,0.0,0.0,0.0,0.0,,0.0,,1.0,1.0,1.0,0.0,0.0,0.0,66.67,0.0
4,新北國王,24|26|29|867,蘇士軒/洪志善/林書緯/桑尼,1,2,2.0,27.12,0.45,00:27,27.12,0.45,00:27,2.0,2.0,100.0,159.32,0.0,0.0,0.0,0.0,1.0,1.0,50.0,79.66,1.0,1.0,50.0,79.66,1.0,1.0,50.0,79.66,1.0,1.0,50.0,79.66,0.0,0.0,0.0,0.0,0.0,0.0,0.0,0.0,0.0,0.0,0.0,0.0,0.0,0.0,0.0,0.0,0.0,0.0,0.0,0.0,0.0,0.0,0.0,0.0,0.0,0.0,0.0,0.0,0.0,0.0,0.0,0.0,0.0,0.0,0.0,0.0,1.0,1.0,50.0,79.66,0.0,0.0,0.0,0.0,0.0,0.0,0.0,0.0,0.0,0.0,0.0,0.0,0.0,0.0,0.0,0.0,100.0,0.0,100.0,106.21,2.0,2.0,100.0,0.45,0.45,1.0,1.0,1.0,,,0.0,1.0,,,,0.0,0.0,0.0,0.0,0.0
4,新北國王,24|26|34|867,蘇士軒/洪志善/沃許本/桑尼,1,2,2.0,27.12,0.45,00:27,27.12,0.45,00:27,2.0,2.0,100.0,159.32,0.0,0.0,0.0,0.0,1.0,1.0,50.0,79.66,1.0,1.0,50.0,79.66,1.0,1.0,50.0,79.66,1.0,1.0,50.0,79.66,0.0,0.0,0.0,0.0,0.0,0.0,0.0,0.0,0.0,0.0,0.0,0.0,0.0,0.0,0.0,0.0,0.0,0.0,0.0,0.0,0.0,0.0,0.0,0.0,0.0,0.0,0.0,0.0,0.0,0.0,0.0,0.0,0.0,0.0,0.0,0.0,1.0,1.0,50.0,79.66,0.0,0.0,0.0,0.0,0.0,0.0,0.0,0.0,0.0,0.0,0.0,0.0,0.0,0.0,0.0,0.0,100.0,0.0,100.0,106.21,2.0,2.0,100.0,0.45,0.45,1.0,1.0,1.0,,,0.0,1.0,,,,0.0,0.0,0.0,0.0,0.0
4,臺北台新戰神,5|7|10|10869,黃聰翰/孫思堯/雷蒙恩/基德,3,13,14.0,192.89,3.21,03:13,64.3,1.07,01:04,0.0,0.0,0.0,0.0,14.0,4.67,100.0,156.77,5.0,1.67,35.71,55.99,0.0,0.0,0.0,0.0,3.0,1.0,21.43,33.59,0.0,0.0,0.0,0.0,2.0,0.67,14.29,22.4,0.0,0.0,0.0,0.0,0.0,0.0,0.0,0.0,0.0,0.0,0.0,0.0,0.0,0.0,0.0,0.0,4.0,1.33,28.57,44.79,0.0,0.0,0.0,0.0,1.0,0.33,7.14,11.2,2.0,0.67,14.29,22.4,0.0,0.0,0.0,0.0,1.0,0.33,7.14,11.2,0.0,0.0,0.0,0.0,2.0,0.67,14.29,22.4,2.0,0.67,14.29,22.4,0.0,100.0,-100.0,104.51,-14.0,-4.67,-100.0,3.21,1.07,0.0,0.0,0.0,0.0,,0.29,,0.0,1.0,0.8,7.14,0.0,0.14,14.29,0.0
4,臺北台新戰神,5|7|10|10870,黃聰翰/孫思堯/雷蒙恩/洛夫頓,1,5,5.0,65.92,1.1,01:06,65.92,1.1,01:06,0.0,0.0,0.0,0.0,8.0,8.0,160.0,262.16,2.0,2.0,40.0,65.54,0.0,0.0,0.0,0.0,1.0,1.0,20.0,32.77,0.0,0.0,0.0,0.0,1.0,1.0,20.0,32.77,0.0,0.0,0.0,0.0,0.0,0.0,0.0,0.0,0.0,0.0,0.0,0.0,0.0,0.0,0.0,0.0,2.0,2.0,40.0,65.54,0.0,0.0,0.0,0.0,0.0,0.0,0.0,0.0,0.0,0.0,0.0,0.0,0.0,0.0,0.0,0.0,0.0,0.0,0.0,0.0,0.0,0.0,0.0,0.0,0.0,0.0,0.0,0.0,0.0,0.0,0.0,0.0,0.0,160.0,-160.0,109.23,-8.0,-8.0,-160.0,1.1,1.1,0.0,0.0,0.0,0.0,,0.0,,,1.0,1.0,0.0,0.0,0.0,0.0,0.0
4,臺北台新戰神,5|7|10869|10870,黃聰翰/孫思堯/基德/洛夫頓,1,5,5.0,65.92,1.1,01:06,65.92,1.1,01:06,0.0,0.0,0.0,0.0,8.0,8.0,160.0,262.16,2.0,2.0,40.0,65.54,0.0,0.0,0.0,0.0,1.0,1.0,20.0,32.77,0.0,0.0,0.0,0.0,1.0,1.0,20.0,32.77,0.0,0.0,0.0,0.0,0.0,0.0,0.0,0.0,0.0,0.0,0.0,0.0,0.0,0.0,0.0,0.0,2.0,2.0,40.0,65.54,0.0,0.0,0.0,0.0,0.0,0.0,0.0,0.0,0.0,0.0,0.0,0.0,0.0,0.0,0.0,0.0,0.0,0.0,0.0,0.0,0.0,0.0,0.0,0.0,0.0,0.0,0.0,0.0,0.0,0.0,0.0,0.0,0.0,160.0,-160.0,109.23,-8.0,-8.0,-160.0,1.1,1.1,0.0,0.0,0.0,0.0,,0.0,,,1.0,1.0,0.0,0.0,0.0,0.0,0.0
4,臺北台新戰神,7|10|10869|10870,孫思堯/雷蒙恩/基德/洛夫頓,2,13,14.0,191.92,3.2,03:12,95.96,1.6,01:36,3.0,1.5,21.43,33.76,8.0,4.0,57.14,90.04,5.0,2.5,35.71,56.27,1.0,0.5,7.14,11.25,2.0,1.0,14.29,22.51,1.0,0.5,7.14,11.25,3.0,1.5,21.43,33.76,0.0,0.0,0.0,0.0,1.0,0.5,7.14,11.25,1.0,0.5,7.14,11.25,0.0,0.0,0.0,0.0,4.0,2.0,28.57,45.02,0.0,0.0,0.0,0.0,3.0,1.5,21.43,33.76,1.0,0.5,7.14,11.25,0.0,0.0,0.0,0.0,0.0,0.0,0.0,0.0,1.0,0.5,7.14,11.25,1.0,0.5,7.14,11.25,0.0,0.0,0.0,0.0,21.43,57.14,-35.71,105.05,-5.0,-2.5,-35.71,3.2,1.6,0.2,0.28,0.5,0.0,1.0,0.16,0.0,0.0,1.0,0.57,0.0,7.14,0.07,0.0,0.2
4,新北國王,21|26|29|10875,李愷諺/洪志善/林書緯/傑登,1,36,48.0,564.38,9.41,09:24,564.38,9.41,09:24,26.0,26.0,54.17,99.51,21.0,21.0,43.75,80.37,21.0,21.0,43.75,80.37,11.0,11.0,22.92,42.1,14.0,14.0,29.17,53.58,8.0,8.0,16.67,30.62,7.0,7.0,14.58,26.79,3.0,3.0,6.25,11.48,3.0,3.0,6.25,11.48,1.0,1.0,2.08,3.83,6.0,6.0,12.5,22.96,5.0,5.0,10.42,19.14,4.0,4.0,8.33,15.31,3.0,3.0,6.25,11.48,2.0,2.0,4.17,7.65,8.0,8.0,16.67,30.62,1.0,1.0,2.08,3.83,2.0,2.0,4.17,7.65,2.0,2.0,4.17,7.65,8.0,8.0,16.67,30.62,54.17,43.75,10.42,122.47,5.0,5.0,10.42,9.41,9.41,0.6,0.58,0.57,0.43,0.33,0.08,0.73,0.67,0.56,0.61,2.08,4.17,0.04,16.67,0.14
4,新北國王,26|29|34|10875,洪志善/林書緯/沃許本/傑登,1,7,8.0,146.73,2.45,02:27,146.73,2.45,02:27,5.0,5.0,62.5,73.6,10.0,10.0,125.0,147.21,2.0,2.0,25.0,29.44,2.0,2.0,25.0,29.44,2.0,2.0,25.0,29.44,2.0,2.0,25.0,29.44,0.0,0.0,0.0,0.0,0.0,0.0,0.0,0.0,2.0,2.0,25.0,29.44,1.0,1.0,12.5,14.72,0.0,0.0,0.0,0.0,0.0,0.0,0.0,0.0,1.0,1.0,12.5,14.72,0.0,0.0,0.0,0.0,0.0,0.0,0.0,0.0,2.0,2.0,25.0,29.44,0.0,0.0,0.0,0.0,0.0,0.0,0.0,0.0,2.0,2.0,25.0,29.44,3.0,3.0,37.5,44.16,62.5,125.0,-62.5,78.51,-5.0,-5.0,-62.5,2.45,2.45,1.0,0.87,1.0,,0.5,0.0,1.0,,0.0,0.0,0.0,0.0,0.25,37.5,1.0
4,新北國王,26|29|34|10872,洪志善/林書緯/沃許本/林彥廷,1,5,6.0,96.0,1.6,01:36,96.0,1.6,01:36,3.0,3.0,50.0,67.5,8.0,8.0,133.33,180.0,1.0,1.0,16.67,22.5,1.0,1.0,16.67,22.5,1.0,1.0,16.67,22.5,1.0,1.0,16.67,22.5,0.0,0.0,0.0,0.0,0.0,0.0,0.0,0.0,2.0,2.0,33.33,45.0,1.0,1.0,16.67,22.5,0.0,0.0,0.0,0.0,0.0,0.0,0.0,0.0,1.0,1.0,16.67,22.5,0.0,0.0,0.0,0.0,0.0,0.0,0.0,0.0,1.0,1.0,16.67,22.5,0.0,0.0,0.0,0.0,0.0,0.0,0.0,0.0,2.0,2.0,33.33,45.0,3.0,3.0,50.0,67.5,50.0,133.33,-83.33,90.0,-5.0,-5.0,-83.33,1.6,1.6,1.0,0.8,1.0,,0.5,0.0,1.0,,0.0,0.0,0.0,0.0,0.33,50.0,2.0
4,新北國王,26|29|10872|10875,洪志善/林書緯/林彥廷/傑登,1,5,6.0,96.0,1.6,01:36,96.0,1.6,01:36,3.0,3.0,50.0,67.5,8.0,8.0,133.33,180.0,1.0,1.0,16.67,22.5,1.0,1.0,16.67,22.5,1.0,1.0,16.67,22.5,1.0,1.0,16.67,22.5,0.0,0.0,0.0,0.0,0.0,0.0,0.0,0.0,2.0,2.0,33.33,45.0,1.0,1.0,16.67,22.5,0.0,0.0,0.0,0.0,0.0,0.0,0.0,0.0,1.0,1.0,16.67,22.5,0.0,0.0,0.0,0.0,0.0,0.0,0.0,0.0,1.0,1.0,16.67,22.5,0.0,0.0,0.0,0.0,0.0,0.0,0.0,0.0,2.0,2.0,33.33,45.0,3.0,3.0,50.0,67.5,50.0,133.33,-83.33,90.0,-5.0,-5.0,-83.33,1.6,1.6,1.0,0.8,1.0,,0.5,0.0,1.0,,0.0,0.0,0.0,0.0,0.33,50.0,2.0
4,臺北台新戰神,1|4|10|10868,丁聖儒/張兆辰/雷蒙恩/齊曼加,1,5,6.0,96.0,1.6,01:36,96.0,1.6,01:36,8.0,8.0,133.33,180.0,3.0,3.0,50.0,67.5,3.0,3.0,50.0,67.5,2.0,2.0,33.33,45.0,1.0,1.0,16.67,22.5,1.0,1.0,16.67,22.5,2.0,2.0,33.33,45.0,1.0,1.0,16.67,22.5,3.0,3.0,50.0,67.5,3.0,3.0,50.0,67.5,1.0,1.0,16.67,22.5,0.0,0.0,0.0,0.0,0.0,0.0,0.0,0.0,0.0,0.0,0.0,0.0,0.0,0.0,0.0,0.0,1.0,1.0,16.67,22.5,0.0,0.0,0.0,0.0,0.0,0.0,0.0,0.0,1.0,1.0,16.67,22.5,2.0,2.0,33.33,45.0,133.33,50.0,83.33,90.0,5.0,5.0,83.33,1.6,1.6,0.83,0.93,1.0,0.5,1.0,0.0,0.5,1.0,,1.0,0.0,0.0,0.17,33.33,1.0
4,臺北台新戰神,1|4|10|10870,丁聖儒/張兆辰/雷蒙恩/洛夫頓,1,10,11.0,154.22,2.57,02:34,154.22,2.57,02:34,8.0,8.0,72.73,112.05,7.0,7.0,63.64,98.04,4.0,4.0,36.36,56.02,2.0,2.0,18.18,28.01,2.0,2.0,18.18,28.01,1.0,1.0,9.09,14.01,2.0,2.0,18.18,28.01,1.0,1.0,9.09,14.01,3.0,3.0,27.27,42.02,3.0,3.0,27.27,42.02,1.0,1.0,9.09,14.01,1.0,1.0,9.09,14.01,0.0,0.0,0.0,0.0,1.0,1.0,9.09,14.01,1.0,1.0,9.09,14.01,1.0,1.0,9.09,14.01,1.0,1.0,9.09,14.01,0.0,0.0,0.0,0.0,1.0,1.0,9.09,14.01,2.0,2.0,18.18,28.01,72.73,63.64,9.09,102.71,1.0,1.0,9.09,2.57,2.57,0.62,0.75,0.5,0.5,1.0,0.16,0.5,0.5,1.0,0.67,9.09,0.0,0.09,18.18,0.75
4,臺北台新戰神,1|4|10868|10870,丁聖儒/張兆辰/齊曼加/洛夫頓,2,20,25.0,308.05,5.13,05:08,154.02,2.57,02:34,17.0,8.5,68.0,119.2,18.0,9.0,72.0,126.21,9.0,4.5,36.0,63.11,6.0,3.0,24.0,42.07,4.0,2.0,16.0,28.05,4.0,2.0,16.0,28.05,5.0,2.5,20.0,35.06,2.0,1.0,8.0,14.02,3.0,1.5,12.0,21.04,3.0,1.5,12.0,21.04,2.0,1.0,8.0,14.02,1.0,0.5,4.0,7.01,1.0,0.5,4.0,7.01,1.0,0.5,4.0,7.01,3.0,1.5,12.0,21.04,3.0,1.5,12.0,21.04,3.0,1.5,12.0,21.04,0.0,0.0,0.0,0.0,2.0,1.0,8.0,14.02,5.0,2.5,20.0,35.06,68.0,72.0,-4.0,116.86,-1.0,-0.5,-4.0,5.13,2.57,0.78,0.82,1.0,0.4,1.0,0.23,0.5,0.67,0.5,0.6,12.0,0.0,0.08,20.0,0.33
4,臺北台新戰神,1|10|10868|10870,丁聖儒/雷蒙恩/齊曼加/洛夫頓,2,22,27.0,366.37,6.11,06:06,183.18,3.05,03:03,13.0,6.5,48.15,76.64,14.0,7.0,51.85,82.54,8.0,4.0,29.63,47.17,4.0,2.0,14.81,23.58,3.0,1.5,11.11,17.69,2.0,1.0,7.41,11.79,5.0,2.5,18.52,29.48,2.0,1.0,7.41,11.79,3.0,1.5,11.11,17.69,3.0,1.5,11.11,17.69,2.0,1.0,7.41,11.79,2.0,1.0,7.41,11.79,1.0,0.5,3.7,5.9,1.0,0.5,3.7,5.9,5.0,2.5,18.52,29.48,3.0,1.5,11.11,17.69,2.0,1.0,7.41,11.79,0.0,0.0,0.0,0.0,5.0,2.5,18.52,29.48,4.0,2.0,14.81,23.58,48.15,51.85,-3.7,106.12,-1.0,-0.5,-3.7,6.11,3.05,0.62,0.7,0.67,0.4,1.0,0.35,0.75,0.67,0.67,0.67,7.41,0.0,0.19,14.81,0.38
4,新北國王,21|26|34|10872,李愷諺/洪志善/沃許本/林彥廷,2,4,5.0,87.09,1.45,01:27,43.54,0.73,00:44,3.0,1.5,60.0,74.41,2.0,1.0,40.0,49.61,1.0,0.5,20.0,24.8,0.0,0.0,0.0,0.0,1.0,0.5,20.0,24.8,0.0,0.0,0.0,0.0,0.0,0.0,0.0,0.0,0.0,0.0,0.0,0.0,4.0,2.0,80.0,99.21,3.0,1.5,60.0,74.41,0.0,0.0,0.0,0.0,1.0,0.5,20.0,24.8,1.0,0.5,20.0,24.8,0.0,0.0,0.0,0.0,0.0,0.0,0.0,0.0,1.0,0.5,20.0,24.8,0.0,0.0,0.0,0.0,0.0,0.0,0.0,0.0,1.0,0.5,20.0,24.8,0.0,0.0,0.0,0.0,60.0,40.0,20.0,82.68,1.0,0.5,20.0,1.45,0.73,0.0,0.54,0.0,,0.75,0.0,,,0.5,0.5,0.0,0.0,0.2,0.0,4.0
4,新北國王,21|26|10872|10875,李愷諺/洪志善/林彥廷/傑登,2,17,21.0,259.94,4.33,04:20,129.97,2.17,02:10,8.0,4.0,38.1,66.48,9.0,4.5,42.86,74.79,5.0,2.5,23.81,41.55,2.0,1.0,9.52,16.62,3.0,1.5,14.29,24.93,0.0,0.0,0.0,0.0,2.0,1.0,9.52,16.62,2.0,1.0,9.52,16.62,4.0,2.0,19.05,33.24,1.0,0.5,4.76,8.31,0.0,0.0,0.0,0.0,4.0,2.0,19.05,33.24,2.0,1.0,9.52,16.62,2.0,1.0,9.52,16.62,2.0,1.0,9.52,16.62,2.0,1.0,9.52,16.62,2.0,1.0,9.52,16.62,1.0,0.5,4.76,8.31,1.0,0.5,4.76,8.31,0.0,0.0,0.0,0.0,38.1,42.86,-4.76,116.33,-1.0,-0.5,-4.76,4.33,2.17,0.6,0.59,0.0,1.0,0.25,0.23,1.0,0.0,0.67,0.5,9.52,4.76,0.05,0.0,0.8
4,臺北台新戰神,1|10|13|10869,丁聖儒/雷蒙恩/陳冠全/基德,1,20,25.0,318.82,5.31,05:19,318.82,5.31,05:19,18.0,18.0,72.0,121.95,13.0,13.0,52.0,88.08,10.0,10.0,40.0,67.75,7.0,7.0,28.0,47.43,5.0,5.0,20.0,33.88,3.0,3.0,12.0,20.33,5.0,5.0,20.0,33.88,4.0,4.0,16.0,27.1,1.0,1.0,4.0,6.78,0.0,0.0,0.0,0.0,2.0,2.0,8.0,13.55,2.0,2.0,8.0,13.55,1.0,1.0,4.0,6.78,2.0,2.0,8.0,13.55,2.0,2.0,8.0,13.55,4.0,4.0,16.0,27.1,1.0,1.0,4.0,6.78,1.0,1.0,4.0,6.78,4.0,4.0,16.0,27.1,3.0,3.0,12.0,20.33,72.0,52.0,20.0,112.92,5.0,5.0,20.0,5.31,5.31,0.9,0.86,0.6,0.8,0.0,0.16,0.57,0.5,0.67,0.57,4.0,4.0,0.16,12.0,0.1
4,臺北台新戰神,1|10|13|10870,丁聖儒/雷蒙恩/陳冠全/洛夫頓,1,20,25.0,318.82,5.31,05:19,318.82,5.31,05:19,18.0,18.0,72.0,121.95,13.0,13.0,52.0,88.08,10.0,10.0,40.0,67.75,7.0,7.0,28.0,47.43,5.0,5.0,20.0,33.88,3.0,3.0,12.0,20.33,5.0,5.0,20.0,33.88,4.0,4.0,16.0,27.1,1.0,1.0,4.0,6.78,0.0,0.0,0.0,0.0,2.0,2.0,8.0,13.55,2.0,2.0,8.0,13.55,1.0,1.0,4.0,6.78,2.0,2.0,8.0,13.55,2.0,2.0,8.0,13.55,4.0,4.0,16.0,27.1,1.0,1.0,4.0,6.78,1.0,1.0,4.0,6.78,4.0,4.0,16.0,27.1,3.0,3.0,12.0,20.33,72.0,52.0,20.0,112.92,5.0,5.0,20.0,5.31,5.31,0.9,0.86,0.6,0.8,0.0,0.16,0.57,0.5,0.67,0.57,4.0,4.0,0.16,12.0,0.1
4,臺北台新戰神,1|10|10869|10870,丁聖儒/雷蒙恩/基德/洛夫頓,4,77,90.0,1122.76,18.71,18:43,280.69,4.68,04:41,51.0,12.75,56.67,98.12,40.0,10.0,44.44,76.95,34.0,8.5,37.78,65.41,18.0,4.5,20.0,34.63,19.0,4.75,21.11,36.55,10.0,2.5,11.11,19.24,15.0,3.75,16.67,28.86,8.0,2.0,8.89,15.39,11.0,2.75,12.22,21.16,5.0,1.25,5.56,9.62,4.0,1.0,4.44,7.7,16.0,4.0,17.78,30.78,3.0,0.75,3.33,5.77,13.0,3.25,14.44,25.01,5.0,1.25,5.56,9.62,11.0,2.75,12.22,21.16,2.0,0.5,2.22,3.85,2.0,0.5,2.22,3.85,11.0,2.75,12.22,21.16,17.0,4.25,18.89,32.71,56.67,44.44,12.22,115.43,11.0,2.75,12.22,18.71,4.68,0.65,0.66,0.53,0.53,0.45,0.11,0.61,0.24,0.84,0.56,2.22,2.22,0.12,18.89,0.32
4,臺北台新戰神,1|13|10869|10870,丁聖儒/陳冠全/基德/洛夫頓,1,33,45.0,554.41,9.24,09:14,554.41,9.24,09:14,22.0,22.0,48.89,85.71,21.0,21.0,46.67,81.82,16.0,16.0,35.56,62.34,9.0,9.0,20.0,35.06,10.0,10.0,22.22,38.96,5.0,5.0,11.11,19.48,6.0,6.0,13.33,23.38,4.0,4.0,8.89,15.58,1.0,1.0,2.22,3.9,0.0,0.0,0.0,0.0,3.0,3.0,6.67,11.69,5.0,5.0,11.11,19.48,5.0,5.0,11.11,19.48,3.0,3.0,6.67,11.69,4.0,4.0,8.89,15.58,5.0,5.0,11.11,19.48,1.0,1.0,2.22,3.9,1.0,1.0,2.22,3.9,5.0,5.0,11.11,19.48,5.0,5.0,11.11,19.48,48.89,46.67,2.22,116.88,1.0,1.0,2.22,9.24,9.24,0.69,0.67,0.5,0.67,0.0,0.2,0.56,0.5,0.5,0.5,2.22,2.22,0.11,11.11,0.06
4,新北國王,21|26|867|10872,李愷諺/洪志善/桑尼/林彥廷,1,6,7.0,109.0,1.82,01:49,109.0,1.82,01:49,3.0,3.0,42.86,59.45,5.0,5.0,71.43,99.08,2.0,2.0,28.57,39.63,1.0,1.0,14.29,19.82,1.0,1.0,14.29,19.82,0.0,0.0,0.0,0.0,1.0,1.0,14.29,19.82,1.0,1.0,14.29,19.82,0.0,0.0,0.0,0.0,0.0,0.0,0.0,0.0,0.0,0.0,0.0,0.0,1.0,1.0,14.29,19.82,1.0,1.0,14.29,19.82,1.0,1.0,14.29,19.82,1.0,1.0,14.29,19.82,0.0,0.0,0.0,0.0,1.0,1.0,14.29,19.82,0.0,0.0,0.0,0.0,0.0,0.0,0.0,0.0,0.0,0.0,0.0,0.0,42.86,71.43,-28.57,92.48,-2.0,-2.0,-28.57,1.82,1.82,0.75,0.75,0.0,1.0,,0.33,0.0,0.0,0.5,0.33,14.29,0.0,0.0,0.0,0.0
4,新北國王,21|26|867|10875,李愷諺/洪志善/桑尼/傑登,1,52,70.0,845.69,14.09,14:06,845.69,14.09,14:06,39.0,39.0,55.71,99.61,29.0,29.0,41.43,74.07,29.0,29.0,41.43,74.07,14.0,14.0,20.0,35.76,18.0,18.0,25.71,45.97,9.0,9.0,12.86,22.99,11.0,11.0,15.71,28.1,5.0,5.0,7.14,12.77,8.0,8.0,11.43,20.43,6.0,6.0,8.57,15.32,8.0,8.0,11.43,20.43,8.0,8.0,11.43,20.43,6.0,6.0,8.57,15.32,7.0,7.0,10.0,17.88,3.0,3.0,4.29,7.66,8.0,8.0,11.43,20.43,2.0,2.0,2.86,5.11,3.0,3.0,4.29,7.66,6.0,6.0,8.57,15.32,8.0,8.0,11.43,20.43,55.71,41.43,14.29,119.19,10.0,10.0,14.29,14.09,14.09,0.57,0.6,0.5,0.45,0.75,0.08,0.57,0.53,0.57,0.55,2.86,4.29,0.09,11.43,0.28
4,新北國王,26|867|10872|10875,洪志善/桑尼/林彥廷/傑登,1,6,7.0,109.0,1.82,01:49,109.0,1.82,01:49,3.0,3.0,42.86,59.45,5.0,5.0,71.43,99.08,2.0,2.0,28.57,39.63,1.0,1.0,14.29,19.82,1.0,1.0,14.29,19.82,0.0,0.0,0.0,0.0,1.0,1.0,14.29,19.82,1.0,1.0,14.29,19.82,0.0,0.0,0.0,0.0,0.0,0.0,0.0,0.0,0.0,0.0,0.0,0.0,1.0,1.0,14.29,19.82,1.0,1.0,14.29,19.82,1.0,1.0,14.29,19.82,1.0,1.0,14.29,19.82,0.0,0.0,0.0,0.0,1.0,1.0,14.29,19.82,0.0,0.0,0.0,0.0,0.0,0.0,0.0,0.0,0.0,0.0,0.0,0.0,42.86,71.43,-28.57,92.48,-2.0,-2.0,-28.57,1.82,1.82,0.75,0.75,0.0,1.0,,0.33,0.0,0.0,0.5,0.33,14.29,0.0,0.0,0.0,0.0
4,臺北台新戰神,1|13|14|10869,丁聖儒/陳冠全/錢肯尼/基德,1,8,12.0,139.59,2.33,02:20,139.59,2.33,02:20,2.0,2.0,16.67,30.95,2.0,2.0,16.67,30.95,3.0,3.0,25.0,46.42,1.0,1.0,8.33,15.47,2.0,2.0,16.67,30.95,1.0,1.0,8.33,15.47,1.0,1.0,8.33,15.47,0.0,0.0,0.0,0.0,0.0,0.0,0.0,0.0,0.0,0.0,0.0,0.0,0.0,0.0,0.0,0.0,2.0,2.0,16.67,30.95,3.0,3.0,25.0,46.42,1.0,1.0,8.33,15.47,1.0,1.0,8.33,15.47,1.0,1.0,8.33,15.47,0.0,0.0,0.0,0.0,0.0,0.0,0.0,0.0,1.0,1.0,8.33,15.47,0.0,0.0,0.0,0.0,16.67,16.67,0.0,123.79,0.0,0.0,0.0,2.33,2.33,0.33,0.33,0.5,0.0,,0.25,1.0,0.0,0.4,0.33,0.0,0.0,0.08,0.0,0.0
4,臺北台新戰神,1|13|14|10870,丁聖儒/陳冠全/錢肯尼/洛夫頓,1,8,12.0,139.59,2.33,02:20,139.59,2.33,02:20,2.0,2.0,16.67,30.95,2.0,2.0,16.67,30.95,3.0,3.0,25.0,46.42,1.0,1.0,8.33,15.47,2.0,2.0,16.67,30.95,1.0,1.0,8.33,15.47,1.0,1.0,8.33,15.47,0.0,0.0,0.0,0.0,0.0,0.0,0.0,0.0,0.0,0.0,0.0,0.0,0.0,0.0,0.0,0.0,2.0,2.0,16.67,30.95,3.0,3.0,25.0,46.42,1.0,1.0,8.33,15.47,1.0,1.0,8.33,15.47,1.0,1.0,8.33,15.47,0.0,0.0,0.0,0.0,0.0,0.0,0.0,0.0,1.0,1.0,8.33,15.47,0.0,0.0,0.0,0.0,16.67,16.67,0.0,123.79,0.0,0.0,0.0,2.33,2.33,0.33,0.33,0.5,0.0,,0.25,1.0,0.0,0.4,0.33,0.0,0.0,0.08,0.0,0.0
4,臺北台新戰神,1|14|10869|10870,丁聖儒/錢肯尼/基德/洛夫頓,4,31,38.0,522.01,8.7,08:42,130.5,2.18,02:11,16.0,4.0,42.11,66.21,14.0,3.5,36.84,57.93,15.0,3.75,39.47,62.07,6.0,1.5,15.79,24.83,9.0,2.25,23.68,37.24,4.0,1.0,10.53,16.55,6.0,1.5,15.79,24.83,2.0,0.5,5.26,8.28,0.0,0.0,0.0,0.0,0.0,0.0,0.0,0.0,2.0,0.5,5.26,8.28,7.0,1.75,18.42,28.96,3.0,0.75,7.89,12.41,4.0,1.0,10.53,16.55,3.0,0.75,7.89,12.41,2.0,0.5,5.26,8.28,0.0,0.0,0.0,0.0,1.0,0.25,2.63,4.14,4.0,1.0,10.53,16.55,3.0,0.75,7.89,12.41,42.11,36.84,5.26,104.83,2.0,0.5,5.26,8.7,2.18,0.47,0.53,0.44,0.33,,0.17,0.33,0.33,0.7,0.56,0.0,2.63,0.11,7.89,0.0
4,新北國王,21|34|867|10874,李愷諺/沃許本/桑尼/熊祥泰,1,6,7.0,87.86,1.46,01:28,87.86,1.46,01:28,1.0,1.0,14.29,24.58,6.0,6.0,85.71,147.5,1.0,1.0,14.29,24.58,0.0,0.0,0.0,0.0,1.0,1.0,14.29,24.58,0.0,0.0,0.0,0.0,0.0,0.0,0.0,0.0,0.0,0.0,0.0,0.0,2.0,2.0,28.57,49.17,1.0,1.0,14.29,24.58,0.0,0.0,0.0,0.0,1.0,1.0,14.29,24.58,1.0,1.0,14.29,24.58,1.0,1.0,14.29,24.58,1.0,1.0,14.29,24.58,0.0,0.0,0.0,0.0,0.0,0.0,0.0,0.0,0.0,0.0,0.0,0.0,1.0,1.0,14.29,24.58,0.0,0.0,0.0,0.0,14.29,85.71,-71.43,114.72,-5.0,-5.0,-71.43,1.46,1.46,0.0,0.27,0.0,,0.5,0.35,,0.0,0.5,0.33,0.0,0.0,0.14,0.0,2.0
4,臺北台新戰神,1|10|14|10868,丁聖儒/雷蒙恩/錢肯尼/齊曼加,3,73,91.0,1235.6,20.59,20:36,411.87,6.86,06:52,32.0,10.67,35.16,55.94,34.0,11.33,37.36,59.44,31.0,10.33,34.07,54.19,13.0,4.33,14.29,22.73,26.0,8.67,28.57,45.45,11.0,3.67,12.09,19.23,5.0,1.67,5.49,8.74,2.0,0.67,2.2,3.5,8.0,2.67,8.79,13.99,6.0,2.0,6.59,10.49,8.0,2.67,8.79,13.99,8.0,2.67,8.79,13.99,7.0,2.33,7.69,12.24,13.0,4.33,14.29,22.73,12.0,4.0,13.19,20.98,4.0,1.33,4.4,6.99,5.0,1.67,5.49,8.74,0.0,0.0,0.0,0.0,9.0,3.0,9.89,15.73,4.0,1.33,4.4,6.99,35.16,37.36,-2.2,106.05,-2.0,-0.67,-2.2,20.59,6.86,0.45,0.46,0.42,0.4,0.75,0.26,0.31,0.38,0.53,0.44,5.49,0.0,0.1,4.4,0.26
4,臺北台新戰神,1|10|14|10869,丁聖儒/雷蒙恩/錢肯尼/基德,13,515,622.0,8761.6,146.03,146:02,673.97,11.23,11:14,301.0,23.15,48.39,74.21,272.0,20.92,43.73,67.06,225.0,17.31,36.17,55.47,105.0,8.08,16.88,25.89,138.0,10.62,22.19,34.02,66.0,5.08,10.61,16.27,87.0,6.69,13.99,21.45,39.0,3.0,6.27,9.61,69.0,5.31,11.09,17.01,50.0,3.85,8.04,12.33,37.0,2.85,5.95,9.12,85.0,6.54,13.67,20.96,41.0,3.15,6.59,10.11,87.0,6.69,13.99,21.45,46.0,3.54,7.4,11.34,68.0,5.23,10.93,16.76,24.0,1.85,3.86,5.92,7.0,0.54,1.13,1.73,63.0,4.85,10.13,15.53,51.0,3.92,8.2,12.57,48.39,43.73,4.66,102.23,29.0,2.23,4.66,146.03,11.23,0.55,0.59,0.48,0.45,0.72,0.15,0.65,0.3,0.67,0.49,3.86,1.13,0.1,8.2,0.31
4,臺北台新戰神,10|14|10868|10869,雷蒙恩/錢肯尼/齊曼加/基德,6,70,86.0,1033.94,17.23,17:14,172.32,2.87,02:52,35.0,5.83,40.7,73.12,38.0,6.33,44.19,79.39,28.0,4.67,32.56,58.49,11.0,1.83,12.79,22.98,19.0,3.17,22.09,39.69,9.0,1.5,10.47,18.8,9.0,1.5,10.47,18.8,2.0,0.33,2.33,4.18,15.0,2.5,17.44,31.34,12.0,2.0,13.95,25.07,10.0,1.67,11.63,20.89,6.0,1.0,6.98,12.53,4.0,0.67,4.65,8.36,10.0,1.67,11.63,20.89,7.0,1.17,8.14,14.62,6.0,1.0,6.98,12.53,4.0,0.67,4.65,8.36,1.0,0.17,1.16,2.09,9.0,1.5,10.47,18.8,16.0,2.67,18.6,33.43,40.7,44.19,-3.49,119.78,-3.0,-0.5,-3.49,17.23,2.87,0.43,0.51,0.47,0.22,0.8,0.17,0.55,0.5,0.6,0.53,4.65,1.16,0.1,18.6,0.54
4,新北國王,21|24|26|867,李愷諺/蘇士軒/洪志善/桑尼,1,12,17.0,223.04,3.72,03:43,223.04,3.72,03:43,12.0,12.0,70.59,116.21,5.0,5.0,29.41,48.42,7.0,7.0,41.18,67.79,3.0,3.0,17.65,29.05,4.0,4.0,23.53,38.74,2.0,2.0,11.76,19.37,3.0,3.0,17.65,29.05,1.0,1.0,5.88,9.68,5.0,5.0,29.41,48.42,5.0,5.0,29.41,48.42,2.0,2.0,11.76,19.37,2.0,2.0,11.76,19.37,1.0,1.0,5.88,9.68,3.0,3.0,17.65,29.05,0.0,0.0,0.0,0.0,1.0,1.0,5.88,9.68,0.0,0.0,0.0,0.0,1.0,1.0,5.88,9.68,4.0,4.0,23.53,38.74,0.0,0.0,0.0,0.0,70.59,29.41,41.18,109.75,7.0,7.0,41.18,3.72,3.72,0.5,0.65,0.5,0.33,1.0,0.0,0.33,0.4,0.67,0.5,0.0,5.88,0.24,0.0,0.71
4,新北國王,21|24|26|10875,李愷諺/蘇士軒/洪志善/傑登,2,25,34.0,461.56,7.69,07:42,230.78,3.85,03:51,17.0,8.5,50.0,79.56,13.0,6.5,38.24,60.84,12.0,6.0,35.29,56.16,3.0,1.5,8.82,14.04,6.0,3.0,17.65,28.08,2.0,1.0,5.88,9.36,6.0,3.0,17.65,28.08,1.0,0.5,2.94,4.68,11.0,5.5,32.35,51.48,10.0,5.0,29.41,46.8,3.0,1.5,8.82,14.04,6.0,3.0,17.65,28.08,3.0,1.5,8.82,14.04,4.0,2.0,11.76,18.72,1.0,0.5,2.94,4.68,1.0,0.5,2.94,4.68,1.0,0.5,2.94,4.68,1.0,0.5,2.94,4.68,7.0,3.5,20.59,32.76,2.0,1.0,5.88,9.36,50.0,38.24,11.76,106.07,4.0,2.0,11.76,7.69,3.85,0.29,0.5,0.33,0.17,0.91,0.06,0.33,0.43,0.67,0.56,2.94,2.94,0.21,5.88,0.92
4,新北國王,24|26|867|10875,蘇士軒/洪志善/桑尼/傑登,1,12,17.0,223.04,3.72,03:43,223.04,3.72,03:43,12.0,12.0,70.59,116.21,5.0,5.0,29.41,48.42,7.0,7.0,41.18,67.79,3.0,3.0,17.65,29.05,4.0,4.0,23.53,38.74,2.0,2.0,11.76,19.37,3.0,3.0,17.65,29.05,1.0,1.0,5.88,9.68,5.0,5.0,29.41,48.42,5.0,5.0,29.41,48.42,2.0,2.0,11.76,19.37,2.0,2.0,11.76,19.37,1.0,1.0,5.88,9.68,3.0,3.0,17.65,29.05,0.0,0.0,0.0,0.0,1.0,1.0,5.88,9.68,0.0,0.0,0.0,0.0,1.0,1.0,5.88,9.68,4.0,4.0,23.53,38.74,0.0,0.0,0.0,0.0,70.59,29.41,41.18,109.75,7.0,7.0,41.18,3.72,3.72,0.5,0.65,0.5,0.33,1.0,0.0,0.33,0.4,0.67,0.5,0.0,5.88,0.24,0.0,0.71
4,臺北台新戰神,3|4|10|10869,陳文宏/張兆辰/雷蒙恩/基德,1,5,9.0,152.05,2.53,02:32,152.05,2.53,02:32,6.0,6.0,66.67,85.23,5.0,5.0,55.56,71.03,5.0,5.0,55.56,71.03,2.0,2.0,22.22,28.41,1.0,1.0,11.11,14.21,0.0,0.0,0.0,0.0,4.0,4.0,44.44,56.82,2.0,2.0,22.22,28.41,0.0,0.0,0.0,0.0,0.0,0.0,0.0,0.0,2.0,2.0,22.22,28.41,1.0,1.0,11.11,14.21,1.0,1.0,11.11,14.21,1.0,1.0,11.11,14.21,0.0,0.0,0.0,0.0,1.0,1.0,11.11,14.21,0.0,0.0,0.0,0.0,0.0,0.0,0.0,0.0,1.0,1.0,11.11,14.21,2.0,2.0,22.22,28.41,66.67,55.56,11.11,85.23,1.0,1.0,11.11,2.53,2.53,0.6,0.6,0.0,0.5,,0.0,0.5,0.67,0.5,0.6,0.0,0.0,0.11,22.22,0.0
4,臺北台新戰神,3|4|10|10870,陳文宏/張兆辰/雷蒙恩/洛夫頓,2,6,10.0,153.05,2.55,02:33,76.53,1.28,01:17,6.0,3.0,60.0,84.68,5.0,2.5,50.0,70.56,5.0,2.5,50.0,70.56,2.0,1.0,20.0,28.23,1.0,0.5,10.0,14.11,0.0,0.0,0.0,0.0,4.0,2.0,40.0,56.45,2.0,1.0,20.0,28.23,0.0,0.0,0.0,0.0,0.0,0.0,0.0,0.0,2.0,1.0,20.0,28.23,1.0,0.5,10.0,14.11,1.0,0.5,10.0,14.11,1.0,0.5,10.0,14.11,0.0,0.0,0.0,0.0,1.0,0.5,10.0,14.11,0.0,0.0,0.0,0.0,0.0,0.0,0.0,0.0,1.0,0.5,10.0,14.11,2.0,1.0,20.0,28.23,60.0,50.0,10.0,94.08,1.0,0.5,10.0,2.55,1.28,0.6,0.6,0.0,0.5,,0.0,0.5,0.67,0.5,0.6,0.0,0.0,0.1,20.0,0.0
4,臺北台新戰神,3|4|10869|10870,陳文宏/張兆辰/基德/洛夫頓,2,7,12.0,164.05,2.73,02:44,82.03,1.37,01:22,6.0,3.0,50.0,79.0,6.0,3.0,50.0,79.0,6.0,3.0,50.0,79.0,2.0,1.0,16.67,26.33,1.0,0.5,8.33,13.17,0.0,0.0,0.0,0.0,5.0,2.5,41.67,65.83,2.0,1.0,16.67,26.33,0.0,0.0,0.0,0.0,0.0,0.0,0.0,0.0,2.0,1.0,16.67,26.33,2.0,1.0,16.67,26.33,1.0,0.5,8.33,13.17,1.0,0.5,8.33,13.17,0.0,0.0,0.0,0.0,1.0,0.5,8.33,13.17,0.0,0.0,0.0,0.0,0.0,0.0,0.0,0.0,1.0,0.5,8.33,13.17,4.0,2.0,33.33,52.67,50.0,50.0,0.0,105.33,0.0,0.0,0.0,2.73,1.37,0.5,0.5,0.0,0.4,,0.0,0.5,0.67,0.67,0.67,0.0,0.0,0.08,33.33,0.0
4,新北國王,21|24|26|34,李愷諺/蘇士軒/洪志善/沃許本,2,12,15.0,227.0,3.78,03:47,113.5,1.89,01:54,3.0,1.5,20.0,28.55,7.0,3.5,46.67,66.61,5.0,2.5,33.33,47.58,0.0,0.0,0.0,0.0,3.0,1.5,20.0,28.55,0.0,0.0,0.0,0.0,2.0,1.0,13.33,19.03,0.0,0.0,0.0,0.0,4.0,2.0,26.67,38.06,3.0,1.5,20.0,28.55,1.0,0.5,6.67,9.52,5.0,2.5,33.33,47.58,2.0,1.0,13.33,19.03,2.0,1.0,13.33,19.03,0.0,0.0,0.0,0.0,0.0,0.0,0.0,0.0,0.0,0.0,0.0,0.0,0.0,0.0,0.0,0.0,2.0,1.0,13.33,19.03,4.0,2.0,26.67,38.06,20.0,46.67,-26.67,95.15,-4.0,-2.0,-26.67,3.78,1.89,0.0,0.22,0.0,0.0,0.75,0.0,,0.33,0.71,0.6,0.0,0.0,0.13,26.67,0.8
4,新北國王,24|26|34|10875,蘇士軒/洪志善/沃許本/傑登,2,7,10.0,143.0,2.38,02:23,71.5,1.19,01:12,3.0,1.5,30.0,45.31,3.0,1.5,30.0,45.31,3.0,1.5,30.0,45.31,0.0,0.0,0.0,0.0,2.0,1.0,20.0,30.21,0.0,0.0,0.0,0.0,1.0,0.5,10.0,15.1,0.0,0.0,0.0,0.0,4.0,2.0,40.0,60.42,3.0,1.5,30.0,45.31,1.0,0.5,10.0,15.1,3.0,1.5,30.0,45.31,2.0,1.0,20.0,30.21,1.0,0.5,10.0,15.1,0.0,0.0,0.0,0.0,0.0,0.0,0.0,0.0,0.0,0.0,0.0,0.0,0.0,0.0,0.0,0.0,2.0,1.0,20.0,30.21,0.0,0.0,0.0,0.0,30.0,30.0,0.0,100.7,0.0,0.0,0.0,2.38,1.19,0.0,0.32,0.0,0.0,0.75,0.0,,0.5,0.6,0.57,0.0,0.0,0.2,0.0,1.33
4,臺北台新戰神,1|3|13|10869,丁聖儒/陳文宏/陳冠全/基德,1,5,8.0,96.0,1.6,01:36,96.0,1.6,01:36,2.0,2.0,25.0,45.0,6.0,6.0,75.0,135.0,3.0,3.0,37.5,67.5,1.0,1.0,12.5,22.5,3.0,3.0,37.5,67.5,1.0,1.0,12.5,22.5,0.0,0.0,0.0,0.0,0.0,0.0,0.0,0.0,0.0,0.0,0.0,0.0,0.0,0.0,0.0,0.0,1.0,1.0,12.5,22.5,1.0,1.0,12.5,22.5,1.0,1.0,12.5,22.5,0.0,0.0,0.0,0.0,1.0,1.0,12.5,22.5,0.0,0.0,0.0,0.0,0.0,0.0,0.0,0.0,0.0,0.0,0.0,0.0,0.0,0.0,0.0,0.0,2.0,2.0,25.0,45.0,25.0,75.0,-50.0,120.0,-4.0,-4.0,-50.0,1.6,1.6,0.33,0.33,0.33,,,0.25,0.0,1.0,0.5,0.67,0.0,0.0,0.0,25.0,0.0
4,臺北台新戰神,1|3|13|10870,丁聖儒/陳文宏/陳冠全/洛夫頓,1,5,8.0,96.0,1.6,01:36,96.0,1.6,01:36,2.0,2.0,25.0,45.0,6.0,6.0,75.0,135.0,3.0,3.0,37.5,67.5,1.0,1.0,12.5,22.5,3.0,3.0,37.5,67.5,1.0,1.0,12.5,22.5,0.0,0.0,0.0,0.0,0.0,0.0,0.0,0.0,0.0,0.0,0.0,0.0,0.0,0.0,0.0,0.0,1.0,1.0,12.5,22.5,1.0,1.0,12.5,22.5,1.0,1.0,12.5,22.5,0.0,0.0,0.0,0.0,1.0,1.0,12.5,22.5,0.0,0.0,0.0,0.0,0.0,0.0,0.0,0.0,0.0,0.0,0.0,0.0,0.0,0.0,0.0,0.0,2.0,2.0,25.0,45.0,25.0,75.0,-50.0,120.0,-4.0,-4.0,-50.0,1.6,1.6,0.33,0.33,0.33,,,0.25,0.0,1.0,0.5,0.67,0.0,0.0,0.0,25.0,0.0
4,臺北台新戰神,1|3|10869|10870,丁聖儒/陳文宏/基德/洛夫頓,3,26,30.0,370.34,6.17,06:10,123.45,2.06,02:03,14.0,4.67,46.67,81.66,13.0,4.33,43.33,75.82,11.0,3.67,36.67,64.16,5.0,1.67,16.67,29.16,8.0,2.67,26.67,46.66,4.0,1.33,13.33,23.33,3.0,1.0,10.0,17.5,1.0,0.33,3.33,5.83,6.0,2.0,20.0,35.0,3.0,1.0,10.0,17.5,1.0,0.33,3.33,5.83,7.0,2.33,23.33,40.83,1.0,0.33,3.33,5.83,4.0,1.33,13.33,23.33,1.0,0.33,3.33,5.83,5.0,1.67,16.67,29.16,0.0,0.0,0.0,0.0,0.0,0.0,0.0,0.0,3.0,1.0,10.0,17.5,10.0,3.33,33.33,58.33,46.67,43.33,3.33,116.65,1.0,0.33,3.33,6.17,2.06,0.5,0.51,0.5,0.33,0.5,0.07,1.0,0.2,0.88,0.62,0.0,0.0,0.1,33.33,0.55
4,新北國王,21|26|29|867,李愷諺/洪志善/林書緯/桑尼,1,34,46.0,513.64,8.56,08:34,513.64,8.56,08:34,24.0,24.0,52.17,100.93,19.0,19.0,41.3,79.9,20.0,20.0,43.48,84.11,10.0,10.0,21.74,42.05,13.0,13.0,28.26,54.67,7.0,7.0,15.22,29.44,7.0,7.0,15.22,29.44,3.0,3.0,6.52,12.62,3.0,3.0,6.52,12.62,1.0,1.0,2.17,4.21,6.0,6.0,13.04,25.23,5.0,5.0,10.87,21.03,4.0,4.0,8.7,16.82,3.0,3.0,6.52,12.62,2.0,2.0,4.35,8.41,7.0,7.0,15.22,29.44,1.0,1.0,2.17,4.21,2.0,2.0,4.35,8.41,2.0,2.0,4.35,8.41,8.0,8.0,17.39,33.64,52.17,41.3,10.87,128.96,5.0,5.0,10.87,8.56,8.56,0.57,0.56,0.54,0.43,0.33,0.09,0.7,0.67,0.56,0.61,2.17,4.35,0.04,17.39,0.15
4,臺北台新戰神,1|4|10|10869,丁聖儒/張兆辰/雷蒙恩/基德,3,15,16.0,224.1,3.74,03:44,74.7,1.25,01:15,3.0,1.0,18.75,28.92,11.0,3.67,68.75,106.02,4.0,1.33,25.0,38.55,1.0,0.33,6.25,9.64,3.0,1.0,18.75,28.92,1.0,0.33,6.25,9.64,1.0,0.33,6.25,9.64,0.0,0.0,0.0,0.0,0.0,0.0,0.0,0.0,0.0,0.0,0.0,0.0,0.0,0.0,0.0,0.0,3.0,1.0,18.75,28.92,0.0,0.0,0.0,0.0,3.0,1.0,18.75,28.92,3.0,1.0,18.75,28.92,0.0,0.0,0.0,0.0,2.0,0.67,12.5,19.28,0.0,0.0,0.0,0.0,2.0,0.67,12.5,19.28,1.0,0.33,6.25,9.64,18.75,68.75,-50.0,102.81,-8.0,-2.67,-50.0,3.74,1.25,0.25,0.38,0.33,0.0,,0.43,0.0,0.0,1.0,0.5,12.5,0.0,0.12,6.25,0.0
4,臺北台新戰神,1|4|10869|10870,丁聖儒/張兆辰/基德/洛夫頓,2,7,8.0,70.22,1.17,01:10,35.11,0.59,00:35,0.0,0.0,0.0,0.0,5.0,2.5,62.5,153.8,2.0,1.0,25.0,61.52,0.0,0.0,0.0,0.0,1.0,0.5,12.5,30.76,0.0,0.0,0.0,0.0,1.0,0.5,12.5,30.76,0.0,0.0,0.0,0.0,0.0,0.0,0.0,0.0,0.0,0.0,0.0,0.0,0.0,0.0,0.0,0.0,2.0,1.0,25.0,61.52,0.0,0.0,0.0,0.0,1.0,0.5,12.5,30.76,1.0,0.5,12.5,30.76,0.0,0.0,0.0,0.0,1.0,0.5,12.5,30.76,0.0,0.0,0.0,0.0,0.0,0.0,0.0,0.0,2.0,1.0,25.0,61.52,0.0,62.5,-62.5,164.05,-5.0,-2.5,-62.5,1.17,0.59,0.0,0.0,0.0,0.0,,0.33,,0.0,1.0,0.67,12.5,0.0,0.0,25.0,0.0
4,臺北台新戰神,1|10|14|10870,丁聖儒/雷蒙恩/錢肯尼/洛夫頓,3,30,36.0,515.71,8.6,08:36,171.9,2.87,02:52,22.0,7.33,61.11,92.15,19.0,6.33,52.78,79.58,16.0,5.33,44.44,67.01,9.0,3.0,25.0,37.7,11.0,3.67,30.56,46.07,7.0,2.33,19.44,29.32,5.0,1.67,13.89,20.94,2.0,0.67,5.56,8.38,0.0,0.0,0.0,0.0,0.0,0.0,0.0,0.0,4.0,1.33,11.11,16.75,3.0,1.0,8.33,12.57,1.0,0.33,2.78,4.19,3.0,1.0,8.33,12.57,3.0,1.0,8.33,12.57,3.0,1.0,8.33,12.57,0.0,0.0,0.0,0.0,1.0,0.33,2.78,4.19,4.0,1.33,11.11,16.75,5.0,1.67,13.89,20.94,61.11,52.78,8.33,100.52,3.0,1.0,8.33,8.6,2.87,0.62,0.69,0.64,0.4,,0.16,0.33,0.57,0.75,0.64,0.0,2.78,0.11,13.89,0.0
4,臺北台新戰神,5|10|14|10868,黃聰翰/雷蒙恩/錢肯尼/齊曼加,4,26,31.0,444.77,7.41,07:25,111.19,1.85,01:51,20.0,5.0,64.52,97.13,16.0,4.0,51.61,77.7,10.0,2.5,32.26,48.56,6.0,1.5,19.35,29.14,6.0,1.5,19.35,29.14,4.0,1.0,12.9,19.43,4.0,1.0,12.9,19.43,2.0,0.5,6.45,9.71,8.0,2.0,25.81,38.85,6.0,1.5,19.35,29.14,2.0,0.5,6.45,9.71,4.0,1.0,12.9,19.43,3.0,0.75,9.68,14.57,5.0,1.25,16.13,24.28,1.0,0.25,3.23,4.86,3.0,0.75,9.68,14.57,1.0,0.25,3.23,4.86,1.0,0.25,3.23,4.86,4.0,1.0,12.9,19.43,1.0,0.25,3.23,4.86,64.52,51.61,12.9,100.37,4.0,1.0,12.9,7.41,1.85,0.7,0.74,0.67,0.5,0.75,0.07,0.5,0.29,0.57,0.43,3.23,3.23,0.13,3.23,0.8
4,臺北台新戰神,5|10|14|10870,黃聰翰/雷蒙恩/錢肯尼/洛夫頓,4,41,54.0,692.63,11.54,11:33,173.16,2.89,02:53,35.0,8.75,64.81,109.15,29.0,7.25,53.7,90.44,19.0,4.75,35.19,59.25,12.0,3.0,22.22,37.42,12.0,3.0,22.22,37.42,8.0,2.0,14.81,24.95,7.0,1.75,12.96,21.83,4.0,1.0,7.41,12.47,8.0,2.0,14.81,24.95,7.0,1.75,12.96,21.83,5.0,1.25,9.26,15.59,3.0,0.75,5.56,9.36,7.0,1.75,12.96,21.83,7.0,1.75,12.96,21.83,2.0,0.5,3.7,6.24,5.0,1.25,9.26,15.59,1.0,0.25,1.85,3.12,1.0,0.25,1.85,3.12,5.0,1.25,9.26,15.59,9.0,2.25,16.67,28.07,64.81,53.7,11.11,112.27,6.0,1.5,11.11,11.54,2.89,0.74,0.78,0.67,0.57,0.88,0.08,0.42,0.42,0.3,0.36,1.85,1.85,0.09,16.67,0.42
4,臺北台新戰神,10|14|10868|10870,雷蒙恩/錢肯尼/齊曼加/洛夫頓,5,123,161.0,2412.72,40.21,40:13,482.54,8.04,08:03,63.0,12.6,39.13,56.4,75.0,15.0,46.58,67.14,60.0,12.0,37.27,53.72,26.0,5.2,16.15,23.28,39.0,7.8,24.22,34.91,20.0,4.0,12.42,17.91,21.0,4.2,13.04,18.8,6.0,1.2,3.73,5.37,9.0,1.8,5.59,8.06,6.0,1.2,3.73,5.37,13.0,2.6,8.07,11.64,23.0,4.6,14.29,20.59,17.0,3.4,10.56,15.22,26.0,5.2,16.15,23.28,14.0,2.8,8.7,12.53,10.0,2.0,6.21,8.95,5.0,1.0,3.11,4.48,2.0,0.4,1.24,1.79,12.0,2.4,7.45,10.74,11.0,2.2,6.83,9.85,39.13,46.58,-7.45,96.09,-12.0,-2.4,-7.45,40.21,8.04,0.48,0.49,0.51,0.29,0.67,0.18,0.38,0.33,0.57,0.46,3.11,1.24,0.07,6.83,0.15
4,臺北台新戰神,1|14|10868|10870,丁聖儒/錢肯尼/齊曼加/洛夫頓,3,46,55.0,700.94,11.68,11:41,233.65,3.89,03:54,32.0,10.67,58.18,98.61,35.0,11.67,63.64,107.85,19.0,6.33,34.55,58.55,12.0,4.0,21.82,36.98,10.0,3.33,18.18,30.82,7.0,2.33,12.73,21.57,9.0,3.0,16.36,27.73,5.0,1.67,9.09,15.41,4.0,1.33,7.27,12.33,3.0,1.0,5.45,9.24,3.0,1.0,5.45,9.24,4.0,1.33,7.27,12.33,4.0,1.33,7.27,12.33,5.0,1.67,9.09,15.41,6.0,2.0,10.91,18.49,8.0,2.67,14.55,24.65,5.0,1.67,9.09,15.41,1.0,0.33,1.82,3.08,3.0,1.0,5.45,9.24,9.0,3.0,16.36,27.73,58.18,63.64,-5.45,112.99,-3.0,-1.0,-5.45,11.68,3.89,0.76,0.77,0.7,0.56,0.75,0.22,0.67,0.38,0.5,0.44,9.09,1.82,0.05,16.36,0.21
4,臺北台新戰神,5|10|14|10869,黃聰翰/雷蒙恩/錢肯尼/基德,7,67,86.0,931.61,15.53,15:32,133.09,2.22,02:13,53.0,7.57,61.63,122.88,38.0,5.43,44.19,88.11,24.0,3.43,27.91,55.65,14.0,2.0,16.28,32.46,13.0,1.86,15.12,30.14,8.0,1.14,9.3,18.55,11.0,1.57,12.79,25.5,6.0,0.86,6.98,13.91,23.0,3.29,26.74,53.33,18.0,2.57,20.93,41.73,7.0,1.0,8.14,16.23,4.0,0.57,4.65,9.27,8.0,1.14,9.3,18.55,10.0,1.43,11.63,23.19,5.0,0.71,5.81,11.59,8.0,1.14,9.3,18.55,3.0,0.43,3.49,6.96,2.0,0.29,2.33,4.64,10.0,1.43,11.63,23.19,7.0,1.0,8.14,16.23,61.63,44.19,17.44,132.93,15.0,2.14,17.44,15.53,2.22,0.71,0.78,0.62,0.55,0.78,0.13,0.57,0.41,0.33,0.38,3.49,2.33,0.12,8.14,0.96
4,臺北台新戰神,5|14|10869|10870,黃聰翰/錢肯尼/基德/洛夫頓,4,42,51.0,593.89,9.9,09:54,148.47,2.47,02:28,25.0,6.25,49.02,90.93,26.0,6.5,50.98,94.56,18.0,4.5,35.29,65.47,8.0,2.0,15.69,29.1,10.0,2.5,19.61,36.37,5.0,1.25,9.8,18.19,8.0,2.0,15.69,29.1,3.0,0.75,5.88,10.91,8.0,2.0,15.69,29.1,6.0,1.5,11.76,21.82,3.0,0.75,5.88,10.91,6.0,1.5,11.76,21.82,4.0,1.0,7.84,14.55,6.0,1.5,11.76,21.82,3.0,0.75,5.88,10.91,5.0,1.25,9.8,18.19,2.0,0.5,3.92,7.27,2.0,0.5,3.92,7.27,4.0,1.0,7.84,14.55,8.0,2.0,15.69,29.1,49.02,50.98,-1.96,123.66,-1.0,-0.25,-1.96,9.9,2.47,0.53,0.58,0.5,0.38,0.75,0.12,0.62,0.33,0.6,0.47,3.92,3.92,0.08,15.69,0.44
4,高雄全家海神,45|110|118|10892,施晉堯/胡瓏貿/蘇文儒/詹姆斯,3,52,61.0,904.49,15.07,15:04,301.5,5.02,05:01,27.0,9.0,44.26,64.48,25.0,8.33,40.98,59.7,19.0,6.33,31.15,45.37,9.0,3.0,14.75,21.49,14.0,4.67,22.95,33.43,7.0,2.33,11.48,16.72,5.0,1.67,8.2,11.94,2.0,0.67,3.28,4.78,9.0,3.0,14.75,21.49,6.0,2.0,9.84,14.33,4.0,1.33,6.56,9.55,10.0,3.33,16.39,23.88,3.0,1.0,4.92,7.16,13.0,4.33,21.31,31.05,5.0,1.67,8.2,11.94,1.0,0.33,1.64,2.39,4.0,1.33,6.56,9.55,0.0,0.0,0.0,0.0,9.0,3.0,14.75,21.49,1.0,0.33,1.64,2.39,44.26,40.98,3.28,97.12,2.0,0.67,3.28,15.07,5.02,0.53,0.59,0.5,0.4,0.67,0.18,0.11,0.24,0.77,0.47,6.56,0.0,0.15,1.64,0.47
4,高雄全家海神,45|110|10892|10893,施晉堯/胡瓏貿/詹姆斯/崔維斯,1,21,26.0,374.72,6.25,06:15,374.72,6.25,06:15,14.0,14.0,53.85,80.7,10.0,10.0,38.46,57.64,13.0,13.0,50.0,74.94,5.0,5.0,19.23,28.82,9.0,9.0,34.62,51.88,3.0,3.0,11.54,17.29,4.0,4.0,15.38,23.06,2.0,2.0,7.69,11.53,2.0,2.0,7.69,11.53,2.0,2.0,7.69,11.53,3.0,3.0,11.54,17.29,5.0,5.0,19.23,28.82,1.0,1.0,3.85,5.76,6.0,6.0,23.08,34.59,0.0,0.0,0.0,0.0,1.0,1.0,3.85,5.76,0.0,0.0,0.0,0.0,0.0,0.0,0.0,0.0,2.0,2.0,7.69,11.53,2.0,2.0,7.69,11.53,53.85,38.46,15.38,99.91,4.0,4.0,15.38,6.25,6.25,0.46,0.5,0.33,0.5,1.0,0.0,0.2,0.33,0.83,0.53,0.0,0.0,0.08,7.69,0.15
4,高雄全家海神,45|118|10892|10893,施晉堯/蘇文儒/詹姆斯/崔維斯,1,14,15.0,286.7,4.78,04:47,286.7,4.78,04:47,14.0,14.0,93.33,105.48,9.0,9.0,60.0,67.81,7.0,7.0,46.67,52.74,5.0,5.0,33.33,37.67,5.0,5.0,33.33,37.67,3.0,3.0,20.0,22.6,2.0,2.0,13.33,15.07,2.0,2.0,13.33,15.07,2.0,2.0,13.33,15.07,2.0,2.0,13.33,15.07,1.0,1.0,6.67,7.53,1.0,1.0,6.67,7.53,0.0,0.0,0.0,0.0,3.0,3.0,20.0,22.6,0.0,0.0,0.0,0.0,1.0,1.0,6.67,7.53,0.0,0.0,0.0,0.0,0.0,0.0,0.0,0.0,2.0,2.0,13.33,15.07,0.0,0.0,0.0,0.0,93.33,60.0,33.33,75.34,5.0,5.0,33.33,4.78,4.78,0.86,0.89,0.6,1.0,1.0,0.0,0.2,0.25,1.0,0.4,0.0,0.0,0.13,0.0,0.29
4,高雄全家海神,110|118|10892|10893,胡瓏貿/蘇文儒/詹姆斯/崔維斯,1,41,52.0,749.72,12.5,12:30,749.72,12.5,12:30,30.0,30.0,57.69,86.43,23.0,23.0,44.23,66.26,18.0,18.0,34.62,51.86,10.0,10.0,19.23,28.81,10.0,10.0,19.23,28.81,7.0,7.0,13.46,20.17,8.0,8.0,15.38,23.05,3.0,3.0,5.77,8.64,9.0,9.0,17.31,25.93,7.0,7.0,13.46,20.17,4.0,4.0,7.69,11.52,5.0,5.0,9.62,14.41,4.0,4.0,7.69,11.52,5.0,5.0,9.62,14.41,2.0,2.0,3.85,5.76,2.0,2.0,3.85,5.76,1.0,1.0,1.92,2.88,0.0,0.0,0.0,0.0,7.0,7.0,13.46,20.17,10.0,10.0,19.23,28.81,57.69,44.23,13.46,99.88,7.0,7.0,13.46,12.5,12.5,0.64,0.68,0.7,0.38,0.78,0.08,0.2,0.44,0.56,0.5,1.92,0.0,0.13,19.23,0.5
4,新北國王,21|24|32|10872,李愷諺/蘇士軒/奧帝/林彥廷,4,27,33.0,518.67,8.64,08:39,129.67,2.16,02:10,13.0,3.25,39.39,54.14,19.0,4.75,57.58,79.13,14.0,3.5,42.42,58.3,4.0,1.0,12.12,16.66,11.0,2.75,33.33,45.81,3.0,0.75,9.09,12.49,3.0,0.75,9.09,12.49,1.0,0.25,3.03,4.16,4.0,1.0,12.12,16.66,2.0,0.5,6.06,8.33,3.0,0.75,9.09,12.49,7.0,1.75,21.21,29.15,3.0,0.75,9.09,12.49,6.0,1.5,18.18,24.99,0.0,0.0,0.0,0.0,1.0,0.25,3.03,4.16,0.0,0.0,0.0,0.0,0.0,0.0,0.0,0.0,5.0,1.25,15.15,20.82,4.0,1.0,12.12,16.66,39.39,57.58,-18.18,91.62,-6.0,-1.5,-18.18,8.64,2.16,0.32,0.41,0.27,0.33,0.5,0.0,0.25,0.33,0.7,0.53,0.0,0.0,0.15,12.12,0.29
4,新北國王,21|24|32|10875,李愷諺/蘇士軒/奧帝/傑登,3,22,26.0,369.28,6.15,06:09,123.09,2.05,02:03,11.0,3.67,42.31,64.34,15.0,5.0,57.69,87.74,12.0,4.0,46.15,70.19,3.0,1.0,11.54,17.55,8.0,2.67,30.77,46.79,2.0,0.67,7.69,11.7,4.0,1.33,15.38,23.4,1.0,0.33,3.85,5.85,2.0,0.67,7.69,11.7,2.0,0.67,7.69,11.7,3.0,1.0,11.54,17.55,6.0,2.0,23.08,35.09,1.0,0.33,3.85,5.85,3.0,1.0,11.54,17.55,1.0,0.33,3.85,5.85,1.0,0.33,3.85,5.85,1.0,0.33,3.85,5.85,0.0,0.0,0.0,0.0,1.0,0.33,3.85,5.85,6.0,2.0,23.08,35.09,42.31,57.69,-15.38,101.39,-4.0,-1.33,-15.38,6.15,2.05,0.29,0.43,0.25,0.25,1.0,0.07,0.33,0.5,0.86,0.69,3.85,0.0,0.04,23.08,0.17
4,新北國王,21|32|10872|10875,李愷諺/奧帝/林彥廷/傑登,3,50,60.0,774.17,12.9,12:54,258.06,4.3,04:18,28.0,9.33,46.67,78.12,24.0,8.0,40.0,66.96,27.0,9.0,45.0,75.33,11.0,3.67,18.33,30.69,19.0,6.33,31.67,53.01,8.0,2.67,13.33,22.32,8.0,2.67,13.33,22.32,3.0,1.0,5.0,8.37,4.0,1.33,6.67,11.16,2.0,0.67,3.33,5.58,5.0,1.67,8.33,13.95,12.0,4.0,20.0,33.48,1.0,0.33,1.67,2.79,9.0,3.0,15.0,25.11,2.0,0.67,3.33,5.58,5.0,1.67,8.33,13.95,2.0,0.67,3.33,5.58,1.0,0.33,1.67,2.79,4.0,1.33,6.67,11.16,7.0,2.33,11.67,19.53,46.67,40.0,6.67,111.6,4.0,1.33,6.67,12.9,4.3,0.46,0.49,0.42,0.38,0.5,0.07,0.45,0.36,0.92,0.63,3.33,1.67,0.07,11.67,0.15
4,新北國王,24|32|10872|10875,蘇士軒/奧帝/林彥廷/傑登,3,22,26.0,411.16,6.85,06:51,137.05,2.28,02:17,9.0,3.0,34.62,47.28,14.0,4.67,53.85,73.55,12.0,4.0,46.15,63.04,3.0,1.0,11.54,15.76,9.0,3.0,34.62,47.28,2.0,0.67,7.69,10.51,3.0,1.0,11.54,15.76,1.0,0.33,3.85,5.25,0.0,0.0,0.0,0.0,0.0,0.0,0.0,0.0,3.0,1.0,11.54,15.76,6.0,2.0,23.08,31.52,1.0,0.33,3.85,5.25,5.0,1.67,19.23,26.27,1.0,0.33,3.85,5.25,1.0,0.33,3.85,5.25,1.0,0.33,3.85,5.25,0.0,0.0,0.0,0.0,2.0,0.67,7.69,10.51,6.0,2.0,23.08,31.52,34.62,53.85,-19.23,91.06,-5.0,-1.67,-19.23,6.85,2.28,0.29,0.38,0.22,0.33,,0.08,0.33,0.38,0.86,0.6,3.85,0.0,0.08,23.08,0.0
4,新北國王,21|22|24|32,李愷諺/簡祐哲/蘇士軒/奧帝,1,4,4.0,92.7,1.55,01:33,92.7,1.55,01:33,4.0,4.0,100.0,93.2,5.0,5.0,125.0,116.5,2.0,2.0,50.0,46.6,2.0,2.0,50.0,46.6,2.0,2.0,50.0,46.6,2.0,2.0,50.0,46.6,0.0,0.0,0.0,0.0,0.0,0.0,0.0,0.0,0.0,0.0,0.0,0.0,0.0,0.0,0.0,0.0,0.0,0.0,0.0,0.0,0.0,0.0,0.0,0.0,0.0,0.0,0.0,0.0,0.0,0.0,0.0,0.0,0.0,0.0,0.0,0.0,0.0,0.0,0.0,0.0,0.0,0.0,0.0,0.0,0.0,0.0,0.0,0.0,1.0,1.0,25.0,23.3,0.0,0.0,0.0,0.0,100.0,125.0,-25.0,62.14,-1.0,-1.0,-25.0,1.55,1.55,1.0,1.0,1.0,,,0.0,0.0,,,,0.0,0.0,0.25,0.0,0.0
4,新北國王,21|22|32|34,李愷諺/簡祐哲/奧帝/沃許本,2,32,39.0,521.46,8.69,08:41,260.73,4.35,04:21,11.0,5.5,28.21,45.56,30.0,15.0,76.92,124.27,10.0,5.0,25.64,41.42,4.0,2.0,10.26,16.57,8.0,4.0,20.51,33.14,4.0,2.0,10.26,16.57,2.0,1.0,5.13,8.28,0.0,0.0,0.0,0.0,5.0,2.5,12.82,20.71,3.0,1.5,7.69,12.43,1.0,0.5,2.56,4.14,5.0,2.5,12.82,20.71,5.0,2.5,12.82,20.71,2.0,1.0,5.13,8.28,4.0,2.0,10.26,16.57,1.0,0.5,2.56,4.14,3.0,1.5,7.69,12.43,1.0,0.5,2.56,4.14,5.0,2.5,12.82,20.71,6.0,3.0,15.38,24.85,28.21,76.92,-48.72,107.7,-19.0,-9.5,-48.72,8.69,4.35,0.4,0.45,0.5,0.0,0.6,0.25,0.25,0.33,0.5,0.46,7.69,2.56,0.13,15.38,0.5
4,新北國王,21|24|32|34,李愷諺/蘇士軒/奧帝/沃許本,1,9,9.0,176.7,2.95,02:57,176.7,2.95,02:57,4.0,4.0,44.44,48.9,9.0,9.0,100.0,110.02,4.0,4.0,44.44,48.9,2.0,2.0,22.22,24.45,3.0,3.0,33.33,36.67,2.0,2.0,22.22,24.45,1.0,1.0,11.11,12.22,0.0,0.0,0.0,0.0,0.0,0.0,0.0,0.0,0.0,0.0,0.0,0.0,0.0,0.0,0.0,0.0,2.0,2.0,22.22,24.45,0.0,0.0,0.0,0.0,1.0,1.0,11.11,12.22,0.0,0.0,0.0,0.0,0.0,0.0,0.0,0.0,0.0,0.0,0.0,0.0,0.0,0.0,0.0,0.0,1.0,1.0,11.11,12.22,4.0,4.0,44.44,48.9,44.44,100.0,-55.56,73.34,-5.0,-5.0,-55.56,2.95,2.95,0.5,0.5,0.67,0.0,,0.0,0.0,0.0,1.0,0.67,0.0,0.0,0.11,44.44,0.0
4,新北國王,22|24|32|34,簡祐哲/蘇士軒/奧帝/沃許本,1,4,4.0,92.7,1.55,01:33,92.7,1.55,01:33,4.0,4.0,100.0,93.2,5.0,5.0,125.0,116.5,2.0,2.0,50.0,46.6,2.0,2.0,50.0,46.6,2.0,2.0,50.0,46.6,2.0,2.0,50.0,46.6,0.0,0.0,0.0,0.0,0.0,0.0,0.0,0.0,0.0,0.0,0.0,0.0,0.0,0.0,0.0,0.0,0.0,0.0,0.0,0.0,0.0,0.0,0.0,0.0,0.0,0.0,0.0,0.0,0.0,0.0,0.0,0.0,0.0,0.0,0.0,0.0,0.0,0.0,0.0,0.0,0.0,0.0,0.0,0.0,0.0,0.0,0.0,0.0,1.0,1.0,25.0,23.3,0.0,0.0,0.0,0.0,100.0,125.0,-25.0,62.14,-1.0,-1.0,-25.0,1.55,1.55,1.0,1.0,1.0,,,0.0,0.0,,,,0.0,0.0,0.25,0.0,0.0
4,高雄全家海神,45|110|10892|10894,施晉堯/胡瓏貿/詹姆斯/凱帝,3,48,58.0,769.83,12.83,12:50,256.61,4.28,04:17,19.0,6.33,32.76,53.31,23.0,7.67,39.66,64.53,14.0,4.67,24.14,39.28,7.0,2.33,12.07,19.64,11.0,3.67,18.97,30.86,7.0,2.33,12.07,19.64,3.0,1.0,5.17,8.42,0.0,0.0,0.0,0.0,7.0,2.33,12.07,19.64,4.0,1.33,6.9,11.22,3.0,1.0,5.17,8.42,7.0,2.33,12.07,19.64,5.0,1.67,8.62,14.03,13.0,4.33,22.41,36.48,8.0,2.67,13.79,22.45,1.0,0.33,1.72,2.81,5.0,1.67,8.62,14.03,0.0,0.0,0.0,0.0,8.0,2.67,13.79,22.45,1.0,0.33,1.72,2.81,32.76,39.66,-6.9,108.49,-4.0,-1.33,-6.9,12.83,4.28,0.5,0.56,0.64,0.0,0.57,0.32,0.14,0.19,0.58,0.36,8.62,0.0,0.14,1.72,0.5
4,高雄全家海神,45|118|10892|10894,施晉堯/蘇文儒/詹姆斯/凱帝,3,34,41.0,541.79,9.03,09:02,180.6,3.01,03:01,13.0,4.33,31.71,51.83,16.0,5.33,39.02,63.79,9.0,3.0,21.95,35.88,4.0,1.33,9.76,15.95,8.0,2.67,19.51,31.89,4.0,1.33,9.76,15.95,1.0,0.33,2.44,3.99,0.0,0.0,0.0,0.0,7.0,2.33,17.07,27.91,4.0,1.33,9.76,15.95,2.0,0.67,4.88,7.97,6.0,2.0,14.63,23.92,3.0,1.0,7.32,11.96,9.0,3.0,21.95,35.88,5.0,1.67,12.2,19.93,0.0,0.0,0.0,0.0,4.0,1.33,9.76,15.95,0.0,0.0,0.0,0.0,7.0,2.33,17.07,27.91,1.0,0.33,2.44,3.99,31.71,39.02,-7.32,108.97,-3.0,-1.0,-7.32,9.03,3.01,0.44,0.54,0.5,0.0,0.57,0.29,0.0,0.18,0.67,0.4,9.76,0.0,0.17,2.44,0.78
4,新北國王,21|22|32|10874,李愷諺/簡祐哲/奧帝/熊祥泰,3,20,24.0,347.37,5.79,05:47,115.79,1.93,01:56,9.0,3.0,37.5,55.96,14.0,4.67,58.33,87.05,7.0,2.33,29.17,43.53,4.0,1.33,16.67,24.87,4.0,1.33,16.67,24.87,3.0,1.0,12.5,18.65,3.0,1.0,12.5,18.65,1.0,0.33,4.17,6.22,0.0,0.0,0.0,0.0,0.0,0.0,0.0,0.0,0.0,0.0,0.0,0.0,2.0,0.67,8.33,12.44,2.0,0.67,8.33,12.44,2.0,0.67,8.33,12.44,3.0,1.0,12.5,18.65,3.0,1.0,12.5,18.65,1.0,0.33,4.17,6.22,1.0,0.33,4.17,6.22,3.0,1.0,12.5,18.65,2.0,0.67,8.33,12.44,37.5,58.33,-20.83,99.49,-5.0,-1.67,-20.83,5.79,1.93,0.64,0.64,0.75,0.33,,0.3,0.75,0.0,0.5,0.33,4.17,4.17,0.12,8.33,0.0
4,新北國王,21|22|34|10874,李愷諺/簡祐哲/沃許本/熊祥泰,2,23,24.0,391.37,6.52,06:31,195.69,3.26,03:16,8.0,4.0,33.33,44.15,18.0,9.0,75.0,99.34,9.0,4.5,37.5,49.67,4.0,2.0,16.67,22.08,7.0,3.5,29.17,38.63,4.0,2.0,16.67,22.08,2.0,1.0,8.33,11.04,0.0,0.0,0.0,0.0,0.0,0.0,0.0,0.0,0.0,0.0,0.0,0.0,0.0,0.0,0.0,0.0,4.0,2.0,16.67,22.08,1.0,0.5,4.17,5.52,4.0,2.0,16.67,22.08,2.0,1.0,8.33,11.04,1.0,0.5,4.17,5.52,1.0,0.5,4.17,5.52,1.0,0.5,4.17,5.52,3.0,1.5,12.5,16.56,2.0,1.0,8.33,11.04,33.33,75.0,-41.67,88.3,-10.0,-5.0,-41.67,6.52,3.26,0.44,0.44,0.57,0.0,,0.18,0.25,0.0,0.8,0.44,4.17,4.17,0.12,8.33,0.0
4,新北國王,21|32|34|10874,李愷諺/奧帝/沃許本/熊祥泰,6,100,119.0,1679.29,27.99,27:59,279.88,4.66,04:40,43.0,7.17,36.13,55.31,51.0,8.5,42.86,65.6,44.0,7.33,36.97,56.6,17.0,2.83,14.29,21.87,24.0,4.0,20.17,30.87,14.0,2.33,11.76,18.01,20.0,3.33,16.81,25.73,3.0,0.5,2.52,3.86,7.0,1.17,5.88,9.0,5.0,0.83,4.2,6.43,5.0,0.83,4.2,6.43,22.0,3.67,18.49,28.3,8.0,1.33,6.72,10.29,19.0,3.17,15.97,24.44,9.0,1.5,7.56,11.58,11.0,1.83,9.24,14.15,5.0,0.83,4.2,6.43,2.0,0.33,1.68,2.57,18.0,3.0,15.13,23.15,12.0,2.0,10.08,15.44,36.13,42.86,-6.72,102.04,-8.0,-1.33,-6.72,27.99,4.66,0.42,0.46,0.58,0.15,0.71,0.16,0.65,0.21,0.73,0.5,4.2,1.68,0.15,10.08,0.16
4,新北國王,22|32|34|10874,簡祐哲/奧帝/沃許本/熊祥泰,3,16,18.0,284.37,4.74,04:44,94.79,1.58,01:35,2.0,0.67,11.11,15.19,15.0,5.0,83.33,113.94,6.0,2.0,33.33,45.57,1.0,0.33,5.56,7.6,4.0,1.33,22.22,30.38,1.0,0.33,5.56,7.6,2.0,0.67,11.11,15.19,0.0,0.0,0.0,0.0,0.0,0.0,0.0,0.0,0.0,0.0,0.0,0.0,0.0,0.0,0.0,0.0,4.0,1.33,22.22,30.38,2.0,0.67,11.11,15.19,2.0,0.67,11.11,15.19,2.0,0.67,11.11,15.19,1.0,0.33,5.56,7.6,1.0,0.33,5.56,7.6,1.0,0.33,5.56,7.6,2.0,0.67,11.11,15.19,2.0,0.67,11.11,15.19,11.11,83.33,-72.22,91.15,-13.0,-4.33,-72.22,4.74,1.58,0.17,0.17,0.25,0.0,,0.25,1.0,0.0,0.67,0.5,5.56,5.56,0.11,11.11,0.0
4,高雄全家海神,45|109|110|10892,施晉堯/于煥亞/胡瓏貿/詹姆斯,2,15,18.0,235.0,3.92,03:55,117.5,1.96,01:57,8.0,4.0,44.44,73.53,9.0,4.5,50.0,82.72,5.0,2.5,27.78,45.96,3.0,1.5,16.67,27.57,4.0,2.0,22.22,36.77,3.0,1.5,16.67,27.57,1.0,0.5,5.56,9.19,0.0,0.0,0.0,0.0,3.0,1.5,16.67,27.57,2.0,1.0,11.11,18.38,1.0,0.5,5.56,9.19,1.0,0.5,5.56,9.19,2.0,1.0,11.11,18.38,2.0,1.0,11.11,18.38,2.0,1.0,11.11,18.38,1.0,0.5,5.56,9.19,1.0,0.5,5.56,9.19,0.0,0.0,0.0,0.0,2.0,1.0,11.11,18.38,2.0,1.0,11.11,18.38,44.44,50.0,-5.56,110.3,-1.0,-0.5,-5.56,3.92,1.96,0.6,0.63,0.75,0.0,0.67,0.24,0.33,0.33,0.33,0.33,5.56,0.0,0.11,11.11,0.6
4,高雄全家海神,45|109|10892|10894,施晉堯/于煥亞/詹姆斯/凱帝,1,6,8.0,77.0,1.28,01:17,77.0,1.28,01:17,2.0,2.0,25.0,56.1,2.0,2.0,25.0,56.1,1.0,1.0,12.5,28.05,1.0,1.0,12.5,28.05,1.0,1.0,12.5,28.05,1.0,1.0,12.5,28.05,0.0,0.0,0.0,0.0,0.0,0.0,0.0,0.0,0.0,0.0,0.0,0.0,0.0,0.0,0.0,0.0,0.0,0.0,0.0,0.0,0.0,0.0,0.0,0.0,2.0,2.0,25.0,56.1,2.0,2.0,25.0,56.1,2.0,2.0,25.0,56.1,0.0,0.0,0.0,0.0,1.0,1.0,12.5,28.05,0.0,0.0,0.0,0.0,1.0,1.0,12.5,28.05,0.0,0.0,0.0,0.0,25.0,25.0,0.0,149.61,0.0,0.0,0.0,1.28,1.28,1.0,1.0,1.0,,,0.67,0.0,0.0,0.0,0.0,12.5,0.0,0.12,0.0,0.0
4,新北國王,22|34|10872|10874,簡祐哲/沃許本/林彥廷/熊祥泰,2,10,13.0,152.0,2.53,02:32,76.0,1.27,01:16,2.0,1.0,15.38,28.42,7.0,3.5,53.85,99.47,7.0,3.5,53.85,99.47,1.0,0.5,7.69,14.21,7.0,3.5,53.85,99.47,1.0,0.5,7.69,14.21,0.0,0.0,0.0,0.0,0.0,0.0,0.0,0.0,0.0,0.0,0.0,0.0,0.0,0.0,0.0,0.0,2.0,1.0,15.38,28.42,4.0,2.0,30.77,56.84,1.0,0.5,7.69,14.21,0.0,0.0,0.0,0.0,0.0,0.0,0.0,0.0,1.0,0.5,7.69,14.21,0.0,0.0,0.0,0.0,0.0,0.0,0.0,0.0,0.0,0.0,0.0,0.0,0.0,0.0,0.0,0.0,15.38,53.85,-38.46,123.16,-5.0,-2.5,-38.46,2.53,1.27,0.14,0.14,0.14,,,0.0,1.0,1.0,0.8,0.86,0.0,0.0,0.0,0.0,0.0
4,新北國王,22|34|10874|10875,簡祐哲/沃許本/熊祥泰/傑登,1,6,8.0,77.0,1.28,01:17,77.0,1.28,01:17,2.0,2.0,25.0,56.1,2.0,2.0,25.0,56.1,5.0,5.0,62.5,140.26,1.0,1.0,12.5,28.05,5.0,5.0,62.5,140.26,1.0,1.0,12.5,28.05,0.0,0.0,0.0,0.0,0.0,0.0,0.0,0.0,0.0,0.0,0.0,0.0,0.0,0.0,0.0,0.0,2.0,2.0,25.0,56.1,2.0,2.0,25.0,56.1,0.0,0.0,0.0,0.0,0.0,0.0,0.0,0.0,0.0,0.0,0.0,0.0,1.0,1.0,12.5,28.05,0.0,0.0,0.0,0.0,0.0,0.0,0.0,0.0,0.0,0.0,0.0,0.0,0.0,0.0,0.0,0.0,25.0,25.0,0.0,149.61,0.0,0.0,0.0,1.28,1.28,0.2,0.2,0.2,,,0.0,1.0,1.0,1.0,1.0,0.0,0.0,0.0,0.0,0.0
4,新北國王,22|10872|10874|10875,簡祐哲/林彥廷/熊祥泰/傑登,4,27,37.0,494.54,8.24,08:15,123.64,2.06,02:04,11.0,2.75,29.73,48.04,13.0,3.25,35.14,56.78,17.0,4.25,45.95,74.25,5.0,1.25,13.51,21.84,12.0,3.0,32.43,52.41,4.0,1.0,10.81,17.47,5.0,1.25,13.51,21.84,1.0,0.25,2.7,4.37,0.0,0.0,0.0,0.0,0.0,0.0,0.0,0.0,6.0,1.5,16.22,26.21,6.0,1.5,16.22,26.21,4.0,1.0,10.81,17.47,3.0,0.75,8.11,13.1,1.0,0.25,2.7,4.37,2.0,0.5,5.41,8.74,1.0,0.25,2.7,4.37,0.0,0.0,0.0,0.0,2.0,0.5,5.41,8.74,5.0,1.25,13.51,21.84,29.73,35.14,-5.41,107.74,-2.0,-0.5,-5.41,8.24,2.06,0.32,0.32,0.33,0.2,,0.06,0.4,0.67,0.6,0.63,2.7,0.0,0.05,13.51,0.0
4,高雄全家海神,109|116|122|10892,于煥亞/呂威霆/陳懷安/詹姆斯,1,5,6.0,93.0,1.55,01:33,93.0,1.55,01:33,5.0,5.0,83.33,116.13,5.0,5.0,83.33,116.13,1.0,1.0,16.67,23.23,1.0,1.0,16.67,23.23,0.0,0.0,0.0,0.0,0.0,0.0,0.0,0.0,1.0,1.0,16.67,23.23,1.0,1.0,16.67,23.23,2.0,2.0,33.33,46.45,2.0,2.0,33.33,46.45,0.0,0.0,0.0,0.0,0.0,0.0,0.0,0.0,1.0,1.0,16.67,23.23,1.0,1.0,16.67,23.23,0.0,0.0,0.0,0.0,0.0,0.0,0.0,0.0,0.0,0.0,0.0,0.0,0.0,0.0,0.0,0.0,2.0,2.0,33.33,46.45,5.0,5.0,83.33,116.13,83.33,83.33,0.0,92.9,0.0,0.0,0.0,1.55,1.55,1.5,1.33,,1.0,1.0,0.0,0.0,0.0,0.0,0.0,0.0,0.0,0.33,83.33,2.0
4,高雄全家海神,109|122|10892|10894,于煥亞/陳懷安/詹姆斯/凱帝,2,32,40.0,504.44,8.41,08:24,252.22,4.2,04:12,13.0,6.5,32.5,55.67,22.0,11.0,55.0,94.2,10.0,5.0,25.0,42.82,5.0,2.5,12.5,21.41,5.0,2.5,12.5,21.41,4.0,2.0,10.0,17.13,5.0,2.5,12.5,21.41,1.0,0.5,2.5,4.28,2.0,1.0,5.0,8.56,2.0,1.0,5.0,8.56,1.0,0.5,2.5,4.28,4.0,2.0,10.0,17.13,6.0,3.0,15.0,25.69,4.0,2.0,10.0,17.13,5.0,2.5,12.5,21.41,1.0,0.5,2.5,4.28,4.0,2.0,10.0,17.13,0.0,0.0,0.0,0.0,4.0,2.0,10.0,17.13,6.0,3.0,15.0,25.69,32.5,55.0,-22.5,114.19,-9.0,-4.5,-22.5,8.41,4.2,0.55,0.6,0.8,0.2,1.0,0.31,0.2,0.2,0.4,0.33,10.0,0.0,0.1,15.0,0.2
4,高雄全家海神,109|118|122|10893,于煥亞/蘇文儒/陳懷安/崔維斯,1,40,49.0,652.78,10.88,10:53,652.78,10.88,10:53,23.0,23.0,46.94,76.1,10.0,10.0,20.41,33.09,14.0,14.0,28.57,46.32,6.0,6.0,12.24,19.85,5.0,5.0,10.2,16.54,3.0,3.0,6.12,9.93,9.0,9.0,18.37,29.78,3.0,3.0,6.12,9.93,8.0,8.0,16.33,26.47,8.0,8.0,16.33,26.47,3.0,3.0,6.12,9.93,5.0,5.0,10.2,16.54,3.0,3.0,6.12,9.93,10.0,10.0,20.41,33.09,8.0,8.0,16.33,26.47,3.0,3.0,6.12,9.93,5.0,5.0,10.2,16.54,0.0,0.0,0.0,0.0,6.0,6.0,12.24,19.85,3.0,3.0,6.12,9.93,46.94,20.41,26.53,108.09,13.0,13.0,26.53,10.88,10.88,0.54,0.66,0.6,0.33,1.0,0.31,0.5,0.23,0.62,0.38,10.2,0.0,0.12,6.12,0.57
4,新北國王,21|24|26|32,李愷諺/蘇士軒/洪志善/奧帝,1,5,5.0,84.0,1.4,01:24,84.0,1.4,01:24,0.0,0.0,0.0,0.0,4.0,4.0,80.0,102.86,2.0,2.0,40.0,51.43,0.0,0.0,0.0,0.0,1.0,1.0,20.0,25.71,0.0,0.0,0.0,0.0,1.0,1.0,20.0,25.71,0.0,0.0,0.0,0.0,0.0,0.0,0.0,0.0,0.0,0.0,0.0,0.0,0.0,0.0,0.0,0.0,2.0,2.0,40.0,51.43,0.0,0.0,0.0,0.0,1.0,1.0,20.0,25.71,0.0,0.0,0.0,0.0,0.0,0.0,0.0,0.0,0.0,0.0,0.0,0.0,0.0,0.0,0.0,0.0,0.0,0.0,0.0,0.0,4.0,4.0,80.0,102.86,0.0,80.0,-80.0,85.71,-4.0,-4.0,-80.0,1.4,1.4,0.0,0.0,0.0,0.0,,0.0,,0.0,1.0,0.67,0.0,0.0,0.0,80.0,0.0
4,新北國王,21|26|32|34,李愷諺/洪志善/奧帝/沃許本,1,19,22.0,292.4,4.87,04:52,292.4,4.87,04:52,5.0,5.0,22.73,36.94,10.0,10.0,45.45,73.87,5.0,5.0,22.73,36.94,1.0,1.0,4.55,7.39,4.0,4.0,18.18,29.55,1.0,1.0,4.55,7.39,1.0,1.0,4.55,7.39,0.0,0.0,0.0,0.0,3.0,3.0,13.64,22.16,3.0,3.0,13.64,22.16,0.0,0.0,0.0,0.0,4.0,4.0,18.18,29.55,2.0,2.0,9.09,14.77,2.0,2.0,9.09,14.77,2.0,2.0,9.09,14.77,0.0,0.0,0.0,0.0,1.0,1.0,4.55,7.39,1.0,1.0,4.55,7.39,3.0,3.0,13.64,22.16,10.0,10.0,45.45,73.87,22.73,45.45,-22.73,108.35,-5.0,-5.0,-22.73,4.87,4.87,0.2,0.4,0.25,0.0,1.0,0.24,0.0,0.0,0.67,0.5,4.55,4.55,0.14,45.45,0.6
4,新北國王,24|26|32|34,蘇士軒/洪志善/奧帝/沃許本,1,5,5.0,84.0,1.4,01:24,84.0,1.4,01:24,0.0,0.0,0.0,0.0,4.0,4.0,80.0,102.86,2.0,2.0,40.0,51.43,0.0,0.0,0.0,0.0,1.0,1.0,20.0,25.71,0.0,0.0,0.0,0.0,1.0,1.0,20.0,25.71,0.0,0.0,0.0,0.0,0.0,0.0,0.0,0.0,0.0,0.0,0.0,0.0,0.0,0.0,0.0,0.0,2.0,2.0,40.0,51.43,0.0,0.0,0.0,0.0,1.0,1.0,20.0,25.71,0.0,0.0,0.0,0.0,0.0,0.0,0.0,0.0,0.0,0.0,0.0,0.0,0.0,0.0,0.0,0.0,0.0,0.0,0.0,0.0,4.0,4.0,80.0,102.86,0.0,80.0,-80.0,85.71,-4.0,-4.0,-80.0,1.4,1.4,0.0,0.0,0.0,0.0,,0.0,,0.0,1.0,0.67,0.0,0.0,0.0,80.0,0.0
4,新北國王,21|23|24|26,李愷諺/王柏智/蘇士軒/洪志善,1,1,1.0,11.0,0.18,00:11,11.0,0.18,00:11,2.0,2.0,200.0,392.73,0.0,0.0,0.0,0.0,0.0,0.0,0.0,0.0,0.0,0.0,0.0,0.0,0.0,0.0,0.0,0.0,0.0,0.0,0.0,0.0,0.0,0.0,0.0,0.0,0.0,0.0,0.0,0.0,2.0,2.0,200.0,392.73,2.0,2.0,200.0,392.73,0.0,0.0,0.0,0.0,0.0,0.0,0.0,0.0,0.0,0.0,0.0,0.0,0.0,0.0,0.0,0.0,0.0,0.0,0.0,0.0,0.0,0.0,0.0,0.0,0.0,0.0,0.0,0.0,0.0,0.0,0.0,0.0,1.0,1.0,100.0,196.36,0.0,0.0,0.0,0.0,200.0,0.0,200.0,130.91,2.0,2.0,200.0,0.18,0.18,,1.14,,,1.0,0.0,,,,,0.0,0.0,1.0,0.0,
4,新北國王,21|23|24|10875,李愷諺/王柏智/蘇士軒/傑登,1,1,1.0,11.0,0.18,00:11,11.0,0.18,00:11,2.0,2.0,200.0,392.73,0.0,0.0,0.0,0.0,0.0,0.0,0.0,0.0,0.0,0.0,0.0,0.0,0.0,0.0,0.0,0.0,0.0,0.0,0.0,0.0,0.0,0.0,0.0,0.0,0.0,0.0,0.0,0.0,2.0,2.0,200.0,392.73,2.0,2.0,200.0,392.73,0.0,0.0,0.0,0.0,0.0,0.0,0.0,0.0,0.0,0.0,0.0,0.0,0.0,0.0,0.0,0.0,0.0,0.0,0.0,0.0,0.0,0.0,0.0,0.0,0.0,0.0,0.0,0.0,0.0,0.0,0.0,0.0,1.0,1.0,100.0,196.36,0.0,0.0,0.0,0.0,200.0,0.0,200.0,130.91,2.0,2.0,200.0,0.18,0.18,,1.14,,,1.0,0.0,,,,,0.0,0.0,1.0,0.0,
4,新北國王,21|23|26|10875,李愷諺/王柏智/洪志善/傑登,1,1,1.0,11.0,0.18,00:11,11.0,0.18,00:11,2.0,2.0,200.0,392.73,0.0,0.0,0.0,0.0,0.0,0.0,0.0,0.0,0.0,0.0,0.0,0.0,0.0,0.0,0.0,0.0,0.0,0.0,0.0,0.0,0.0,0.0,0.0,0.0,0.0,0.0,0.0,0.0,2.0,2.0,200.0,392.73,2.0,2.0,200.0,392.73,0.0,0.0,0.0,0.0,0.0,0.0,0.0,0.0,0.0,0.0,0.0,0.0,0.0,0.0,0.0,0.0,0.0,0.0,0.0,0.0,0.0,0.0,0.0,0.0,0.0,0.0,0.0,0.0,0.0,0.0,0.0,0.0,1.0,1.0,100.0,196.36,0.0,0.0,0.0,0.0,200.0,0.0,200.0,130.91,2.0,2.0,200.0,0.18,0.18,,1.14,,,1.0,0.0,,,,,0.0,0.0,1.0,0.0,
4,新北國王,23|24|26|10875,王柏智/蘇士軒/洪志善/傑登,1,1,1.0,11.0,0.18,00:11,11.0,0.18,00:11,2.0,2.0,200.0,392.73,0.0,0.0,0.0,0.0,0.0,0.0,0.0,0.0,0.0,0.0,0.0,0.0,0.0,0.0,0.0,0.0,0.0,0.0,0.0,0.0,0.0,0.0,0.0,0.0,0.0,0.0,0.0,0.0,2.0,2.0,200.0,392.73,2.0,2.0,200.0,392.73,0.0,0.0,0.0,0.0,0.0,0.0,0.0,0.0,0.0,0.0,0.0,0.0,0.0,0.0,0.0,0.0,0.0,0.0,0.0,0.0,0.0,0.0,0.0,0.0,0.0,0.0,0.0,0.0,0.0,0.0,0.0,0.0,1.0,1.0,100.0,196.36,0.0,0.0,0.0,0.0,200.0,0.0,200.0,130.91,2.0,2.0,200.0,0.18,0.18,,1.14,,,1.0,0.0,,,,,0.0,0.0,1.0,0.0,
4,新北國王,21|22|24|26,李愷諺/簡祐哲/蘇士軒/洪志善,1,5,6.0,84.52,1.41,01:25,84.52,1.41,01:25,0.0,0.0,0.0,0.0,5.0,5.0,83.33,127.78,2.0,2.0,33.33,51.11,0.0,0.0,0.0,0.0,0.0,0.0,0.0,0.0,0.0,0.0,0.0,0.0,2.0,2.0,33.33,51.11,0.0,0.0,0.0,0.0,0.0,0.0,0.0,0.0,0.0,0.0,0.0,0.0,0.0,0.0,0.0,0.0,1.0,1.0,16.67,25.56,0.0,0.0,0.0,0.0,0.0,0.0,0.0,0.0,1.0,1.0,16.67,25.56,0.0,0.0,0.0,0.0,1.0,1.0,16.67,25.56,0.0,0.0,0.0,0.0,0.0,0.0,0.0,0.0,2.0,2.0,33.33,51.11,0.0,83.33,-83.33,102.23,-5.0,-5.0,-83.33,1.41,1.41,0.0,0.0,,0.0,,0.33,,,1.0,1.0,16.67,0.0,0.0,33.33,0.0
4,新北國王,22|24|26|10875,簡祐哲/蘇士軒/洪志善/傑登,1,5,6.0,84.52,1.41,01:25,84.52,1.41,01:25,0.0,0.0,0.0,0.0,5.0,5.0,83.33,127.78,2.0,2.0,33.33,51.11,0.0,0.0,0.0,0.0,0.0,0.0,0.0,0.0,0.0,0.0,0.0,0.0,2.0,2.0,33.33,51.11,0.0,0.0,0.0,0.0,0.0,0.0,0.0,0.0,0.0,0.0,0.0,0.0,0.0,0.0,0.0,0.0,1.0,1.0,16.67,25.56,0.0,0.0,0.0,0.0,0.0,0.0,0.0,0.0,1.0,1.0,16.67,25.56,0.0,0.0,0.0,0.0,1.0,1.0,16.67,25.56,0.0,0.0,0.0,0.0,0.0,0.0,0.0,0.0,2.0,2.0,33.33,51.11,0.0,83.33,-83.33,102.23,-5.0,-5.0,-83.33,1.41,1.41,0.0,0.0,,0.0,,0.33,,,1.0,1.0,16.67,0.0,0.0,33.33,0.0
4,高雄全家海神,45|110|121|10892,施晉堯/胡瓏貿/吳曉謹/詹姆斯,1,15,20.0,239.06,3.98,03:59,239.06,3.98,03:59,4.0,4.0,20.0,36.14,6.0,6.0,30.0,54.21,10.0,10.0,50.0,90.35,2.0,2.0,10.0,18.07,6.0,6.0,30.0,54.21,2.0,2.0,10.0,18.07,4.0,4.0,20.0,36.14,0.0,0.0,0.0,0.0,0.0,0.0,0.0,0.0,0.0,0.0,0.0,0.0,3.0,3.0,15.0,27.11,5.0,5.0,25.0,45.18,1.0,1.0,5.0,9.04,5.0,5.0,25.0,45.18,1.0,1.0,5.0,9.04,1.0,1.0,5.0,9.04,0.0,0.0,0.0,0.0,0.0,0.0,0.0,0.0,0.0,0.0,0.0,0.0,2.0,2.0,10.0,18.07,20.0,30.0,-10.0,120.47,-2.0,-2.0,-10.0,3.98,3.98,0.2,0.2,0.33,0.0,,0.09,0.5,0.38,0.83,0.57,0.0,0.0,0.0,10.0,0.0
4,高雄全家海神,45|121|10892|10893,施晉堯/吳曉謹/詹姆斯/崔維斯,1,7,11.0,88.02,1.47,01:28,88.02,1.47,01:28,0.0,0.0,0.0,0.0,1.0,1.0,9.09,24.54,6.0,6.0,54.55,147.24,0.0,0.0,0.0,0.0,4.0,4.0,36.36,98.16,0.0,0.0,0.0,0.0,2.0,2.0,18.18,49.08,0.0,0.0,0.0,0.0,0.0,0.0,0.0,0.0,0.0,0.0,0.0,0.0,2.0,2.0,18.18,49.08,4.0,4.0,36.36,98.16,1.0,1.0,9.09,24.54,3.0,3.0,27.27,73.62,0.0,0.0,0.0,0.0,0.0,0.0,0.0,0.0,0.0,0.0,0.0,0.0,0.0,0.0,0.0,0.0,0.0,0.0,0.0,0.0,2.0,2.0,18.18,49.08,0.0,9.09,-9.09,179.96,-1.0,-1.0,-9.09,1.47,1.47,0.0,0.0,0.0,0.0,,0.0,,0.4,0.8,0.6,0.0,0.0,0.0,18.18,0.0
4,高雄全家海神,110|121|10892|10893,胡瓏貿/吳曉謹/詹姆斯/崔維斯,1,7,11.0,88.02,1.47,01:28,88.02,1.47,01:28,0.0,0.0,0.0,0.0,1.0,1.0,9.09,24.54,6.0,6.0,54.55,147.24,0.0,0.0,0.0,0.0,4.0,4.0,36.36,98.16,0.0,0.0,0.0,0.0,2.0,2.0,18.18,49.08,0.0,0.0,0.0,0.0,0.0,0.0,0.0,0.0,0.0,0.0,0.0,0.0,2.0,2.0,18.18,49.08,4.0,4.0,36.36,98.16,1.0,1.0,9.09,24.54,3.0,3.0,27.27,73.62,0.0,0.0,0.0,0.0,0.0,0.0,0.0,0.0,0.0,0.0,0.0,0.0,0.0,0.0,0.0,0.0,0.0,0.0,0.0,0.0,2.0,2.0,18.18,49.08,0.0,9.09,-9.09,179.96,-1.0,-1.0,-9.09,1.47,1.47,0.0,0.0,0.0,0.0,,0.0,,0.4,0.8,0.6,0.0,0.0,0.0,18.18,0.0
4,高雄全家海神,45|121|10892|10894,施晉堯/吳曉謹/詹姆斯/凱帝,1,8,9.0,151.04,2.52,02:31,151.04,2.52,02:31,4.0,4.0,44.44,57.2,5.0,5.0,55.56,71.5,4.0,4.0,44.44,57.2,2.0,2.0,22.22,28.6,2.0,2.0,22.22,28.6,2.0,2.0,22.22,28.6,2.0,2.0,22.22,28.6,0.0,0.0,0.0,0.0,0.0,0.0,0.0,0.0,0.0,0.0,0.0,0.0,1.0,1.0,11.11,14.3,1.0,1.0,11.11,14.3,0.0,0.0,0.0,0.0,2.0,2.0,22.22,28.6,1.0,1.0,11.11,14.3,1.0,1.0,11.11,14.3,0.0,0.0,0.0,0.0,0.0,0.0,0.0,0.0,0.0,0.0,0.0,0.0,0.0,0.0,0.0,0.0,44.44,55.56,-11.11,85.81,-1.0,-1.0,-11.11,2.52,2.52,0.5,0.5,1.0,0.0,,0.2,0.5,0.33,1.0,0.5,0.0,0.0,0.0,0.0,0.0
4,新北國王,21|32|34|10872,李愷諺/奧帝/沃許本/林彥廷,7,112,134.0,1840.8,30.68,30:41,262.97,4.38,04:23,47.0,6.71,35.07,55.15,59.0,8.43,44.03,69.23,46.0,6.57,34.33,53.98,13.0,1.86,9.7,15.25,20.0,2.86,14.93,23.47,9.0,1.29,6.72,10.56,26.0,3.71,19.4,30.51,4.0,0.57,2.99,4.69,21.0,3.0,15.67,24.64,17.0,2.43,12.69,19.95,4.0,0.57,2.99,4.69,30.0,4.29,22.39,35.2,11.0,1.57,8.21,12.91,23.0,3.29,17.16,26.99,8.0,1.14,5.97,9.39,13.0,1.86,9.7,15.25,6.0,0.86,4.48,7.04,2.0,0.29,1.49,2.35,19.0,2.71,14.18,22.29,12.0,1.71,8.96,14.08,35.07,44.03,-8.96,104.82,-12.0,-1.71,-8.96,30.68,4.38,0.33,0.43,0.45,0.15,0.81,0.13,1.0,0.15,0.73,0.5,4.48,1.49,0.14,8.96,0.46
4,新北國王,21|32|10872|10874,李愷諺/奧帝/林彥廷/熊祥泰,7,101,116.0,1638.39,27.31,27:18,234.06,3.9,03:54,41.0,5.86,35.34,54.05,51.0,7.29,43.97,67.24,48.0,6.86,41.38,63.28,16.0,2.29,13.79,21.09,27.0,3.86,23.28,35.6,13.0,1.86,11.21,17.14,21.0,3.0,18.1,27.69,3.0,0.43,2.59,3.96,5.0,0.71,4.31,6.59,3.0,0.43,2.59,3.96,5.0,0.71,4.31,6.59,27.0,3.86,23.28,35.6,5.0,0.71,4.31,6.59,17.0,2.43,14.66,22.41,5.0,0.71,4.31,6.59,10.0,1.43,8.62,13.18,3.0,0.43,2.59,3.96,5.0,0.71,4.31,6.59,12.0,1.71,10.34,15.82,13.0,1.86,11.21,17.14,35.34,43.97,-8.62,101.95,-10.0,-1.43,-8.62,27.31,3.9,0.36,0.41,0.48,0.14,0.6,0.09,0.62,0.23,0.84,0.59,2.59,4.31,0.1,11.21,0.1
4,新北國王,32|34|10872|10874,奧帝/沃許本/林彥廷/熊祥泰,8,129,152.0,2074.94,34.58,34:35,259.37,4.32,04:19,46.0,5.75,30.26,47.89,53.0,6.62,34.87,55.17,57.0,7.12,37.5,59.34,19.0,2.38,12.5,19.78,30.0,3.75,19.74,31.23,15.0,1.88,9.87,15.61,27.0,3.38,17.76,28.11,4.0,0.5,2.63,4.16,11.0,1.38,7.24,11.45,7.0,0.88,4.61,7.29,6.0,0.75,3.95,6.25,33.0,4.12,21.71,34.35,14.0,1.75,9.21,14.57,28.0,3.5,18.42,29.15,12.0,1.5,7.89,12.49,12.0,1.5,7.89,12.49,5.0,0.62,3.29,5.2,1.0,0.12,0.66,1.04,18.0,2.25,11.84,18.74,16.0,2.0,10.53,16.66,30.26,34.87,-4.61,105.49,-7.0,-0.88,-4.61,34.58,4.32,0.37,0.37,0.5,0.15,0.64,0.16,0.63,0.18,0.7,0.48,3.29,0.66,0.12,10.53,0.19
4,新北國王,22|26|32|34,簡祐哲/洪志善/奧帝/沃許本,1,10,13.0,153.9,2.56,02:34,153.9,2.56,02:34,3.0,3.0,23.08,42.11,11.0,11.0,84.62,154.39,2.0,2.0,15.38,28.07,1.0,1.0,7.69,14.04,2.0,2.0,15.38,28.07,1.0,1.0,7.69,14.04,0.0,0.0,0.0,0.0,0.0,0.0,0.0,0.0,1.0,1.0,7.69,14.04,1.0,1.0,7.69,14.04,0.0,0.0,0.0,0.0,1.0,1.0,7.69,14.04,2.0,2.0,15.38,28.07,0.0,0.0,0.0,0.0,1.0,1.0,7.69,14.04,0.0,0.0,0.0,0.0,1.0,1.0,7.69,14.04,0.0,0.0,0.0,0.0,2.0,2.0,15.38,28.07,4.0,4.0,30.77,56.14,23.08,84.62,-61.54,121.64,-8.0,-8.0,-61.54,2.56,2.56,0.5,0.61,0.5,,1.0,0.29,0.0,,0.33,0.33,7.69,0.0,0.15,30.77,0.5
4,新北國王,22|26|32|10872,簡祐哲/洪志善/奧帝/林彥廷,1,23,28.0,417.81,6.96,06:58,417.81,6.96,06:58,14.0,14.0,50.0,72.38,16.0,16.0,57.14,82.72,12.0,12.0,42.86,62.04,7.0,7.0,25.0,36.19,10.0,10.0,35.71,51.7,7.0,7.0,25.0,36.19,2.0,2.0,7.14,10.34,0.0,0.0,0.0,0.0,2.0,2.0,7.14,10.34,1.0,1.0,3.57,5.17,3.0,3.0,10.71,15.51,3.0,3.0,10.71,15.51,1.0,1.0,3.57,5.17,5.0,5.0,17.86,25.85,1.0,1.0,3.57,5.17,1.0,1.0,3.57,5.17,1.0,1.0,3.57,5.17,0.0,0.0,0.0,0.0,2.0,2.0,7.14,10.34,6.0,6.0,21.43,31.02,50.0,57.14,-7.14,96.5,-2.0,-2.0,-7.14,6.96,6.96,0.58,0.54,0.7,0.0,0.5,0.07,0.14,0.38,0.75,0.5,3.57,0.0,0.07,21.43,0.17
4,新北國王,22|32|34|10872,簡祐哲/奧帝/沃許本/林彥廷,3,10,13.0,183.51,3.06,03:04,61.17,1.02,01:01,6.0,2.0,46.15,70.62,12.0,4.0,92.31,141.25,4.0,1.33,30.77,47.08,2.0,0.67,15.38,23.54,4.0,1.33,30.77,47.08,2.0,0.67,15.38,23.54,0.0,0.0,0.0,0.0,0.0,0.0,0.0,0.0,2.0,0.67,15.38,23.54,2.0,0.67,15.38,23.54,0.0,0.0,0.0,0.0,2.0,0.67,15.38,23.54,3.0,1.0,23.08,35.31,0.0,0.0,0.0,0.0,0.0,0.0,0.0,0.0,0.0,0.0,0.0,0.0,0.0,0.0,0.0,0.0,0.0,0.0,0.0,0.0,0.0,0.0,0.0,0.0,0.0,0.0,0.0,0.0,46.15,92.31,-46.15,102.01,-6.0,-2.0,-46.15,3.06,1.02,0.5,0.61,0.5,,1.0,0.0,0.0,,0.4,0.4,0.0,0.0,0.0,0.0,0.5
4,新北國王,26|32|34|10872,洪志善/奧帝/沃許本/林彥廷,1,4,5.0,98.97,1.65,01:39,98.97,1.65,01:39,4.0,4.0,80.0,87.3,5.0,5.0,100.0,109.13,1.0,1.0,20.0,21.83,1.0,1.0,20.0,21.83,1.0,1.0,20.0,21.83,1.0,1.0,20.0,21.83,0.0,0.0,0.0,0.0,0.0,0.0,0.0,0.0,2.0,2.0,40.0,43.65,2.0,2.0,40.0,43.65,0.0,0.0,0.0,0.0,0.0,0.0,0.0,0.0,1.0,1.0,20.0,21.83,0.0,0.0,0.0,0.0,0.0,0.0,0.0,0.0,0.0,0.0,0.0,0.0,0.0,0.0,0.0,0.0,0.0,0.0,0.0,0.0,1.0,1.0,20.0,21.83,0.0,0.0,0.0,0.0,80.0,100.0,-20.0,72.75,-1.0,-1.0,-20.0,1.65,1.65,1.0,1.06,1.0,,1.0,0.0,0.0,,0.0,0.0,0.0,0.0,0.2,0.0,2.0
4,高雄全家海神,109|110|118|10893,于煥亞/胡瓏貿/蘇文儒/崔維斯,2,35,45.0,551.26,9.19,09:11,275.63,4.59,04:36,21.0,10.5,46.67,82.28,18.0,9.0,40.0,70.53,13.0,6.5,28.89,50.94,6.0,3.0,13.33,23.51,5.0,2.5,11.11,19.59,4.0,2.0,8.89,15.67,8.0,4.0,17.78,31.35,2.0,1.0,4.44,7.84,9.0,4.5,20.0,35.26,7.0,3.5,15.56,27.43,3.0,1.5,6.67,11.75,5.0,2.5,11.11,19.59,4.0,2.0,8.89,15.67,4.0,2.0,8.89,15.67,3.0,1.5,6.67,11.75,2.0,1.0,4.44,7.84,2.0,1.0,4.44,7.84,0.0,0.0,0.0,0.0,5.0,2.5,11.11,19.59,12.0,6.0,26.67,47.02,46.67,40.0,6.67,117.55,3.0,1.5,6.67,9.19,4.59,0.54,0.62,0.8,0.25,0.78,0.15,0.33,0.43,0.56,0.5,4.44,0.0,0.11,26.67,0.69
4,高雄全家海神,109|110|10892|10893,于煥亞/胡瓏貿/詹姆斯/崔維斯,1,27,37.0,463.02,7.72,07:43,463.02,7.72,07:43,16.0,16.0,43.24,74.64,14.0,14.0,37.84,65.31,11.0,11.0,29.73,51.31,5.0,5.0,13.51,23.32,5.0,5.0,13.51,23.32,4.0,4.0,10.81,18.66,6.0,6.0,16.22,27.99,1.0,1.0,2.7,4.66,7.0,7.0,18.92,32.65,5.0,5.0,13.51,23.32,3.0,3.0,8.11,13.99,4.0,4.0,10.81,18.66,4.0,4.0,10.81,18.66,2.0,2.0,5.41,9.33,2.0,2.0,5.41,9.33,1.0,1.0,2.7,4.66,1.0,1.0,2.7,4.66,0.0,0.0,0.0,0.0,5.0,5.0,13.51,23.32,10.0,10.0,27.03,46.65,43.24,37.84,5.41,115.07,2.0,2.0,5.41,7.72,7.72,0.5,0.57,0.8,0.17,0.71,0.12,0.2,0.6,0.5,0.54,2.7,0.0,0.14,27.03,0.64
4,高雄全家海神,109|118|10892|10893,于煥亞/蘇文儒/詹姆斯/崔維斯,1,27,37.0,463.02,7.72,07:43,463.02,7.72,07:43,16.0,16.0,43.24,74.64,14.0,14.0,37.84,65.31,11.0,11.0,29.73,51.31,5.0,5.0,13.51,23.32,5.0,5.0,13.51,23.32,4.0,4.0,10.81,18.66,6.0,6.0,16.22,27.99,1.0,1.0,2.7,4.66,7.0,7.0,18.92,32.65,5.0,5.0,13.51,23.32,3.0,3.0,8.11,13.99,4.0,4.0,10.81,18.66,4.0,4.0,10.81,18.66,2.0,2.0,5.41,9.33,2.0,2.0,5.41,9.33,1.0,1.0,2.7,4.66,1.0,1.0,2.7,4.66,0.0,0.0,0.0,0.0,5.0,5.0,13.51,23.32,10.0,10.0,27.03,46.65,43.24,37.84,5.41,115.07,2.0,2.0,5.41,7.72,7.72,0.5,0.57,0.8,0.17,0.71,0.12,0.2,0.6,0.5,0.54,2.7,0.0,0.14,27.03,0.64
4,新北國王,21|22|32|10872,李愷諺/簡祐哲/奧帝/林彥廷,3,30,41.0,442.89,7.38,07:23,147.63,2.46,02:28,20.0,6.67,48.78,97.54,19.0,6.33,46.34,92.66,16.0,5.33,39.02,78.03,7.0,2.33,17.07,34.14,10.0,3.33,24.39,48.77,6.0,2.0,14.63,29.26,6.0,2.0,14.63,29.26,1.0,0.33,2.44,4.88,8.0,2.67,19.51,39.02,5.0,1.67,12.2,24.39,4.0,1.33,9.76,19.51,5.0,1.67,12.2,24.39,3.0,1.0,7.32,14.63,5.0,1.67,12.2,24.39,1.0,0.33,2.44,4.88,3.0,1.0,7.32,14.63,1.0,0.33,2.44,4.88,0.0,0.0,0.0,0.0,3.0,1.0,7.32,14.63,7.0,2.33,17.07,34.14,48.78,46.34,2.44,133.31,1.0,0.33,2.44,7.38,2.46,0.47,0.51,0.6,0.17,0.62,0.05,0.43,0.44,0.62,0.53,2.44,0.0,0.07,17.07,0.5
4,新北國王,21|22|32|10875,李愷諺/簡祐哲/奧帝/傑登,1,14,19.0,204.0,3.4,03:24,204.0,3.4,03:24,6.0,6.0,31.58,63.53,7.0,7.0,36.84,74.12,10.0,10.0,52.63,105.88,3.0,3.0,15.79,31.76,7.0,7.0,36.84,74.12,3.0,3.0,15.79,31.76,3.0,3.0,15.79,31.76,0.0,0.0,0.0,0.0,0.0,0.0,0.0,0.0,0.0,0.0,0.0,0.0,3.0,3.0,15.79,31.76,4.0,4.0,21.05,42.35,0.0,0.0,0.0,0.0,3.0,3.0,15.79,31.76,1.0,1.0,5.26,10.59,0.0,0.0,0.0,0.0,1.0,1.0,5.26,10.59,0.0,0.0,0.0,0.0,1.0,1.0,5.26,10.59,1.0,1.0,5.26,10.59,31.58,36.84,-5.26,134.12,-1.0,-1.0,-5.26,3.4,3.4,0.3,0.3,0.43,0.0,,0.09,0.0,0.5,1.0,0.7,5.26,0.0,0.05,5.26,0.0
4,新北國王,22|32|10872|10875,簡祐哲/奧帝/林彥廷/傑登,4,50,63.0,788.58,13.14,13:09,197.15,3.29,03:17,27.0,6.75,42.86,73.96,31.0,7.75,49.21,84.91,29.0,7.25,46.03,79.43,13.0,3.25,20.63,35.61,21.0,5.25,33.33,57.52,12.0,3.0,19.05,32.87,8.0,2.0,12.7,21.91,1.0,0.25,1.59,2.74,2.0,0.5,3.17,5.48,1.0,0.25,1.59,2.74,9.0,2.25,14.29,24.65,8.0,2.0,12.7,21.91,1.0,0.25,1.59,2.74,9.0,2.25,14.29,24.65,2.0,0.5,3.17,5.48,2.0,0.5,3.17,5.48,2.0,0.5,3.17,5.48,0.0,0.0,0.0,0.0,5.0,1.25,7.94,13.7,15.0,3.75,23.81,41.09,42.86,49.21,-6.35,115.04,-4.0,-1.0,-6.35,13.14,3.29,0.47,0.45,0.57,0.12,0.5,0.06,0.15,0.5,0.89,0.63,3.17,0.0,0.08,23.81,0.07
4,新北國王,21|22|26|32,李愷諺/簡祐哲/洪志善/奧帝,1,7,9.0,87.41,1.46,01:27,87.41,1.46,01:27,1.0,1.0,11.11,24.71,6.0,6.0,66.67,148.27,1.0,1.0,11.11,24.71,0.0,0.0,0.0,0.0,1.0,1.0,11.11,24.71,0.0,0.0,0.0,0.0,0.0,0.0,0.0,0.0,0.0,0.0,0.0,0.0,1.0,1.0,11.11,24.71,1.0,1.0,11.11,24.71,0.0,0.0,0.0,0.0,1.0,1.0,11.11,24.71,1.0,1.0,11.11,24.71,0.0,0.0,0.0,0.0,1.0,1.0,11.11,24.71,0.0,0.0,0.0,0.0,1.0,1.0,11.11,24.71,0.0,0.0,0.0,0.0,2.0,2.0,22.22,49.42,4.0,4.0,44.44,98.85,11.11,66.67,-55.56,148.27,-5.0,-5.0,-55.56,1.46,1.46,0.0,0.35,0.0,,1.0,0.41,,,0.5,0.5,11.11,0.0,0.22,44.44,1.0
4,新北國王,21|26|32|10874,李愷諺/洪志善/奧帝/熊祥泰,1,6,7.0,88.52,1.48,01:29,88.52,1.48,01:29,2.0,2.0,28.57,48.8,0.0,0.0,0.0,0.0,2.0,2.0,28.57,48.8,1.0,1.0,14.29,24.4,2.0,2.0,28.57,48.8,1.0,1.0,14.29,24.4,0.0,0.0,0.0,0.0,0.0,0.0,0.0,0.0,0.0,0.0,0.0,0.0,0.0,0.0,0.0,0.0,0.0,0.0,0.0,0.0,1.0,1.0,14.29,24.4,1.0,1.0,14.29,24.4,1.0,1.0,14.29,24.4,1.0,1.0,14.29,24.4,0.0,0.0,0.0,0.0,0.0,0.0,0.0,0.0,1.0,1.0,14.29,24.4,0.0,0.0,0.0,0.0,2.0,2.0,28.57,48.8,28.57,0.0,28.57,113.87,2.0,2.0,28.57,1.48,1.48,0.5,0.5,0.5,,,0.33,0.0,0.0,0.5,0.33,0.0,14.29,0.0,28.57,0.0
4,新北國王,21|26|34|10874,李愷諺/洪志善/沃許本/熊祥泰,1,12,15.0,220.52,3.68,03:41,220.52,3.68,03:41,2.0,2.0,13.33,19.59,2.0,2.0,13.33,19.59,5.0,5.0,33.33,48.98,1.0,1.0,6.67,9.8,3.0,3.0,20.0,29.39,1.0,1.0,6.67,9.8,2.0,2.0,13.33,19.59,0.0,0.0,0.0,0.0,0.0,0.0,0.0,0.0,0.0,0.0,0.0,0.0,1.0,1.0,6.67,9.8,3.0,3.0,20.0,29.39,1.0,1.0,6.67,9.8,2.0,2.0,13.33,19.59,3.0,3.0,20.0,29.39,0.0,0.0,0.0,0.0,1.0,1.0,6.67,9.8,1.0,1.0,6.67,9.8,0.0,0.0,0.0,0.0,2.0,2.0,13.33,19.59,13.33,13.33,0.0,97.95,0.0,0.0,0.0,3.68,3.68,0.2,0.2,0.33,0.0,,0.38,0.0,0.33,0.75,0.57,6.67,6.67,0.0,13.33,0.0
4,新北國王,26|32|34|10874,洪志善/奧帝/沃許本/熊祥泰,1,6,7.0,88.52,1.48,01:29,88.52,1.48,01:29,2.0,2.0,28.57,48.8,0.0,0.0,0.0,0.0,2.0,2.0,28.57,48.8,1.0,1.0,14.29,24.4,2.0,2.0,28.57,48.8,1.0,1.0,14.29,24.4,0.0,0.0,0.0,0.0,0.0,0.0,0.0,0.0,0.0,0.0,0.0,0.0,0.0,0.0,0.0,0.0,0.0,0.0,0.0,0.0,1.0,1.0,14.29,24.4,1.0,1.0,14.29,24.4,1.0,1.0,14.29,24.4,1.0,1.0,14.29,24.4,0.0,0.0,0.0,0.0,0.0,0.0,0.0,0.0,1.0,1.0,14.29,24.4,0.0,0.0,0.0,0.0,2.0,2.0,28.57,48.8,28.57,0.0,28.57,113.87,2.0,2.0,28.57,1.48,1.48,0.5,0.5,0.5,,,0.33,0.0,0.0,0.5,0.33,0.0,14.29,0.0,28.57,0.0
4,新北國王,21|26|10874|10875,李愷諺/洪志善/熊祥泰/傑登,1,10,14.0,209.0,3.48,03:29,209.0,3.48,03:29,0.0,0.0,0.0,0.0,6.0,6.0,42.86,62.01,5.0,5.0,35.71,51.67,0.0,0.0,0.0,0.0,1.0,1.0,7.14,10.33,0.0,0.0,0.0,0.0,4.0,4.0,28.57,41.34,0.0,0.0,0.0,0.0,0.0,0.0,0.0,0.0,0.0,0.0,0.0,0.0,1.0,1.0,7.14,10.33,3.0,3.0,21.43,31.0,2.0,2.0,14.29,20.67,2.0,2.0,14.29,20.67,2.0,2.0,14.29,20.67,0.0,0.0,0.0,0.0,1.0,1.0,7.14,10.33,0.0,0.0,0.0,0.0,0.0,0.0,0.0,0.0,0.0,0.0,0.0,0.0,0.0,42.86,-42.86,96.46,-6.0,-6.0,-42.86,3.48,3.48,0.0,0.0,0.0,0.0,,0.29,,0.33,0.6,0.5,7.14,0.0,0.0,0.0,0.0
4,新北國王,26|34|10874|10875,洪志善/沃許本/熊祥泰/傑登,1,6,8.0,132.0,2.2,02:12,132.0,2.2,02:12,0.0,0.0,0.0,0.0,2.0,2.0,25.0,32.73,3.0,3.0,37.5,49.09,0.0,0.0,0.0,0.0,1.0,1.0,12.5,16.36,0.0,0.0,0.0,0.0,2.0,2.0,25.0,32.73,0.0,0.0,0.0,0.0,0.0,0.0,0.0,0.0,0.0,0.0,0.0,0.0,1.0,1.0,12.5,16.36,2.0,2.0,25.0,32.73,0.0,0.0,0.0,0.0,1.0,1.0,12.5,16.36,2.0,2.0,25.0,32.73,0.0,0.0,0.0,0.0,1.0,1.0,12.5,16.36,0.0,0.0,0.0,0.0,0.0,0.0,0.0,0.0,0.0,0.0,0.0,0.0,0.0,25.0,-25.0,87.27,-2.0,-2.0,-25.0,2.2,2.2,0.0,0.0,0.0,0.0,,0.4,,0.5,1.0,0.75,12.5,0.0,0.0,0.0,0.0
4,新北國王,22|26|32|10875,簡祐哲/洪志善/奧帝/傑登,1,20,24.0,351.31,5.86,05:51,351.31,5.86,05:51,12.0,12.0,50.0,73.78,11.0,11.0,45.83,67.63,11.0,11.0,45.83,67.63,6.0,6.0,25.0,36.89,9.0,9.0,37.5,55.34,6.0,6.0,25.0,36.89,2.0,2.0,8.33,12.3,0.0,0.0,0.0,0.0,2.0,2.0,8.33,12.3,1.0,1.0,4.17,6.15,3.0,3.0,12.5,18.45,3.0,3.0,12.5,18.45,0.0,0.0,0.0,0.0,5.0,5.0,20.83,30.74,1.0,1.0,4.17,6.15,1.0,1.0,4.17,6.15,1.0,1.0,4.17,6.15,0.0,0.0,0.0,0.0,2.0,2.0,8.33,12.3,6.0,6.0,25.0,36.89,50.0,45.83,4.17,98.37,1.0,1.0,4.17,5.86,5.86,0.55,0.51,0.67,0.0,0.5,0.08,0.17,0.38,1.0,0.55,4.17,0.0,0.08,25.0,0.18
4,新北國王,26|32|10872|10875,洪志善/奧帝/林彥廷/傑登,1,28,34.0,447.64,7.46,07:28,447.64,7.46,07:28,16.0,16.0,47.06,77.2,13.0,13.0,38.24,62.73,13.0,13.0,38.24,62.73,7.0,7.0,20.59,33.78,10.0,10.0,29.41,48.25,6.0,6.0,17.65,28.95,3.0,3.0,8.82,14.48,1.0,1.0,2.94,4.83,4.0,4.0,11.76,19.3,1.0,1.0,2.94,4.83,3.0,3.0,8.82,14.48,5.0,5.0,14.71,24.13,0.0,0.0,0.0,0.0,6.0,6.0,17.65,28.95,2.0,2.0,5.88,9.65,2.0,2.0,5.88,9.65,2.0,2.0,5.88,9.65,1.0,1.0,2.94,4.83,3.0,3.0,8.82,14.48,6.0,6.0,17.65,28.95,47.06,38.24,8.82,109.37,3.0,3.0,8.82,7.46,7.46,0.58,0.54,0.6,0.33,0.25,0.12,0.29,0.33,1.0,0.57,5.88,2.94,0.09,17.65,0.31
4,高雄全家海神,109|110|119|122,于煥亞/胡瓏貿/余純安/陳懷安,2,12,16.0,199.29,3.32,03:19,99.65,1.66,01:40,3.0,1.5,18.75,32.52,6.0,3.0,37.5,65.03,5.0,2.5,31.25,54.19,0.0,0.0,0.0,0.0,4.0,2.0,25.0,43.35,0.0,0.0,0.0,0.0,1.0,0.5,6.25,10.84,0.0,0.0,0.0,0.0,4.0,2.0,25.0,43.35,2.0,1.0,12.5,21.68,3.0,1.5,18.75,32.52,3.0,1.5,18.75,32.52,0.0,0.0,0.0,0.0,4.0,2.0,25.0,43.35,1.0,0.5,6.25,10.84,0.0,0.0,0.0,0.0,0.0,0.0,0.0,0.0,0.0,0.0,0.0,0.0,4.0,2.0,25.0,43.35,3.0,1.5,18.75,32.52,18.75,37.5,-18.75,115.61,-3.0,-1.5,-18.75,3.32,1.66,0.0,0.22,0.0,0.0,0.5,0.13,,0.43,1.0,0.6,0.0,0.0,0.25,18.75,0.8
4,新北國王,22|24|34|10875,簡祐哲/蘇士軒/沃許本/傑登,1,6,7.0,72.23,1.2,01:12,72.23,1.2,01:12,4.0,4.0,57.14,119.62,2.0,2.0,28.57,59.81,3.0,3.0,42.86,89.72,2.0,2.0,28.57,59.81,3.0,3.0,42.86,89.72,2.0,2.0,28.57,59.81,0.0,0.0,0.0,0.0,0.0,0.0,0.0,0.0,0.0,0.0,0.0,0.0,0.0,0.0,0.0,0.0,0.0,0.0,0.0,0.0,1.0,1.0,14.29,29.91,1.0,1.0,14.29,29.91,1.0,1.0,14.29,29.91,0.0,0.0,0.0,0.0,1.0,1.0,14.29,29.91,0.0,0.0,0.0,0.0,0.0,0.0,0.0,0.0,1.0,1.0,14.29,29.91,0.0,0.0,0.0,0.0,57.14,28.57,28.57,139.56,2.0,2.0,28.57,1.2,1.2,0.67,0.67,0.67,,,0.0,0.5,0.0,0.5,0.33,0.0,0.0,0.14,0.0,0.0
4,新北國王,21|26|32|10872,李愷諺/洪志善/奧帝/林彥廷,1,9,11.0,128.8,2.15,02:09,128.8,2.15,02:09,6.0,6.0,54.55,100.62,2.0,2.0,18.18,33.54,2.0,2.0,18.18,33.54,1.0,1.0,9.09,16.77,1.0,1.0,9.09,16.77,0.0,0.0,0.0,0.0,1.0,1.0,9.09,16.77,1.0,1.0,9.09,16.77,4.0,4.0,36.36,67.08,2.0,2.0,18.18,33.54,0.0,0.0,0.0,0.0,2.0,2.0,18.18,33.54,0.0,0.0,0.0,0.0,1.0,1.0,9.09,16.77,1.0,1.0,9.09,16.77,1.0,1.0,9.09,16.77,1.0,1.0,9.09,16.77,1.0,1.0,9.09,16.77,2.0,2.0,18.18,33.54,0.0,0.0,0.0,0.0,54.55,18.18,36.36,122.98,4.0,4.0,36.36,2.15,2.15,0.75,0.8,0.0,1.0,0.5,0.21,1.0,0.0,1.0,0.67,9.09,9.09,0.18,0.0,2.0
4,新北國王,21|26|32|10875,李愷諺/洪志善/奧帝/傑登,1,8,10.0,96.33,1.61,01:36,96.33,1.61,01:36,4.0,4.0,40.0,89.69,2.0,2.0,20.0,44.85,2.0,2.0,20.0,44.85,1.0,1.0,10.0,22.42,1.0,1.0,10.0,22.42,0.0,0.0,0.0,0.0,1.0,1.0,10.0,22.42,1.0,1.0,10.0,22.42,2.0,2.0,20.0,44.85,0.0,0.0,0.0,0.0,0.0,0.0,0.0,0.0,2.0,2.0,20.0,44.85,0.0,0.0,0.0,0.0,1.0,1.0,10.0,22.42,1.0,1.0,10.0,22.42,1.0,1.0,10.0,22.42,1.0,1.0,10.0,22.42,1.0,1.0,10.0,22.42,1.0,1.0,10.0,22.42,0.0,0.0,0.0,0.0,40.0,20.0,20.0,149.49,2.0,2.0,20.0,1.61,1.61,0.75,0.69,0.0,1.0,0.0,0.26,1.0,0.0,1.0,0.67,10.0,10.0,0.1,0.0,1.0
4,新北國王,21|22|26|10874,李愷諺/簡祐哲/洪志善/熊祥泰,1,4,6.0,77.0,1.28,01:17,77.0,1.28,01:17,0.0,0.0,0.0,0.0,4.0,4.0,66.67,112.21,2.0,2.0,33.33,56.1,0.0,0.0,0.0,0.0,0.0,0.0,0.0,0.0,0.0,0.0,0.0,0.0,2.0,2.0,33.33,56.1,0.0,0.0,0.0,0.0,0.0,0.0,0.0,0.0,0.0,0.0,0.0,0.0,0.0,0.0,0.0,0.0,1.0,1.0,16.67,28.05,2.0,2.0,33.33,56.1,1.0,1.0,16.67,28.05,0.0,0.0,0.0,0.0,0.0,0.0,0.0,0.0,0.0,0.0,0.0,0.0,0.0,0.0,0.0,0.0,0.0,0.0,0.0,0.0,0.0,0.0,0.0,0.0,0.0,66.67,-66.67,112.21,-4.0,-4.0,-66.67,1.28,1.28,0.0,0.0,,0.0,,0.0,,0.0,0.33,0.25,0.0,0.0,0.0,0.0,0.0
4,新北國王,21|22|10874|10875,李愷諺/簡祐哲/熊祥泰/傑登,1,4,6.0,77.0,1.28,01:17,77.0,1.28,01:17,0.0,0.0,0.0,0.0,4.0,4.0,66.67,112.21,2.0,2.0,33.33,56.1,0.0,0.0,0.0,0.0,0.0,0.0,0.0,0.0,0.0,0.0,0.0,0.0,2.0,2.0,33.33,56.1,0.0,0.0,0.0,0.0,0.0,0.0,0.0,0.0,0.0,0.0,0.0,0.0,0.0,0.0,0.0,0.0,1.0,1.0,16.67,28.05,2.0,2.0,33.33,56.1,1.0,1.0,16.67,28.05,0.0,0.0,0.0,0.0,0.0,0.0,0.0,0.0,0.0,0.0,0.0,0.0,0.0,0.0,0.0,0.0,0.0,0.0,0.0,0.0,0.0,0.0,0.0,0.0,0.0,66.67,-66.67,112.21,-4.0,-4.0,-66.67,1.28,1.28,0.0,0.0,,0.0,,0.0,,0.0,0.33,0.25,0.0,0.0,0.0,0.0,0.0
4,新北國王,22|26|10874|10875,簡祐哲/洪志善/熊祥泰/傑登,1,4,6.0,77.0,1.28,01:17,77.0,1.28,01:17,0.0,0.0,0.0,0.0,4.0,4.0,66.67,112.21,2.0,2.0,33.33,56.1,0.0,0.0,0.0,0.0,0.0,0.0,0.0,0.0,0.0,0.0,0.0,0.0,2.0,2.0,33.33,56.1,0.0,0.0,0.0,0.0,0.0,0.0,0.0,0.0,0.0,0.0,0.0,0.0,0.0,0.0,0.0,0.0,1.0,1.0,16.67,28.05,2.0,2.0,33.33,56.1,1.0,1.0,16.67,28.05,0.0,0.0,0.0,0.0,0.0,0.0,0.0,0.0,0.0,0.0,0.0,0.0,0.0,0.0,0.0,0.0,0.0,0.0,0.0,0.0,0.0,0.0,0.0,0.0,0.0,66.67,-66.67,112.21,-4.0,-4.0,-66.67,1.28,1.28,0.0,0.0,,0.0,,0.0,,0.0,0.33,0.25,0.0,0.0,0.0,0.0,0.0
4,新北國王,21|26|34|10871,李愷諺/洪志善/沃許本/鍾理翔,1,4,4.0,80.0,1.33,01:20,80.0,1.33,01:20,0.0,0.0,0.0,0.0,0.0,0.0,0.0,0.0,1.0,1.0,25.0,27.0,0.0,0.0,0.0,0.0,1.0,1.0,25.0,27.0,0.0,0.0,0.0,0.0,0.0,0.0,0.0,0.0,0.0,0.0,0.0,0.0,0.0,0.0,0.0,0.0,0.0,0.0,0.0,0.0,0.0,0.0,0.0,0.0,1.0,1.0,25.0,27.0,0.0,0.0,0.0,0.0,2.0,2.0,50.0,54.0,1.0,1.0,25.0,27.0,0.0,0.0,0.0,0.0,1.0,1.0,25.0,27.0,0.0,0.0,0.0,0.0,0.0,0.0,0.0,0.0,0.0,0.0,0.0,0.0,0.0,0.0,0.0,72.0,0.0,0.0,0.0,1.33,1.33,0.0,0.0,0.0,,,0.5,,0.0,1.0,0.33,25.0,0.0,0.0,0.0,0.0
4,新北國王,21|26|34|10873,李愷諺/洪志善/沃許本/喬納森,1,4,4.0,80.23,1.34,01:20,80.23,1.34,01:20,0.0,0.0,0.0,0.0,0.0,0.0,0.0,0.0,1.0,1.0,25.0,26.92,0.0,0.0,0.0,0.0,1.0,1.0,25.0,26.92,0.0,0.0,0.0,0.0,0.0,0.0,0.0,0.0,0.0,0.0,0.0,0.0,0.0,0.0,0.0,0.0,0.0,0.0,0.0,0.0,0.0,0.0,0.0,0.0,1.0,1.0,25.0,26.92,0.0,0.0,0.0,0.0,2.0,2.0,50.0,53.84,1.0,1.0,25.0,26.92,0.0,0.0,0.0,0.0,1.0,1.0,25.0,26.92,0.0,0.0,0.0,0.0,0.0,0.0,0.0,0.0,2.0,2.0,50.0,53.84,0.0,0.0,0.0,71.79,0.0,0.0,0.0,1.34,1.34,0.0,0.0,0.0,,,0.5,,0.0,1.0,0.33,25.0,0.0,0.0,50.0,0.0
4,新北國王,21|26|10871|10873,李愷諺/洪志善/鍾理翔/喬納森,1,4,4.0,80.0,1.33,01:20,80.0,1.33,01:20,0.0,0.0,0.0,0.0,0.0,0.0,0.0,0.0,1.0,1.0,25.0,27.0,0.0,0.0,0.0,0.0,1.0,1.0,25.0,27.0,0.0,0.0,0.0,0.0,0.0,0.0,0.0,0.0,0.0,0.0,0.0,0.0,0.0,0.0,0.0,0.0,0.0,0.0,0.0,0.0,0.0,0.0,0.0,0.0,1.0,1.0,25.0,27.0,0.0,0.0,0.0,0.0,2.0,2.0,50.0,54.0,1.0,1.0,25.0,27.0,0.0,0.0,0.0,0.0,1.0,1.0,25.0,27.0,0.0,0.0,0.0,0.0,0.0,0.0,0.0,0.0,0.0,0.0,0.0,0.0,0.0,0.0,0.0,72.0,0.0,0.0,0.0,1.33,1.33,0.0,0.0,0.0,,,0.5,,0.0,1.0,0.33,25.0,0.0,0.0,0.0,0.0
4,新北國王,21|34|10871|10873,李愷諺/沃許本/鍾理翔/喬納森,1,4,4.0,80.0,1.33,01:20,80.0,1.33,01:20,0.0,0.0,0.0,0.0,0.0,0.0,0.0,0.0,1.0,1.0,25.0,27.0,0.0,0.0,0.0,0.0,1.0,1.0,25.0,27.0,0.0,0.0,0.0,0.0,0.0,0.0,0.0,0.0,0.0,0.0,0.0,0.0,0.0,0.0,0.0,0.0,0.0,0.0,0.0,0.0,0.0,0.0,0.0,0.0,1.0,1.0,25.0,27.0,0.0,0.0,0.0,0.0,2.0,2.0,50.0,54.0,1.0,1.0,25.0,27.0,0.0,0.0,0.0,0.0,1.0,1.0,25.0,27.0,0.0,0.0,0.0,0.0,0.0,0.0,0.0,0.0,0.0,0.0,0.0,0.0,0.0,0.0,0.0,72.0,0.0,0.0,0.0,1.33,1.33,0.0,0.0,0.0,,,0.5,,0.0,1.0,0.33,25.0,0.0,0.0,0.0,0.0
4,新北國王,26|34|10871|10873,洪志善/沃許本/鍾理翔/喬納森,1,4,4.0,80.0,1.33,01:20,80.0,1.33,01:20,0.0,0.0,0.0,0.0,0.0,0.0,0.0,0.0,1.0,1.0,25.0,27.0,0.0,0.0,0.0,0.0,1.0,1.0,25.0,27.0,0.0,0.0,0.0,0.0,0.0,0.0,0.0,0.0,0.0,0.0,0.0,0.0,0.0,0.0,0.0,0.0,0.0,0.0,0.0,0.0,0.0,0.0,0.0,0.0,1.0,1.0,25.0,27.0,0.0,0.0,0.0,0.0,2.0,2.0,50.0,54.0,1.0,1.0,25.0,27.0,0.0,0.0,0.0,0.0,1.0,1.0,25.0,27.0,0.0,0.0,0.0,0.0,0.0,0.0,0.0,0.0,0.0,0.0,0.0,0.0,0.0,0.0,0.0,72.0,0.0,0.0,0.0,1.33,1.33,0.0,0.0,0.0,,,0.5,,0.0,1.0,0.33,25.0,0.0,0.0,0.0,0.0
4,新北中信特攻,39|48|8889|10877,魏嘉豪/李沛澄/馬可/阿巴西,2,24,26.0,352.8,5.88,05:53,176.4,2.94,02:56,7.0,3.5,26.92,42.86,7.0,3.5,26.92,42.86,8.0,4.0,30.77,48.98,3.0,1.5,11.54,18.37,4.0,2.0,15.38,24.49,3.0,1.5,11.54,18.37,4.0,2.0,15.38,24.49,0.0,0.0,0.0,0.0,5.0,2.5,19.23,30.61,2.0,1.0,7.69,12.24,1.0,0.5,3.85,6.12,4.0,2.0,15.38,24.49,0.0,0.0,0.0,0.0,5.0,2.5,19.23,30.61,4.0,2.0,15.38,24.49,2.0,1.0,7.69,12.24,3.0,1.5,11.54,18.37,0.0,0.0,0.0,0.0,1.0,0.5,3.85,6.12,3.0,1.5,11.54,18.37,26.92,26.92,0.0,106.12,0.0,0.0,0.0,5.88,2.94,0.38,0.34,0.75,0.0,0.4,0.28,0.67,0.17,1.0,0.5,11.54,0.0,0.04,11.54,0.62
4,新北中信特攻,39|48|8889|10881,魏嘉豪/李沛澄/馬可/飛克,1,12,12.0,188.74,3.15,03:09,188.74,3.15,03:09,2.0,2.0,16.67,22.89,4.0,4.0,33.33,45.78,3.0,3.0,25.0,34.33,1.0,1.0,8.33,11.44,1.0,1.0,8.33,11.44,1.0,1.0,8.33,11.44,2.0,2.0,16.67,22.89,0.0,0.0,0.0,0.0,4.0,4.0,33.33,45.78,1.0,1.0,8.33,11.44,0.0,0.0,0.0,0.0,3.0,3.0,25.0,34.33,0.0,0.0,0.0,0.0,2.0,2.0,16.67,22.89,2.0,2.0,16.67,22.89,1.0,1.0,8.33,11.44,2.0,2.0,16.67,22.89,0.0,0.0,0.0,0.0,1.0,1.0,8.33,11.44,2.0,2.0,16.67,22.89,16.67,33.33,-16.67,91.56,-2.0,-2.0,-16.67,3.15,3.15,0.33,0.21,1.0,0.0,0.25,0.3,1.0,0.0,1.0,0.6,16.67,0.0,0.08,16.67,1.33
4,新北中信特攻,39|48|10877|10881,魏嘉豪/李沛澄/阿巴西/飛克,1,14,15.0,232.74,3.88,03:53,232.74,3.88,03:53,4.0,4.0,26.67,37.12,4.0,4.0,26.67,37.12,3.0,3.0,20.0,27.84,1.0,1.0,6.67,9.28,1.0,1.0,6.67,9.28,1.0,1.0,6.67,9.28,2.0,2.0,13.33,18.56,0.0,0.0,0.0,0.0,6.0,6.0,40.0,55.68,3.0,3.0,20.0,27.84,0.0,0.0,0.0,0.0,3.0,3.0,20.0,27.84,1.0,1.0,6.67,9.28,2.0,2.0,13.33,18.56,2.0,2.0,13.33,18.56,1.0,1.0,6.67,9.28,2.0,2.0,13.33,18.56,0.0,0.0,0.0,0.0,2.0,2.0,13.33,18.56,2.0,2.0,13.33,18.56,26.67,26.67,0.0,92.81,0.0,0.0,0.0,3.88,3.88,0.33,0.35,1.0,0.0,0.5,0.26,1.0,0.0,0.75,0.5,13.33,0.0,0.13,13.33,2.0
4,新北中信特攻,39|8889|10877|10881,魏嘉豪/馬可/阿巴西/飛克,12,409,473.0,6555.06,109.25,109:15,546.26,9.1,09:06,178.0,14.83,37.63,58.65,218.0,18.17,46.09,71.83,190.0,15.83,40.17,62.61,71.0,5.92,15.01,23.4,114.0,9.5,24.1,37.56,54.0,4.5,11.42,17.79,76.0,6.33,16.07,25.04,17.0,1.42,3.59,5.6,31.0,2.58,6.55,10.22,19.0,1.58,4.02,6.26,25.0,2.08,5.29,8.24,100.0,8.33,21.14,32.95,30.0,2.5,6.34,9.89,79.0,6.58,16.7,26.03,27.0,2.25,5.71,8.9,49.0,4.08,10.36,16.15,19.0,1.58,4.02,6.26,8.0,0.67,1.69,2.64,39.0,3.25,8.25,12.85,42.0,3.5,8.88,13.84,37.63,46.09,-8.46,103.91,-40.0,-3.33,-8.46,109.25,9.1,0.42,0.44,0.47,0.22,0.61,0.12,0.69,0.24,0.77,0.53,4.02,1.69,0.08,8.88,0.16
4,新北中信特攻,48|8889|10877|10881,李沛澄/馬可/阿巴西/飛克,2,16,16.0,256.81,4.28,04:17,128.4,2.14,02:08,6.0,3.0,37.5,50.47,6.0,3.0,37.5,50.47,4.0,2.0,25.0,33.64,2.0,1.0,12.5,16.82,2.0,1.0,12.5,16.82,2.0,1.0,12.5,16.82,2.0,1.0,12.5,16.82,0.0,0.0,0.0,0.0,8.0,4.0,50.0,67.29,3.0,1.5,18.75,25.23,0.0,0.0,0.0,0.0,4.0,2.0,25.0,33.64,0.0,0.0,0.0,0.0,3.0,1.5,18.75,25.23,2.0,1.0,12.5,16.82,2.0,1.0,12.5,16.82,2.0,1.0,12.5,16.82,0.0,0.0,0.0,0.0,1.0,0.5,6.25,8.41,4.0,2.0,25.0,33.64,37.5,37.5,0.0,89.72,0.0,0.0,0.0,4.28,2.14,0.5,0.4,1.0,0.0,0.38,0.21,1.0,0.0,1.0,0.57,12.5,0.0,0.06,25.0,2.0
4,臺北台新戰神,13|14|10865|10869,陳冠全/錢肯尼/謝銘駿/基德,3,27,28.0,392.68,6.54,06:33,130.89,2.18,02:11,15.0,5.0,53.57,82.51,15.0,5.0,53.57,82.51,10.0,3.33,35.71,55.01,5.0,1.67,17.86,27.5,7.0,2.33,25.0,38.5,4.0,1.33,14.29,22.0,3.0,1.0,10.71,16.5,1.0,0.33,3.57,5.5,8.0,2.67,28.57,44.01,6.0,2.0,21.43,33.0,1.0,0.33,3.57,5.5,6.0,2.0,21.43,33.0,0.0,0.0,0.0,0.0,4.0,1.33,14.29,22.0,2.0,0.67,7.14,11.0,2.0,0.67,7.14,11.0,2.0,0.67,7.14,11.0,0.0,0.0,0.0,0.0,5.0,1.67,17.86,27.5,4.0,1.33,14.29,22.0,53.57,53.57,0.0,102.68,0.0,0.0,0.0,6.54,2.18,0.55,0.55,0.57,0.33,0.75,0.13,0.4,0.2,1.0,0.64,7.14,0.0,0.18,14.29,0.8
4,臺北台新戰神,13|14|10865|10870,陳冠全/錢肯尼/謝銘駿/洛夫頓,4,29,30.0,395.15,6.59,06:35,98.79,1.65,01:39,16.0,4.0,53.33,87.46,15.0,3.75,50.0,81.99,10.0,2.5,33.33,54.66,5.0,1.25,16.67,27.33,7.0,1.75,23.33,38.26,4.0,1.0,13.33,21.86,3.0,0.75,10.0,16.4,1.0,0.25,3.33,5.47,10.0,2.5,33.33,54.66,7.0,1.75,23.33,38.26,1.0,0.25,3.33,5.47,7.0,1.75,23.33,38.26,0.0,0.0,0.0,0.0,4.0,1.0,13.33,21.86,2.0,0.5,6.67,10.93,2.0,0.5,6.67,10.93,2.0,0.5,6.67,10.93,0.0,0.0,0.0,0.0,5.0,1.25,16.67,27.33,4.0,1.0,13.33,21.86,53.33,50.0,3.33,109.32,1.0,0.25,3.33,6.59,1.65,0.55,0.56,0.57,0.33,0.7,0.12,0.4,0.2,1.0,0.67,6.67,0.0,0.17,13.33,1.0
4,臺北台新戰神,13|10865|10869|10870,陳冠全/謝銘駿/基德/洛夫頓,3,34,35.0,487.79,8.13,08:08,162.6,2.71,02:43,20.0,6.67,57.14,88.56,20.0,6.67,57.14,88.56,12.0,4.0,34.29,53.14,6.0,2.0,17.14,26.57,8.0,2.67,22.86,35.42,4.0,1.33,11.43,17.71,4.0,1.33,11.43,17.71,2.0,0.67,5.71,8.86,10.0,3.33,28.57,44.28,8.0,2.67,22.86,35.42,1.0,0.33,2.86,4.43,7.0,2.33,20.0,31.0,0.0,0.0,0.0,0.0,6.0,2.0,17.14,26.57,2.0,0.67,5.71,8.86,3.0,1.0,8.57,13.28,2.0,0.67,5.71,8.86,0.0,0.0,0.0,0.0,5.0,1.67,14.29,22.14,4.0,1.33,11.43,17.71,57.14,57.14,0.0,103.32,0.0,0.0,0.0,8.13,2.71,0.58,0.61,0.5,0.5,0.8,0.11,0.5,0.14,1.0,0.57,5.71,0.0,0.14,11.43,0.83
4,臺北台新戰神,14|10865|10869|10870,錢肯尼/謝銘駿/基德/洛夫頓,4,121,138.0,1654.61,27.58,27:35,413.65,6.89,06:54,58.0,14.5,42.03,75.72,62.0,15.5,44.93,80.94,54.0,13.5,39.13,70.49,20.0,5.0,14.49,26.11,30.0,7.5,21.74,39.16,15.0,3.75,10.87,19.58,24.0,6.0,17.39,31.33,5.0,1.25,3.62,6.53,20.0,5.0,14.49,26.11,15.0,3.75,10.87,19.58,4.0,1.0,2.9,5.22,28.0,7.0,20.29,36.55,6.0,1.5,4.35,7.83,18.0,4.5,13.04,23.5,6.0,1.5,4.35,7.83,7.0,1.75,5.07,9.14,3.0,0.75,2.17,3.92,2.0,0.5,1.45,2.61,18.0,4.5,13.04,23.5,17.0,4.25,12.32,22.19,42.03,44.93,-2.9,120.1,-4.0,-1.0,-2.9,27.58,6.89,0.42,0.46,0.5,0.21,0.75,0.09,0.35,0.18,0.82,0.57,2.17,1.45,0.13,12.32,0.37
4,新北中信特攻,48|8889|10877|10879,李沛澄/馬可/阿巴西/簡廷兆,2,15,23.0,276.04,4.6,04:36,138.02,2.3,02:18,11.0,5.5,47.83,86.07,18.0,9.0,78.26,140.85,9.0,4.5,39.13,70.42,3.0,1.5,13.04,23.47,5.0,2.5,21.74,39.12,2.0,1.0,8.7,15.65,4.0,2.0,17.39,31.3,1.0,0.5,4.35,7.82,4.0,2.0,17.39,31.3,4.0,2.0,17.39,31.3,5.0,2.5,21.74,39.12,1.0,0.5,4.35,7.82,0.0,0.0,0.0,0.0,0.0,0.0,0.0,0.0,2.0,1.0,8.7,15.65,1.0,0.5,4.35,7.82,2.0,1.0,8.7,15.65,0.0,0.0,0.0,0.0,3.0,1.5,13.04,23.47,7.0,3.5,30.43,54.77,47.83,78.26,-30.43,119.98,-7.0,-3.5,-30.43,4.6,2.3,0.39,0.51,0.4,0.25,1.0,0.16,0.33,1.0,1.0,1.0,8.7,0.0,0.13,30.43,0.44
4,新北中信特攻,48|8889|10877|10880,李沛澄/馬可/阿巴西/內馬,4,52,58.0,739.4,12.32,12:19,184.85,3.08,03:05,33.0,8.25,56.9,96.4,24.0,6.0,41.38,70.11,24.0,6.0,41.38,70.11,14.0,3.5,24.14,40.9,18.0,4.5,31.03,52.58,13.0,3.25,22.41,37.98,6.0,1.5,10.34,17.53,1.0,0.25,1.72,2.92,6.0,1.5,10.34,17.53,4.0,1.0,6.9,11.69,5.0,1.25,8.62,14.61,4.0,1.0,6.9,11.69,0.0,0.0,0.0,0.0,9.0,2.25,15.52,26.29,5.0,1.25,8.62,14.61,3.0,0.75,5.17,8.76,4.0,1.0,6.9,11.69,0.0,0.0,0.0,0.0,5.0,1.25,8.62,14.61,7.0,1.75,12.07,20.45,56.9,41.38,15.52,112.96,9.0,2.25,15.52,12.32,3.08,0.6,0.62,0.72,0.17,0.67,0.16,0.21,0.36,1.0,0.5,6.9,0.0,0.09,12.07,0.25
4,新北中信特攻,48|8889|10879|10880,李沛澄/馬可/簡廷兆/內馬,3,38,53.0,650.78,10.85,10:51,216.93,3.62,03:37,24.0,8.0,45.28,79.66,21.0,7.0,39.62,69.7,20.0,6.67,37.74,66.38,7.0,2.33,13.21,23.23,11.0,3.67,20.75,36.51,5.0,1.67,9.43,16.6,9.0,3.0,16.98,29.87,2.0,0.67,3.77,6.64,9.0,3.0,16.98,29.87,8.0,2.67,15.09,26.55,7.0,2.33,13.21,23.23,6.0,2.0,11.32,19.91,4.0,1.33,7.55,13.28,8.0,2.67,15.09,26.55,1.0,0.33,1.89,3.32,4.0,1.33,7.55,13.28,1.0,0.33,1.89,3.32,1.0,0.33,1.89,3.32,9.0,3.0,16.98,29.87,10.0,3.33,18.87,33.19,45.28,39.62,5.66,117.27,3.0,1.0,5.66,10.85,3.62,0.4,0.5,0.45,0.22,0.89,0.04,0.57,0.47,0.6,0.52,1.89,1.89,0.17,18.87,0.45
4,新北中信特攻,48|10877|10879|10880,李沛澄/阿巴西/簡廷兆/內馬,3,20,23.0,281.93,4.7,04:42,93.98,1.57,01:34,16.0,5.33,69.57,122.58,12.0,4.0,52.17,91.94,8.0,2.67,34.78,61.29,4.0,1.33,17.39,30.65,3.0,1.0,13.04,22.98,2.0,0.67,8.7,15.32,5.0,1.67,21.74,38.31,2.0,0.67,8.7,15.32,6.0,2.0,26.09,45.97,6.0,2.0,26.09,45.97,2.0,0.67,8.7,15.32,2.0,0.67,8.7,15.32,0.0,0.0,0.0,0.0,2.0,0.67,8.7,15.32,1.0,0.33,4.35,7.66,2.0,0.67,8.7,15.32,1.0,0.33,4.35,7.66,0.0,0.0,0.0,0.0,4.0,1.33,17.39,30.65,6.0,2.0,26.09,45.97,69.57,52.17,17.39,117.48,4.0,1.33,17.39,4.7,1.57,0.62,0.75,0.67,0.4,1.0,0.09,0.5,0.5,1.0,0.67,4.35,0.0,0.17,26.09,0.75
4,新北中信特攻,8889|10877|10879|10880,馬可/阿巴西/簡廷兆/內馬,11,202,261.0,3501.32,58.36,58:21,318.3,5.31,05:18,102.0,9.27,39.08,62.92,117.0,10.64,44.83,72.18,114.0,10.36,43.68,70.33,42.0,3.82,16.09,25.91,70.0,6.36,26.82,43.18,33.0,3.0,12.64,20.36,44.0,4.0,16.86,27.14,9.0,0.82,3.45,5.55,17.0,1.55,6.51,10.49,10.0,0.91,3.83,6.17,28.0,2.55,10.73,17.27,46.0,4.18,17.62,28.38,18.0,1.64,6.9,11.1,35.0,3.18,13.41,21.59,11.0,1.0,4.21,6.79,20.0,1.82,7.66,12.34,8.0,0.73,3.07,4.94,4.0,0.36,1.53,2.47,21.0,1.91,8.05,12.96,21.0,1.91,8.05,12.96,39.08,44.83,-5.75,107.34,-15.0,-1.36,-5.75,58.36,5.31,0.41,0.42,0.47,0.2,0.59,0.08,0.48,0.44,0.72,0.58,3.07,1.53,0.08,8.05,0.15
4,臺北台新戰神,4|14|10865|10868,張兆辰/錢肯尼/謝銘駿/齊曼加,4,35,46.0,520.66,8.68,08:41,130.16,2.17,02:10,19.0,4.75,41.3,78.82,21.0,5.25,45.65,87.12,15.0,3.75,32.61,62.23,8.0,2.0,17.39,33.19,9.0,2.25,19.57,37.34,6.0,1.5,13.04,24.89,6.0,1.5,13.04,24.89,2.0,0.5,4.35,8.3,6.0,1.5,13.04,24.89,4.0,1.0,8.7,16.59,2.0,0.5,4.35,8.3,6.0,1.5,13.04,24.89,7.0,1.75,15.22,29.04,5.0,1.25,10.87,20.74,3.0,0.75,6.52,12.45,0.0,0.0,0.0,0.0,2.0,0.5,4.35,8.3,0.0,0.0,0.0,0.0,4.0,1.0,8.7,16.59,8.0,2.0,17.39,33.19,41.3,45.65,-4.35,127.22,-2.0,-0.5,-4.35,8.68,2.17,0.6,0.54,0.67,0.33,0.67,0.15,0.0,0.29,0.46,0.4,4.35,0.0,0.09,17.39,0.4
4,臺北台新戰神,4|14|10865|10869,張兆辰/錢肯尼/謝銘駿/基德,3,15,19.0,165.2,2.75,02:45,55.07,0.92,00:55,7.0,2.33,36.84,91.52,10.0,3.33,52.63,130.75,4.0,1.33,21.05,52.3,2.0,0.67,10.53,26.15,2.0,0.67,10.53,26.15,1.0,0.33,5.26,13.07,2.0,0.67,10.53,26.15,1.0,0.33,5.26,13.07,3.0,1.0,15.79,39.22,2.0,0.67,10.53,26.15,0.0,0.0,0.0,0.0,3.0,1.0,15.79,39.22,3.0,1.0,15.79,39.22,1.0,0.33,5.26,13.07,2.0,0.67,10.53,26.15,0.0,0.0,0.0,0.0,2.0,0.67,10.53,26.15,0.0,0.0,0.0,0.0,2.0,0.67,10.53,26.15,2.0,0.67,10.53,26.15,36.84,52.63,-15.79,165.62,-3.0,-1.0,-15.79,2.75,0.92,0.62,0.66,0.5,0.5,0.67,0.27,0.0,0.0,0.5,0.43,10.53,0.0,0.11,10.53,0.75
4,臺北台新戰神,4|14|10868|10869,張兆辰/錢肯尼/齊曼加/基德,1,6,9.0,75.01,1.25,01:15,75.01,1.25,01:15,4.0,4.0,44.44,115.18,4.0,4.0,44.44,115.18,1.0,1.0,11.11,28.8,1.0,1.0,11.11,28.8,1.0,1.0,11.11,28.8,1.0,1.0,11.11,28.8,0.0,0.0,0.0,0.0,0.0,0.0,0.0,0.0,3.0,3.0,33.33,86.39,2.0,2.0,22.22,57.59,0.0,0.0,0.0,0.0,1.0,1.0,11.11,28.8,2.0,2.0,22.22,57.59,0.0,0.0,0.0,0.0,1.0,1.0,11.11,28.8,0.0,0.0,0.0,0.0,1.0,1.0,11.11,28.8,0.0,0.0,0.0,0.0,2.0,2.0,22.22,57.59,2.0,2.0,22.22,57.59,44.44,44.44,0.0,172.78,0.0,0.0,0.0,1.25,1.25,1.0,0.86,1.0,,0.67,0.3,0.0,,0.33,0.33,11.11,0.0,0.22,22.22,3.0
4,臺北台新戰神,4|10865|10868|10869,張兆辰/謝銘駿/齊曼加/基德,2,21,28.0,302.28,5.04,05:02,151.14,2.52,02:31,11.0,5.5,39.29,78.6,11.0,5.5,39.29,78.6,9.0,4.5,32.14,64.31,4.0,2.0,14.29,28.58,8.0,4.0,28.57,57.17,4.0,2.0,14.29,28.58,1.0,0.5,3.57,7.15,0.0,0.0,0.0,0.0,5.0,2.5,17.86,35.73,3.0,1.5,10.71,21.44,3.0,1.5,10.71,21.44,4.0,2.0,14.29,28.58,3.0,1.5,10.71,21.44,2.0,1.0,7.14,14.29,2.0,1.0,7.14,14.29,1.0,0.5,3.57,7.15,2.0,1.0,7.14,14.29,0.0,0.0,0.0,0.0,4.0,2.0,14.29,28.58,2.0,1.0,7.14,14.29,39.29,39.29,0.0,133.39,0.0,0.0,0.0,5.04,2.52,0.44,0.49,0.5,0.0,0.6,0.15,0.25,0.6,0.57,0.58,7.14,0.0,0.14,7.14,0.56
4,臺北台新戰神,14|10865|10868|10869,錢肯尼/謝銘駿/齊曼加/基德,4,64,75.0,1010.33,16.84,16:50,252.58,4.21,04:13,35.0,8.75,46.67,74.83,31.0,7.75,41.33,66.28,24.0,6.0,32.0,51.31,12.0,3.0,16.0,25.65,16.0,4.0,21.33,34.21,9.0,2.25,12.0,19.24,8.0,2.0,10.67,17.1,3.0,0.75,4.0,6.41,9.0,2.25,12.0,19.24,8.0,2.0,10.67,17.1,6.0,1.5,8.0,12.83,6.0,1.5,8.0,12.83,4.0,1.0,5.33,8.55,12.0,3.0,16.0,25.65,7.0,1.75,9.33,14.97,7.0,1.75,9.33,14.97,3.0,0.75,4.0,6.41,1.0,0.25,1.33,2.14,8.0,2.0,10.67,17.1,14.0,3.5,18.67,29.93,46.67,41.33,5.33,106.9,4.0,1.0,5.33,16.84,4.21,0.56,0.63,0.56,0.38,0.89,0.2,0.58,0.33,0.6,0.43,4.0,1.33,0.11,18.67,0.38
4,新北中信特攻,40|48|8889|10879,謝亞軒/李沛澄/馬可/簡廷兆,1,8,9.0,91.52,1.53,01:32,91.52,1.53,01:32,7.0,7.0,77.78,165.22,5.0,5.0,55.56,118.01,1.0,1.0,11.11,23.6,1.0,1.0,11.11,23.6,1.0,1.0,11.11,23.6,1.0,1.0,11.11,23.6,0.0,0.0,0.0,0.0,0.0,0.0,0.0,0.0,6.0,6.0,66.67,141.61,5.0,5.0,55.56,118.01,0.0,0.0,0.0,0.0,0.0,0.0,0.0,0.0,0.0,0.0,0.0,0.0,1.0,1.0,11.11,23.6,0.0,0.0,0.0,0.0,1.0,1.0,11.11,23.6,0.0,0.0,0.0,0.0,0.0,0.0,0.0,0.0,3.0,3.0,33.33,70.81,1.0,1.0,11.11,23.6,77.78,55.56,22.22,141.61,2.0,2.0,22.22,1.53,1.53,1.0,0.96,1.0,,0.83,0.0,1.0,0.0,,0.0,0.0,0.0,0.33,11.11,6.0
4,新北中信特攻,40|48|8889|10880,謝亞軒/李沛澄/馬可/內馬,1,14,15.0,185.42,3.09,03:05,185.42,3.09,03:05,10.0,10.0,66.67,116.49,7.0,7.0,46.67,81.54,4.0,4.0,26.67,46.6,3.0,3.0,20.0,34.95,3.0,3.0,20.0,34.95,3.0,3.0,20.0,34.95,1.0,1.0,6.67,11.65,0.0,0.0,0.0,0.0,6.0,6.0,40.0,69.89,4.0,4.0,26.67,46.6,0.0,0.0,0.0,0.0,1.0,1.0,6.67,11.65,0.0,0.0,0.0,0.0,3.0,3.0,20.0,34.95,0.0,0.0,0.0,0.0,1.0,1.0,6.67,11.65,0.0,0.0,0.0,0.0,0.0,0.0,0.0,0.0,4.0,4.0,26.67,46.6,1.0,1.0,6.67,11.65,66.67,46.67,20.0,116.49,3.0,3.0,20.0,3.09,3.09,0.75,0.75,1.0,0.0,0.67,0.0,0.33,0.0,1.0,0.25,0.0,0.0,0.27,6.67,1.5
4,新北中信特攻,40|48|10879|10880,謝亞軒/李沛澄/簡廷兆/內馬,1,7,8.0,91.42,1.52,01:31,91.42,1.52,01:31,5.0,5.0,62.5,118.13,5.0,5.0,62.5,118.13,1.0,1.0,12.5,23.63,1.0,1.0,12.5,23.63,1.0,1.0,12.5,23.63,1.0,1.0,12.5,23.63,0.0,0.0,0.0,0.0,0.0,0.0,0.0,0.0,4.0,4.0,50.0,94.51,3.0,3.0,37.5,70.88,0.0,0.0,0.0,0.0,0.0,0.0,0.0,0.0,0.0,0.0,0.0,0.0,1.0,1.0,12.5,23.63,0.0,0.0,0.0,0.0,1.0,1.0,12.5,23.63,0.0,0.0,0.0,0.0,0.0,0.0,0.0,0.0,3.0,3.0,37.5,70.88,1.0,1.0,12.5,23.63,62.5,62.5,0.0,126.01,0.0,0.0,0.0,1.52,1.52,1.0,0.91,1.0,,0.75,0.0,1.0,0.0,,0.0,0.0,0.0,0.38,12.5,4.0
4,新北中信特攻,40|8889|10879|10880,謝亞軒/馬可/簡廷兆/內馬,9,110,136.0,1779.5,29.66,29:40,197.72,3.3,03:18,62.0,6.89,45.59,75.26,53.0,5.89,38.97,64.33,49.0,5.44,36.03,59.48,25.0,2.78,18.38,30.35,38.0,4.22,27.94,46.13,22.0,2.44,16.18,26.7,11.0,1.22,8.09,13.35,3.0,0.33,2.21,3.64,16.0,1.78,11.76,19.42,9.0,1.0,6.62,10.92,10.0,1.11,7.35,12.14,19.0,2.11,13.97,23.06,9.0,1.0,6.62,10.92,24.0,2.67,17.65,29.13,10.0,1.11,7.35,12.14,12.0,1.33,8.82,14.57,5.0,0.56,3.68,6.07,4.0,0.44,2.94,4.86,12.0,1.33,8.82,14.57,6.0,0.67,4.41,7.28,45.59,38.97,6.62,110.05,9.0,1.0,6.62,29.66,3.3,0.54,0.55,0.58,0.27,0.56,0.15,0.48,0.29,0.68,0.47,3.68,2.94,0.09,4.41,0.33
4,臺北台新戰神,10|14|10865|10868,雷蒙恩/錢肯尼/謝銘駿/齊曼加,4,47,55.0,735.89,12.26,12:16,183.97,3.07,03:04,22.0,5.5,40.0,64.57,21.0,5.25,38.18,61.64,17.0,4.25,30.91,49.9,8.0,2.0,14.55,23.48,11.0,2.75,20.0,32.29,6.0,1.5,10.91,17.61,6.0,1.5,10.91,17.61,2.0,0.5,3.64,5.87,4.0,1.0,7.27,11.74,4.0,1.0,7.27,11.74,6.0,1.5,10.91,17.61,3.0,0.75,5.45,8.81,3.0,0.75,5.45,8.81,9.0,2.25,16.36,26.42,6.0,1.5,10.91,17.61,4.0,1.0,7.27,11.74,2.0,0.5,3.64,5.87,0.0,0.0,0.0,0.0,7.0,1.75,12.73,20.55,12.0,3.0,21.82,35.22,40.0,38.18,1.82,107.62,1.0,0.25,1.82,12.26,3.07,0.53,0.59,0.55,0.33,1.0,0.24,0.5,0.4,0.5,0.43,3.64,0.0,0.13,21.82,0.24
4,臺北台新戰神,10|14|10865|10869,雷蒙恩/錢肯尼/謝銘駿/基德,11,182,215.0,2736.98,45.62,45:37,248.82,4.15,04:09,106.0,9.64,49.3,83.65,81.0,7.36,37.67,63.92,84.0,7.64,39.07,66.29,38.0,3.45,17.67,29.99,54.0,4.91,25.12,42.62,27.0,2.45,12.56,21.31,30.0,2.73,13.95,23.68,11.0,1.0,5.12,8.68,24.0,2.18,11.16,18.94,17.0,1.55,7.91,13.42,15.0,1.36,6.98,11.84,30.0,2.73,13.95,23.68,10.0,0.91,4.65,7.89,36.0,3.27,16.74,28.41,10.0,0.91,4.65,7.89,21.0,1.91,9.77,16.57,5.0,0.45,2.33,3.95,3.0,0.27,1.4,2.37,21.0,1.91,9.77,16.57,22.0,2.0,10.23,17.36,49.3,37.67,11.63,113.12,25.0,2.27,11.63,45.62,4.15,0.52,0.56,0.5,0.37,0.71,0.1,0.55,0.29,0.75,0.49,2.33,1.4,0.1,10.23,0.29
4,臺北台新戰神,10|10865|10868|10869,雷蒙恩/謝銘駿/齊曼加/基德,4,88,109.0,1433.74,23.9,23:54,358.44,5.97,05:58,46.0,11.5,42.2,69.3,44.0,11.0,40.37,66.29,38.0,9.5,34.86,57.25,16.0,4.0,14.68,24.1,27.0,6.75,24.77,40.68,13.0,3.25,11.93,19.59,11.0,2.75,10.09,16.57,3.0,0.75,2.75,4.52,14.0,3.5,12.84,21.09,11.0,2.75,10.09,16.57,11.0,2.75,10.09,16.57,13.0,3.25,11.93,19.59,9.0,2.25,8.26,13.56,12.0,3.0,11.01,18.08,8.0,2.0,7.34,12.05,12.0,3.0,11.01,18.08,3.0,0.75,2.75,4.52,0.0,0.0,0.0,0.0,13.0,3.25,11.93,19.59,13.0,3.25,11.93,19.59,42.2,40.37,1.83,109.48,2.0,0.5,1.83,23.9,5.97,0.46,0.52,0.48,0.27,0.79,0.15,0.75,0.48,0.59,0.53,2.75,0.0,0.12,11.93,0.37
4,新北中信特攻,40|48|8889|10881,謝亞軒/李沛澄/馬可/飛克,1,1,1.0,0.1,0.0,00:00,0.1,0.0,00:00,2.0,2.0,200.0,45000.0,0.0,0.0,0.0,0.0,0.0,0.0,0.0,0.0,0.0,0.0,0.0,0.0,0.0,0.0,0.0,0.0,0.0,0.0,0.0,0.0,0.0,0.0,0.0,0.0,0.0,0.0,0.0,0.0,2.0,2.0,200.0,45000.0,2.0,2.0,200.0,45000.0,0.0,0.0,0.0,0.0,0.0,0.0,0.0,0.0,0.0,0.0,0.0,0.0,0.0,0.0,0.0,0.0,0.0,0.0,0.0,0.0,0.0,0.0,0.0,0.0,0.0,0.0,0.0,0.0,0.0,0.0,0.0,0.0,0.0,0.0,0.0,0.0,0.0,0.0,0.0,0.0,200.0,0.0,200.0,15000.0,2.0,2.0,200.0,0.0,0.0,,1.14,,,1.0,0.0,,,,,0.0,0.0,0.0,0.0,
4,新北中信特攻,40|48|10879|10881,謝亞軒/李沛澄/簡廷兆/飛克,1,4,4.0,29.1,0.48,00:29,29.1,0.48,00:29,2.0,2.0,50.0,148.47,0.0,0.0,0.0,0.0,0.0,0.0,0.0,0.0,0.0,0.0,0.0,0.0,0.0,0.0,0.0,0.0,0.0,0.0,0.0,0.0,0.0,0.0,0.0,0.0,0.0,0.0,0.0,0.0,2.0,2.0,50.0,148.47,2.0,2.0,50.0,148.47,0.0,0.0,0.0,0.0,0.0,0.0,0.0,0.0,0.0,0.0,0.0,0.0,1.0,1.0,25.0,74.24,1.0,1.0,25.0,74.24,0.0,0.0,0.0,0.0,0.0,0.0,0.0,0.0,0.0,0.0,0.0,0.0,0.0,0.0,0.0,0.0,0.0,0.0,0.0,0.0,50.0,0.0,50.0,197.97,2.0,2.0,50.0,0.48,0.48,,1.14,,,1.0,0.53,,0.0,,0.0,0.0,0.0,0.0,0.0,
4,新北中信特攻,40|8889|10879|10881,謝亞軒/馬可/簡廷兆/飛克,13,138,175.0,2311.01,38.52,38:31,177.77,2.96,02:58,63.0,4.85,36.0,58.88,73.0,5.62,41.71,68.23,66.0,5.08,37.71,61.69,23.0,1.77,13.14,21.5,46.0,3.54,26.29,42.99,19.0,1.46,10.86,17.76,20.0,1.54,11.43,18.69,4.0,0.31,2.29,3.74,20.0,1.54,11.43,18.69,13.0,1.0,7.43,12.15,16.0,1.23,9.14,14.95,31.0,2.38,17.71,28.97,13.0,1.0,7.43,12.15,27.0,2.08,15.43,25.24,11.0,0.85,6.29,10.28,15.0,1.15,8.57,14.02,7.0,0.54,4.0,6.54,5.0,0.38,2.86,4.67,17.0,1.31,9.71,15.89,12.0,0.92,6.86,11.22,36.0,41.71,-5.71,109.04,-10.0,-0.77,-5.71,38.52,2.96,0.38,0.42,0.41,0.2,0.65,0.13,0.65,0.37,0.7,0.54,4.0,2.86,0.1,6.86,0.3
4,新北中信特攻,48|8889|10879|10881,李沛澄/馬可/簡廷兆/飛克,1,1,1.0,0.1,0.0,00:00,0.1,0.0,00:00,2.0,2.0,200.0,45000.0,0.0,0.0,0.0,0.0,0.0,0.0,0.0,0.0,0.0,0.0,0.0,0.0,0.0,0.0,0.0,0.0,0.0,0.0,0.0,0.0,0.0,0.0,0.0,0.0,0.0,0.0,0.0,0.0,2.0,2.0,200.0,45000.0,2.0,2.0,200.0,45000.0,0.0,0.0,0.0,0.0,0.0,0.0,0.0,0.0,0.0,0.0,0.0,0.0,0.0,0.0,0.0,0.0,0.0,0.0,0.0,0.0,0.0,0.0,0.0,0.0,0.0,0.0,0.0,0.0,0.0,0.0,0.0,0.0,0.0,0.0,0.0,0.0,0.0,0.0,0.0,0.0,200.0,0.0,200.0,15000.0,2.0,2.0,200.0,0.0,0.0,,1.14,,,1.0,0.0,,,,,0.0,0.0,0.0,0.0,
4,新北中信特攻,40|44|48|10879,謝亞軒/黃泓瀚/李沛澄/簡廷兆,1,3,3.0,29.0,0.48,00:29,29.0,0.48,00:29,0.0,0.0,0.0,0.0,0.0,0.0,0.0,0.0,0.0,0.0,0.0,0.0,0.0,0.0,0.0,0.0,0.0,0.0,0.0,0.0,0.0,0.0,0.0,0.0,0.0,0.0,0.0,0.0,0.0,0.0,0.0,0.0,0.0,0.0,0.0,0.0,0.0,0.0,0.0,0.0,0.0,0.0,0.0,0.0,0.0,0.0,0.0,0.0,0.0,0.0,0.0,0.0,1.0,1.0,33.33,74.48,1.0,1.0,33.33,74.48,0.0,0.0,0.0,0.0,0.0,0.0,0.0,0.0,0.0,0.0,0.0,0.0,0.0,0.0,0.0,0.0,0.0,0.0,0.0,0.0,0.0,0.0,0.0,148.97,0.0,0.0,0.0,0.48,0.48,,,,,,1.0,,0.0,,0.0,0.0,0.0,0.0,0.0,
4,新北中信特攻,40|44|48|10881,謝亞軒/黃泓瀚/李沛澄/飛克,1,3,3.0,29.0,0.48,00:29,29.0,0.48,00:29,0.0,0.0,0.0,0.0,0.0,0.0,0.0,0.0,0.0,0.0,0.0,0.0,0.0,0.0,0.0,0.0,0.0,0.0,0.0,0.0,0.0,0.0,0.0,0.0,0.0,0.0,0.0,0.0,0.0,0.0,0.0,0.0,0.0,0.0,0.0,0.0,0.0,0.0,0.0,0.0,0.0,0.0,0.0,0.0,0.0,0.0,0.0,0.0,0.0,0.0,0.0,0.0,1.0,1.0,33.33,74.48,1.0,1.0,33.33,74.48,0.0,0.0,0.0,0.0,0.0,0.0,0.0,0.0,0.0,0.0,0.0,0.0,0.0,0.0,0.0,0.0,0.0,0.0,0.0,0.0,0.0,0.0,0.0,148.97,0.0,0.0,0.0,0.48,0.48,,,,,,1.0,,0.0,,0.0,0.0,0.0,0.0,0.0,
4,臺北台新戰神,10|14|10865|10870,雷蒙恩/錢肯尼/謝銘駿/洛夫頓,6,77,89.0,1081.52,18.03,18:02,180.25,3.0,03:00,37.0,6.17,41.57,73.9,42.0,7.0,47.19,83.88,36.0,6.0,40.45,71.9,13.0,2.17,14.61,25.96,22.0,3.67,24.72,43.94,11.0,1.83,12.36,21.97,14.0,2.33,15.73,27.96,2.0,0.33,2.25,3.99,12.0,2.0,13.48,23.97,9.0,1.5,10.11,17.97,5.0,0.83,5.62,9.99,16.0,2.67,17.98,31.96,3.0,0.5,3.37,5.99,10.0,1.67,11.24,19.97,2.0,0.33,2.25,3.99,2.0,0.33,2.25,3.99,2.0,0.33,2.25,3.99,0.0,0.0,0.0,0.0,10.0,1.67,11.24,19.97,8.0,1.33,8.99,15.98,41.57,47.19,-5.62,118.5,-5.0,-0.83,-5.62,18.03,3.0,0.39,0.45,0.5,0.14,0.75,0.05,0.15,0.33,0.84,0.62,2.25,0.0,0.11,8.99,0.33
4,臺北台新戰神,10|10865|10869|10870,雷蒙恩/謝銘駿/基德/洛夫頓,5,87,100.0,1131.21,18.85,18:51,226.24,3.77,03:46,48.0,9.6,48.0,91.65,56.0,11.2,56.0,106.93,37.0,7.4,37.0,70.65,17.0,3.4,17.0,32.46,19.0,3.8,19.0,36.28,12.0,2.4,12.0,22.91,18.0,3.6,18.0,34.37,5.0,1.0,5.0,9.55,14.0,2.8,14.0,26.73,9.0,1.8,9.0,17.19,2.0,0.4,2.0,3.82,17.0,3.4,17.0,32.46,5.0,1.0,5.0,9.55,11.0,2.2,11.0,21.0,4.0,0.8,4.0,7.64,5.0,1.0,5.0,9.55,2.0,0.4,2.0,3.82,0.0,0.0,0.0,0.0,12.0,2.4,12.0,22.91,13.0,2.6,13.0,24.82,48.0,56.0,-8.0,127.3,-8.0,-1.6,-8.0,18.85,3.77,0.53,0.56,0.63,0.28,0.64,0.08,0.29,0.15,0.77,0.54,2.0,0.0,0.12,13.0,0.38
4,新北中信特攻,40|44|8889|10879,謝亞軒/黃泓瀚/馬可/簡廷兆,5,56,65.0,888.34,14.81,14:48,177.67,2.96,02:58,22.0,4.4,33.85,53.49,37.0,7.4,56.92,89.97,21.0,4.2,32.31,51.06,7.0,1.4,10.77,17.02,9.0,1.8,13.85,21.88,3.0,0.6,4.62,7.29,12.0,2.4,18.46,29.18,4.0,0.8,6.15,9.73,8.0,1.6,12.31,19.45,4.0,0.8,6.15,9.73,3.0,0.6,4.62,7.29,12.0,2.4,18.46,29.18,3.0,0.6,4.62,7.29,9.0,1.8,13.85,21.88,5.0,1.0,7.69,12.16,6.0,1.2,9.23,14.59,4.0,0.8,6.15,9.73,1.0,0.2,1.54,2.43,8.0,1.6,12.31,19.45,8.0,1.6,12.31,19.45,33.85,56.92,-23.08,105.37,-15.0,-3.0,-23.08,14.81,2.96,0.43,0.45,0.33,0.33,0.5,0.17,0.86,0.25,0.8,0.56,6.15,1.54,0.12,12.31,0.38
4,新北中信特攻,40|44|8889|10881,謝亞軒/黃泓瀚/馬可/飛克,9,187,213.0,3127.48,52.12,52:07,347.5,5.79,05:47,91.0,10.11,42.72,62.85,86.0,9.56,40.38,59.4,81.0,9.0,38.03,55.94,37.0,4.11,17.37,25.55,50.0,5.56,23.47,34.53,26.0,2.89,12.21,17.96,31.0,3.44,14.55,21.41,11.0,1.22,5.16,7.6,12.0,1.33,5.63,8.29,6.0,0.67,2.82,4.14,11.0,1.22,5.16,7.6,33.0,3.67,15.49,22.79,9.0,1.0,4.23,6.22,42.0,4.67,19.72,29.01,18.0,2.0,8.45,12.43,20.0,2.22,9.39,13.81,8.0,0.89,3.76,5.53,3.0,0.33,1.41,2.07,14.0,1.56,6.57,9.67,19.0,2.11,8.92,13.12,42.72,40.38,2.35,98.07,5.0,0.56,2.35,52.12,5.79,0.52,0.53,0.52,0.35,0.5,0.17,0.54,0.21,0.79,0.46,3.76,1.41,0.07,8.92,0.15
4,新北中信特攻,44|8889|10879|10881,黃泓瀚/馬可/簡廷兆/飛克,5,35,44.0,569.58,9.49,09:30,113.92,1.9,01:54,23.0,4.6,52.27,87.22,18.0,3.6,40.91,68.26,19.0,3.8,43.18,72.05,8.0,1.6,18.18,30.34,9.0,1.8,20.45,34.13,4.0,0.8,9.09,15.17,10.0,2.0,22.73,37.92,4.0,0.8,9.09,15.17,4.0,0.8,9.09,15.17,3.0,0.6,6.82,11.38,4.0,0.8,9.09,15.17,7.0,1.4,15.91,26.55,3.0,0.6,6.82,11.38,6.0,1.2,13.64,22.75,1.0,0.2,2.27,3.79,3.0,0.6,6.82,11.38,2.0,0.4,4.55,7.58,0.0,0.0,0.0,0.0,3.0,0.6,6.82,11.38,4.0,0.8,9.09,15.17,52.27,40.91,11.36,111.24,5.0,1.0,11.36,9.49,1.9,0.53,0.55,0.44,0.4,0.75,0.05,0.38,0.4,0.7,0.55,4.55,0.0,0.07,9.09,0.21
4,新北中信特攻,39|40|44|8889,魏嘉豪/謝亞軒/黃泓瀚/馬可,7,73,83.0,1128.9,18.81,18:49,161.27,2.69,02:41,32.0,4.57,38.55,61.23,24.0,3.43,28.92,45.92,31.0,4.43,37.35,59.31,13.0,1.86,15.66,24.87,20.0,2.86,24.1,38.27,12.0,1.71,14.46,22.96,11.0,1.57,13.25,21.05,1.0,0.14,1.2,1.91,8.0,1.14,9.64,15.31,5.0,0.71,6.02,9.57,8.0,1.14,9.64,15.31,12.0,1.71,14.46,22.96,2.0,0.29,2.41,3.83,17.0,2.43,20.48,32.53,8.0,1.14,9.64,15.31,10.0,1.43,12.05,19.13,6.0,0.86,7.23,11.48,3.0,0.43,3.61,5.74,11.0,1.57,13.25,21.05,10.0,1.43,12.05,19.13,38.55,28.92,9.64,105.87,8.0,1.14,9.64,18.81,2.69,0.44,0.46,0.6,0.09,0.62,0.19,0.77,0.32,0.86,0.51,7.23,3.61,0.13,12.05,0.26
4,新北中信特攻,39|40|44|10881,魏嘉豪/謝亞軒/黃泓瀚/飛克,6,43,47.0,703.47,11.72,11:43,117.24,1.95,01:57,15.0,2.5,31.91,46.06,22.0,3.67,46.81,67.55,13.0,2.17,27.66,39.92,6.0,1.0,12.77,18.42,7.0,1.17,14.89,21.49,5.0,0.83,10.64,15.35,6.0,1.0,12.77,18.42,1.0,0.17,2.13,3.07,4.0,0.67,8.51,12.28,2.0,0.33,4.26,6.14,2.0,0.33,4.26,6.14,6.0,1.0,12.77,18.42,2.0,0.33,4.26,6.14,10.0,1.67,21.28,30.71,8.0,1.33,17.02,24.56,3.0,0.5,6.38,9.21,3.0,0.5,6.38,9.21,0.0,0.0,0.0,0.0,5.0,0.83,10.64,15.35,10.0,1.67,21.28,30.71,31.91,46.81,-14.89,96.21,-7.0,-1.17,-14.89,11.72,1.95,0.5,0.51,0.71,0.17,0.5,0.35,0.5,0.17,0.75,0.4,6.38,0.0,0.11,21.28,0.31
4,新北中信特攻,39|40|8889|10881,魏嘉豪/謝亞軒/馬可/飛克,10,330,382.0,5403.08,90.05,90:03,540.31,9.01,09:00,151.0,15.1,39.53,60.37,176.0,17.6,46.07,70.36,155.0,15.5,40.58,61.96,63.0,6.3,16.49,25.19,95.0,9.5,24.87,37.98,50.0,5.0,13.09,19.99,60.0,6.0,15.71,23.99,13.0,1.3,3.4,5.2,17.0,1.7,4.45,6.8,12.0,1.2,3.14,4.8,19.0,1.9,4.97,7.6,76.0,7.6,19.9,30.38,24.0,2.4,6.28,9.59,64.0,6.4,16.75,25.59,23.0,2.3,6.02,9.19,41.0,4.1,10.73,16.39,15.0,1.5,3.93,6.0,7.0,0.7,1.83,2.8,27.0,2.7,7.07,10.79,41.0,4.1,10.73,16.39,39.53,46.07,-6.54,101.81,-25.0,-2.5,-6.54,90.05,9.01,0.45,0.46,0.53,0.22,0.71,0.12,0.65,0.23,0.76,0.52,3.93,1.83,0.07,10.73,0.11
4,新北中信特攻,39|44|8889|10881,魏嘉豪/黃泓瀚/馬可/飛克,6,30,33.0,494.43,8.24,08:14,82.4,1.37,01:22,15.0,2.5,45.45,65.53,11.0,1.83,33.33,48.06,11.0,1.83,33.33,48.06,6.0,1.0,18.18,26.21,6.0,1.0,18.18,26.21,5.0,0.83,15.15,21.84,5.0,0.83,15.15,21.84,1.0,0.17,3.03,4.37,2.0,0.33,6.06,8.74,2.0,0.33,6.06,8.74,2.0,0.33,6.06,8.74,3.0,0.5,9.09,13.11,1.0,0.17,3.03,4.37,7.0,1.17,21.21,30.58,4.0,0.67,12.12,17.47,3.0,0.5,9.09,13.11,2.0,0.33,6.06,8.74,0.0,0.0,0.0,0.0,2.0,0.33,6.06,8.74,6.0,1.0,18.18,26.21,45.45,33.33,12.12,96.11,4.0,0.67,12.12,8.24,1.37,0.59,0.63,0.83,0.2,1.0,0.25,0.5,0.22,0.75,0.38,6.06,0.0,0.06,18.18,0.18
4,臺北台新戰神,4|10|10865|10868,張兆辰/雷蒙恩/謝銘駿/齊曼加,3,86,109.0,1334.41,22.24,22:14,444.8,7.41,07:25,43.0,14.33,39.45,69.6,46.0,15.33,42.2,74.46,43.0,14.33,39.45,69.6,13.0,4.33,11.93,21.04,29.0,9.67,26.61,46.94,8.0,2.67,7.34,12.95,14.0,4.67,12.84,22.66,5.0,1.67,4.59,8.09,16.0,5.33,14.68,25.9,10.0,3.33,9.17,16.19,12.0,4.0,11.01,19.42,20.0,6.67,18.35,32.37,3.0,1.0,2.75,4.86,17.0,5.67,15.6,27.52,5.0,1.67,4.59,8.09,7.0,2.33,6.42,11.33,3.0,1.0,2.75,4.86,2.0,0.67,1.83,3.24,14.0,4.67,12.84,22.66,7.0,2.33,6.42,11.33,39.45,42.2,-2.75,117.63,-3.0,-1.0,-2.75,22.24,7.41,0.36,0.43,0.28,0.36,0.62,0.09,0.54,0.41,0.87,0.62,2.75,1.83,0.13,6.42,0.37
4,臺北台新戰神,4|10|10865|10869,張兆辰/雷蒙恩/謝銘駿/基德,4,29,34.0,397.42,6.62,06:37,99.36,1.66,01:39,17.0,4.25,50.0,92.4,16.0,4.0,47.06,86.96,14.0,3.5,41.18,76.09,7.0,1.75,20.59,38.05,9.0,2.25,26.47,48.92,5.0,1.25,14.71,27.18,5.0,1.25,14.71,27.18,2.0,0.5,5.88,10.87,2.0,0.5,5.88,10.87,1.0,0.25,2.94,5.44,3.0,0.75,8.82,16.31,4.0,1.0,11.76,21.74,2.0,0.5,5.88,10.87,4.0,1.0,11.76,21.74,2.0,0.5,5.88,10.87,2.0,0.5,5.88,10.87,2.0,0.5,5.88,10.87,0.0,0.0,0.0,0.0,2.0,0.5,5.88,10.87,2.0,0.5,5.88,10.87,50.0,47.06,2.94,123.19,1.0,0.25,2.94,6.62,1.66,0.57,0.57,0.56,0.4,0.5,0.12,0.29,0.43,0.67,0.54,5.88,0.0,0.06,5.88,0.14
4,臺北台新戰神,4|10|10868|10869,張兆辰/雷蒙恩/齊曼加/基德,2,15,19.0,239.27,3.99,03:59,119.63,1.99,02:00,7.0,3.5,36.84,63.19,7.0,3.5,36.84,63.19,8.0,4.0,42.11,72.22,3.0,1.5,15.79,27.08,7.0,3.5,36.84,63.19,3.0,1.5,15.79,27.08,1.0,0.5,5.26,9.03,0.0,0.0,0.0,0.0,2.0,1.0,10.53,18.06,1.0,0.5,5.26,9.03,3.0,1.5,15.79,27.08,3.0,1.5,15.79,27.08,1.0,0.5,5.26,9.03,2.0,1.0,10.53,18.06,1.0,0.5,5.26,9.03,1.0,0.5,5.26,9.03,1.0,0.5,5.26,9.03,0.0,0.0,0.0,0.0,2.0,1.0,10.53,18.06,0.0,0.0,0.0,0.0,36.84,36.84,0.0,114.35,0.0,0.0,0.0,3.99,1.99,0.38,0.39,0.43,0.0,0.5,0.1,0.33,0.6,0.75,0.67,5.26,0.0,0.11,0.0,0.25
4,臺北台新戰神,4|10|10865|10870,張兆辰/雷蒙恩/謝銘駿/洛夫頓,4,118,139.0,1807.58,30.13,30:08,451.89,7.53,07:32,70.0,17.5,50.36,83.65,69.0,17.25,49.64,82.45,55.0,13.75,39.57,65.72,24.0,6.0,17.27,28.68,34.0,8.5,24.46,40.63,15.0,3.75,10.79,17.92,21.0,5.25,15.11,25.09,9.0,2.25,6.47,10.75,18.0,4.5,12.95,21.51,11.0,2.75,7.91,13.14,12.0,3.0,8.63,14.34,22.0,5.5,15.83,26.29,4.0,1.0,2.88,4.78,24.0,6.0,17.27,28.68,7.0,1.75,5.04,8.36,11.0,2.75,7.91,13.14,5.0,1.25,3.6,5.97,2.0,0.5,1.44,2.39,17.0,4.25,12.23,20.31,9.0,2.25,6.47,10.75,50.36,49.64,0.72,110.73,1.0,0.25,0.72,30.13,7.53,0.52,0.56,0.44,0.43,0.61,0.1,0.46,0.33,0.85,0.55,3.6,1.44,0.12,6.47,0.33
4,臺北台新戰神,4|10865|10868|10870,張兆辰/謝銘駿/齊曼加/洛夫頓,5,109,138.0,1754.64,29.24,29:15,350.93,5.85,05:51,56.0,11.2,40.58,68.94,60.0,12.0,43.48,73.86,52.0,10.4,37.68,64.01,19.0,3.8,13.77,23.39,33.0,6.6,23.91,40.62,11.0,2.2,7.97,13.54,19.0,3.8,13.77,23.39,8.0,1.6,5.8,9.85,19.0,3.8,13.77,23.39,11.0,2.2,7.97,13.54,12.0,2.4,8.7,14.77,24.0,4.8,17.39,29.54,8.0,1.6,5.8,9.85,22.0,4.4,15.94,27.08,8.0,1.6,5.8,9.85,7.0,1.4,5.07,8.62,4.0,0.8,2.9,4.92,4.0,0.8,2.9,4.92,15.0,3.0,10.87,18.47,12.0,2.4,8.7,14.77,40.58,43.48,-2.9,113.25,-4.0,-0.8,-2.9,29.24,5.85,0.44,0.46,0.33,0.42,0.58,0.12,0.37,0.35,0.75,0.55,2.9,2.9,0.11,8.7,0.37
4,臺北台新戰神,10|10865|10868|10870,雷蒙恩/謝銘駿/齊曼加/洛夫頓,3,95,120.0,1587.14,26.45,26:27,529.05,8.82,08:49,48.0,16.0,40.0,65.32,51.0,17.0,42.5,69.41,49.0,16.33,40.83,66.69,15.0,5.0,12.5,20.41,32.0,10.67,26.67,43.55,10.0,3.33,8.33,13.61,17.0,5.67,14.17,23.14,5.0,1.67,4.17,6.8,16.0,5.33,13.33,21.77,10.0,3.33,8.33,13.61,15.0,5.0,12.5,20.41,22.0,7.33,18.33,29.94,4.0,1.33,3.33,5.44,19.0,6.33,15.83,25.86,5.0,1.67,4.17,6.8,6.0,2.0,5.0,8.17,3.0,1.0,2.5,4.08,2.0,0.67,1.67,2.72,17.0,5.67,14.17,23.14,9.0,3.0,7.5,12.25,40.0,42.5,-2.5,108.87,-3.0,-1.0,-2.5,26.45,8.82,0.36,0.43,0.31,0.29,0.62,0.08,0.4,0.44,0.85,0.62,2.5,1.67,0.14,7.5,0.33
4,新北中信特攻,40|44|10877|10880,謝亞軒/黃泓瀚/阿巴西/內馬,7,100,120.0,1401.81,23.36,23:22,200.26,3.34,03:20,55.0,7.86,45.83,84.75,71.0,10.14,59.17,109.4,39.0,5.57,32.5,60.09,22.0,3.14,18.33,33.9,26.0,3.71,21.67,40.06,17.0,2.43,14.17,26.19,13.0,1.86,10.83,20.03,5.0,0.71,4.17,7.7,14.0,2.0,11.67,21.57,6.0,0.86,5.0,9.25,5.0,0.71,4.17,7.7,15.0,2.14,12.5,23.11,10.0,1.43,8.33,15.41,16.0,2.29,13.33,24.65,8.0,1.14,6.67,12.33,13.0,1.86,10.83,20.03,5.0,0.71,4.17,7.7,1.0,0.14,0.83,1.54,10.0,1.43,8.33,15.41,15.0,2.14,12.5,23.11,45.83,59.17,-13.33,123.27,-16.0,-2.29,-13.33,23.36,3.34,0.63,0.61,0.65,0.38,0.43,0.15,0.59,0.24,0.6,0.43,4.17,0.83,0.08,12.5,0.36
4,新北中信特攻,44|10877|10880|10881,黃泓瀚/阿巴西/內馬/飛克,11,163,195.0,2397.62,39.96,39:58,217.97,3.63,03:38,89.0,8.09,45.64,80.18,111.0,10.09,56.92,100.0,67.0,6.09,34.36,60.36,34.0,3.09,17.44,30.63,43.0,3.91,22.05,38.74,25.0,2.27,12.82,22.52,24.0,2.18,12.31,21.62,9.0,0.82,4.62,8.11,19.0,1.73,9.74,17.12,12.0,1.09,6.15,10.81,10.0,0.91,5.13,9.01,27.0,2.45,13.85,24.32,13.0,1.18,6.67,11.71,27.0,2.45,13.85,24.32,13.0,1.18,6.67,11.71,21.0,1.91,10.77,18.92,7.0,0.64,3.59,6.31,4.0,0.36,2.05,3.6,16.0,1.45,8.21,14.41,17.0,1.55,8.72,15.32,45.64,56.92,-11.28,117.12,-22.0,-2.0,-11.28,39.96,3.63,0.57,0.59,0.58,0.38,0.63,0.15,0.62,0.27,0.68,0.48,3.59,2.05,0.08,8.72,0.28
4,臺北台新戰神,3|10|10865|10868,陳文宏/雷蒙恩/謝銘駿/齊曼加,2,14,18.0,305.0,5.08,05:05,152.5,2.54,02:33,7.0,3.5,38.89,49.57,7.0,3.5,38.89,49.57,9.0,4.5,50.0,63.74,3.0,1.5,16.67,21.25,6.0,3.0,33.33,42.49,3.0,1.5,16.67,21.25,3.0,1.5,16.67,21.25,0.0,0.0,0.0,0.0,2.0,1.0,11.11,14.16,1.0,0.5,5.56,7.08,3.0,1.5,16.67,21.25,4.0,2.0,22.22,28.33,1.0,0.5,5.56,7.08,3.0,1.5,16.67,21.25,0.0,0.0,0.0,0.0,0.0,0.0,0.0,0.0,0.0,0.0,0.0,0.0,0.0,0.0,0.0,0.0,3.0,1.5,16.67,21.25,2.0,1.0,11.11,14.16,38.89,38.89,0.0,84.98,0.0,0.0,0.0,5.08,2.54,0.33,0.35,0.5,0.0,0.5,0.0,0.0,0.5,0.8,0.64,0.0,0.0,0.17,11.11,0.22
4,臺北台新戰神,3|10|10865|10870,陳文宏/雷蒙恩/謝銘駿/洛夫頓,3,28,34.0,474.93,7.92,07:55,158.31,2.64,02:38,12.0,4.0,35.29,54.58,20.0,6.67,58.82,90.96,13.0,4.33,38.24,59.12,5.0,1.67,14.71,22.74,7.0,2.33,20.59,31.84,4.0,1.33,11.76,18.19,6.0,2.0,17.65,27.29,1.0,0.33,2.94,4.55,2.0,0.67,5.88,9.1,1.0,0.33,2.94,4.55,3.0,1.0,8.82,13.64,6.0,2.0,17.65,27.29,2.0,0.67,5.88,9.1,4.0,1.33,11.76,18.19,3.0,1.0,8.82,13.64,1.0,0.33,2.94,4.55,1.0,0.33,2.94,4.55,0.0,0.0,0.0,0.0,6.0,2.0,17.65,27.29,5.0,1.67,14.71,22.74,35.29,58.82,-23.53,103.09,-8.0,-2.67,-23.53,7.92,2.64,0.42,0.43,0.57,0.17,0.5,0.18,0.2,0.43,0.75,0.6,2.94,0.0,0.18,14.71,0.15
4,臺北台新戰神,3|10|10868|10870,陳文宏/雷蒙恩/齊曼加/洛夫頓,2,19,23.0,383.0,6.38,06:23,191.5,3.19,03:12,7.0,3.5,30.43,39.48,9.0,4.5,39.13,50.76,11.0,5.5,47.83,62.04,3.0,1.5,13.04,16.92,6.0,3.0,26.09,33.84,3.0,1.5,13.04,16.92,5.0,2.5,21.74,28.2,0.0,0.0,0.0,0.0,2.0,1.0,8.7,11.28,1.0,0.5,4.35,5.64,3.0,1.5,13.04,16.92,6.0,3.0,26.09,33.84,1.0,0.5,4.35,5.64,5.0,2.5,21.74,28.2,0.0,0.0,0.0,0.0,0.0,0.0,0.0,0.0,0.0,0.0,0.0,0.0,0.0,0.0,0.0,0.0,4.0,2.0,17.39,22.56,2.0,1.0,8.7,11.28,30.43,39.13,-8.7,86.48,-2.0,-1.0,-8.7,6.38,3.19,0.27,0.29,0.5,0.0,0.5,0.0,0.0,0.38,0.86,0.6,0.0,0.0,0.17,8.7,0.18
4,臺北台新戰神,3|10865|10868|10870,陳文宏/謝銘駿/齊曼加/洛夫頓,3,32,42.0,606.99,10.12,10:07,202.33,3.37,03:22,18.0,6.0,42.86,64.05,18.0,6.0,42.86,64.05,19.0,6.33,45.24,67.61,7.0,2.33,16.67,24.91,10.0,3.33,23.81,35.59,4.0,1.33,9.52,14.23,9.0,3.0,21.43,32.03,3.0,1.0,7.14,10.68,4.0,1.33,9.52,14.23,1.0,0.33,2.38,3.56,7.0,2.33,16.67,24.91,7.0,2.33,16.67,24.91,1.0,0.33,2.38,3.56,6.0,2.0,14.29,21.35,1.0,0.33,2.38,3.56,1.0,0.33,2.38,3.56,0.0,0.0,0.0,0.0,1.0,0.33,2.38,3.56,5.0,1.67,11.9,17.79,7.0,2.33,16.67,24.91,42.86,42.86,0.0,99.64,0.0,0.0,0.0,10.12,3.37,0.45,0.43,0.4,0.33,0.25,0.05,0.14,0.54,0.88,0.67,0.0,2.38,0.12,16.67,0.21
4,臺北台新戰神,3|13|10865|10869,陳文宏/陳冠全/謝銘駿/基德,2,7,7.0,95.12,1.59,01:35,47.56,0.79,00:48,5.0,2.5,71.43,113.54,5.0,2.5,71.43,113.54,2.0,1.0,28.57,45.42,1.0,0.5,14.29,22.71,1.0,0.5,14.29,22.71,0.0,0.0,0.0,0.0,1.0,0.5,14.29,22.71,1.0,0.5,14.29,22.71,2.0,1.0,28.57,45.42,2.0,1.0,28.57,45.42,0.0,0.0,0.0,0.0,1.0,0.5,14.29,22.71,0.0,0.0,0.0,0.0,2.0,1.0,28.57,45.42,0.0,0.0,0.0,0.0,1.0,0.5,14.29,22.71,0.0,0.0,0.0,0.0,0.0,0.0,0.0,0.0,0.0,0.0,0.0,0.0,0.0,0.0,0.0,0.0,71.43,71.43,0.0,105.97,0.0,0.0,0.0,1.59,0.79,0.75,0.87,0.0,1.0,1.0,0.0,1.0,0.0,1.0,0.33,0.0,0.0,0.0,0.0,1.0
4,臺北台新戰神,3|13|10865|10870,陳文宏/陳冠全/謝銘駿/洛夫頓,2,7,7.0,95.12,1.59,01:35,47.56,0.79,00:48,5.0,2.5,71.43,113.54,5.0,2.5,71.43,113.54,2.0,1.0,28.57,45.42,1.0,0.5,14.29,22.71,1.0,0.5,14.29,22.71,0.0,0.0,0.0,0.0,1.0,0.5,14.29,22.71,1.0,0.5,14.29,22.71,2.0,1.0,28.57,45.42,2.0,1.0,28.57,45.42,0.0,0.0,0.0,0.0,1.0,0.5,14.29,22.71,0.0,0.0,0.0,0.0,2.0,1.0,28.57,45.42,0.0,0.0,0.0,0.0,1.0,0.5,14.29,22.71,0.0,0.0,0.0,0.0,0.0,0.0,0.0,0.0,0.0,0.0,0.0,0.0,0.0,0.0,0.0,0.0,71.43,71.43,0.0,105.97,0.0,0.0,0.0,1.59,0.79,0.75,0.87,0.0,1.0,1.0,0.0,1.0,0.0,1.0,0.33,0.0,0.0,0.0,0.0,1.0
4,臺北台新戰神,3|10865|10869|10870,陳文宏/謝銘駿/基德/洛夫頓,2,22,25.0,267.17,4.45,04:27,133.59,2.23,02:14,12.0,6.0,48.0,97.02,18.0,9.0,72.0,145.52,7.0,3.5,28.0,56.59,4.0,2.0,16.0,32.34,3.0,1.5,12.0,24.25,2.0,1.0,8.0,16.17,4.0,2.0,16.0,32.34,2.0,1.0,8.0,16.17,3.0,1.5,12.0,24.25,2.0,1.0,8.0,16.17,1.0,0.5,4.0,8.08,3.0,1.5,12.0,24.25,1.0,0.5,4.0,8.08,3.0,1.5,12.0,24.25,3.0,1.5,12.0,24.25,2.0,1.0,8.0,16.17,1.0,0.5,4.0,8.08,0.0,0.0,0.0,0.0,3.0,1.5,12.0,24.25,3.0,1.5,12.0,24.25,48.0,72.0,-24.0,134.74,-6.0,-3.0,-24.0,4.45,2.23,0.71,0.72,0.67,0.5,0.67,0.27,0.5,0.25,0.75,0.5,4.0,0.0,0.12,12.0,0.43
4,臺北台新戰神,3|13|14|10869,陳文宏/陳冠全/錢肯尼/基德,1,15,17.0,239.29,3.99,03:59,239.29,3.99,03:59,5.0,5.0,29.41,45.13,5.0,5.0,29.41,45.13,6.0,6.0,35.29,54.16,2.0,2.0,11.76,18.05,3.0,3.0,17.65,27.08,1.0,1.0,5.88,9.03,3.0,3.0,17.65,27.08,1.0,1.0,5.88,9.03,0.0,0.0,0.0,0.0,0.0,0.0,0.0,0.0,1.0,1.0,5.88,9.03,3.0,3.0,17.65,27.08,1.0,1.0,5.88,9.03,2.0,2.0,11.76,18.05,3.0,3.0,17.65,27.08,1.0,1.0,5.88,9.03,2.0,2.0,11.76,18.05,0.0,0.0,0.0,0.0,0.0,0.0,0.0,0.0,2.0,2.0,11.76,18.05,29.41,29.41,0.0,102.3,0.0,0.0,0.0,3.99,3.99,0.42,0.42,0.33,0.33,,0.33,0.5,0.33,0.75,0.57,11.76,0.0,0.0,11.76,0.0
4,臺北台新戰神,3|13|14|10870,陳文宏/陳冠全/錢肯尼/洛夫頓,1,15,17.0,239.29,3.99,03:59,239.29,3.99,03:59,5.0,5.0,29.41,45.13,5.0,5.0,29.41,45.13,6.0,6.0,35.29,54.16,2.0,2.0,11.76,18.05,3.0,3.0,17.65,27.08,1.0,1.0,5.88,9.03,3.0,3.0,17.65,27.08,1.0,1.0,5.88,9.03,0.0,0.0,0.0,0.0,0.0,0.0,0.0,0.0,1.0,1.0,5.88,9.03,3.0,3.0,17.65,27.08,1.0,1.0,5.88,9.03,2.0,2.0,11.76,18.05,3.0,3.0,17.65,27.08,1.0,1.0,5.88,9.03,2.0,2.0,11.76,18.05,0.0,0.0,0.0,0.0,0.0,0.0,0.0,0.0,2.0,2.0,11.76,18.05,29.41,29.41,0.0,102.3,0.0,0.0,0.0,3.99,3.99,0.42,0.42,0.33,0.33,,0.33,0.5,0.33,0.75,0.57,11.76,0.0,0.0,11.76,0.0
4,臺北台新戰神,3|14|10869|10870,陳文宏/錢肯尼/基德/洛夫頓,2,35,42.0,500.17,8.34,08:20,250.09,4.17,04:10,11.0,5.5,26.19,47.5,20.0,10.0,47.62,86.37,15.0,7.5,35.71,64.78,4.0,2.0,9.52,17.27,8.0,4.0,19.05,34.55,3.0,1.5,7.14,12.96,7.0,3.5,16.67,30.23,1.0,0.5,2.38,4.32,2.0,1.0,4.76,8.64,2.0,1.0,4.76,8.64,2.0,1.0,4.76,8.64,9.0,4.5,21.43,38.87,2.0,1.0,4.76,8.64,3.0,1.5,7.14,12.96,4.0,2.0,9.52,17.27,2.0,1.0,4.76,8.64,3.0,1.5,7.14,12.96,1.0,0.5,2.38,4.32,2.0,1.0,4.76,8.64,7.0,3.5,16.67,30.23,26.19,47.62,-21.43,120.92,-9.0,-4.5,-21.43,8.34,4.17,0.3,0.35,0.38,0.14,1.0,0.2,0.5,0.4,0.82,0.69,7.14,2.38,0.05,16.67,0.13
4,新北中信特攻,40|48|10877|10880,謝亞軒/李沛澄/阿巴西/內馬,1,15,18.0,222.0,3.7,03:42,222.0,3.7,03:42,8.0,8.0,44.44,77.84,3.0,3.0,16.67,29.19,7.0,7.0,38.89,68.11,3.0,3.0,16.67,29.19,2.0,2.0,11.11,19.46,2.0,2.0,11.11,19.46,5.0,5.0,27.78,48.65,1.0,1.0,5.56,9.73,2.0,2.0,11.11,19.46,1.0,1.0,5.56,9.73,1.0,1.0,5.56,9.73,2.0,2.0,11.11,19.46,2.0,2.0,11.11,19.46,4.0,4.0,22.22,38.92,1.0,1.0,5.56,9.73,0.0,0.0,0.0,0.0,1.0,1.0,5.56,9.73,0.0,0.0,0.0,0.0,1.0,1.0,5.56,9.73,2.0,2.0,11.11,19.46,44.44,16.67,27.78,116.76,5.0,5.0,27.78,3.7,3.7,0.5,0.51,1.0,0.2,0.5,0.11,0.0,0.2,0.5,0.33,5.56,0.0,0.06,11.11,0.29
4,新北中信特攻,40|48|10877|10881,謝亞軒/李沛澄/阿巴西/飛克,2,10,14.0,172.0,2.87,02:52,86.0,1.43,01:26,3.0,1.5,21.43,37.67,1.0,0.5,7.14,12.56,5.0,2.5,35.71,62.79,1.0,0.5,7.14,12.56,0.0,0.0,0.0,0.0,0.0,0.0,0.0,0.0,5.0,2.5,35.71,62.79,1.0,0.5,7.14,12.56,0.0,0.0,0.0,0.0,0.0,0.0,0.0,0.0,1.0,0.5,7.14,12.56,2.0,1.0,14.29,25.12,3.0,1.5,21.43,37.67,3.0,1.5,21.43,37.67,1.0,0.5,7.14,12.56,0.0,0.0,0.0,0.0,1.0,0.5,7.14,12.56,0.0,0.0,0.0,0.0,0.0,0.0,0.0,0.0,2.0,1.0,14.29,25.12,21.43,7.14,14.29,117.21,2.0,1.0,14.29,2.87,1.43,0.3,0.3,,0.2,,0.17,0.0,0.25,0.4,0.33,7.14,0.0,0.0,14.29,0.0
4,新北中信特攻,40|48|10880|10881,謝亞軒/李沛澄/內馬/飛克,1,8,11.0,146.0,2.43,02:26,146.0,2.43,02:26,3.0,3.0,27.27,44.38,1.0,1.0,9.09,14.79,4.0,4.0,36.36,59.18,1.0,1.0,9.09,14.79,0.0,0.0,0.0,0.0,0.0,0.0,0.0,0.0,4.0,4.0,36.36,59.18,1.0,1.0,9.09,14.79,0.0,0.0,0.0,0.0,0.0,0.0,0.0,0.0,1.0,1.0,9.09,14.79,1.0,1.0,9.09,14.79,2.0,2.0,18.18,29.59,2.0,2.0,18.18,29.59,1.0,1.0,9.09,14.79,0.0,0.0,0.0,0.0,1.0,1.0,9.09,14.79,0.0,0.0,0.0,0.0,0.0,0.0,0.0,0.0,2.0,2.0,18.18,29.59,27.27,9.09,18.18,108.49,2.0,2.0,18.18,2.43,2.43,0.38,0.38,,0.25,,0.2,0.0,0.33,0.33,0.33,9.09,0.0,0.0,18.18,0.0
4,新北中信特攻,48|10877|10880|10881,李沛澄/阿巴西/內馬/飛克,3,56,64.0,877.73,14.63,14:38,292.58,4.88,04:53,39.0,13.0,60.94,95.97,29.0,9.67,45.31,71.37,22.0,7.33,34.38,54.14,10.0,3.33,15.62,24.61,10.0,3.33,15.62,24.61,5.0,1.67,7.81,12.3,12.0,4.0,18.75,29.53,5.0,1.67,7.81,12.3,14.0,4.67,21.88,34.45,14.0,4.67,21.88,34.45,2.0,0.67,3.12,4.92,9.0,3.0,14.06,22.15,5.0,1.67,7.81,12.3,5.0,1.67,7.81,12.3,3.0,1.0,4.69,7.38,5.0,1.67,7.81,12.3,2.0,0.67,3.12,4.92,1.0,0.33,1.56,2.46,8.0,2.67,12.5,19.69,10.0,3.33,15.62,24.61,60.94,45.31,15.62,105.0,10.0,3.33,15.62,14.63,4.88,0.57,0.69,0.5,0.42,1.0,0.1,0.5,0.29,0.64,0.52,3.12,1.56,0.12,15.62,0.64
4,新北中信特攻,39|8889|10877|10879,魏嘉豪/馬可/阿巴西/簡廷兆,9,138,168.0,2268.31,37.81,37:48,252.03,4.2,04:12,57.0,6.33,33.93,54.28,74.0,8.22,44.05,70.47,72.0,8.0,42.86,68.56,23.0,2.56,13.69,21.9,44.0,4.89,26.19,41.9,17.0,1.89,10.12,16.19,28.0,3.11,16.67,26.66,6.0,0.67,3.57,5.71,9.0,1.0,5.36,8.57,4.0,0.44,2.38,3.81,15.0,1.67,8.93,14.28,36.0,4.0,21.43,34.28,13.0,1.44,7.74,12.38,27.0,3.0,16.07,25.71,7.0,0.78,4.17,6.67,14.0,1.56,8.33,13.33,4.0,0.44,2.38,3.81,4.0,0.44,2.38,3.81,19.0,2.11,11.31,18.09,14.0,1.56,8.33,13.33,33.93,44.05,-10.12,106.65,-17.0,-1.89,-10.12,37.81,4.2,0.36,0.38,0.39,0.21,0.44,0.08,0.61,0.36,0.73,0.56,2.38,2.38,0.11,8.33,0.12
4,新北中信特攻,39|8889|10879|10881,魏嘉豪/馬可/簡廷兆/飛克,6,103,122.0,1751.27,29.19,29:11,291.88,4.86,04:52,40.0,6.67,32.79,49.34,50.0,8.33,40.98,61.67,48.0,8.0,39.34,59.2,15.0,2.5,12.3,18.5,28.0,4.67,22.95,34.53,10.0,1.67,8.2,12.33,20.0,3.33,16.39,24.67,5.0,0.83,4.1,6.17,8.0,1.33,6.56,9.87,4.0,0.67,3.28,4.93,8.0,1.33,6.56,9.87,27.0,4.5,22.13,33.3,9.0,1.5,7.38,11.1,24.0,4.0,19.67,29.6,8.0,1.33,6.56,9.87,11.0,1.83,9.02,13.57,4.0,0.67,3.28,4.93,5.0,0.83,4.1,6.17,14.0,2.33,11.48,17.27,9.0,1.5,7.38,11.1,32.79,40.98,-8.2,100.32,-10.0,-1.67,-8.2,29.19,4.86,0.36,0.39,0.36,0.25,0.5,0.13,0.73,0.25,0.75,0.51,3.28,4.1,0.11,7.38,0.17
4,新北中信特攻,8889|10877|10879|10881,馬可/阿巴西/簡廷兆/飛克,17,296,360.0,4685.88,78.1,78:06,275.64,4.59,04:36,125.0,7.35,34.72,57.62,155.0,9.12,43.06,71.45,142.0,8.35,39.44,65.46,45.0,2.65,12.5,20.74,88.0,5.18,24.44,40.56,35.0,2.06,9.72,16.13,54.0,3.18,15.0,24.89,10.0,0.59,2.78,4.61,38.0,2.24,10.56,17.52,22.0,1.29,6.11,10.14,33.0,1.94,9.17,15.21,72.0,4.24,20.0,33.19,22.0,1.29,6.11,10.14,59.0,3.47,16.39,27.2,20.0,1.18,5.56,9.22,29.0,1.71,8.06,13.37,9.0,0.53,2.5,4.15,10.0,0.59,2.78,4.61,39.0,2.29,10.83,17.98,36.0,2.12,10.0,16.59,34.72,43.06,-8.33,110.63,-30.0,-1.76,-8.33,78.1,4.59,0.35,0.39,0.4,0.19,0.58,0.11,0.64,0.36,0.77,0.56,2.5,2.78,0.11,10.0,0.27
4,新北中信特攻,39|48|10877|10880,魏嘉豪/李沛澄/阿巴西/內馬,3,18,22.0,283.06,4.72,04:43,94.35,1.57,01:34,7.0,2.33,31.82,53.42,5.0,1.67,22.73,38.15,7.0,2.33,31.82,53.42,2.0,0.67,9.09,15.26,4.0,1.33,18.18,30.52,2.0,0.67,9.09,15.26,3.0,1.0,13.64,22.89,0.0,0.0,0.0,0.0,3.0,1.0,13.64,22.89,3.0,1.0,13.64,22.89,1.0,0.33,4.55,7.63,3.0,1.0,13.64,22.89,2.0,0.67,9.09,15.26,3.0,1.0,13.64,22.89,2.0,0.67,9.09,15.26,1.0,0.33,4.55,7.63,1.0,0.33,4.55,7.63,0.0,0.0,0.0,0.0,2.0,0.67,9.09,15.26,1.0,0.33,4.55,7.63,31.82,22.73,9.09,111.92,2.0,0.67,9.09,4.72,1.57,0.29,0.42,0.5,0.0,1.0,0.19,0.5,0.25,0.6,0.44,4.55,0.0,0.09,4.55,0.43
4,新北中信特攻,39|48|10880|10881,魏嘉豪/李沛澄/內馬/飛克,1,2,3.0,44.0,0.73,00:44,44.0,0.73,00:44,2.0,2.0,66.67,98.18,0.0,0.0,0.0,0.0,0.0,0.0,0.0,0.0,0.0,0.0,0.0,0.0,0.0,0.0,0.0,0.0,0.0,0.0,0.0,0.0,0.0,0.0,0.0,0.0,0.0,0.0,0.0,0.0,2.0,2.0,66.67,98.18,2.0,2.0,66.67,98.18,0.0,0.0,0.0,0.0,0.0,0.0,0.0,0.0,1.0,1.0,33.33,49.09,0.0,0.0,0.0,0.0,0.0,0.0,0.0,0.0,0.0,0.0,0.0,0.0,0.0,0.0,0.0,0.0,0.0,0.0,0.0,0.0,1.0,1.0,33.33,49.09,0.0,0.0,0.0,0.0,66.67,0.0,66.67,98.18,2.0,2.0,66.67,0.73,0.73,,1.14,,,1.0,0.0,,,0.0,0.0,0.0,0.0,0.33,0.0,
4,臺北台新戰神,10|10863|10865|10868,雷蒙恩/魏芃禾/謝銘駿/齊曼加,2,15,19.0,169.23,2.82,02:49,84.62,1.41,01:25,1.0,0.5,5.26,12.76,5.0,2.5,26.32,63.82,7.0,3.5,36.84,89.34,0.0,0.0,0.0,0.0,2.0,1.0,10.53,25.53,0.0,0.0,0.0,0.0,5.0,2.5,26.32,63.82,0.0,0.0,0.0,0.0,2.0,1.0,10.53,25.53,1.0,0.5,5.26,12.76,2.0,1.0,10.53,25.53,5.0,2.5,26.32,63.82,1.0,0.5,5.26,12.76,2.0,1.0,10.53,25.53,2.0,1.0,10.53,25.53,0.0,0.0,0.0,0.0,1.0,0.5,5.26,12.76,1.0,0.5,5.26,12.76,3.0,1.5,15.79,38.29,0.0,0.0,0.0,0.0,5.26,26.32,-21.05,161.67,-4.0,-2.0,-21.05,2.82,1.41,0.0,0.06,0.0,0.0,0.5,0.2,,0.5,0.83,0.7,5.26,5.26,0.16,0.0,0.29
4,臺北台新戰神,10|10863|10865|10869,雷蒙恩/魏芃禾/謝銘駿/基德,4,28,37.0,445.14,7.42,07:25,111.29,1.85,01:51,12.0,3.0,32.43,58.23,11.0,2.75,29.73,53.38,15.0,3.75,40.54,72.79,3.0,0.75,8.11,14.56,5.0,1.25,13.51,24.26,1.0,0.25,2.7,4.85,10.0,2.5,27.03,48.52,2.0,0.5,5.41,9.7,8.0,2.0,21.62,38.82,4.0,1.0,10.81,19.41,4.0,1.0,10.81,19.41,11.0,2.75,29.73,53.38,2.0,0.5,5.41,9.7,6.0,1.5,16.22,29.11,2.0,0.5,5.41,9.7,2.0,0.5,5.41,9.7,1.0,0.25,2.7,4.85,1.0,0.25,2.7,4.85,7.0,1.75,18.92,33.97,4.0,1.0,10.81,19.41,32.43,29.73,2.7,119.69,1.0,0.25,2.7,7.42,1.85,0.27,0.32,0.2,0.2,0.5,0.1,0.67,0.4,0.85,0.65,2.7,2.7,0.19,10.81,0.53
4,臺北台新戰神,10|10863|10868|10869,雷蒙恩/魏芃禾/齊曼加/基德,3,24,33.0,412.0,6.87,06:52,137.33,2.29,02:17,10.0,3.33,30.3,52.43,16.0,5.33,48.48,83.88,13.0,4.33,39.39,68.16,3.0,1.0,9.09,15.73,4.0,1.33,12.12,20.97,1.0,0.33,3.03,5.24,9.0,3.0,27.27,47.18,2.0,0.67,6.06,10.49,4.0,1.33,12.12,20.97,2.0,0.67,6.06,10.49,6.0,2.0,18.18,31.46,5.0,1.67,15.15,26.21,3.0,1.0,9.09,15.73,4.0,1.33,12.12,20.97,3.0,1.0,9.09,15.73,3.0,1.0,9.09,15.73,2.0,0.67,6.06,10.49,0.0,0.0,0.0,0.0,5.0,1.67,15.15,26.21,6.0,2.0,18.18,31.46,30.3,48.48,-18.18,115.34,-6.0,-2.0,-18.18,6.87,2.29,0.31,0.34,0.25,0.22,0.5,0.17,1.0,0.6,0.62,0.61,6.06,0.0,0.15,18.18,0.31
4,臺北台新戰神,10863|10865|10868|10869,魏芃禾/謝銘駿/齊曼加/基德,2,17,23.0,337.33,5.62,05:37,168.67,2.81,02:49,5.0,2.5,21.74,32.02,10.0,5.0,43.48,64.03,10.0,5.0,43.48,64.03,2.0,1.0,8.7,12.81,6.0,3.0,26.09,38.42,2.0,1.0,8.7,12.81,4.0,2.0,17.39,25.61,0.0,0.0,0.0,0.0,2.0,1.0,8.7,12.81,1.0,0.5,4.35,6.4,4.0,2.0,17.39,25.61,6.0,3.0,26.09,38.42,2.0,1.0,8.7,12.81,2.0,1.0,8.7,12.81,2.0,1.0,8.7,12.81,0.0,0.0,0.0,0.0,1.0,0.5,4.35,6.4,0.0,0.0,0.0,0.0,3.0,1.5,13.04,19.21,2.0,1.0,8.7,12.81,21.74,43.48,-21.74,98.18,-5.0,-2.5,-21.74,5.62,2.81,0.2,0.23,0.33,0.0,0.5,0.16,0.0,0.67,0.75,0.71,4.35,0.0,0.13,8.7,0.2
4,新北中信特攻,40|48|8889|10877,謝亞軒/李沛澄/馬可/阿巴西,2,18,18.0,272.8,4.55,04:33,136.4,2.27,02:16,13.0,6.5,72.22,102.93,14.0,7.0,77.78,110.85,9.0,4.5,50.0,71.26,5.0,2.5,27.78,39.59,4.0,2.0,22.22,31.67,3.0,1.5,16.67,23.75,5.0,2.5,27.78,39.59,2.0,1.0,11.11,15.84,2.0,1.0,11.11,15.84,1.0,0.5,5.56,7.92,0.0,0.0,0.0,0.0,4.0,2.0,22.22,31.67,0.0,0.0,0.0,0.0,2.0,1.0,11.11,15.84,0.0,0.0,0.0,0.0,3.0,1.5,16.67,23.75,0.0,0.0,0.0,0.0,0.0,0.0,0.0,0.0,1.0,0.5,5.56,7.92,4.0,2.0,22.22,31.67,72.22,77.78,-5.56,95.02,-1.0,-0.5,-5.56,4.55,2.27,0.67,0.66,0.75,0.4,0.5,0.0,0.6,0.0,1.0,0.67,0.0,0.0,0.06,22.22,0.22
4,新北中信特攻,40|8889|10877|10880,謝亞軒/馬可/阿巴西/內馬,16,678,817.0,11202.88,186.71,186:43,700.18,11.67,11:40,388.0,24.25,47.49,74.81,336.0,21.0,41.13,64.78,318.0,19.88,38.92,61.31,148.0,9.25,18.12,28.54,204.0,12.75,24.97,39.33,109.0,6.81,13.34,21.02,114.0,7.12,13.95,21.98,39.0,2.44,4.77,7.52,73.0,4.56,8.94,14.07,51.0,3.19,6.24,9.83,65.0,4.06,7.96,12.53,109.0,6.81,13.34,21.02,52.0,3.25,6.36,10.03,131.0,8.19,16.03,25.26,61.0,3.81,7.47,11.76,85.0,5.31,10.4,16.39,30.0,1.88,3.67,5.78,8.0,0.5,0.98,1.54,79.0,4.94,9.67,15.23,62.0,3.88,7.59,11.95,47.49,41.13,6.36,105.02,52.0,3.25,6.36,186.71,11.67,0.53,0.55,0.53,0.34,0.7,0.15,0.57,0.33,0.68,0.49,3.67,0.98,0.1,7.59,0.23
4,臺北台新戰神,14|10863|10865|10868,錢肯尼/魏芃禾/謝銘駿/齊曼加,3,21,23.0,308.0,5.13,05:08,102.67,1.71,01:43,7.0,2.33,30.43,49.09,14.0,4.67,60.87,98.18,11.0,3.67,47.83,77.14,3.0,1.0,13.04,21.04,7.0,2.33,30.43,49.09,2.0,0.67,8.7,14.03,4.0,1.33,17.39,28.05,1.0,0.33,4.35,7.01,0.0,0.0,0.0,0.0,0.0,0.0,0.0,0.0,2.0,0.67,8.7,14.03,6.0,2.0,26.09,42.08,1.0,0.33,4.35,7.01,4.0,1.33,17.39,28.05,1.0,0.33,4.35,7.01,1.0,0.33,4.35,7.01,1.0,0.33,4.35,7.01,0.0,0.0,0.0,0.0,0.0,0.0,0.0,0.0,2.0,0.67,8.7,14.03,30.43,60.87,-30.43,107.53,-7.0,-2.33,-30.43,5.13,1.71,0.32,0.32,0.29,0.25,,0.08,0.33,0.33,0.86,0.62,4.35,0.0,0.0,8.7,0.0
4,臺北台新戰神,14|10863|10865|10869,錢肯尼/魏芃禾/謝銘駿/基德,2,13,15.0,218.69,3.64,03:39,109.35,1.82,01:49,9.0,4.5,60.0,88.89,8.0,4.0,53.33,79.02,7.0,3.5,46.67,69.14,3.0,1.5,20.0,29.63,5.0,2.5,33.33,49.38,2.0,1.0,13.33,19.75,2.0,1.0,13.33,19.75,1.0,0.5,6.67,9.88,2.0,1.0,13.33,19.75,2.0,1.0,13.33,19.75,1.0,0.5,6.67,9.88,3.0,1.5,20.0,29.63,0.0,0.0,0.0,0.0,3.0,1.5,20.0,29.63,0.0,0.0,0.0,0.0,2.0,1.0,13.33,19.75,0.0,0.0,0.0,0.0,0.0,0.0,0.0,0.0,1.0,0.5,6.67,9.88,2.0,1.0,13.33,19.75,60.0,53.33,6.67,98.77,1.0,0.5,6.67,3.64,1.82,0.5,0.57,0.4,0.5,1.0,0.0,0.67,0.25,1.0,0.57,0.0,0.0,0.07,13.33,0.29
4,臺北台新戰神,14|10863|10868|10869,錢肯尼/魏芃禾/齊曼加/基德,3,14,17.0,176.78,2.95,02:57,58.93,0.98,00:59,5.0,1.67,29.41,61.09,13.0,4.33,76.47,158.84,7.0,2.33,41.18,85.53,2.0,0.67,11.76,24.44,5.0,1.67,29.41,61.09,2.0,0.67,11.76,24.44,2.0,0.67,11.76,24.44,0.0,0.0,0.0,0.0,0.0,0.0,0.0,0.0,0.0,0.0,0.0,0.0,2.0,0.67,11.76,24.44,3.0,1.0,17.65,36.66,0.0,0.0,0.0,0.0,1.0,0.33,5.88,12.22,1.0,0.33,5.88,12.22,1.0,0.33,5.88,12.22,1.0,0.33,5.88,12.22,0.0,0.0,0.0,0.0,1.0,0.33,5.88,12.22,6.0,2.0,35.29,73.31,29.41,76.47,-47.06,138.48,-8.0,-2.67,-47.06,2.95,0.98,0.29,0.36,0.4,0.0,,0.12,0.5,0.67,1.0,0.83,5.88,0.0,0.06,35.29,0.0
4,臺北台新戰神,7|14|10865|10869,孫思堯/錢肯尼/謝銘駿/基德,2,23,29.0,310.45,5.17,05:10,155.22,2.59,02:35,7.0,3.5,24.14,48.7,7.0,3.5,24.14,48.7,9.0,4.5,31.03,62.62,2.0,1.0,6.9,13.92,3.0,1.5,10.34,20.87,1.0,0.5,3.45,6.96,6.0,3.0,20.69,41.75,1.0,0.5,3.45,6.96,2.0,1.0,6.9,13.92,2.0,1.0,6.9,13.92,1.0,0.5,3.45,6.96,5.0,2.5,17.24,34.79,3.0,1.5,10.34,20.87,6.0,3.0,20.69,41.75,3.0,1.5,10.34,20.87,1.0,0.5,3.45,6.96,0.0,0.0,0.0,0.0,1.0,0.5,3.45,6.96,5.0,2.5,17.24,34.79,6.0,3.0,20.69,41.75,24.14,24.14,0.0,134.52,0.0,0.0,0.0,5.17,2.59,0.28,0.35,0.33,0.17,1.0,0.23,0.5,0.14,0.62,0.4,0.0,3.45,0.17,20.69,0.22
4,臺北台新戰神,7|14|10865|10870,孫思堯/錢肯尼/謝銘駿/洛夫頓,2,23,29.0,310.45,5.17,05:10,155.22,2.59,02:35,7.0,3.5,24.14,48.7,7.0,3.5,24.14,48.7,9.0,4.5,31.03,62.62,2.0,1.0,6.9,13.92,3.0,1.5,10.34,20.87,1.0,0.5,3.45,6.96,6.0,3.0,20.69,41.75,1.0,0.5,3.45,6.96,2.0,1.0,6.9,13.92,2.0,1.0,6.9,13.92,1.0,0.5,3.45,6.96,5.0,2.5,17.24,34.79,3.0,1.5,10.34,20.87,6.0,3.0,20.69,41.75,3.0,1.5,10.34,20.87,1.0,0.5,3.45,6.96,0.0,0.0,0.0,0.0,1.0,0.5,3.45,6.96,5.0,2.5,17.24,34.79,6.0,3.0,20.69,41.75,24.14,24.14,0.0,134.52,0.0,0.0,0.0,5.17,2.59,0.28,0.35,0.33,0.17,1.0,0.23,0.5,0.14,0.62,0.4,0.0,3.45,0.17,20.69,0.22
4,臺北台新戰神,7|14|10869|10870,孫思堯/錢肯尼/基德/洛夫頓,2,39,49.0,532.02,8.87,08:52,266.01,4.43,04:26,10.0,5.0,20.41,40.6,11.0,5.5,22.45,44.66,14.0,7.0,28.57,56.84,3.0,1.5,6.12,12.18,5.0,2.5,10.2,20.3,2.0,1.0,4.08,8.12,9.0,4.5,18.37,36.54,1.0,0.5,2.04,4.06,3.0,1.5,6.12,12.18,3.0,1.5,6.12,12.18,1.0,0.5,2.04,4.06,9.0,4.5,18.37,36.54,6.0,3.0,12.24,24.36,10.0,5.0,20.41,40.6,5.0,2.5,10.2,20.3,1.0,0.5,2.04,4.06,1.0,0.5,2.04,4.06,2.0,1.0,4.08,8.12,7.0,3.5,14.29,28.42,8.0,4.0,16.33,32.48,20.41,22.45,-2.04,132.63,-1.0,-0.5,-2.04,8.87,4.43,0.25,0.33,0.4,0.11,1.0,0.25,0.33,0.09,0.6,0.38,2.04,4.08,0.14,16.33,0.21
4,臺北台新戰神,7|10865|10869|10870,孫思堯/謝銘駿/基德/洛夫頓,2,23,29.0,310.45,5.17,05:10,155.22,2.59,02:35,7.0,3.5,24.14,48.7,7.0,3.5,24.14,48.7,9.0,4.5,31.03,62.62,2.0,1.0,6.9,13.92,3.0,1.5,10.34,20.87,1.0,0.5,3.45,6.96,6.0,3.0,20.69,41.75,1.0,0.5,3.45,6.96,2.0,1.0,6.9,13.92,2.0,1.0,6.9,13.92,1.0,0.5,3.45,6.96,5.0,2.5,17.24,34.79,3.0,1.5,10.34,20.87,6.0,3.0,20.69,41.75,3.0,1.5,10.34,20.87,1.0,0.5,3.45,6.96,0.0,0.0,0.0,0.0,1.0,0.5,3.45,6.96,5.0,2.5,17.24,34.79,6.0,3.0,20.69,41.75,24.14,24.14,0.0,134.52,0.0,0.0,0.0,5.17,2.59,0.28,0.35,0.33,0.17,1.0,0.23,0.5,0.14,0.62,0.4,0.0,3.45,0.17,20.69,0.22
4,新北中信特攻,39|40|8889|10879,魏嘉豪/謝亞軒/馬可/簡廷兆,3,21,28.0,379.26,6.32,06:19,126.42,2.11,02:06,6.0,2.0,21.43,34.17,6.0,2.0,21.43,34.17,5.0,1.67,17.86,28.48,2.0,0.67,7.14,11.39,4.0,1.33,14.29,22.78,2.0,0.67,7.14,11.39,1.0,0.33,3.57,5.7,0.0,0.0,0.0,0.0,4.0,1.33,14.29,22.78,2.0,0.67,7.14,11.39,1.0,0.33,3.57,5.7,4.0,1.33,14.29,22.78,4.0,1.33,14.29,22.78,6.0,2.0,21.43,34.17,6.0,2.0,21.43,34.17,0.0,0.0,0.0,0.0,3.0,1.0,10.71,17.09,2.0,0.67,7.14,11.39,2.0,0.67,7.14,11.39,2.0,0.67,7.14,11.39,21.43,21.43,0.0,106.31,0.0,0.0,0.0,6.32,2.11,0.4,0.44,0.5,0.0,0.5,0.47,0.0,0.14,0.5,0.33,10.71,7.14,0.07,7.14,0.8
4,新北中信特攻,39|40|8889|10880,魏嘉豪/謝亞軒/馬可/內馬,13,201,238.0,3245.21,54.09,54:05,249.63,4.16,04:10,90.0,6.92,37.82,59.9,102.0,7.85,42.86,67.89,89.0,6.85,37.39,59.24,36.0,2.77,15.13,23.96,65.0,5.0,27.31,43.26,31.0,2.38,13.03,20.63,24.0,1.85,10.08,15.97,5.0,0.38,2.1,3.33,18.0,1.38,7.56,11.98,13.0,1.0,5.46,8.65,22.0,1.69,9.24,14.64,35.0,2.69,14.71,23.3,12.0,0.92,5.04,7.99,36.0,2.77,15.13,23.96,23.0,1.77,9.66,15.31,19.0,1.46,7.98,12.65,12.0,0.92,5.04,7.99,5.0,0.38,2.1,3.33,24.0,1.85,10.08,15.97,15.0,1.15,6.3,9.98,37.82,42.86,-5.04,105.61,-12.0,-0.92,-5.04,54.09,4.16,0.43,0.46,0.48,0.21,0.72,0.19,0.53,0.38,0.74,0.54,5.04,2.1,0.1,6.3,0.2
4,新北中信特攻,39|40|10879|10880,魏嘉豪/謝亞軒/簡廷兆/內馬,5,31,37.0,426.13,7.1,07:06,85.23,1.42,01:25,12.0,2.4,32.43,60.83,16.0,3.2,43.24,81.1,6.0,1.2,16.22,30.41,4.0,0.8,10.81,20.28,5.0,1.0,13.51,25.34,4.0,0.8,10.81,20.28,1.0,0.2,2.7,5.07,0.0,0.0,0.0,0.0,6.0,1.2,16.22,30.41,4.0,0.8,10.81,20.28,1.0,0.2,2.7,5.07,3.0,0.6,8.11,15.21,2.0,0.4,5.41,10.14,5.0,1.0,13.51,25.34,7.0,1.4,18.92,35.48,2.0,0.4,5.41,10.14,3.0,0.6,8.11,15.21,0.0,0.0,0.0,0.0,4.0,0.8,10.81,20.28,8.0,1.6,21.62,40.55,32.43,43.24,-10.81,125.03,-4.0,-0.8,-10.81,7.1,1.42,0.67,0.69,0.8,0.0,0.67,0.45,0.5,0.17,0.6,0.36,8.11,0.0,0.11,21.62,1.0
4,新北中信特攻,39|8889|10879|10880,魏嘉豪/馬可/簡廷兆/內馬,7,84,105.0,1330.24,22.17,22:10,190.03,3.17,03:10,45.0,6.43,42.86,73.07,42.0,6.0,40.0,68.2,39.0,5.57,37.14,63.33,16.0,2.29,15.24,25.98,26.0,3.71,24.76,42.22,12.0,1.71,11.43,19.49,13.0,1.86,12.38,21.11,4.0,0.57,3.81,6.5,13.0,1.86,12.38,21.11,9.0,1.29,8.57,14.61,10.0,1.43,9.52,16.24,16.0,2.29,15.24,25.98,10.0,1.43,9.52,16.24,14.0,2.0,13.33,22.73,6.0,0.86,5.71,9.74,7.0,1.0,6.67,11.37,3.0,0.43,2.86,4.87,1.0,0.14,0.95,1.62,12.0,1.71,11.43,19.49,6.0,0.86,5.71,9.74,42.86,40.0,2.86,113.66,3.0,0.43,2.86,22.17,3.17,0.46,0.5,0.46,0.31,0.69,0.12,0.44,0.42,0.62,0.52,2.86,0.95,0.11,5.71,0.33
4,新北中信特攻,39|40|8889|10877,魏嘉豪/謝亞軒/馬可/阿巴西,14,477,552.0,7662.78,127.71,127:43,547.34,9.12,09:07,220.0,15.71,39.86,62.01,269.0,19.21,48.73,75.83,224.0,16.0,40.58,63.14,90.0,6.43,16.3,25.37,148.0,10.57,26.81,41.72,72.0,5.14,13.04,20.3,76.0,5.43,13.77,21.42,18.0,1.29,3.26,5.07,29.0,2.07,5.25,8.17,22.0,1.57,3.99,6.2,34.0,2.43,6.16,9.58,105.0,7.5,19.02,29.6,29.0,2.07,5.25,8.17,84.0,6.0,15.22,23.68,36.0,2.57,6.52,10.15,57.0,4.07,10.33,16.07,22.0,1.57,3.99,6.2,8.0,0.57,1.45,2.26,40.0,2.86,7.25,11.28,45.0,3.21,8.15,12.68,39.86,48.73,-8.88,103.73,-49.0,-3.5,-8.88,127.71,9.12,0.44,0.46,0.49,0.24,0.76,0.13,0.63,0.29,0.78,0.55,3.99,1.45,0.07,8.15,0.13
4,新北中信特攻,40|8889|10877|10881,謝亞軒/馬可/阿巴西/飛克,17,776,911.0,12439.8,207.33,207:20,731.75,12.2,12:12,350.0,20.59,38.42,60.77,405.0,23.82,44.46,70.32,345.0,20.29,37.87,59.9,135.0,7.94,14.82,23.44,210.0,12.35,23.05,36.46,105.0,6.18,11.53,18.23,135.0,7.94,14.82,23.44,30.0,1.76,3.29,5.21,82.0,4.82,9.0,14.24,50.0,2.94,5.49,8.68,57.0,3.35,6.26,9.9,166.0,9.76,18.22,28.82,51.0,3.0,5.6,8.86,151.0,8.88,16.58,26.22,67.0,3.94,7.35,11.63,89.0,5.24,9.77,15.45,31.0,1.82,3.4,5.38,12.0,0.71,1.32,2.08,80.0,4.71,8.78,13.89,63.0,3.71,6.92,10.94,38.42,44.46,-6.04,105.46,-55.0,-3.24,-6.04,207.33,12.2,0.43,0.46,0.5,0.22,0.61,0.15,0.66,0.27,0.76,0.52,3.4,1.32,0.09,6.92,0.24
4,臺北台新戰神,4|14|10865|10870,張兆辰/錢肯尼/謝銘駿/洛夫頓,5,89,107.0,1295.86,21.6,21:36,259.17,4.32,04:19,48.0,9.6,44.86,80.01,41.0,8.2,38.32,68.34,37.0,7.4,34.58,61.67,17.0,3.4,15.89,28.34,20.0,4.0,18.69,33.34,10.0,2.0,9.35,16.67,17.0,3.4,15.89,28.34,7.0,1.4,6.54,11.67,11.0,2.2,10.28,18.34,7.0,1.4,6.54,11.67,3.0,0.6,2.8,5.0,18.0,3.6,16.82,30.0,10.0,2.0,9.35,16.67,18.0,3.6,16.82,30.0,5.0,1.0,4.67,8.33,5.0,1.0,4.67,8.33,2.0,0.4,1.87,3.33,0.0,0.0,0.0,0.0,10.0,2.0,9.35,16.67,7.0,1.4,6.54,11.67,44.86,38.32,6.54,118.9,7.0,1.4,6.54,21.6,4.32,0.55,0.57,0.5,0.41,0.64,0.11,0.29,0.14,0.64,0.43,1.87,0.0,0.09,6.54,0.3
4,臺北台新戰神,14|10865|10868|10870,錢肯尼/謝銘駿/齊曼加/洛夫頓,4,42,52.0,665.82,11.1,11:06,166.45,2.77,02:46,17.0,4.25,32.69,55.15,22.0,5.5,42.31,71.37,20.0,5.0,38.46,64.88,8.0,2.0,15.38,25.95,11.0,2.75,21.15,35.69,6.0,1.5,11.54,19.46,9.0,2.25,17.31,29.2,2.0,0.5,3.85,6.49,3.0,0.75,5.77,9.73,2.0,0.5,3.85,6.49,4.0,1.0,7.69,12.98,8.0,2.0,15.38,25.95,6.0,1.5,11.54,19.46,7.0,1.75,13.46,22.71,3.0,0.75,5.77,9.73,0.0,0.0,0.0,0.0,2.0,0.5,3.85,6.49,0.0,0.0,0.0,0.0,3.0,0.75,5.77,9.73,6.0,1.5,11.54,19.46,32.69,42.31,-9.62,112.46,-5.0,-1.25,-9.62,11.1,2.77,0.45,0.4,0.55,0.22,0.67,0.12,0.0,0.36,0.57,0.48,3.85,0.0,0.06,11.54,0.15
4,新北中信特攻,39|10877|10879|10880,魏嘉豪/阿巴西/簡廷兆/內馬,8,70,91.0,1205.65,20.09,20:06,150.71,2.51,02:31,31.0,3.88,34.07,55.54,28.0,3.5,30.77,50.16,39.0,4.88,42.86,69.87,13.0,1.62,14.29,23.29,25.0,3.12,27.47,44.79,10.0,1.25,10.99,17.92,14.0,1.75,15.38,25.08,3.0,0.38,3.3,5.37,3.0,0.38,3.3,5.37,2.0,0.25,2.2,3.58,10.0,1.25,10.99,17.92,17.0,2.12,18.68,30.46,9.0,1.12,9.89,16.12,15.0,1.88,16.48,26.87,4.0,0.5,4.4,7.17,7.0,0.88,7.69,12.54,2.0,0.25,2.2,3.58,2.0,0.25,2.2,3.58,7.0,0.88,7.69,12.54,8.0,1.0,8.79,14.33,34.07,30.77,3.3,108.69,3.0,0.38,3.3,20.09,2.51,0.37,0.38,0.4,0.21,0.67,0.09,0.54,0.4,0.65,0.53,2.2,2.2,0.08,8.79,0.08
4,新北中信特攻,39|10879|10880|10881,魏嘉豪/簡廷兆/內馬/飛克,6,51,65.0,853.46,14.22,14:13,142.24,2.37,02:22,20.0,3.33,30.77,50.62,15.0,2.5,23.08,37.96,23.0,3.83,35.38,58.21,8.0,1.33,12.31,20.25,14.0,2.33,21.54,35.43,6.0,1.0,9.23,15.19,9.0,1.5,13.85,22.78,2.0,0.33,3.08,5.06,4.0,0.67,6.15,10.12,2.0,0.33,3.08,5.06,5.0,0.83,7.69,12.65,12.0,2.0,18.46,30.37,5.0,0.83,7.69,12.65,13.0,2.17,20.0,32.9,5.0,0.83,7.69,12.65,4.0,0.67,6.15,10.12,1.0,0.17,1.54,2.53,1.0,0.17,1.54,2.53,4.0,0.67,6.15,10.12,7.0,1.17,10.77,17.72,30.77,23.08,7.69,109.67,5.0,0.83,7.69,14.22,2.37,0.39,0.4,0.43,0.22,0.5,0.17,0.5,0.28,0.71,0.49,1.54,1.54,0.06,10.77,0.17
4,臺北台新戰神,4|10|14|10868,張兆辰/雷蒙恩/錢肯尼/齊曼加,4,88,119.0,1811.79,30.2,30:12,452.95,7.55,07:33,43.0,10.75,36.13,51.26,53.0,13.25,44.54,63.19,44.0,11.0,36.97,52.46,18.0,4.5,15.13,21.46,30.0,7.5,25.21,35.77,14.0,3.5,11.76,16.69,14.0,3.5,11.76,16.69,4.0,1.0,3.36,4.77,7.0,1.75,5.88,8.35,4.0,1.0,3.36,4.77,10.0,2.5,8.4,11.92,17.0,4.25,14.29,20.27,12.0,3.0,10.08,14.31,19.0,4.75,15.97,22.65,12.0,3.0,10.08,14.31,7.0,1.75,5.88,8.35,4.0,1.0,3.36,4.77,2.0,0.5,1.68,2.38,7.0,1.75,5.88,8.35,10.0,2.5,8.4,11.92,36.13,44.54,-8.4,94.58,-10.0,-2.5,-8.4,30.2,7.55,0.45,0.46,0.47,0.29,0.57,0.2,0.39,0.34,0.59,0.47,3.36,1.68,0.06,8.4,0.16
4,臺北台新戰神,4|10|14|10870,張兆辰/雷蒙恩/錢肯尼/洛夫頓,5,149,193.0,2993.41,49.89,49:53,598.68,9.98,09:59,84.0,16.8,43.52,60.61,89.0,17.8,46.11,64.22,74.0,14.8,38.34,53.4,35.0,7.0,18.13,25.26,46.0,9.2,23.83,33.19,26.0,5.2,13.47,18.76,28.0,5.6,14.51,20.2,9.0,1.8,4.66,6.49,12.0,2.4,6.22,8.66,6.0,1.2,3.11,4.33,15.0,3.0,7.77,10.82,26.0,5.2,13.47,18.76,17.0,3.4,8.81,12.27,30.0,6.0,15.54,21.65,16.0,3.2,8.29,11.55,17.0,3.4,8.81,12.27,6.0,1.2,3.11,4.33,3.0,0.6,1.55,2.16,13.0,2.6,6.74,9.38,10.0,2.0,5.18,7.22,43.52,46.11,-2.59,92.84,-5.0,-1.0,-2.59,49.89,9.98,0.53,0.53,0.57,0.32,0.5,0.17,0.49,0.33,0.6,0.47,3.11,1.55,0.07,5.18,0.16
4,新北中信特攻,39|8889|10877|10880,魏嘉豪/馬可/阿巴西/內馬,11,195,239.0,3197.67,53.29,53:18,290.7,4.84,04:51,89.0,8.09,37.24,60.12,118.0,10.73,49.37,79.71,94.0,8.55,39.33,63.5,35.0,3.18,14.64,23.64,66.0,6.0,27.62,44.58,29.0,2.64,12.13,19.59,28.0,2.55,11.72,18.91,6.0,0.55,2.51,4.05,16.0,1.45,6.69,10.81,13.0,1.18,5.44,8.78,24.0,2.18,10.04,16.21,35.0,3.18,14.64,23.64,15.0,1.36,6.28,10.13,31.0,2.82,12.97,20.94,20.0,1.82,8.37,13.51,15.0,1.36,6.28,10.13,11.0,1.0,4.6,7.43,4.0,0.36,1.67,2.7,21.0,1.91,8.79,14.19,13.0,1.18,5.44,8.78,37.24,49.37,-12.13,107.63,-29.0,-2.64,-12.13,53.29,4.84,0.4,0.44,0.44,0.21,0.81,0.17,0.43,0.44,0.7,0.56,4.6,1.67,0.09,5.44,0.17
4,臺北台新戰神,7|10|14|10869,孫思堯/雷蒙恩/錢肯尼/基德,1,8,9.0,126.0,2.1,02:06,126.0,2.1,02:06,3.0,3.0,33.33,51.43,0.0,0.0,0.0,0.0,3.0,3.0,33.33,51.43,1.0,1.0,11.11,17.14,1.0,1.0,11.11,17.14,1.0,1.0,11.11,17.14,2.0,2.0,22.22,34.29,0.0,0.0,0.0,0.0,1.0,1.0,11.11,17.14,1.0,1.0,11.11,17.14,0.0,0.0,0.0,0.0,2.0,2.0,22.22,34.29,0.0,0.0,0.0,0.0,3.0,3.0,33.33,51.43,1.0,1.0,11.11,17.14,0.0,0.0,0.0,0.0,0.0,0.0,0.0,0.0,1.0,1.0,11.11,17.14,1.0,1.0,11.11,17.14,0.0,0.0,0.0,0.0,33.33,0.0,33.33,102.86,3.0,3.0,33.33,2.1,2.1,0.33,0.44,1.0,0.0,1.0,0.23,0.0,0.0,1.0,0.4,0.0,11.11,0.11,0.0,0.33
4,臺北台新戰神,7|10|14|10870,孫思堯/雷蒙恩/錢肯尼/洛夫頓,1,8,9.0,126.0,2.1,02:06,126.0,2.1,02:06,3.0,3.0,33.33,51.43,0.0,0.0,0.0,0.0,3.0,3.0,33.33,51.43,1.0,1.0,11.11,17.14,1.0,1.0,11.11,17.14,1.0,1.0,11.11,17.14,2.0,2.0,22.22,34.29,0.0,0.0,0.0,0.0,1.0,1.0,11.11,17.14,1.0,1.0,11.11,17.14,0.0,0.0,0.0,0.0,2.0,2.0,22.22,34.29,0.0,0.0,0.0,0.0,3.0,3.0,33.33,51.43,1.0,1.0,11.11,17.14,0.0,0.0,0.0,0.0,0.0,0.0,0.0,0.0,1.0,1.0,11.11,17.14,1.0,1.0,11.11,17.14,0.0,0.0,0.0,0.0,33.33,0.0,33.33,102.86,3.0,3.0,33.33,2.1,2.1,0.33,0.44,1.0,0.0,1.0,0.23,0.0,0.0,1.0,0.4,0.0,11.11,0.11,0.0,0.33
4,臺北台新戰神,2|10|10865|10869,江均/雷蒙恩/謝銘駿/基德,1,1,1.0,11.0,0.18,00:11,11.0,0.18,00:11,0.0,0.0,0.0,0.0,0.0,0.0,0.0,0.0,1.0,1.0,100.0,196.36,0.0,0.0,0.0,0.0,1.0,1.0,100.0,196.36,0.0,0.0,0.0,0.0,0.0,0.0,0.0,0.0,0.0,0.0,0.0,0.0,0.0,0.0,0.0,0.0,0.0,0.0,0.0,0.0,1.0,1.0,100.0,196.36,0.0,0.0,0.0,0.0,0.0,0.0,0.0,0.0,0.0,0.0,0.0,0.0,0.0,0.0,0.0,0.0,0.0,0.0,0.0,0.0,0.0,0.0,0.0,0.0,0.0,0.0,0.0,0.0,0.0,0.0,0.0,0.0,0.0,0.0,0.0,0.0,0.0,0.0,0.0,130.91,0.0,0.0,0.0,0.18,0.18,0.0,0.0,0.0,,,0.0,,1.0,,1.0,0.0,0.0,0.0,0.0,0.0
4,臺北台新戰神,2|10|10865|10870,江均/雷蒙恩/謝銘駿/洛夫頓,2,4,5.0,62.59,1.04,01:03,31.29,0.52,00:31,3.0,1.5,60.0,103.54,3.0,1.5,60.0,103.54,3.0,1.5,60.0,103.54,1.0,0.5,20.0,34.51,2.0,1.0,40.0,69.03,1.0,0.5,20.0,34.51,1.0,0.5,20.0,34.51,0.0,0.0,0.0,0.0,0.0,0.0,0.0,0.0,0.0,0.0,0.0,0.0,2.0,1.0,40.0,69.03,0.0,0.0,0.0,0.0,0.0,0.0,0.0,0.0,0.0,0.0,0.0,0.0,0.0,0.0,0.0,0.0,0.0,0.0,0.0,0.0,0.0,0.0,0.0,0.0,0.0,0.0,0.0,0.0,1.0,0.5,20.0,34.51,0.0,0.0,0.0,0.0,60.0,60.0,0.0,115.04,0.0,0.0,0.0,1.04,0.52,0.33,0.5,0.5,0.0,,0.0,0.0,1.0,,1.0,0.0,0.0,0.2,0.0,0.0
4,臺北台新戰神,2|10|10869|10870,江均/雷蒙恩/基德/洛夫頓,2,10,11.0,128.13,2.14,02:08,64.07,1.07,01:04,3.0,1.5,27.27,50.57,5.0,2.5,45.45,84.29,4.0,2.0,36.36,67.43,1.0,0.5,9.09,16.86,1.0,0.5,9.09,16.86,0.0,0.0,0.0,0.0,3.0,1.5,27.27,50.57,1.0,0.5,9.09,16.86,0.0,0.0,0.0,0.0,0.0,0.0,0.0,0.0,2.0,1.0,18.18,33.71,1.0,0.5,9.09,16.86,0.0,0.0,0.0,0.0,0.0,0.0,0.0,0.0,2.0,1.0,18.18,33.71,0.0,0.0,0.0,0.0,1.0,0.5,9.09,16.86,0.0,0.0,0.0,0.0,0.0,0.0,0.0,0.0,1.0,0.5,9.09,16.86,27.27,45.45,-18.18,123.62,-2.0,-1.0,-18.18,2.14,1.07,0.38,0.38,0.0,0.33,,0.33,0.0,1.0,1.0,1.0,9.09,0.0,0.0,9.09,0.0
4,臺北台新戰神,2|10865|10869|10870,江均/謝銘駿/基德/洛夫頓,2,2,3.0,13.12,0.22,00:13,6.56,0.11,00:07,2.0,1.0,66.67,329.17,0.0,0.0,0.0,0.0,2.0,1.0,66.67,329.17,1.0,0.5,33.33,164.58,2.0,1.0,66.67,329.17,1.0,0.5,33.33,164.58,0.0,0.0,0.0,0.0,0.0,0.0,0.0,0.0,1.0,0.5,33.33,164.58,0.0,0.0,0.0,0.0,2.0,1.0,66.67,329.17,0.0,0.0,0.0,0.0,0.0,0.0,0.0,0.0,0.0,0.0,0.0,0.0,0.0,0.0,0.0,0.0,0.0,0.0,0.0,0.0,0.0,0.0,0.0,0.0,0.0,0.0,0.0,0.0,0.0,0.0,0.0,0.0,0.0,0.0,0.0,0.0,66.67,0.0,66.67,329.17,2.0,1.0,66.67,0.22,0.11,0.5,0.41,0.5,,0.0,0.0,0.0,1.0,,1.0,0.0,0.0,0.0,0.0,0.5
4,新竹御嵿攻城獅,75|76|90|10887,高國豪/曾柏喻/李啓瑋/德魯,13,432,510.0,7000.11,116.67,116:40,538.47,8.97,08:58,251.0,19.31,49.22,77.45,237.0,18.23,46.47,73.13,192.0,14.77,37.65,59.24,99.0,7.62,19.41,30.55,124.0,9.54,24.31,38.26,76.0,5.85,14.9,23.45,68.0,5.23,13.33,20.98,23.0,1.77,4.51,7.1,41.0,3.15,8.04,12.65,30.0,2.31,5.88,9.26,28.0,2.15,5.49,8.64,68.0,5.23,13.33,20.98,33.0,2.54,6.47,10.18,79.0,6.08,15.49,24.38,35.0,2.69,6.86,10.8,51.0,3.92,10.0,15.74,19.0,1.46,3.73,5.86,8.0,0.62,1.57,2.47,46.0,3.54,9.02,14.19,31.0,2.38,6.08,9.57,49.22,46.47,2.75,104.91,14.0,1.08,2.75,116.67,8.97,0.58,0.6,0.61,0.34,0.73,0.14,0.52,0.26,0.67,0.46,3.73,1.57,0.09,6.08,0.21
4,新竹御嵿攻城獅,75|76|90|10888,高國豪/曾柏喻/李啓瑋/帕塞獅,5,207,248.0,3641.77,60.7,60:42,728.35,12.14,12:08,130.0,26.0,52.42,77.11,117.0,23.4,47.18,69.39,99.0,19.8,39.92,58.72,52.0,10.4,20.97,30.84,65.0,13.0,26.21,38.55,39.0,7.8,15.73,23.13,34.0,6.8,13.71,20.17,13.0,2.6,5.24,7.71,16.0,3.2,6.45,9.49,13.0,2.6,5.24,7.71,17.0,3.4,6.85,10.08,30.0,6.0,12.1,17.79,12.0,2.4,4.84,7.12,41.0,8.2,16.53,24.32,17.0,3.4,6.85,10.08,29.0,5.8,11.69,17.2,10.0,2.0,4.03,5.93,7.0,1.4,2.82,4.15,25.0,5.0,10.08,14.83,11.0,2.2,4.44,6.52,52.42,47.18,5.24,98.06,13.0,2.6,5.24,60.7,12.14,0.59,0.61,0.6,0.38,0.81,0.14,0.56,0.29,0.71,0.47,4.03,2.82,0.1,4.44,0.16
4,新竹御嵿攻城獅,75|76|10887|10888,高國豪/曾柏喻/德魯/帕塞獅,17,896,1072.0,15204.55,253.41,253:25,894.39,14.91,14:54,506.0,29.76,47.2,71.88,423.0,24.88,39.46,60.09,419.0,24.65,39.09,59.52,196.0,11.53,18.28,27.84,279.0,16.41,26.03,39.64,150.0,8.82,13.99,21.31,140.0,8.24,13.06,19.89,46.0,2.71,4.29,6.53,100.0,5.88,9.33,14.21,69.0,4.06,6.44,9.8,67.0,3.94,6.25,9.52,175.0,10.29,16.32,24.86,60.0,3.53,5.6,8.52,190.0,11.18,17.72,26.99,60.0,3.53,5.6,8.52,117.0,6.88,10.91,16.62,30.0,1.76,2.8,4.26,16.0,0.94,1.49,2.27,107.0,6.29,9.98,15.2,62.0,3.65,5.78,8.81,47.2,39.46,7.74,101.53,83.0,4.88,7.74,253.41,14.91,0.52,0.55,0.54,0.33,0.69,0.11,0.6,0.26,0.74,0.49,2.8,1.49,0.1,5.78,0.24
4,新竹御嵿攻城獅,75|90|10887|10888,高國豪/李啓瑋/德魯/帕塞獅,5,205,243.0,3389.11,56.49,56:29,677.82,11.3,11:18,130.0,26.0,53.5,82.85,112.0,22.4,46.09,71.38,96.0,19.2,39.51,61.18,52.0,10.4,21.4,33.14,62.0,12.4,25.51,39.51,39.0,7.8,16.05,24.86,34.0,6.8,13.99,21.67,13.0,2.6,5.35,8.29,16.0,3.2,6.58,10.2,13.0,2.6,5.35,8.29,16.0,3.2,6.58,10.2,28.0,5.6,11.52,17.85,10.0,2.0,4.12,6.37,42.0,8.4,17.28,26.77,17.0,3.4,7.0,10.83,29.0,5.8,11.93,18.48,10.0,2.0,4.12,6.37,7.0,1.4,2.88,4.46,25.0,5.0,10.29,15.93,11.0,2.2,4.53,7.01,53.5,46.09,7.41,103.25,18.0,3.6,7.41,56.49,11.3,0.61,0.63,0.63,0.38,0.81,0.14,0.56,0.28,0.74,0.46,4.12,2.88,0.1,4.53,0.17
4,新竹御嵿攻城獅,76|90|10887|10888,曾柏喻/李啓瑋/德魯/帕塞獅,7,263,314.0,4227.79,70.46,70:28,603.97,10.07,10:04,157.0,22.43,50.0,80.21,136.0,19.43,43.31,69.48,116.0,16.57,36.94,59.27,61.0,8.71,19.43,31.17,72.0,10.29,22.93,36.79,46.0,6.57,14.65,23.5,44.0,6.29,14.01,22.48,15.0,2.14,4.78,7.66,25.0,3.57,7.96,12.77,20.0,2.86,6.37,10.22,19.0,2.71,6.05,9.71,36.0,5.14,11.46,18.39,14.0,2.0,4.46,7.15,58.0,8.29,18.47,29.63,27.0,3.86,8.6,13.79,37.0,5.29,11.78,18.9,16.0,2.29,5.1,8.17,7.0,1.0,2.23,3.58,34.0,4.86,10.83,17.37,15.0,2.14,4.78,7.66,50.0,43.31,6.69,106.95,21.0,3.0,6.69,70.46,10.07,0.59,0.62,0.64,0.34,0.8,0.18,0.61,0.25,0.72,0.43,5.1,2.23,0.11,4.78,0.22
4,新竹御嵿攻城獅,75|76|90|10862,高國豪/曾柏喻/李啓瑋/提傑,11,249,294.0,4139.18,68.99,68:59,376.29,6.27,06:16,127.0,11.55,43.2,66.27,126.0,11.45,42.86,65.75,110.0,10.0,37.41,57.4,49.0,4.45,16.67,25.57,72.0,6.55,24.49,37.57,39.0,3.55,13.27,20.35,38.0,3.45,12.93,19.83,10.0,0.91,3.4,5.22,27.0,2.45,9.18,14.09,19.0,1.73,6.46,9.92,14.0,1.27,4.76,7.31,50.0,4.55,17.01,26.09,25.0,2.27,8.5,13.05,41.0,3.73,13.95,21.4,17.0,1.55,5.78,8.87,24.0,2.18,8.16,12.52,11.0,1.0,3.74,5.74,3.0,0.27,1.02,1.57,22.0,2.0,7.48,11.48,21.0,1.91,7.14,10.96,43.2,42.86,0.34,102.28,1.0,0.09,0.34,68.99,6.27,0.49,0.52,0.54,0.26,0.7,0.12,0.49,0.25,0.67,0.49,3.74,1.02,0.07,7.14,0.25
4,新竹御嵿攻城獅,75|76|10862|10887,高國豪/曾柏喻/提傑/德魯,20,788,935.0,13080.55,218.01,218:01,654.03,10.9,10:54,410.0,20.5,43.85,67.7,400.0,20.0,42.78,66.05,331.0,16.55,35.4,54.66,146.0,7.3,15.61,24.11,203.0,10.15,21.71,33.52,105.0,5.25,11.23,17.34,128.0,6.4,13.69,21.14,41.0,2.05,4.39,6.77,106.0,5.3,11.34,17.5,77.0,3.85,8.24,12.72,48.0,2.4,5.13,7.93,147.0,7.35,15.72,24.27,77.0,3.85,8.24,12.72,135.0,6.75,14.44,22.29,65.0,3.25,6.95,10.73,101.0,5.05,10.8,16.68,38.0,1.9,4.06,6.27,11.0,0.55,1.18,1.82,89.0,4.45,9.52,14.7,61.0,3.05,6.52,10.07,43.85,42.78,1.07,102.93,10.0,0.5,1.07,218.01,10.9,0.5,0.54,0.52,0.32,0.73,0.15,0.69,0.26,0.66,0.48,4.06,1.18,0.1,6.52,0.32
4,新竹御嵿攻城獅,75|90|10862|10887,高國豪/李啓瑋/提傑/德魯,12,279,336.0,4532.1,75.53,75:32,377.67,6.29,06:18,155.0,12.92,46.13,73.87,151.0,12.58,44.94,71.97,122.0,10.17,36.31,58.15,56.0,4.67,16.67,26.69,74.0,6.17,22.02,35.27,39.0,3.25,11.61,18.59,48.0,4.0,14.29,22.88,17.0,1.42,5.06,8.1,37.0,3.08,11.01,17.63,27.0,2.25,8.04,12.87,17.0,1.42,5.06,8.1,53.0,4.42,15.77,25.26,35.0,2.92,10.42,16.68,48.0,4.0,14.29,22.88,17.0,1.42,5.06,8.1,32.0,2.67,9.52,15.25,11.0,0.92,3.27,5.24,3.0,0.25,0.89,1.43,32.0,2.67,9.52,15.25,19.0,1.58,5.65,9.06,46.13,44.94,1.19,106.76,4.0,0.33,1.19,75.53,6.29,0.53,0.56,0.53,0.35,0.73,0.11,0.57,0.26,0.6,0.46,3.27,0.89,0.1,5.65,0.3
4,新竹御嵿攻城獅,76|90|10862|10887,曾柏喻/李啓瑋/提傑/德魯,12,281,332.0,4392.71,73.21,73:13,366.06,6.1,06:06,146.0,12.17,43.98,71.79,134.0,11.17,40.36,65.89,117.0,9.75,35.24,57.53,53.0,4.42,15.96,26.06,74.0,6.17,22.29,36.39,42.0,3.5,12.65,20.65,43.0,3.58,12.95,21.14,11.0,0.92,3.31,5.41,38.0,3.17,11.45,18.69,29.0,2.42,8.73,14.26,15.0,1.25,4.52,7.38,52.0,4.33,15.66,25.57,30.0,2.5,9.04,14.75,53.0,4.42,15.96,26.06,21.0,1.75,6.33,10.33,30.0,2.5,9.04,14.75,12.0,1.0,3.61,5.9,1.0,0.08,0.3,0.49,29.0,2.42,8.73,14.26,22.0,1.83,6.63,10.82,43.98,40.36,3.61,108.83,12.0,1.0,3.61,73.21,6.1,0.5,0.55,0.57,0.26,0.76,0.14,0.57,0.22,0.63,0.45,3.61,0.3,0.09,6.63,0.32
4,高雄全家海神,118|122|123|10892,蘇文儒/陳懷安/勤明慶/詹姆斯,1,19,20.0,249.13,4.15,04:09,249.13,4.15,04:09,7.0,7.0,35.0,60.69,7.0,7.0,35.0,60.69,9.0,9.0,45.0,78.03,3.0,3.0,15.0,26.01,7.0,7.0,35.0,60.69,2.0,2.0,10.0,17.34,2.0,2.0,10.0,17.34,1.0,1.0,5.0,8.67,0.0,0.0,0.0,0.0,0.0,0.0,0.0,0.0,1.0,1.0,5.0,8.67,5.0,5.0,25.0,43.35,2.0,2.0,10.0,17.34,4.0,4.0,20.0,34.68,1.0,1.0,5.0,8.67,1.0,1.0,5.0,8.67,1.0,1.0,5.0,8.67,1.0,1.0,5.0,8.67,0.0,0.0,0.0,0.0,4.0,4.0,20.0,34.68,35.0,35.0,0.0,115.6,0.0,0.0,0.0,4.15,4.15,0.39,0.39,0.29,0.5,,0.1,0.33,0.2,0.71,0.5,5.0,5.0,0.0,20.0,0.0
4,高雄全家海神,118|122|123|12668,蘇文儒/陳懷安/勤明慶/歐提斯,4,69,76.0,1092.75,18.21,18:13,273.19,4.55,04:33,32.0,8.0,42.11,63.25,32.0,8.0,42.11,63.25,32.0,8.0,42.11,63.25,13.0,3.25,17.11,25.7,19.0,4.75,25.0,37.56,8.0,2.0,10.53,15.81,13.0,3.25,17.11,25.7,5.0,1.25,6.58,9.88,1.0,0.25,1.32,1.98,1.0,0.25,1.32,1.98,2.0,0.5,2.63,3.95,17.0,4.25,22.37,33.6,5.0,1.25,6.58,9.88,10.0,2.5,13.16,19.77,5.0,1.25,6.58,9.88,9.0,2.25,11.84,17.79,3.0,0.75,3.95,5.93,1.0,0.25,1.32,1.98,2.0,0.5,2.63,3.95,16.0,4.0,21.05,31.63,42.11,42.11,0.0,100.15,0.0,0.0,0.0,18.21,4.55,0.48,0.49,0.42,0.38,1.0,0.13,0.69,0.17,0.77,0.56,3.95,1.32,0.03,21.05,0.03
4,高雄全家海神,118|122|10892|12668,蘇文儒/陳懷安/詹姆斯/歐提斯,1,12,12.0,152.13,2.54,02:32,152.13,2.54,02:32,4.0,4.0,33.33,56.79,4.0,4.0,33.33,56.79,5.0,5.0,41.67,70.99,2.0,2.0,16.67,28.4,4.0,4.0,33.33,56.79,2.0,2.0,16.67,28.4,1.0,1.0,8.33,14.2,0.0,0.0,0.0,0.0,0.0,0.0,0.0,0.0,0.0,0.0,0.0,0.0,0.0,0.0,0.0,0.0,3.0,3.0,25.0,42.59,1.0,1.0,8.33,14.2,3.0,3.0,25.0,42.59,1.0,1.0,8.33,14.2,1.0,1.0,8.33,14.2,1.0,1.0,8.33,14.2,0.0,0.0,0.0,0.0,0.0,0.0,0.0,0.0,4.0,4.0,33.33,56.79,33.33,33.33,0.0,113.59,0.0,0.0,0.0,2.54,2.54,0.4,0.4,0.5,0.0,,0.17,0.5,0.0,0.75,0.43,8.33,0.0,0.0,33.33,0.0
4,高雄全家海神,118|123|10892|12668,蘇文儒/勤明慶/詹姆斯/歐提斯,2,16,18.0,196.97,3.28,03:17,98.48,1.64,01:38,8.0,4.0,44.44,87.73,4.0,2.0,22.22,43.86,5.0,2.5,27.78,54.83,2.0,1.0,11.11,21.93,4.0,2.0,22.22,43.86,2.0,1.0,11.11,21.93,1.0,0.5,5.56,10.97,0.0,0.0,0.0,0.0,4.0,2.0,22.22,43.86,4.0,2.0,22.22,43.86,0.0,0.0,0.0,0.0,3.0,1.5,16.67,32.9,3.0,1.5,16.67,32.9,4.0,2.0,22.22,43.86,1.0,0.5,5.56,10.97,1.0,0.5,5.56,10.97,1.0,0.5,5.56,10.97,0.0,0.0,0.0,0.0,2.0,1.0,11.11,21.93,4.0,2.0,22.22,43.86,44.44,22.22,22.22,131.59,4.0,2.0,22.22,3.28,1.64,0.4,0.59,0.5,0.0,1.0,0.13,0.5,0.0,0.5,0.3,5.56,0.0,0.11,22.22,0.8
4,高雄全家海神,122|123|10892|12668,陳懷安/勤明慶/詹姆斯/歐提斯,2,33,36.0,509.28,8.49,08:29,254.64,4.24,04:15,15.0,7.5,41.67,63.62,13.0,6.5,36.11,55.14,15.0,7.5,41.67,63.62,6.0,3.0,16.67,25.45,6.0,3.0,16.67,25.45,3.0,1.5,8.33,12.72,9.0,4.5,25.0,38.17,3.0,1.5,8.33,12.72,0.0,0.0,0.0,0.0,0.0,0.0,0.0,0.0,2.0,1.0,5.56,8.48,7.0,3.5,19.44,29.69,1.0,0.5,2.78,4.24,8.0,4.0,22.22,33.93,4.0,2.0,11.11,16.97,4.0,2.0,11.11,16.97,4.0,2.0,11.11,16.97,0.0,0.0,0.0,0.0,1.0,0.5,2.78,4.24,8.0,4.0,22.22,33.93,41.67,36.11,5.56,101.79,2.0,1.0,5.56,8.49,4.24,0.5,0.5,0.5,0.33,,0.21,0.67,0.2,0.88,0.5,11.11,0.0,0.03,22.22,0.0
4,新竹御嵿攻城獅,75|76|82|10862,高國豪/曾柏喻/蕭順議/提傑,6,42,52.0,644.74,10.75,10:45,107.46,1.79,01:47,18.0,3.0,34.62,60.3,14.0,2.33,26.92,46.9,20.0,3.33,38.46,67.0,6.0,1.0,11.54,20.1,12.0,2.0,23.08,40.2,6.0,1.0,11.54,20.1,8.0,1.33,15.38,26.8,0.0,0.0,0.0,0.0,7.0,1.17,13.46,23.45,4.0,0.67,7.69,13.4,4.0,0.67,7.69,13.4,10.0,1.67,19.23,33.5,4.0,0.67,7.69,13.4,8.0,1.33,15.38,26.8,3.0,0.5,5.77,10.05,2.0,0.33,3.85,6.7,1.0,0.17,1.92,3.35,0.0,0.0,0.0,0.0,5.0,0.83,9.62,16.75,2.0,0.33,3.85,6.7,34.62,26.92,7.69,116.14,4.0,0.67,7.69,10.75,1.79,0.3,0.39,0.5,0.0,0.57,0.12,0.33,0.33,0.71,0.54,1.92,0.0,0.1,3.85,0.35
4,新竹御嵿攻城獅,75|76|82|10887,高國豪/曾柏喻/蕭順議/德魯,5,35,43.0,461.16,7.69,07:41,92.23,1.54,01:32,15.0,3.0,34.88,70.26,8.0,1.6,18.6,37.47,17.0,3.4,39.53,79.63,6.0,1.2,13.95,28.1,12.0,2.4,27.91,56.21,6.0,1.2,13.95,28.1,5.0,1.0,11.63,23.42,0.0,0.0,0.0,0.0,9.0,1.8,20.93,42.15,3.0,0.6,6.98,14.05,3.0,0.6,6.98,14.05,11.0,2.2,25.58,51.52,1.0,0.2,2.33,4.68,8.0,1.6,18.6,37.47,0.0,0.0,0.0,0.0,3.0,0.6,6.98,14.05,0.0,0.0,0.0,0.0,0.0,0.0,0.0,0.0,6.0,1.2,13.95,28.1,2.0,0.4,4.65,9.37,34.88,18.6,16.28,134.27,7.0,1.4,16.28,7.69,1.54,0.35,0.36,0.5,0.0,0.33,0.0,0.5,0.27,0.92,0.61,0.0,0.0,0.14,4.65,0.53
4,新竹御嵿攻城獅,75|82|10862|10887,高國豪/蕭順議/提傑/德魯,3,22,25.0,317.65,5.29,05:18,105.88,1.76,01:46,8.0,2.67,32.0,54.4,7.0,2.33,28.0,47.6,10.0,3.33,40.0,68.0,4.0,1.33,16.0,27.2,6.0,2.0,24.0,40.8,4.0,1.33,16.0,27.2,4.0,1.33,16.0,27.2,0.0,0.0,0.0,0.0,2.0,0.67,8.0,13.6,0.0,0.0,0.0,0.0,2.0,0.67,8.0,13.6,5.0,1.67,20.0,34.0,1.0,0.33,4.0,6.8,5.0,1.67,20.0,34.0,2.0,0.67,8.0,13.6,1.0,0.33,4.0,6.8,2.0,0.67,8.0,13.6,0.0,0.0,0.0,0.0,2.0,0.67,8.0,13.6,2.0,0.67,8.0,13.6,32.0,28.0,4.0,113.33,1.0,0.33,4.0,5.29,1.76,0.4,0.37,0.67,0.0,0.0,0.16,0.25,0.29,0.83,0.54,8.0,0.0,0.08,8.0,0.2
4,新竹御嵿攻城獅,76|82|10862|10887,曾柏喻/蕭順議/提傑/德魯,6,65,77.0,1020.29,17.0,17:00,170.05,2.83,02:50,30.0,5.0,38.96,63.51,27.0,4.5,35.06,57.16,24.0,4.0,31.17,50.81,12.0,2.0,15.58,25.4,16.0,2.67,20.78,33.87,10.0,1.67,12.99,21.17,8.0,1.33,10.39,16.94,2.0,0.33,2.6,4.23,8.0,1.33,10.39,16.94,4.0,0.67,5.19,8.47,3.0,0.5,3.9,6.35,10.0,1.67,12.99,21.17,3.0,0.5,3.9,6.35,19.0,3.17,24.68,40.22,9.0,1.5,11.69,19.05,4.0,0.67,5.19,8.47,7.0,1.17,9.09,14.82,0.0,0.0,0.0,0.0,9.0,1.5,11.69,19.05,6.0,1.0,7.79,12.7,38.96,35.06,3.9,108.68,3.0,0.5,3.9,17.0,2.83,0.54,0.55,0.62,0.25,0.5,0.25,0.33,0.14,0.77,0.37,9.09,0.0,0.12,7.79,0.33
4,高雄全家海神,45|109|123|10892,施晉堯/于煥亞/勤明慶/詹姆斯,1,11,12.0,136.03,2.27,02:16,136.03,2.27,02:16,2.0,2.0,16.67,31.76,3.0,3.0,25.0,47.64,5.0,5.0,41.67,79.39,1.0,1.0,8.33,15.88,5.0,5.0,41.67,79.39,1.0,1.0,8.33,15.88,0.0,0.0,0.0,0.0,0.0,0.0,0.0,0.0,0.0,0.0,0.0,0.0,0.0,0.0,0.0,0.0,1.0,1.0,8.33,15.88,3.0,3.0,25.0,47.64,0.0,0.0,0.0,0.0,2.0,2.0,16.67,31.76,1.0,1.0,8.33,15.88,0.0,0.0,0.0,0.0,0.0,0.0,0.0,0.0,2.0,2.0,16.67,31.76,0.0,0.0,0.0,0.0,2.0,2.0,16.67,31.76,16.67,25.0,-8.33,127.03,-1.0,-1.0,-8.33,2.27,2.27,0.2,0.2,0.2,,,0.17,0.0,0.33,1.0,0.67,0.0,16.67,0.0,16.67,0.0
4,高雄全家海神,45|109|123|12668,施晉堯/于煥亞/勤明慶/歐提斯,2,15,16.0,198.87,3.31,03:19,99.44,1.66,01:39,2.0,1.0,12.5,21.72,8.0,4.0,50.0,86.89,5.0,2.5,31.25,54.31,1.0,0.5,6.25,10.86,5.0,2.5,31.25,54.31,1.0,0.5,6.25,10.86,0.0,0.0,0.0,0.0,0.0,0.0,0.0,0.0,0.0,0.0,0.0,0.0,0.0,0.0,0.0,0.0,1.0,0.5,6.25,10.86,3.0,1.5,18.75,32.58,0.0,0.0,0.0,0.0,2.0,1.0,12.5,21.72,3.0,1.5,18.75,32.58,0.0,0.0,0.0,0.0,1.0,0.5,6.25,10.86,2.0,1.0,12.5,21.72,0.0,0.0,0.0,0.0,2.0,1.0,12.5,21.72,12.5,50.0,-37.5,115.85,-6.0,-3.0,-37.5,3.31,1.66,0.2,0.2,0.2,,,0.38,0.0,0.33,1.0,0.67,6.25,12.5,0.0,12.5,0.0
4,高雄全家海神,45|109|10892|12668,施晉堯/于煥亞/詹姆斯/歐提斯,1,20,22.0,294.03,4.9,04:54,294.03,4.9,04:54,8.0,8.0,36.36,58.77,10.0,10.0,45.45,73.46,9.0,9.0,40.91,66.12,3.0,3.0,13.64,22.04,8.0,8.0,36.36,58.77,3.0,3.0,13.64,22.04,1.0,1.0,4.55,7.35,0.0,0.0,0.0,0.0,3.0,3.0,13.64,22.04,2.0,2.0,9.09,14.69,2.0,2.0,9.09,14.69,4.0,4.0,18.18,29.38,0.0,0.0,0.0,0.0,2.0,2.0,9.09,14.69,1.0,1.0,4.55,7.35,1.0,1.0,4.55,7.35,0.0,0.0,0.0,0.0,2.0,2.0,9.09,14.69,1.0,1.0,4.55,7.35,4.0,4.0,18.18,29.38,36.36,45.45,-9.09,107.74,-2.0,-2.0,-9.09,4.9,4.9,0.33,0.39,0.38,0.0,0.67,0.09,0.33,0.5,1.0,0.75,0.0,9.09,0.05,18.18,0.33
4,高雄全家海神,45|123|10892|12668,施晉堯/勤明慶/詹姆斯/歐提斯,1,11,12.0,136.03,2.27,02:16,136.03,2.27,02:16,2.0,2.0,16.67,31.76,3.0,3.0,25.0,47.64,5.0,5.0,41.67,79.39,1.0,1.0,8.33,15.88,5.0,5.0,41.67,79.39,1.0,1.0,8.33,15.88,0.0,0.0,0.0,0.0,0.0,0.0,0.0,0.0,0.0,0.0,0.0,0.0,0.0,0.0,0.0,0.0,1.0,1.0,8.33,15.88,3.0,3.0,25.0,47.64,0.0,0.0,0.0,0.0,2.0,2.0,16.67,31.76,1.0,1.0,8.33,15.88,0.0,0.0,0.0,0.0,0.0,0.0,0.0,0.0,2.0,2.0,16.67,31.76,0.0,0.0,0.0,0.0,2.0,2.0,16.67,31.76,16.67,25.0,-8.33,127.03,-1.0,-1.0,-8.33,2.27,2.27,0.2,0.2,0.2,,,0.17,0.0,0.33,1.0,0.67,0.0,16.67,0.0,16.67,0.0
4,高雄全家海神,109|123|10892|12668,于煥亞/勤明慶/詹姆斯/歐提斯,2,66,78.0,930.7,15.51,15:31,465.35,7.76,07:45,38.0,19.0,48.72,88.19,40.0,20.0,51.28,92.83,27.0,13.5,34.62,62.66,11.0,5.5,14.1,25.53,12.0,6.0,15.38,27.85,5.0,2.5,6.41,11.6,15.0,7.5,19.23,34.81,6.0,3.0,7.69,13.93,10.0,5.0,12.82,23.21,10.0,5.0,12.82,23.21,5.0,2.5,6.41,11.6,11.0,5.5,14.1,25.53,5.0,2.5,6.41,11.6,10.0,5.0,12.82,23.21,5.0,2.5,6.41,11.6,7.0,3.5,8.97,16.25,4.0,2.0,5.13,9.28,2.0,1.0,2.56,4.64,6.0,3.0,7.69,13.93,14.0,7.0,17.95,32.49,48.72,51.28,-2.56,120.68,-2.0,-1.0,-2.56,15.51,7.76,0.52,0.61,0.42,0.4,1.0,0.14,0.64,0.33,0.69,0.52,5.13,2.56,0.08,17.95,0.37
4,新竹御嵿攻城獅,71|82|88|10862,李漢昇/蕭順議/盧冠軒/提傑,1,21,26.0,344.24,5.74,05:44,344.24,5.74,05:44,14.0,14.0,53.85,87.85,18.0,18.0,69.23,112.94,10.0,10.0,38.46,62.75,6.0,6.0,23.08,37.65,8.0,8.0,30.77,50.2,5.0,5.0,19.23,31.37,2.0,2.0,7.69,12.55,1.0,1.0,3.85,6.27,4.0,4.0,15.38,25.1,1.0,1.0,3.85,6.27,2.0,2.0,7.69,12.55,4.0,4.0,15.38,25.1,0.0,0.0,0.0,0.0,4.0,4.0,15.38,25.1,1.0,1.0,3.85,6.27,5.0,5.0,19.23,31.37,0.0,0.0,0.0,0.0,0.0,0.0,0.0,0.0,2.0,2.0,7.69,12.55,3.0,3.0,11.54,18.82,53.85,69.23,-15.38,108.76,-4.0,-4.0,-15.38,5.74,5.74,0.65,0.6,0.62,0.5,0.25,0.08,0.83,0.33,1.0,0.6,0.0,0.0,0.08,11.54,0.4
4,新竹御嵿攻城獅,71|82|88|10888,李漢昇/蕭順議/盧冠軒/帕塞獅,1,16,21.0,261.73,4.36,04:22,261.73,4.36,04:22,12.0,12.0,57.14,99.03,13.0,13.0,61.9,107.28,7.0,7.0,33.33,57.77,5.0,5.0,23.81,41.26,5.0,5.0,23.81,41.26,4.0,4.0,19.05,33.01,2.0,2.0,9.52,16.51,1.0,1.0,4.76,8.25,4.0,4.0,19.05,33.01,1.0,1.0,4.76,8.25,2.0,2.0,9.52,16.51,2.0,2.0,9.52,16.51,0.0,0.0,0.0,0.0,4.0,4.0,19.05,33.01,1.0,1.0,4.76,8.25,5.0,5.0,23.81,41.26,0.0,0.0,0.0,0.0,0.0,0.0,0.0,0.0,2.0,2.0,9.52,16.51,3.0,3.0,14.29,24.76,57.14,61.9,-4.76,115.54,-1.0,-1.0,-4.76,4.36,4.36,0.79,0.68,0.8,0.5,0.25,0.1,1.0,0.33,1.0,0.5,0.0,0.0,0.1,14.29,0.57
4,新竹御嵿攻城獅,71|82|10862|10888,李漢昇/蕭順議/提傑/帕塞獅,1,16,21.0,261.73,4.36,04:22,261.73,4.36,04:22,12.0,12.0,57.14,99.03,13.0,13.0,61.9,107.28,7.0,7.0,33.33,57.77,5.0,5.0,23.81,41.26,5.0,5.0,23.81,41.26,4.0,4.0,19.05,33.01,2.0,2.0,9.52,16.51,1.0,1.0,4.76,8.25,4.0,4.0,19.05,33.01,1.0,1.0,4.76,8.25,2.0,2.0,9.52,16.51,2.0,2.0,9.52,16.51,0.0,0.0,0.0,0.0,4.0,4.0,19.05,33.01,1.0,1.0,4.76,8.25,5.0,5.0,23.81,41.26,0.0,0.0,0.0,0.0,0.0,0.0,0.0,0.0,2.0,2.0,9.52,16.51,3.0,3.0,14.29,24.76,57.14,61.9,-4.76,115.54,-1.0,-1.0,-4.76,4.36,4.36,0.79,0.68,0.8,0.5,0.25,0.1,1.0,0.33,1.0,0.5,0.0,0.0,0.1,14.29,0.57
4,新竹御嵿攻城獅,71|88|10862|10888,李漢昇/盧冠軒/提傑/帕塞獅,2,39,47.0,664.73,11.08,11:05,332.37,5.54,05:32,19.0,9.5,40.43,61.74,27.0,13.5,57.45,87.73,15.0,7.5,31.91,48.74,8.0,4.0,17.02,26.0,10.0,5.0,21.28,32.49,6.0,3.0,12.77,19.5,5.0,2.5,10.64,16.25,2.0,1.0,4.26,6.5,4.0,2.0,8.51,13.0,1.0,0.5,2.13,3.25,2.0,1.0,4.26,6.5,7.0,3.5,14.89,22.75,1.0,0.5,2.13,3.25,10.0,5.0,21.28,32.49,6.0,3.0,12.77,19.5,6.0,3.0,12.77,19.5,4.0,2.0,8.51,13.0,0.0,0.0,0.0,0.0,4.0,2.0,8.51,13.0,7.0,3.5,14.89,22.75,40.43,57.45,-17.02,101.82,-8.0,-4.0,-17.02,11.08,5.54,0.6,0.57,0.6,0.4,0.25,0.26,0.75,0.17,0.88,0.45,8.51,0.0,0.09,14.89,0.27
4,新竹御嵿攻城獅,82|88|10862|10888,蕭順議/盧冠軒/提傑/帕塞獅,2,42,55.0,734.66,12.24,12:15,367.33,6.12,06:07,33.0,16.5,60.0,97.02,30.0,15.0,54.55,88.2,21.0,10.5,38.18,61.74,14.0,7.0,25.45,41.16,15.0,7.5,27.27,44.1,11.0,5.5,20.0,32.34,6.0,3.0,10.91,17.64,3.0,1.5,5.45,8.82,6.0,3.0,10.91,17.64,2.0,1.0,3.64,5.88,5.0,2.5,9.09,14.7,4.0,2.0,7.27,11.76,3.0,1.5,5.45,8.82,7.0,3.5,12.73,20.58,3.0,1.5,5.45,8.82,8.0,4.0,14.55,23.52,2.0,1.0,3.64,5.88,0.0,0.0,0.0,0.0,4.0,2.0,7.27,11.76,8.0,4.0,14.55,23.52,60.0,54.55,5.45,107.8,3.0,1.5,5.45,12.24,6.12,0.74,0.7,0.73,0.5,0.33,0.11,0.57,0.42,0.57,0.47,3.64,0.0,0.07,14.55,0.29
4,高雄全家海神,45|109|110|12668,施晉堯/于煥亞/胡瓏貿/歐提斯,4,50,58.0,808.46,13.47,13:28,202.12,3.37,03:22,28.0,7.0,48.28,74.81,43.0,10.75,74.14,114.88,19.0,4.75,32.76,50.76,10.0,2.5,17.24,26.72,9.0,2.25,15.52,24.05,6.0,1.5,10.34,16.03,10.0,2.5,17.24,26.72,4.0,1.0,6.9,10.69,7.0,1.75,12.07,18.7,4.0,1.0,6.9,10.69,1.0,0.25,1.72,2.67,10.0,2.5,17.24,26.72,6.0,1.5,10.34,16.03,4.0,1.0,6.9,10.69,3.0,0.75,5.17,8.02,6.0,1.5,10.34,16.03,2.0,0.5,3.45,5.34,0.0,0.0,0.0,0.0,7.0,1.75,12.07,18.7,6.0,1.5,10.34,16.03,48.28,74.14,-25.86,103.31,-15.0,-3.75,-25.86,13.47,3.37,0.63,0.63,0.67,0.4,0.57,0.12,0.6,0.2,0.62,0.52,3.45,0.0,0.12,10.34,0.37
4,高雄全家海神,45|109|10894|12668,施晉堯/于煥亞/凱帝/歐提斯,2,54,65.0,766.71,12.78,12:47,383.35,6.39,06:23,33.0,16.5,50.77,92.97,35.0,17.5,53.85,98.6,18.0,9.0,27.69,50.71,12.0,6.0,18.46,33.81,12.0,6.0,18.46,33.81,9.0,4.5,13.85,25.36,6.0,3.0,9.23,16.9,3.0,1.5,4.62,8.45,9.0,4.5,13.85,25.36,6.0,3.0,9.23,16.9,1.0,0.5,1.54,2.82,8.0,4.0,12.31,22.54,8.0,4.0,12.31,22.54,9.0,4.5,13.85,25.36,5.0,2.5,7.69,14.09,7.0,3.5,10.77,19.72,5.0,2.5,7.69,14.09,1.0,0.5,1.54,2.82,6.0,3.0,9.23,16.9,10.0,5.0,15.38,28.17,50.77,53.85,-3.08,122.08,-2.0,-1.0,-3.08,12.78,6.39,0.75,0.75,0.75,0.5,0.67,0.19,0.58,0.1,0.5,0.35,7.69,1.54,0.09,15.38,0.5
4,高雄全家海神,45|110|10894|12668,施晉堯/胡瓏貿/凱帝/歐提斯,4,157,192.0,2661.97,44.37,44:22,665.49,11.09,11:05,76.0,19.0,39.58,61.67,88.0,22.0,45.83,71.41,68.0,17.0,35.42,55.18,27.0,6.75,14.06,21.91,36.0,9.0,18.75,29.21,14.0,3.5,7.29,11.36,32.0,8.0,16.67,25.97,13.0,3.25,6.77,10.55,17.0,4.25,8.85,13.79,9.0,2.25,4.69,7.3,12.0,3.0,6.25,9.74,34.0,8.5,17.71,27.59,13.0,3.25,6.77,10.55,32.0,8.0,16.67,25.97,17.0,4.25,8.85,13.79,16.0,4.0,8.33,12.98,8.0,2.0,4.17,6.49,3.0,0.75,1.56,2.43,22.0,5.5,11.46,17.85,15.0,3.75,7.81,12.17,39.58,45.83,-6.25,103.86,-12.0,-3.0,-6.25,44.37,11.09,0.49,0.5,0.39,0.41,0.53,0.18,0.59,0.27,0.72,0.51,4.17,1.56,0.11,7.81,0.25
4,高雄全家海神,109|110|10894|12668,于煥亞/胡瓏貿/凱帝/歐提斯,5,57,70.0,931.12,15.52,15:31,186.22,3.1,03:06,43.0,8.6,61.43,99.75,37.0,7.4,52.86,85.83,21.0,4.2,30.0,48.72,12.0,2.4,17.14,27.84,11.0,2.2,15.71,25.52,8.0,1.6,11.43,18.56,10.0,2.0,14.29,23.2,4.0,0.8,5.71,9.28,18.0,3.6,25.71,41.76,14.0,2.8,20.0,32.48,3.0,0.6,4.29,6.96,10.0,2.0,14.29,23.2,7.0,1.4,10.0,16.24,6.0,1.2,8.57,13.92,3.0,0.6,4.29,6.96,10.0,2.0,14.29,23.2,3.0,0.6,4.29,6.96,0.0,0.0,0.0,0.0,11.0,2.2,15.71,25.52,5.0,1.0,7.14,11.6,61.43,52.86,8.57,108.26,6.0,1.2,8.57,15.52,3.1,0.67,0.74,0.73,0.4,0.78,0.09,0.83,0.33,0.59,0.5,4.29,0.0,0.16,7.14,0.86
4,新竹御嵿攻城獅,71|82|88|10887,李漢昇/蕭順議/盧冠軒/德魯,1,5,5.0,82.51,1.38,01:23,82.51,1.38,01:23,2.0,2.0,40.0,52.36,5.0,5.0,100.0,130.9,3.0,3.0,60.0,78.54,1.0,1.0,20.0,26.18,3.0,3.0,60.0,78.54,1.0,1.0,20.0,26.18,0.0,0.0,0.0,0.0,0.0,0.0,0.0,0.0,0.0,0.0,0.0,0.0,0.0,0.0,0.0,0.0,0.0,0.0,0.0,0.0,2.0,2.0,40.0,52.36,0.0,0.0,0.0,0.0,0.0,0.0,0.0,0.0,0.0,0.0,0.0,0.0,0.0,0.0,0.0,0.0,0.0,0.0,0.0,0.0,0.0,0.0,0.0,0.0,0.0,0.0,0.0,0.0,0.0,0.0,0.0,0.0,40.0,100.0,-60.0,87.27,-3.0,-3.0,-60.0,1.38,1.38,0.33,0.33,0.33,,,0.0,0.0,,1.0,1.0,0.0,0.0,0.0,0.0,0.0
4,新竹御嵿攻城獅,71|82|10862|10887,李漢昇/蕭順議/提傑/德魯,2,28,33.0,426.51,7.11,07:07,213.25,3.55,03:33,14.0,7.0,42.42,70.9,15.0,7.5,45.45,75.97,10.0,5.0,30.3,50.64,5.0,2.5,15.15,25.32,6.0,3.0,18.18,30.39,3.0,1.5,9.09,15.19,4.0,2.0,12.12,20.26,2.0,1.0,6.06,10.13,2.0,1.0,6.06,10.13,2.0,1.0,6.06,10.13,1.0,0.5,3.03,5.06,5.0,2.5,15.15,25.32,2.0,1.0,6.06,10.13,3.0,1.5,9.09,15.19,5.0,2.5,15.15,25.32,2.0,1.0,6.06,10.13,1.0,0.5,3.03,5.06,0.0,0.0,0.0,0.0,4.0,2.0,12.12,20.26,0.0,0.0,0.0,0.0,42.42,45.45,-3.03,111.42,-1.0,-0.5,-3.03,7.11,3.55,0.6,0.64,0.5,0.5,1.0,0.31,0.4,0.25,0.71,0.55,3.03,0.0,0.12,0.0,0.2
4,新竹御嵿攻城獅,71|88|10862|10887,李漢昇/盧冠軒/提傑/德魯,3,19,21.0,324.96,5.42,05:25,108.32,1.81,01:48,11.0,3.67,52.38,73.12,16.0,5.33,76.19,106.35,6.0,2.0,28.57,39.88,4.0,1.33,19.05,26.59,5.0,1.67,23.81,33.23,3.0,1.0,14.29,19.94,1.0,0.33,4.76,6.65,1.0,0.33,4.76,6.65,2.0,0.67,9.52,13.29,2.0,0.67,9.52,13.29,0.0,0.0,0.0,0.0,2.0,0.67,9.52,13.29,2.0,0.67,9.52,13.29,2.0,0.67,9.52,13.29,2.0,0.67,9.52,13.29,3.0,1.0,14.29,19.94,1.0,0.33,4.76,6.65,0.0,0.0,0.0,0.0,1.0,0.33,4.76,6.65,0.0,0.0,0.0,0.0,52.38,76.19,-23.81,93.06,-5.0,-1.67,-23.81,5.42,1.81,0.75,0.8,0.6,1.0,1.0,0.23,0.75,0.0,0.5,0.33,4.76,0.0,0.05,0.0,0.33
4,新竹御嵿攻城獅,82|88|10862|10887,蕭順議/盧冠軒/提傑/德魯,3,34,40.0,504.7,8.41,08:25,168.23,2.8,02:48,16.0,5.33,40.0,68.48,19.0,6.33,47.5,81.32,11.0,3.67,27.5,47.08,5.0,1.67,12.5,21.4,7.0,2.33,17.5,29.96,4.0,1.33,10.0,17.12,4.0,1.33,10.0,17.12,1.0,0.33,2.5,4.28,8.0,2.67,20.0,34.24,5.0,1.67,12.5,21.4,3.0,1.0,7.5,12.84,4.0,1.33,10.0,17.12,0.0,0.0,0.0,0.0,6.0,2.0,15.0,25.68,6.0,2.0,15.0,25.68,3.0,1.0,7.5,12.84,4.0,1.33,10.0,17.12,1.0,0.33,2.5,4.28,4.0,1.33,10.0,17.12,2.0,0.67,5.0,8.56,40.0,47.5,-7.5,114.13,-3.0,-1.0,-7.5,8.41,2.8,0.5,0.55,0.57,0.25,0.62,0.29,0.6,0.33,1.0,0.54,10.0,2.5,0.1,5.0,0.73
4,新竹御嵿攻城獅,71|87|10862|10885,李漢昇/蔡宸綱/提傑/劉丞勳,2,28,39.0,534.46,8.91,08:54,267.23,4.45,04:27,12.0,6.0,30.77,48.5,14.0,7.0,35.9,56.58,11.0,5.5,28.21,44.46,2.0,1.0,5.13,8.08,4.0,2.0,10.26,16.17,1.0,0.5,2.56,4.04,7.0,3.5,17.95,28.29,1.0,0.5,2.56,4.04,12.0,6.0,30.77,48.5,8.0,4.0,20.51,32.33,2.0,1.0,5.13,8.08,6.0,3.0,15.38,24.25,6.0,3.0,15.38,24.25,8.0,4.0,20.51,32.33,1.0,0.5,2.56,4.04,2.0,1.0,5.13,8.08,1.0,0.5,2.56,4.04,0.0,0.0,0.0,0.0,8.0,4.0,20.51,32.33,8.0,4.0,20.51,32.33,30.77,35.9,-5.13,105.08,-2.0,-1.0,-5.13,8.91,4.45,0.23,0.37,0.25,0.14,0.67,0.06,1.0,0.2,0.5,0.36,2.56,0.0,0.21,20.51,1.09
4,新竹御嵿攻城獅,71|87|10862|10887,李漢昇/蔡宸綱/提傑/德魯,3,30,42.0,548.46,9.14,09:08,182.82,3.05,03:03,13.0,4.33,30.95,51.2,14.0,4.67,33.33,55.14,12.0,4.0,28.57,47.26,2.0,0.67,4.76,7.88,5.0,1.67,11.9,19.69,1.0,0.33,2.38,3.94,7.0,2.33,16.67,27.57,1.0,0.33,2.38,3.94,14.0,4.67,33.33,55.14,9.0,3.0,21.43,35.44,2.0,0.67,4.76,7.88,6.0,2.0,14.29,23.63,6.0,2.0,14.29,23.63,9.0,3.0,21.43,35.44,1.0,0.33,2.38,3.94,2.0,0.67,4.76,7.88,1.0,0.33,2.38,3.94,0.0,0.0,0.0,0.0,9.0,3.0,21.43,35.44,8.0,2.67,19.05,31.51,30.95,33.33,-2.38,110.27,-1.0,-0.33,-2.38,9.14,3.05,0.21,0.36,0.2,0.14,0.64,0.05,1.0,0.18,0.5,0.35,2.38,0.0,0.21,19.05,1.17
4,新竹御嵿攻城獅,71|87|10885|10887,李漢昇/蔡宸綱/劉丞勳/德魯,2,38,52.0,679.07,11.32,11:19,339.53,5.66,05:40,16.0,8.0,30.77,50.89,22.0,11.0,42.31,69.98,15.0,7.5,28.85,47.71,4.0,2.0,7.69,12.72,6.0,3.0,11.54,19.08,3.0,1.5,5.77,9.54,9.0,4.5,17.31,28.63,1.0,0.5,1.92,3.18,13.0,6.5,25.0,41.35,8.0,4.0,15.38,25.45,3.0,1.5,5.77,9.54,8.0,4.0,15.38,25.45,6.0,3.0,11.54,19.08,10.0,5.0,19.23,31.81,2.0,1.0,3.85,6.36,3.0,1.5,5.77,9.54,1.0,0.5,1.92,3.18,0.0,0.0,0.0,0.0,10.0,5.0,19.23,31.81,11.0,5.5,21.15,34.99,30.77,42.31,-11.54,110.27,-6.0,-3.0,-11.54,11.32,5.66,0.3,0.39,0.5,0.11,0.62,0.09,0.75,0.23,0.57,0.41,1.92,0.0,0.19,21.15,0.87
4,新竹御嵿攻城獅,71|10862|10885|10887,李漢昇/提傑/劉丞勳/德魯,5,71,93.0,1234.09,20.57,20:34,246.82,4.11,04:07,37.0,7.4,39.78,64.76,37.0,7.4,39.78,64.76,26.0,5.2,27.96,45.51,10.0,2.0,10.75,17.5,11.0,2.2,11.83,19.25,6.0,1.2,6.45,10.5,15.0,3.0,16.13,26.25,4.0,0.8,4.3,7.0,18.0,3.6,19.35,31.5,14.0,2.8,15.05,24.5,6.0,1.2,6.45,10.5,10.0,2.0,10.75,17.5,10.0,2.0,10.75,17.5,13.0,2.6,13.98,22.75,8.0,1.6,8.6,14.0,6.0,1.2,6.45,10.5,3.0,0.6,3.23,5.25,0.0,0.0,0.0,0.0,14.0,2.8,15.05,24.5,10.0,2.0,10.75,17.5,39.78,39.78,0.0,108.52,0.0,0.0,0.0,20.57,4.11,0.46,0.55,0.55,0.27,0.78,0.19,0.6,0.32,0.5,0.41,3.23,0.0,0.15,10.75,0.69
4,新竹御嵿攻城獅,87|10862|10885|10887,蔡宸綱/提傑/劉丞勳/德魯,10,171,217.0,2998.41,49.97,49:58,299.84,5.0,05:00,96.0,9.6,44.24,69.16,71.0,7.1,32.72,51.15,77.0,7.7,35.48,55.47,30.0,3.0,13.82,21.61,45.0,4.5,20.74,32.42,19.0,1.9,8.76,13.69,32.0,3.2,14.75,23.05,11.0,1.1,5.07,7.92,38.0,3.8,17.51,27.37,24.0,2.4,11.06,17.29,15.0,1.5,6.91,10.81,35.0,3.5,16.13,25.21,18.0,1.8,8.29,12.97,41.0,4.1,18.89,29.54,12.0,1.2,5.53,8.64,23.0,2.3,10.6,16.57,9.0,0.9,4.15,6.48,3.0,0.3,1.38,2.16,25.0,2.5,11.52,18.01,15.0,1.5,6.91,10.81,44.24,32.72,11.52,104.22,25.0,2.5,11.52,49.97,5.0,0.46,0.51,0.42,0.34,0.63,0.11,0.77,0.27,0.66,0.46,4.15,1.38,0.12,6.91,0.49
4,新竹御嵿攻城獅,76|87|10862|10885,曾柏喻/蔡宸綱/提傑/劉丞勳,9,147,176.0,2287.98,38.13,38:08,254.22,4.24,04:14,84.0,9.33,47.73,79.3,70.0,7.78,39.77,66.08,64.0,7.11,36.36,60.42,31.0,3.44,17.61,29.27,39.0,4.33,22.16,36.82,19.0,2.11,10.8,17.94,25.0,2.78,14.2,23.6,12.0,1.33,6.82,11.33,15.0,1.67,8.52,14.16,10.0,1.11,5.68,9.44,8.0,0.89,4.55,7.55,28.0,3.11,15.91,26.43,16.0,1.78,9.09,15.11,30.0,3.33,17.05,28.32,14.0,1.56,7.95,13.22,20.0,2.22,11.36,18.88,9.0,1.0,5.11,8.5,1.0,0.11,0.57,0.94,12.0,1.33,6.82,11.33,14.0,1.56,7.95,13.22,47.73,39.77,7.95,110.77,14.0,1.56,7.95,38.13,4.24,0.58,0.59,0.49,0.48,0.67,0.17,0.65,0.21,0.64,0.44,5.11,0.57,0.07,7.95,0.23
4,新竹御嵿攻城獅,76|87|10862|10887,曾柏喻/蔡宸綱/提傑/德魯,17,234,272.0,3858.15,64.3,64:18,226.95,3.78,03:47,126.0,7.41,46.32,70.54,111.0,6.53,40.81,62.14,90.0,5.29,33.09,50.39,43.0,2.53,15.81,24.07,54.0,3.18,19.85,30.23,30.0,1.76,11.03,16.8,36.0,2.12,13.24,20.15,13.0,0.76,4.78,7.28,35.0,2.06,12.87,19.59,27.0,1.59,9.93,15.12,8.0,0.47,2.94,4.48,42.0,2.47,15.44,23.51,21.0,1.24,7.72,11.76,46.0,2.71,16.91,25.75,21.0,1.24,7.72,11.76,31.0,1.82,11.4,17.36,10.0,0.59,3.68,5.6,2.0,0.12,0.74,1.12,27.0,1.59,9.93,15.12,23.0,1.35,8.46,12.88,46.32,40.81,5.51,101.52,15.0,0.88,5.51,64.3,3.78,0.55,0.6,0.56,0.36,0.77,0.17,0.72,0.15,0.67,0.43,3.68,0.74,0.1,8.46,0.39
4,新竹御嵿攻城獅,76|87|10885|10887,曾柏喻/蔡宸綱/劉丞勳/德魯,10,166,198.0,2545.88,42.43,42:26,254.59,4.24,04:15,91.0,9.1,45.96,77.21,75.0,7.5,37.88,63.63,64.0,6.4,32.32,54.3,31.0,3.1,15.66,26.3,40.0,4.0,20.2,33.94,20.0,2.0,10.1,16.97,24.0,2.4,12.12,20.36,11.0,1.1,5.56,9.33,26.0,2.6,13.13,22.06,16.0,1.6,8.08,13.57,7.0,0.7,3.54,5.94,29.0,2.9,14.65,24.6,19.0,1.9,9.6,16.12,40.0,4.0,20.2,33.94,12.0,1.2,6.06,10.18,25.0,2.5,12.63,21.21,8.0,0.8,4.04,6.79,8.0,0.8,4.04,6.79,22.0,2.2,11.11,18.67,17.0,1.7,8.59,14.42,45.96,37.88,8.08,111.99,16.0,1.6,8.08,42.43,4.24,0.57,0.6,0.5,0.46,0.62,0.14,0.81,0.15,0.6,0.38,4.04,4.04,0.11,8.59,0.41
4,新竹御嵿攻城獅,76|10862|10885|10887,曾柏喻/提傑/劉丞勳/德魯,23,561,669.0,8878.33,147.97,147:58,386.01,6.43,06:26,295.0,12.83,44.1,71.77,269.0,11.7,40.21,65.44,228.0,9.91,34.08,55.47,99.0,4.3,14.8,24.09,138.0,6.0,20.63,33.57,66.0,2.87,9.87,16.06,90.0,3.91,13.45,21.9,33.0,1.43,4.93,8.03,87.0,3.78,13.0,21.17,64.0,2.78,9.57,15.57,36.0,1.57,5.38,8.76,99.0,4.3,14.8,24.09,59.0,2.57,8.82,14.35,105.0,4.57,15.7,25.55,52.0,2.26,7.77,12.65,75.0,3.26,11.21,18.25,34.0,1.48,5.08,8.27,9.0,0.39,1.35,2.19,67.0,2.91,10.01,16.3,54.0,2.35,8.07,13.14,44.1,40.21,3.89,108.51,26.0,1.13,3.89,147.97,6.43,0.51,0.55,0.48,0.37,0.74,0.16,0.76,0.26,0.63,0.45,5.08,1.35,0.1,8.07,0.38
4,高雄全家海神,109|123|10892|10894,于煥亞/勤明慶/詹姆斯/凱帝,1,9,13.0,162.72,2.71,02:43,162.72,2.71,02:43,3.0,3.0,23.08,39.82,7.0,7.0,53.85,92.92,4.0,4.0,30.77,53.1,1.0,1.0,7.69,13.27,3.0,3.0,23.08,39.82,0.0,0.0,0.0,0.0,1.0,1.0,7.69,13.27,1.0,1.0,7.69,13.27,0.0,0.0,0.0,0.0,0.0,0.0,0.0,0.0,2.0,2.0,15.38,26.55,1.0,1.0,7.69,13.27,1.0,1.0,7.69,13.27,2.0,2.0,15.38,26.55,2.0,2.0,15.38,26.55,1.0,1.0,7.69,13.27,1.0,1.0,7.69,13.27,1.0,1.0,7.69,13.27,1.0,1.0,7.69,13.27,4.0,4.0,30.77,53.1,23.08,53.85,-30.77,115.05,-4.0,-4.0,-30.77,2.71,2.71,0.38,0.38,0.0,1.0,,0.33,1.0,0.5,0.5,0.5,7.69,7.69,0.08,30.77,0.0
4,高雄全家海神,118|123|10892|10894,蘇文儒/勤明慶/詹姆斯/凱帝,1,16,21.0,259.72,4.33,04:20,259.72,4.33,04:20,6.0,6.0,28.57,49.9,10.0,10.0,47.62,83.17,8.0,8.0,38.1,66.53,2.0,2.0,9.52,16.63,6.0,6.0,28.57,49.9,0.0,0.0,0.0,0.0,2.0,2.0,9.52,16.63,2.0,2.0,9.52,16.63,0.0,0.0,0.0,0.0,0.0,0.0,0.0,0.0,3.0,3.0,14.29,24.95,3.0,3.0,14.29,24.95,2.0,2.0,9.52,16.63,3.0,3.0,14.29,24.95,2.0,2.0,9.52,16.63,1.0,1.0,4.76,8.32,1.0,1.0,4.76,8.32,2.0,2.0,9.52,16.63,1.0,1.0,4.76,8.32,4.0,4.0,19.05,33.27,28.57,47.62,-19.05,116.43,-4.0,-4.0,-19.05,4.33,4.33,0.38,0.38,0.0,1.0,,0.2,0.5,0.5,0.6,0.55,4.76,9.52,0.05,19.05,0.0
4,新竹御嵿攻城獅,75|76|87|10885,高國豪/曾柏喻/蔡宸綱/劉丞勳,4,45,47.0,645.44,10.76,10:45,161.36,2.69,02:41,33.0,8.25,70.21,110.44,19.0,4.75,40.43,63.58,18.0,4.5,38.3,60.24,12.0,3.0,25.53,40.16,9.0,2.25,19.15,30.12,6.0,1.5,12.77,20.08,9.0,2.25,19.15,30.12,6.0,1.5,12.77,20.08,4.0,1.0,8.51,13.39,3.0,0.75,6.38,10.04,1.0,0.25,2.13,3.35,5.0,1.25,10.64,16.73,1.0,0.25,2.13,3.35,10.0,2.5,21.28,33.47,2.0,0.5,4.26,6.69,7.0,1.75,14.89,23.43,2.0,0.5,4.26,6.69,0.0,0.0,0.0,0.0,3.0,0.75,6.38,10.04,3.0,0.75,6.38,10.04,70.21,40.43,29.79,104.86,14.0,3.5,29.79,10.76,2.69,0.83,0.84,0.67,0.67,0.75,0.09,0.58,0.09,0.83,0.35,4.26,0.0,0.06,6.38,0.22
4,新竹御嵿攻城獅,75|76|87|10887,高國豪/曾柏喻/蔡宸綱/德魯,13,243,285.0,4086.28,68.1,68:06,314.33,5.24,05:14,136.0,10.46,47.72,71.89,121.0,9.31,42.46,63.96,106.0,8.15,37.19,56.03,47.0,3.62,16.49,24.84,60.0,4.62,21.05,31.72,34.0,2.62,11.93,17.97,46.0,3.54,16.14,24.32,13.0,1.0,4.56,6.87,36.0,2.77,12.63,19.03,29.0,2.23,10.18,15.33,15.0,1.15,5.26,7.93,49.0,3.77,17.19,25.9,18.0,1.38,6.32,9.51,47.0,3.62,16.49,24.84,16.0,1.23,5.61,8.46,31.0,2.38,10.88,16.39,6.0,0.46,2.11,3.17,0.0,0.0,0.0,0.0,29.0,2.23,10.18,15.33,20.0,1.54,7.02,10.57,47.72,42.46,5.26,100.43,15.0,1.15,5.26,68.1,5.24,0.5,0.56,0.57,0.28,0.81,0.12,0.66,0.24,0.73,0.5,2.11,0.0,0.1,7.02,0.34
4,新竹御嵿攻城獅,75|76|10885|10887,高國豪/曾柏喻/劉丞勳/德魯,22,1241,1484.0,20300.64,338.34,338:21,922.76,15.38,15:23,675.0,30.68,45.49,71.82,607.0,27.59,40.9,64.59,549.0,24.95,36.99,58.41,244.0,11.09,16.44,25.96,346.0,15.73,23.32,36.81,174.0,7.91,11.73,18.51,203.0,9.23,13.68,21.6,70.0,3.18,4.72,7.45,169.0,7.68,11.39,17.98,118.0,5.36,7.95,12.56,95.0,4.32,6.4,10.11,235.0,10.68,15.84,25.0,96.0,4.36,6.47,10.21,247.0,11.23,16.64,26.28,93.0,4.23,6.27,9.9,162.0,7.36,10.92,17.24,52.0,2.36,3.5,5.53,23.0,1.05,1.55,2.45,163.0,7.41,10.98,17.34,108.0,4.91,7.28,11.49,45.49,40.9,4.58,105.27,68.0,3.09,4.58,338.34,15.38,0.51,0.54,0.5,0.34,0.7,0.13,0.66,0.28,0.71,0.49,3.5,1.55,0.11,7.28,0.31
4,新竹御嵿攻城獅,75|87|10885|10887,高國豪/蔡宸綱/劉丞勳/德魯,7,28,41.0,852.78,14.21,14:13,121.83,2.03,02:02,13.0,1.86,31.71,32.93,16.0,2.29,39.02,40.53,14.0,2.0,34.15,35.46,3.0,0.43,7.32,7.6,5.0,0.71,12.2,12.66,1.0,0.14,2.44,2.53,9.0,1.29,21.95,22.8,2.0,0.29,4.88,5.07,6.0,0.86,14.63,15.2,5.0,0.71,12.2,12.66,3.0,0.43,7.32,7.6,8.0,1.14,19.51,20.26,2.0,0.29,4.88,5.07,7.0,1.0,17.07,17.73,2.0,0.29,4.88,5.07,3.0,0.43,7.32,7.6,2.0,0.29,4.88,5.07,0.0,0.0,0.0,0.0,5.0,0.71,12.2,12.66,5.0,0.71,12.2,12.66,31.71,39.02,-7.32,69.23,-3.0,-0.43,-7.32,14.21,2.03,0.29,0.39,0.2,0.22,0.83,0.11,1.0,0.3,0.8,0.55,4.88,0.0,0.12,12.2,0.43
4,新竹御嵿攻城獅,75|76|87|10862,高國豪/曾柏喻/蔡宸綱/提傑,14,164,182.0,2641.68,44.03,44:02,188.69,3.14,03:09,95.0,6.79,52.2,77.68,75.0,5.36,41.21,61.32,70.0,5.0,38.46,57.24,36.0,2.57,19.78,29.44,40.0,2.86,21.98,32.71,25.0,1.79,13.74,20.44,30.0,2.14,16.48,24.53,11.0,0.79,6.04,8.99,15.0,1.07,8.24,12.26,12.0,0.86,6.59,9.81,8.0,0.57,4.4,6.54,27.0,1.93,14.84,22.08,7.0,0.5,3.85,5.72,27.0,1.93,14.84,22.08,15.0,1.07,8.24,12.26,23.0,1.64,12.64,18.81,5.0,0.36,2.75,4.09,0.0,0.0,0.0,0.0,14.0,1.0,7.69,11.45,17.0,1.21,9.34,13.9,52.2,41.21,10.99,99.21,20.0,1.43,10.99,44.03,3.14,0.59,0.62,0.62,0.37,0.8,0.16,0.64,0.23,0.79,0.51,2.75,0.0,0.08,9.34,0.21
4,新竹御嵿攻城獅,75|76|10862|10885,高國豪/曾柏喻/提傑/劉丞勳,20,498,587.0,7991.75,133.2,133:12,399.59,6.66,06:40,283.0,14.15,48.21,76.49,244.0,12.2,41.57,65.95,210.0,10.5,35.78,56.76,97.0,4.85,16.52,26.22,128.0,6.4,21.81,34.6,64.0,3.2,10.9,17.3,82.0,4.1,13.97,22.16,33.0,1.65,5.62,8.92,70.0,3.5,11.93,18.92,52.0,2.6,8.86,14.05,38.0,1.9,6.47,10.27,80.0,4.0,13.63,21.62,41.0,2.05,6.98,11.08,86.0,4.3,14.65,23.24,45.0,2.25,7.67,12.16,66.0,3.3,11.24,17.84,28.0,1.4,4.77,7.57,9.0,0.45,1.53,2.43,54.0,2.7,9.2,14.6,49.0,2.45,8.35,13.24,48.21,41.57,6.64,105.77,39.0,1.95,6.64,133.2,6.66,0.54,0.59,0.5,0.4,0.74,0.16,0.68,0.31,0.66,0.48,4.77,1.53,0.09,8.35,0.33
4,新竹御嵿攻城獅,75|87|10862|10885,高國豪/蔡宸綱/提傑/劉丞勳,8,49,56.0,705.62,11.76,11:46,88.2,1.47,01:28,33.0,4.12,58.93,101.02,19.0,2.38,33.93,58.16,23.0,2.88,41.07,70.41,12.0,1.5,21.43,36.73,13.0,1.62,23.21,39.79,7.0,0.88,12.5,21.43,10.0,1.25,17.86,30.61,5.0,0.62,8.93,15.31,4.0,0.5,7.14,12.24,4.0,0.5,7.14,12.24,3.0,0.38,5.36,9.18,8.0,1.0,14.29,24.49,0.0,0.0,0.0,0.0,10.0,1.25,17.86,30.61,3.0,0.38,5.36,9.18,6.0,0.75,10.71,18.37,2.0,0.25,3.57,6.12,0.0,0.0,0.0,0.0,1.0,0.12,1.79,3.06,6.0,0.75,10.71,18.37,58.93,33.93,25.0,114.28,14.0,1.75,25.0,11.76,1.47,0.63,0.67,0.54,0.5,1.0,0.11,0.5,0.23,1.0,0.52,3.57,0.0,0.02,10.71,0.17
4,高雄全家海神,45|110|118|12668,施晉堯/胡瓏貿/蘇文儒/歐提斯,4,143,174.0,2437.22,40.62,40:37,609.3,10.16,10:09,60.0,15.0,34.48,53.18,71.0,17.75,40.8,62.92,64.0,16.0,36.78,56.72,21.0,5.25,12.07,18.61,32.0,8.0,18.39,28.36,10.0,2.5,5.75,8.86,32.0,8.0,18.39,28.36,11.0,2.75,6.32,9.75,13.0,3.25,7.47,11.52,7.0,1.75,4.02,6.2,13.0,3.25,7.47,11.52,34.0,8.5,19.54,30.13,10.0,2.5,5.75,8.86,32.0,8.0,18.39,28.36,16.0,4.0,9.2,14.18,12.0,3.0,6.9,10.64,7.0,1.75,4.02,6.2,3.0,0.75,1.72,2.66,20.0,5.0,11.49,17.73,15.0,3.75,8.62,13.29,34.48,40.8,-6.32,102.81,-11.0,-2.75,-6.32,40.62,10.16,0.41,0.43,0.31,0.34,0.54,0.19,0.57,0.29,0.77,0.53,4.02,1.72,0.11,8.62,0.2
4,高雄全家海神,45|118|10894|12668,施晉堯/蘇文儒/凱帝/歐提斯,5,174,213.0,2954.95,49.25,49:15,590.99,9.85,09:51,86.0,17.2,40.38,62.86,91.0,18.2,42.72,66.52,76.0,15.2,35.68,55.55,30.0,6.0,14.08,21.93,41.0,8.2,19.25,29.97,16.0,3.2,7.51,11.7,35.0,7.0,16.43,25.58,14.0,2.8,6.57,10.23,19.0,3.8,8.92,13.89,12.0,2.4,5.63,8.77,14.0,2.8,6.57,10.23,36.0,7.2,16.9,26.32,15.0,3.0,7.04,10.96,36.0,7.2,16.9,26.32,19.0,3.8,8.92,13.89,16.0,3.2,7.51,11.7,9.0,1.8,4.23,6.58,4.0,0.8,1.88,2.92,24.0,4.8,11.27,17.54,23.0,4.6,10.8,16.81,40.38,42.72,-2.35,103.8,-5.0,-1.0,-2.35,49.25,9.85,0.49,0.51,0.39,0.4,0.63,0.18,0.53,0.28,0.71,0.5,4.23,1.88,0.11,10.8,0.25
4,高雄全家海神,110|118|10894|12668,胡瓏貿/蘇文儒/凱帝/歐提斯,5,199,239.0,3351.25,55.85,55:51,670.25,11.17,11:10,93.0,18.6,38.91,59.94,99.0,19.8,41.42,63.81,86.0,17.2,35.98,55.43,29.0,5.8,12.13,18.69,41.0,8.2,17.15,26.43,15.0,3.0,6.28,9.67,45.0,9.0,18.83,29.0,14.0,2.8,5.86,9.02,29.0,5.8,12.13,18.69,21.0,4.2,8.79,13.54,16.0,3.2,6.69,10.31,45.0,9.0,18.83,29.0,14.0,2.8,5.86,9.02,38.0,7.6,15.9,24.49,20.0,4.0,8.37,12.89,20.0,4.0,8.37,12.89,10.0,2.0,4.18,6.45,3.0,0.6,1.26,1.93,29.0,5.8,12.13,18.69,15.0,3.0,6.28,9.67,38.91,41.42,-2.51,102.7,-6.0,-1.2,-2.51,55.85,11.17,0.42,0.47,0.37,0.31,0.72,0.17,0.69,0.3,0.76,0.54,4.18,1.26,0.12,6.28,0.34
4,新竹御嵿攻城獅,75|10862|10885|10887,高國豪/提傑/劉丞勳/德魯,19,482,589.0,7724.38,128.74,128:44,406.55,6.78,06:47,262.0,13.79,44.48,73.26,236.0,12.42,40.07,65.99,210.0,11.05,35.65,58.72,88.0,4.63,14.94,24.61,122.0,6.42,20.71,34.12,57.0,3.0,9.68,15.94,88.0,4.63,14.94,24.61,31.0,1.63,5.26,8.67,71.0,3.74,12.05,19.85,54.0,2.84,9.17,15.1,45.0,2.37,7.64,12.58,80.0,4.21,13.58,22.37,46.0,2.42,7.81,12.86,86.0,4.53,14.6,24.05,45.0,2.37,7.64,12.58,65.0,3.42,11.04,18.18,28.0,1.47,4.75,7.83,7.0,0.37,1.19,1.96,61.0,3.21,10.36,17.06,53.0,2.79,9.0,14.82,44.48,40.07,4.41,109.8,26.0,1.37,4.41,128.74,6.78,0.49,0.54,0.47,0.35,0.76,0.16,0.74,0.34,0.63,0.49,4.75,1.19,0.1,9.0,0.34
4,高雄全家海神,109|118|122|12668,于煥亞/蘇文儒/陳懷安/歐提斯,1,7,10.0,133.51,2.23,02:14,133.51,2.23,02:14,2.0,2.0,20.0,32.36,5.0,5.0,50.0,80.9,4.0,4.0,40.0,64.72,1.0,1.0,10.0,16.18,2.0,2.0,20.0,32.36,1.0,1.0,10.0,16.18,2.0,2.0,20.0,32.36,0.0,0.0,0.0,0.0,0.0,0.0,0.0,0.0,0.0,0.0,0.0,0.0,2.0,2.0,20.0,32.36,1.0,1.0,10.0,16.18,1.0,1.0,10.0,16.18,1.0,1.0,10.0,16.18,2.0,2.0,20.0,32.36,0.0,0.0,0.0,0.0,1.0,1.0,10.0,16.18,0.0,0.0,0.0,0.0,0.0,0.0,0.0,0.0,0.0,0.0,0.0,0.0,20.0,50.0,-30.0,107.86,-3.0,-3.0,-30.0,2.23,2.23,0.25,0.25,0.5,0.0,,0.33,0.0,0.67,0.5,0.6,10.0,0.0,0.0,0.0,0.0
4,高雄全家海神,109|118|10894|12668,于煥亞/蘇文儒/凱帝/歐提斯,4,56,69.0,859.38,14.32,14:19,214.84,3.58,03:35,33.0,8.25,47.83,82.94,27.0,6.75,39.13,67.86,21.0,5.25,30.43,52.78,8.0,2.0,11.59,20.11,11.0,2.75,15.94,27.65,7.0,1.75,10.14,17.59,10.0,2.5,14.49,25.13,1.0,0.25,1.45,2.51,18.0,4.5,26.09,45.24,16.0,4.0,23.19,40.22,5.0,1.25,7.25,12.57,10.0,2.5,14.49,25.13,7.0,1.75,10.14,17.59,9.0,2.25,13.04,22.62,5.0,1.25,7.25,12.57,4.0,1.0,5.8,10.05,4.0,1.0,5.8,10.05,1.0,0.25,1.45,2.51,10.0,2.5,14.49,25.13,12.0,3.0,17.39,30.16,47.83,39.13,8.7,115.62,6.0,1.5,8.7,14.32,3.58,0.4,0.57,0.64,0.1,0.89,0.15,0.5,0.36,0.59,0.48,5.8,1.45,0.14,17.39,0.86
4,高雄全家海神,109|122|10894|12668,于煥亞/陳懷安/凱帝/歐提斯,3,42,55.0,674.86,11.25,11:15,224.95,3.75,03:45,17.0,5.67,30.91,54.41,30.0,10.0,54.55,96.02,14.0,4.67,25.45,44.81,6.0,2.0,10.91,19.2,6.0,2.0,10.91,19.2,4.0,1.33,7.27,12.8,8.0,2.67,14.55,25.61,2.0,0.67,3.64,6.4,5.0,1.67,9.09,16.0,4.0,1.33,7.27,12.8,4.0,1.33,7.27,12.8,5.0,1.67,9.09,16.0,6.0,2.0,10.91,19.2,4.0,1.33,7.27,12.8,10.0,3.33,18.18,32.01,3.0,1.0,5.45,9.6,7.0,2.33,12.73,22.4,0.0,0.0,0.0,0.0,5.0,1.67,9.09,16.0,6.0,2.0,10.91,19.2,30.91,54.55,-23.64,117.36,-13.0,-4.33,-23.64,11.25,3.75,0.5,0.52,0.67,0.25,0.8,0.38,0.5,0.5,0.45,0.47,12.73,0.0,0.09,10.91,0.36
4,高雄全家海神,118|122|10894|12668,蘇文儒/陳懷安/凱帝/歐提斯,2,43,50.0,744.51,12.41,12:25,372.26,6.2,06:12,20.0,10.0,40.0,58.02,29.0,14.5,58.0,84.14,21.0,10.5,42.0,60.93,7.0,3.5,14.0,20.31,9.0,4.5,18.0,26.11,4.0,2.0,8.0,11.6,12.0,6.0,24.0,34.81,3.0,1.5,6.0,8.7,4.0,2.0,8.0,11.6,3.0,1.5,6.0,8.7,4.0,2.0,8.0,11.6,10.0,5.0,20.0,29.01,2.0,1.0,4.0,5.8,3.0,1.5,6.0,8.7,4.0,2.0,8.0,11.6,6.0,3.0,12.0,17.41,2.0,1.0,4.0,5.8,0.0,0.0,0.0,0.0,3.0,1.5,6.0,8.7,0.0,0.0,0.0,0.0,40.0,58.0,-18.0,96.71,-9.0,-4.5,-18.0,12.41,6.2,0.4,0.44,0.44,0.25,0.75,0.15,0.86,0.57,0.83,0.74,4.0,0.0,0.06,0.0,0.19
4,高雄全家海神,45|109|118|12668,施晉堯/于煥亞/蘇文儒/歐提斯,2,16,20.0,237.31,3.96,03:57,118.66,1.98,01:59,11.0,5.5,55.0,100.12,8.0,4.0,40.0,72.82,7.0,3.5,35.0,63.71,4.0,2.0,20.0,36.41,6.0,3.0,30.0,54.61,4.0,2.0,20.0,36.41,1.0,0.5,5.0,9.1,0.0,0.0,0.0,0.0,4.0,2.0,20.0,36.41,3.0,1.5,15.0,27.31,1.0,0.5,5.0,9.1,3.0,1.5,15.0,27.31,3.0,1.5,15.0,27.31,3.0,1.5,15.0,27.31,0.0,0.0,0.0,0.0,1.0,0.5,5.0,9.1,0.0,0.0,0.0,0.0,1.0,0.5,5.0,9.1,2.0,1.0,10.0,18.2,6.0,3.0,30.0,54.61,55.0,40.0,15.0,121.36,3.0,1.5,15.0,3.96,1.98,0.57,0.63,0.67,0.0,0.75,0.0,0.25,0.25,0.5,0.4,0.0,5.0,0.1,30.0,0.57
4,新竹御嵿攻城獅,75|76|10862|10888,高國豪/曾柏喻/提傑/帕塞獅,10,153,187.0,2719.88,45.33,45:20,271.99,4.53,04:32,74.0,7.4,39.57,58.77,76.0,7.6,40.64,60.36,71.0,7.1,37.97,56.38,28.0,2.8,14.97,22.24,43.0,4.3,22.99,34.15,19.0,1.9,10.16,15.09,28.0,2.8,14.97,22.24,9.0,0.9,4.81,7.15,11.0,1.1,5.88,8.74,3.0,0.3,1.6,2.38,16.0,1.6,8.56,12.71,29.0,2.9,15.51,23.03,14.0,1.4,7.49,11.12,22.0,2.2,11.76,17.47,16.0,1.6,8.56,12.71,14.0,1.4,7.49,11.12,8.0,0.8,4.28,6.35,4.0,0.4,2.14,3.18,13.0,1.3,6.95,10.32,19.0,1.9,10.16,15.09,39.57,40.64,-1.07,99.0,-2.0,-0.2,-1.07,45.33,4.53,0.46,0.49,0.44,0.32,0.27,0.17,0.5,0.42,0.67,0.56,4.28,2.14,0.07,10.16,0.15
4,新竹御嵿攻城獅,75|90|10862|10888,高國豪/李啓瑋/提傑/帕塞獅,4,30,38.0,680.94,11.35,11:21,170.23,2.84,02:50,14.0,3.5,36.84,44.41,18.0,4.5,47.37,57.1,14.0,3.5,36.84,44.41,5.0,1.25,13.16,15.86,9.0,2.25,23.68,28.55,3.0,0.75,7.89,9.52,5.0,1.25,13.16,15.86,2.0,0.5,5.26,6.34,2.0,0.5,5.26,6.34,2.0,0.5,5.26,6.34,2.0,0.5,5.26,6.34,7.0,1.75,18.42,22.2,4.0,1.0,10.53,12.69,4.0,1.0,10.53,12.69,3.0,0.75,7.89,9.52,4.0,1.0,10.53,12.69,1.0,0.25,2.63,3.17,0.0,0.0,0.0,0.0,1.0,0.25,2.63,3.17,5.0,1.25,13.16,15.86,36.84,47.37,-10.53,80.36,-4.0,-1.0,-10.53,11.35,2.84,0.43,0.47,0.33,0.4,1.0,0.17,0.8,0.33,0.64,0.53,2.63,0.0,0.03,13.16,0.14
4,新竹御嵿攻城獅,76|90|10862|10888,曾柏喻/李啓瑋/提傑/帕塞獅,4,25,32.0,632.76,10.55,10:33,158.19,2.64,02:38,13.0,3.25,40.62,44.38,15.0,3.75,46.88,51.2,13.0,3.25,40.62,44.38,5.0,1.25,15.62,17.07,8.0,2.0,25.0,27.31,2.0,0.5,6.25,6.83,5.0,1.25,15.62,17.07,3.0,0.75,9.38,10.24,0.0,0.0,0.0,0.0,0.0,0.0,0.0,0.0,2.0,0.5,6.25,6.83,6.0,1.5,18.75,20.48,4.0,1.0,12.5,13.65,3.0,0.75,9.38,10.24,2.0,0.5,6.25,6.83,3.0,0.75,9.38,10.24,1.0,0.25,3.12,3.41,0.0,0.0,0.0,0.0,3.0,0.75,9.38,10.24,2.0,0.5,6.25,6.83,40.62,46.88,-6.25,72.82,-2.0,-0.5,-6.25,10.55,2.64,0.5,0.5,0.25,0.6,,0.13,0.6,0.4,0.6,0.53,3.12,0.0,0.09,6.25,0.0
4,新竹御嵿攻城獅,71|75|87|90,李漢昇/高國豪/蔡宸綱/李啓瑋,1,2,4.0,27.52,0.46,00:28,27.52,0.46,00:28,1.0,1.0,25.0,78.5,3.0,3.0,75.0,235.51,1.0,1.0,25.0,78.5,0.0,0.0,0.0,0.0,0.0,0.0,0.0,0.0,0.0,0.0,0.0,0.0,1.0,1.0,25.0,78.5,0.0,0.0,0.0,0.0,0.0,0.0,0.0,0.0,0.0,0.0,0.0,0.0,1.0,1.0,25.0,78.5,0.0,0.0,0.0,0.0,1.0,1.0,25.0,78.5,0.0,0.0,0.0,0.0,0.0,0.0,0.0,0.0,0.0,0.0,0.0,0.0,0.0,0.0,0.0,0.0,0.0,0.0,0.0,0.0,1.0,1.0,25.0,78.5,2.0,2.0,50.0,157.01,25.0,75.0,-50.0,209.34,-2.0,-2.0,-50.0,0.46,0.46,0.0,0.5,,0.0,,0.0,,1.0,0.0,0.5,0.0,0.0,0.25,50.0,0.0
4,新竹御嵿攻城獅,71|75|87|10862,李漢昇/高國豪/蔡宸綱/提傑,1,2,4.0,27.52,0.46,00:28,27.52,0.46,00:28,1.0,1.0,25.0,78.5,3.0,3.0,75.0,235.51,1.0,1.0,25.0,78.5,0.0,0.0,0.0,0.0,0.0,0.0,0.0,0.0,0.0,0.0,0.0,0.0,1.0,1.0,25.0,78.5,0.0,0.0,0.0,0.0,0.0,0.0,0.0,0.0,0.0,0.0,0.0,0.0,1.0,1.0,25.0,78.5,0.0,0.0,0.0,0.0,1.0,1.0,25.0,78.5,0.0,0.0,0.0,0.0,0.0,0.0,0.0,0.0,0.0,0.0,0.0,0.0,0.0,0.0,0.0,0.0,0.0,0.0,0.0,0.0,1.0,1.0,25.0,78.5,2.0,2.0,50.0,157.01,25.0,75.0,-50.0,209.34,-2.0,-2.0,-50.0,0.46,0.46,0.0,0.5,,0.0,,0.0,,1.0,0.0,0.5,0.0,0.0,0.25,50.0,0.0
4,新竹御嵿攻城獅,71|75|90|10862,李漢昇/高國豪/李啓瑋/提傑,2,11,18.0,223.96,3.73,03:44,111.98,1.87,01:52,8.0,4.0,44.44,77.16,10.0,5.0,55.56,96.45,5.0,2.5,27.78,48.22,2.0,1.0,11.11,19.29,2.0,1.0,11.11,19.29,1.0,0.5,5.56,9.64,3.0,1.5,16.67,28.93,1.0,0.5,5.56,9.64,2.0,1.0,11.11,19.29,2.0,1.0,11.11,19.29,2.0,1.0,11.11,19.29,1.0,0.5,5.56,9.64,5.0,2.5,27.78,48.22,1.0,0.5,5.56,9.64,0.0,0.0,0.0,0.0,2.0,1.0,11.11,19.29,0.0,0.0,0.0,0.0,0.0,0.0,0.0,0.0,4.0,2.0,22.22,38.58,2.0,1.0,11.11,19.29,44.44,55.56,-11.11,115.73,-2.0,-1.0,-11.11,3.73,1.87,0.5,0.68,0.5,0.33,1.0,0.0,1.0,0.67,0.17,0.33,0.0,0.0,0.22,11.11,0.4
4,新竹御嵿攻城獅,71|87|90|10862,李漢昇/蔡宸綱/李啓瑋/提傑,2,4,7.0,39.52,0.66,00:40,19.76,0.33,00:20,2.0,1.0,28.57,109.33,3.0,1.5,42.86,163.99,2.0,1.0,28.57,109.33,0.0,0.0,0.0,0.0,1.0,0.5,14.29,54.66,0.0,0.0,0.0,0.0,1.0,0.5,14.29,54.66,0.0,0.0,0.0,0.0,2.0,1.0,28.57,109.33,1.0,0.5,14.29,54.66,1.0,0.5,14.29,54.66,0.0,0.0,0.0,0.0,1.0,0.5,14.29,54.66,1.0,0.5,14.29,54.66,0.0,0.0,0.0,0.0,0.0,0.0,0.0,0.0,0.0,0.0,0.0,0.0,0.0,0.0,0.0,0.0,2.0,1.0,28.57,109.33,2.0,1.0,28.57,109.33,28.57,42.86,-14.29,255.09,-1.0,-0.5,-14.29,0.66,0.33,0.0,0.35,0.0,0.0,0.5,0.0,,0.5,0.0,0.33,0.0,0.0,0.29,28.57,1.0
4,新竹御嵿攻城獅,75|87|90|10862,高國豪/蔡宸綱/李啓瑋/提傑,3,52,66.0,857.02,14.28,14:17,285.67,4.76,04:46,32.0,10.67,48.48,80.65,20.0,6.67,30.3,50.41,21.0,7.0,31.82,52.93,12.0,4.0,18.18,30.24,12.0,4.0,18.18,30.24,9.0,3.0,13.64,22.68,9.0,3.0,13.64,22.68,3.0,1.0,4.55,7.56,4.0,1.33,6.06,10.08,4.0,1.33,6.06,10.08,4.0,1.33,6.06,10.08,5.0,1.67,7.58,12.6,10.0,3.33,15.15,25.2,11.0,3.67,16.67,27.72,5.0,1.67,7.58,12.6,6.0,2.0,9.09,15.12,3.0,1.0,4.55,7.56,0.0,0.0,0.0,0.0,7.0,2.33,10.61,17.64,6.0,2.0,9.09,15.12,48.48,30.3,18.18,110.9,12.0,4.0,18.18,14.28,4.76,0.64,0.7,0.75,0.33,1.0,0.18,0.5,0.27,0.33,0.3,4.55,0.0,0.11,9.09,0.19
4,高雄全家海神,45|110|10892|12668,施晉堯/胡瓏貿/詹姆斯/歐提斯,1,13,15.0,234.0,3.9,03:54,234.0,3.9,03:54,6.0,6.0,40.0,55.38,7.0,7.0,46.67,64.62,7.0,7.0,46.67,64.62,2.0,2.0,13.33,18.46,4.0,4.0,26.67,36.92,2.0,2.0,13.33,18.46,3.0,3.0,20.0,27.69,0.0,0.0,0.0,0.0,3.0,3.0,20.0,27.69,2.0,2.0,13.33,18.46,2.0,2.0,13.33,18.46,4.0,4.0,26.67,36.92,0.0,0.0,0.0,0.0,1.0,1.0,6.67,9.23,0.0,0.0,0.0,0.0,1.0,1.0,6.67,9.23,0.0,0.0,0.0,0.0,0.0,0.0,0.0,0.0,1.0,1.0,6.67,9.23,2.0,2.0,13.33,18.46,40.0,46.67,-6.67,92.31,-1.0,-1.0,-6.67,3.9,3.9,0.29,0.36,0.5,0.0,0.67,0.0,0.5,0.67,1.0,0.86,0.0,0.0,0.07,13.33,0.43
4,高雄全家海神,109|110|10892|12668,于煥亞/胡瓏貿/詹姆斯/歐提斯,2,20,23.0,337.0,5.62,05:37,168.5,2.81,02:49,13.0,6.5,56.52,83.32,17.0,8.5,73.91,108.96,10.0,5.0,43.48,64.09,5.0,2.5,21.74,32.05,5.0,2.5,21.74,32.05,4.0,2.0,17.39,25.64,5.0,2.5,21.74,32.05,1.0,0.5,4.35,6.41,3.0,1.5,13.04,19.23,2.0,1.0,8.7,12.82,1.0,0.5,4.35,6.41,4.0,2.0,17.39,25.64,0.0,0.0,0.0,0.0,1.0,0.5,4.35,6.41,1.0,0.5,4.35,6.41,1.0,0.5,4.35,6.41,1.0,0.5,4.35,6.41,0.0,0.0,0.0,0.0,1.0,0.5,4.35,6.41,4.0,2.0,17.39,25.64,56.52,73.91,-17.39,98.28,-4.0,-2.0,-17.39,5.62,2.81,0.55,0.57,0.8,0.2,0.67,0.08,0.2,0.5,1.0,0.83,4.35,0.0,0.04,17.39,0.3
4,高雄全家海神,45|118|10892|12668,施晉堯/蘇文儒/詹姆斯/歐提斯,1,4,5.0,76.0,1.27,01:16,76.0,1.27,01:16,0.0,0.0,0.0,0.0,0.0,0.0,0.0,0.0,3.0,3.0,60.0,85.26,0.0,0.0,0.0,0.0,1.0,1.0,20.0,28.42,0.0,0.0,0.0,0.0,2.0,2.0,40.0,56.84,0.0,0.0,0.0,0.0,0.0,0.0,0.0,0.0,0.0,0.0,0.0,0.0,1.0,1.0,20.0,28.42,3.0,3.0,60.0,85.26,0.0,0.0,0.0,0.0,1.0,1.0,20.0,28.42,0.0,0.0,0.0,0.0,0.0,0.0,0.0,0.0,0.0,0.0,0.0,0.0,0.0,0.0,0.0,0.0,0.0,0.0,0.0,0.0,0.0,0.0,0.0,0.0,0.0,0.0,0.0,94.74,0.0,0.0,0.0,1.27,1.27,0.0,0.0,0.0,0.0,,0.0,,0.5,1.0,0.8,0.0,0.0,0.0,0.0,0.0
4,高雄全家海神,110|118|10892|12668,胡瓏貿/蘇文儒/詹姆斯/歐提斯,2,15,18.0,248.0,4.13,04:08,124.0,2.07,02:04,7.0,3.5,38.89,60.97,10.0,5.0,55.56,87.1,9.0,4.5,50.0,78.39,3.0,1.5,16.67,26.13,3.0,1.5,16.67,26.13,2.0,1.0,11.11,17.42,6.0,3.0,33.33,52.26,1.0,0.5,5.56,8.71,0.0,0.0,0.0,0.0,0.0,0.0,0.0,0.0,1.0,0.5,5.56,8.71,6.0,3.0,33.33,52.26,0.0,0.0,0.0,0.0,2.0,1.0,11.11,17.42,1.0,0.5,5.56,8.71,0.0,0.0,0.0,0.0,1.0,0.5,5.56,8.71,0.0,0.0,0.0,0.0,0.0,0.0,0.0,0.0,2.0,1.0,11.11,17.42,38.89,55.56,-16.67,104.52,-3.0,-1.5,-16.67,4.13,2.07,0.39,0.39,0.67,0.17,,0.1,0.0,0.33,1.0,0.78,5.56,0.0,0.0,11.11,0.0
4,高雄全家海神,122|123|10892|10894,陳懷安/勤明慶/詹姆斯/凱帝,1,7,8.0,97.0,1.62,01:37,97.0,1.62,01:37,3.0,3.0,37.5,66.8,3.0,3.0,37.5,66.8,4.0,4.0,50.0,89.07,1.0,1.0,12.5,22.27,3.0,3.0,37.5,66.8,0.0,0.0,0.0,0.0,1.0,1.0,12.5,22.27,1.0,1.0,12.5,22.27,0.0,0.0,0.0,0.0,0.0,0.0,0.0,0.0,1.0,1.0,12.5,22.27,2.0,2.0,25.0,44.54,1.0,1.0,12.5,22.27,1.0,1.0,12.5,22.27,0.0,0.0,0.0,0.0,0.0,0.0,0.0,0.0,0.0,0.0,0.0,0.0,1.0,1.0,12.5,22.27,0.0,0.0,0.0,0.0,0.0,0.0,0.0,0.0,37.5,37.5,0.0,118.76,0.0,0.0,0.0,1.62,1.62,0.38,0.38,0.0,1.0,,0.0,0.0,0.5,0.67,0.6,0.0,12.5,0.0,0.0,0.0
4,高雄全家海神,109|122|123|10892,于煥亞/陳懷安/勤明慶/詹姆斯,2,28,32.0,468.22,7.8,07:48,234.11,3.9,03:54,14.0,7.0,43.75,64.59,13.0,6.5,40.62,59.97,12.0,6.0,37.5,55.36,5.0,2.5,15.62,23.07,4.0,2.0,12.5,18.45,2.0,1.0,6.25,9.23,8.0,4.0,25.0,36.91,3.0,1.5,9.38,13.84,4.0,2.0,12.5,18.45,1.0,0.5,3.12,4.61,2.0,1.0,6.25,9.23,6.0,3.0,18.75,27.68,1.0,0.5,3.12,4.61,5.0,2.5,15.62,23.07,3.0,1.5,9.38,13.84,3.0,1.5,9.38,13.84,3.0,1.5,9.38,13.84,0.0,0.0,0.0,0.0,2.0,1.0,6.25,9.23,6.0,3.0,18.75,27.68,43.75,40.62,3.12,98.42,1.0,0.5,3.12,7.8,3.9,0.54,0.51,0.5,0.38,0.25,0.18,0.6,0.29,0.86,0.57,9.38,0.0,0.06,18.75,0.33
4,高雄全家海神,109|122|123|12668,于煥亞/陳懷安/勤明慶/歐提斯,4,55,65.0,871.07,14.52,14:31,217.77,3.63,03:38,18.0,4.5,27.69,44.63,32.0,8.0,49.23,79.35,23.0,5.75,35.38,57.03,6.0,1.5,9.23,14.88,9.0,2.25,13.85,22.32,2.0,0.5,3.08,4.96,14.0,3.5,21.54,34.72,4.0,1.0,6.15,9.92,2.0,0.5,3.08,4.96,2.0,0.5,3.08,4.96,2.0,0.5,3.08,4.96,14.0,3.5,21.54,34.72,4.0,1.0,6.15,9.92,9.0,2.25,13.85,22.32,6.0,1.5,9.23,14.88,5.0,1.25,7.69,12.4,4.0,1.0,6.15,9.92,1.0,0.25,1.54,2.48,3.0,0.75,4.62,7.44,13.0,3.25,20.0,32.24,27.69,49.23,-21.54,107.45,-14.0,-3.5,-21.54,14.52,3.63,0.35,0.38,0.22,0.29,1.0,0.2,0.83,0.18,0.78,0.55,6.15,1.54,0.05,20.0,0.09
4,高雄全家海神,109|122|10892|12668,于煥亞/陳懷安/詹姆斯/歐提斯,2,21,24.0,357.15,5.95,05:57,178.57,2.98,02:59,11.0,5.5,45.83,66.53,9.0,4.5,37.5,54.43,10.0,5.0,41.67,60.48,4.0,2.0,16.67,24.19,2.0,1.0,8.33,12.1,1.0,0.5,4.17,6.05,8.0,4.0,33.33,48.38,3.0,1.5,12.5,18.14,0.0,0.0,0.0,0.0,0.0,0.0,0.0,0.0,2.0,1.0,8.33,12.1,4.0,2.0,16.67,24.19,0.0,0.0,0.0,0.0,5.0,2.5,20.83,30.24,3.0,1.5,12.5,18.14,3.0,1.5,12.5,18.14,3.0,1.5,12.5,18.14,0.0,0.0,0.0,0.0,1.0,0.5,4.17,6.05,4.0,2.0,16.67,24.19,45.83,37.5,8.33,96.77,2.0,1.0,8.33,5.95,2.98,0.55,0.55,0.5,0.38,,0.23,0.75,0.29,1.0,0.55,12.5,0.0,0.04,16.67,0.0
4,新北中信特攻,39|44|10877|10880,魏嘉豪/黃泓瀚/阿巴西/內馬,3,42,50.0,612.09,10.2,10:12,204.03,3.4,03:24,24.0,8.0,48.0,84.69,34.0,11.33,68.0,119.98,16.0,5.33,32.0,56.46,8.0,2.67,16.0,28.23,8.0,2.67,16.0,28.23,6.0,2.0,12.0,21.17,8.0,2.67,16.0,28.23,2.0,0.67,4.0,7.06,6.0,2.0,12.0,21.17,6.0,2.0,12.0,21.17,2.0,0.67,4.0,7.06,6.0,2.0,12.0,21.17,4.0,1.33,8.0,14.12,6.0,2.0,12.0,21.17,3.0,1.0,6.0,10.59,6.0,2.0,12.0,21.17,2.0,0.67,4.0,7.06,1.0,0.33,2.0,3.53,4.0,1.33,8.0,14.12,3.0,1.0,6.0,10.59,48.0,68.0,-20.0,117.63,-10.0,-3.33,-20.0,10.2,3.4,0.56,0.64,0.75,0.25,1.0,0.14,0.75,0.25,0.6,0.44,4.0,2.0,0.08,6.0,0.38
4,新北中信特攻,39|44|10877|10881,魏嘉豪/黃泓瀚/阿巴西/飛克,4,39,45.0,595.91,9.93,09:56,148.98,2.48,02:29,22.0,5.5,48.89,79.74,27.0,6.75,60.0,97.87,16.0,4.0,35.56,58.0,8.0,2.0,17.78,29.0,8.0,2.0,17.78,29.0,6.0,1.5,13.33,21.75,8.0,2.0,17.78,29.0,2.0,0.5,4.44,7.25,4.0,1.0,8.89,14.5,4.0,1.0,8.89,14.5,2.0,0.5,4.44,7.25,6.0,1.5,13.33,21.75,3.0,0.75,6.67,10.87,5.0,1.25,11.11,18.12,3.0,0.75,6.67,10.87,6.0,1.5,13.33,21.75,2.0,0.5,4.44,7.25,1.0,0.25,2.22,3.62,2.0,0.5,4.44,7.25,3.0,0.75,6.67,10.87,48.89,60.0,-11.11,108.74,-5.0,-1.25,-11.11,9.93,2.48,0.56,0.62,0.75,0.25,1.0,0.14,0.75,0.29,0.67,0.5,4.44,2.22,0.04,6.67,0.25
4,新北中信特攻,39|44|10880|10881,魏嘉豪/黃泓瀚/內馬/飛克,6,54,63.0,835.04,13.92,13:55,139.17,2.32,02:19,22.0,3.67,34.92,56.91,40.0,6.67,63.49,103.47,19.0,3.17,30.16,49.15,8.0,1.33,12.7,20.69,9.0,1.5,14.29,23.28,6.0,1.0,9.52,15.52,10.0,1.67,15.87,25.87,2.0,0.33,3.17,5.17,6.0,1.0,9.52,15.52,4.0,0.67,6.35,10.35,2.0,0.33,3.17,5.17,9.0,1.5,14.29,23.28,5.0,0.83,7.94,12.93,8.0,1.33,12.7,20.69,7.0,1.17,11.11,18.11,6.0,1.0,9.52,15.52,3.0,0.5,4.76,7.76,1.0,0.17,1.59,2.59,5.0,0.83,7.94,12.93,9.0,1.5,14.29,23.28,34.92,63.49,-28.57,108.64,-18.0,-3.0,-28.57,13.92,2.32,0.47,0.51,0.67,0.2,0.67,0.24,0.75,0.2,0.64,0.46,4.76,1.59,0.08,14.29,0.32
4,新北中信特攻,39|44|113|10877,魏嘉豪/黃泓瀚/林任鴻/阿巴西,1,1,1.0,39.0,0.65,00:39,39.0,0.65,00:39,0.0,0.0,0.0,0.0,3.0,3.0,300.0,166.15,0.0,0.0,0.0,0.0,0.0,0.0,0.0,0.0,0.0,0.0,0.0,0.0,0.0,0.0,0.0,0.0,0.0,0.0,0.0,0.0,0.0,0.0,0.0,0.0,0.0,0.0,0.0,0.0,0.0,0.0,0.0,0.0,0.0,0.0,0.0,0.0,0.0,0.0,0.0,0.0,0.0,0.0,0.0,0.0,0.0,0.0,0.0,0.0,0.0,0.0,0.0,0.0,0.0,0.0,0.0,0.0,0.0,0.0,0.0,0.0,0.0,0.0,0.0,0.0,0.0,0.0,0.0,0.0,0.0,0.0,0.0,0.0,0.0,300.0,-300.0,36.92,-3.0,-3.0,-300.0,0.65,0.65,,,,,,,,,,,0.0,0.0,0.0,0.0,
4,新北中信特攻,39|44|113|10880,魏嘉豪/黃泓瀚/林任鴻/內馬,2,6,7.0,115.0,1.92,01:55,57.5,0.96,00:58,0.0,0.0,0.0,0.0,5.0,2.5,71.43,93.91,4.0,2.0,57.14,75.13,0.0,0.0,0.0,0.0,1.0,0.5,14.29,18.78,0.0,0.0,0.0,0.0,3.0,1.5,42.86,56.35,0.0,0.0,0.0,0.0,0.0,0.0,0.0,0.0,0.0,0.0,0.0,0.0,1.0,0.5,14.29,18.78,2.0,1.0,28.57,37.57,0.0,0.0,0.0,0.0,1.0,0.5,14.29,18.78,0.0,0.0,0.0,0.0,0.0,0.0,0.0,0.0,0.0,0.0,0.0,0.0,0.0,0.0,0.0,0.0,0.0,0.0,0.0,0.0,0.0,0.0,0.0,0.0,0.0,71.43,-71.43,87.65,-5.0,-2.5,-71.43,1.92,0.96,0.0,0.0,0.0,0.0,,0.0,,0.5,1.0,0.75,0.0,0.0,0.0,0.0,0.0
4,新北中信特攻,39|113|10877|10880,魏嘉豪/林任鴻/阿巴西/內馬,4,22,30.0,383.64,6.39,06:24,95.91,1.6,01:36,13.0,3.25,43.33,73.19,17.0,4.25,56.67,95.72,10.0,2.5,33.33,56.3,5.0,1.25,16.67,28.15,6.0,1.5,20.0,33.78,4.0,1.0,13.33,22.52,4.0,1.0,13.33,22.52,1.0,0.25,3.33,5.63,4.0,1.0,13.33,22.52,2.0,0.5,6.67,11.26,4.0,1.0,13.33,22.52,1.0,0.25,3.33,5.63,2.0,0.5,6.67,11.26,3.0,0.75,10.0,16.89,4.0,1.0,13.33,22.52,2.0,0.5,6.67,11.26,4.0,1.0,13.33,22.52,0.0,0.0,0.0,0.0,4.0,1.0,13.33,22.52,1.0,0.25,3.33,5.63,43.33,56.67,-13.33,112.61,-4.0,-1.0,-13.33,6.39,1.6,0.55,0.55,0.67,0.25,0.5,0.25,0.4,0.57,0.33,0.5,13.33,0.0,0.13,3.33,0.4
4,新北中信特攻,44|113|10877|10880,黃泓瀚/林任鴻/阿巴西/內馬,2,4,4.0,41.61,0.69,00:42,20.81,0.35,00:21,0.0,0.0,0.0,0.0,8.0,4.0,200.0,415.25,0.0,0.0,0.0,0.0,0.0,0.0,0.0,0.0,0.0,0.0,0.0,0.0,0.0,0.0,0.0,0.0,0.0,0.0,0.0,0.0,0.0,0.0,0.0,0.0,0.0,0.0,0.0,0.0,0.0,0.0,0.0,0.0,0.0,0.0,0.0,0.0,0.0,0.0,0.0,0.0,0.0,0.0,0.0,0.0,0.0,0.0,0.0,0.0,1.0,0.5,25.0,51.91,0.0,0.0,0.0,0.0,0.0,0.0,0.0,0.0,0.0,0.0,0.0,0.0,0.0,0.0,0.0,0.0,2.0,1.0,50.0,103.81,0.0,200.0,-200.0,138.42,-8.0,-4.0,-200.0,0.69,0.35,,,,,,1.0,,,,,0.0,0.0,0.0,50.0,
4,新北中信特攻,43|44|113|10877,林韋翰/黃泓瀚/林任鴻/阿巴西,1,2,2.0,14.58,0.24,00:15,14.58,0.24,00:15,0.0,0.0,0.0,0.0,2.0,2.0,100.0,296.36,0.0,0.0,0.0,0.0,0.0,0.0,0.0,0.0,0.0,0.0,0.0,0.0,0.0,0.0,0.0,0.0,0.0,0.0,0.0,0.0,0.0,0.0,0.0,0.0,0.0,0.0,0.0,0.0,0.0,0.0,0.0,0.0,0.0,0.0,0.0,0.0,0.0,0.0,0.0,0.0,0.0,0.0,0.0,0.0,0.0,0.0,0.0,0.0,1.0,1.0,50.0,148.18,0.0,0.0,0.0,0.0,0.0,0.0,0.0,0.0,0.0,0.0,0.0,0.0,0.0,0.0,0.0,0.0,2.0,2.0,100.0,296.36,0.0,100.0,-100.0,197.57,-2.0,-2.0,-100.0,0.24,0.24,,,,,,1.0,,,,,0.0,0.0,0.0,100.0,
4,新北中信特攻,43|44|113|10880,林韋翰/黃泓瀚/林任鴻/內馬,1,2,2.0,14.58,0.24,00:15,14.58,0.24,00:15,0.0,0.0,0.0,0.0,2.0,2.0,100.0,296.36,0.0,0.0,0.0,0.0,0.0,0.0,0.0,0.0,0.0,0.0,0.0,0.0,0.0,0.0,0.0,0.0,0.0,0.0,0.0,0.0,0.0,0.0,0.0,0.0,0.0,0.0,0.0,0.0,0.0,0.0,0.0,0.0,0.0,0.0,0.0,0.0,0.0,0.0,0.0,0.0,0.0,0.0,0.0,0.0,0.0,0.0,0.0,0.0,1.0,1.0,50.0,148.18,0.0,0.0,0.0,0.0,0.0,0.0,0.0,0.0,0.0,0.0,0.0,0.0,0.0,0.0,0.0,0.0,2.0,2.0,100.0,296.36,0.0,100.0,-100.0,197.57,-2.0,-2.0,-100.0,0.24,0.24,,,,,,1.0,,,,,0.0,0.0,0.0,100.0,
4,新北中信特攻,43|44|10877|10880,林韋翰/黃泓瀚/阿巴西/內馬,7,70,79.0,1047.27,17.45,17:27,149.61,2.49,02:30,37.0,5.29,46.84,76.31,41.0,5.86,51.9,84.56,31.0,4.43,39.24,63.94,14.0,2.0,17.72,28.88,19.0,2.71,24.05,39.19,10.0,1.43,12.66,20.63,12.0,1.71,15.19,24.75,4.0,0.57,5.06,8.25,8.0,1.14,10.13,16.5,5.0,0.71,6.33,10.31,7.0,1.0,8.86,14.44,12.0,1.71,15.19,24.75,0.0,0.0,0.0,0.0,14.0,2.0,17.72,28.88,6.0,0.86,7.59,12.38,6.0,0.86,7.59,12.38,1.0,0.14,1.27,2.06,2.0,0.29,2.53,4.13,7.0,1.0,8.86,14.44,6.0,0.86,7.59,12.38,46.84,51.9,-5.06,108.63,-4.0,-0.57,-5.06,17.45,2.49,0.52,0.54,0.53,0.33,0.62,0.15,0.43,0.33,1.0,0.58,1.27,2.53,0.09,7.59,0.26
4,新北中信特攻,43|113|10877|10880,林韋翰/林任鴻/阿巴西/內馬,6,59,73.0,925.54,15.43,15:26,154.26,2.57,02:34,20.0,3.33,27.4,46.68,29.0,4.83,39.73,67.68,25.0,4.17,34.25,58.34,7.0,1.17,9.59,16.34,12.0,2.0,16.44,28.01,4.0,0.67,5.48,9.34,13.0,2.17,17.81,30.34,3.0,0.5,4.11,7.0,7.0,1.17,9.59,16.34,3.0,0.5,4.11,7.0,5.0,0.83,6.85,11.67,13.0,2.17,17.81,30.34,4.0,0.67,5.48,9.34,9.0,1.5,12.33,21.0,8.0,1.33,10.96,18.67,6.0,1.0,8.22,14.0,3.0,0.5,4.11,7.0,1.0,0.17,1.37,2.33,7.0,1.17,9.59,16.34,7.0,1.17,9.59,16.34,27.4,39.73,-12.33,113.58,-9.0,-1.5,-12.33,15.43,2.57,0.34,0.36,0.33,0.23,0.43,0.22,0.86,0.36,0.76,0.58,4.11,1.37,0.1,9.59,0.28
4,新北中信特攻,43|113|10877|10882,林韋翰/林任鴻/阿巴西/霸夫,1,7,11.0,111.49,1.86,01:51,111.49,1.86,01:51,0.0,0.0,0.0,0.0,6.0,6.0,54.55,116.24,2.0,2.0,18.18,38.75,0.0,0.0,0.0,0.0,1.0,1.0,9.09,19.37,0.0,0.0,0.0,0.0,1.0,1.0,9.09,19.37,0.0,0.0,0.0,0.0,0.0,0.0,0.0,0.0,0.0,0.0,0.0,0.0,0.0,0.0,0.0,0.0,2.0,2.0,18.18,38.75,3.0,3.0,27.27,58.12,1.0,1.0,9.09,19.37,2.0,2.0,18.18,38.75,0.0,0.0,0.0,0.0,2.0,2.0,18.18,38.75,0.0,0.0,0.0,0.0,0.0,0.0,0.0,0.0,4.0,4.0,36.36,77.49,0.0,54.55,-54.55,142.07,-6.0,-6.0,-54.55,1.86,1.86,0.0,0.0,0.0,0.0,,0.5,,0.0,0.4,0.33,18.18,0.0,0.0,36.36,0.0
4,新北中信特攻,43|113|10880|10882,林韋翰/林任鴻/內馬/霸夫,1,4,6.0,56.0,0.93,00:56,56.0,0.93,00:56,0.0,0.0,0.0,0.0,2.0,2.0,33.33,77.14,1.0,1.0,16.67,38.57,0.0,0.0,0.0,0.0,0.0,0.0,0.0,0.0,0.0,0.0,0.0,0.0,1.0,1.0,16.67,38.57,0.0,0.0,0.0,0.0,0.0,0.0,0.0,0.0,0.0,0.0,0.0,0.0,0.0,0.0,0.0,0.0,1.0,1.0,16.67,38.57,2.0,2.0,33.33,77.14,1.0,1.0,16.67,38.57,1.0,1.0,16.67,38.57,0.0,0.0,0.0,0.0,1.0,1.0,16.67,38.57,0.0,0.0,0.0,0.0,0.0,0.0,0.0,0.0,0.0,0.0,0.0,0.0,0.0,33.33,-33.33,154.29,-2.0,-2.0,-33.33,0.93,0.93,0.0,0.0,,0.0,,0.5,,0.0,0.33,0.25,16.67,0.0,0.0,0.0,0.0
4,新北中信特攻,43|10877|10880|10882,林韋翰/阿巴西/內馬/霸夫,1,19,22.0,315.19,5.25,05:15,315.19,5.25,05:15,3.0,3.0,13.64,20.56,6.0,6.0,27.27,41.12,7.0,7.0,31.82,47.97,1.0,1.0,4.55,6.85,1.0,1.0,4.55,6.85,0.0,0.0,0.0,0.0,6.0,6.0,27.27,41.12,1.0,1.0,4.55,6.85,0.0,0.0,0.0,0.0,0.0,0.0,0.0,0.0,1.0,1.0,4.55,6.85,5.0,5.0,22.73,34.27,2.0,2.0,9.09,13.71,3.0,3.0,13.64,20.56,4.0,4.0,18.18,27.41,1.0,1.0,4.55,6.85,3.0,3.0,13.64,20.56,1.0,1.0,4.55,6.85,3.0,3.0,13.64,20.56,2.0,2.0,9.09,13.71,13.64,27.27,-13.64,100.51,-3.0,-3.0,-13.64,5.25,5.25,0.21,0.21,0.0,0.17,,0.36,1.0,0.25,0.71,0.55,13.64,4.55,0.14,9.09,0.0
4,新北中信特攻,113|10877|10880|10882,林任鴻/阿巴西/內馬/霸夫,1,4,6.0,56.0,0.93,00:56,56.0,0.93,00:56,0.0,0.0,0.0,0.0,2.0,2.0,33.33,77.14,1.0,1.0,16.67,38.57,0.0,0.0,0.0,0.0,0.0,0.0,0.0,0.0,0.0,0.0,0.0,0.0,1.0,1.0,16.67,38.57,0.0,0.0,0.0,0.0,0.0,0.0,0.0,0.0,0.0,0.0,0.0,0.0,0.0,0.0,0.0,0.0,1.0,1.0,16.67,38.57,2.0,2.0,33.33,77.14,1.0,1.0,16.67,38.57,1.0,1.0,16.67,38.57,0.0,0.0,0.0,0.0,1.0,1.0,16.67,38.57,0.0,0.0,0.0,0.0,0.0,0.0,0.0,0.0,0.0,0.0,0.0,0.0,0.0,33.33,-33.33,154.29,-2.0,-2.0,-33.33,0.93,0.93,0.0,0.0,,0.0,,0.5,,0.0,0.33,0.25,16.67,0.0,0.0,0.0,0.0
4,新北中信特攻,43|47|113|10877,林韋翰/曾文鼎/林任鴻/阿巴西,1,3,5.0,55.49,0.92,00:55,55.49,0.92,00:55,0.0,0.0,0.0,0.0,4.0,4.0,80.0,155.7,1.0,1.0,20.0,38.92,0.0,0.0,0.0,0.0,1.0,1.0,20.0,38.92,0.0,0.0,0.0,0.0,0.0,0.0,0.0,0.0,0.0,0.0,0.0,0.0,0.0,0.0,0.0,0.0,0.0,0.0,0.0,0.0,0.0,0.0,0.0,0.0,1.0,1.0,20.0,38.92,1.0,1.0,20.0,38.92,0.0,0.0,0.0,0.0,1.0,1.0,20.0,38.92,0.0,0.0,0.0,0.0,1.0,1.0,20.0,38.92,0.0,0.0,0.0,0.0,0.0,0.0,0.0,0.0,4.0,4.0,80.0,155.7,0.0,80.0,-80.0,129.75,-4.0,-4.0,-80.0,0.92,0.92,0.0,0.0,0.0,,,0.5,,,0.5,0.5,20.0,0.0,0.0,80.0,0.0
4,新北中信特攻,43|47|113|10882,林韋翰/曾文鼎/林任鴻/霸夫,1,29,33.0,416.61,6.94,06:57,416.61,6.94,06:57,14.0,14.0,42.42,72.59,19.0,19.0,57.58,98.51,13.0,13.0,39.39,67.4,6.0,6.0,18.18,31.11,6.0,6.0,18.18,31.11,4.0,4.0,12.12,20.74,7.0,7.0,21.21,36.29,2.0,2.0,6.06,10.37,2.0,2.0,6.06,10.37,0.0,0.0,0.0,0.0,2.0,2.0,6.06,10.37,6.0,6.0,18.18,31.11,1.0,1.0,3.03,5.18,2.0,2.0,6.06,10.37,3.0,3.0,9.09,15.55,3.0,3.0,9.09,15.55,2.0,2.0,6.06,10.37,0.0,0.0,0.0,0.0,3.0,3.0,9.09,15.55,4.0,4.0,12.12,20.74,42.42,57.58,-15.15,114.06,-5.0,-5.0,-15.15,6.94,6.94,0.54,0.5,0.67,0.29,0.0,0.18,0.5,0.5,0.86,0.73,6.06,0.0,0.09,12.12,0.15
4,新北中信特攻,43|47|10877|10882,林韋翰/曾文鼎/阿巴西/霸夫,1,3,5.0,55.49,0.92,00:55,55.49,0.92,00:55,0.0,0.0,0.0,0.0,4.0,4.0,80.0,155.7,1.0,1.0,20.0,38.92,0.0,0.0,0.0,0.0,1.0,1.0,20.0,38.92,0.0,0.0,0.0,0.0,0.0,0.0,0.0,0.0,0.0,0.0,0.0,0.0,0.0,0.0,0.0,0.0,0.0,0.0,0.0,0.0,0.0,0.0,0.0,0.0,1.0,1.0,20.0,38.92,1.0,1.0,20.0,38.92,0.0,0.0,0.0,0.0,1.0,1.0,20.0,38.92,0.0,0.0,0.0,0.0,1.0,1.0,20.0,38.92,0.0,0.0,0.0,0.0,0.0,0.0,0.0,0.0,4.0,4.0,80.0,155.7,0.0,80.0,-80.0,129.75,-4.0,-4.0,-80.0,0.92,0.92,0.0,0.0,0.0,,,0.5,,,0.5,0.5,20.0,0.0,0.0,80.0,0.0
4,新北中信特攻,47|113|10877|10882,曾文鼎/林任鴻/阿巴西/霸夫,1,3,5.0,55.49,0.92,00:55,55.49,0.92,00:55,0.0,0.0,0.0,0.0,4.0,4.0,80.0,155.7,1.0,1.0,20.0,38.92,0.0,0.0,0.0,0.0,1.0,1.0,20.0,38.92,0.0,0.0,0.0,0.0,0.0,0.0,0.0,0.0,0.0,0.0,0.0,0.0,0.0,0.0,0.0,0.0,0.0,0.0,0.0,0.0,0.0,0.0,0.0,0.0,1.0,1.0,20.0,38.92,1.0,1.0,20.0,38.92,0.0,0.0,0.0,0.0,1.0,1.0,20.0,38.92,0.0,0.0,0.0,0.0,1.0,1.0,20.0,38.92,0.0,0.0,0.0,0.0,0.0,0.0,0.0,0.0,4.0,4.0,80.0,155.7,0.0,80.0,-80.0,129.75,-4.0,-4.0,-80.0,0.92,0.92,0.0,0.0,0.0,,,0.5,,,0.5,0.5,20.0,0.0,0.0,80.0,0.0
4,桃園台啤永豐雲豹,12|54|58|68,曹薰襄/高錦瑋/林信寬/克羅馬,19,238,282.0,3661.97,61.03,61:02,192.74,3.21,03:13,114.0,6.0,40.43,67.24,135.0,7.11,47.87,79.63,110.0,5.79,39.01,64.88,44.0,2.32,15.6,25.95,73.0,3.84,25.89,43.06,34.0,1.79,12.06,20.05,37.0,1.95,13.12,21.82,10.0,0.53,3.55,5.9,27.0,1.42,9.57,15.93,18.0,0.95,6.38,10.62,15.0,0.79,5.32,8.85,55.0,2.89,19.5,32.44,17.0,0.89,6.03,10.03,36.0,1.89,12.77,21.23,14.0,0.74,4.96,8.26,28.0,1.47,9.93,16.52,4.0,0.21,1.42,2.36,2.0,0.11,0.71,1.18,22.0,1.16,7.8,12.98,29.0,1.53,10.28,17.11,40.43,47.87,-7.45,110.89,-21.0,-1.11,-7.45,61.03,3.21,0.45,0.47,0.47,0.27,0.67,0.1,0.64,0.29,0.76,0.57,1.42,0.71,0.08,10.28,0.25
4,桃園台啤永豐雲豹,12|54|58|10860,曹薰襄/高錦瑋/林信寬/麥卡洛,14,213,262.0,3429.67,57.16,57:10,244.98,4.08,04:05,101.0,7.21,38.55,63.61,106.0,7.57,40.46,66.76,112.0,8.0,42.75,70.54,37.0,2.64,14.12,23.3,75.0,5.36,28.63,47.23,26.0,1.86,9.92,16.37,37.0,2.64,14.12,23.3,11.0,0.79,4.2,6.93,23.0,1.64,8.78,14.49,15.0,1.07,5.73,9.45,25.0,1.79,9.54,15.74,53.0,3.79,20.23,33.38,19.0,1.36,7.25,11.97,43.0,3.07,16.41,27.08,9.0,0.64,3.44,5.67,26.0,1.86,9.92,16.37,2.0,0.14,0.76,1.26,1.0,0.07,0.38,0.63,25.0,1.79,9.54,15.74,19.0,1.36,7.25,11.97,38.55,40.46,-1.91,110.0,-5.0,-0.36,-1.91,57.16,4.08,0.38,0.41,0.35,0.3,0.65,0.07,0.7,0.37,0.74,0.56,0.76,0.38,0.1,7.25,0.21
4,桃園台啤永豐雲豹,12|54|68|10860,曹薰襄/高錦瑋/克羅馬/麥卡洛,10,192,230.0,3297.41,54.96,54:57,329.74,5.5,05:30,104.0,10.4,45.22,68.13,94.0,9.4,40.87,61.58,93.0,9.3,40.43,60.92,42.0,4.2,18.26,27.51,63.0,6.3,27.39,41.27,31.0,3.1,13.48,20.31,30.0,3.0,13.04,19.65,11.0,1.1,4.78,7.21,13.0,1.3,5.65,8.52,9.0,0.9,3.91,5.9,16.0,1.6,6.96,10.48,39.0,3.9,16.96,25.55,13.0,1.3,5.65,8.52,41.0,4.1,17.83,26.86,13.0,1.3,5.65,8.52,29.0,2.9,12.61,19.0,6.0,0.6,2.61,3.93,1.0,0.1,0.43,0.66,15.0,1.5,6.52,9.83,25.0,2.5,10.87,16.38,45.22,40.87,4.35,100.44,10.0,1.0,4.35,54.96,5.5,0.51,0.53,0.49,0.37,0.69,0.12,0.69,0.28,0.75,0.5,2.61,0.43,0.07,10.87,0.14
4,新北中信特攻,40|43|47|113,謝亞軒/林韋翰/曾文鼎/林任鴻,2,28,30.0,394.12,6.57,06:34,197.06,3.28,03:17,14.0,7.0,46.67,76.73,17.0,8.5,56.67,93.17,13.0,6.5,43.33,71.25,6.0,3.0,20.0,32.88,6.0,3.0,20.0,32.88,4.0,2.0,13.33,21.92,7.0,3.5,23.33,38.36,2.0,1.0,6.67,10.96,2.0,1.0,6.67,10.96,0.0,0.0,0.0,0.0,2.0,1.0,6.67,10.96,5.0,2.5,16.67,27.4,0.0,0.0,0.0,0.0,2.0,1.0,6.67,10.96,2.0,1.0,6.67,10.96,3.0,1.5,10.0,16.44,1.0,0.5,3.33,5.48,0.0,0.0,0.0,0.0,3.0,1.5,10.0,16.44,0.0,0.0,0.0,0.0,46.67,56.67,-10.0,109.61,-3.0,-1.5,-10.0,6.57,3.28,0.54,0.5,0.67,0.29,0.0,0.13,0.5,0.5,1.0,0.78,3.33,0.0,0.1,0.0,0.15
4,新北中信特攻,40|43|47|10882,謝亞軒/林韋翰/曾文鼎/霸夫,2,75,85.0,1250.43,20.84,20:50,625.21,10.42,10:25,36.0,18.0,42.35,62.19,38.0,19.0,44.71,65.64,32.0,16.0,37.65,55.28,14.0,7.0,16.47,24.18,15.0,7.5,17.65,25.91,10.0,5.0,11.76,17.27,17.0,8.5,20.0,29.37,4.0,2.0,4.71,6.91,8.0,4.0,9.41,13.82,4.0,2.0,4.71,6.91,4.0,2.0,4.71,6.91,16.0,8.0,18.82,27.64,5.0,2.5,5.88,8.64,11.0,5.5,12.94,19.0,6.0,3.0,7.06,10.36,10.0,5.0,11.76,17.27,3.0,1.5,3.53,5.18,1.0,0.5,1.18,1.73,6.0,3.0,7.06,10.36,7.0,3.5,8.24,12.09,42.35,44.71,-2.35,97.89,-2.0,-1.0,-2.35,20.84,10.42,0.5,0.51,0.67,0.24,0.5,0.14,0.71,0.27,0.76,0.56,3.53,1.18,0.07,8.24,0.25
4,新北中信特攻,40|43|113|10882,謝亞軒/林韋翰/林任鴻/霸夫,1,26,28.0,361.12,6.02,06:01,361.12,6.02,06:01,14.0,14.0,50.0,83.74,15.0,15.0,53.57,89.72,12.0,12.0,42.86,71.78,6.0,6.0,21.43,35.89,5.0,5.0,17.86,29.91,4.0,4.0,14.29,23.93,7.0,7.0,25.0,41.87,2.0,2.0,7.14,11.96,2.0,2.0,7.14,11.96,0.0,0.0,0.0,0.0,2.0,2.0,7.14,11.96,5.0,5.0,17.86,29.91,0.0,0.0,0.0,0.0,2.0,2.0,7.14,11.96,2.0,2.0,7.14,11.96,3.0,3.0,10.71,17.94,1.0,1.0,3.57,5.98,0.0,0.0,0.0,0.0,3.0,3.0,10.71,17.94,0.0,0.0,0.0,0.0,50.0,53.57,-3.57,111.65,-1.0,-1.0,-3.57,6.02,6.02,0.58,0.54,0.8,0.29,0.0,0.13,0.5,0.5,1.0,0.78,3.57,0.0,0.11,0.0,0.17
4,新北中信特攻,40|47|113|10882,謝亞軒/曾文鼎/林任鴻/霸夫,1,26,28.0,361.12,6.02,06:01,361.12,6.02,06:01,14.0,14.0,50.0,83.74,15.0,15.0,53.57,89.72,12.0,12.0,42.86,71.78,6.0,6.0,21.43,35.89,5.0,5.0,17.86,29.91,4.0,4.0,14.29,23.93,7.0,7.0,25.0,41.87,2.0,2.0,7.14,11.96,2.0,2.0,7.14,11.96,0.0,0.0,0.0,0.0,2.0,2.0,7.14,11.96,5.0,5.0,17.86,29.91,0.0,0.0,0.0,0.0,2.0,2.0,7.14,11.96,2.0,2.0,7.14,11.96,3.0,3.0,10.71,17.94,1.0,1.0,3.57,5.98,0.0,0.0,0.0,0.0,3.0,3.0,10.71,17.94,0.0,0.0,0.0,0.0,50.0,53.57,-3.57,111.65,-1.0,-1.0,-3.57,6.02,6.02,0.58,0.54,0.8,0.29,0.0,0.13,0.5,0.5,1.0,0.78,3.57,0.0,0.11,0.0,0.17
4,桃園台啤永豐雲豹,12|56|58|68,曹薰襄/丁冠皓/林信寬/克羅馬,1,8,8.0,96.0,1.6,01:36,96.0,1.6,01:36,4.0,4.0,50.0,90.0,4.0,4.0,50.0,90.0,3.0,3.0,37.5,67.5,2.0,2.0,25.0,45.0,3.0,3.0,37.5,67.5,2.0,2.0,25.0,45.0,0.0,0.0,0.0,0.0,0.0,0.0,0.0,0.0,0.0,0.0,0.0,0.0,0.0,0.0,0.0,0.0,0.0,0.0,0.0,0.0,1.0,1.0,12.5,22.5,0.0,0.0,0.0,0.0,1.0,1.0,12.5,22.5,1.0,1.0,12.5,22.5,1.0,1.0,12.5,22.5,1.0,1.0,12.5,22.5,0.0,0.0,0.0,0.0,0.0,0.0,0.0,0.0,0.0,0.0,0.0,0.0,50.0,50.0,0.0,120.0,0.0,0.0,0.0,1.6,1.6,0.67,0.67,0.67,,,0.25,0.5,0.0,1.0,0.5,12.5,0.0,0.0,0.0,0.0
4,桃園台啤永豐雲豹,12|56|58|10860,曹薰襄/丁冠皓/林信寬/麥卡洛,1,18,20.0,268.0,4.47,04:28,268.0,4.47,04:28,11.0,11.0,55.0,88.66,12.0,12.0,60.0,96.72,7.0,7.0,35.0,56.42,5.0,5.0,25.0,40.3,5.0,5.0,25.0,40.3,4.0,4.0,20.0,32.24,2.0,2.0,10.0,16.12,1.0,1.0,5.0,8.06,0.0,0.0,0.0,0.0,0.0,0.0,0.0,0.0,0.0,0.0,0.0,0.0,1.0,1.0,5.0,8.06,1.0,1.0,5.0,8.06,2.0,2.0,10.0,16.12,2.0,2.0,10.0,16.12,2.0,2.0,10.0,16.12,2.0,2.0,10.0,16.12,0.0,0.0,0.0,0.0,0.0,0.0,0.0,0.0,0.0,0.0,0.0,0.0,55.0,60.0,-5.0,107.46,-1.0,-1.0,-5.0,4.47,4.47,0.79,0.79,0.8,0.5,,0.22,0.4,0.0,0.5,0.25,10.0,0.0,0.0,0.0,0.0
4,桃園台啤永豐雲豹,56|58|68|10860,丁冠皓/林信寬/克羅馬/麥卡洛,1,8,8.0,96.0,1.6,01:36,96.0,1.6,01:36,4.0,4.0,50.0,90.0,4.0,4.0,50.0,90.0,3.0,3.0,37.5,67.5,2.0,2.0,25.0,45.0,3.0,3.0,37.5,67.5,2.0,2.0,25.0,45.0,0.0,0.0,0.0,0.0,0.0,0.0,0.0,0.0,0.0,0.0,0.0,0.0,0.0,0.0,0.0,0.0,0.0,0.0,0.0,0.0,1.0,1.0,12.5,22.5,0.0,0.0,0.0,0.0,1.0,1.0,12.5,22.5,1.0,1.0,12.5,22.5,1.0,1.0,12.5,22.5,1.0,1.0,12.5,22.5,0.0,0.0,0.0,0.0,0.0,0.0,0.0,0.0,0.0,0.0,0.0,0.0,50.0,50.0,0.0,120.0,0.0,0.0,0.0,1.6,1.6,0.67,0.67,0.67,,,0.25,0.5,0.0,1.0,0.5,12.5,0.0,0.0,0.0,0.0
4,桃園台啤永豐雲豹,12|16|56|58,曹薰襄/米勒/丁冠皓/林信寬,1,10,12.0,168.0,2.8,02:48,168.0,2.8,02:48,7.0,7.0,58.33,90.0,8.0,8.0,66.67,102.86,4.0,4.0,33.33,51.43,3.0,3.0,25.0,38.57,2.0,2.0,16.67,25.71,2.0,2.0,16.67,25.71,2.0,2.0,16.67,25.71,1.0,1.0,8.33,12.86,0.0,0.0,0.0,0.0,0.0,0.0,0.0,0.0,0.0,0.0,0.0,0.0,0.0,0.0,0.0,0.0,1.0,1.0,8.33,12.86,1.0,1.0,8.33,12.86,1.0,1.0,8.33,12.86,1.0,1.0,8.33,12.86,1.0,1.0,8.33,12.86,0.0,0.0,0.0,0.0,0.0,0.0,0.0,0.0,0.0,0.0,0.0,0.0,58.33,66.67,-8.33,102.86,-1.0,-1.0,-8.33,2.8,2.8,0.88,0.88,1.0,0.5,,0.2,0.33,0.0,0.0,0.0,8.33,0.0,0.0,0.0,0.0
4,桃園台啤永豐雲豹,12|16|56|10860,曹薰襄/米勒/丁冠皓/麥卡洛,1,10,12.0,168.0,2.8,02:48,168.0,2.8,02:48,7.0,7.0,58.33,90.0,8.0,8.0,66.67,102.86,4.0,4.0,33.33,51.43,3.0,3.0,25.0,38.57,2.0,2.0,16.67,25.71,2.0,2.0,16.67,25.71,2.0,2.0,16.67,25.71,1.0,1.0,8.33,12.86,0.0,0.0,0.0,0.0,0.0,0.0,0.0,0.0,0.0,0.0,0.0,0.0,0.0,0.0,0.0,0.0,1.0,1.0,8.33,12.86,1.0,1.0,8.33,12.86,1.0,1.0,8.33,12.86,1.0,1.0,8.33,12.86,1.0,1.0,8.33,12.86,0.0,0.0,0.0,0.0,0.0,0.0,0.0,0.0,0.0,0.0,0.0,0.0,58.33,66.67,-8.33,102.86,-1.0,-1.0,-8.33,2.8,2.8,0.88,0.88,1.0,0.5,,0.2,0.33,0.0,0.0,0.0,8.33,0.0,0.0,0.0,0.0
4,桃園台啤永豐雲豹,16|56|58|10860,米勒/丁冠皓/林信寬/麥卡洛,1,10,12.0,168.0,2.8,02:48,168.0,2.8,02:48,7.0,7.0,58.33,90.0,8.0,8.0,66.67,102.86,4.0,4.0,33.33,51.43,3.0,3.0,25.0,38.57,2.0,2.0,16.67,25.71,2.0,2.0,16.67,25.71,2.0,2.0,16.67,25.71,1.0,1.0,8.33,12.86,0.0,0.0,0.0,0.0,0.0,0.0,0.0,0.0,0.0,0.0,0.0,0.0,0.0,0.0,0.0,0.0,1.0,1.0,8.33,12.86,1.0,1.0,8.33,12.86,1.0,1.0,8.33,12.86,1.0,1.0,8.33,12.86,1.0,1.0,8.33,12.86,0.0,0.0,0.0,0.0,0.0,0.0,0.0,0.0,0.0,0.0,0.0,0.0,58.33,66.67,-8.33,102.86,-1.0,-1.0,-8.33,2.8,2.8,0.88,0.88,1.0,0.5,,0.2,0.33,0.0,0.0,0.0,8.33,0.0,0.0,0.0,0.0
4,新北中信特攻,40|43|10877|10880,謝亞軒/林韋翰/阿巴西/內馬,18,702,838.0,11599.28,193.32,193:19,644.4,10.74,10:44,441.0,24.5,52.63,82.12,331.0,18.39,39.5,61.64,330.0,18.33,39.38,61.45,165.0,9.17,19.69,30.73,190.0,10.56,22.67,35.38,109.0,6.06,13.01,20.3,140.0,7.78,16.71,26.07,56.0,3.11,6.68,10.43,71.0,3.94,8.47,13.22,53.0,2.94,6.32,9.87,65.0,3.61,7.76,12.1,101.0,5.61,12.05,18.81,47.0,2.61,5.61,8.75,128.0,7.11,15.27,23.84,63.0,3.5,7.52,11.73,105.0,5.83,12.53,19.55,30.0,1.67,3.58,5.59,8.0,0.44,0.95,1.49,83.0,4.61,9.9,15.46,85.0,4.72,10.14,15.83,52.63,39.5,13.13,104.03,110.0,6.11,13.13,193.32,10.74,0.58,0.61,0.57,0.4,0.75,0.15,0.64,0.34,0.68,0.49,3.58,0.95,0.1,10.14,0.22
4,新北中信特攻,40|43|10877|10882,謝亞軒/林韋翰/阿巴西/霸夫,1,15,16.0,259.19,4.32,04:19,259.19,4.32,04:19,3.0,3.0,18.75,25.0,4.0,4.0,25.0,33.34,6.0,6.0,37.5,50.0,1.0,1.0,6.25,8.33,1.0,1.0,6.25,8.33,0.0,0.0,0.0,0.0,5.0,5.0,31.25,41.67,1.0,1.0,6.25,8.33,0.0,0.0,0.0,0.0,0.0,0.0,0.0,0.0,1.0,1.0,6.25,8.33,4.0,4.0,25.0,33.34,0.0,0.0,0.0,0.0,2.0,2.0,12.5,16.67,3.0,3.0,18.75,25.0,1.0,1.0,6.25,8.33,2.0,2.0,12.5,16.67,1.0,1.0,6.25,8.33,3.0,3.0,18.75,25.0,2.0,2.0,12.5,16.67,18.75,25.0,-6.25,88.89,-1.0,-1.0,-6.25,4.32,4.32,0.25,0.25,0.0,0.2,,0.33,1.0,0.33,1.0,0.71,12.5,6.25,0.19,12.5,0.0
4,新北中信特攻,40|43|10880|10882,謝亞軒/林韋翰/內馬/霸夫,2,29,36.0,474.18,7.9,07:54,237.09,3.95,03:57,13.0,6.5,36.11,59.22,9.0,4.5,25.0,41.0,9.0,4.5,25.0,41.0,4.0,2.0,11.11,18.22,3.0,1.5,8.33,13.67,2.0,1.0,5.56,9.11,6.0,3.0,16.67,27.33,2.0,1.0,5.56,9.11,4.0,2.0,11.11,18.22,3.0,1.5,8.33,13.67,1.0,0.5,2.78,4.56,5.0,2.5,13.89,22.78,7.0,3.5,19.44,31.89,6.0,3.0,16.67,27.33,4.0,2.0,11.11,18.22,2.0,1.0,5.56,9.11,2.0,1.0,5.56,9.11,1.0,0.5,2.78,4.56,6.0,3.0,16.67,27.33,10.0,5.0,27.78,45.55,36.11,25.0,11.11,109.33,4.0,2.0,11.11,7.9,3.95,0.56,0.6,0.67,0.33,0.75,0.27,0.5,0.14,0.42,0.32,5.56,2.78,0.17,27.78,0.44
4,新北中信特攻,40|10877|10880|10882,謝亞軒/阿巴西/內馬/霸夫,1,16,17.0,260.0,4.33,04:20,260.0,4.33,04:20,5.0,5.0,29.41,41.54,4.0,4.0,23.53,33.23,6.0,6.0,35.29,49.85,1.0,1.0,5.88,8.31,1.0,1.0,5.88,8.31,0.0,0.0,0.0,0.0,5.0,5.0,29.41,41.54,1.0,1.0,5.88,8.31,3.0,3.0,17.65,24.92,2.0,2.0,11.76,16.62,1.0,1.0,5.88,8.31,4.0,4.0,23.53,33.23,0.0,0.0,0.0,0.0,2.0,2.0,11.76,16.62,3.0,3.0,17.65,24.92,2.0,2.0,11.76,16.62,2.0,2.0,11.76,16.62,1.0,1.0,5.88,8.31,3.0,3.0,17.65,24.92,2.0,2.0,11.76,16.62,29.41,23.53,5.88,94.15,1.0,1.0,5.88,4.33,4.33,0.25,0.34,0.0,0.2,0.67,0.29,2.0,0.33,1.0,0.71,11.76,5.88,0.18,11.76,0.5
4,桃園台啤永豐雲豹,12|16|58|10884,曹薰襄/米勒/林信寬/徐宏瑋,9,146,178.0,3074.54,51.24,51:15,341.62,5.69,05:42,77.0,8.56,43.26,54.1,78.0,8.67,43.82,54.8,60.0,6.67,33.71,42.15,31.0,3.44,17.42,21.78,39.0,4.33,21.91,27.4,22.0,2.44,12.36,15.46,21.0,2.33,11.8,14.75,9.0,1.0,5.06,6.32,13.0,1.44,7.3,9.13,6.0,0.67,3.37,4.22,9.0,1.0,5.06,6.32,20.0,2.22,11.24,14.05,17.0,1.89,9.55,11.94,24.0,2.67,13.48,16.86,14.0,1.56,7.87,9.84,19.0,2.11,10.67,13.35,11.0,1.22,6.18,7.73,1.0,0.11,0.56,0.7,15.0,1.67,8.43,10.54,18.0,2.0,10.11,12.65,43.26,43.82,-0.56,83.37,-1.0,-0.11,-0.56,51.24,5.69,0.59,0.59,0.56,0.43,0.46,0.18,0.61,0.27,0.54,0.41,6.18,0.56,0.08,10.11,0.22
4,桃園台啤永豐雲豹,12|16|10860|10884,曹薰襄/米勒/麥卡洛/徐宏瑋,7,122,144.0,1985.28,33.09,33:05,283.61,4.73,04:44,56.0,8.0,38.89,60.93,62.0,8.86,43.06,67.46,46.0,6.57,31.94,50.05,23.0,3.29,15.97,25.02,29.0,4.14,20.14,31.55,17.0,2.43,11.81,18.5,17.0,2.43,11.81,18.5,6.0,0.86,4.17,6.53,9.0,1.29,6.25,9.79,4.0,0.57,2.78,4.35,4.0,0.57,2.78,4.35,18.0,2.57,12.5,19.58,13.0,1.86,9.03,14.14,23.0,3.29,15.97,25.02,13.0,1.86,9.03,14.14,13.0,1.86,9.03,14.14,10.0,1.43,6.94,10.88,0.0,0.0,0.0,0.0,8.0,1.14,5.56,8.7,18.0,2.57,12.5,19.58,38.89,43.06,-4.17,104.45,-6.0,-0.86,-4.17,33.09,4.73,0.57,0.56,0.59,0.35,0.44,0.21,0.57,0.15,0.58,0.38,6.94,0.0,0.06,12.5,0.2
4,桃園台啤永豐雲豹,12|58|10860|10884,曹薰襄/林信寬/麥卡洛/徐宏瑋,12,218,265.0,3553.24,59.22,59:13,296.1,4.94,04:56,114.0,9.5,43.02,69.3,111.0,9.25,41.89,67.48,86.0,7.17,32.45,52.28,43.0,3.58,16.23,26.14,63.0,5.25,23.77,38.3,34.0,2.83,12.83,20.67,23.0,1.92,8.68,13.98,9.0,0.75,3.4,5.47,29.0,2.42,10.94,17.63,19.0,1.58,7.17,11.55,13.0,1.08,4.91,7.9,31.0,2.58,11.7,18.84,23.0,1.92,8.68,13.98,36.0,3.0,13.58,21.88,25.0,2.08,9.43,15.2,26.0,2.17,9.81,15.81,14.0,1.17,5.28,8.51,2.0,0.17,0.75,1.22,22.0,1.83,8.3,13.37,28.0,2.33,10.57,17.02,43.02,41.89,1.13,107.39,3.0,0.25,1.13,59.22,4.94,0.55,0.58,0.54,0.39,0.66,0.2,0.6,0.27,0.57,0.43,5.28,0.75,0.08,10.57,0.34
4,桃園台啤永豐雲豹,16|58|10860|10884,米勒/林信寬/麥卡洛/徐宏瑋,6,103,124.0,1688.88,28.15,28:09,281.48,4.69,04:41,46.0,7.67,37.1,58.83,53.0,8.83,42.74,67.78,39.0,6.5,31.45,49.88,18.0,3.0,14.52,23.02,24.0,4.0,19.35,30.69,12.0,2.0,9.68,15.35,15.0,2.5,12.1,19.18,6.0,1.0,4.84,7.67,9.0,1.5,7.26,11.51,4.0,0.67,3.23,5.12,4.0,0.67,3.23,5.12,16.0,2.67,12.9,20.46,12.0,2.0,9.68,15.35,17.0,2.83,13.71,21.74,11.0,1.83,8.87,14.07,11.0,1.83,8.87,14.07,9.0,1.5,7.26,11.51,0.0,0.0,0.0,0.0,8.0,1.33,6.45,10.23,15.0,2.5,12.1,19.18,37.1,42.74,-5.65,105.73,-7.0,-1.17,-5.65,28.15,4.69,0.54,0.54,0.5,0.4,0.44,0.2,0.61,0.19,0.57,0.41,7.26,0.0,0.06,12.1,0.23
4,新北中信特攻,40|47|10880|10882,謝亞軒/曾文鼎/內馬/霸夫,2,29,40.0,504.36,8.41,08:24,252.18,4.2,04:12,12.0,6.0,30.0,51.39,17.0,8.5,42.5,72.81,13.0,6.5,32.5,55.67,3.0,1.5,7.5,12.85,8.0,4.0,20.0,34.26,2.0,1.0,5.0,8.57,5.0,2.5,12.5,21.41,1.0,0.5,2.5,4.28,9.0,4.5,22.5,38.54,5.0,2.5,12.5,21.41,4.0,2.0,10.0,17.13,8.0,4.0,20.0,34.26,6.0,3.0,15.0,25.7,4.0,2.0,10.0,17.13,2.0,1.0,5.0,8.57,2.0,1.0,5.0,8.57,0.0,0.0,0.0,0.0,1.0,0.5,2.5,4.28,6.0,3.0,15.0,25.7,9.0,4.5,22.5,38.54,30.0,42.5,-12.5,114.21,-5.0,-2.5,-12.5,8.41,4.2,0.27,0.35,0.25,0.2,0.56,0.11,0.67,0.5,0.57,0.55,0.0,2.5,0.15,22.5,0.69
4,新北中信特攻,40|47|10880|10881,謝亞軒/曾文鼎/內馬/飛克,4,55,66.0,914.11,15.24,15:14,228.53,3.81,03:49,36.0,9.0,54.55,85.07,30.0,7.5,45.45,70.89,23.0,5.75,34.85,54.35,11.0,2.75,16.67,25.99,11.0,2.75,16.67,25.99,6.0,1.5,9.09,14.18,12.0,3.0,18.18,28.36,5.0,1.25,7.58,11.81,12.0,3.0,18.18,28.36,9.0,2.25,13.64,21.27,7.0,1.75,10.61,16.54,7.0,1.75,10.61,16.54,3.0,0.75,4.55,7.09,13.0,3.25,19.7,30.72,6.0,1.5,9.09,14.18,8.0,2.0,12.12,18.9,4.0,1.0,6.06,9.45,4.0,1.0,6.06,9.45,7.0,1.75,10.61,16.54,2.0,0.5,3.03,4.73,54.55,45.45,9.09,103.97,6.0,1.5,9.09,15.24,3.81,0.59,0.64,0.55,0.42,0.75,0.18,0.73,0.35,0.7,0.47,6.06,6.06,0.11,3.03,0.52
4,新北中信特攻,47|10877|10880|10881,曾文鼎/阿巴西/內馬/飛克,7,84,96.0,1398.65,23.31,23:19,199.81,3.33,03:20,63.0,9.0,65.62,97.29,56.0,8.0,58.33,86.48,37.0,5.29,38.54,57.14,23.0,3.29,23.96,35.52,19.0,2.71,19.79,29.34,14.0,2.0,14.58,21.62,18.0,2.57,18.75,27.8,9.0,1.29,9.38,13.9,10.0,1.43,10.42,15.44,8.0,1.14,8.33,12.35,5.0,0.71,5.21,7.72,9.0,1.29,9.38,13.9,6.0,0.86,6.25,9.27,11.0,1.57,11.46,16.99,6.0,0.86,6.25,9.27,18.0,2.57,18.75,27.8,5.0,0.71,5.21,7.72,1.0,0.14,1.04,1.54,6.0,0.86,6.25,9.27,6.0,0.86,6.25,9.27,65.62,58.33,7.29,98.84,7.0,1.0,7.29,23.31,3.33,0.74,0.76,0.74,0.5,0.8,0.13,0.78,0.31,0.6,0.45,5.21,1.04,0.06,6.25,0.27
4,新北中信特攻,47|10879|10880|10881,曾文鼎/簡廷兆/內馬/飛克,4,25,29.0,402.65,6.71,06:43,100.66,1.68,01:41,18.0,4.5,62.07,96.56,15.0,3.75,51.72,80.47,11.0,2.75,37.93,59.01,6.0,1.5,20.69,32.19,6.0,1.5,20.69,32.19,3.0,0.75,10.34,16.09,5.0,1.25,17.24,26.82,3.0,0.75,10.34,16.09,4.0,1.0,13.79,21.46,3.0,0.75,10.34,16.09,1.0,0.25,3.45,5.36,3.0,0.75,10.34,16.09,3.0,0.75,10.34,16.09,3.0,0.75,10.34,16.09,2.0,0.5,6.9,10.73,6.0,1.5,20.69,32.19,2.0,0.5,6.9,10.73,0.0,0.0,0.0,0.0,1.0,0.25,3.45,5.36,2.0,0.5,6.9,10.73,62.07,51.72,10.34,103.71,3.0,0.75,10.34,6.71,1.68,0.68,0.71,0.5,0.6,0.75,0.14,1.0,0.25,0.5,0.4,6.9,0.0,0.03,6.9,0.36
4,新北中信特攻,39|40|10879|10882,魏嘉豪/謝亞軒/簡廷兆/霸夫,1,10,10.0,145.1,2.42,02:25,145.1,2.42,02:25,6.0,6.0,60.0,89.32,9.0,9.0,90.0,133.97,2.0,2.0,20.0,29.77,2.0,2.0,20.0,29.77,2.0,2.0,20.0,29.77,2.0,2.0,20.0,29.77,0.0,0.0,0.0,0.0,0.0,0.0,0.0,0.0,2.0,2.0,20.0,29.77,2.0,2.0,20.0,29.77,0.0,0.0,0.0,0.0,0.0,0.0,0.0,0.0,0.0,0.0,0.0,0.0,1.0,1.0,10.0,14.89,1.0,1.0,10.0,14.89,2.0,2.0,20.0,29.77,1.0,1.0,10.0,14.89,0.0,0.0,0.0,0.0,1.0,1.0,10.0,14.89,3.0,3.0,30.0,44.66,60.0,90.0,-30.0,99.24,-3.0,-3.0,-30.0,2.42,2.42,1.0,1.04,1.0,,1.0,0.26,1.0,0.0,,0.0,10.0,0.0,0.1,30.0,1.0
4,新北中信特攻,39|10879|10880|10882,魏嘉豪/簡廷兆/內馬/霸夫,2,16,17.0,229.1,3.82,03:49,114.55,1.91,01:55,8.0,4.0,47.06,75.42,10.0,5.0,58.82,94.28,5.0,2.5,29.41,47.14,3.0,1.5,17.65,28.28,5.0,2.5,29.41,47.14,3.0,1.5,17.65,28.28,0.0,0.0,0.0,0.0,0.0,0.0,0.0,0.0,2.0,1.0,11.76,18.86,2.0,1.0,11.76,18.86,1.0,0.5,5.88,9.43,1.0,0.5,5.88,9.43,0.0,0.0,0.0,0.0,2.0,1.0,11.76,18.86,2.0,1.0,11.76,18.86,2.0,1.0,11.76,18.86,2.0,1.0,11.76,18.86,0.0,0.0,0.0,0.0,1.0,0.5,5.88,9.43,3.0,1.5,17.65,28.28,47.06,58.82,-11.76,106.85,-2.0,-1.0,-11.76,3.82,1.91,0.6,0.68,0.6,,1.0,0.25,0.67,0.33,1.0,0.5,11.76,0.0,0.06,17.65,0.4
4,新北中信特攻,40|10879|10880|10882,謝亞軒/簡廷兆/內馬/霸夫,2,30,38.0,546.64,9.11,09:07,273.32,4.56,04:33,13.0,6.5,34.21,51.37,18.0,9.0,47.37,71.12,13.0,6.5,34.21,51.37,4.0,2.0,10.53,15.81,4.0,2.0,10.53,15.81,2.0,1.0,5.26,7.9,9.0,4.5,23.68,35.56,2.0,1.0,5.26,7.9,5.0,2.5,13.16,19.76,3.0,1.5,7.89,11.85,2.0,1.0,5.26,7.9,8.0,4.0,21.05,31.61,4.0,2.0,10.53,15.81,5.0,2.5,13.16,19.76,2.0,1.0,5.26,7.9,2.0,1.0,5.26,7.9,1.0,0.5,2.63,3.95,0.0,0.0,0.0,0.0,7.0,3.5,18.42,27.66,8.0,4.0,21.05,31.61,34.21,47.37,-13.16,100.1,-5.0,-2.5,-13.16,9.11,4.56,0.38,0.43,0.5,0.22,0.6,0.12,0.5,0.29,0.67,0.53,2.63,0.0,0.18,21.05,0.38
4,新北中信特攻,39|40|47|10879,魏嘉豪/謝亞軒/曾文鼎/簡廷兆,1,1,1.0,7.0,0.12,00:07,7.0,0.12,00:07,0.0,0.0,0.0,0.0,2.0,2.0,200.0,617.14,0.0,0.0,0.0,0.0,0.0,0.0,0.0,0.0,0.0,0.0,0.0,0.0,0.0,0.0,0.0,0.0,0.0,0.0,0.0,0.0,0.0,0.0,0.0,0.0,0.0,0.0,0.0,0.0,0.0,0.0,0.0,0.0,0.0,0.0,0.0,0.0,0.0,0.0,0.0,0.0,0.0,0.0,0.0,0.0,0.0,0.0,0.0,0.0,0.0,0.0,0.0,0.0,0.0,0.0,0.0,0.0,0.0,0.0,0.0,0.0,0.0,0.0,0.0,0.0,0.0,0.0,0.0,0.0,0.0,0.0,0.0,0.0,0.0,200.0,-200.0,205.71,-2.0,-2.0,-200.0,0.12,0.12,,,,,,,,,,,0.0,0.0,0.0,0.0,
4,新北中信特攻,39|40|47|10882,魏嘉豪/謝亞軒/曾文鼎/霸夫,2,8,11.0,128.0,2.13,02:08,64.0,1.07,01:04,2.0,1.0,18.18,33.75,11.0,5.5,100.0,185.62,5.0,2.5,45.45,84.38,1.0,0.5,9.09,16.88,5.0,2.5,45.45,84.38,1.0,0.5,9.09,16.88,0.0,0.0,0.0,0.0,0.0,0.0,0.0,0.0,0.0,0.0,0.0,0.0,0.0,0.0,0.0,0.0,2.0,1.0,18.18,33.75,2.0,1.0,18.18,33.75,0.0,0.0,0.0,0.0,0.0,0.0,0.0,0.0,0.0,0.0,0.0,0.0,0.0,0.0,0.0,0.0,0.0,0.0,0.0,0.0,1.0,0.5,9.09,16.88,0.0,0.0,0.0,0.0,1.0,0.5,9.09,16.88,18.18,100.0,-81.82,123.75,-9.0,-4.5,-81.82,2.13,1.07,0.2,0.2,0.2,,,0.0,0.0,1.0,1.0,1.0,0.0,9.09,0.0,9.09,0.0
4,新北中信特攻,39|47|10879|10882,魏嘉豪/曾文鼎/簡廷兆/霸夫,1,4,5.0,76.09,1.27,01:16,76.09,1.27,01:16,2.0,2.0,40.0,56.77,2.0,2.0,40.0,56.77,2.0,2.0,40.0,56.77,1.0,1.0,20.0,28.39,1.0,1.0,20.0,28.39,1.0,1.0,20.0,28.39,1.0,1.0,20.0,28.39,0.0,0.0,0.0,0.0,0.0,0.0,0.0,0.0,0.0,0.0,0.0,0.0,1.0,1.0,20.0,28.39,0.0,0.0,0.0,0.0,0.0,0.0,0.0,0.0,0.0,0.0,0.0,0.0,0.0,0.0,0.0,0.0,0.0,0.0,0.0,0.0,0.0,0.0,0.0,0.0,0.0,0.0,0.0,0.0,0.0,0.0,0.0,0.0,0.0,0.0,0.0,0.0,40.0,40.0,0.0,94.62,0.0,0.0,0.0,1.27,1.27,0.5,0.5,1.0,0.0,,0.0,0.0,1.0,,1.0,0.0,0.0,0.0,0.0,0.0
4,新北中信特攻,40|47|10879|10882,謝亞軒/曾文鼎/簡廷兆/霸夫,2,19,27.0,355.54,5.93,05:56,177.77,2.96,02:58,6.0,3.0,22.22,36.45,5.0,2.5,18.52,30.38,10.0,5.0,37.04,60.75,2.0,1.0,7.41,12.15,3.0,1.5,11.11,18.23,0.0,0.0,0.0,0.0,7.0,3.5,25.93,42.53,2.0,1.0,7.41,12.15,2.0,1.0,7.41,12.15,0.0,0.0,0.0,0.0,3.0,1.5,11.11,18.23,6.0,3.0,22.22,36.45,4.0,2.0,14.81,24.3,5.0,2.5,18.52,30.38,1.0,0.5,3.7,6.08,1.0,0.5,3.7,6.08,0.0,0.0,0.0,0.0,0.0,0.0,0.0,0.0,5.0,2.5,18.52,30.38,4.0,2.0,14.81,24.3,22.22,18.52,3.7,109.35,1.0,0.5,3.7,5.93,2.96,0.3,0.28,0.0,0.29,0.0,0.08,0.5,0.38,0.6,0.5,0.0,0.0,0.19,14.81,0.2
4,新北中信特攻,39|47|113|10881,魏嘉豪/曾文鼎/林任鴻/飛克,3,11,14.0,161.76,2.7,02:42,53.92,0.9,00:54,4.0,1.33,28.57,53.41,5.0,1.67,35.71,66.77,5.0,1.67,35.71,66.77,1.0,0.33,7.14,13.35,3.0,1.0,21.43,40.06,1.0,0.33,7.14,13.35,2.0,0.67,14.29,26.71,0.0,0.0,0.0,0.0,2.0,0.67,14.29,26.71,2.0,0.67,14.29,26.71,3.0,1.0,21.43,40.06,1.0,0.33,7.14,13.35,0.0,0.0,0.0,0.0,3.0,1.0,21.43,40.06,1.0,0.33,7.14,13.35,1.0,0.33,7.14,13.35,1.0,0.33,7.14,13.35,0.0,0.0,0.0,0.0,1.0,0.33,7.14,13.35,0.0,0.0,0.0,0.0,28.57,35.71,-7.14,124.63,-1.0,-0.33,-7.14,2.7,0.9,0.2,0.34,0.33,0.0,1.0,0.15,1.0,0.5,1.0,0.57,7.14,0.0,0.07,0.0,0.4
4,新北中信特攻,39|47|113|10882,魏嘉豪/曾文鼎/林任鴻/霸夫,1,8,11.0,137.0,2.28,02:17,137.0,2.28,02:17,2.0,2.0,18.18,31.53,2.0,2.0,18.18,31.53,5.0,5.0,45.45,78.83,1.0,1.0,9.09,15.77,3.0,3.0,27.27,47.3,1.0,1.0,9.09,15.77,2.0,2.0,18.18,31.53,0.0,0.0,0.0,0.0,0.0,0.0,0.0,0.0,0.0,0.0,0.0,0.0,3.0,3.0,27.27,47.3,1.0,1.0,9.09,15.77,0.0,0.0,0.0,0.0,2.0,2.0,18.18,31.53,1.0,1.0,9.09,15.77,1.0,1.0,9.09,15.77,1.0,1.0,9.09,15.77,0.0,0.0,0.0,0.0,1.0,1.0,9.09,15.77,0.0,0.0,0.0,0.0,18.18,18.18,0.0,115.62,0.0,0.0,0.0,2.28,2.28,0.2,0.2,0.33,0.0,,0.17,1.0,0.6,1.0,0.67,9.09,0.0,0.09,0.0,0.0
4,新北中信特攻,39|113|10881|10882,魏嘉豪/林任鴻/飛克/霸夫,1,8,11.0,137.0,2.28,02:17,137.0,2.28,02:17,2.0,2.0,18.18,31.53,2.0,2.0,18.18,31.53,5.0,5.0,45.45,78.83,1.0,1.0,9.09,15.77,3.0,3.0,27.27,47.3,1.0,1.0,9.09,15.77,2.0,2.0,18.18,31.53,0.0,0.0,0.0,0.0,0.0,0.0,0.0,0.0,0.0,0.0,0.0,0.0,3.0,3.0,27.27,47.3,1.0,1.0,9.09,15.77,0.0,0.0,0.0,0.0,2.0,2.0,18.18,31.53,1.0,1.0,9.09,15.77,1.0,1.0,9.09,15.77,1.0,1.0,9.09,15.77,0.0,0.0,0.0,0.0,1.0,1.0,9.09,15.77,0.0,0.0,0.0,0.0,18.18,18.18,0.0,115.62,0.0,0.0,0.0,2.28,2.28,0.2,0.2,0.33,0.0,,0.17,1.0,0.6,1.0,0.67,9.09,0.0,0.09,0.0,0.0
4,新北中信特攻,47|113|10881|10882,曾文鼎/林任鴻/飛克/霸夫,1,8,11.0,137.0,2.28,02:17,137.0,2.28,02:17,2.0,2.0,18.18,31.53,2.0,2.0,18.18,31.53,5.0,5.0,45.45,78.83,1.0,1.0,9.09,15.77,3.0,3.0,27.27,47.3,1.0,1.0,9.09,15.77,2.0,2.0,18.18,31.53,0.0,0.0,0.0,0.0,0.0,0.0,0.0,0.0,0.0,0.0,0.0,0.0,3.0,3.0,27.27,47.3,1.0,1.0,9.09,15.77,0.0,0.0,0.0,0.0,2.0,2.0,18.18,31.53,1.0,1.0,9.09,15.77,1.0,1.0,9.09,15.77,1.0,1.0,9.09,15.77,0.0,0.0,0.0,0.0,1.0,1.0,9.09,15.77,0.0,0.0,0.0,0.0,18.18,18.18,0.0,115.62,0.0,0.0,0.0,2.28,2.28,0.2,0.2,0.33,0.0,,0.17,1.0,0.6,1.0,0.67,9.09,0.0,0.09,0.0,0.0
4,桃園台啤永豐雲豹,12|16|54|58,曹薰襄/米勒/高錦瑋/林信寬,16,175,209.0,2773.25,46.22,46:13,173.33,2.89,02:53,80.0,5.0,38.28,62.31,91.0,5.69,43.54,70.88,82.0,5.12,39.23,63.87,31.0,1.94,14.83,24.14,56.0,3.5,26.79,43.62,24.0,1.5,11.48,18.69,26.0,1.62,12.44,20.25,7.0,0.44,3.35,5.45,15.0,0.94,7.18,11.68,11.0,0.69,5.26,8.57,16.0,1.0,7.66,12.46,36.0,2.25,17.22,28.04,13.0,0.81,6.22,10.13,29.0,1.81,13.88,22.59,13.0,0.81,6.22,10.13,19.0,1.19,9.09,14.8,6.0,0.38,2.87,4.67,4.0,0.25,1.91,3.12,15.0,0.94,7.18,11.68,32.0,2.0,15.31,24.92,38.28,43.54,-5.26,108.52,-11.0,-0.69,-5.26,46.22,2.89,0.42,0.45,0.43,0.27,0.73,0.13,0.61,0.36,0.73,0.55,2.87,1.91,0.07,15.31,0.18
4,桃園台啤永豐雲豹,12|16|54|10860,曹薰襄/米勒/高錦瑋/麥卡洛,13,119,145.0,1885.45,31.42,31:25,145.03,2.42,02:25,62.0,4.77,42.76,71.03,61.0,4.69,42.07,69.88,57.0,4.38,39.31,65.3,24.0,1.85,16.55,27.49,38.0,2.92,26.21,43.53,16.0,1.23,11.03,18.33,19.0,1.46,13.1,21.77,8.0,0.62,5.52,9.16,9.0,0.69,6.21,10.31,6.0,0.46,4.14,6.87,12.0,0.92,8.28,13.75,22.0,1.69,15.17,25.2,12.0,0.92,8.28,13.75,20.0,1.54,13.79,22.91,10.0,0.77,6.9,11.46,14.0,1.08,9.66,16.04,7.0,0.54,4.83,8.02,1.0,0.08,0.69,1.15,11.0,0.85,7.59,12.6,14.0,1.08,9.66,16.04,42.76,42.07,0.69,110.74,1.0,0.08,0.69,31.42,2.42,0.49,0.51,0.42,0.42,0.67,0.14,0.58,0.38,0.65,0.52,4.83,0.69,0.08,9.66,0.16
4,新北中信特攻,40|43|47|10881,謝亞軒/林韋翰/曾文鼎/飛克,7,138,159.0,2288.03,38.13,38:08,326.86,5.45,05:27,70.0,10.0,44.03,66.08,62.0,8.86,38.99,58.53,60.0,8.57,37.74,56.64,26.0,3.71,16.35,24.55,29.0,4.14,18.24,27.38,17.0,2.43,10.69,16.05,31.0,4.43,19.5,29.27,9.0,1.29,5.66,8.5,8.0,1.14,5.03,7.55,6.0,0.86,3.77,5.66,10.0,1.43,6.29,9.44,25.0,3.57,15.72,23.6,5.0,0.71,3.14,4.72,28.0,4.0,17.61,26.43,15.0,2.14,9.43,14.16,17.0,2.43,10.69,16.05,5.0,0.71,3.14,4.72,4.0,0.57,2.52,3.78,9.0,1.29,5.66,8.5,16.0,2.29,10.06,15.1,44.03,38.99,5.03,100.07,8.0,1.14,5.03,38.13,5.45,0.51,0.55,0.59,0.29,0.75,0.19,0.65,0.26,0.83,0.51,3.14,2.52,0.06,10.06,0.13
4,新北中信特攻,40|43|10881|10882,謝亞軒/林韋翰/飛克/霸夫,2,43,48.0,864.31,14.41,14:24,432.16,7.2,07:12,17.0,8.5,35.42,42.48,19.0,9.5,39.58,47.48,19.0,9.5,39.58,47.48,7.0,3.5,14.58,17.49,9.0,4.5,18.75,22.49,5.0,2.5,10.42,12.5,10.0,5.0,20.83,24.99,2.0,1.0,4.17,5.0,2.0,1.0,4.17,5.0,1.0,0.5,2.08,2.5,2.0,1.0,4.17,5.0,10.0,5.0,20.83,24.99,2.0,1.0,4.17,5.0,8.0,4.0,16.67,19.99,4.0,2.0,8.33,10.0,6.0,3.0,12.5,14.99,2.0,1.0,4.17,5.0,1.0,0.5,2.08,2.5,1.0,0.5,2.08,2.5,7.0,3.5,14.58,17.49,35.42,39.58,-4.17,79.97,-2.0,-1.0,-4.17,14.41,7.2,0.42,0.43,0.56,0.2,0.5,0.17,0.86,0.2,0.83,0.55,4.17,2.08,0.02,14.58,0.11
4,新北中信特攻,43|47|10881|10882,林韋翰/曾文鼎/飛克/霸夫,2,41,46.0,762.31,12.71,12:42,381.16,6.35,06:21,17.0,8.5,36.96,48.17,18.0,9.0,39.13,51.0,19.0,9.5,41.3,53.84,7.0,3.5,15.22,19.83,9.0,4.5,19.57,25.5,5.0,2.5,10.87,14.17,10.0,5.0,21.74,28.33,2.0,1.0,4.35,5.67,2.0,1.0,4.35,5.67,1.0,0.5,2.17,2.83,2.0,1.0,4.35,5.67,10.0,5.0,21.74,28.33,2.0,1.0,4.35,5.67,8.0,4.0,17.39,22.67,3.0,1.5,6.52,8.5,6.0,3.0,13.04,17.0,2.0,1.0,4.35,5.67,1.0,0.5,2.17,2.83,1.0,0.5,2.17,2.83,3.0,1.5,6.52,8.5,36.96,39.13,-2.17,86.89,-1.0,-0.5,-2.17,12.71,6.35,0.42,0.43,0.56,0.2,0.5,0.13,0.86,0.2,0.83,0.55,4.35,2.17,0.02,6.52,0.11
4,新北中信特攻,43|44|48|10880,林韋翰/黃泓瀚/李沛澄/內馬,3,28,32.0,395.26,6.59,06:35,131.75,2.2,02:12,15.0,5.0,46.88,81.97,14.0,4.67,43.75,76.51,11.0,3.67,34.38,60.11,5.0,1.67,15.62,27.32,6.0,2.0,18.75,32.79,4.0,1.33,12.5,21.86,5.0,1.67,15.62,27.32,1.0,0.33,3.12,5.46,4.0,1.33,12.5,21.86,4.0,1.33,12.5,21.86,2.0,0.67,6.25,10.93,4.0,1.33,12.5,21.86,3.0,1.0,9.38,16.39,2.0,0.67,6.25,10.93,2.0,0.67,6.25,10.93,4.0,1.33,12.5,21.86,2.0,0.67,6.25,10.93,2.0,0.67,6.25,10.93,3.0,1.0,9.38,16.39,3.0,1.0,9.38,16.39,46.88,43.75,3.12,116.58,1.0,0.33,3.12,6.59,2.2,0.5,0.59,0.67,0.2,1.0,0.14,0.8,0.5,0.57,0.55,6.25,6.25,0.09,9.38,0.36
4,新北中信特攻,43|44|48|10881,林韋翰/黃泓瀚/李沛澄/飛克,1,4,5.0,45.29,0.75,00:45,45.29,0.75,00:45,2.0,2.0,40.0,95.38,2.0,2.0,40.0,95.38,2.0,2.0,40.0,95.38,1.0,1.0,20.0,47.69,1.0,1.0,20.0,47.69,1.0,1.0,20.0,47.69,1.0,1.0,20.0,47.69,0.0,0.0,0.0,0.0,0.0,0.0,0.0,0.0,0.0,0.0,0.0,0.0,1.0,1.0,20.0,47.69,0.0,0.0,0.0,0.0,0.0,0.0,0.0,0.0,0.0,0.0,0.0,0.0,1.0,1.0,20.0,47.69,1.0,1.0,20.0,47.69,1.0,1.0,20.0,47.69,0.0,0.0,0.0,0.0,2.0,2.0,40.0,95.38,0.0,0.0,0.0,0.0,40.0,40.0,0.0,158.97,0.0,0.0,0.0,0.75,0.75,0.5,0.5,1.0,0.0,,0.33,1.0,1.0,,1.0,20.0,0.0,0.4,0.0,0.0
4,新北中信特攻,43|44|10880|10881,林韋翰/黃泓瀚/內馬/飛克,6,67,80.0,1063.49,17.72,17:43,177.25,2.95,02:57,38.0,6.33,47.5,77.18,47.0,7.83,58.75,95.46,32.0,5.33,40.0,64.99,15.0,2.5,18.75,30.47,21.0,3.5,26.25,42.65,12.0,2.0,15.0,24.37,11.0,1.83,13.75,22.34,3.0,0.5,3.75,6.09,8.0,1.33,10.0,16.25,5.0,0.83,6.25,10.16,7.0,1.17,8.75,14.22,12.0,2.0,15.0,24.37,2.0,0.33,2.5,4.06,11.0,1.83,13.75,22.34,4.0,0.67,5.0,8.12,12.0,2.0,15.0,24.37,2.0,0.33,2.5,4.06,3.0,0.5,3.75,6.09,11.0,1.83,13.75,22.34,6.0,1.0,7.5,12.19,47.5,58.75,-11.25,108.32,-9.0,-1.5,-11.25,17.72,2.95,0.52,0.53,0.57,0.27,0.62,0.1,0.8,0.39,0.86,0.59,2.5,3.75,0.14,7.5,0.25
4,新北中信特攻,43|48|10880|10881,林韋翰/李沛澄/內馬/飛克,2,32,34.0,473.64,7.89,07:54,236.82,3.95,03:57,22.0,11.0,64.71,100.33,22.0,11.0,64.71,100.33,12.0,6.0,35.29,54.73,6.0,3.0,17.65,27.36,7.0,3.5,20.59,31.92,4.0,2.0,11.76,18.24,5.0,2.5,14.71,22.8,2.0,1.0,5.88,9.12,8.0,4.0,23.53,36.48,8.0,4.0,23.53,36.48,1.0,0.5,2.94,4.56,5.0,2.5,14.71,22.8,0.0,0.0,0.0,0.0,1.0,0.5,2.94,4.56,2.0,1.0,5.88,9.12,5.0,2.5,14.71,22.8,1.0,0.5,2.94,4.56,1.0,0.5,2.94,4.56,7.0,3.5,20.59,31.92,6.0,3.0,17.65,27.36,64.71,64.71,0.0,103.37,0.0,0.0,0.0,7.89,3.95,0.58,0.71,0.57,0.4,1.0,0.11,0.83,0.5,1.0,0.86,2.94,2.94,0.21,17.65,0.67
4,新北中信特攻,44|48|10880|10881,黃泓瀚/李沛澄/內馬/飛克,1,4,5.0,45.29,0.75,00:45,45.29,0.75,00:45,2.0,2.0,40.0,95.38,2.0,2.0,40.0,95.38,2.0,2.0,40.0,95.38,1.0,1.0,20.0,47.69,1.0,1.0,20.0,47.69,1.0,1.0,20.0,47.69,1.0,1.0,20.0,47.69,0.0,0.0,0.0,0.0,0.0,0.0,0.0,0.0,0.0,0.0,0.0,0.0,1.0,1.0,20.0,47.69,0.0,0.0,0.0,0.0,0.0,0.0,0.0,0.0,0.0,0.0,0.0,0.0,1.0,1.0,20.0,47.69,1.0,1.0,20.0,47.69,1.0,1.0,20.0,47.69,0.0,0.0,0.0,0.0,2.0,2.0,40.0,95.38,0.0,0.0,0.0,0.0,40.0,40.0,0.0,158.97,0.0,0.0,0.0,0.75,0.75,0.5,0.5,1.0,0.0,,0.33,1.0,1.0,,1.0,20.0,0.0,0.4,0.0,0.0
4,新北中信特攻,35|43|44|48,李睿麒/林韋翰/黃泓瀚/李沛澄,1,6,6.0,83.09,1.38,01:23,83.09,1.38,01:23,4.0,4.0,66.67,103.98,5.0,5.0,83.33,129.97,1.0,1.0,16.67,25.99,0.0,0.0,0.0,0.0,0.0,0.0,0.0,0.0,0.0,0.0,0.0,0.0,1.0,1.0,16.67,25.99,0.0,0.0,0.0,0.0,4.0,4.0,66.67,103.98,4.0,4.0,66.67,103.98,0.0,0.0,0.0,0.0,1.0,1.0,16.67,25.99,0.0,0.0,0.0,0.0,0.0,0.0,0.0,0.0,0.0,0.0,0.0,0.0,0.0,0.0,0.0,0.0,0.0,0.0,0.0,0.0,1.0,1.0,16.67,25.99,1.0,1.0,16.67,25.99,0.0,0.0,0.0,0.0,66.67,83.33,-16.67,103.98,-1.0,-1.0,-16.67,1.38,1.38,0.0,0.72,,0.0,1.0,0.0,,,1.0,1.0,0.0,16.67,0.17,0.0,4.0
4,新北中信特攻,35|43|44|10880,李睿麒/林韋翰/黃泓瀚/內馬,1,6,6.0,83.09,1.38,01:23,83.09,1.38,01:23,4.0,4.0,66.67,103.98,5.0,5.0,83.33,129.97,1.0,1.0,16.67,25.99,0.0,0.0,0.0,0.0,0.0,0.0,0.0,0.0,0.0,0.0,0.0,0.0,1.0,1.0,16.67,25.99,0.0,0.0,0.0,0.0,4.0,4.0,66.67,103.98,4.0,4.0,66.67,103.98,0.0,0.0,0.0,0.0,1.0,1.0,16.67,25.99,0.0,0.0,0.0,0.0,0.0,0.0,0.0,0.0,0.0,0.0,0.0,0.0,0.0,0.0,0.0,0.0,0.0,0.0,0.0,0.0,1.0,1.0,16.67,25.99,1.0,1.0,16.67,25.99,0.0,0.0,0.0,0.0,66.67,83.33,-16.67,103.98,-1.0,-1.0,-16.67,1.38,1.38,0.0,0.72,,0.0,1.0,0.0,,,1.0,1.0,0.0,16.67,0.17,0.0,4.0
4,新北中信特攻,35|43|48|10880,李睿麒/林韋翰/李沛澄/內馬,1,6,6.0,83.09,1.38,01:23,83.09,1.38,01:23,4.0,4.0,66.67,103.98,5.0,5.0,83.33,129.97,1.0,1.0,16.67,25.99,0.0,0.0,0.0,0.0,0.0,0.0,0.0,0.0,0.0,0.0,0.0,0.0,1.0,1.0,16.67,25.99,0.0,0.0,0.0,0.0,4.0,4.0,66.67,103.98,4.0,4.0,66.67,103.98,0.0,0.0,0.0,0.0,1.0,1.0,16.67,25.99,0.0,0.0,0.0,0.0,0.0,0.0,0.0,0.0,0.0,0.0,0.0,0.0,0.0,0.0,0.0,0.0,0.0,0.0,0.0,0.0,1.0,1.0,16.67,25.99,1.0,1.0,16.67,25.99,0.0,0.0,0.0,0.0,66.67,83.33,-16.67,103.98,-1.0,-1.0,-16.67,1.38,1.38,0.0,0.72,,0.0,1.0,0.0,,,1.0,1.0,0.0,16.67,0.17,0.0,4.0
4,新北中信特攻,35|44|48|10880,李睿麒/黃泓瀚/李沛澄/內馬,1,6,6.0,83.09,1.38,01:23,83.09,1.38,01:23,4.0,4.0,66.67,103.98,5.0,5.0,83.33,129.97,1.0,1.0,16.67,25.99,0.0,0.0,0.0,0.0,0.0,0.0,0.0,0.0,0.0,0.0,0.0,0.0,1.0,1.0,16.67,25.99,0.0,0.0,0.0,0.0,4.0,4.0,66.67,103.98,4.0,4.0,66.67,103.98,0.0,0.0,0.0,0.0,1.0,1.0,16.67,25.99,0.0,0.0,0.0,0.0,0.0,0.0,0.0,0.0,0.0,0.0,0.0,0.0,0.0,0.0,0.0,0.0,0.0,0.0,0.0,0.0,1.0,1.0,16.67,25.99,1.0,1.0,16.67,25.99,0.0,0.0,0.0,0.0,66.67,83.33,-16.67,103.98,-1.0,-1.0,-16.67,1.38,1.38,0.0,0.72,,0.0,1.0,0.0,,,1.0,1.0,0.0,16.67,0.17,0.0,4.0
4,新北中信特攻,35|39|48|10880,李睿麒/魏嘉豪/李沛澄/內馬,1,10,12.0,178.0,2.97,02:58,178.0,2.97,02:58,6.0,6.0,50.0,72.81,3.0,3.0,25.0,36.4,5.0,5.0,41.67,60.67,2.0,2.0,16.67,24.27,4.0,4.0,33.33,48.54,2.0,2.0,16.67,24.27,1.0,1.0,8.33,12.13,0.0,0.0,0.0,0.0,2.0,2.0,16.67,24.27,2.0,2.0,16.67,24.27,1.0,1.0,8.33,12.13,2.0,2.0,16.67,24.27,0.0,0.0,0.0,0.0,3.0,3.0,25.0,36.4,1.0,1.0,8.33,12.13,0.0,0.0,0.0,0.0,1.0,1.0,8.33,12.13,0.0,0.0,0.0,0.0,1.0,1.0,8.33,12.13,2.0,2.0,16.67,24.27,50.0,25.0,25.0,97.08,3.0,3.0,25.0,2.97,2.97,0.4,0.51,0.5,0.0,1.0,0.15,0.0,0.25,1.0,0.5,8.33,0.0,0.08,16.67,0.4
4,新北中信特攻,35|39|48|10882,李睿麒/魏嘉豪/李沛澄/霸夫,1,10,12.0,178.0,2.97,02:58,178.0,2.97,02:58,6.0,6.0,50.0,72.81,3.0,3.0,25.0,36.4,5.0,5.0,41.67,60.67,2.0,2.0,16.67,24.27,4.0,4.0,33.33,48.54,2.0,2.0,16.67,24.27,1.0,1.0,8.33,12.13,0.0,0.0,0.0,0.0,2.0,2.0,16.67,24.27,2.0,2.0,16.67,24.27,1.0,1.0,8.33,12.13,2.0,2.0,16.67,24.27,0.0,0.0,0.0,0.0,3.0,3.0,25.0,36.4,1.0,1.0,8.33,12.13,0.0,0.0,0.0,0.0,1.0,1.0,8.33,12.13,0.0,0.0,0.0,0.0,1.0,1.0,8.33,12.13,2.0,2.0,16.67,24.27,50.0,25.0,25.0,97.08,3.0,3.0,25.0,2.97,2.97,0.4,0.51,0.5,0.0,1.0,0.15,0.0,0.25,1.0,0.5,8.33,0.0,0.08,16.67,0.4
4,新北中信特攻,35|39|10880|10882,李睿麒/魏嘉豪/內馬/霸夫,1,10,12.0,178.0,2.97,02:58,178.0,2.97,02:58,6.0,6.0,50.0,72.81,3.0,3.0,25.0,36.4,5.0,5.0,41.67,60.67,2.0,2.0,16.67,24.27,4.0,4.0,33.33,48.54,2.0,2.0,16.67,24.27,1.0,1.0,8.33,12.13,0.0,0.0,0.0,0.0,2.0,2.0,16.67,24.27,2.0,2.0,16.67,24.27,1.0,1.0,8.33,12.13,2.0,2.0,16.67,24.27,0.0,0.0,0.0,0.0,3.0,3.0,25.0,36.4,1.0,1.0,8.33,12.13,0.0,0.0,0.0,0.0,1.0,1.0,8.33,12.13,0.0,0.0,0.0,0.0,1.0,1.0,8.33,12.13,2.0,2.0,16.67,24.27,50.0,25.0,25.0,97.08,3.0,3.0,25.0,2.97,2.97,0.4,0.51,0.5,0.0,1.0,0.15,0.0,0.25,1.0,0.5,8.33,0.0,0.08,16.67,0.4
4,新北中信特攻,35|48|10880|10882,李睿麒/李沛澄/內馬/霸夫,1,10,12.0,178.0,2.97,02:58,178.0,2.97,02:58,6.0,6.0,50.0,72.81,3.0,3.0,25.0,36.4,5.0,5.0,41.67,60.67,2.0,2.0,16.67,24.27,4.0,4.0,33.33,48.54,2.0,2.0,16.67,24.27,1.0,1.0,8.33,12.13,0.0,0.0,0.0,0.0,2.0,2.0,16.67,24.27,2.0,2.0,16.67,24.27,1.0,1.0,8.33,12.13,2.0,2.0,16.67,24.27,0.0,0.0,0.0,0.0,3.0,3.0,25.0,36.4,1.0,1.0,8.33,12.13,0.0,0.0,0.0,0.0,1.0,1.0,8.33,12.13,0.0,0.0,0.0,0.0,1.0,1.0,8.33,12.13,2.0,2.0,16.67,24.27,50.0,25.0,25.0,97.08,3.0,3.0,25.0,2.97,2.97,0.4,0.51,0.5,0.0,1.0,0.15,0.0,0.25,1.0,0.5,8.33,0.0,0.08,16.67,0.4
4,新北中信特攻,39|48|10880|10882,魏嘉豪/李沛澄/內馬/霸夫,1,10,12.0,178.0,2.97,02:58,178.0,2.97,02:58,6.0,6.0,50.0,72.81,3.0,3.0,25.0,36.4,5.0,5.0,41.67,60.67,2.0,2.0,16.67,24.27,4.0,4.0,33.33,48.54,2.0,2.0,16.67,24.27,1.0,1.0,8.33,12.13,0.0,0.0,0.0,0.0,2.0,2.0,16.67,24.27,2.0,2.0,16.67,24.27,1.0,1.0,8.33,12.13,2.0,2.0,16.67,24.27,0.0,0.0,0.0,0.0,3.0,3.0,25.0,36.4,1.0,1.0,8.33,12.13,0.0,0.0,0.0,0.0,1.0,1.0,8.33,12.13,0.0,0.0,0.0,0.0,1.0,1.0,8.33,12.13,2.0,2.0,16.67,24.27,50.0,25.0,25.0,97.08,3.0,3.0,25.0,2.97,2.97,0.4,0.51,0.5,0.0,1.0,0.15,0.0,0.25,1.0,0.5,8.33,0.0,0.08,16.67,0.4
4,新北中信特攻,35|39|47|10879,李睿麒/魏嘉豪/曾文鼎/簡廷兆,1,4,5.0,133.53,2.23,02:14,133.53,2.23,02:14,2.0,2.0,40.0,32.35,0.0,0.0,0.0,0.0,2.0,2.0,40.0,32.35,1.0,1.0,20.0,16.18,1.0,1.0,20.0,16.18,1.0,1.0,20.0,16.18,1.0,1.0,20.0,16.18,0.0,0.0,0.0,0.0,2.0,2.0,40.0,32.35,0.0,0.0,0.0,0.0,1.0,1.0,20.0,16.18,1.0,1.0,20.0,16.18,0.0,0.0,0.0,0.0,0.0,0.0,0.0,0.0,0.0,0.0,0.0,0.0,0.0,0.0,0.0,0.0,0.0,0.0,0.0,0.0,0.0,0.0,0.0,0.0,1.0,1.0,20.0,16.18,0.0,0.0,0.0,0.0,40.0,0.0,40.0,53.92,2.0,2.0,40.0,2.23,2.23,0.5,0.35,1.0,0.0,0.0,0.0,0.0,1.0,1.0,1.0,0.0,0.0,0.2,0.0,1.0
4,新北中信特攻,35|39|47|10882,李睿麒/魏嘉豪/曾文鼎/霸夫,1,8,10.0,217.09,3.62,03:37,217.09,3.62,03:37,4.0,4.0,40.0,39.8,5.0,5.0,50.0,49.75,2.0,2.0,20.0,19.9,1.0,1.0,10.0,9.95,1.0,1.0,10.0,9.95,1.0,1.0,10.0,9.95,1.0,1.0,10.0,9.95,0.0,0.0,0.0,0.0,2.0,2.0,20.0,19.9,2.0,2.0,20.0,19.9,1.0,1.0,10.0,9.95,0.0,0.0,0.0,0.0,0.0,0.0,0.0,0.0,1.0,1.0,10.0,9.95,2.0,2.0,20.0,19.9,0.0,0.0,0.0,0.0,1.0,1.0,10.0,9.95,0.0,0.0,0.0,0.0,1.0,1.0,10.0,9.95,0.0,0.0,0.0,0.0,40.0,50.0,-10.0,66.33,-1.0,-1.0,-10.0,3.62,3.62,0.5,0.69,1.0,0.0,1.0,0.41,0.0,0.5,,0.5,10.0,0.0,0.1,0.0,1.0
4,新北中信特攻,35|39|10879|10882,李睿麒/魏嘉豪/簡廷兆/霸夫,1,3,4.0,69.09,1.15,01:09,69.09,1.15,01:09,2.0,2.0,50.0,62.53,0.0,0.0,0.0,0.0,2.0,2.0,50.0,62.53,1.0,1.0,25.0,31.26,1.0,1.0,25.0,31.26,1.0,1.0,25.0,31.26,1.0,1.0,25.0,31.26,0.0,0.0,0.0,0.0,0.0,0.0,0.0,0.0,0.0,0.0,0.0,0.0,1.0,1.0,25.0,31.26,0.0,0.0,0.0,0.0,0.0,0.0,0.0,0.0,0.0,0.0,0.0,0.0,0.0,0.0,0.0,0.0,0.0,0.0,0.0,0.0,0.0,0.0,0.0,0.0,0.0,0.0,0.0,0.0,0.0,0.0,0.0,0.0,0.0,0.0,0.0,0.0,50.0,0.0,50.0,83.37,2.0,2.0,50.0,1.15,1.15,0.5,0.5,1.0,0.0,,0.0,0.0,1.0,,1.0,0.0,0.0,0.0,0.0,0.0
4,新北中信特攻,35|47|10879|10882,李睿麒/曾文鼎/簡廷兆/霸夫,1,3,4.0,69.09,1.15,01:09,69.09,1.15,01:09,2.0,2.0,50.0,62.53,0.0,0.0,0.0,0.0,2.0,2.0,50.0,62.53,1.0,1.0,25.0,31.26,1.0,1.0,25.0,31.26,1.0,1.0,25.0,31.26,1.0,1.0,25.0,31.26,0.0,0.0,0.0,0.0,0.0,0.0,0.0,0.0,0.0,0.0,0.0,0.0,1.0,1.0,25.0,31.26,0.0,0.0,0.0,0.0,0.0,0.0,0.0,0.0,0.0,0.0,0.0,0.0,0.0,0.0,0.0,0.0,0.0,0.0,0.0,0.0,0.0,0.0,0.0,0.0,0.0,0.0,0.0,0.0,0.0,0.0,0.0,0.0,0.0,0.0,0.0,0.0,50.0,0.0,50.0,83.37,2.0,2.0,50.0,1.15,1.15,0.5,0.5,1.0,0.0,,0.0,0.0,1.0,,1.0,0.0,0.0,0.0,0.0,0.0
4,桃園台啤永豐雲豹,16|54|58|64,米勒/高錦瑋/林信寬/劉元凱,1,3,4.0,132.09,2.2,02:12,132.09,2.2,02:12,0.0,0.0,0.0,0.0,2.0,2.0,50.0,32.7,0.0,0.0,0.0,0.0,0.0,0.0,0.0,0.0,0.0,0.0,0.0,0.0,0.0,0.0,0.0,0.0,0.0,0.0,0.0,0.0,0.0,0.0,0.0,0.0,0.0,0.0,0.0,0.0,0.0,0.0,0.0,0.0,0.0,0.0,0.0,0.0,0.0,0.0,0.0,0.0,1.0,1.0,25.0,16.35,0.0,0.0,0.0,0.0,2.0,2.0,50.0,32.7,0.0,0.0,0.0,0.0,1.0,1.0,25.0,16.35,0.0,0.0,0.0,0.0,0.0,0.0,0.0,0.0,0.0,0.0,0.0,0.0,0.0,50.0,-50.0,43.61,-2.0,-2.0,-50.0,2.2,2.2,,,,,,1.0,,,0.0,0.0,25.0,0.0,0.0,0.0,
4,桃園台啤永豐雲豹,16|54|64|68,米勒/高錦瑋/劉元凱/克羅馬,2,6,8.0,210.09,3.5,03:30,105.05,1.75,01:45,2.0,1.0,25.0,20.56,2.0,1.0,25.0,20.56,3.0,1.5,37.5,30.84,1.0,0.5,12.5,10.28,1.0,0.5,12.5,10.28,1.0,0.5,12.5,10.28,2.0,1.0,25.0,20.56,0.0,0.0,0.0,0.0,0.0,0.0,0.0,0.0,0.0,0.0,0.0,0.0,1.0,0.5,12.5,10.28,1.0,0.5,12.5,10.28,1.0,0.5,12.5,10.28,1.0,0.5,12.5,10.28,2.0,1.0,25.0,20.56,1.0,0.5,12.5,10.28,1.0,0.5,12.5,10.28,0.0,0.0,0.0,0.0,0.0,0.0,0.0,0.0,0.0,0.0,0.0,0.0,25.0,25.0,0.0,54.83,0.0,0.0,0.0,3.5,1.75,0.33,0.33,1.0,0.0,,0.4,1.0,0.5,0.5,0.5,12.5,0.0,0.0,0.0,0.0
4,桃園台啤永豐雲豹,16|58|64|68,米勒/林信寬/劉元凱/克羅馬,1,3,4.0,132.09,2.2,02:12,132.09,2.2,02:12,0.0,0.0,0.0,0.0,2.0,2.0,50.0,32.7,0.0,0.0,0.0,0.0,0.0,0.0,0.0,0.0,0.0,0.0,0.0,0.0,0.0,0.0,0.0,0.0,0.0,0.0,0.0,0.0,0.0,0.0,0.0,0.0,0.0,0.0,0.0,0.0,0.0,0.0,0.0,0.0,0.0,0.0,0.0,0.0,0.0,0.0,0.0,0.0,1.0,1.0,25.0,16.35,0.0,0.0,0.0,0.0,2.0,2.0,50.0,32.7,0.0,0.0,0.0,0.0,1.0,1.0,25.0,16.35,0.0,0.0,0.0,0.0,0.0,0.0,0.0,0.0,0.0,0.0,0.0,0.0,0.0,50.0,-50.0,43.61,-2.0,-2.0,-50.0,2.2,2.2,,,,,,1.0,,,0.0,0.0,25.0,0.0,0.0,0.0,
4,桃園台啤永豐雲豹,54|58|64|68,高錦瑋/林信寬/劉元凱/克羅馬,2,14,18.0,356.6,5.94,05:57,178.3,2.97,02:58,7.0,3.5,38.89,42.4,14.0,7.0,77.78,84.8,6.0,3.0,33.33,36.34,3.0,1.5,16.67,18.17,4.0,2.0,22.22,24.23,2.0,1.0,11.11,12.11,2.0,1.0,11.11,12.11,1.0,0.5,5.56,6.06,0.0,0.0,0.0,0.0,0.0,0.0,0.0,0.0,0.0,0.0,0.0,0.0,2.0,1.0,11.11,12.11,2.0,1.0,11.11,12.11,1.0,0.5,5.56,6.06,2.0,1.0,11.11,12.11,3.0,1.5,16.67,18.17,1.0,0.5,5.56,6.06,0.0,0.0,0.0,0.0,0.0,0.0,0.0,0.0,6.0,3.0,33.33,36.34,38.89,77.78,-38.89,72.69,-7.0,-3.5,-38.89,5.94,2.97,0.58,0.58,0.5,0.5,,0.25,1.0,0.0,0.5,0.4,5.56,0.0,0.0,33.33,0.0
4,新北中信特攻,35|39|47|10881,李睿麒/魏嘉豪/曾文鼎/飛克,1,6,7.0,212.44,3.54,03:32,212.44,3.54,03:32,2.0,2.0,28.57,20.33,5.0,5.0,71.43,50.84,0.0,0.0,0.0,0.0,0.0,0.0,0.0,0.0,0.0,0.0,0.0,0.0,0.0,0.0,0.0,0.0,0.0,0.0,0.0,0.0,0.0,0.0,0.0,0.0,4.0,4.0,57.14,40.67,2.0,2.0,28.57,20.33,0.0,0.0,0.0,0.0,1.0,1.0,14.29,10.17,0.0,0.0,0.0,0.0,1.0,1.0,14.29,10.17,2.0,2.0,28.57,20.33,0.0,0.0,0.0,0.0,1.0,1.0,14.29,10.17,0.0,0.0,0.0,0.0,2.0,2.0,28.57,20.33,0.0,0.0,0.0,0.0,28.57,71.43,-42.86,47.45,-3.0,-3.0,-42.86,3.54,3.54,,0.57,,,0.5,0.53,,0.0,1.0,0.5,14.29,0.0,0.29,0.0,
4,新北中信特攻,35|39|10879|10881,李睿麒/魏嘉豪/簡廷兆/飛克,1,1,1.0,64.44,1.07,01:04,64.44,1.07,01:04,0.0,0.0,0.0,0.0,0.0,0.0,0.0,0.0,0.0,0.0,0.0,0.0,0.0,0.0,0.0,0.0,0.0,0.0,0.0,0.0,0.0,0.0,0.0,0.0,0.0,0.0,0.0,0.0,0.0,0.0,0.0,0.0,2.0,2.0,200.0,67.04,0.0,0.0,0.0,0.0,0.0,0.0,0.0,0.0,1.0,1.0,100.0,33.52,0.0,0.0,0.0,0.0,0.0,0.0,0.0,0.0,0.0,0.0,0.0,0.0,0.0,0.0,0.0,0.0,0.0,0.0,0.0,0.0,0.0,0.0,0.0,0.0,1.0,1.0,100.0,33.52,0.0,0.0,0.0,0.0,0.0,0.0,0.0,22.35,0.0,0.0,0.0,1.07,1.07,,0.0,,,0.0,0.0,,,1.0,1.0,0.0,0.0,1.0,0.0,
4,新北中信特攻,35|47|10879|10881,李睿麒/曾文鼎/簡廷兆/飛克,1,1,1.0,64.44,1.07,01:04,64.44,1.07,01:04,0.0,0.0,0.0,0.0,0.0,0.0,0.0,0.0,0.0,0.0,0.0,0.0,0.0,0.0,0.0,0.0,0.0,0.0,0.0,0.0,0.0,0.0,0.0,0.0,0.0,0.0,0.0,0.0,0.0,0.0,0.0,0.0,2.0,2.0,200.0,67.04,0.0,0.0,0.0,0.0,0.0,0.0,0.0,0.0,1.0,1.0,100.0,33.52,0.0,0.0,0.0,0.0,0.0,0.0,0.0,0.0,0.0,0.0,0.0,0.0,0.0,0.0,0.0,0.0,0.0,0.0,0.0,0.0,0.0,0.0,0.0,0.0,1.0,1.0,100.0,33.52,0.0,0.0,0.0,0.0,0.0,0.0,0.0,22.35,0.0,0.0,0.0,1.07,1.07,,0.0,,,0.0,0.0,,,1.0,1.0,0.0,0.0,1.0,0.0,
4,桃園台啤永豐雲豹,54|58|64|10860,高錦瑋/林信寬/劉元凱/麥卡洛,1,6,7.0,141.44,2.36,02:21,141.44,2.36,02:21,5.0,5.0,71.43,76.36,2.0,2.0,28.57,30.54,3.0,3.0,42.86,45.81,2.0,2.0,28.57,30.54,1.0,1.0,14.29,15.27,1.0,1.0,14.29,15.27,2.0,2.0,28.57,30.54,1.0,1.0,14.29,15.27,0.0,0.0,0.0,0.0,0.0,0.0,0.0,0.0,0.0,0.0,0.0,0.0,1.0,1.0,14.29,15.27,0.0,0.0,0.0,0.0,1.0,1.0,14.29,15.27,0.0,0.0,0.0,0.0,2.0,2.0,28.57,30.54,0.0,0.0,0.0,0.0,0.0,0.0,0.0,0.0,0.0,0.0,0.0,0.0,4.0,4.0,57.14,61.09,71.43,28.57,42.86,71.27,3.0,3.0,42.86,2.36,2.36,0.83,0.83,1.0,0.5,,0.0,1.0,0.0,1.0,0.5,0.0,0.0,0.0,57.14,0.0
4,桃園台啤永豐雲豹,54|64|68|10860,高錦瑋/劉元凱/克羅馬/麥卡洛,1,6,7.0,141.44,2.36,02:21,141.44,2.36,02:21,5.0,5.0,71.43,76.36,2.0,2.0,28.57,30.54,3.0,3.0,42.86,45.81,2.0,2.0,28.57,30.54,1.0,1.0,14.29,15.27,1.0,1.0,14.29,15.27,2.0,2.0,28.57,30.54,1.0,1.0,14.29,15.27,0.0,0.0,0.0,0.0,0.0,0.0,0.0,0.0,0.0,0.0,0.0,0.0,1.0,1.0,14.29,15.27,0.0,0.0,0.0,0.0,1.0,1.0,14.29,15.27,0.0,0.0,0.0,0.0,2.0,2.0,28.57,30.54,0.0,0.0,0.0,0.0,0.0,0.0,0.0,0.0,0.0,0.0,0.0,0.0,4.0,4.0,57.14,61.09,71.43,28.57,42.86,71.27,3.0,3.0,42.86,2.36,2.36,0.83,0.83,1.0,0.5,,0.0,1.0,0.0,1.0,0.5,0.0,0.0,0.0,57.14,0.0
4,桃園台啤永豐雲豹,58|64|68|10860,林信寬/劉元凱/克羅馬/麥卡洛,1,6,7.0,141.44,2.36,02:21,141.44,2.36,02:21,5.0,5.0,71.43,76.36,2.0,2.0,28.57,30.54,3.0,3.0,42.86,45.81,2.0,2.0,28.57,30.54,1.0,1.0,14.29,15.27,1.0,1.0,14.29,15.27,2.0,2.0,28.57,30.54,1.0,1.0,14.29,15.27,0.0,0.0,0.0,0.0,0.0,0.0,0.0,0.0,0.0,0.0,0.0,0.0,1.0,1.0,14.29,15.27,0.0,0.0,0.0,0.0,1.0,1.0,14.29,15.27,0.0,0.0,0.0,0.0,2.0,2.0,28.57,30.54,0.0,0.0,0.0,0.0,0.0,0.0,0.0,0.0,0.0,0.0,0.0,0.0,4.0,4.0,57.14,61.09,71.43,28.57,42.86,71.27,3.0,3.0,42.86,2.36,2.36,0.83,0.83,1.0,0.5,,0.0,1.0,0.0,1.0,0.5,0.0,0.0,0.0,57.14,0.0
4,新北中信特攻,35|39|10881|10882,李睿麒/魏嘉豪/飛克/霸夫,1,5,6.0,148.0,2.47,02:28,148.0,2.47,02:28,2.0,2.0,33.33,29.19,5.0,5.0,83.33,72.97,0.0,0.0,0.0,0.0,0.0,0.0,0.0,0.0,0.0,0.0,0.0,0.0,0.0,0.0,0.0,0.0,0.0,0.0,0.0,0.0,0.0,0.0,0.0,0.0,2.0,2.0,33.33,29.19,2.0,2.0,33.33,29.19,0.0,0.0,0.0,0.0,0.0,0.0,0.0,0.0,0.0,0.0,0.0,0.0,1.0,1.0,16.67,14.59,2.0,2.0,33.33,29.19,0.0,0.0,0.0,0.0,1.0,1.0,16.67,14.59,0.0,0.0,0.0,0.0,1.0,1.0,16.67,14.59,0.0,0.0,0.0,0.0,33.33,83.33,-50.0,58.38,-3.0,-3.0,-50.0,2.47,2.47,,1.14,,,1.0,0.69,,0.0,,0.0,16.67,0.0,0.17,0.0,
4,新北中信特攻,35|47|10881|10882,李睿麒/曾文鼎/飛克/霸夫,1,7,9.0,206.0,3.43,03:26,206.0,3.43,03:26,2.0,2.0,22.22,20.97,5.0,5.0,55.56,52.43,2.0,2.0,22.22,20.97,0.0,0.0,0.0,0.0,0.0,0.0,0.0,0.0,0.0,0.0,0.0,0.0,2.0,2.0,22.22,20.97,0.0,0.0,0.0,0.0,2.0,2.0,22.22,20.97,2.0,2.0,22.22,20.97,1.0,1.0,11.11,10.49,1.0,1.0,11.11,10.49,0.0,0.0,0.0,0.0,2.0,2.0,22.22,20.97,2.0,2.0,22.22,20.97,0.0,0.0,0.0,0.0,1.0,1.0,11.11,10.49,0.0,0.0,0.0,0.0,1.0,1.0,11.11,10.49,0.0,0.0,0.0,0.0,22.22,55.56,-33.33,62.91,-3.0,-3.0,-33.33,3.43,3.43,0.0,0.35,,0.0,1.0,0.41,,0.33,1.0,0.5,11.11,0.0,0.11,0.0,1.0
4,新北中信特攻,35|47|10881|10883,李睿麒/曾文鼎/飛克/林安龍,1,2,3.0,58.0,0.97,00:58,58.0,0.97,00:58,0.0,0.0,0.0,0.0,0.0,0.0,0.0,0.0,2.0,2.0,66.67,74.48,0.0,0.0,0.0,0.0,0.0,0.0,0.0,0.0,0.0,0.0,0.0,0.0,2.0,2.0,66.67,74.48,0.0,0.0,0.0,0.0,0.0,0.0,0.0,0.0,0.0,0.0,0.0,0.0,1.0,1.0,33.33,37.24,1.0,1.0,33.33,37.24,0.0,0.0,0.0,0.0,1.0,1.0,33.33,37.24,0.0,0.0,0.0,0.0,0.0,0.0,0.0,0.0,0.0,0.0,0.0,0.0,0.0,0.0,0.0,0.0,0.0,0.0,0.0,0.0,0.0,0.0,0.0,0.0,0.0,0.0,0.0,74.48,0.0,0.0,0.0,0.97,0.97,0.0,0.0,,0.0,,0.0,,0.5,1.0,0.67,0.0,0.0,0.0,0.0,0.0
4,新北中信特攻,35|47|10882|10883,李睿麒/曾文鼎/霸夫/林安龍,1,2,3.0,58.0,0.97,00:58,58.0,0.97,00:58,0.0,0.0,0.0,0.0,0.0,0.0,0.0,0.0,2.0,2.0,66.67,74.48,0.0,0.0,0.0,0.0,0.0,0.0,0.0,0.0,0.0,0.0,0.0,0.0,2.0,2.0,66.67,74.48,0.0,0.0,0.0,0.0,0.0,0.0,0.0,0.0,0.0,0.0,0.0,0.0,1.0,1.0,33.33,37.24,1.0,1.0,33.33,37.24,0.0,0.0,0.0,0.0,1.0,1.0,33.33,37.24,0.0,0.0,0.0,0.0,0.0,0.0,0.0,0.0,0.0,0.0,0.0,0.0,0.0,0.0,0.0,0.0,0.0,0.0,0.0,0.0,0.0,0.0,0.0,0.0,0.0,0.0,0.0,74.48,0.0,0.0,0.0,0.97,0.97,0.0,0.0,,0.0,,0.0,,0.5,1.0,0.67,0.0,0.0,0.0,0.0,0.0
4,新北中信特攻,35|10881|10882|10883,李睿麒/飛克/霸夫/林安龍,1,2,3.0,58.0,0.97,00:58,58.0,0.97,00:58,0.0,0.0,0.0,0.0,0.0,0.0,0.0,0.0,2.0,2.0,66.67,74.48,0.0,0.0,0.0,0.0,0.0,0.0,0.0,0.0,0.0,0.0,0.0,0.0,2.0,2.0,66.67,74.48,0.0,0.0,0.0,0.0,0.0,0.0,0.0,0.0,0.0,0.0,0.0,0.0,1.0,1.0,33.33,37.24,1.0,1.0,33.33,37.24,0.0,0.0,0.0,0.0,1.0,1.0,33.33,37.24,0.0,0.0,0.0,0.0,0.0,0.0,0.0,0.0,0.0,0.0,0.0,0.0,0.0,0.0,0.0,0.0,0.0,0.0,0.0,0.0,0.0,0.0,0.0,0.0,0.0,0.0,0.0,74.48,0.0,0.0,0.0,0.97,0.97,0.0,0.0,,0.0,,0.0,,0.5,1.0,0.67,0.0,0.0,0.0,0.0,0.0
4,新北中信特攻,47|10881|10882|10883,曾文鼎/飛克/霸夫/林安龍,1,2,3.0,58.0,0.97,00:58,58.0,0.97,00:58,0.0,0.0,0.0,0.0,0.0,0.0,0.0,0.0,2.0,2.0,66.67,74.48,0.0,0.0,0.0,0.0,0.0,0.0,0.0,0.0,0.0,0.0,0.0,0.0,2.0,2.0,66.67,74.48,0.0,0.0,0.0,0.0,0.0,0.0,0.0,0.0,0.0,0.0,0.0,0.0,1.0,1.0,33.33,37.24,1.0,1.0,33.33,37.24,0.0,0.0,0.0,0.0,1.0,1.0,33.33,37.24,0.0,0.0,0.0,0.0,0.0,0.0,0.0,0.0,0.0,0.0,0.0,0.0,0.0,0.0,0.0,0.0,0.0,0.0,0.0,0.0,0.0,0.0,0.0,0.0,0.0,0.0,0.0,74.48,0.0,0.0,0.0,0.97,0.97,0.0,0.0,,0.0,,0.0,,0.5,1.0,0.67,0.0,0.0,0.0,0.0,0.0
4,桃園台啤永豐雲豹,55|58|60|64,汪哲宇/林信寬/黃鎮/劉元凱,1,2,3.0,66.0,1.1,01:06,66.0,1.1,01:06,0.0,0.0,0.0,0.0,0.0,0.0,0.0,0.0,1.0,1.0,33.33,32.73,0.0,0.0,0.0,0.0,0.0,0.0,0.0,0.0,0.0,0.0,0.0,0.0,1.0,1.0,33.33,32.73,0.0,0.0,0.0,0.0,0.0,0.0,0.0,0.0,0.0,0.0,0.0,0.0,0.0,0.0,0.0,0.0,1.0,1.0,33.33,32.73,1.0,1.0,33.33,32.73,1.0,1.0,33.33,32.73,0.0,0.0,0.0,0.0,0.0,0.0,0.0,0.0,0.0,0.0,0.0,0.0,0.0,0.0,0.0,0.0,1.0,1.0,33.33,32.73,0.0,0.0,0.0,0.0,0.0,0.0,0.0,65.45,0.0,0.0,0.0,1.1,1.1,0.0,0.0,,0.0,,0.0,,0.0,0.5,0.33,0.0,0.0,0.33,0.0,0.0
4,桃園台啤永豐雲豹,55|58|60|10884,汪哲宇/林信寬/黃鎮/徐宏瑋,1,2,3.0,66.0,1.1,01:06,66.0,1.1,01:06,0.0,0.0,0.0,0.0,0.0,0.0,0.0,0.0,1.0,1.0,33.33,32.73,0.0,0.0,0.0,0.0,0.0,0.0,0.0,0.0,0.0,0.0,0.0,0.0,1.0,1.0,33.33,32.73,0.0,0.0,0.0,0.0,0.0,0.0,0.0,0.0,0.0,0.0,0.0,0.0,0.0,0.0,0.0,0.0,1.0,1.0,33.33,32.73,1.0,1.0,33.33,32.73,1.0,1.0,33.33,32.73,0.0,0.0,0.0,0.0,0.0,0.0,0.0,0.0,0.0,0.0,0.0,0.0,0.0,0.0,0.0,0.0,1.0,1.0,33.33,32.73,0.0,0.0,0.0,0.0,0.0,0.0,0.0,65.45,0.0,0.0,0.0,1.1,1.1,0.0,0.0,,0.0,,0.0,,0.0,0.5,0.33,0.0,0.0,0.33,0.0,0.0
4,桃園台啤永豐雲豹,55|58|64|10884,汪哲宇/林信寬/劉元凱/徐宏瑋,2,6,7.0,153.23,2.55,02:33,76.61,1.28,01:17,0.0,0.0,0.0,0.0,0.0,0.0,0.0,0.0,3.0,1.5,42.86,42.29,0.0,0.0,0.0,0.0,0.0,0.0,0.0,0.0,0.0,0.0,0.0,0.0,3.0,1.5,42.86,42.29,0.0,0.0,0.0,0.0,0.0,0.0,0.0,0.0,0.0,0.0,0.0,0.0,0.0,0.0,0.0,0.0,3.0,1.5,42.86,42.29,1.0,0.5,14.29,14.1,2.0,1.0,28.57,28.19,0.0,0.0,0.0,0.0,0.0,0.0,0.0,0.0,0.0,0.0,0.0,0.0,0.0,0.0,0.0,0.0,1.0,0.5,14.29,14.1,0.0,0.0,0.0,0.0,0.0,0.0,0.0,65.78,0.0,0.0,0.0,2.55,1.28,0.0,0.0,,0.0,,0.0,,0.0,0.75,0.5,0.0,0.0,0.14,0.0,0.0
4,桃園台啤永豐雲豹,55|60|64|10884,汪哲宇/黃鎮/劉元凱/徐宏瑋,8,55,78.0,903.55,15.06,15:04,112.94,1.88,01:53,28.0,3.5,35.9,66.94,26.0,3.25,33.33,62.15,23.0,2.88,29.49,54.98,8.0,1.0,10.26,19.12,10.0,1.25,12.82,23.91,3.0,0.38,3.85,7.17,13.0,1.62,16.67,31.08,5.0,0.62,6.41,11.95,10.0,1.25,12.82,23.91,7.0,0.88,8.97,16.73,8.0,1.0,10.26,19.12,8.0,1.0,10.26,19.12,12.0,1.5,15.38,28.69,8.0,1.0,10.26,19.12,7.0,0.88,8.97,16.73,6.0,0.75,7.69,14.34,5.0,0.62,6.41,11.95,1.0,0.12,1.28,2.39,9.0,1.12,11.54,21.52,11.0,1.38,14.1,26.3,35.9,33.33,2.56,124.31,2.0,0.25,2.56,15.06,1.88,0.46,0.51,0.3,0.38,0.7,0.2,0.75,0.5,0.4,0.44,6.41,1.28,0.12,14.1,0.43
4,桃園台啤永豐雲豹,58|60|64|10884,林信寬/黃鎮/劉元凱/徐宏瑋,1,2,3.0,66.0,1.1,01:06,66.0,1.1,01:06,0.0,0.0,0.0,0.0,0.0,0.0,0.0,0.0,1.0,1.0,33.33,32.73,0.0,0.0,0.0,0.0,0.0,0.0,0.0,0.0,0.0,0.0,0.0,0.0,1.0,1.0,33.33,32.73,0.0,0.0,0.0,0.0,0.0,0.0,0.0,0.0,0.0,0.0,0.0,0.0,0.0,0.0,0.0,0.0,1.0,1.0,33.33,32.73,1.0,1.0,33.33,32.73,1.0,1.0,33.33,32.73,0.0,0.0,0.0,0.0,0.0,0.0,0.0,0.0,0.0,0.0,0.0,0.0,0.0,0.0,0.0,0.0,1.0,1.0,33.33,32.73,0.0,0.0,0.0,0.0,0.0,0.0,0.0,65.45,0.0,0.0,0.0,1.1,1.1,0.0,0.0,,0.0,,0.0,,0.0,0.5,0.33,0.0,0.0,0.33,0.0,0.0
4,高雄全家海神,45|110|10893|12668,施晉堯/胡瓏貿/崔維斯/歐提斯,1,12,13.0,193.57,3.23,03:14,193.57,3.23,03:14,10.0,10.0,76.92,111.59,11.0,11.0,84.62,122.75,5.0,5.0,38.46,55.79,3.0,3.0,23.08,33.48,1.0,1.0,7.69,11.16,0.0,0.0,0.0,0.0,4.0,4.0,30.77,44.63,3.0,3.0,23.08,33.48,1.0,1.0,7.69,11.16,1.0,1.0,7.69,11.16,1.0,1.0,7.69,11.16,1.0,1.0,7.69,11.16,0.0,0.0,0.0,0.0,0.0,0.0,0.0,0.0,1.0,1.0,7.69,11.16,3.0,3.0,23.08,33.48,0.0,0.0,0.0,0.0,0.0,0.0,0.0,0.0,2.0,2.0,15.38,22.32,6.0,6.0,46.15,66.95,76.92,84.62,-7.69,96.71,-1.0,-1.0,-7.69,3.23,3.23,0.9,0.92,0.0,0.75,1.0,0.16,1.0,1.0,1.0,1.0,0.0,0.0,0.15,46.15,0.2
4,高雄全家海神,45|118|10893|12668,施晉堯/蘇文儒/崔維斯/歐提斯,2,39,44.0,593.32,9.89,09:53,296.66,4.94,04:57,24.0,12.0,54.55,87.37,30.0,15.0,68.18,109.22,17.0,8.5,38.64,61.89,9.0,4.5,20.45,32.76,6.0,3.0,13.64,21.84,4.0,2.0,9.09,14.56,11.0,5.5,25.0,40.05,5.0,2.5,11.36,18.2,3.0,1.5,6.82,10.92,3.0,1.5,6.82,10.92,0.0,0.0,0.0,0.0,8.0,4.0,18.18,29.12,4.0,2.0,9.09,14.56,4.0,2.0,9.09,14.56,0.0,0.0,0.0,0.0,5.0,2.5,11.36,18.2,0.0,0.0,0.0,0.0,0.0,0.0,0.0,0.0,4.0,2.0,9.09,14.56,7.0,3.5,15.91,25.48,54.55,68.18,-13.64,106.79,-6.0,-3.0,-13.64,9.89,4.94,0.68,0.66,0.67,0.45,1.0,0.0,0.56,0.0,0.67,0.5,0.0,0.0,0.09,15.91,0.18
4,高雄全家海神,110|118|10893|12668,胡瓏貿/蘇文儒/崔維斯/歐提斯,1,16,16.0,243.42,4.06,04:03,243.42,4.06,04:03,9.0,9.0,56.25,79.86,10.0,10.0,62.5,88.73,6.0,6.0,37.5,53.24,3.0,3.0,18.75,26.62,0.0,0.0,0.0,0.0,0.0,0.0,0.0,0.0,6.0,6.0,37.5,53.24,3.0,3.0,18.75,26.62,0.0,0.0,0.0,0.0,0.0,0.0,0.0,0.0,0.0,0.0,0.0,0.0,3.0,3.0,18.75,26.62,0.0,0.0,0.0,0.0,3.0,3.0,18.75,26.62,1.0,1.0,6.25,8.87,3.0,3.0,18.75,26.62,1.0,1.0,6.25,8.87,0.0,0.0,0.0,0.0,1.0,1.0,6.25,8.87,4.0,4.0,25.0,35.49,56.25,62.5,-6.25,94.65,-1.0,-1.0,-6.25,4.06,4.06,0.75,0.75,,0.5,,0.14,1.0,0.0,1.0,0.5,6.25,0.0,0.06,25.0,0.0
4,福爾摩沙夢想家,77|79|89|107,馬建豪/張宗憲/蔣淯安/霍爾曼,9,231,273.0,3376.05,56.27,56:16,375.12,6.25,06:15,134.0,14.89,49.08,85.73,114.0,12.67,41.76,72.94,83.0,9.22,30.4,53.1,42.0,4.67,15.38,26.87,49.0,5.44,17.95,31.35,26.0,2.89,9.52,16.63,34.0,3.78,12.45,21.75,16.0,1.78,5.86,10.24,48.0,5.33,17.58,30.71,36.0,4.0,13.19,23.03,9.0,1.0,3.3,5.76,36.0,4.0,13.19,23.03,21.0,2.33,7.69,13.44,49.0,5.44,17.95,31.35,21.0,2.33,7.69,13.44,29.0,3.22,10.62,18.55,13.0,1.44,4.76,8.32,4.0,0.44,1.47,2.56,35.0,3.89,12.82,22.39,29.0,3.22,10.62,18.55,49.08,41.76,7.33,116.44,20.0,2.22,7.33,56.27,6.25,0.6,0.64,0.53,0.47,0.75,0.17,0.69,0.16,0.63,0.39,4.76,1.47,0.13,10.62,0.58
4,福爾摩沙夢想家,77|79|89|10889,馬建豪/張宗憲/蔣淯安/恩尼斯,2,27,30.0,344.98,5.75,05:45,172.49,2.87,02:52,14.0,7.0,46.67,87.66,12.0,6.0,40.0,75.13,8.0,4.0,26.67,50.09,4.0,2.0,13.33,25.04,5.0,2.5,16.67,31.31,3.0,1.5,10.0,18.78,3.0,1.5,10.0,18.78,1.0,0.5,3.33,6.26,3.0,1.5,10.0,18.78,3.0,1.5,10.0,18.78,1.0,0.5,3.33,6.26,3.0,1.5,10.0,18.78,1.0,0.5,3.33,6.26,5.0,2.5,16.67,31.31,4.0,2.0,13.33,25.04,2.0,1.0,6.67,12.52,3.0,1.5,10.0,18.78,0.0,0.0,0.0,0.0,4.0,2.0,13.33,25.04,7.0,3.5,23.33,43.83,46.67,40.0,6.67,125.22,2.0,1.0,6.67,5.75,2.87,0.56,0.75,0.6,0.33,1.0,0.3,0.5,0.17,0.75,0.4,10.0,0.0,0.13,23.33,0.38
4,福爾摩沙夢想家,77|79|107|10889,馬建豪/張宗憲/霍爾曼/恩尼斯,2,29,32.0,391.51,6.53,06:32,195.75,3.26,03:16,18.0,9.0,56.25,99.31,21.0,10.5,65.62,115.86,10.0,5.0,31.25,55.17,7.0,3.5,21.88,38.62,6.0,3.0,18.75,33.1,6.0,3.0,18.75,33.1,4.0,2.0,12.5,22.07,1.0,0.5,3.12,5.52,3.0,1.5,9.38,16.55,3.0,1.5,9.38,16.55,0.0,0.0,0.0,0.0,3.0,1.5,9.38,16.55,2.0,1.0,6.25,11.03,2.0,1.0,6.25,11.03,3.0,1.5,9.38,16.55,4.0,2.0,12.5,22.07,2.0,1.0,6.25,11.03,0.0,0.0,0.0,0.0,3.0,1.5,9.38,16.55,6.0,3.0,18.75,33.1,56.25,65.62,-9.38,117.7,-3.0,-1.5,-9.38,6.53,3.26,0.75,0.8,1.0,0.25,1.0,0.21,0.57,0.0,0.6,0.43,6.25,0.0,0.09,18.75,0.3
4,福爾摩沙夢想家,77|89|107|10889,馬建豪/蔣淯安/霍爾曼/恩尼斯,6,111,135.0,1742.44,29.04,29:02,290.41,4.84,04:50,53.0,8.83,39.26,65.7,63.0,10.5,46.67,78.1,40.0,6.67,29.63,49.59,16.0,2.67,11.85,19.83,18.0,3.0,13.33,22.31,11.0,1.83,8.15,13.64,22.0,3.67,16.3,27.27,5.0,0.83,3.7,6.2,15.0,2.5,11.11,18.59,14.0,2.33,10.37,17.35,6.0,1.0,4.44,7.44,19.0,3.17,14.07,23.55,14.0,2.33,10.37,17.35,19.0,3.17,14.07,23.55,14.0,2.33,10.37,17.35,10.0,1.67,7.41,12.4,6.0,1.0,4.44,7.44,1.0,0.17,0.74,1.24,11.0,1.83,8.15,13.64,12.0,2.0,8.89,14.88,39.26,46.67,-7.41,111.57,-10.0,-1.67,-7.41,29.04,4.84,0.46,0.57,0.61,0.23,0.93,0.23,0.62,0.24,0.58,0.43,4.44,0.74,0.08,8.89,0.38
4,福爾摩沙夢想家,77|89|95|107,馬建豪/蔣淯安/李德威/霍爾曼,2,18,19.0,278.52,4.64,04:39,139.26,2.32,02:19,7.0,3.5,36.84,54.29,5.0,2.5,26.32,38.78,6.0,3.0,31.58,46.53,2.0,1.0,10.53,15.51,2.0,1.0,10.53,15.51,1.0,0.5,5.26,7.76,4.0,2.0,21.05,31.02,1.0,0.5,5.26,7.76,3.0,1.5,15.79,23.27,2.0,1.0,10.53,15.51,0.0,0.0,0.0,0.0,5.0,2.5,26.32,38.78,2.0,1.0,10.53,15.51,5.0,2.5,26.32,38.78,1.0,0.5,5.26,7.76,1.0,0.5,5.26,7.76,0.0,0.0,0.0,0.0,0.0,0.0,0.0,0.0,1.0,0.5,5.26,7.76,2.0,1.0,10.53,15.51,36.84,26.32,10.53,98.23,2.0,1.0,10.53,4.64,2.32,0.42,0.48,0.5,0.25,0.67,0.12,0.5,0.0,0.71,0.42,0.0,0.0,0.05,10.53,0.5
4,福爾摩沙夢想家,77|89|95|10889,馬建豪/蔣淯安/李德威/恩尼斯,4,58,64.0,827.45,13.79,13:47,206.86,3.45,03:27,16.0,4.0,25.0,41.77,28.0,7.0,43.75,73.09,17.0,4.25,26.56,44.38,6.0,1.5,9.38,15.66,10.0,2.5,15.62,26.1,5.0,1.25,7.81,13.05,7.0,1.75,10.94,18.27,1.0,0.25,1.56,2.61,9.0,2.25,14.06,23.49,3.0,0.75,4.69,7.83,1.0,0.25,1.56,2.61,13.0,3.25,20.31,33.94,4.0,1.0,6.25,10.44,12.0,3.0,18.75,31.32,7.0,1.75,10.94,18.27,3.0,0.75,4.69,7.83,2.0,0.5,3.12,5.22,0.0,0.0,0.0,0.0,4.0,1.0,6.25,10.44,10.0,2.5,15.62,26.1,25.0,43.75,-18.75,111.38,-12.0,-3.0,-18.75,13.79,3.45,0.38,0.38,0.5,0.14,0.33,0.25,0.5,0.08,0.76,0.47,3.12,0.0,0.06,15.62,0.53
4,福爾摩沙夢想家,77|95|107|10889,馬建豪/李德威/霍爾曼/恩尼斯,2,19,20.0,279.49,4.66,04:39,139.75,2.33,02:20,9.0,4.5,45.0,69.55,5.0,2.5,25.0,38.64,6.0,3.0,30.0,46.37,2.0,1.0,10.0,15.46,2.0,1.0,10.0,15.46,1.0,0.5,5.0,7.73,4.0,2.0,20.0,30.91,1.0,0.5,5.0,7.73,5.0,2.5,25.0,38.64,4.0,2.0,20.0,30.91,0.0,0.0,0.0,0.0,5.0,2.5,25.0,38.64,2.0,1.0,10.0,15.46,5.0,2.5,25.0,38.64,1.0,0.5,5.0,7.73,2.0,1.0,10.0,15.46,0.0,0.0,0.0,0.0,0.0,0.0,0.0,0.0,1.0,0.5,5.0,7.73,2.0,1.0,10.0,15.46,45.0,25.0,20.0,103.04,4.0,2.0,20.0,4.66,2.33,0.42,0.55,0.5,0.25,0.8,0.11,1.0,0.0,0.71,0.42,0.0,0.0,0.05,10.0,0.83
4,高雄全家海神,109|121|10893|10894,于煥亞/吳曉謹/崔維斯/凱帝,1,24,31.0,426.86,7.11,07:07,426.86,7.11,07:07,13.0,13.0,41.94,65.78,16.0,16.0,51.61,80.96,10.0,10.0,32.26,50.6,5.0,5.0,16.13,25.3,5.0,5.0,16.13,25.3,2.0,2.0,6.45,10.12,5.0,5.0,16.13,25.3,3.0,3.0,9.68,15.18,2.0,2.0,6.45,10.12,0.0,0.0,0.0,0.0,1.0,1.0,3.23,5.06,5.0,5.0,16.13,25.3,1.0,1.0,3.23,5.06,2.0,2.0,6.45,10.12,2.0,2.0,6.45,10.12,3.0,3.0,9.68,15.18,0.0,0.0,0.0,0.0,0.0,0.0,0.0,0.0,3.0,3.0,9.68,15.18,4.0,4.0,12.9,20.24,41.94,51.61,-9.68,104.58,-3.0,-3.0,-9.68,7.11,7.11,0.65,0.6,0.4,0.6,0.0,0.16,0.6,0.33,0.83,0.67,0.0,0.0,0.1,12.9,0.2
4,福爾摩沙夢想家,77|86|95|107,馬建豪/林俊吉/李德威/霍爾曼,2,7,10.0,99.93,1.67,01:40,49.96,0.83,00:50,4.0,2.0,40.0,86.46,5.0,2.5,50.0,108.08,1.0,0.5,10.0,21.62,0.0,0.0,0.0,0.0,0.0,0.0,0.0,0.0,0.0,0.0,0.0,0.0,1.0,0.5,10.0,21.62,0.0,0.0,0.0,0.0,5.0,2.5,50.0,108.08,4.0,2.0,40.0,86.46,1.0,0.5,10.0,21.62,0.0,0.0,0.0,0.0,0.0,0.0,0.0,0.0,0.0,0.0,0.0,0.0,2.0,1.0,20.0,43.23,1.0,0.5,10.0,21.62,1.0,0.5,10.0,21.62,0.0,0.0,0.0,0.0,3.0,1.5,30.0,64.85,0.0,0.0,0.0,0.0,40.0,50.0,-10.0,144.11,-1.0,-0.5,-10.0,1.67,0.83,0.0,0.62,,0.0,0.8,0.38,,1.0,,1.0,10.0,0.0,0.3,0.0,5.0
4,福爾摩沙夢想家,77|86|95|10889,馬建豪/林俊吉/李德威/恩尼斯,1,12,14.0,170.04,2.83,02:50,170.04,2.83,02:50,8.0,8.0,57.14,101.63,10.0,10.0,71.43,127.03,6.0,6.0,42.86,76.22,3.0,3.0,21.43,38.11,4.0,4.0,28.57,50.81,3.0,3.0,21.43,38.11,2.0,2.0,14.29,25.41,0.0,0.0,0.0,0.0,2.0,2.0,14.29,25.41,2.0,2.0,14.29,25.41,1.0,1.0,7.14,12.7,2.0,2.0,14.29,25.41,1.0,1.0,7.14,12.7,1.0,1.0,7.14,12.7,0.0,0.0,0.0,0.0,1.0,1.0,7.14,12.7,0.0,0.0,0.0,0.0,0.0,0.0,0.0,0.0,0.0,0.0,0.0,0.0,1.0,1.0,7.14,12.7,57.14,71.43,-14.29,118.56,-2.0,-2.0,-14.29,2.83,2.83,0.5,0.58,0.75,0.0,1.0,0.0,0.33,0.5,0.67,0.6,0.0,0.0,0.0,7.14,0.33
4,福爾摩沙夢想家,77|86|107|10889,馬建豪/林俊吉/霍爾曼/恩尼斯,6,114,135.0,1758.9,29.31,29:19,293.15,4.89,04:53,63.0,10.5,46.67,77.37,68.0,11.33,50.37,83.51,42.0,7.0,31.11,51.58,20.0,3.33,14.81,24.56,28.0,4.67,20.74,34.39,14.0,2.33,10.37,17.19,14.0,2.33,10.37,17.19,6.0,1.0,4.44,7.37,21.0,3.5,15.56,25.79,17.0,2.83,12.59,20.88,5.0,0.83,3.7,6.14,19.0,3.17,14.07,23.33,11.0,1.83,8.15,13.51,23.0,3.83,17.04,28.25,12.0,2.0,8.89,14.74,13.0,2.17,9.63,15.96,7.0,1.17,5.19,8.6,1.0,0.17,0.74,1.23,16.0,2.67,11.85,19.65,16.0,2.67,11.85,19.65,46.67,50.37,-3.7,110.52,-5.0,-0.83,-3.7,29.31,4.89,0.55,0.61,0.5,0.43,0.81,0.19,0.65,0.18,0.63,0.41,5.19,0.74,0.12,11.85,0.5
4,福爾摩沙夢想家,86|95|107|10889,林俊吉/李德威/霍爾曼/恩尼斯,2,7,12.0,97.64,1.63,01:38,48.82,0.81,00:49,4.0,2.0,33.33,88.49,2.0,1.0,16.67,44.24,6.0,3.0,50.0,132.73,1.0,0.5,8.33,22.12,5.0,2.5,41.67,110.61,1.0,0.5,8.33,22.12,1.0,0.5,8.33,22.12,0.0,0.0,0.0,0.0,3.0,1.5,25.0,66.36,2.0,1.0,16.67,44.24,4.0,2.0,33.33,88.49,2.0,1.0,16.67,44.24,3.0,1.5,25.0,66.36,1.0,0.5,8.33,22.12,0.0,0.0,0.0,0.0,1.0,0.5,8.33,22.12,0.0,0.0,0.0,0.0,0.0,0.0,0.0,0.0,1.0,0.5,8.33,22.12,4.0,2.0,33.33,88.49,33.33,16.67,16.67,176.97,2.0,1.0,16.67,1.63,0.81,0.17,0.27,0.2,0.0,0.67,0.0,1.0,0.8,0.4,0.6,0.0,0.0,0.08,33.33,0.5
4,福爾摩沙夢想家,77|86|95|106,馬建豪/林俊吉/李德威/高柏鎧,1,5,7.0,98.0,1.63,01:38,98.0,1.63,01:38,0.0,0.0,0.0,0.0,5.0,5.0,71.43,110.2,1.0,1.0,14.29,22.04,0.0,0.0,0.0,0.0,0.0,0.0,0.0,0.0,0.0,0.0,0.0,0.0,1.0,1.0,14.29,22.04,0.0,0.0,0.0,0.0,0.0,0.0,0.0,0.0,0.0,0.0,0.0,0.0,1.0,1.0,14.29,22.04,0.0,0.0,0.0,0.0,0.0,0.0,0.0,0.0,0.0,0.0,0.0,0.0,2.0,2.0,28.57,44.08,0.0,0.0,0.0,0.0,1.0,1.0,14.29,22.04,0.0,0.0,0.0,0.0,3.0,3.0,42.86,66.12,0.0,0.0,0.0,0.0,0.0,71.43,-71.43,102.86,-5.0,-5.0,-71.43,1.63,1.63,0.0,0.0,,0.0,,0.67,,1.0,,1.0,14.29,0.0,0.43,0.0,0.0
4,福爾摩沙夢想家,77|86|106|107,馬建豪/林俊吉/高柏鎧/霍爾曼,5,49,56.0,771.93,12.87,12:52,154.39,2.57,02:34,26.0,5.2,46.43,72.75,18.0,3.6,32.14,50.37,19.0,3.8,33.93,53.17,11.0,2.2,19.64,30.78,10.0,2.0,17.86,27.98,8.0,1.6,14.29,22.39,9.0,1.8,16.07,25.18,3.0,0.6,5.36,8.39,2.0,0.4,3.57,5.6,1.0,0.2,1.79,2.8,4.0,0.8,7.14,11.19,5.0,1.0,8.93,13.99,2.0,0.4,3.57,5.6,13.0,2.6,23.21,36.38,6.0,1.2,10.71,16.79,5.0,1.0,8.93,13.99,5.0,1.0,8.93,13.99,0.0,0.0,0.0,0.0,6.0,1.2,10.71,16.79,6.0,1.2,10.71,16.79,46.43,32.14,14.29,104.46,8.0,1.6,14.29,12.87,2.57,0.66,0.65,0.8,0.33,0.5,0.23,0.45,0.24,0.71,0.38,8.93,0.0,0.11,10.71,0.11
4,福爾摩沙夢想家,77|95|106|107,馬建豪/李德威/高柏鎧/霍爾曼,1,5,7.0,98.0,1.63,01:38,98.0,1.63,01:38,0.0,0.0,0.0,0.0,5.0,5.0,71.43,110.2,1.0,1.0,14.29,22.04,0.0,0.0,0.0,0.0,0.0,0.0,0.0,0.0,0.0,0.0,0.0,0.0,1.0,1.0,14.29,22.04,0.0,0.0,0.0,0.0,0.0,0.0,0.0,0.0,0.0,0.0,0.0,0.0,1.0,1.0,14.29,22.04,0.0,0.0,0.0,0.0,0.0,0.0,0.0,0.0,0.0,0.0,0.0,0.0,2.0,2.0,28.57,44.08,0.0,0.0,0.0,0.0,1.0,1.0,14.29,22.04,0.0,0.0,0.0,0.0,3.0,3.0,42.86,66.12,0.0,0.0,0.0,0.0,0.0,71.43,-71.43,102.86,-5.0,-5.0,-71.43,1.63,1.63,0.0,0.0,,0.0,,0.67,,1.0,,1.0,14.29,0.0,0.43,0.0,0.0
4,福爾摩沙夢想家,86|95|106|107,林俊吉/李德威/高柏鎧/霍爾曼,1,5,7.0,98.0,1.63,01:38,98.0,1.63,01:38,0.0,0.0,0.0,0.0,5.0,5.0,71.43,110.2,1.0,1.0,14.29,22.04,0.0,0.0,0.0,0.0,0.0,0.0,0.0,0.0,0.0,0.0,0.0,0.0,1.0,1.0,14.29,22.04,0.0,0.0,0.0,0.0,0.0,0.0,0.0,0.0,0.0,0.0,0.0,0.0,1.0,1.0,14.29,22.04,0.0,0.0,0.0,0.0,0.0,0.0,0.0,0.0,0.0,0.0,0.0,0.0,2.0,2.0,28.57,44.08,0.0,0.0,0.0,0.0,1.0,1.0,14.29,22.04,0.0,0.0,0.0,0.0,3.0,3.0,42.86,66.12,0.0,0.0,0.0,0.0,0.0,71.43,-71.43,102.86,-5.0,-5.0,-71.43,1.63,1.63,0.0,0.0,,0.0,,0.67,,1.0,,1.0,14.29,0.0,0.43,0.0,0.0
4,福爾摩沙夢想家,77|86|103|106,馬建豪/林俊吉/忻沃克/高柏鎧,6,70,86.0,1040.21,17.34,17:20,173.37,2.89,02:53,29.0,4.83,33.72,60.22,26.0,4.33,30.23,53.99,25.0,4.17,29.07,51.91,10.0,1.67,11.63,20.76,20.0,3.33,23.26,41.53,10.0,1.67,11.63,20.76,5.0,0.83,5.81,10.38,0.0,0.0,0.0,0.0,16.0,2.67,18.6,33.22,11.0,1.83,12.79,22.84,5.0,0.83,5.81,10.38,13.0,2.17,15.12,26.99,5.0,0.83,5.81,10.38,21.0,3.5,24.42,43.61,10.0,1.67,11.63,20.76,2.0,0.33,2.33,4.15,5.0,0.83,5.81,10.38,2.0,0.33,2.33,4.15,9.0,1.5,10.47,18.69,17.0,2.83,19.77,35.3,33.72,30.23,3.49,119.05,3.0,0.5,3.49,17.34,2.89,0.4,0.45,0.5,0.0,0.69,0.24,0.2,0.19,0.72,0.41,5.81,2.33,0.1,19.77,0.64
4,福爾摩沙夢想家,77|86|103|10889,馬建豪/林俊吉/忻沃克/恩尼斯,3,87,110.0,1346.18,22.44,22:26,448.73,7.48,07:29,51.0,17.0,46.36,81.83,45.0,15.0,40.91,72.2,35.0,11.67,31.82,56.16,16.0,5.33,14.55,25.67,26.0,8.67,23.64,41.72,11.0,3.67,10.0,17.65,9.0,3.0,8.18,14.44,5.0,1.67,4.55,8.02,18.0,6.0,16.36,28.88,14.0,4.67,12.73,22.46,6.0,2.0,5.45,9.63,14.0,4.67,12.73,22.46,9.0,3.0,8.18,14.44,21.0,7.0,19.09,33.7,8.0,2.67,7.27,12.84,7.0,2.33,6.36,11.23,5.0,1.67,4.55,8.02,2.0,0.67,1.82,3.21,12.0,4.0,10.91,19.25,14.0,4.67,12.73,22.46,46.36,40.91,5.45,117.67,6.0,2.0,5.45,22.44,7.48,0.53,0.59,0.42,0.56,0.78,0.16,0.44,0.22,0.61,0.4,4.55,1.82,0.11,12.73,0.51
4,福爾摩沙夢想家,77|86|106|10889,馬建豪/林俊吉/高柏鎧/恩尼斯,2,19,25.0,326.99,5.45,05:27,163.49,2.72,02:43,8.0,4.0,32.0,52.85,8.0,4.0,32.0,52.85,7.0,3.5,28.0,46.24,3.0,1.5,12.0,19.82,5.0,2.5,20.0,33.03,3.0,1.5,12.0,19.82,2.0,1.0,8.0,13.21,0.0,0.0,0.0,0.0,4.0,2.0,16.0,26.42,2.0,1.0,8.0,13.21,1.0,0.5,4.0,6.61,2.0,1.0,8.0,13.21,0.0,0.0,0.0,0.0,4.0,2.0,16.0,26.42,4.0,2.0,16.0,26.42,3.0,1.5,12.0,19.82,1.0,0.5,4.0,6.61,1.0,0.5,4.0,6.61,3.0,1.5,12.0,19.82,2.0,1.0,8.0,13.21,32.0,32.0,0.0,110.1,0.0,0.0,0.0,5.45,2.72,0.43,0.46,0.6,0.0,0.5,0.31,1.0,0.2,1.0,0.43,4.0,4.0,0.12,8.0,0.57
4,福爾摩沙夢想家,77|103|106|10889,馬建豪/忻沃克/高柏鎧/恩尼斯,2,17,22.0,269.74,4.5,04:30,134.87,2.25,02:15,6.0,3.0,27.27,48.05,5.0,2.5,22.73,40.04,7.0,3.5,31.82,56.05,2.0,1.0,9.09,16.02,2.0,1.0,9.09,16.02,1.0,0.5,4.55,8.01,5.0,2.5,22.73,40.04,1.0,0.5,4.55,8.01,2.0,1.0,9.09,16.02,1.0,0.5,4.55,8.01,0.0,0.0,0.0,0.0,5.0,2.5,22.73,40.04,0.0,0.0,0.0,0.0,6.0,3.0,27.27,48.05,2.0,1.0,9.09,16.02,1.0,0.5,4.55,8.01,0.0,0.0,0.0,0.0,1.0,0.5,4.55,8.01,3.0,1.5,13.64,24.02,4.0,2.0,18.18,32.03,27.27,22.73,4.55,117.45,1.0,0.5,4.55,4.5,2.25,0.36,0.38,0.5,0.2,0.5,0.2,0.5,0.0,1.0,0.45,0.0,4.55,0.14,18.18,0.29
4,高雄全家海神,110|121|122|12668,胡瓏貿/吳曉謹/陳懷安/歐提斯,2,9,10.0,140.4,2.34,02:20,70.2,1.17,01:10,2.0,1.0,20.0,30.77,7.0,3.5,70.0,107.69,2.0,1.0,20.0,30.77,1.0,0.5,10.0,15.38,2.0,1.0,20.0,30.77,1.0,0.5,10.0,15.38,0.0,0.0,0.0,0.0,0.0,0.0,0.0,0.0,2.0,1.0,20.0,30.77,0.0,0.0,0.0,0.0,0.0,0.0,0.0,0.0,2.0,1.0,20.0,30.77,0.0,0.0,0.0,0.0,0.0,0.0,0.0,0.0,1.0,0.5,10.0,15.38,0.0,0.0,0.0,0.0,1.0,0.5,10.0,15.38,0.0,0.0,0.0,0.0,1.0,0.5,10.0,15.38,2.0,1.0,20.0,30.77,20.0,70.0,-50.0,102.56,-5.0,-2.5,-50.0,2.34,1.17,0.5,0.35,0.5,,0.0,0.26,0.0,,1.0,1.0,10.0,0.0,0.1,20.0,1.0
4,高雄全家海神,110|121|10893|12668,胡瓏貿/吳曉謹/崔維斯/歐提斯,1,4,4.0,76.4,1.27,01:16,76.4,1.27,01:16,0.0,0.0,0.0,0.0,3.0,3.0,75.0,84.82,0.0,0.0,0.0,0.0,0.0,0.0,0.0,0.0,0.0,0.0,0.0,0.0,0.0,0.0,0.0,0.0,0.0,0.0,0.0,0.0,0.0,0.0,0.0,0.0,2.0,2.0,50.0,56.54,0.0,0.0,0.0,0.0,0.0,0.0,0.0,0.0,1.0,1.0,25.0,28.27,0.0,0.0,0.0,0.0,0.0,0.0,0.0,0.0,1.0,1.0,25.0,28.27,0.0,0.0,0.0,0.0,1.0,1.0,25.0,28.27,0.0,0.0,0.0,0.0,1.0,1.0,25.0,28.27,2.0,2.0,50.0,56.54,0.0,75.0,-75.0,75.39,-3.0,-3.0,-75.0,1.27,1.27,,0.0,,,0.0,0.53,,,1.0,1.0,25.0,0.0,0.25,50.0,
4,高雄全家海神,110|122|10893|12668,胡瓏貿/陳懷安/崔維斯/歐提斯,1,79,92.0,1203.77,20.06,20:04,1203.77,20.06,20:04,39.0,39.0,42.39,69.98,43.0,43.0,46.74,77.16,31.0,31.0,33.7,55.63,12.0,12.0,13.04,21.53,16.0,16.0,17.39,28.71,8.0,8.0,8.7,14.35,15.0,15.0,16.3,26.92,4.0,4.0,4.35,7.18,16.0,16.0,17.39,28.71,11.0,11.0,11.96,19.74,3.0,3.0,3.26,5.38,18.0,18.0,19.57,32.3,3.0,3.0,3.26,5.38,11.0,11.0,11.96,19.74,6.0,6.0,6.52,10.77,8.0,8.0,8.7,14.35,4.0,4.0,4.35,7.18,0.0,0.0,0.0,0.0,9.0,9.0,9.78,16.15,21.0,21.0,22.83,37.68,42.39,46.74,-4.35,110.05,-4.0,-4.0,-4.35,20.06,20.06,0.45,0.51,0.5,0.27,0.69,0.14,0.67,0.21,0.86,0.6,4.35,0.0,0.1,22.83,0.52
4,高雄全家海神,121|122|10893|12668,吳曉謹/陳懷安/崔維斯/歐提斯,2,10,10.0,178.02,2.97,02:58,89.01,1.48,01:29,2.0,1.0,20.0,24.27,5.0,2.5,50.0,60.67,1.0,0.5,10.0,12.13,0.0,0.0,0.0,0.0,1.0,0.5,10.0,12.13,0.0,0.0,0.0,0.0,0.0,0.0,0.0,0.0,0.0,0.0,0.0,0.0,5.0,2.5,50.0,60.67,2.0,1.0,20.0,24.27,0.0,0.0,0.0,0.0,2.0,1.0,20.0,24.27,0.0,0.0,0.0,0.0,2.0,1.0,20.0,24.27,2.0,1.0,20.0,24.27,1.0,0.5,10.0,12.13,2.0,1.0,20.0,24.27,0.0,0.0,0.0,0.0,2.0,1.0,20.0,24.27,6.0,3.0,60.0,72.8,20.0,50.0,-30.0,80.89,-3.0,-1.5,-30.0,2.97,1.48,0.0,0.31,0.0,,0.4,0.38,,0.0,1.0,0.5,20.0,0.0,0.2,60.0,5.0
4,高雄全家海神,110|119|122|12668,胡瓏貿/余純安/陳懷安/歐提斯,1,19,23.0,261.13,4.35,04:21,261.13,4.35,04:21,11.0,11.0,47.83,90.99,11.0,11.0,47.83,90.99,7.0,7.0,30.43,57.9,3.0,3.0,13.04,24.81,5.0,5.0,21.74,41.36,3.0,3.0,13.04,24.81,2.0,2.0,8.7,16.54,0.0,0.0,0.0,0.0,7.0,7.0,30.43,57.9,5.0,5.0,21.74,41.36,0.0,0.0,0.0,0.0,4.0,4.0,17.39,33.09,1.0,1.0,4.35,8.27,4.0,4.0,17.39,33.09,1.0,1.0,4.35,8.27,1.0,1.0,4.35,8.27,0.0,0.0,0.0,0.0,0.0,0.0,0.0,0.0,3.0,3.0,13.04,24.81,4.0,4.0,17.39,33.09,47.83,47.83,0.0,126.83,0.0,0.0,0.0,4.35,4.35,0.43,0.55,0.6,0.0,0.71,0.09,0.33,0.0,0.8,0.44,0.0,0.0,0.13,17.39,1.0
4,高雄全家海神,110|119|10893|12668,胡瓏貿/余純安/崔維斯/歐提斯,1,19,23.0,261.13,4.35,04:21,261.13,4.35,04:21,11.0,11.0,47.83,90.99,11.0,11.0,47.83,90.99,7.0,7.0,30.43,57.9,3.0,3.0,13.04,24.81,5.0,5.0,21.74,41.36,3.0,3.0,13.04,24.81,2.0,2.0,8.7,16.54,0.0,0.0,0.0,0.0,7.0,7.0,30.43,57.9,5.0,5.0,21.74,41.36,0.0,0.0,0.0,0.0,4.0,4.0,17.39,33.09,1.0,1.0,4.35,8.27,4.0,4.0,17.39,33.09,1.0,1.0,4.35,8.27,1.0,1.0,4.35,8.27,0.0,0.0,0.0,0.0,0.0,0.0,0.0,0.0,3.0,3.0,13.04,24.81,4.0,4.0,17.39,33.09,47.83,47.83,0.0,126.83,0.0,0.0,0.0,4.35,4.35,0.43,0.55,0.6,0.0,0.71,0.09,0.33,0.0,0.8,0.44,0.0,0.0,0.13,17.39,1.0
4,高雄全家海神,119|122|10893|12668,余純安/陳懷安/崔維斯/歐提斯,1,19,23.0,261.13,4.35,04:21,261.13,4.35,04:21,11.0,11.0,47.83,90.99,11.0,11.0,47.83,90.99,7.0,7.0,30.43,57.9,3.0,3.0,13.04,24.81,5.0,5.0,21.74,41.36,3.0,3.0,13.04,24.81,2.0,2.0,8.7,16.54,0.0,0.0,0.0,0.0,7.0,7.0,30.43,57.9,5.0,5.0,21.74,41.36,0.0,0.0,0.0,0.0,4.0,4.0,17.39,33.09,1.0,1.0,4.35,8.27,4.0,4.0,17.39,33.09,1.0,1.0,4.35,8.27,1.0,1.0,4.35,8.27,0.0,0.0,0.0,0.0,0.0,0.0,0.0,0.0,3.0,3.0,13.04,24.81,4.0,4.0,17.39,33.09,47.83,47.83,0.0,126.83,0.0,0.0,0.0,4.35,4.35,0.43,0.55,0.6,0.0,0.71,0.09,0.33,0.0,0.8,0.44,0.0,0.0,0.13,17.39,1.0
4,福爾摩沙夢想家,79|89|101|106,張宗憲/蔣淯安/周柏臣/高柏鎧,1,4,5.0,67.57,1.13,01:08,67.57,1.13,01:08,0.0,0.0,0.0,0.0,6.0,6.0,120.0,191.81,2.0,2.0,40.0,63.94,0.0,0.0,0.0,0.0,1.0,1.0,20.0,31.97,0.0,0.0,0.0,0.0,1.0,1.0,20.0,31.97,0.0,0.0,0.0,0.0,0.0,0.0,0.0,0.0,0.0,0.0,0.0,0.0,0.0,0.0,0.0,0.0,2.0,2.0,40.0,63.94,0.0,0.0,0.0,0.0,0.0,0.0,0.0,0.0,0.0,0.0,0.0,0.0,0.0,0.0,0.0,0.0,0.0,0.0,0.0,0.0,0.0,0.0,0.0,0.0,0.0,0.0,0.0,0.0,2.0,2.0,40.0,63.94,0.0,120.0,-120.0,106.56,-6.0,-6.0,-120.0,1.13,1.13,0.0,0.0,0.0,0.0,,0.0,,,1.0,1.0,0.0,0.0,0.0,40.0,0.0
4,福爾摩沙夢想家,79|101|103|106,張宗憲/周柏臣/忻沃克/高柏鎧,1,7,9.0,95.57,1.59,01:36,95.57,1.59,01:36,2.0,2.0,22.22,45.2,6.0,6.0,66.67,135.61,5.0,5.0,55.56,113.01,1.0,1.0,11.11,22.6,3.0,3.0,33.33,67.81,1.0,1.0,11.11,22.6,2.0,2.0,22.22,45.2,0.0,0.0,0.0,0.0,0.0,0.0,0.0,0.0,0.0,0.0,0.0,0.0,1.0,1.0,11.11,22.6,3.0,3.0,33.33,67.81,0.0,0.0,0.0,0.0,0.0,0.0,0.0,0.0,0.0,0.0,0.0,0.0,1.0,1.0,11.11,22.6,0.0,0.0,0.0,0.0,0.0,0.0,0.0,0.0,0.0,0.0,0.0,0.0,2.0,2.0,22.22,45.2,22.22,66.67,-44.44,135.61,-4.0,-4.0,-44.44,1.59,1.59,0.2,0.2,0.33,0.0,,0.0,1.0,1.0,1.0,1.0,0.0,0.0,0.0,22.22,0.0
4,高雄全家海神,45|109|121|10893,施晉堯/于煥亞/吳曉謹/崔維斯,1,6,7.0,106.89,1.78,01:47,106.89,1.78,01:47,0.0,0.0,0.0,0.0,5.0,5.0,71.43,101.04,3.0,3.0,42.86,60.62,0.0,0.0,0.0,0.0,1.0,1.0,14.29,20.21,0.0,0.0,0.0,0.0,2.0,2.0,28.57,40.42,0.0,0.0,0.0,0.0,2.0,2.0,28.57,40.42,0.0,0.0,0.0,0.0,1.0,1.0,14.29,20.21,3.0,3.0,42.86,60.62,0.0,0.0,0.0,0.0,0.0,0.0,0.0,0.0,0.0,0.0,0.0,0.0,0.0,0.0,0.0,0.0,0.0,0.0,0.0,0.0,0.0,0.0,0.0,0.0,1.0,1.0,14.29,20.21,2.0,2.0,28.57,40.42,0.0,71.43,-71.43,94.3,-5.0,-5.0,-71.43,1.78,1.78,0.0,0.0,0.0,0.0,0.0,0.0,,1.0,1.0,1.0,0.0,0.0,0.14,28.57,0.67
4,高雄全家海神,45|121|10893|10894,施晉堯/吳曉謹/崔維斯/凱帝,1,6,7.0,106.89,1.78,01:47,106.89,1.78,01:47,0.0,0.0,0.0,0.0,5.0,5.0,71.43,101.04,3.0,3.0,42.86,60.62,0.0,0.0,0.0,0.0,1.0,1.0,14.29,20.21,0.0,0.0,0.0,0.0,2.0,2.0,28.57,40.42,0.0,0.0,0.0,0.0,2.0,2.0,28.57,40.42,0.0,0.0,0.0,0.0,1.0,1.0,14.29,20.21,3.0,3.0,42.86,60.62,0.0,0.0,0.0,0.0,0.0,0.0,0.0,0.0,0.0,0.0,0.0,0.0,0.0,0.0,0.0,0.0,0.0,0.0,0.0,0.0,0.0,0.0,0.0,0.0,1.0,1.0,14.29,20.21,2.0,2.0,28.57,40.42,0.0,71.43,-71.43,94.3,-5.0,-5.0,-71.43,1.78,1.78,0.0,0.0,0.0,0.0,0.0,0.0,,1.0,1.0,1.0,0.0,0.0,0.14,28.57,0.67
4,福爾摩沙夢想家,77|79|89|106,馬建豪/張宗憲/蔣淯安/高柏鎧,10,178,205.0,2697.24,44.95,44:57,269.72,4.5,04:30,86.0,8.6,41.95,68.87,83.0,8.3,40.49,66.47,64.0,6.4,31.22,51.25,29.0,2.9,14.15,23.22,39.0,3.9,19.02,31.23,20.0,2.0,9.76,16.02,25.0,2.5,12.2,20.02,9.0,0.9,4.39,7.21,30.0,3.0,14.63,24.02,22.0,2.2,10.73,17.62,10.0,1.0,4.88,8.01,25.0,2.5,12.2,20.02,11.0,1.1,5.37,8.81,43.0,4.3,20.98,34.44,20.0,2.0,9.76,16.02,15.0,1.5,7.32,12.01,10.0,1.0,4.88,8.01,3.0,0.3,1.46,2.4,27.0,2.7,13.17,21.62,23.0,2.3,11.22,18.42,41.95,40.49,1.46,109.45,3.0,0.3,1.46,44.95,4.5,0.52,0.56,0.51,0.36,0.73,0.21,0.52,0.19,0.69,0.39,4.88,1.46,0.13,11.22,0.47
4,福爾摩沙夢想家,77|79|106|107,馬建豪/張宗憲/高柏鎧/霍爾曼,6,92,110.0,1367.52,22.79,22:48,227.92,3.8,03:48,46.0,7.67,41.82,72.66,43.0,7.17,39.09,67.92,31.0,5.17,28.18,48.96,15.0,2.5,13.64,23.69,16.0,2.67,14.55,25.27,9.0,1.5,8.18,14.22,15.0,2.5,13.64,23.69,6.0,1.0,5.45,9.48,16.0,2.67,14.55,25.27,12.0,2.0,10.91,18.95,4.0,0.67,3.64,6.32,12.0,2.0,10.91,18.95,11.0,1.83,10.0,17.37,22.0,3.67,20.0,34.75,12.0,2.0,10.91,18.95,7.0,1.17,6.36,11.06,7.0,1.17,6.36,11.06,1.0,0.17,0.91,1.58,12.0,2.0,10.91,18.95,17.0,2.83,15.45,26.85,41.82,39.09,2.73,115.83,3.0,0.5,2.73,22.79,3.8,0.58,0.6,0.56,0.4,0.75,0.24,0.47,0.15,0.52,0.33,6.36,0.91,0.11,15.45,0.52
4,福爾摩沙夢想家,77|89|106|107,馬建豪/蔣淯安/高柏鎧/霍爾曼,7,162,201.0,2503.28,41.72,41:43,357.61,5.96,05:58,88.0,12.57,43.78,75.93,84.0,12.0,41.79,72.48,62.0,8.86,30.85,53.5,27.0,3.86,13.43,23.3,28.0,4.0,13.93,24.16,14.0,2.0,6.97,12.08,34.0,4.86,16.92,29.34,13.0,1.86,6.47,11.22,30.0,4.29,14.93,25.89,23.0,3.29,11.44,19.85,14.0,2.0,6.97,12.08,23.0,3.29,11.44,19.85,18.0,2.57,8.96,15.53,33.0,4.71,16.42,28.47,22.0,3.14,10.95,18.98,13.0,1.86,6.47,11.22,12.0,1.71,5.97,10.35,1.0,0.14,0.5,0.86,20.0,2.86,9.95,17.26,25.0,3.57,12.44,21.57,43.78,41.79,1.99,115.62,4.0,0.57,1.99,41.72,5.96,0.54,0.59,0.5,0.38,0.77,0.23,0.48,0.3,0.56,0.42,5.97,0.5,0.1,12.44,0.48
4,福爾摩沙夢想家,77|79|86|107,馬建豪/張宗憲/林俊吉/霍爾曼,5,49,56.0,756.3,12.61,12:36,151.26,2.52,02:31,30.0,6.0,53.57,85.68,30.0,6.0,53.57,85.68,24.0,4.8,42.86,68.54,12.0,2.4,21.43,34.27,13.0,2.6,23.21,37.13,8.0,1.6,14.29,22.85,11.0,2.2,19.64,31.42,4.0,0.8,7.14,11.42,5.0,1.0,8.93,14.28,2.0,0.4,3.57,5.71,3.0,0.6,5.36,8.57,10.0,2.0,17.86,28.56,2.0,0.4,3.57,5.71,7.0,1.4,12.5,19.99,4.0,0.8,7.14,11.42,7.0,1.4,12.5,19.99,2.0,0.4,3.57,5.71,0.0,0.0,0.0,0.0,4.0,0.8,7.14,11.42,10.0,2.0,17.86,28.56,53.57,53.57,0.0,106.62,0.0,0.0,0.0,12.61,2.52,0.58,0.57,0.62,0.36,0.4,0.13,0.58,0.3,0.83,0.59,3.57,0.0,0.07,17.86,0.21
4,福爾摩沙夢想家,77|79|86|10889,馬建豪/張宗憲/林俊吉/恩尼斯,2,15,16.0,228.18,3.8,03:48,114.09,1.9,01:54,11.0,5.5,68.75,104.13,11.0,5.5,68.75,104.13,7.0,3.5,43.75,66.26,5.0,2.5,31.25,47.33,4.0,2.0,25.0,37.87,4.0,2.0,25.0,37.87,3.0,1.5,18.75,28.4,1.0,0.5,6.25,9.47,0.0,0.0,0.0,0.0,0.0,0.0,0.0,0.0,0.0,0.0,0.0,0.0,2.0,1.0,12.5,18.93,1.0,0.5,6.25,9.47,1.0,0.5,6.25,9.47,1.0,0.5,6.25,9.47,3.0,1.5,18.75,28.4,0.0,0.0,0.0,0.0,0.0,0.0,0.0,0.0,1.0,0.5,6.25,9.47,1.0,0.5,6.25,9.47,68.75,68.75,0.0,100.97,0.0,0.0,0.0,3.8,1.9,0.79,0.79,1.0,0.33,,0.12,0.6,0.0,0.67,0.5,0.0,0.0,0.06,6.25,0.0
4,高雄全家海神,109|121|122|12668,于煥亞/吳曉謹/陳懷安/歐提斯,4,39,47.0,614.82,10.25,10:15,153.7,2.56,02:34,12.0,3.0,25.53,42.16,28.0,7.0,59.57,98.37,11.0,2.75,23.4,38.65,3.0,0.75,6.38,10.54,4.0,1.0,8.51,14.05,2.0,0.5,4.26,7.03,7.0,1.75,14.89,24.59,1.0,0.25,2.13,3.51,6.0,1.5,12.77,21.08,5.0,1.25,10.64,17.57,1.0,0.25,2.13,3.51,7.0,1.75,14.89,24.59,5.0,1.25,10.64,17.57,4.0,1.0,8.51,14.05,8.0,2.0,17.02,28.11,2.0,0.5,4.26,7.03,7.0,1.75,14.89,24.59,0.0,0.0,0.0,0.0,5.0,1.25,10.64,17.57,9.0,2.25,19.15,31.62,25.53,59.57,-34.04,110.08,-16.0,-4.0,-34.04,10.25,2.56,0.32,0.44,0.5,0.14,0.83,0.37,0.67,0.2,0.58,0.47,14.89,0.0,0.11,19.15,0.55
4,高雄全家海神,109|121|10893|12668,于煥亞/吳曉謹/崔維斯/歐提斯,1,4,4.0,75.0,1.25,01:15,75.0,1.25,01:15,2.0,2.0,50.0,57.6,0.0,0.0,0.0,0.0,1.0,1.0,25.0,28.8,0.0,0.0,0.0,0.0,1.0,1.0,25.0,28.8,0.0,0.0,0.0,0.0,0.0,0.0,0.0,0.0,0.0,0.0,0.0,0.0,3.0,3.0,75.0,86.4,2.0,2.0,50.0,57.6,0.0,0.0,0.0,0.0,1.0,1.0,25.0,28.8,0.0,0.0,0.0,0.0,1.0,1.0,25.0,28.8,0.0,0.0,0.0,0.0,1.0,1.0,25.0,28.8,0.0,0.0,0.0,0.0,0.0,0.0,0.0,0.0,1.0,1.0,25.0,28.8,2.0,2.0,50.0,57.6,50.0,0.0,50.0,76.8,2.0,2.0,50.0,1.25,1.25,0.0,0.43,0.0,,0.67,0.0,,0.0,1.0,0.5,0.0,0.0,0.25,50.0,3.0
4,高雄全家海神,109|122|10893|12668,于煥亞/陳懷安/崔維斯/歐提斯,1,45,53.0,681.73,11.36,11:22,681.73,11.36,11:22,20.0,20.0,37.74,63.37,20.0,20.0,37.74,63.37,18.0,18.0,33.96,57.03,6.0,6.0,11.32,19.01,11.0,11.0,20.75,34.85,5.0,5.0,9.43,15.84,7.0,7.0,13.21,22.18,1.0,1.0,1.89,3.17,9.0,9.0,16.98,28.52,7.0,7.0,13.21,22.18,2.0,2.0,3.77,6.34,11.0,11.0,20.75,34.85,2.0,2.0,3.77,6.34,7.0,7.0,13.21,22.18,3.0,3.0,5.66,9.51,5.0,5.0,9.43,15.84,3.0,3.0,5.66,9.51,0.0,0.0,0.0,0.0,5.0,5.0,9.43,15.84,13.0,13.0,24.53,41.19,37.74,37.74,0.0,111.95,0.0,0.0,0.0,11.36,11.36,0.36,0.46,0.45,0.14,0.78,0.12,0.83,0.22,0.85,0.59,5.66,0.0,0.09,24.53,0.5
4,福爾摩沙夢想家,77|79|86|101,馬建豪/張宗憲/林俊吉/周柏臣,1,6,7.0,93.99,1.57,01:34,93.99,1.57,01:34,2.0,2.0,28.57,45.96,2.0,2.0,28.57,45.96,0.0,0.0,0.0,0.0,0.0,0.0,0.0,0.0,0.0,0.0,0.0,0.0,0.0,0.0,0.0,0.0,0.0,0.0,0.0,0.0,0.0,0.0,0.0,0.0,5.0,5.0,71.43,114.91,2.0,2.0,28.57,45.96,0.0,0.0,0.0,0.0,1.0,1.0,14.29,22.98,0.0,0.0,0.0,0.0,3.0,3.0,42.86,68.94,0.0,0.0,0.0,0.0,0.0,0.0,0.0,0.0,0.0,0.0,0.0,0.0,0.0,0.0,0.0,0.0,3.0,3.0,42.86,68.94,3.0,3.0,42.86,68.94,28.57,28.57,0.0,107.25,0.0,0.0,0.0,1.57,1.57,,0.45,,,0.4,0.0,,0.0,1.0,0.25,0.0,0.0,0.43,42.86,
4,福爾摩沙夢想家,77|79|101|107,馬建豪/張宗憲/周柏臣/霍爾曼,1,11,11.0,134.77,2.25,02:15,134.77,2.25,02:15,5.0,5.0,45.45,80.14,5.0,5.0,45.45,80.14,3.0,3.0,27.27,48.08,1.0,1.0,9.09,16.03,2.0,2.0,18.18,32.05,1.0,1.0,9.09,16.03,1.0,1.0,9.09,16.03,0.0,0.0,0.0,0.0,5.0,5.0,45.45,80.14,3.0,3.0,27.27,48.08,0.0,0.0,0.0,0.0,3.0,3.0,27.27,48.08,0.0,0.0,0.0,0.0,2.0,2.0,18.18,32.05,0.0,0.0,0.0,0.0,2.0,2.0,18.18,32.05,0.0,0.0,0.0,0.0,0.0,0.0,0.0,0.0,3.0,3.0,27.27,48.08,3.0,3.0,27.27,48.08,45.45,45.45,0.0,117.53,0.0,0.0,0.0,2.25,2.25,0.33,0.48,0.5,0.0,0.6,0.0,2.0,0.0,1.0,0.6,0.0,0.0,0.27,27.27,1.67
4,福爾摩沙夢想家,77|86|101|107,馬建豪/林俊吉/周柏臣/霍爾曼,1,4,4.0,45.99,0.77,00:46,45.99,0.77,00:46,1.0,1.0,25.0,46.97,2.0,2.0,50.0,93.93,0.0,0.0,0.0,0.0,0.0,0.0,0.0,0.0,0.0,0.0,0.0,0.0,0.0,0.0,0.0,0.0,0.0,0.0,0.0,0.0,0.0,0.0,0.0,0.0,3.0,3.0,75.0,140.9,1.0,1.0,25.0,46.97,0.0,0.0,0.0,0.0,1.0,1.0,25.0,46.97,0.0,0.0,0.0,0.0,1.0,1.0,25.0,46.97,0.0,0.0,0.0,0.0,0.0,0.0,0.0,0.0,0.0,0.0,0.0,0.0,0.0,0.0,0.0,0.0,2.0,2.0,50.0,93.93,3.0,3.0,75.0,140.9,25.0,50.0,-25.0,125.24,-1.0,-1.0,-25.0,0.77,0.77,,0.38,,,0.33,0.0,,0.0,1.0,0.5,0.0,0.0,0.5,75.0,
4,福爾摩沙夢想家,77|86|103|107,馬建豪/林俊吉/忻沃克/霍爾曼,6,103,126.0,1569.48,26.16,26:09,261.58,4.36,04:22,61.0,10.17,48.41,83.95,56.0,9.33,44.44,77.07,40.0,6.67,31.75,55.05,17.0,2.83,13.49,23.4,28.0,4.67,22.22,38.54,10.0,1.67,7.94,13.76,12.0,2.0,9.52,16.52,7.0,1.17,5.56,9.63,23.0,3.83,18.25,31.65,20.0,3.33,15.87,27.53,8.0,1.33,6.35,11.01,17.0,2.83,13.49,23.4,10.0,1.67,7.94,13.76,23.0,3.83,18.25,31.65,9.0,1.5,7.14,12.39,11.0,1.83,8.73,15.14,8.0,1.33,6.35,11.01,1.0,0.17,0.79,1.38,14.0,2.33,11.11,19.27,16.0,2.67,12.7,22.02,48.41,44.44,3.97,115.61,5.0,0.83,3.97,26.16,4.36,0.51,0.61,0.36,0.58,0.87,0.15,0.65,0.26,0.63,0.43,6.35,0.79,0.11,12.7,0.57
4,福爾摩沙夢想家,77|103|107|10889,馬建豪/忻沃克/霍爾曼/恩尼斯,4,77,96.0,1197.84,19.96,19:58,299.46,4.99,04:59,43.0,10.75,44.79,77.54,41.0,10.25,42.71,73.93,31.0,7.75,32.29,55.9,13.0,3.25,13.54,23.44,21.0,5.25,21.88,37.87,8.0,2.0,8.33,14.43,10.0,2.5,10.42,18.03,5.0,1.25,5.21,9.02,14.0,3.5,14.58,25.25,12.0,3.0,12.5,21.64,5.0,1.25,5.21,9.02,14.0,3.5,14.58,25.25,9.0,2.25,9.38,16.23,18.0,4.5,18.75,32.46,8.0,2.0,8.33,14.43,7.0,1.75,7.29,12.62,5.0,1.25,5.21,9.02,2.0,0.5,2.08,3.61,9.0,2.25,9.38,16.23,13.0,3.25,13.54,23.44,44.79,42.71,2.08,115.41,2.0,0.5,2.08,19.96,4.99,0.5,0.58,0.38,0.5,0.86,0.18,0.54,0.22,0.61,0.41,5.21,2.08,0.09,13.54,0.45
4,高雄全家海神,45|118|119|10894,施晉堯/蘇文儒/余純安/凱帝,1,6,9.0,126.0,2.1,02:06,126.0,2.1,02:06,3.0,3.0,33.33,51.43,6.0,6.0,66.67,102.86,2.0,2.0,22.22,34.29,1.0,1.0,11.11,17.14,0.0,0.0,0.0,0.0,0.0,0.0,0.0,0.0,2.0,2.0,22.22,34.29,1.0,1.0,11.11,17.14,0.0,0.0,0.0,0.0,0.0,0.0,0.0,0.0,0.0,0.0,0.0,0.0,1.0,1.0,11.11,17.14,1.0,1.0,11.11,17.14,0.0,0.0,0.0,0.0,2.0,2.0,22.22,34.29,0.0,0.0,0.0,0.0,1.0,1.0,11.11,17.14,0.0,0.0,0.0,0.0,1.0,1.0,11.11,17.14,1.0,1.0,11.11,17.14,33.33,66.67,-33.33,102.86,-3.0,-3.0,-33.33,2.1,2.1,0.75,0.75,,0.5,,0.5,0.0,,0.5,0.5,11.11,0.0,0.11,11.11,0.0
4,高雄全家海神,45|118|119|12668,施晉堯/蘇文儒/余純安/歐提斯,2,12,16.0,221.36,3.69,03:41,110.68,1.84,01:51,5.0,2.5,31.25,48.79,9.0,4.5,56.25,87.82,5.0,2.5,31.25,48.79,2.0,1.0,12.5,19.52,1.0,0.5,6.25,9.76,1.0,0.5,6.25,9.76,4.0,2.0,25.0,39.03,1.0,0.5,6.25,9.76,0.0,0.0,0.0,0.0,0.0,0.0,0.0,0.0,0.0,0.0,0.0,0.0,3.0,1.5,18.75,29.27,2.0,1.0,12.5,19.52,1.0,0.5,6.25,9.76,2.0,1.0,12.5,19.52,1.0,0.5,6.25,9.76,1.0,0.5,6.25,9.76,0.0,0.0,0.0,0.0,2.0,1.0,12.5,19.52,3.0,1.5,18.75,29.27,31.25,56.25,-25.0,104.08,-4.0,-2.0,-25.0,3.69,1.84,0.5,0.5,1.0,0.25,,0.29,0.5,0.0,0.6,0.5,6.25,0.0,0.12,18.75,0.0
4,高雄全家海神,45|119|10894|12668,施晉堯/余純安/凱帝/歐提斯,1,6,9.0,126.0,2.1,02:06,126.0,2.1,02:06,3.0,3.0,33.33,51.43,6.0,6.0,66.67,102.86,2.0,2.0,22.22,34.29,1.0,1.0,11.11,17.14,0.0,0.0,0.0,0.0,0.0,0.0,0.0,0.0,2.0,2.0,22.22,34.29,1.0,1.0,11.11,17.14,0.0,0.0,0.0,0.0,0.0,0.0,0.0,0.0,0.0,0.0,0.0,0.0,1.0,1.0,11.11,17.14,1.0,1.0,11.11,17.14,0.0,0.0,0.0,0.0,2.0,2.0,22.22,34.29,0.0,0.0,0.0,0.0,1.0,1.0,11.11,17.14,0.0,0.0,0.0,0.0,1.0,1.0,11.11,17.14,1.0,1.0,11.11,17.14,33.33,66.67,-33.33,102.86,-3.0,-3.0,-33.33,2.1,2.1,0.75,0.75,,0.5,,0.5,0.0,,0.5,0.5,11.11,0.0,0.11,11.11,0.0
4,高雄全家海神,118|119|10894|12668,蘇文儒/余純安/凱帝/歐提斯,1,6,9.0,126.0,2.1,02:06,126.0,2.1,02:06,3.0,3.0,33.33,51.43,6.0,6.0,66.67,102.86,2.0,2.0,22.22,34.29,1.0,1.0,11.11,17.14,0.0,0.0,0.0,0.0,0.0,0.0,0.0,0.0,2.0,2.0,22.22,34.29,1.0,1.0,11.11,17.14,0.0,0.0,0.0,0.0,0.0,0.0,0.0,0.0,0.0,0.0,0.0,0.0,1.0,1.0,11.11,17.14,1.0,1.0,11.11,17.14,0.0,0.0,0.0,0.0,2.0,2.0,22.22,34.29,0.0,0.0,0.0,0.0,1.0,1.0,11.11,17.14,0.0,0.0,0.0,0.0,1.0,1.0,11.11,17.14,1.0,1.0,11.11,17.14,33.33,66.67,-33.33,102.86,-3.0,-3.0,-33.33,2.1,2.1,0.75,0.75,,0.5,,0.5,0.0,,0.5,0.5,11.11,0.0,0.11,11.11,0.0
4,高雄全家海神,109|110|118|12668,于煥亞/胡瓏貿/蘇文儒/歐提斯,3,45,53.0,683.66,11.39,11:24,227.89,3.8,03:48,28.0,9.33,52.83,88.46,22.0,7.33,41.51,69.51,17.0,5.67,32.08,53.71,7.0,2.33,13.21,22.12,5.0,1.67,9.43,15.8,4.0,1.33,7.55,12.64,12.0,4.0,22.64,37.91,3.0,1.0,5.66,9.48,12.0,4.0,22.64,37.91,11.0,3.67,20.75,34.75,2.0,0.67,3.77,6.32,9.0,3.0,16.98,28.44,3.0,1.0,5.66,9.48,8.0,2.67,15.09,25.28,4.0,1.33,7.55,12.64,4.0,1.33,7.55,12.64,4.0,1.33,7.55,12.64,0.0,0.0,0.0,0.0,7.0,2.33,13.21,22.12,6.0,2.0,11.32,18.96,52.83,41.51,11.32,111.63,6.0,2.0,11.32,11.39,3.8,0.5,0.63,0.8,0.25,0.92,0.15,0.57,0.2,0.75,0.5,7.55,0.0,0.13,11.32,0.71
4,高雄全家海神,109|110|10893|12668,于煥亞/胡瓏貿/崔維斯/歐提斯,1,48,56.0,694.51,11.58,11:35,694.51,11.58,11:35,21.0,21.0,37.5,65.31,24.0,24.0,42.86,74.64,19.0,19.0,33.93,59.09,7.0,7.0,12.5,21.77,10.0,10.0,17.86,31.1,5.0,5.0,8.93,15.55,9.0,9.0,16.07,27.99,2.0,2.0,3.57,6.22,6.0,6.0,10.71,18.66,5.0,5.0,8.93,15.55,2.0,2.0,3.57,6.22,11.0,11.0,19.64,34.21,2.0,2.0,3.57,6.22,8.0,8.0,14.29,24.88,4.0,4.0,7.14,12.44,5.0,5.0,8.93,15.55,4.0,4.0,7.14,12.44,0.0,0.0,0.0,0.0,4.0,4.0,7.14,12.44,13.0,13.0,23.21,40.43,37.5,42.86,-5.36,116.11,-3.0,-3.0,-5.36,11.58,11.58,0.42,0.49,0.5,0.22,0.83,0.16,0.71,0.2,0.85,0.57,7.14,0.0,0.07,23.21,0.32
4,高雄全家海神,109|118|10893|12668,于煥亞/蘇文儒/崔維斯/歐提斯,1,7,7.0,87.79,1.46,01:28,87.79,1.46,01:28,3.0,3.0,42.86,73.81,4.0,4.0,57.14,98.42,2.0,2.0,28.57,49.21,1.0,1.0,14.29,24.6,0.0,0.0,0.0,0.0,0.0,0.0,0.0,0.0,2.0,2.0,28.57,49.21,1.0,1.0,14.29,24.6,0.0,0.0,0.0,0.0,0.0,0.0,0.0,0.0,0.0,0.0,0.0,0.0,1.0,1.0,14.29,24.6,0.0,0.0,0.0,0.0,2.0,2.0,28.57,49.21,1.0,1.0,14.29,24.6,1.0,1.0,14.29,24.6,1.0,1.0,14.29,24.6,0.0,0.0,0.0,0.0,0.0,0.0,0.0,0.0,2.0,2.0,28.57,49.21,42.86,57.14,-14.29,114.82,-1.0,-1.0,-14.29,1.46,1.46,0.75,0.75,,0.5,,0.33,1.0,0.0,1.0,0.33,14.29,0.0,0.0,28.57,0.0
4,福爾摩沙夢想家,77|79|89|101,馬建豪/張宗憲/蔣淯安/周柏臣,2,8,8.0,91.78,1.53,01:32,45.89,0.76,00:46,4.0,2.0,50.0,94.14,3.0,1.5,37.5,70.6,3.0,1.5,37.5,70.6,1.0,0.5,12.5,23.53,2.0,1.0,25.0,47.07,1.0,0.5,12.5,23.53,1.0,0.5,12.5,23.53,0.0,0.0,0.0,0.0,2.0,1.0,25.0,47.07,2.0,1.0,25.0,47.07,0.0,0.0,0.0,0.0,2.0,1.0,25.0,47.07,0.0,0.0,0.0,0.0,1.0,0.5,12.5,23.53,0.0,0.0,0.0,0.0,2.0,1.0,25.0,47.07,0.0,0.0,0.0,0.0,0.0,0.0,0.0,0.0,1.0,0.5,12.5,23.53,0.0,0.0,0.0,0.0,50.0,37.5,12.5,125.52,1.0,0.5,12.5,1.53,0.76,0.33,0.52,0.5,0.0,1.0,0.0,2.0,0.0,1.0,0.67,0.0,0.0,0.12,0.0,0.67
4,福爾摩沙夢想家,77|89|101|107,馬建豪/蔣淯安/周柏臣/霍爾曼,3,34,39.0,517.44,8.62,08:37,172.48,2.87,02:52,18.0,6.0,46.15,75.14,23.0,7.67,58.97,96.01,13.0,4.33,33.33,54.27,5.0,1.67,12.82,20.87,6.0,2.0,15.38,25.05,2.0,0.67,5.13,8.35,7.0,2.33,17.95,29.22,3.0,1.0,7.69,12.52,5.0,1.67,12.82,20.87,5.0,1.67,12.82,20.87,1.0,0.33,2.56,4.17,7.0,2.33,17.95,29.22,3.0,1.0,7.69,12.52,3.0,1.0,7.69,12.52,3.0,1.0,7.69,12.52,5.0,1.67,12.82,20.87,2.0,0.67,5.13,8.35,0.0,0.0,0.0,0.0,5.0,1.67,12.82,20.87,3.0,1.0,7.69,12.52,46.15,58.97,-12.82,108.53,-5.0,-1.67,-12.82,8.62,2.87,0.5,0.59,0.33,0.43,1.0,0.16,1.0,0.25,0.7,0.57,5.13,0.0,0.13,7.69,0.38
4,高雄全家海神,109|110|122|12668,于煥亞/胡瓏貿/陳懷安/歐提斯,4,73,91.0,1091.33,18.19,18:11,272.83,4.55,04:33,29.0,7.25,31.87,57.4,42.0,10.5,46.15,83.13,30.0,7.5,32.97,59.38,9.0,2.25,9.89,17.81,18.0,4.5,19.78,35.63,7.0,1.75,7.69,13.85,12.0,3.0,13.19,23.75,2.0,0.5,2.2,3.96,8.0,2.0,8.79,15.83,6.0,1.5,6.59,11.88,4.0,1.0,4.4,7.92,18.0,4.5,19.78,35.63,7.0,1.75,7.69,13.85,9.0,2.25,9.89,17.81,5.0,1.25,5.49,9.9,7.0,1.75,7.69,13.85,4.0,1.0,4.4,7.92,1.0,0.25,1.1,1.98,7.0,1.75,7.69,13.85,19.0,4.75,20.88,37.61,31.87,46.15,-14.29,120.07,-13.0,-3.25,-14.29,18.19,4.55,0.33,0.43,0.39,0.17,0.75,0.13,0.78,0.31,0.72,0.58,4.4,1.1,0.08,20.88,0.27
4,福爾摩沙夢想家,77|79|86|106,馬建豪/張宗憲/林俊吉/高柏鎧,5,68,81.0,998.91,16.65,16:39,199.78,3.33,03:20,35.0,7.0,43.21,75.68,37.0,7.4,45.68,80.01,27.0,5.4,33.33,58.38,13.0,2.6,16.05,28.11,17.0,3.4,20.99,36.76,10.0,2.0,12.35,21.62,10.0,2.0,12.35,21.62,3.0,0.6,3.7,6.49,8.0,1.6,9.88,17.3,6.0,1.2,7.41,12.97,6.0,1.2,7.41,12.97,9.0,1.8,11.11,19.46,7.0,1.4,8.64,15.14,13.0,2.6,16.05,28.11,8.0,1.6,9.88,17.3,7.0,1.4,8.64,15.14,8.0,1.6,9.88,17.3,2.0,0.4,2.47,4.32,4.0,0.8,4.94,8.65,10.0,2.0,12.35,21.62,43.21,45.68,-2.47,116.77,-2.0,-0.4,-2.47,16.65,3.33,0.54,0.57,0.59,0.3,0.75,0.21,0.54,0.32,0.56,0.43,9.88,2.47,0.05,12.35,0.3
4,福爾摩沙夢想家,77|79|101|106,馬建豪/張宗憲/周柏臣/高柏鎧,1,2,3.0,48.0,0.8,00:48,48.0,0.8,00:48,1.0,1.0,33.33,45.0,0.0,0.0,0.0,0.0,0.0,0.0,0.0,0.0,0.0,0.0,0.0,0.0,0.0,0.0,0.0,0.0,0.0,0.0,0.0,0.0,0.0,0.0,0.0,0.0,0.0,0.0,0.0,0.0,2.0,2.0,66.67,90.0,1.0,1.0,33.33,45.0,0.0,0.0,0.0,0.0,0.0,0.0,0.0,0.0,0.0,0.0,0.0,0.0,2.0,2.0,66.67,90.0,0.0,0.0,0.0,0.0,0.0,0.0,0.0,0.0,0.0,0.0,0.0,0.0,0.0,0.0,0.0,0.0,1.0,1.0,33.33,45.0,0.0,0.0,0.0,0.0,33.33,0.0,33.33,90.0,1.0,1.0,33.33,0.8,0.8,,0.57,,,0.5,0.0,,0.0,,0.0,0.0,0.0,0.33,0.0,
4,福爾摩沙夢想家,77|86|101|106,馬建豪/林俊吉/周柏臣/高柏鎧,3,13,18.0,227.58,3.79,03:48,75.86,1.26,01:16,5.0,1.67,27.78,47.46,7.0,2.33,38.89,66.44,6.0,2.0,33.33,56.95,2.0,0.67,11.11,18.98,3.0,1.0,16.67,28.47,2.0,0.67,11.11,18.98,3.0,1.0,16.67,28.47,0.0,0.0,0.0,0.0,4.0,1.33,22.22,37.97,3.0,1.0,16.67,28.47,2.0,0.67,11.11,18.98,2.0,0.67,11.11,18.98,2.0,0.67,11.11,18.98,5.0,1.67,27.78,47.46,1.0,0.33,5.56,9.49,0.0,0.0,0.0,0.0,1.0,0.33,5.56,9.49,0.0,0.0,0.0,0.0,1.0,0.33,5.56,9.49,2.0,0.67,11.11,18.98,27.78,38.89,-11.11,113.9,-2.0,-0.67,-11.11,3.79,1.26,0.33,0.32,0.67,0.0,0.75,0.11,0.0,0.29,0.5,0.36,5.56,0.0,0.06,11.11,0.67
4,福爾摩沙夢想家,79|86|101|103,張宗憲/林俊吉/周柏臣/忻沃克,2,11,12.0,137.19,2.29,02:17,68.6,1.14,01:09,4.0,2.0,33.33,62.98,8.0,4.0,66.67,125.95,5.0,2.5,41.67,78.72,2.0,1.0,16.67,31.49,3.0,1.5,25.0,47.23,2.0,1.0,16.67,31.49,2.0,1.0,16.67,31.49,0.0,0.0,0.0,0.0,0.0,0.0,0.0,0.0,0.0,0.0,0.0,0.0,1.0,0.5,8.33,15.74,2.0,1.0,16.67,31.49,0.0,0.0,0.0,0.0,0.0,0.0,0.0,0.0,2.0,1.0,16.67,31.49,1.0,0.5,8.33,15.74,0.0,0.0,0.0,0.0,0.0,0.0,0.0,0.0,0.0,0.0,0.0,0.0,0.0,0.0,0.0,0.0,33.33,66.67,-33.33,125.95,-4.0,-2.0,-33.33,2.29,1.14,0.4,0.4,0.67,0.0,,0.29,0.5,1.0,1.0,1.0,0.0,0.0,0.0,0.0,0.0
4,福爾摩沙夢想家,86|101|103|107,林俊吉/周柏臣/忻沃克/霍爾曼,2,17,18.0,272.16,4.54,04:32,136.08,2.27,02:16,4.0,2.0,22.22,31.75,13.0,6.5,72.22,103.17,3.0,1.5,16.67,23.81,1.0,0.5,5.56,7.94,2.0,1.0,11.11,15.87,1.0,0.5,5.56,7.94,1.0,0.5,5.56,7.94,0.0,0.0,0.0,0.0,2.0,1.0,11.11,15.87,2.0,1.0,11.11,15.87,0.0,0.0,0.0,0.0,2.0,1.0,11.11,15.87,1.0,0.5,5.56,7.94,2.0,1.0,11.11,15.87,4.0,2.0,22.22,31.75,0.0,0.0,0.0,0.0,0.0,0.0,0.0,0.0,0.0,0.0,0.0,0.0,2.0,1.0,11.11,15.87,2.0,1.0,11.11,15.87,22.22,72.22,-50.0,95.24,-9.0,-4.5,-50.0,4.54,2.27,0.33,0.52,0.5,0.0,1.0,0.51,0.0,0.0,0.67,0.4,0.0,0.0,0.11,11.11,0.67
4,高雄全家海神,45|110|122|10893,施晉堯/胡瓏貿/陳懷安/崔維斯,1,13,16.0,236.07,3.93,03:56,236.07,3.93,03:56,7.0,7.0,43.75,64.05,8.0,8.0,50.0,73.2,6.0,6.0,37.5,54.9,2.0,2.0,12.5,18.3,2.0,2.0,12.5,18.3,0.0,0.0,0.0,0.0,4.0,4.0,25.0,36.6,2.0,2.0,12.5,18.3,1.0,1.0,6.25,9.15,1.0,1.0,6.25,9.15,2.0,2.0,12.5,18.3,2.0,2.0,12.5,18.3,0.0,0.0,0.0,0.0,2.0,2.0,12.5,18.3,2.0,2.0,12.5,18.3,2.0,2.0,12.5,18.3,1.0,1.0,6.25,9.15,1.0,1.0,6.25,9.15,1.0,1.0,6.25,9.15,5.0,5.0,31.25,45.75,43.75,50.0,-6.25,97.6,-1.0,-1.0,-6.25,3.93,3.93,0.5,0.54,0.0,0.5,1.0,0.24,1.0,0.5,1.0,0.67,6.25,6.25,0.06,31.25,0.17
4,高雄全家海神,45|110|122|12668,施晉堯/胡瓏貿/陳懷安/歐提斯,2,38,43.0,507.49,8.46,08:27,253.74,4.23,04:14,19.0,9.5,44.19,80.87,30.0,15.0,69.77,127.69,11.0,5.5,25.58,46.82,6.0,3.0,13.95,25.54,6.0,3.0,13.95,25.54,3.0,1.5,6.98,12.77,5.0,2.5,11.63,21.28,3.0,1.5,6.98,12.77,4.0,2.0,9.3,17.03,4.0,2.0,9.3,17.03,1.0,0.5,2.33,4.26,4.0,2.0,9.3,17.03,0.0,0.0,0.0,0.0,1.0,0.5,2.33,4.26,6.0,3.0,13.95,25.54,3.0,1.5,6.98,12.77,3.0,1.5,6.98,12.77,0.0,0.0,0.0,0.0,5.0,2.5,11.63,21.28,8.0,4.0,18.6,34.05,44.19,69.77,-25.58,122.01,-11.0,-5.5,-25.58,8.46,4.23,0.68,0.74,0.5,0.6,1.0,0.32,0.5,0.5,1.0,0.83,6.98,0.0,0.12,18.6,0.36
4,高雄全家海神,45|122|10893|12668,施晉堯/陳懷安/崔維斯/歐提斯,2,10,12.0,179.83,3.0,03:00,89.91,1.5,01:30,7.0,3.5,58.33,84.08,7.0,3.5,58.33,84.08,4.0,2.0,33.33,48.05,2.0,1.0,16.67,24.02,1.0,0.5,8.33,12.01,0.0,0.0,0.0,0.0,3.0,1.5,25.0,36.03,2.0,1.0,16.67,24.02,3.0,1.5,25.0,36.03,3.0,1.5,25.0,36.03,1.0,0.5,8.33,12.01,1.0,0.5,8.33,12.01,1.0,0.5,8.33,12.01,0.0,0.0,0.0,0.0,1.0,0.5,8.33,12.01,2.0,1.0,16.67,24.02,0.0,0.0,0.0,0.0,0.0,0.0,0.0,0.0,1.0,0.5,8.33,12.01,4.0,2.0,33.33,48.05,58.33,58.33,0.0,96.09,0.0,0.0,0.0,3.0,1.5,0.75,0.66,0.0,0.67,1.0,0.16,1.0,1.0,0.5,0.67,0.0,0.0,0.08,33.33,0.75
4,福爾摩沙夢想家,77|89|103|106,馬建豪/蔣淯安/忻沃克/高柏鎧,10,181,211.0,2816.59,46.94,46:57,281.66,4.69,04:42,99.0,9.9,46.92,75.92,98.0,9.8,46.45,75.15,80.0,8.0,37.91,61.35,34.0,3.4,16.11,26.07,36.0,3.6,17.06,27.61,18.0,1.8,8.53,13.8,44.0,4.4,20.85,33.74,16.0,1.6,7.58,12.27,20.0,2.0,9.48,15.34,16.0,1.6,7.58,12.27,15.0,1.5,7.11,11.5,33.0,3.3,15.64,25.31,6.0,0.6,2.84,4.6,41.0,4.1,19.43,31.44,19.0,1.9,9.0,14.57,22.0,2.2,10.43,16.87,13.0,1.3,6.16,9.97,3.0,0.3,1.42,2.3,20.0,2.0,9.48,15.34,24.0,2.4,11.37,18.41,46.92,46.45,0.47,107.88,1.0,0.1,0.47,46.94,4.69,0.52,0.56,0.5,0.36,0.8,0.18,0.65,0.27,0.85,0.51,6.16,1.42,0.09,11.37,0.25
4,福爾摩沙夢想家,77|89|103|10889,馬建豪/蔣淯安/忻沃克/恩尼斯,5,34,42.0,566.25,9.44,09:26,113.25,1.89,01:53,18.0,3.6,42.86,68.66,16.0,3.2,38.1,61.03,15.0,3.0,35.71,57.22,5.0,1.0,11.9,19.07,4.0,0.8,9.52,15.26,2.0,0.4,4.76,7.63,11.0,2.2,26.19,41.96,3.0,0.6,7.14,11.44,6.0,1.2,14.29,22.89,5.0,1.0,11.9,19.07,2.0,0.4,4.76,7.63,8.0,1.6,19.05,30.52,1.0,0.2,2.38,3.81,7.0,1.4,16.67,26.7,3.0,0.6,7.14,11.44,4.0,0.8,9.52,15.26,0.0,0.0,0.0,0.0,1.0,0.2,2.38,3.81,5.0,1.0,11.9,19.07,5.0,1.0,11.9,19.07,42.86,38.1,4.76,106.81,2.0,0.4,4.76,9.44,1.89,0.43,0.51,0.5,0.27,0.83,0.15,0.8,0.22,0.89,0.56,0.0,2.38,0.12,11.9,0.4
4,福爾摩沙夢想家,77|89|106|10889,馬建豪/蔣淯安/高柏鎧/恩尼斯,3,57,70.0,844.66,14.08,14:05,281.55,4.69,04:42,28.0,9.33,40.0,71.6,25.0,8.33,35.71,63.93,26.0,8.67,37.14,66.49,10.0,3.33,14.29,25.57,13.0,4.33,18.57,33.24,8.0,2.67,11.43,20.46,13.0,4.33,18.57,33.24,2.0,0.67,2.86,5.11,5.0,1.67,7.14,12.79,4.0,1.33,5.71,10.23,8.0,2.67,11.43,20.46,9.0,3.0,12.86,23.02,2.0,0.67,2.86,5.11,11.0,3.67,15.71,28.13,8.0,2.67,11.43,20.46,5.0,1.67,7.14,12.79,4.0,1.33,5.71,10.23,0.0,0.0,0.0,0.0,9.0,3.0,12.86,23.02,5.0,1.67,7.14,12.79,40.0,35.71,4.29,119.34,3.0,1.0,4.29,14.08,4.69,0.42,0.5,0.62,0.15,0.8,0.22,0.5,0.42,0.82,0.57,5.71,0.0,0.13,7.14,0.19
4,高雄全家海神,45|110|118|122,施晉堯/胡瓏貿/蘇文儒/陳懷安,2,15,18.0,278.66,4.64,04:39,139.33,2.32,02:19,9.0,4.5,50.0,69.76,6.0,3.0,33.33,46.51,7.0,3.5,38.89,54.26,3.0,1.5,16.67,23.25,3.0,1.5,16.67,23.25,1.0,0.5,5.56,7.75,4.0,2.0,22.22,31.01,2.0,1.0,11.11,15.5,2.0,1.0,11.11,15.5,1.0,0.5,5.56,7.75,1.0,0.5,5.56,7.75,3.0,1.5,16.67,23.25,1.0,0.5,5.56,7.75,2.0,1.0,11.11,15.5,1.0,0.5,5.56,7.75,3.0,1.5,16.67,23.25,1.0,0.5,5.56,7.75,1.0,0.5,5.56,7.75,1.0,0.5,5.56,7.75,3.0,1.5,16.67,23.25,50.0,33.33,16.67,93.02,3.0,1.5,16.67,4.64,2.32,0.57,0.57,0.33,0.5,0.5,0.11,1.0,0.33,0.75,0.57,5.56,5.56,0.06,16.67,0.29
4,高雄全家海神,45|110|122|10894,施晉堯/胡瓏貿/陳懷安/凱帝,4,41,47.0,802.95,13.38,13:23,200.74,3.35,03:21,20.0,5.0,42.55,53.8,29.0,7.25,61.7,78.01,17.0,4.25,36.17,45.73,8.0,2.0,17.02,21.52,7.0,1.75,14.89,18.83,5.0,1.25,10.64,13.45,10.0,2.5,21.28,26.9,3.0,0.75,6.38,8.07,4.0,1.0,8.51,10.76,1.0,0.25,2.13,2.69,0.0,0.0,0.0,0.0,10.0,2.5,21.28,26.9,5.0,1.25,10.64,13.45,5.0,1.25,10.64,13.45,1.0,0.25,2.13,2.69,6.0,1.5,12.77,16.14,0.0,0.0,0.0,0.0,0.0,0.0,0.0,0.0,3.0,0.75,6.38,8.07,3.0,0.75,6.38,8.07,42.55,61.7,-19.15,84.29,-9.0,-2.25,-19.15,13.38,3.35,0.56,0.53,0.71,0.3,0.25,0.05,0.75,0.0,0.67,0.5,0.0,0.0,0.06,6.38,0.24
4,福爾摩沙夢想家,77|89|101|10889,馬建豪/蔣淯安/周柏臣/恩尼斯,3,50,62.0,802.17,13.37,13:22,267.39,4.46,04:27,26.0,8.67,41.94,70.01,26.0,8.67,41.94,70.01,23.0,7.67,37.1,61.93,9.0,3.0,14.52,24.23,14.0,4.67,22.58,37.7,8.0,2.67,12.9,21.54,9.0,3.0,14.52,24.23,1.0,0.33,1.61,2.69,9.0,3.0,14.52,24.23,7.0,2.33,11.29,18.85,6.0,2.0,9.68,16.16,9.0,3.0,14.52,24.23,4.0,1.33,6.45,10.77,6.0,2.0,9.68,16.16,4.0,1.33,6.45,10.77,2.0,0.67,3.23,5.39,4.0,1.33,6.45,10.77,0.0,0.0,0.0,0.0,8.0,2.67,12.9,21.54,5.0,1.67,8.06,13.46,41.94,41.94,0.0,111.3,0.0,0.0,0.0,13.37,4.46,0.41,0.48,0.57,0.11,0.78,0.13,0.22,0.5,0.69,0.6,6.45,0.0,0.13,8.06,0.39
4,福爾摩沙夢想家,77|101|107|10889,馬建豪/周柏臣/霍爾曼/恩尼斯,2,19,24.0,318.66,5.31,05:19,159.33,2.66,02:39,8.0,4.0,33.33,54.23,11.0,5.5,45.83,74.56,8.0,4.0,33.33,54.23,2.0,1.0,8.33,13.56,4.0,2.0,16.67,27.11,1.0,0.5,4.17,6.78,4.0,2.0,16.67,27.11,1.0,0.5,4.17,6.78,3.0,1.5,12.5,20.34,3.0,1.5,12.5,20.34,1.0,0.5,4.17,6.78,5.0,2.5,20.83,33.89,3.0,1.5,12.5,20.34,2.0,1.0,8.33,13.56,1.0,0.5,4.17,6.78,1.0,0.5,4.17,6.78,1.0,0.5,4.17,6.78,0.0,0.0,0.0,0.0,3.0,1.5,12.5,20.34,2.0,1.0,8.33,13.56,33.33,45.83,-12.5,108.45,-3.0,-1.5,-12.5,5.31,2.66,0.31,0.43,0.25,0.25,1.0,0.1,0.5,0.33,0.62,0.55,4.17,0.0,0.12,8.33,0.38
4,高雄全家海神,110|118|122|12668,胡瓏貿/蘇文儒/陳懷安/歐提斯,2,42,46.0,721.79,12.03,12:02,360.9,6.01,06:01,21.0,10.5,45.65,62.84,26.0,13.0,56.52,77.81,20.0,10.0,43.48,59.85,7.0,3.5,15.22,20.95,7.0,3.5,15.22,20.95,3.0,1.5,6.52,8.98,13.0,6.5,28.26,38.9,4.0,2.0,8.7,11.97,4.0,2.0,8.7,11.97,3.0,1.5,6.52,8.98,2.0,1.0,4.35,5.99,11.0,5.5,23.91,32.92,1.0,0.5,2.17,2.99,3.0,1.5,6.52,8.98,2.0,1.0,4.35,5.99,7.0,3.5,15.22,20.95,1.0,0.5,2.17,2.99,0.0,0.0,0.0,0.0,3.0,1.5,6.52,8.98,0.0,0.0,0.0,0.0,45.65,56.52,-10.87,91.77,-5.0,-2.5,-10.87,12.03,6.01,0.45,0.48,0.43,0.31,0.75,0.08,1.0,0.4,0.92,0.76,2.17,0.0,0.07,0.0,0.2
4,高雄全家海神,118|122|10893|12668,蘇文儒/陳懷安/崔維斯/歐提斯,2,9,12.0,181.76,3.03,03:02,90.88,1.51,01:31,6.0,3.0,50.0,71.3,3.0,1.5,25.0,35.65,4.0,2.0,33.33,47.53,2.0,1.0,16.67,23.77,0.0,0.0,0.0,0.0,0.0,0.0,0.0,0.0,4.0,2.0,33.33,47.53,2.0,1.0,16.67,23.77,2.0,1.0,16.67,23.77,2.0,1.0,16.67,23.77,0.0,0.0,0.0,0.0,2.0,1.0,16.67,23.77,3.0,1.5,25.0,35.65,1.0,0.5,8.33,11.88,0.0,0.0,0.0,0.0,1.0,0.5,8.33,11.88,0.0,0.0,0.0,0.0,0.0,0.0,0.0,0.0,0.0,0.0,0.0,0.0,0.0,0.0,0.0,0.0,50.0,25.0,25.0,95.07,3.0,1.5,25.0,3.03,1.51,0.75,0.61,,0.5,1.0,0.0,0.5,0.0,0.4,0.33,0.0,0.0,0.0,0.0,0.5
4,福爾摩沙夢想家,77|89|95|103,馬建豪/蔣淯安/李德威/忻沃克,1,4,6.0,46.8,0.78,00:47,46.8,0.78,00:47,1.0,1.0,16.67,46.16,1.0,1.0,16.67,46.16,0.0,0.0,0.0,0.0,0.0,0.0,0.0,0.0,0.0,0.0,0.0,0.0,0.0,0.0,0.0,0.0,0.0,0.0,0.0,0.0,0.0,0.0,0.0,0.0,2.0,2.0,33.33,92.31,1.0,1.0,16.67,46.16,0.0,0.0,0.0,0.0,0.0,0.0,0.0,0.0,0.0,0.0,0.0,0.0,1.0,1.0,16.67,46.16,1.0,1.0,16.67,46.16,1.0,1.0,16.67,46.16,0.0,0.0,0.0,0.0,0.0,0.0,0.0,0.0,1.0,1.0,16.67,46.16,1.0,1.0,16.67,46.16,16.67,16.67,0.0,184.62,0.0,0.0,0.0,0.78,0.78,,0.57,,,0.5,0.53,,0.0,,0.0,0.0,0.0,0.17,16.67,
4,福爾摩沙夢想家,77|95|103|10889,馬建豪/李德威/忻沃克/恩尼斯,1,15,19.0,215.86,3.6,03:36,215.86,3.6,03:36,7.0,7.0,36.84,70.05,11.0,11.0,57.89,110.07,6.0,6.0,31.58,60.04,3.0,3.0,15.79,30.02,4.0,4.0,21.05,40.03,3.0,3.0,15.79,30.02,2.0,2.0,10.53,20.01,0.0,0.0,0.0,0.0,2.0,2.0,10.53,20.01,1.0,1.0,5.26,10.01,1.0,1.0,5.26,10.01,2.0,2.0,10.53,20.01,1.0,1.0,5.26,10.01,2.0,2.0,10.53,20.01,1.0,1.0,5.26,10.01,1.0,1.0,5.26,10.01,0.0,0.0,0.0,0.0,0.0,0.0,0.0,0.0,1.0,1.0,5.26,10.01,2.0,2.0,10.53,20.01,36.84,57.89,-21.05,126.75,-4.0,-4.0,-21.05,3.6,3.6,0.5,0.51,0.75,0.0,0.5,0.13,0.33,0.33,0.67,0.5,0.0,0.0,0.05,10.53,0.33
4,福爾摩沙夢想家,89|95|103|10889,蔣淯安/李德威/忻沃克/恩尼斯,3,23,29.0,338.74,5.65,05:39,112.91,1.88,01:53,14.0,4.67,48.28,89.27,9.0,3.0,31.03,57.39,9.0,3.0,31.03,57.39,5.0,1.67,17.24,31.88,7.0,2.33,24.14,44.64,4.0,1.33,13.79,25.51,2.0,0.67,6.9,12.75,1.0,0.33,3.45,6.38,4.0,1.33,13.79,25.51,3.0,1.0,10.34,19.13,1.0,0.33,3.45,6.38,3.0,1.0,10.34,19.13,0.0,0.0,0.0,0.0,5.0,1.67,17.24,31.88,2.0,0.67,6.9,12.75,3.0,1.0,10.34,19.13,0.0,0.0,0.0,0.0,0.0,0.0,0.0,0.0,4.0,1.33,13.79,25.51,7.0,2.33,24.14,44.64,48.28,31.03,17.24,123.28,5.0,1.67,17.24,5.65,1.88,0.61,0.65,0.57,0.5,0.75,0.16,0.6,0.17,1.0,0.44,0.0,0.0,0.14,24.14,0.44
4,福爾摩沙夢想家,77|86|95|103,馬建豪/林俊吉/李德威/忻沃克,1,11,13.0,169.06,2.82,02:49,169.06,2.82,02:49,6.0,6.0,46.15,76.66,10.0,10.0,76.92,127.76,6.0,6.0,46.15,76.66,3.0,3.0,23.08,38.33,4.0,4.0,30.77,51.11,3.0,3.0,23.08,38.33,2.0,2.0,15.38,25.55,0.0,0.0,0.0,0.0,0.0,0.0,0.0,0.0,0.0,0.0,0.0,0.0,1.0,1.0,7.69,12.78,2.0,2.0,15.38,25.55,1.0,1.0,7.69,12.78,1.0,1.0,7.69,12.78,0.0,0.0,0.0,0.0,0.0,0.0,0.0,0.0,0.0,0.0,0.0,0.0,0.0,0.0,0.0,0.0,0.0,0.0,0.0,0.0,1.0,1.0,7.69,12.78,46.15,76.92,-30.77,110.73,-4.0,-4.0,-30.77,2.82,2.82,0.5,0.5,0.75,0.0,,0.0,0.0,0.5,0.67,0.6,0.0,0.0,0.0,7.69,0.0
4,福爾摩沙夢想家,86|95|103|10889,林俊吉/李德威/忻沃克/恩尼斯,2,25,32.0,389.73,6.5,06:30,194.87,3.25,03:15,15.0,7.5,46.88,83.13,14.0,7.0,43.75,77.59,16.0,8.0,50.0,88.68,7.0,3.5,21.88,38.8,11.0,5.5,34.38,60.97,6.0,3.0,18.75,33.25,5.0,2.5,15.62,27.71,1.0,0.5,3.12,5.54,1.0,0.5,3.12,5.54,0.0,0.0,0.0,0.0,5.0,2.5,15.62,27.71,5.0,2.5,15.62,27.71,4.0,2.0,12.5,22.17,5.0,2.5,15.62,27.71,0.0,0.0,0.0,0.0,1.0,0.5,3.12,5.54,0.0,0.0,0.0,0.0,0.0,0.0,0.0,0.0,3.0,1.5,9.38,16.63,7.0,3.5,21.88,38.8,46.88,43.75,3.12,118.24,1.0,0.5,3.12,6.5,3.25,0.47,0.46,0.55,0.2,0.0,0.0,0.14,0.5,0.56,0.53,0.0,0.0,0.09,21.88,0.06
4,高雄全家海神,109|110|122|10892,于煥亞/胡瓏貿/陳懷安/詹姆斯,1,34,42.0,522.51,8.71,08:43,522.51,8.71,08:43,11.0,11.0,26.19,45.47,21.0,21.0,50.0,86.81,11.0,11.0,26.19,45.47,5.0,5.0,11.9,20.67,7.0,7.0,16.67,28.94,5.0,5.0,11.9,20.67,4.0,4.0,9.52,16.54,0.0,0.0,0.0,0.0,4.0,4.0,9.52,16.54,1.0,1.0,2.38,4.13,1.0,1.0,2.38,4.13,6.0,6.0,14.29,24.8,6.0,6.0,14.29,24.8,3.0,3.0,7.14,12.4,5.0,5.0,11.9,20.67,1.0,1.0,2.38,4.13,4.0,4.0,9.52,16.54,0.0,0.0,0.0,0.0,3.0,3.0,7.14,12.4,3.0,3.0,7.14,12.4,26.19,50.0,-23.81,115.75,-10.0,-10.0,-23.81,8.71,8.71,0.45,0.43,0.71,0.0,0.25,0.28,0.2,0.25,0.5,0.44,9.52,0.0,0.07,7.14,0.36
4,高雄全家海神,109|110|122|123,于煥亞/胡瓏貿/陳懷安/勤明慶,3,27,34.0,394.52,6.58,06:35,131.51,2.19,02:12,6.0,2.0,17.65,32.85,14.0,4.67,41.18,76.65,10.0,3.33,29.41,54.75,2.0,0.67,5.88,10.95,7.0,2.33,20.59,38.33,1.0,0.33,2.94,5.48,3.0,1.0,8.82,16.43,1.0,0.33,2.94,5.48,4.0,1.33,11.76,21.9,1.0,0.33,2.94,5.48,0.0,0.0,0.0,0.0,8.0,2.67,23.53,43.8,4.0,1.33,11.76,21.9,3.0,1.0,8.82,16.43,2.0,0.67,5.88,10.95,1.0,0.33,2.94,5.48,0.0,0.0,0.0,0.0,1.0,0.33,2.94,5.48,2.0,0.67,5.88,10.95,9.0,3.0,26.47,49.28,17.65,41.18,-23.53,124.1,-8.0,-2.67,-23.53,6.58,2.19,0.25,0.26,0.14,0.33,0.25,0.15,0.5,0.0,0.67,0.53,0.0,2.94,0.06,26.47,0.4
4,高雄全家海神,110|122|123|10892,胡瓏貿/陳懷安/勤明慶/詹姆斯,1,7,8.0,111.07,1.85,01:51,111.07,1.85,01:51,3.0,3.0,37.5,58.34,4.0,4.0,50.0,77.79,2.0,2.0,25.0,38.89,1.0,1.0,12.5,19.45,2.0,2.0,25.0,38.89,1.0,1.0,12.5,19.45,0.0,0.0,0.0,0.0,0.0,0.0,0.0,0.0,4.0,4.0,50.0,77.79,1.0,1.0,12.5,19.45,0.0,0.0,0.0,0.0,2.0,2.0,25.0,38.89,1.0,1.0,12.5,19.45,0.0,0.0,0.0,0.0,0.0,0.0,0.0,0.0,0.0,0.0,0.0,0.0,0.0,0.0,0.0,0.0,0.0,0.0,0.0,0.0,1.0,1.0,12.5,19.45,2.0,2.0,25.0,38.89,37.5,50.0,-12.5,103.72,-1.0,-1.0,-12.5,1.85,1.85,0.5,0.4,0.5,,0.25,0.0,0.0,,0.67,0.67,0.0,0.0,0.12,25.0,2.0
4,高雄全家海神,109|121|123|10892,于煥亞/吳曉謹/勤明慶/詹姆斯,1,30,36.0,392.68,6.54,06:33,392.68,6.54,06:33,21.0,21.0,58.33,115.51,28.0,28.0,77.78,154.02,12.0,12.0,33.33,66.01,6.0,6.0,16.67,33.0,5.0,5.0,13.89,27.5,3.0,3.0,8.33,16.5,7.0,7.0,19.44,38.5,3.0,3.0,8.33,16.5,6.0,6.0,16.67,33.0,6.0,6.0,16.67,33.0,2.0,2.0,5.56,11.0,4.0,4.0,11.11,22.0,3.0,3.0,8.33,16.5,2.0,2.0,5.56,11.0,1.0,1.0,2.78,5.5,4.0,4.0,11.11,22.0,1.0,1.0,2.78,5.5,0.0,0.0,0.0,0.0,3.0,3.0,8.33,16.5,8.0,8.0,22.22,44.01,58.33,77.78,-19.44,132.02,-7.0,-7.0,-19.44,6.54,6.54,0.62,0.72,0.6,0.43,1.0,0.06,0.67,0.5,0.57,0.55,2.78,0.0,0.08,22.22,0.5
4,高雄全家海神,109|121|123|12668,于煥亞/吳曉謹/勤明慶/歐提斯,2,45,52.0,643.16,10.72,10:43,321.58,5.36,05:22,25.0,12.5,48.08,83.96,41.0,20.5,78.85,137.7,17.0,8.5,32.69,57.09,7.0,3.5,13.46,23.51,7.0,3.5,13.46,23.51,4.0,2.0,7.69,13.43,10.0,5.0,19.23,33.58,3.0,1.5,5.77,10.08,8.0,4.0,15.38,26.87,8.0,4.0,15.38,26.87,2.0,1.0,3.85,6.72,8.0,4.0,15.38,26.87,4.0,2.0,7.69,13.43,3.0,1.5,5.77,10.08,3.0,1.5,5.77,10.08,5.0,2.5,9.62,16.79,2.0,1.0,3.85,6.72,0.0,0.0,0.0,0.0,4.0,2.0,7.69,13.43,10.0,5.0,19.23,33.58,48.08,78.85,-30.77,116.43,-16.0,-8.0,-30.77,10.72,5.36,0.5,0.61,0.57,0.3,1.0,0.13,0.71,0.4,0.67,0.59,3.85,0.0,0.08,19.23,0.47
4,高雄全家海神,109|121|10892|12668,于煥亞/吳曉謹/詹姆斯/歐提斯,1,30,36.0,399.68,6.66,06:40,399.68,6.66,06:40,21.0,21.0,58.33,113.49,28.0,28.0,77.78,151.32,12.0,12.0,33.33,64.85,6.0,6.0,16.67,32.43,5.0,5.0,13.89,27.02,3.0,3.0,8.33,16.21,7.0,7.0,19.44,37.83,3.0,3.0,8.33,16.21,6.0,6.0,16.67,32.43,6.0,6.0,16.67,32.43,2.0,2.0,5.56,10.81,4.0,4.0,11.11,21.62,3.0,3.0,8.33,16.21,2.0,2.0,5.56,10.81,1.0,1.0,2.78,5.4,4.0,4.0,11.11,21.62,1.0,1.0,2.78,5.4,0.0,0.0,0.0,0.0,3.0,3.0,8.33,16.21,8.0,8.0,22.22,43.23,58.33,77.78,-19.44,129.7,-7.0,-7.0,-19.44,6.66,6.66,0.62,0.72,0.6,0.43,1.0,0.06,0.67,0.5,0.57,0.55,2.78,0.0,0.08,22.22,0.5
4,高雄全家海神,121|123|10892|12668,吳曉謹/勤明慶/詹姆斯/歐提斯,1,30,36.0,392.68,6.54,06:33,392.68,6.54,06:33,21.0,21.0,58.33,115.51,28.0,28.0,77.78,154.02,12.0,12.0,33.33,66.01,6.0,6.0,16.67,33.0,5.0,5.0,13.89,27.5,3.0,3.0,8.33,16.5,7.0,7.0,19.44,38.5,3.0,3.0,8.33,16.5,6.0,6.0,16.67,33.0,6.0,6.0,16.67,33.0,2.0,2.0,5.56,11.0,4.0,4.0,11.11,22.0,3.0,3.0,8.33,16.5,2.0,2.0,5.56,11.0,1.0,1.0,2.78,5.5,4.0,4.0,11.11,22.0,1.0,1.0,2.78,5.5,0.0,0.0,0.0,0.0,3.0,3.0,8.33,16.5,8.0,8.0,22.22,44.01,58.33,77.78,-19.44,132.02,-7.0,-7.0,-19.44,6.54,6.54,0.62,0.72,0.6,0.43,1.0,0.06,0.67,0.5,0.57,0.55,2.78,0.0,0.08,22.22,0.5
4,臺北台新戰神,10|14|10863|10868,雷蒙恩/錢肯尼/魏芃禾/齊曼加,3,35,46.0,517.83,8.63,08:38,172.61,2.88,02:53,23.0,7.67,50.0,95.94,18.0,6.0,39.13,75.08,19.0,6.33,41.3,79.25,8.0,2.67,17.39,33.37,13.0,4.33,28.26,54.23,7.0,2.33,15.22,29.2,6.0,2.0,13.04,25.03,1.0,0.33,2.17,4.17,7.0,2.33,15.22,29.2,5.0,1.67,10.87,20.86,7.0,2.33,15.22,29.2,5.0,1.67,10.87,20.86,4.0,1.33,8.7,16.69,5.0,1.67,10.87,20.86,3.0,1.0,6.52,12.51,6.0,2.0,13.04,25.03,2.0,0.67,4.35,8.34,1.0,0.33,2.17,4.17,6.0,2.0,13.04,25.03,4.0,1.33,8.7,16.69,50.0,39.13,10.87,127.92,5.0,1.67,10.87,8.63,2.88,0.45,0.52,0.54,0.17,0.71,0.12,0.75,0.58,0.56,0.57,4.35,2.17,0.13,8.7,0.37
4,臺北台新戰神,10|14|10863|10869,雷蒙恩/錢肯尼/魏芃禾/基德,4,21,27.0,333.29,5.55,05:33,83.32,1.39,01:23,8.0,2.0,29.63,51.85,20.0,5.0,74.07,129.62,11.0,2.75,40.74,71.29,3.0,0.75,11.11,19.44,4.0,1.0,14.81,25.92,2.0,0.5,7.41,12.96,7.0,1.75,25.93,45.37,1.0,0.25,3.7,6.48,0.0,0.0,0.0,0.0,0.0,0.0,0.0,0.0,3.0,0.75,11.11,19.44,4.0,1.0,14.81,25.92,2.0,0.5,7.41,12.96,1.0,0.25,3.7,6.48,2.0,0.5,7.41,12.96,3.0,0.75,11.11,19.44,1.0,0.25,3.7,6.48,1.0,0.25,3.7,6.48,2.0,0.5,7.41,12.96,8.0,2.0,29.63,51.85,29.63,74.07,-44.44,116.66,-12.0,-3.0,-44.44,5.55,1.39,0.32,0.36,0.5,0.14,,0.15,1.0,0.75,0.67,0.7,3.7,3.7,0.07,29.63,0.0
4,臺北台新戰神,5|10|10863|10868,黃聰翰/雷蒙恩/魏芃禾/齊曼加,1,5,8.0,124.22,2.07,02:04,124.22,2.07,02:04,3.0,3.0,37.5,52.17,1.0,1.0,12.5,17.39,4.0,4.0,50.0,69.56,1.0,1.0,12.5,17.39,0.0,0.0,0.0,0.0,0.0,0.0,0.0,0.0,4.0,4.0,50.0,69.56,1.0,1.0,12.5,17.39,2.0,2.0,25.0,34.78,1.0,1.0,12.5,17.39,2.0,2.0,25.0,34.78,1.0,1.0,12.5,17.39,2.0,2.0,25.0,34.78,2.0,2.0,25.0,34.78,0.0,0.0,0.0,0.0,1.0,1.0,12.5,17.39,0.0,0.0,0.0,0.0,0.0,0.0,0.0,0.0,1.0,1.0,12.5,17.39,2.0,2.0,25.0,34.78,37.5,12.5,25.0,92.74,2.0,2.0,25.0,2.07,2.07,0.38,0.31,,0.25,0.5,0.0,1.0,0.5,0.33,0.43,0.0,0.0,0.12,25.0,0.5
4,臺北台新戰神,5|10|10863|10869,黃聰翰/雷蒙恩/魏芃禾/基德,3,23,28.0,427.07,7.12,07:07,142.36,2.37,02:22,3.0,1.0,10.71,15.17,11.0,3.67,39.29,55.63,10.0,3.33,35.71,50.58,2.0,0.67,7.14,10.12,2.0,0.67,7.14,10.12,1.0,0.33,3.57,5.06,8.0,2.67,28.57,40.46,1.0,0.33,3.57,5.06,2.0,0.67,7.14,10.12,1.0,0.33,3.57,5.06,2.0,0.67,7.14,10.12,6.0,2.0,21.43,30.35,2.0,0.67,7.14,10.12,5.0,1.67,17.86,25.29,3.0,1.0,10.71,15.17,1.0,0.33,3.57,5.06,1.0,0.33,3.57,5.06,0.0,0.0,0.0,0.0,3.0,1.0,10.71,15.17,6.0,2.0,21.43,30.35,10.71,39.29,-28.57,94.41,-8.0,-2.67,-28.57,7.12,2.37,0.25,0.14,0.5,0.12,0.5,0.22,0.5,0.29,0.75,0.53,3.57,0.0,0.11,21.43,0.2
4,臺北台新戰神,5|10863|10868|10869,黃聰翰/魏芃禾/齊曼加/基德,1,8,14.0,263.55,4.39,04:24,263.55,4.39,04:24,5.0,5.0,35.71,40.98,3.0,3.0,21.43,24.59,8.0,8.0,57.14,65.57,2.0,2.0,14.29,16.39,2.0,2.0,14.29,16.39,1.0,1.0,7.14,8.2,6.0,6.0,42.86,49.17,1.0,1.0,7.14,8.2,2.0,2.0,14.29,16.39,1.0,1.0,7.14,8.2,4.0,4.0,28.57,32.78,3.0,3.0,21.43,24.59,3.0,3.0,21.43,24.59,2.0,2.0,14.29,16.39,0.0,0.0,0.0,0.0,1.0,1.0,7.14,8.2,0.0,0.0,0.0,0.0,0.0,0.0,0.0,0.0,1.0,1.0,7.14,8.2,2.0,2.0,14.29,16.39,35.71,21.43,14.29,76.49,2.0,2.0,14.29,4.39,4.39,0.31,0.28,0.5,0.17,0.5,0.0,0.5,0.67,0.5,0.58,0.0,0.0,0.07,14.29,0.25
4,臺北台新戰神,5|10863|10865|10868,黃聰翰/魏芃禾/謝銘駿/齊曼加,1,3,6.0,139.33,2.32,02:19,139.33,2.32,02:19,2.0,2.0,33.33,31.0,2.0,2.0,33.33,31.0,4.0,4.0,66.67,62.01,1.0,1.0,16.67,15.5,2.0,2.0,33.33,31.0,1.0,1.0,16.67,15.5,2.0,2.0,33.33,31.0,0.0,0.0,0.0,0.0,0.0,0.0,0.0,0.0,0.0,0.0,0.0,0.0,2.0,2.0,33.33,31.0,2.0,2.0,33.33,31.0,1.0,1.0,16.67,15.5,0.0,0.0,0.0,0.0,0.0,0.0,0.0,0.0,0.0,0.0,0.0,0.0,0.0,0.0,0.0,0.0,0.0,0.0,0.0,0.0,0.0,0.0,0.0,0.0,0.0,0.0,0.0,0.0,33.33,33.33,0.0,62.01,0.0,0.0,0.0,2.32,2.32,0.25,0.25,0.5,0.0,,0.0,0.0,1.0,0.67,0.8,0.0,0.0,0.0,0.0,0.0
4,臺北台新戰神,5|10863|10865|10869,黃聰翰/魏芃禾/謝銘駿/基德,4,23,31.0,460.99,7.68,07:41,115.25,1.92,01:55,12.0,3.0,38.71,56.23,16.0,4.0,51.61,74.97,12.0,3.0,38.71,56.23,4.0,1.0,12.9,18.74,6.0,1.5,19.35,28.11,4.0,1.0,12.9,18.74,6.0,1.5,19.35,28.11,0.0,0.0,0.0,0.0,4.0,1.0,12.9,18.74,4.0,1.0,12.9,18.74,2.0,0.5,6.45,9.37,6.0,1.5,19.35,28.11,3.0,0.75,9.68,14.06,5.0,1.25,16.13,23.43,2.0,0.5,6.45,9.37,0.0,0.0,0.0,0.0,2.0,0.5,6.45,9.37,1.0,0.25,3.23,4.69,2.0,0.5,6.45,9.37,4.0,1.0,12.9,18.74,38.71,51.61,-12.9,96.83,-4.0,-1.0,-12.9,7.68,1.92,0.33,0.44,0.67,0.0,1.0,0.13,0.0,0.29,0.67,0.5,6.45,3.23,0.06,12.9,0.33
4,臺北台新戰神,5|10865|10868|10869,黃聰翰/謝銘駿/齊曼加/基德,3,31,38.0,662.35,11.04,11:02,220.78,3.68,03:41,15.0,5.0,39.47,48.92,10.0,3.33,26.32,32.61,18.0,6.0,47.37,58.7,6.0,2.0,15.79,19.57,9.0,3.0,23.68,29.35,3.0,1.0,7.89,9.78,9.0,3.0,23.68,29.35,3.0,1.0,7.89,9.78,0.0,0.0,0.0,0.0,0.0,0.0,0.0,0.0,3.0,1.0,7.89,9.78,7.0,2.33,18.42,22.83,2.0,0.67,5.26,6.52,6.0,2.0,15.79,19.57,2.0,0.67,5.26,6.52,3.0,1.0,7.89,9.78,0.0,0.0,0.0,0.0,1.0,0.33,2.63,3.26,1.0,0.33,2.63,3.26,9.0,3.0,23.68,29.35,39.47,26.32,13.16,82.62,5.0,1.67,13.16,11.04,3.68,0.42,0.42,0.33,0.33,,0.1,0.5,0.33,0.78,0.56,0.0,2.63,0.03,23.68,0.0
4,臺北台新戰神,4|5|10865|10868,張兆辰/黃聰翰/謝銘駿/齊曼加,1,2,3.0,56.0,0.93,00:56,56.0,0.93,00:56,0.0,0.0,0.0,0.0,3.0,3.0,100.0,115.71,0.0,0.0,0.0,0.0,0.0,0.0,0.0,0.0,0.0,0.0,0.0,0.0,0.0,0.0,0.0,0.0,0.0,0.0,0.0,0.0,0.0,0.0,0.0,0.0,0.0,0.0,0.0,0.0,0.0,0.0,0.0,0.0,0.0,0.0,0.0,0.0,0.0,0.0,0.0,0.0,1.0,1.0,33.33,38.57,0.0,0.0,0.0,0.0,1.0,1.0,33.33,38.57,0.0,0.0,0.0,0.0,0.0,0.0,0.0,0.0,0.0,0.0,0.0,0.0,0.0,0.0,0.0,0.0,0.0,0.0,0.0,0.0,0.0,100.0,-100.0,77.14,-3.0,-3.0,-100.0,0.93,0.93,,,,,,1.0,,,0.0,0.0,0.0,0.0,0.0,0.0,
4,臺北台新戰神,4|5|10865|10870,張兆辰/黃聰翰/謝銘駿/洛夫頓,1,5,8.0,100.0,1.67,01:40,100.0,1.67,01:40,0.0,0.0,0.0,0.0,6.0,6.0,75.0,129.6,3.0,3.0,37.5,64.8,0.0,0.0,0.0,0.0,1.0,1.0,12.5,21.6,0.0,0.0,0.0,0.0,2.0,2.0,25.0,43.2,0.0,0.0,0.0,0.0,0.0,0.0,0.0,0.0,0.0,0.0,0.0,0.0,2.0,2.0,25.0,43.2,1.0,1.0,12.5,21.6,1.0,1.0,12.5,21.6,0.0,0.0,0.0,0.0,1.0,1.0,12.5,21.6,0.0,0.0,0.0,0.0,0.0,0.0,0.0,0.0,0.0,0.0,0.0,0.0,1.0,1.0,12.5,21.6,3.0,3.0,37.5,64.8,0.0,75.0,-75.0,115.2,-6.0,-6.0,-75.0,1.67,1.67,0.0,0.0,0.0,0.0,,0.25,,1.0,0.5,0.75,0.0,0.0,0.12,37.5,0.0
4,臺北台新戰神,5|10865|10868|10870,黃聰翰/謝銘駿/齊曼加/洛夫頓,1,2,3.0,56.0,0.93,00:56,56.0,0.93,00:56,0.0,0.0,0.0,0.0,3.0,3.0,100.0,115.71,0.0,0.0,0.0,0.0,0.0,0.0,0.0,0.0,0.0,0.0,0.0,0.0,0.0,0.0,0.0,0.0,0.0,0.0,0.0,0.0,0.0,0.0,0.0,0.0,0.0,0.0,0.0,0.0,0.0,0.0,0.0,0.0,0.0,0.0,0.0,0.0,0.0,0.0,0.0,0.0,1.0,1.0,33.33,38.57,0.0,0.0,0.0,0.0,1.0,1.0,33.33,38.57,0.0,0.0,0.0,0.0,0.0,0.0,0.0,0.0,0.0,0.0,0.0,0.0,0.0,0.0,0.0,0.0,0.0,0.0,0.0,0.0,0.0,100.0,-100.0,77.14,-3.0,-3.0,-100.0,0.93,0.93,,,,,,1.0,,,0.0,0.0,0.0,0.0,0.0,0.0,
4,臺北台新戰神,4|10865|10869|10870,張兆辰/謝銘駿/基德/洛夫頓,2,22,25.0,251.34,4.19,04:11,125.67,2.09,02:06,13.0,6.5,52.0,111.72,16.0,8.0,64.0,137.5,10.0,5.0,40.0,85.94,5.0,2.5,20.0,42.97,4.0,2.0,16.0,34.38,2.0,1.0,8.0,17.19,6.0,3.0,24.0,51.56,3.0,1.5,12.0,25.78,0.0,0.0,0.0,0.0,0.0,0.0,0.0,0.0,2.0,1.0,8.0,17.19,3.0,1.5,12.0,25.78,1.0,0.5,4.0,8.59,3.0,1.5,12.0,25.78,2.0,1.0,8.0,17.19,1.0,0.5,4.0,8.59,2.0,1.0,8.0,17.19,0.0,0.0,0.0,0.0,1.0,0.5,4.0,8.59,5.0,2.5,20.0,42.97,52.0,64.0,-12.0,143.23,-3.0,-1.5,-12.0,4.19,2.09,0.65,0.65,0.5,0.5,,0.17,0.2,0.4,0.75,0.56,8.0,0.0,0.04,20.0,0.0
4,高雄全家海神,109|118|123|12668,于煥亞/蘇文儒/勤明慶/歐提斯,1,4,6.0,44.84,0.75,00:45,44.84,0.75,00:45,4.0,4.0,66.67,192.7,0.0,0.0,0.0,0.0,0.0,0.0,0.0,0.0,0.0,0.0,0.0,0.0,0.0,0.0,0.0,0.0,0.0,0.0,0.0,0.0,0.0,0.0,0.0,0.0,0.0,0.0,0.0,0.0,4.0,4.0,66.67,192.7,4.0,4.0,66.67,192.7,0.0,0.0,0.0,0.0,0.0,0.0,0.0,0.0,2.0,2.0,33.33,96.35,1.0,1.0,16.67,48.17,0.0,0.0,0.0,0.0,0.0,0.0,0.0,0.0,0.0,0.0,0.0,0.0,0.0,0.0,0.0,0.0,2.0,2.0,33.33,96.35,0.0,0.0,0.0,0.0,66.67,0.0,66.67,192.7,4.0,4.0,66.67,0.75,0.75,,1.14,,,1.0,0.0,,0.0,0.0,0.0,0.0,0.0,0.33,0.0,
4,高雄全家海神,109|118|10892|12668,于煥亞/蘇文儒/詹姆斯/歐提斯,1,15,19.0,216.84,3.61,03:37,216.84,3.61,03:37,11.0,11.0,57.89,109.58,10.0,10.0,52.63,99.61,6.0,6.0,31.58,59.77,3.0,3.0,15.79,29.88,2.0,2.0,10.53,19.92,2.0,2.0,10.53,19.92,4.0,4.0,21.05,39.85,1.0,1.0,5.26,9.96,4.0,4.0,21.05,39.85,4.0,4.0,21.05,39.85,0.0,0.0,0.0,0.0,3.0,3.0,15.79,29.88,2.0,2.0,10.53,19.92,2.0,2.0,10.53,19.92,1.0,1.0,5.26,9.96,0.0,0.0,0.0,0.0,1.0,1.0,5.26,9.96,0.0,0.0,0.0,0.0,2.0,2.0,10.53,19.92,2.0,2.0,10.53,19.92,57.89,52.63,5.26,126.18,1.0,1.0,5.26,3.61,3.61,0.58,0.71,1.0,0.25,1.0,0.11,0.0,0.0,0.6,0.43,5.26,0.0,0.11,10.53,0.67
4,臺北台新戰神,4|5|10865|10869,張兆辰/黃聰翰/謝銘駿/基德,2,4,6.0,51.0,0.85,00:51,25.5,0.42,00:26,0.0,0.0,0.0,0.0,3.0,1.5,50.0,127.06,3.0,1.5,50.0,127.06,0.0,0.0,0.0,0.0,1.0,0.5,16.67,42.35,0.0,0.0,0.0,0.0,2.0,1.0,33.33,84.71,0.0,0.0,0.0,0.0,0.0,0.0,0.0,0.0,0.0,0.0,0.0,0.0,2.0,1.0,33.33,84.71,1.0,0.5,16.67,42.35,0.0,0.0,0.0,0.0,0.0,0.0,0.0,0.0,0.0,0.0,0.0,0.0,0.0,0.0,0.0,0.0,0.0,0.0,0.0,0.0,0.0,0.0,0.0,0.0,1.0,0.5,16.67,42.35,3.0,1.5,50.0,127.06,0.0,50.0,-50.0,169.41,-3.0,-1.5,-50.0,0.85,0.42,0.0,0.0,0.0,0.0,,0.0,,1.0,1.0,1.0,0.0,0.0,0.17,50.0,0.0
4,臺北台新戰神,5|10865|10869|10870,黃聰翰/謝銘駿/基德/洛夫頓,2,5,7.0,113.0,1.88,01:53,56.5,0.94,00:56,0.0,0.0,0.0,0.0,3.0,1.5,42.86,57.35,4.0,2.0,57.14,76.46,0.0,0.0,0.0,0.0,1.0,0.5,14.29,19.12,0.0,0.0,0.0,0.0,3.0,1.5,42.86,57.35,0.0,0.0,0.0,0.0,0.0,0.0,0.0,0.0,0.0,0.0,0.0,0.0,2.0,1.0,28.57,38.23,1.0,0.5,14.29,19.12,0.0,0.0,0.0,0.0,1.0,0.5,14.29,19.12,1.0,0.5,14.29,19.12,0.0,0.0,0.0,0.0,0.0,0.0,0.0,0.0,0.0,0.0,0.0,0.0,1.0,0.5,14.29,19.12,3.0,1.5,42.86,57.35,0.0,42.86,-42.86,89.2,-3.0,-1.5,-42.86,1.88,0.94,0.0,0.0,0.0,0.0,,0.2,,0.67,1.0,0.75,0.0,0.0,0.14,42.86,0.0
4,臺北台新戰神,5|10|10865|10868,黃聰翰/雷蒙恩/謝銘駿/齊曼加,1,11,12.0,178.99,2.98,02:59,178.99,2.98,02:59,5.0,5.0,41.67,60.34,5.0,5.0,41.67,60.34,5.0,5.0,41.67,60.34,2.0,2.0,16.67,24.13,3.0,3.0,25.0,36.2,1.0,1.0,8.33,12.07,2.0,2.0,16.67,24.13,1.0,1.0,8.33,12.07,0.0,0.0,0.0,0.0,0.0,0.0,0.0,0.0,0.0,0.0,0.0,0.0,3.0,3.0,25.0,36.2,1.0,1.0,8.33,12.07,1.0,1.0,8.33,12.07,1.0,1.0,8.33,12.07,1.0,1.0,8.33,12.07,0.0,0.0,0.0,0.0,0.0,0.0,0.0,0.0,0.0,0.0,0.0,0.0,4.0,4.0,33.33,48.27,41.67,41.67,0.0,96.54,0.0,0.0,0.0,2.98,2.98,0.5,0.5,0.33,0.5,,0.17,0.5,0.0,0.75,0.6,0.0,0.0,0.0,33.33,0.0
4,臺北台新戰神,5|10|10865|10869,黃聰翰/雷蒙恩/謝銘駿/基德,6,57,66.0,1448.32,24.14,24:08,241.39,4.02,04:01,36.0,6.0,54.55,53.69,26.0,4.33,39.39,38.78,24.0,4.0,36.36,35.79,11.0,1.83,16.67,16.41,12.0,2.0,18.18,17.9,5.0,0.83,7.58,7.46,12.0,2.0,18.18,17.9,6.0,1.0,9.09,8.95,8.0,1.33,12.12,11.93,6.0,1.0,9.09,8.95,4.0,0.67,6.06,5.97,10.0,1.67,15.15,14.91,5.0,0.83,7.58,7.46,13.0,2.17,19.7,19.39,5.0,0.83,7.58,7.46,6.0,1.0,9.09,8.95,4.0,0.67,6.06,5.97,0.0,0.0,0.0,0.0,5.0,0.83,7.58,7.46,8.0,1.33,12.12,11.93,54.55,39.39,15.15,65.62,10.0,1.67,15.15,24.14,4.02,0.58,0.65,0.42,0.5,0.75,0.15,0.55,0.24,0.67,0.44,6.06,0.0,0.08,12.12,0.33
4,臺北台新戰神,5|14|10865|10868,黃聰翰/錢肯尼/謝銘駿/齊曼加,2,7,8.0,126.0,2.1,02:06,63.0,1.05,01:03,2.0,1.0,25.0,34.29,1.0,0.5,12.5,17.14,3.0,1.5,37.5,51.43,1.0,0.5,12.5,17.14,2.0,1.0,25.0,34.29,1.0,0.5,12.5,17.14,1.0,0.5,12.5,17.14,0.0,0.0,0.0,0.0,0.0,0.0,0.0,0.0,0.0,0.0,0.0,0.0,1.0,0.5,12.5,17.14,0.0,0.0,0.0,0.0,0.0,0.0,0.0,0.0,2.0,1.0,25.0,34.29,1.0,0.5,12.5,17.14,1.0,0.5,12.5,17.14,0.0,0.0,0.0,0.0,1.0,0.5,12.5,17.14,0.0,0.0,0.0,0.0,2.0,1.0,25.0,34.29,25.0,12.5,12.5,91.43,1.0,0.5,12.5,2.1,1.05,0.33,0.33,0.5,0.0,,0.25,1.0,0.33,,0.33,0.0,12.5,0.0,25.0,0.0
4,臺北台新戰神,5|14|10865|10869,黃聰翰/錢肯尼/謝銘駿/基德,6,44,56.0,683.92,11.4,11:24,113.99,1.9,01:54,27.0,4.5,48.21,85.27,13.0,2.17,23.21,41.06,22.0,3.67,39.29,69.48,9.0,1.5,16.07,28.42,10.0,1.67,17.86,31.58,4.0,0.67,7.14,12.63,12.0,2.0,21.43,37.9,5.0,0.83,8.93,15.79,3.0,0.5,5.36,9.47,2.0,0.33,3.57,6.32,5.0,0.83,8.93,15.79,6.0,1.0,10.71,18.95,4.0,0.67,7.14,12.63,8.0,1.33,14.29,25.27,3.0,0.5,5.36,9.47,6.0,1.0,10.71,18.95,2.0,0.33,3.57,6.32,1.0,0.17,1.79,3.16,1.0,0.17,1.79,3.16,5.0,0.83,8.93,15.79,48.21,23.21,25.0,117.91,14.0,2.33,25.0,11.4,1.9,0.52,0.58,0.4,0.42,0.67,0.11,0.67,0.38,0.6,0.48,3.57,1.79,0.02,8.93,0.14
4,臺北台新戰神,5|14|10868|10869,黃聰翰/錢肯尼/齊曼加/基德,3,23,26.0,346.89,5.78,05:47,115.63,1.93,01:56,10.0,3.33,38.46,62.27,12.0,4.0,46.15,74.72,8.0,2.67,30.77,49.81,3.0,1.0,11.54,18.68,6.0,2.0,23.08,37.36,3.0,1.0,11.54,18.68,2.0,0.67,7.69,12.45,0.0,0.0,0.0,0.0,6.0,2.0,23.08,37.36,4.0,1.33,15.38,24.91,3.0,1.0,11.54,18.68,2.0,0.67,7.69,12.45,0.0,0.0,0.0,0.0,3.0,1.0,11.54,18.68,3.0,1.0,11.54,18.68,2.0,0.67,7.69,12.45,2.0,0.67,7.69,12.45,2.0,0.67,7.69,12.45,3.0,1.0,11.54,18.68,2.0,0.67,7.69,12.45,38.46,46.15,-7.69,107.93,-2.0,-0.67,-7.69,5.78,1.93,0.38,0.47,0.5,0.0,0.67,0.22,0.67,0.5,1.0,0.62,7.69,7.69,0.12,7.69,0.75
4,福爾摩沙夢想家,77|79|106|10889,馬建豪/張宗憲/高柏鎧/恩尼斯,1,13,14.0,181.66,3.03,03:02,181.66,3.03,03:02,7.0,7.0,50.0,83.23,2.0,2.0,14.29,23.78,5.0,5.0,35.71,59.45,2.0,2.0,14.29,23.78,3.0,3.0,21.43,35.67,1.0,1.0,7.14,11.89,2.0,2.0,14.29,23.78,1.0,1.0,7.14,11.89,0.0,0.0,0.0,0.0,0.0,0.0,0.0,0.0,1.0,1.0,7.14,11.89,2.0,2.0,14.29,23.78,0.0,0.0,0.0,0.0,4.0,4.0,28.57,47.56,2.0,2.0,14.29,23.78,1.0,1.0,7.14,11.89,1.0,1.0,7.14,11.89,0.0,0.0,0.0,0.0,2.0,2.0,14.29,23.78,2.0,2.0,14.29,23.78,50.0,14.29,35.71,110.98,5.0,5.0,35.71,3.03,3.03,0.5,0.7,0.33,0.5,,0.29,0.5,0.2,1.0,0.43,7.14,0.0,0.14,14.29,0.0
4,福爾摩沙夢想家,77|89|99|107,馬建豪/蔣淯安/盧冠良/霍爾曼,7,105,122.0,1659.03,27.65,27:39,237.0,3.95,03:57,52.0,7.43,42.62,67.7,74.0,10.57,60.66,96.35,36.0,5.14,29.51,46.87,16.0,2.29,13.11,20.83,18.0,2.57,14.75,23.44,9.0,1.29,7.38,11.72,18.0,2.57,14.75,23.44,7.0,1.0,5.74,9.11,13.0,1.86,10.66,16.93,11.0,1.57,9.02,14.32,5.0,0.71,4.1,6.51,16.0,2.29,13.11,20.83,10.0,1.43,8.2,13.02,13.0,1.86,10.66,16.93,15.0,2.14,12.3,19.53,10.0,1.43,8.2,13.02,9.0,1.29,7.38,11.72,0.0,0.0,0.0,0.0,14.0,2.0,11.48,18.23,8.0,1.14,6.56,10.42,42.62,60.66,-18.03,105.89,-22.0,-3.14,-18.03,27.65,3.95,0.54,0.62,0.5,0.39,0.85,0.26,0.62,0.28,0.62,0.48,7.38,0.0,0.11,6.56,0.36
4,福爾摩沙夢想家,77|89|99|10889,馬建豪/蔣淯安/盧冠良/恩尼斯,5,120,152.0,1955.28,32.59,32:35,391.06,6.52,06:31,73.0,14.6,48.03,80.64,81.0,16.2,53.29,89.48,51.0,10.2,33.55,56.34,26.0,5.2,17.11,28.72,27.0,5.4,17.76,29.83,15.0,3.0,9.87,16.57,24.0,4.8,15.79,26.51,11.0,2.2,7.24,12.15,10.0,2.0,6.58,11.05,8.0,1.6,5.26,8.84,10.0,2.0,6.58,11.05,17.0,3.4,11.18,18.78,15.0,3.0,9.87,16.57,20.0,4.0,13.16,22.09,15.0,3.0,9.87,16.57,14.0,2.8,9.21,15.47,8.0,1.6,5.26,8.84,1.0,0.2,0.66,1.1,14.0,2.8,9.21,15.47,19.0,3.8,12.5,20.99,48.03,53.29,-5.26,111.94,-8.0,-1.6,-5.26,32.59,6.52,0.62,0.66,0.56,0.46,0.8,0.21,0.54,0.33,0.53,0.44,5.26,0.66,0.09,12.5,0.2
4,福爾摩沙夢想家,77|99|107|10889,馬建豪/盧冠良/霍爾曼/恩尼斯,4,39,45.0,621.57,10.36,10:22,155.39,2.59,02:35,15.0,3.75,33.33,52.13,28.0,7.0,62.22,97.3,12.0,3.0,26.67,41.7,5.0,1.25,11.11,17.38,6.0,1.5,13.33,20.85,4.0,1.0,8.89,13.9,6.0,1.5,13.33,20.85,1.0,0.25,2.22,3.48,2.0,0.5,4.44,6.95,2.0,0.5,4.44,6.95,2.0,0.5,4.44,6.95,4.0,1.0,8.89,13.9,5.0,1.25,11.11,17.38,6.0,1.5,13.33,20.85,7.0,1.75,15.56,24.33,3.0,0.75,6.67,10.43,4.0,1.0,8.89,13.9,0.0,0.0,0.0,0.0,3.0,0.75,6.67,10.43,2.0,0.5,4.44,6.95,33.33,62.22,-28.89,104.25,-13.0,-3.25,-28.89,10.36,2.59,0.46,0.58,0.67,0.17,1.0,0.35,0.6,0.25,0.44,0.35,8.89,0.0,0.07,4.44,0.17
4,新北中信特攻,48|10879|10880|10881,李沛澄/簡廷兆/內馬/飛克,1,11,11.0,141.39,2.36,02:21,141.39,2.36,02:21,9.0,9.0,81.82,137.49,2.0,2.0,18.18,30.55,4.0,4.0,36.36,61.11,2.0,2.0,18.18,30.55,1.0,1.0,9.09,15.28,1.0,1.0,9.09,15.28,3.0,3.0,27.27,45.83,1.0,1.0,9.09,15.28,4.0,4.0,36.36,61.11,4.0,4.0,36.36,61.11,0.0,0.0,0.0,0.0,2.0,2.0,18.18,30.55,0.0,0.0,0.0,0.0,2.0,2.0,18.18,30.55,0.0,0.0,0.0,0.0,1.0,1.0,9.09,15.28,0.0,0.0,0.0,0.0,0.0,0.0,0.0,0.0,2.0,2.0,18.18,30.55,2.0,2.0,18.18,30.55,81.82,18.18,63.64,112.03,7.0,7.0,63.64,2.36,2.36,0.62,0.78,1.0,0.33,1.0,0.0,0.5,0.0,1.0,0.5,0.0,0.0,0.18,18.18,1.0
4,新北中信特攻,40|44|47|10879,謝亞軒/黃泓瀚/曾文鼎/簡廷兆,1,3,3.0,33.0,0.55,00:33,33.0,0.55,00:33,0.0,0.0,0.0,0.0,5.0,5.0,166.67,327.27,1.0,1.0,33.33,65.45,0.0,0.0,0.0,0.0,1.0,1.0,33.33,65.45,0.0,0.0,0.0,0.0,0.0,0.0,0.0,0.0,0.0,0.0,0.0,0.0,0.0,0.0,0.0,0.0,0.0,0.0,0.0,0.0,0.0,0.0,0.0,0.0,1.0,1.0,33.33,65.45,0.0,0.0,0.0,0.0,0.0,0.0,0.0,0.0,0.0,0.0,0.0,0.0,0.0,0.0,0.0,0.0,0.0,0.0,0.0,0.0,0.0,0.0,0.0,0.0,0.0,0.0,0.0,0.0,0.0,0.0,0.0,0.0,0.0,166.67,-166.67,130.91,-5.0,-5.0,-166.67,0.55,0.55,0.0,0.0,0.0,,,0.0,,,1.0,1.0,0.0,0.0,0.0,0.0,0.0
4,新北中信特攻,40|44|47|10880,謝亞軒/黃泓瀚/曾文鼎/內馬,1,3,3.0,33.0,0.55,00:33,33.0,0.55,00:33,0.0,0.0,0.0,0.0,5.0,5.0,166.67,327.27,1.0,1.0,33.33,65.45,0.0,0.0,0.0,0.0,1.0,1.0,33.33,65.45,0.0,0.0,0.0,0.0,0.0,0.0,0.0,0.0,0.0,0.0,0.0,0.0,0.0,0.0,0.0,0.0,0.0,0.0,0.0,0.0,0.0,0.0,0.0,0.0,1.0,1.0,33.33,65.45,0.0,0.0,0.0,0.0,0.0,0.0,0.0,0.0,0.0,0.0,0.0,0.0,0.0,0.0,0.0,0.0,0.0,0.0,0.0,0.0,0.0,0.0,0.0,0.0,0.0,0.0,0.0,0.0,0.0,0.0,0.0,0.0,0.0,166.67,-166.67,130.91,-5.0,-5.0,-166.67,0.55,0.55,0.0,0.0,0.0,,,0.0,,,1.0,1.0,0.0,0.0,0.0,0.0,0.0
4,新北中信特攻,44|47|10879|10880,黃泓瀚/曾文鼎/簡廷兆/內馬,3,13,13.0,156.14,2.6,02:36,52.05,0.87,00:52,4.0,1.33,30.77,55.34,10.0,3.33,76.92,138.34,6.0,2.0,46.15,83.0,1.0,0.33,7.69,13.83,4.0,1.33,30.77,55.34,1.0,0.33,7.69,13.83,2.0,0.67,15.38,27.67,0.0,0.0,0.0,0.0,2.0,0.67,15.38,27.67,2.0,0.67,15.38,27.67,1.0,0.33,7.69,13.83,3.0,1.0,23.08,41.5,0.0,0.0,0.0,0.0,1.0,0.33,7.69,13.83,0.0,0.0,0.0,0.0,1.0,0.33,7.69,13.83,0.0,0.0,0.0,0.0,0.0,0.0,0.0,0.0,0.0,0.0,0.0,0.0,2.0,0.67,15.38,27.67,30.77,76.92,-46.15,119.89,-6.0,-2.0,-46.15,2.6,0.87,0.17,0.29,0.25,0.0,1.0,0.0,1.0,0.5,1.0,0.8,0.0,0.0,0.0,15.38,0.33
4,新北中信特攻,39|44|8889|10880,魏嘉豪/黃泓瀚/馬可/內馬,6,46,55.0,662.99,11.05,11:03,110.5,1.84,01:50,35.0,5.83,63.64,114.03,25.0,4.17,45.45,81.45,21.0,3.5,38.18,68.42,12.0,2.0,21.82,39.1,17.0,2.83,30.91,55.39,10.0,1.67,18.18,32.58,4.0,0.67,7.27,13.03,2.0,0.33,3.64,6.52,10.0,1.67,18.18,32.58,9.0,1.5,16.36,29.32,6.0,1.0,10.91,19.55,4.0,0.67,7.27,13.03,3.0,0.5,5.45,9.77,7.0,1.17,12.73,22.81,2.0,0.33,3.64,6.52,9.0,1.5,16.36,29.32,2.0,0.33,3.64,6.52,2.0,0.33,3.64,6.52,8.0,1.33,14.55,26.06,2.0,0.33,3.64,6.52,63.64,45.45,18.18,119.46,10.0,1.67,18.18,11.05,1.84,0.62,0.69,0.59,0.5,0.9,0.07,0.75,0.46,0.57,0.5,3.64,3.64,0.15,3.64,0.48
4,新北中信特攻,40|44|8889|10880,謝亞軒/黃泓瀚/馬可/內馬,7,69,83.0,1040.53,17.34,17:21,148.65,2.48,02:29,44.0,6.29,53.01,91.34,26.0,3.71,31.33,53.97,38.0,5.43,45.78,78.88,17.0,2.43,20.48,35.29,25.0,3.57,30.12,51.9,15.0,2.14,18.07,31.14,13.0,1.86,15.66,26.99,2.0,0.29,2.41,4.15,12.0,1.71,14.46,24.91,8.0,1.14,9.64,16.61,12.0,1.71,14.46,24.91,10.0,1.43,12.05,20.76,2.0,0.29,2.41,4.15,18.0,2.57,21.69,37.37,3.0,0.43,3.61,6.23,11.0,1.57,13.25,22.83,3.0,0.43,3.61,6.23,3.0,0.43,3.61,6.23,5.0,0.71,6.02,10.38,7.0,1.0,8.43,14.53,53.01,31.33,21.69,114.86,18.0,2.57,21.69,17.34,2.48,0.47,0.51,0.6,0.15,0.67,0.06,0.65,0.4,0.83,0.52,3.61,3.61,0.06,8.43,0.32
4,福爾摩沙夢想家,79|89|95|103,張宗憲/蔣淯安/李德威/忻沃克,1,17,20.0,248.03,4.13,04:08,248.03,4.13,04:08,11.0,11.0,55.0,95.79,8.0,8.0,40.0,69.67,8.0,8.0,40.0,69.67,4.0,4.0,20.0,34.83,6.0,6.0,30.0,52.25,3.0,3.0,15.0,26.13,2.0,2.0,10.0,17.42,1.0,1.0,5.0,8.71,2.0,2.0,10.0,17.42,2.0,2.0,10.0,17.42,1.0,1.0,5.0,8.71,3.0,3.0,15.0,26.13,0.0,0.0,0.0,0.0,3.0,3.0,15.0,26.13,1.0,1.0,5.0,8.71,2.0,2.0,10.0,17.42,0.0,0.0,0.0,0.0,0.0,0.0,0.0,0.0,2.0,2.0,10.0,17.42,4.0,4.0,20.0,34.83,55.0,40.0,15.0,116.11,3.0,3.0,15.0,4.13,4.13,0.56,0.62,0.5,0.5,1.0,0.1,0.5,0.25,1.0,0.57,0.0,0.0,0.1,20.0,0.25
4,福爾摩沙夢想家,79|89|95|10889,張宗憲/蔣淯安/李德威/恩尼斯,2,43,51.0,708.03,11.8,11:48,354.02,5.9,05:54,22.0,11.0,43.14,67.12,20.0,10.0,39.22,61.01,22.0,11.0,43.14,67.12,9.0,4.5,17.65,27.46,16.0,8.0,31.37,48.81,7.0,3.5,13.73,21.35,6.0,3.0,11.76,18.3,2.0,1.0,3.92,6.1,2.0,1.0,3.92,6.1,2.0,1.0,3.92,6.1,4.0,2.0,7.84,12.2,9.0,4.5,17.65,27.46,1.0,0.5,1.96,3.05,7.0,3.5,13.73,21.35,3.0,1.5,5.88,9.15,4.0,2.0,7.84,12.2,1.0,0.5,1.96,3.05,0.0,0.0,0.0,0.0,7.0,3.5,13.73,21.35,4.0,2.0,7.84,12.2,43.14,39.22,3.92,103.72,2.0,1.0,3.92,11.8,5.9,0.45,0.48,0.44,0.33,1.0,0.12,0.44,0.36,0.9,0.62,1.96,0.0,0.14,7.84,0.09
4,福爾摩沙夢想家,79|95|103|10889,張宗憲/李德威/忻沃克/恩尼斯,1,17,20.0,248.03,4.13,04:08,248.03,4.13,04:08,11.0,11.0,55.0,95.79,8.0,8.0,40.0,69.67,8.0,8.0,40.0,69.67,4.0,4.0,20.0,34.83,6.0,6.0,30.0,52.25,3.0,3.0,15.0,26.13,2.0,2.0,10.0,17.42,1.0,1.0,5.0,8.71,2.0,2.0,10.0,17.42,2.0,2.0,10.0,17.42,1.0,1.0,5.0,8.71,3.0,3.0,15.0,26.13,0.0,0.0,0.0,0.0,3.0,3.0,15.0,26.13,1.0,1.0,5.0,8.71,2.0,2.0,10.0,17.42,0.0,0.0,0.0,0.0,0.0,0.0,0.0,0.0,2.0,2.0,10.0,17.42,4.0,4.0,20.0,34.83,55.0,40.0,15.0,116.11,3.0,3.0,15.0,4.13,4.13,0.56,0.62,0.5,0.5,1.0,0.1,0.5,0.25,1.0,0.57,0.0,0.0,0.1,20.0,0.25
4,新北中信特攻,40|8889|10877|10879,謝亞軒/馬可/阿巴西/簡廷兆,17,228,290.0,3797.83,63.3,63:18,223.4,3.72,03:43,114.0,6.71,39.31,64.84,107.0,6.29,36.9,60.86,111.0,6.53,38.28,63.13,42.0,2.47,14.48,23.89,76.0,4.47,26.21,43.22,34.0,2.0,11.72,19.34,35.0,2.06,12.07,19.91,8.0,0.47,2.76,4.55,36.0,2.12,12.41,20.47,24.0,1.41,8.28,13.65,31.0,1.82,10.69,17.63,46.0,2.71,15.86,26.16,24.0,1.41,8.28,13.65,48.0,2.82,16.55,27.3,17.0,1.0,5.86,9.67,23.0,1.35,7.93,13.08,9.0,0.53,3.1,5.12,6.0,0.35,2.07,3.41,29.0,1.71,10.0,16.49,15.0,0.88,5.17,8.53,39.31,36.9,2.41,109.96,7.0,0.41,2.41,63.3,3.72,0.41,0.45,0.45,0.23,0.67,0.12,0.55,0.39,0.66,0.52,3.1,2.07,0.1,5.17,0.32
4,新北中信特攻,44|10877|10879|10880,黃泓瀚/阿巴西/簡廷兆/內馬,2,8,9.0,72.36,1.21,01:12,36.18,0.6,00:36,5.0,2.5,55.56,149.26,3.0,1.5,33.33,89.55,3.0,1.5,33.33,89.55,1.0,0.5,11.11,29.85,2.0,1.0,22.22,59.7,1.0,0.5,11.11,29.85,1.0,0.5,11.11,29.85,0.0,0.0,0.0,0.0,3.0,1.5,33.33,89.55,3.0,1.5,33.33,89.55,1.0,0.5,11.11,29.85,1.0,0.5,11.11,29.85,0.0,0.0,0.0,0.0,2.0,1.0,22.22,59.7,1.0,0.5,11.11,29.85,1.0,0.5,11.11,29.85,0.0,0.0,0.0,0.0,1.0,0.5,11.11,29.85,0.0,0.0,0.0,0.0,0.0,0.0,0.0,0.0,55.56,33.33,22.22,179.11,2.0,1.0,22.22,1.21,0.6,0.33,0.58,0.5,0.0,1.0,0.19,1.0,0.33,1.0,0.5,0.0,11.11,0.0,0.0,1.0
4,新北中信特攻,44|10877|10879|10881,黃泓瀚/阿巴西/簡廷兆/飛克,4,29,38.0,417.52,6.96,06:58,104.38,1.74,01:44,19.0,4.75,50.0,98.29,15.0,3.75,39.47,77.6,17.0,4.25,44.74,87.95,7.0,1.75,18.42,36.21,10.0,2.5,26.32,51.73,6.0,1.5,15.79,31.04,7.0,1.75,18.42,36.21,1.0,0.25,2.63,5.17,4.0,1.0,10.53,20.69,4.0,1.0,10.53,20.69,4.0,1.0,10.53,20.69,6.0,1.5,15.79,31.04,3.0,0.75,7.89,15.52,6.0,1.5,15.79,31.04,1.0,0.25,2.63,5.17,2.0,0.5,5.26,10.35,0.0,0.0,0.0,0.0,1.0,0.25,2.63,5.17,1.0,0.25,2.63,5.17,2.0,0.5,5.26,10.35,50.0,39.47,10.53,131.06,4.0,1.0,10.53,6.96,1.74,0.44,0.51,0.6,0.14,1.0,0.05,0.29,0.4,0.67,0.53,0.0,2.63,0.03,5.26,0.24
4,新北中信特攻,43|8889|10877|10879,林韋翰/馬可/阿巴西/簡廷兆,17,301,365.0,4564.73,76.08,76:05,268.51,4.48,04:29,152.0,8.94,41.64,71.93,154.0,9.06,42.19,72.87,140.0,8.24,38.36,66.25,53.0,3.12,14.52,25.08,70.0,4.12,19.18,33.12,33.0,1.94,9.04,15.62,70.0,4.12,19.18,33.12,20.0,1.18,5.48,9.46,36.0,2.12,9.86,17.03,26.0,1.53,7.12,12.3,27.0,1.59,7.4,12.78,62.0,3.65,16.99,29.34,21.0,1.24,5.75,9.94,51.0,3.0,13.97,24.13,24.0,1.41,6.58,11.36,36.0,2.12,9.86,17.03,13.0,0.76,3.56,6.15,6.0,0.35,1.64,2.84,33.0,1.94,9.04,15.62,46.0,2.71,12.6,21.77,41.64,42.19,-0.55,115.14,-2.0,-0.12,-0.55,76.08,4.48,0.45,0.49,0.47,0.29,0.72,0.13,0.68,0.35,0.75,0.55,3.56,1.64,0.09,12.6,0.26
4,新北中信特攻,43|8889|10877|10880,林韋翰/馬可/阿巴西/內馬,14,598,712.0,9854.02,164.23,164:14,703.86,11.73,11:44,342.0,24.43,48.03,74.97,286.0,20.43,40.17,62.69,287.0,20.5,40.31,62.91,129.0,9.21,18.12,28.28,167.0,11.93,23.46,36.61,90.0,6.43,12.64,19.73,120.0,8.57,16.85,26.3,39.0,2.79,5.48,8.55,59.0,4.21,8.29,12.93,44.0,3.14,6.18,9.64,54.0,3.86,7.58,11.84,103.0,7.36,14.47,22.58,37.0,2.64,5.2,8.11,111.0,7.93,15.59,24.33,51.0,3.64,7.16,11.18,77.0,5.5,10.81,16.88,25.0,1.79,3.51,5.48,6.0,0.43,0.84,1.32,75.0,5.36,10.53,16.44,60.0,4.29,8.43,13.15,48.03,40.17,7.87,104.05,56.0,4.0,7.87,164.23,11.73,0.52,0.55,0.54,0.32,0.75,0.14,0.6,0.33,0.74,0.51,3.51,0.84,0.11,8.43,0.21
4,新北中信特攻,43|8889|10879|10880,林韋翰/馬可/簡廷兆/內馬,9,140,180.0,2381.01,39.68,39:41,264.56,4.41,04:25,59.0,6.56,32.78,53.52,80.0,8.89,44.44,72.57,77.0,8.56,42.78,69.85,21.0,2.33,11.67,19.05,38.0,4.22,21.11,34.47,13.0,1.44,7.22,11.79,39.0,4.33,21.67,35.38,8.0,0.89,4.44,7.26,13.0,1.44,7.22,11.79,10.0,1.11,5.56,9.07,18.0,2.0,10.0,16.33,37.0,4.11,20.56,33.57,12.0,1.33,6.67,10.89,25.0,2.78,13.89,22.68,8.0,0.89,4.44,7.26,12.0,1.33,6.67,10.89,5.0,0.56,2.78,4.54,5.0,0.56,2.78,4.54,16.0,1.78,8.89,14.51,20.0,2.22,11.11,18.14,32.78,44.44,-11.67,108.86,-21.0,-2.33,-11.67,39.68,4.41,0.32,0.36,0.34,0.21,0.77,0.09,0.57,0.42,0.76,0.6,2.78,2.78,0.09,11.11,0.17
4,新北中信特攻,43|10877|10879|10880,林韋翰/阿巴西/簡廷兆/內馬,11,149,185.0,2539.81,42.33,42:20,230.89,3.85,03:51,77.0,7.0,41.62,65.49,97.0,8.82,52.43,82.49,79.0,7.18,42.7,67.19,28.0,2.55,15.14,23.81,40.0,3.64,21.62,34.02,18.0,1.64,9.73,15.31,39.0,3.55,21.08,33.17,10.0,0.91,5.41,8.5,17.0,1.55,9.19,14.46,12.0,1.09,6.49,10.21,16.0,1.45,8.65,13.61,35.0,3.18,18.92,29.77,9.0,0.82,4.86,7.65,21.0,1.91,11.35,17.86,9.0,0.82,4.86,7.65,18.0,1.64,9.73,15.31,6.0,0.55,3.24,5.1,1.0,0.09,0.54,0.85,13.0,1.18,7.03,11.06,18.0,1.64,9.73,15.31,41.62,52.43,-10.81,104.89,-20.0,-1.82,-10.81,42.33,3.85,0.42,0.45,0.45,0.26,0.71,0.09,0.64,0.43,0.8,0.63,3.24,0.54,0.07,9.73,0.22
4,新北中信特攻,43|10877|10879|10881,林韋翰/阿巴西/簡廷兆/飛克,13,112,135.0,1721.14,28.69,28:41,132.4,2.21,02:12,60.0,4.62,44.44,75.3,71.0,5.46,52.59,89.1,49.0,3.77,36.3,61.49,19.0,1.46,14.07,23.84,28.0,2.15,20.74,35.14,13.0,1.0,9.63,16.31,21.0,1.62,15.56,26.35,6.0,0.46,4.44,7.53,21.0,1.62,15.56,26.35,14.0,1.08,10.37,17.57,11.0,0.85,8.15,13.8,21.0,1.62,15.56,26.35,4.0,0.31,2.96,5.02,15.0,1.15,11.11,18.82,8.0,0.62,5.93,10.04,14.0,1.08,10.37,17.57,3.0,0.23,2.22,3.76,4.0,0.31,2.96,5.02,16.0,1.23,11.85,20.08,23.0,1.77,17.04,28.86,44.44,52.59,-8.15,112.95,-11.0,-0.85,-8.15,28.69,2.21,0.45,0.52,0.46,0.29,0.67,0.12,0.74,0.42,0.84,0.63,2.22,2.96,0.12,17.04,0.43
4,新北中信特攻,43|10877|10880|10881,林韋翰/阿巴西/內馬/飛克,12,381,459.0,6188.16,103.14,103:08,515.68,8.59,08:36,253.0,21.08,55.12,88.31,218.0,18.17,47.49,76.09,186.0,15.5,40.52,64.92,95.0,7.92,20.7,33.16,108.0,9.0,23.53,37.7,63.0,5.25,13.73,21.99,78.0,6.5,16.99,27.23,32.0,2.67,6.97,11.17,44.0,3.67,9.59,15.36,33.0,2.75,7.19,11.52,37.0,3.08,8.06,12.91,56.0,4.67,12.2,19.55,21.0,1.75,4.58,7.33,56.0,4.67,12.2,19.55,26.0,2.17,5.66,9.08,60.0,5.0,13.07,20.94,10.0,0.83,2.18,3.49,6.0,0.5,1.31,2.09,35.0,2.92,7.63,12.22,46.0,3.83,10.02,16.06,55.12,47.49,7.63,106.81,35.0,2.92,7.63,103.14,8.59,0.6,0.62,0.58,0.41,0.75,0.11,0.63,0.4,0.73,0.55,2.18,1.31,0.08,10.02,0.24
4,新北中信特攻,43|10879|10880|10881,林韋翰/簡廷兆/內馬/飛克,9,74,100.0,1277.48,21.29,21:17,141.94,2.37,02:22,41.0,4.56,41.0,69.32,53.0,5.89,53.0,89.61,38.0,4.22,38.0,64.25,15.0,1.67,15.0,25.36,23.0,2.56,23.0,38.89,11.0,1.22,11.0,18.6,15.0,1.67,15.0,25.36,4.0,0.44,4.0,6.76,11.0,1.22,11.0,18.6,7.0,0.78,7.0,11.84,9.0,1.0,9.0,15.22,15.0,1.67,15.0,25.36,11.0,1.22,11.0,18.6,8.0,0.89,8.0,13.53,4.0,0.44,4.0,6.76,11.0,1.22,11.0,18.6,2.0,0.22,2.0,3.38,0.0,0.0,0.0,0.0,7.0,0.78,7.0,11.84,11.0,1.22,11.0,18.6,41.0,53.0,-12.0,112.72,-12.0,-1.33,-12.0,21.29,2.37,0.45,0.48,0.48,0.27,0.64,0.09,0.73,0.53,0.58,0.56,2.0,0.0,0.07,11.0,0.29
4,新北中信特攻,40|43|10879|10880,謝亞軒/林韋翰/簡廷兆/內馬,3,14,18.0,221.66,3.69,03:42,73.89,1.23,01:14,7.0,2.33,38.89,68.21,7.0,2.33,38.89,68.21,7.0,2.33,38.89,68.21,3.0,1.0,16.67,29.23,5.0,1.67,27.78,48.72,2.0,0.67,11.11,19.49,2.0,0.67,11.11,19.49,1.0,0.33,5.56,9.74,2.0,0.67,11.11,19.49,0.0,0.0,0.0,0.0,3.0,1.0,16.67,29.23,2.0,0.67,11.11,19.49,2.0,0.67,11.11,19.49,1.0,0.33,5.56,9.74,1.0,0.33,5.56,9.74,2.0,0.67,11.11,19.49,1.0,0.33,5.56,9.74,1.0,0.33,5.56,9.74,4.0,1.33,22.22,38.98,1.0,0.33,5.56,9.74,38.89,38.89,0.0,116.94,0.0,0.0,0.0,3.69,1.23,0.5,0.44,0.4,0.5,0.0,0.11,0.67,0.75,0.5,0.62,5.56,5.56,0.22,5.56,0.29
4,新北中信特攻,40|43|10879|10881,謝亞軒/林韋翰/簡廷兆/飛克,4,17,21.0,245.49,4.09,04:05,61.37,1.02,01:01,8.0,2.0,38.1,70.39,9.0,2.25,42.86,79.19,8.0,2.0,38.1,70.39,4.0,1.0,19.05,35.19,6.0,1.5,28.57,52.79,4.0,1.0,19.05,35.19,2.0,0.5,9.52,17.6,0.0,0.0,0.0,0.0,2.0,0.5,9.52,17.6,0.0,0.0,0.0,0.0,3.0,0.75,14.29,26.4,1.0,0.25,4.76,8.8,1.0,0.25,4.76,8.8,1.0,0.25,4.76,8.8,2.0,0.5,9.52,17.6,3.0,0.75,14.29,26.4,1.0,0.25,4.76,8.8,0.0,0.0,0.0,0.0,5.0,1.25,23.81,43.99,5.0,1.25,23.81,43.99,38.1,42.86,-4.76,123.18,-1.0,-0.25,-4.76,4.09,1.02,0.5,0.45,0.67,0.0,0.0,0.18,0.75,0.75,0.5,0.67,4.76,0.0,0.24,23.81,0.25
4,新北中信特攻,40|43|10880|10881,謝亞軒/林韋翰/內馬/飛克,10,330,398.0,5385.44,89.76,89:45,538.54,8.98,08:59,204.0,20.4,51.26,81.82,169.0,16.9,42.46,67.78,161.0,16.1,40.45,64.57,81.0,8.1,20.35,32.49,96.0,9.6,24.12,38.5,57.0,5.7,14.32,22.86,65.0,6.5,16.33,26.07,24.0,2.4,6.03,9.63,31.0,3.1,7.79,12.43,20.0,2.0,5.03,8.02,35.0,3.5,8.79,14.04,49.0,4.9,12.31,19.65,24.0,2.4,6.03,9.63,56.0,5.6,14.07,22.46,28.0,2.8,7.04,11.23,51.0,5.1,12.81,20.46,12.0,1.2,3.02,4.81,10.0,1.0,2.51,4.01,31.0,3.1,7.79,12.43,36.0,3.6,9.05,14.44,51.26,42.46,8.79,106.42,35.0,3.5,8.79,89.76,8.98,0.58,0.58,0.59,0.37,0.65,0.14,0.63,0.38,0.67,0.51,3.02,2.51,0.08,9.05,0.19
4,新北中信特攻,40|43|10877|10881,謝亞軒/林韋翰/阿巴西/飛克,16,480,572.0,7714.41,128.57,128:34,482.15,8.04,08:02,273.0,17.06,47.73,76.44,229.0,14.31,40.03,64.12,211.0,13.19,36.89,59.08,102.0,6.38,17.83,28.56,115.0,7.19,20.1,32.2,69.0,4.31,12.06,19.32,96.0,6.0,16.78,26.88,33.0,2.06,5.77,9.24,58.0,3.62,10.14,16.24,38.0,2.38,6.64,10.64,40.0,2.5,6.99,11.2,75.0,4.69,13.11,21.0,30.0,1.88,5.24,8.4,87.0,5.44,15.21,24.36,47.0,2.94,8.22,13.16,67.0,4.19,11.71,18.76,17.0,1.06,2.97,4.76,5.0,0.31,0.87,1.4,53.0,3.31,9.27,14.84,44.0,2.75,7.69,12.32,47.73,40.03,7.69,106.77,44.0,2.75,7.69,128.57,8.04,0.56,0.58,0.6,0.34,0.66,0.17,0.66,0.31,0.71,0.5,2.97,0.87,0.09,7.69,0.27
4,新北中信特攻,43|113|8889|10877,林韋翰/林任鴻/馬可/阿巴西,3,39,46.0,664.9,11.08,11:05,221.63,3.69,03:42,12.0,4.0,26.09,38.98,16.0,5.33,34.78,51.98,14.0,4.67,30.43,45.48,4.0,1.33,8.7,12.99,5.0,1.67,10.87,16.24,2.0,0.67,4.35,6.5,9.0,3.0,19.57,29.24,2.0,0.67,4.35,6.5,3.0,1.0,6.52,9.75,2.0,0.67,4.35,6.5,1.0,0.33,2.17,3.25,8.0,2.67,17.39,25.99,1.0,0.33,2.17,3.25,7.0,2.33,15.22,22.74,5.0,1.67,10.87,16.24,4.0,1.33,8.7,12.99,1.0,0.33,2.17,3.25,1.0,0.33,2.17,3.25,5.0,1.67,10.87,16.24,6.0,2.0,13.04,19.49,26.09,34.78,-8.7,99.62,-4.0,-1.33,-8.7,11.08,3.69,0.36,0.39,0.4,0.22,0.67,0.25,1.0,0.12,0.89,0.53,2.17,2.17,0.11,13.04,0.21
4,新北中信特攻,43|113|8889|10880,林韋翰/林任鴻/馬可/內馬,4,52,65.0,845.03,14.08,14:05,211.26,3.52,03:31,19.0,4.75,29.23,48.57,28.0,7.0,43.08,71.57,18.0,4.5,27.69,46.01,5.0,1.25,7.69,12.78,6.0,1.5,9.23,15.34,2.0,0.5,3.08,5.11,12.0,3.0,18.46,30.67,3.0,0.75,4.62,7.67,11.0,2.75,16.92,28.12,6.0,1.5,9.23,15.34,3.0,0.75,4.62,7.67,12.0,3.0,18.46,30.67,6.0,1.5,9.23,15.34,8.0,2.0,12.31,20.45,6.0,1.5,9.23,15.34,5.0,1.25,7.69,12.78,2.0,0.5,3.08,5.11,3.0,0.75,4.62,7.67,9.0,2.25,13.85,23.01,9.0,2.25,13.85,23.01,29.23,43.08,-13.85,110.77,-9.0,-2.25,-13.85,14.08,3.52,0.36,0.42,0.33,0.25,0.55,0.21,1.0,0.27,0.67,0.52,3.08,4.62,0.14,13.85,0.61
4,新北中信特攻,113|8889|10877|10880,林任鴻/馬可/阿巴西/內馬,4,33,41.0,625.0,10.42,10:25,156.25,2.6,02:36,9.0,2.25,21.95,31.1,12.0,3.0,29.27,41.47,12.0,3.0,29.27,41.47,3.0,0.75,7.32,10.37,3.0,0.75,7.32,10.37,1.0,0.25,2.44,3.46,9.0,2.25,21.95,31.1,2.0,0.5,4.88,6.91,4.0,1.0,9.76,13.82,1.0,0.25,2.44,3.46,1.0,0.25,2.44,3.46,8.0,2.0,19.51,27.65,5.0,1.25,12.2,17.28,6.0,1.5,14.63,20.74,6.0,1.5,14.63,20.74,1.0,0.25,2.44,3.46,3.0,0.75,7.32,10.37,1.0,0.25,2.44,3.46,4.0,1.0,9.76,13.82,2.0,0.5,4.88,6.91,21.95,29.27,-7.32,94.46,-3.0,-0.75,-7.32,10.42,2.6,0.33,0.33,0.33,0.22,0.25,0.3,0.33,0.14,0.62,0.45,7.32,2.44,0.1,4.88,0.33
4,新北中信特攻,43|113|8889|10881,林韋翰/林任鴻/馬可/飛克,2,17,21.0,251.44,4.19,04:11,125.72,2.1,02:06,8.0,4.0,38.1,68.72,8.0,4.0,38.1,68.72,6.0,3.0,28.57,51.54,3.0,1.5,14.29,25.77,3.0,1.5,14.29,25.77,2.0,1.0,9.52,17.18,3.0,1.5,14.29,25.77,1.0,0.5,4.76,8.59,1.0,0.5,4.76,8.59,1.0,0.5,4.76,8.59,1.0,0.5,4.76,8.59,2.0,1.0,9.52,17.18,0.0,0.0,0.0,0.0,4.0,2.0,19.05,34.36,2.0,1.0,9.52,17.18,3.0,1.5,14.29,25.77,0.0,0.0,0.0,0.0,0.0,0.0,0.0,0.0,1.0,0.5,4.76,8.59,4.0,2.0,19.05,34.36,38.1,38.1,0.0,120.27,0.0,0.0,0.0,4.19,2.1,0.58,0.62,0.67,0.33,1.0,0.24,1.0,0.2,1.0,0.43,0.0,0.0,0.05,19.05,0.17
4,新北中信特攻,43|113|10877|10881,林韋翰/林任鴻/阿巴西/飛克,4,48,61.0,692.94,11.55,11:33,173.23,2.89,02:53,24.0,6.0,39.34,74.81,25.0,6.25,40.98,77.93,22.0,5.5,36.07,68.58,9.0,2.25,14.75,28.05,13.0,3.25,21.31,40.52,6.0,1.5,9.84,18.7,9.0,2.25,14.75,28.05,3.0,0.75,4.92,9.35,6.0,1.5,9.84,18.7,3.0,0.75,4.92,9.35,6.0,1.5,9.84,18.7,8.0,2.0,13.11,24.94,1.0,0.25,1.64,3.12,9.0,2.25,14.75,28.05,5.0,1.25,8.2,15.59,8.0,2.0,13.11,24.94,1.0,0.25,1.64,3.12,0.0,0.0,0.0,0.0,4.0,1.0,6.56,12.47,7.0,1.75,11.48,21.82,39.34,40.98,-1.64,126.76,-1.0,-0.25,-1.64,11.55,2.89,0.48,0.49,0.46,0.33,0.5,0.17,0.89,0.4,0.89,0.58,1.64,0.0,0.07,11.48,0.27
4,新北中信特攻,43|8889|10877|10881,林韋翰/馬可/阿巴西/飛克,15,522,620.0,8376.8,139.61,139:37,558.45,9.31,09:18,259.0,17.27,41.77,66.78,254.0,16.93,40.97,65.5,215.0,14.33,34.68,55.44,95.0,6.33,15.32,24.5,120.0,8.0,19.35,30.94,70.0,4.67,11.29,18.05,95.0,6.33,15.32,24.5,25.0,1.67,4.03,6.45,68.0,4.53,10.97,17.53,44.0,2.93,7.1,11.35,38.0,2.53,6.13,9.8,92.0,6.13,14.84,23.72,35.0,2.33,5.65,9.02,106.0,7.07,17.1,27.33,54.0,3.6,8.71,13.92,66.0,4.4,10.65,17.02,24.0,1.6,3.87,6.19,6.0,0.4,0.97,1.55,69.0,4.6,11.13,17.79,55.0,3.67,8.87,14.18,41.77,40.97,0.81,106.58,5.0,0.33,0.81,139.61,9.31,0.5,0.53,0.58,0.26,0.65,0.18,0.69,0.26,0.72,0.48,3.87,0.97,0.11,8.87,0.32
4,新北中信特攻,113|8889|10877|10881,林任鴻/馬可/阿巴西/飛克,5,26,32.0,418.27,6.97,06:58,83.65,1.39,01:24,10.0,2.0,31.25,51.64,12.0,2.4,37.5,61.97,7.0,1.4,21.88,36.15,3.0,0.6,9.38,15.49,3.0,0.6,9.38,15.49,2.0,0.4,6.25,10.33,4.0,0.8,12.5,20.66,1.0,0.2,3.12,5.16,5.0,1.0,15.62,25.82,3.0,0.6,9.38,15.49,2.0,0.4,6.25,10.33,3.0,0.6,9.38,15.49,1.0,0.2,3.12,5.16,6.0,1.2,18.75,30.98,5.0,1.0,15.62,25.82,4.0,0.8,12.5,20.66,2.0,0.4,6.25,10.33,0.0,0.0,0.0,0.0,3.0,0.6,9.38,15.49,4.0,0.8,12.5,20.66,31.25,37.5,-6.25,110.17,-2.0,-0.4,-6.25,6.97,1.39,0.5,0.54,0.67,0.25,0.6,0.35,1.33,0.25,0.75,0.42,6.25,0.0,0.09,12.5,0.71
4,福爾摩沙夢想家,77|103|106|107,馬建豪/忻沃克/高柏鎧/霍爾曼,3,56,72.0,866.89,14.45,14:27,288.96,4.82,04:49,43.0,14.33,59.72,107.14,32.0,10.67,44.44,79.73,30.0,10.0,41.67,74.75,15.0,5.0,20.83,37.37,13.0,4.33,18.06,32.39,8.0,2.67,11.11,19.93,17.0,5.67,23.61,42.36,7.0,2.33,9.72,17.44,10.0,3.33,13.89,24.92,6.0,2.0,8.33,14.95,9.0,3.0,12.5,22.42,9.0,3.0,12.5,22.42,0.0,0.0,0.0,0.0,10.0,3.33,13.89,24.92,6.0,2.0,8.33,14.95,6.0,2.0,8.33,14.95,3.0,1.0,4.17,7.47,0.0,0.0,0.0,0.0,4.0,1.33,5.56,9.97,8.0,2.67,11.11,19.93,59.72,44.44,15.28,119.6,11.0,3.67,15.28,14.45,4.82,0.62,0.62,0.62,0.41,0.6,0.15,0.4,0.47,1.0,0.64,4.17,0.0,0.06,11.11,0.33
4,福爾摩沙夢想家,77|89|103|107,馬建豪/蔣淯安/忻沃克/霍爾曼,7,90,113.0,1455.65,24.26,24:16,207.95,3.47,03:28,68.0,9.71,60.18,100.9,47.0,6.71,41.59,69.74,49.0,7.0,43.36,72.71,24.0,3.43,21.24,35.61,20.0,2.86,17.7,29.68,14.0,2.0,12.39,20.77,29.0,4.14,25.66,43.03,10.0,1.43,8.85,14.84,14.0,2.0,12.39,20.77,10.0,1.43,8.85,14.84,10.0,1.43,8.85,14.84,17.0,2.43,15.04,25.23,3.0,0.43,2.65,4.45,19.0,2.71,16.81,28.19,7.0,1.0,6.19,10.39,10.0,1.43,8.85,14.84,3.0,0.43,2.65,4.45,2.0,0.29,1.77,2.97,7.0,1.0,6.19,10.39,10.0,1.43,8.85,14.84,60.18,41.59,18.58,111.79,21.0,3.0,18.58,24.26,3.47,0.59,0.62,0.7,0.34,0.71,0.11,0.42,0.34,0.85,0.55,2.65,1.77,0.06,8.85,0.29
4,新北中信特攻,44|47|8889|10877,黃泓瀚/曾文鼎/馬可/阿巴西,4,5,6.0,37.13,0.62,00:37,9.28,0.15,00:09,2.0,0.5,33.33,116.35,4.0,1.0,66.67,232.71,0.0,0.0,0.0,0.0,0.0,0.0,0.0,0.0,0.0,0.0,0.0,0.0,0.0,0.0,0.0,0.0,0.0,0.0,0.0,0.0,0.0,0.0,0.0,0.0,2.0,0.5,33.33,116.35,2.0,0.5,33.33,116.35,0.0,0.0,0.0,0.0,0.0,0.0,0.0,0.0,0.0,0.0,0.0,0.0,2.0,0.5,33.33,116.35,0.0,0.0,0.0,0.0,0.0,0.0,0.0,0.0,0.0,0.0,0.0,0.0,0.0,0.0,0.0,0.0,0.0,0.0,0.0,0.0,2.0,0.5,33.33,116.35,33.33,66.67,-33.33,232.71,-2.0,-0.5,-33.33,0.62,0.15,,1.14,,,1.0,0.0,,0.0,,0.0,0.0,0.0,0.0,33.33,
4,新北中信特攻,44|47|8889|10881,黃泓瀚/曾文鼎/馬可/飛克,3,4,5.0,36.13,0.6,00:36,12.04,0.2,00:12,2.0,0.67,40.0,119.57,1.0,0.33,20.0,59.79,0.0,0.0,0.0,0.0,0.0,0.0,0.0,0.0,0.0,0.0,0.0,0.0,0.0,0.0,0.0,0.0,0.0,0.0,0.0,0.0,0.0,0.0,0.0,0.0,2.0,0.67,40.0,119.57,2.0,0.67,40.0,119.57,0.0,0.0,0.0,0.0,0.0,0.0,0.0,0.0,0.0,0.0,0.0,0.0,2.0,0.67,40.0,119.57,0.0,0.0,0.0,0.0,0.0,0.0,0.0,0.0,0.0,0.0,0.0,0.0,0.0,0.0,0.0,0.0,0.0,0.0,0.0,0.0,2.0,0.67,40.0,119.57,40.0,20.0,20.0,199.29,1.0,0.33,20.0,0.6,0.2,,1.14,,,1.0,0.0,,0.0,,0.0,0.0,0.0,0.0,40.0,
4,新北中信特攻,44|47|10877|10881,黃泓瀚/曾文鼎/阿巴西/飛克,3,4,5.0,36.13,0.6,00:36,12.04,0.2,00:12,2.0,0.67,40.0,119.57,1.0,0.33,20.0,59.79,0.0,0.0,0.0,0.0,0.0,0.0,0.0,0.0,0.0,0.0,0.0,0.0,0.0,0.0,0.0,0.0,0.0,0.0,0.0,0.0,0.0,0.0,0.0,0.0,2.0,0.67,40.0,119.57,2.0,0.67,40.0,119.57,0.0,0.0,0.0,0.0,0.0,0.0,0.0,0.0,0.0,0.0,0.0,0.0,2.0,0.67,40.0,119.57,0.0,0.0,0.0,0.0,0.0,0.0,0.0,0.0,0.0,0.0,0.0,0.0,0.0,0.0,0.0,0.0,0.0,0.0,0.0,0.0,2.0,0.67,40.0,119.57,40.0,20.0,20.0,199.29,1.0,0.33,20.0,0.6,0.2,,1.14,,,1.0,0.0,,0.0,,0.0,0.0,0.0,0.0,40.0,
4,新北中信特攻,44|8889|10877|10881,黃泓瀚/馬可/阿巴西/飛克,12,310,368.0,5150.86,85.85,85:51,429.24,7.15,07:09,159.0,13.25,43.21,66.68,148.0,12.33,40.22,62.06,142.0,11.83,38.59,59.55,63.0,5.25,17.12,26.42,85.0,7.08,23.1,35.64,46.0,3.83,12.5,19.29,57.0,4.75,15.49,23.9,17.0,1.42,4.62,7.13,26.0,2.17,7.07,10.9,18.0,1.5,4.89,7.55,24.0,2.0,6.52,10.06,57.0,4.75,15.49,23.9,25.0,2.08,6.79,10.48,71.0,5.92,19.29,29.77,25.0,2.08,6.79,10.48,36.0,3.0,9.78,15.1,12.0,1.0,3.26,5.03,4.0,0.33,1.09,1.68,32.0,2.67,8.7,13.42,30.0,2.5,8.15,12.58,43.21,40.22,2.99,102.88,11.0,0.92,2.99,85.85,7.15,0.5,0.52,0.54,0.3,0.69,0.14,0.57,0.25,0.7,0.46,3.26,1.09,0.09,8.15,0.18
4,新北中信特攻,47|8889|10877|10881,曾文鼎/馬可/阿巴西/飛克,4,8,10.0,90.13,1.5,01:30,22.53,0.38,00:23,2.0,0.5,20.0,47.93,4.0,1.0,40.0,95.86,2.0,0.5,20.0,47.93,0.0,0.0,0.0,0.0,1.0,0.25,10.0,23.97,0.0,0.0,0.0,0.0,1.0,0.25,10.0,23.97,0.0,0.0,0.0,0.0,2.0,0.5,20.0,47.93,2.0,0.5,20.0,47.93,0.0,0.0,0.0,0.0,1.0,0.25,10.0,23.97,1.0,0.25,10.0,23.97,3.0,0.75,30.0,71.9,0.0,0.0,0.0,0.0,0.0,0.0,0.0,0.0,0.0,0.0,0.0,0.0,0.0,0.0,0.0,0.0,0.0,0.0,0.0,0.0,2.0,0.5,20.0,47.93,20.0,40.0,-20.0,159.77,-2.0,-0.5,-20.0,1.5,0.38,0.0,0.35,0.0,0.0,1.0,0.0,,0.0,0.5,0.2,0.0,0.0,0.0,20.0,1.0
4,桃園台啤永豐雲豹,16|54|62|10860,米勒/高錦瑋/王皓吉/麥卡洛,5,62,79.0,999.59,16.66,16:40,199.92,3.33,03:20,37.0,7.4,46.84,79.95,34.0,6.8,43.04,73.47,30.0,6.0,37.97,64.83,11.0,2.2,13.92,23.77,17.0,3.4,21.52,36.74,8.0,1.6,10.13,17.29,13.0,2.6,16.46,28.09,3.0,0.6,3.8,6.48,12.0,2.4,15.19,25.93,9.0,1.8,11.39,19.45,9.0,1.8,11.39,19.45,12.0,2.4,15.19,25.93,6.0,1.2,7.59,12.97,7.0,1.4,8.86,15.13,2.0,0.4,2.53,4.32,4.0,0.8,5.06,8.64,1.0,0.2,1.27,2.16,1.0,0.2,1.27,2.16,9.0,1.8,11.39,19.45,12.0,2.4,15.19,25.93,46.84,43.04,3.8,113.81,3.0,0.6,3.8,16.66,3.33,0.42,0.52,0.47,0.23,0.75,0.05,0.36,0.56,0.67,0.62,1.27,1.27,0.11,15.19,0.4
4,桃園台啤永豐雲豹,16|58|62|10860,米勒/林信寬/王皓吉/麥卡洛,5,74,91.0,1142.58,19.04,19:03,228.52,3.81,03:49,36.0,7.2,39.56,68.06,43.0,8.6,47.25,81.29,34.0,6.8,37.36,64.28,11.0,2.2,12.09,20.8,22.0,4.4,24.18,41.59,9.0,1.8,9.89,17.01,12.0,2.4,13.19,22.69,2.0,0.4,2.2,3.78,13.0,2.6,14.29,24.58,7.0,1.4,7.69,13.23,8.0,1.6,8.79,15.12,18.0,3.6,19.78,34.03,8.0,1.6,8.79,15.12,11.0,2.2,12.09,20.8,2.0,0.4,2.2,3.78,7.0,1.4,7.69,13.23,1.0,0.2,1.1,1.89,2.0,0.4,2.2,3.78,12.0,2.4,13.19,22.69,13.0,2.6,14.29,24.58,39.56,47.25,-7.69,114.69,-7.0,-1.4,-7.69,19.04,3.81,0.35,0.45,0.41,0.17,0.54,0.05,0.64,0.42,0.69,0.58,1.1,2.2,0.13,14.29,0.38
4,桃園台啤永豐雲豹,16|54|58|10861,米勒/高錦瑋/林信寬/迪亞洛,11,163,193.0,2604.4,43.41,43:24,236.76,3.95,03:57,72.0,6.55,37.31,59.71,68.0,6.18,35.23,56.4,70.0,6.36,36.27,58.06,28.0,2.55,14.51,23.22,50.0,4.55,25.91,41.47,24.0,2.18,12.44,19.9,20.0,1.82,10.36,16.59,4.0,0.36,2.07,3.32,20.0,1.82,10.36,16.59,15.0,1.36,7.77,12.44,8.0,0.73,4.15,6.63,31.0,2.82,16.06,25.71,9.0,0.82,4.66,7.46,44.0,4.0,22.8,36.49,14.0,1.27,7.25,11.61,22.0,2.0,11.4,18.25,6.0,0.55,3.11,4.98,4.0,0.36,2.07,3.32,20.0,1.82,10.36,16.59,18.0,1.64,9.33,14.93,37.31,35.23,2.07,106.71,4.0,0.36,2.07,43.41,3.95,0.43,0.46,0.48,0.2,0.75,0.15,0.79,0.15,0.78,0.42,3.11,2.07,0.1,9.33,0.29
4,桃園台啤永豐雲豹,16|54|62|10861,米勒/高錦瑋/王皓吉/迪亞洛,5,55,66.0,1021.31,17.02,17:01,204.26,3.4,03:24,32.0,6.4,48.48,67.68,30.0,6.0,45.45,63.45,23.0,4.6,34.85,48.64,13.0,2.6,19.7,27.49,16.0,3.2,24.24,33.84,8.0,1.6,12.12,16.92,7.0,1.4,10.61,14.8,5.0,1.0,7.58,10.57,5.0,1.0,7.58,10.57,4.0,0.8,6.06,8.46,5.0,1.0,7.58,10.57,6.0,1.2,9.09,12.69,5.0,1.0,7.58,10.57,8.0,1.6,12.12,16.92,7.0,1.4,10.61,14.8,9.0,1.8,13.64,19.03,5.0,1.0,7.58,10.57,0.0,0.0,0.0,0.0,7.0,1.4,10.61,14.8,10.0,2.0,15.15,21.15,48.48,45.45,3.03,93.06,2.0,0.4,3.03,17.02,3.4,0.67,0.63,0.5,0.71,0.8,0.22,0.69,0.38,0.55,0.46,7.58,0.0,0.11,15.15,0.22
4,桃園台啤永豐雲豹,16|58|62|10861,米勒/林信寬/王皓吉/迪亞洛,6,114,131.0,1742.17,29.04,29:02,290.36,4.84,04:50,54.0,9.0,41.22,66.95,55.0,9.17,41.98,68.19,49.0,8.17,37.4,60.75,23.0,3.83,17.56,28.52,35.0,5.83,26.72,43.39,18.0,3.0,13.74,22.32,14.0,2.33,10.69,17.36,5.0,0.83,3.82,6.2,10.0,1.67,7.63,12.4,6.0,1.0,4.58,7.44,5.0,0.83,3.82,6.2,23.0,3.83,17.56,28.52,7.0,1.17,5.34,8.68,25.0,4.17,19.08,31.0,11.0,1.83,8.4,13.64,15.0,2.5,11.45,18.6,6.0,1.0,4.58,7.44,3.0,0.5,2.29,3.72,13.0,2.17,9.92,16.12,11.0,1.83,8.4,13.64,41.22,41.98,-0.76,108.28,-1.0,-0.17,-0.76,29.04,4.84,0.52,0.51,0.51,0.36,0.6,0.17,0.65,0.17,0.77,0.47,4.58,2.29,0.1,8.4,0.2
4,桃園台啤永豐雲豹,54|58|62|10861,高錦瑋/林信寬/王皓吉/迪亞洛,8,69,89.0,1065.51,17.76,17:46,133.19,2.22,02:13,31.0,3.88,34.83,62.84,30.0,3.75,33.71,60.82,33.0,4.12,37.08,66.9,12.0,1.5,13.48,24.33,21.0,2.62,23.6,42.57,10.0,1.25,11.24,20.27,12.0,1.5,13.48,24.33,2.0,0.25,2.25,4.05,12.0,1.5,13.48,24.33,8.0,1.0,8.99,16.22,11.0,1.38,12.36,22.3,12.0,1.5,13.48,24.33,9.0,1.12,10.11,18.24,10.0,1.25,11.24,20.27,7.0,0.88,7.87,14.19,7.0,0.88,7.87,14.19,3.0,0.38,3.37,6.08,0.0,0.0,0.0,0.0,8.0,1.0,8.99,16.22,12.0,1.5,13.48,24.33,34.83,33.71,1.12,120.28,1.0,0.12,1.12,17.76,2.22,0.39,0.4,0.48,0.17,0.67,0.15,0.58,0.52,0.57,0.55,3.37,0.0,0.09,13.48,0.36
4,高雄全家海神,45|110|123|12668,施晉堯/胡瓏貿/勤明慶/歐提斯,1,4,4.0,62.84,1.05,01:03,62.84,1.05,01:03,0.0,0.0,0.0,0.0,5.0,5.0,125.0,171.87,0.0,0.0,0.0,0.0,0.0,0.0,0.0,0.0,0.0,0.0,0.0,0.0,0.0,0.0,0.0,0.0,0.0,0.0,0.0,0.0,0.0,0.0,0.0,0.0,0.0,0.0,0.0,0.0,0.0,0.0,0.0,0.0,0.0,0.0,0.0,0.0,0.0,0.0,0.0,0.0,0.0,0.0,0.0,0.0,0.0,0.0,0.0,0.0,2.0,2.0,50.0,68.75,0.0,0.0,0.0,0.0,1.0,1.0,25.0,34.37,0.0,0.0,0.0,0.0,0.0,0.0,0.0,0.0,0.0,0.0,0.0,0.0,0.0,125.0,-125.0,91.66,-5.0,-5.0,-125.0,1.05,1.05,,,,,,1.0,,,,,25.0,0.0,0.0,0.0,
4,高雄全家海神,109|110|123|12668,于煥亞/胡瓏貿/勤明慶/歐提斯,2,24,30.0,346.28,5.77,05:46,173.14,2.89,02:53,3.0,1.5,10.0,18.71,15.0,7.5,50.0,93.56,8.0,4.0,26.67,49.9,1.0,0.5,3.33,6.24,5.0,2.5,16.67,31.19,0.0,0.0,0.0,0.0,3.0,1.5,10.0,18.71,1.0,0.5,3.33,6.24,0.0,0.0,0.0,0.0,0.0,0.0,0.0,0.0,0.0,0.0,0.0,0.0,6.0,3.0,20.0,37.43,3.0,1.5,10.0,18.71,3.0,1.5,10.0,18.71,4.0,2.0,13.33,24.95,1.0,0.5,3.33,6.24,1.0,0.5,3.33,6.24,1.0,0.5,3.33,6.24,1.0,0.5,3.33,6.24,7.0,3.5,23.33,43.66,10.0,50.0,-40.0,124.75,-12.0,-6.0,-40.0,5.77,2.89,0.19,0.19,0.0,0.33,,0.33,1.0,0.0,0.67,0.5,3.33,3.33,0.03,23.33,0.0
4,桃園台啤永豐雲豹,16|54|62|3129,米勒/高錦瑋/王皓吉/董永全,4,29,38.0,540.12,9.0,09:00,135.03,2.25,02:15,17.0,4.25,44.74,67.98,16.0,4.0,42.11,63.99,17.0,4.25,44.74,67.98,6.0,1.5,15.79,23.99,12.0,3.0,31.58,47.99,5.0,1.25,13.16,20.0,5.0,1.25,13.16,20.0,1.0,0.25,2.63,4.0,5.0,1.25,13.16,20.0,4.0,1.0,10.53,16.0,6.0,1.5,15.79,23.99,5.0,1.25,13.16,20.0,1.0,0.25,2.63,4.0,3.0,0.75,7.89,12.0,2.0,0.5,5.26,8.0,2.0,0.5,5.26,8.0,1.0,0.25,2.63,4.0,0.0,0.0,0.0,0.0,4.0,1.0,10.53,16.0,4.0,1.0,10.53,16.0,44.74,42.11,2.63,101.31,1.0,0.25,2.63,9.0,2.25,0.38,0.44,0.42,0.2,0.8,0.09,0.33,0.67,0.83,0.73,2.63,0.0,0.11,10.53,0.29
4,桃園台啤永豐雲豹,16|54|3129|10861,米勒/高錦瑋/董永全/迪亞洛,6,63,82.0,1279.46,21.32,21:19,213.24,3.55,03:33,33.0,5.5,40.24,55.71,25.0,4.17,30.49,42.21,27.0,4.5,32.93,45.58,10.0,1.67,12.2,16.88,19.0,3.17,23.17,32.08,6.0,1.0,7.32,10.13,8.0,1.33,9.76,13.51,4.0,0.67,4.88,6.75,14.0,2.33,17.07,23.63,9.0,1.5,10.98,15.19,9.0,1.5,10.98,15.19,9.0,1.5,10.98,15.19,5.0,0.83,6.1,8.44,12.0,2.0,14.63,20.26,8.0,1.33,9.76,13.51,7.0,1.17,8.54,11.82,5.0,0.83,6.1,8.44,0.0,0.0,0.0,0.0,9.0,1.5,10.98,15.19,4.0,0.67,4.88,6.75,40.24,30.49,9.76,92.29,8.0,1.33,9.76,21.32,3.55,0.44,0.5,0.32,0.5,0.64,0.19,0.7,0.43,0.64,0.51,6.1,0.0,0.11,4.88,0.52
4,桃園台啤永豐雲豹,16|62|3129|10861,米勒/王皓吉/董永全/迪亞洛,2,23,29.0,481.28,8.02,08:01,240.64,4.01,04:01,14.0,7.0,48.28,62.83,9.0,4.5,31.03,40.39,12.0,6.0,41.38,53.86,5.0,2.5,17.24,22.44,10.0,5.0,34.48,44.88,4.0,2.0,13.79,17.95,2.0,1.0,6.9,8.98,1.0,0.5,3.45,4.49,4.0,2.0,13.79,17.95,3.0,1.5,10.34,13.46,5.0,2.5,17.24,22.44,3.0,1.5,10.34,13.46,1.0,0.5,3.45,4.49,4.0,2.0,13.79,17.95,3.0,1.5,10.34,13.46,2.0,1.0,6.9,8.98,1.0,0.5,3.45,4.49,0.0,0.0,0.0,0.0,2.0,1.0,6.9,8.98,4.0,2.0,13.79,17.95,48.28,31.03,17.24,86.77,5.0,2.5,17.24,8.02,4.01,0.46,0.51,0.4,0.5,0.75,0.18,0.4,0.56,0.75,0.62,3.45,0.0,0.07,13.79,0.33
4,桃園台啤永豐雲豹,54|62|3129|10861,高錦瑋/王皓吉/董永全/迪亞洛,4,31,40.0,597.59,9.96,09:58,149.4,2.49,02:29,20.0,5.0,50.0,72.29,23.0,5.75,57.5,83.13,16.0,4.0,40.0,57.83,6.0,1.5,15.0,21.69,11.0,2.75,27.5,39.76,3.0,0.75,7.5,10.84,5.0,1.25,12.5,18.07,3.0,0.75,7.5,10.84,6.0,1.5,15.0,21.69,5.0,1.25,12.5,18.07,6.0,1.5,15.0,21.69,5.0,1.25,12.5,18.07,3.0,0.75,7.5,10.84,3.0,0.75,7.5,10.84,2.0,0.5,5.0,7.23,3.0,0.75,7.5,10.84,1.0,0.25,2.5,3.61,0.0,0.0,0.0,0.0,4.0,1.0,10.0,14.46,8.0,2.0,20.0,28.92,50.0,57.5,-7.5,96.39,-3.0,-0.75,-7.5,9.96,2.49,0.47,0.54,0.27,0.6,0.83,0.1,0.5,0.67,0.62,0.65,2.5,0.0,0.1,20.0,0.38
4,高雄全家海神,110|122|123|12668,胡瓏貿/陳懷安/勤明慶/歐提斯,2,20,26.0,283.44,4.72,04:43,141.72,2.36,02:22,3.0,1.5,11.54,22.86,10.0,5.0,38.46,76.21,8.0,4.0,30.77,60.96,1.0,0.5,3.85,7.62,5.0,2.5,19.23,38.1,0.0,0.0,0.0,0.0,3.0,1.5,11.54,22.86,1.0,0.5,3.85,7.62,0.0,0.0,0.0,0.0,0.0,0.0,0.0,0.0,0.0,0.0,0.0,0.0,6.0,3.0,23.08,45.72,3.0,1.5,11.54,22.86,3.0,1.5,11.54,22.86,2.0,1.0,7.69,15.24,1.0,0.5,3.85,7.62,0.0,0.0,0.0,0.0,1.0,0.5,3.85,7.62,1.0,0.5,3.85,7.62,7.0,3.5,26.92,53.34,11.54,38.46,-26.92,132.09,-7.0,-3.5,-26.92,4.72,2.36,0.19,0.19,0.0,0.33,,0.2,1.0,0.0,0.67,0.5,0.0,3.85,0.04,26.92,0.0
4,桃園台啤永豐雲豹,12|16|62|3129,曹薰襄/米勒/王皓吉/董永全,3,26,28.0,364.87,6.08,06:05,121.62,2.03,02:02,8.0,2.67,28.57,47.36,7.0,2.33,25.0,41.44,10.0,3.33,35.71,59.2,3.0,1.0,10.71,17.76,5.0,1.67,17.86,29.6,3.0,1.0,10.71,17.76,5.0,1.67,17.86,29.6,0.0,0.0,0.0,0.0,2.0,0.67,7.14,11.84,2.0,0.67,7.14,11.84,1.0,0.33,3.57,5.92,6.0,2.0,21.43,35.52,1.0,0.33,3.57,5.92,6.0,2.0,21.43,35.52,3.0,1.0,10.71,17.76,2.0,0.67,7.14,11.84,2.0,0.67,7.14,11.84,0.0,0.0,0.0,0.0,2.0,0.67,7.14,11.84,5.0,1.67,17.86,29.6,28.57,25.0,3.57,110.51,1.0,0.33,3.57,6.08,2.03,0.3,0.37,0.6,0.0,1.0,0.22,0.67,0.14,0.86,0.5,7.14,0.0,0.07,17.86,0.2
4,桃園台啤永豐雲豹,12|16|62|10861,曹薰襄/米勒/王皓吉/迪亞洛,9,155,178.0,2441.78,40.7,40:42,271.31,4.52,04:31,82.0,9.11,46.07,72.54,72.0,8.0,40.45,63.69,64.0,7.11,35.96,56.61,33.0,3.67,18.54,29.19,46.0,5.11,25.84,40.69,26.0,2.89,14.61,23.0,18.0,2.0,10.11,15.92,7.0,0.78,3.93,6.19,14.0,1.56,7.87,12.38,9.0,1.0,5.06,7.96,7.0,0.78,3.93,6.19,26.0,2.89,14.61,23.0,10.0,1.11,5.62,8.85,34.0,3.78,19.1,30.08,18.0,2.0,10.11,15.92,20.0,2.22,11.24,17.69,10.0,1.11,5.62,8.85,4.0,0.44,2.25,3.54,18.0,2.0,10.11,15.92,14.0,1.56,7.87,12.38,46.07,40.45,5.62,104.97,10.0,1.11,5.62,40.7,4.52,0.57,0.58,0.57,0.39,0.64,0.2,0.61,0.17,0.72,0.43,5.62,2.25,0.1,7.87,0.22
4,桃園台啤永豐雲豹,12|16|3129|10861,曹薰襄/米勒/董永全/迪亞洛,11,103,126.0,1752.39,29.21,29:12,159.31,2.66,02:39,37.0,3.36,29.37,45.61,36.0,3.27,28.57,44.37,40.0,3.64,31.75,49.3,13.0,1.18,10.32,16.02,27.0,2.45,21.43,33.28,11.0,1.0,8.73,13.56,13.0,1.18,10.32,16.02,2.0,0.18,1.59,2.47,17.0,1.55,13.49,20.95,9.0,0.82,7.14,11.09,11.0,1.0,8.73,13.56,19.0,1.73,15.08,23.42,10.0,0.91,7.94,12.33,33.0,3.0,26.19,40.68,14.0,1.27,11.11,17.26,5.0,0.45,3.97,6.16,8.0,0.73,6.35,9.86,2.0,0.18,1.59,2.47,11.0,1.0,8.73,13.56,15.0,1.36,11.9,18.49,29.37,28.57,0.79,103.54,1.0,0.09,0.79,29.21,2.66,0.35,0.39,0.41,0.15,0.53,0.23,0.38,0.25,0.66,0.41,6.35,1.59,0.09,11.9,0.42
4,桃園台啤永豐雲豹,12|62|3129|10861,曹薰襄/王皓吉/董永全/迪亞洛,4,28,30.0,457.51,7.63,07:38,114.38,1.91,01:54,17.0,4.25,56.67,80.26,11.0,2.75,36.67,51.93,12.0,3.0,40.0,56.65,7.0,1.75,23.33,33.05,8.0,2.0,26.67,37.77,6.0,1.5,20.0,28.33,4.0,1.0,13.33,18.88,1.0,0.25,3.33,4.72,3.0,0.75,10.0,14.16,2.0,0.5,6.67,9.44,1.0,0.25,3.33,4.72,4.0,1.0,13.33,18.88,0.0,0.0,0.0,0.0,5.0,1.25,16.67,23.61,3.0,0.75,10.0,14.16,3.0,0.75,10.0,14.16,1.0,0.25,3.33,4.72,0.0,0.0,0.0,0.0,2.0,0.5,6.67,9.44,2.0,0.5,6.67,9.44,56.67,36.67,20.0,94.42,6.0,1.5,20.0,7.63,1.91,0.62,0.64,0.75,0.25,0.67,0.18,0.43,0.17,1.0,0.5,3.33,0.0,0.07,6.67,0.25
4,高雄全家海神,121|122|123|12668,吳曉謹/陳懷安/勤明慶/歐提斯,3,28,30.0,412.67,6.88,06:53,137.56,2.29,02:18,6.0,2.0,20.0,31.41,18.0,6.0,60.0,94.22,9.0,3.0,30.0,47.11,2.0,0.67,6.67,10.47,4.0,1.33,13.33,20.94,2.0,0.67,6.67,10.47,5.0,1.67,16.67,26.17,0.0,0.0,0.0,0.0,2.0,0.67,6.67,10.47,2.0,0.67,6.67,10.47,0.0,0.0,0.0,0.0,7.0,2.33,23.33,36.64,3.0,1.0,10.0,15.7,2.0,0.67,6.67,10.47,3.0,1.0,10.0,15.7,2.0,0.67,6.67,10.47,3.0,1.0,10.0,15.7,0.0,0.0,0.0,0.0,1.0,0.33,3.33,5.23,8.0,2.67,26.67,41.87,20.0,60.0,-40.0,104.68,-12.0,-4.0,-40.0,6.88,2.29,0.22,0.3,0.5,0.0,1.0,0.23,1.0,0.0,0.7,0.58,10.0,0.0,0.03,26.67,0.22
4,桃園台啤永豐雲豹,12|3129|10860|10861,曹薰襄/董永全/麥卡洛/迪亞洛,5,82,97.0,1420.8,23.68,23:41,284.16,4.74,04:44,47.0,9.4,48.45,71.45,34.0,6.8,35.05,51.69,33.0,6.6,34.02,50.17,19.0,3.8,19.59,28.89,26.0,5.2,26.8,39.53,17.0,3.4,17.53,25.84,7.0,1.4,7.22,10.64,2.0,0.4,2.06,3.04,10.0,2.0,10.31,15.2,7.0,1.4,7.22,10.64,5.0,1.0,5.15,7.6,10.0,2.0,10.31,15.2,4.0,0.8,4.12,6.08,20.0,4.0,20.62,30.41,11.0,2.2,11.34,16.72,10.0,2.0,10.31,15.2,6.0,1.2,6.19,9.12,0.0,0.0,0.0,0.0,8.0,1.6,8.25,12.16,6.0,1.2,6.19,9.12,48.45,35.05,13.4,98.31,13.0,2.6,13.4,23.68,4.74,0.61,0.63,0.65,0.29,0.7,0.23,0.53,0.2,0.71,0.38,6.19,0.0,0.08,6.19,0.3
4,桃園台啤永豐雲豹,12|3129|10860|10884,曹薰襄/董永全/麥卡洛/徐宏瑋,4,30,36.0,489.59,8.16,08:10,122.4,2.04,02:02,18.0,4.5,50.0,79.41,14.0,3.5,38.89,61.77,12.0,3.0,33.33,52.94,7.0,1.75,19.44,30.88,8.0,2.0,22.22,35.29,6.0,1.5,16.67,26.47,4.0,1.0,11.11,17.65,1.0,0.25,2.78,4.41,5.0,1.25,13.89,22.06,3.0,0.75,8.33,13.24,1.0,0.25,2.78,4.41,6.0,1.5,16.67,26.47,3.0,0.75,8.33,13.24,7.0,1.75,19.44,30.88,1.0,0.25,2.78,4.41,4.0,1.0,11.11,17.65,1.0,0.25,2.78,4.41,0.0,0.0,0.0,0.0,5.0,1.25,13.89,22.06,4.0,1.0,11.11,17.65,50.0,38.89,11.11,105.88,4.0,1.0,11.11,8.16,2.04,0.62,0.63,0.75,0.25,0.6,0.07,0.57,0.12,0.67,0.41,2.78,0.0,0.14,11.11,0.42
4,桃園台啤永豐雲豹,12|3129|10861|10884,曹薰襄/董永全/迪亞洛/徐宏瑋,4,39,43.0,624.57,10.41,10:25,156.14,2.6,02:36,19.0,4.75,44.19,65.71,15.0,3.75,34.88,51.88,14.0,3.5,32.56,48.42,8.0,2.0,18.6,27.67,10.0,2.5,23.26,34.58,7.0,1.75,16.28,24.21,4.0,1.0,9.3,13.83,1.0,0.25,2.33,3.46,2.0,0.5,4.65,6.92,2.0,0.5,4.65,6.92,0.0,0.0,0.0,0.0,6.0,1.5,13.95,20.75,3.0,0.75,6.98,10.38,11.0,2.75,25.58,38.04,4.0,1.0,9.3,13.83,4.0,1.0,9.3,13.83,3.0,0.75,6.98,10.38,1.0,0.25,2.33,3.46,4.0,1.0,9.3,13.83,7.0,1.75,16.28,24.21,44.19,34.88,9.3,99.14,4.0,1.0,9.3,10.41,2.6,0.61,0.64,0.7,0.25,1.0,0.21,0.5,0.0,0.67,0.3,6.98,2.33,0.09,16.28,0.14
4,桃園台啤永豐雲豹,12|10860|10861|10884,曹薰襄/麥卡洛/迪亞洛/徐宏瑋,7,101,123.0,1642.37,27.37,27:22,234.62,3.91,03:55,58.0,8.29,47.15,76.28,52.0,7.43,42.28,68.39,41.0,5.86,33.33,53.92,22.0,3.14,17.89,28.93,33.0,4.71,26.83,43.4,19.0,2.71,15.45,24.99,8.0,1.14,6.5,10.52,3.0,0.43,2.44,3.95,15.0,2.14,12.2,19.73,11.0,1.57,8.94,14.47,7.0,1.0,5.69,9.21,14.0,2.0,11.38,18.41,10.0,1.43,8.13,13.15,17.0,2.43,13.82,22.36,11.0,1.57,8.94,14.47,14.0,2.0,11.38,18.41,4.0,0.57,3.25,5.26,1.0,0.14,0.81,1.32,12.0,1.71,9.76,15.78,12.0,1.71,9.76,15.78,47.15,42.28,4.88,107.84,6.0,0.86,4.88,27.37,3.91,0.57,0.61,0.58,0.38,0.73,0.19,0.64,0.29,0.58,0.44,3.25,0.81,0.1,9.76,0.37
4,桃園台啤永豐雲豹,3129|10860|10861|10884,董永全/麥卡洛/迪亞洛/徐宏瑋,3,33,41.0,531.16,8.85,08:51,177.05,2.95,02:57,19.0,6.33,46.34,77.26,15.0,5.0,36.59,61.0,13.0,4.33,31.71,52.87,8.0,2.67,19.51,32.53,10.0,3.33,24.39,40.67,7.0,2.33,17.07,28.47,3.0,1.0,7.32,12.2,1.0,0.33,2.44,4.07,2.0,0.67,4.88,8.13,2.0,0.67,4.88,8.13,1.0,0.33,2.44,4.07,4.0,1.33,9.76,16.27,7.0,2.33,17.07,28.47,8.0,2.67,19.51,32.53,2.0,0.67,4.88,8.13,6.0,2.0,14.63,24.4,1.0,0.33,2.44,4.07,0.0,0.0,0.0,0.0,3.0,1.0,7.32,12.2,5.0,1.67,12.2,20.33,46.34,36.59,9.76,111.15,4.0,1.33,9.76,8.85,2.95,0.65,0.68,0.7,0.33,1.0,0.13,0.75,0.11,0.36,0.25,2.44,0.0,0.07,12.2,0.15
4,高雄全家海神,108|109|121|123,魏莨哲/于煥亞/吳曉謹/勤明慶,1,12,15.0,181.77,3.03,03:02,181.77,3.03,03:02,4.0,4.0,26.67,47.53,8.0,8.0,53.33,95.06,6.0,6.0,40.0,71.3,1.0,1.0,6.67,11.88,5.0,5.0,33.33,59.41,0.0,0.0,0.0,0.0,1.0,1.0,6.67,11.88,1.0,1.0,6.67,11.88,2.0,2.0,13.33,23.77,1.0,1.0,6.67,11.88,2.0,2.0,13.33,23.77,4.0,4.0,26.67,47.53,0.0,0.0,0.0,0.0,2.0,2.0,13.33,23.77,1.0,1.0,6.67,11.88,1.0,1.0,6.67,11.88,1.0,1.0,6.67,11.88,0.0,0.0,0.0,0.0,1.0,1.0,6.67,11.88,0.0,0.0,0.0,0.0,26.67,53.33,-26.67,118.83,-4.0,-4.0,-26.67,3.03,3.03,0.25,0.29,0.0,1.0,0.5,0.13,1.0,0.5,1.0,0.75,6.67,0.0,0.07,0.0,0.33
4,高雄全家海神,108|109|121|10894,魏莨哲/于煥亞/吳曉謹/凱帝,1,12,15.0,181.77,3.03,03:02,181.77,3.03,03:02,4.0,4.0,26.67,47.53,8.0,8.0,53.33,95.06,6.0,6.0,40.0,71.3,1.0,1.0,6.67,11.88,5.0,5.0,33.33,59.41,0.0,0.0,0.0,0.0,1.0,1.0,6.67,11.88,1.0,1.0,6.67,11.88,2.0,2.0,13.33,23.77,1.0,1.0,6.67,11.88,2.0,2.0,13.33,23.77,4.0,4.0,26.67,47.53,0.0,0.0,0.0,0.0,2.0,2.0,13.33,23.77,1.0,1.0,6.67,11.88,1.0,1.0,6.67,11.88,1.0,1.0,6.67,11.88,0.0,0.0,0.0,0.0,1.0,1.0,6.67,11.88,0.0,0.0,0.0,0.0,26.67,53.33,-26.67,118.83,-4.0,-4.0,-26.67,3.03,3.03,0.25,0.29,0.0,1.0,0.5,0.13,1.0,0.5,1.0,0.75,6.67,0.0,0.07,0.0,0.33
4,高雄全家海神,108|109|123|10894,魏莨哲/于煥亞/勤明慶/凱帝,1,20,25.0,339.22,5.65,05:39,339.22,5.65,05:39,6.0,6.0,24.0,38.21,10.0,10.0,40.0,63.68,11.0,11.0,44.0,70.04,1.0,1.0,4.0,6.37,9.0,9.0,36.0,57.31,0.0,0.0,0.0,0.0,2.0,2.0,8.0,12.74,1.0,1.0,4.0,6.37,4.0,4.0,16.0,25.47,3.0,3.0,12.0,19.1,3.0,3.0,12.0,19.1,8.0,8.0,32.0,50.94,0.0,0.0,0.0,0.0,3.0,3.0,12.0,19.1,1.0,1.0,4.0,6.37,1.0,1.0,4.0,6.37,1.0,1.0,4.0,6.37,1.0,1.0,4.0,6.37,3.0,3.0,12.0,19.1,1.0,1.0,4.0,6.37,24.0,40.0,-16.0,106.13,-4.0,-4.0,-16.0,5.65,5.65,0.14,0.24,0.0,0.5,0.75,0.07,1.0,0.5,1.0,0.79,4.0,4.0,0.12,4.0,0.36
4,高雄全家海神,108|121|123|10894,魏莨哲/吳曉謹/勤明慶/凱帝,1,17,20.0,262.77,4.38,04:23,262.77,4.38,04:23,6.0,6.0,30.0,49.32,8.0,8.0,40.0,65.76,8.0,8.0,40.0,65.76,1.0,1.0,5.0,8.22,7.0,7.0,35.0,57.54,0.0,0.0,0.0,0.0,1.0,1.0,5.0,8.22,1.0,1.0,5.0,8.22,4.0,4.0,20.0,32.88,3.0,3.0,15.0,24.66,2.0,2.0,10.0,16.44,6.0,6.0,30.0,49.32,0.0,0.0,0.0,0.0,3.0,3.0,15.0,24.66,1.0,1.0,5.0,8.22,1.0,1.0,5.0,8.22,1.0,1.0,5.0,8.22,0.0,0.0,0.0,0.0,2.0,2.0,10.0,16.44,0.0,0.0,0.0,0.0,30.0,40.0,-10.0,109.6,-2.0,-2.0,-10.0,4.38,4.38,0.19,0.31,0.0,1.0,0.75,0.09,1.0,0.4,1.0,0.73,5.0,0.0,0.1,0.0,0.5
4,高雄全家海神,109|121|123|10894,于煥亞/吳曉謹/勤明慶/凱帝,1,12,15.0,181.77,3.03,03:02,181.77,3.03,03:02,4.0,4.0,26.67,47.53,8.0,8.0,53.33,95.06,6.0,6.0,40.0,71.3,1.0,1.0,6.67,11.88,5.0,5.0,33.33,59.41,0.0,0.0,0.0,0.0,1.0,1.0,6.67,11.88,1.0,1.0,6.67,11.88,2.0,2.0,13.33,23.77,1.0,1.0,6.67,11.88,2.0,2.0,13.33,23.77,4.0,4.0,26.67,47.53,0.0,0.0,0.0,0.0,2.0,2.0,13.33,23.77,1.0,1.0,6.67,11.88,1.0,1.0,6.67,11.88,1.0,1.0,6.67,11.88,0.0,0.0,0.0,0.0,1.0,1.0,6.67,11.88,0.0,0.0,0.0,0.0,26.67,53.33,-26.67,118.83,-4.0,-4.0,-26.67,3.03,3.03,0.25,0.29,0.0,1.0,0.5,0.13,1.0,0.5,1.0,0.75,6.67,0.0,0.07,0.0,0.33
4,桃園台啤永豐雲豹,12|58|10860|10861,曹薰襄/林信寬/麥卡洛/迪亞洛,10,304,379.0,4717.35,78.62,78:37,471.74,7.86,07:52,152.0,15.2,40.11,69.6,134.0,13.4,35.36,61.36,122.0,12.2,32.19,55.86,57.0,5.7,15.04,26.1,94.0,9.4,24.8,43.04,49.0,4.9,12.93,22.44,28.0,2.8,7.39,12.82,8.0,0.8,2.11,3.66,48.0,4.8,12.66,21.98,31.0,3.1,8.18,14.19,22.0,2.2,5.8,10.07,47.0,4.7,12.4,21.52,30.0,3.0,7.92,13.74,62.0,6.2,16.36,28.39,36.0,3.6,9.5,16.48,35.0,3.5,9.23,16.03,17.0,1.7,4.49,7.78,3.0,0.3,0.79,1.37,37.0,3.7,9.76,16.94,26.0,2.6,6.86,11.9,40.11,35.36,4.75,115.69,18.0,1.8,4.75,78.62,7.86,0.5,0.53,0.52,0.29,0.65,0.2,0.61,0.26,0.61,0.43,4.49,0.79,0.1,6.86,0.39
4,桃園台啤永豐雲豹,12|58|10861|10884,曹薰襄/林信寬/迪亞洛/徐宏瑋,10,130,161.0,2705.21,45.09,45:05,270.52,4.51,04:31,76.0,7.6,47.2,60.68,71.0,7.1,44.1,56.69,53.0,5.3,32.92,42.32,29.0,2.9,18.01,23.16,44.0,4.4,27.33,35.13,26.0,2.6,16.15,20.76,9.0,0.9,5.59,7.19,3.0,0.3,1.86,2.4,25.0,2.5,15.53,19.96,16.0,1.6,9.94,12.78,12.0,1.2,7.45,9.58,18.0,1.8,11.18,14.37,12.0,1.2,7.45,9.58,19.0,1.9,11.8,15.17,15.0,1.5,9.32,11.98,18.0,1.8,11.18,14.37,7.0,0.7,4.35,5.59,2.0,0.2,1.24,1.6,17.0,1.7,10.56,13.57,15.0,1.5,9.32,11.98,47.2,44.1,3.11,85.7,5.0,0.5,3.11,45.09,4.51,0.58,0.59,0.59,0.33,0.64,0.19,0.62,0.39,0.6,0.49,4.35,1.24,0.11,9.32,0.47
4,桃園台啤永豐雲豹,58|10860|10861|10884,林信寬/麥卡洛/迪亞洛/徐宏瑋,5,75,94.0,1239.89,20.66,20:40,247.98,4.13,04:08,43.0,8.6,45.74,74.91,41.0,8.2,43.62,71.43,31.0,6.2,32.98,54.0,16.0,3.2,17.02,27.87,26.0,5.2,27.66,45.29,14.0,2.8,14.89,24.39,5.0,1.0,5.32,8.71,2.0,0.4,2.13,3.48,13.0,2.6,13.83,22.65,9.0,1.8,9.57,15.68,7.0,1.4,7.45,12.19,10.0,2.0,10.64,17.42,7.0,1.4,7.45,12.19,11.0,2.2,11.7,19.16,10.0,2.0,10.64,17.42,10.0,2.0,10.64,17.42,3.0,0.6,3.19,5.23,1.0,0.2,1.06,1.74,9.0,1.8,9.57,15.68,8.0,1.6,8.51,13.94,45.74,43.62,2.13,109.17,2.0,0.4,2.13,20.66,4.13,0.55,0.59,0.54,0.4,0.69,0.21,0.62,0.39,0.59,0.49,3.19,1.06,0.1,8.51,0.42
4,高雄全家海神,45|110|119|121,施晉堯/胡瓏貿/余純安/吳曉謹,2,24,27.0,360.76,6.01,06:01,180.38,3.01,03:00,10.0,5.0,37.04,59.87,7.0,3.5,25.93,41.91,12.0,6.0,44.44,71.85,4.0,2.0,14.81,23.95,7.0,3.5,25.93,41.91,4.0,2.0,14.81,23.95,5.0,2.5,18.52,29.94,0.0,0.0,0.0,0.0,2.0,1.0,7.41,11.97,2.0,1.0,7.41,11.97,3.0,1.5,11.11,17.96,5.0,2.5,18.52,29.94,0.0,0.0,0.0,0.0,5.0,2.5,18.52,29.94,2.0,1.0,7.41,11.97,1.0,0.5,3.7,5.99,1.0,0.5,3.7,5.99,1.0,0.5,3.7,5.99,1.0,0.5,3.7,5.99,2.0,1.0,7.41,11.97,37.04,25.93,11.11,107.77,3.0,1.5,11.11,6.01,3.01,0.33,0.39,0.57,0.0,1.0,0.13,0.25,0.38,1.0,0.62,3.7,3.7,0.04,7.41,0.17
4,高雄全家海神,45|119|121|10894,施晉堯/余純安/吳曉謹/凱帝,1,8,9.0,131.0,2.18,02:11,131.0,2.18,02:11,8.0,8.0,88.89,131.91,0.0,0.0,0.0,0.0,4.0,4.0,44.44,65.95,3.0,3.0,33.33,49.47,3.0,3.0,33.33,49.47,3.0,3.0,33.33,49.47,1.0,1.0,11.11,16.49,0.0,0.0,0.0,0.0,2.0,2.0,22.22,32.98,2.0,2.0,22.22,32.98,1.0,1.0,11.11,16.49,0.0,0.0,0.0,0.0,0.0,0.0,0.0,0.0,3.0,3.0,33.33,49.47,0.0,0.0,0.0,0.0,1.0,1.0,11.11,16.49,0.0,0.0,0.0,0.0,0.0,0.0,0.0,0.0,1.0,1.0,11.11,16.49,0.0,0.0,0.0,0.0,88.89,0.0,88.89,98.93,8.0,8.0,88.89,2.18,2.18,0.75,0.82,1.0,0.0,1.0,0.0,0.33,0.25,,0.25,0.0,0.0,0.11,0.0,0.5
4,高雄全家海神,110|119|121|10894,胡瓏貿/余純安/吳曉謹/凱帝,1,16,18.0,272.75,4.55,04:33,272.75,4.55,04:33,15.0,15.0,83.33,118.79,8.0,8.0,44.44,63.36,7.0,7.0,38.89,55.44,6.0,6.0,33.33,47.52,5.0,5.0,27.78,39.6,5.0,5.0,27.78,39.6,2.0,2.0,11.11,15.84,1.0,1.0,5.56,7.92,2.0,2.0,11.11,15.84,2.0,2.0,11.11,15.84,1.0,1.0,5.56,7.92,0.0,0.0,0.0,0.0,1.0,1.0,5.56,7.92,3.0,3.0,16.67,23.76,1.0,1.0,5.56,7.92,2.0,2.0,11.11,15.84,1.0,1.0,5.56,7.92,0.0,0.0,0.0,0.0,1.0,1.0,5.56,7.92,4.0,4.0,22.22,31.68,83.33,44.44,38.89,95.03,7.0,7.0,38.89,4.55,4.55,0.93,0.95,1.0,0.5,1.0,0.11,0.33,0.25,0.0,0.2,5.56,0.0,0.06,22.22,0.29
4,高雄全家海神,110|119|122|10894,胡瓏貿/余純安/陳懷安/凱帝,2,18,23.0,339.72,5.66,05:40,169.86,2.83,02:50,8.0,4.0,34.78,50.87,10.0,5.0,43.48,63.58,8.0,4.0,34.78,50.87,2.0,1.0,8.7,12.72,4.0,2.0,17.39,25.43,1.0,0.5,4.35,6.36,4.0,2.0,17.39,25.43,1.0,0.5,4.35,6.36,2.0,1.0,8.7,12.72,2.0,1.0,8.7,12.72,3.0,1.5,13.04,19.07,3.0,1.5,13.04,19.07,2.0,1.0,8.7,12.72,3.0,1.5,13.04,19.07,2.0,1.0,8.7,12.72,1.0,0.5,4.35,6.36,1.0,0.5,4.35,6.36,0.0,0.0,0.0,0.0,3.0,1.5,13.04,19.07,4.0,2.0,17.39,25.43,34.78,43.48,-8.7,97.49,-2.0,-1.0,-8.7,5.66,2.83,0.31,0.45,0.25,0.25,1.0,0.18,0.5,0.5,0.6,0.55,4.35,0.0,0.13,17.39,0.25
4,高雄全家海神,110|122|10894|12668,胡瓏貿/陳懷安/凱帝/歐提斯,2,45,51.0,772.66,12.88,12:53,386.33,6.44,06:26,24.0,12.0,47.06,67.09,32.0,16.0,62.75,89.46,21.0,10.5,41.18,58.71,8.0,4.0,15.69,22.36,10.0,5.0,19.61,27.96,5.0,2.5,9.8,13.98,11.0,5.5,21.57,30.75,3.0,1.5,5.88,8.39,6.0,3.0,11.76,16.77,4.0,2.0,7.84,11.18,3.0,1.5,5.88,8.39,11.0,5.5,21.57,30.75,2.0,1.0,3.92,5.59,2.0,1.0,3.92,5.59,2.0,1.0,3.92,5.59,8.0,4.0,15.69,22.36,1.0,0.5,1.96,2.8,0.0,0.0,0.0,0.0,4.0,2.0,7.84,11.18,1.0,0.5,1.96,2.8,47.06,62.75,-15.69,95.05,-8.0,-4.0,-15.69,12.88,6.44,0.45,0.51,0.5,0.27,0.67,0.08,1.0,0.6,0.85,0.78,1.96,0.0,0.08,1.96,0.29
4,桃園台啤永豐雲豹,16|54|57|10861,米勒/高錦瑋/莊博元/迪亞洛,10,133,153.0,2039.55,33.99,34:00,203.96,3.4,03:24,70.0,7.0,45.75,74.13,49.0,4.9,32.03,51.89,53.0,5.3,34.64,56.13,25.0,2.5,16.34,26.48,33.0,3.3,21.57,34.95,17.0,1.7,11.11,18.0,20.0,2.0,13.07,21.18,8.0,0.8,5.23,8.47,18.0,1.8,11.76,19.06,12.0,1.2,7.84,12.71,6.0,0.6,3.92,6.35,21.0,2.1,13.73,22.24,7.0,0.7,4.58,7.41,33.0,3.3,21.57,34.95,12.0,1.2,7.84,12.71,16.0,1.6,10.46,16.94,6.0,0.6,3.92,6.35,3.0,0.3,1.96,3.18,18.0,1.8,11.76,19.06,12.0,1.2,7.84,12.71,45.75,32.03,13.73,108.02,21.0,2.1,13.73,33.99,3.4,0.55,0.57,0.52,0.4,0.67,0.16,0.64,0.15,0.75,0.4,3.92,1.96,0.12,7.84,0.34
4,桃園台啤永豐雲豹,16|57|58|10861,米勒/莊博元/林信寬/迪亞洛,8,162,183.0,2306.38,38.44,38:26,288.3,4.8,04:48,74.0,9.25,40.44,69.3,61.0,7.62,33.33,57.13,67.0,8.38,36.61,62.75,28.0,3.5,15.3,26.22,47.0,5.88,25.68,44.02,24.0,3.0,13.11,22.48,20.0,2.5,10.93,18.73,4.0,0.5,2.19,3.75,19.0,2.38,10.38,17.79,14.0,1.75,7.65,13.11,8.0,1.0,4.37,7.49,30.0,3.75,16.39,28.1,5.0,0.62,2.73,4.68,42.0,5.25,22.95,39.33,12.0,1.5,6.56,11.24,15.0,1.88,8.2,14.05,5.0,0.62,2.73,4.68,4.0,0.5,2.19,3.75,17.0,2.12,9.29,15.92,8.0,1.0,4.37,7.49,40.44,33.33,7.1,114.26,13.0,1.62,7.1,38.44,4.8,0.45,0.49,0.51,0.2,0.74,0.14,0.54,0.16,0.86,0.45,2.73,2.19,0.09,4.37,0.28
4,桃園台啤永豐雲豹,54|57|58|10861,高錦瑋/莊博元/林信寬/迪亞洛,15,293,345.0,4299.65,71.66,71:40,286.64,4.78,04:47,152.0,10.13,44.06,76.36,142.0,9.47,41.16,71.34,118.0,7.87,34.2,59.28,52.0,3.47,15.07,26.12,76.0,5.07,22.03,38.18,40.0,2.67,11.59,20.09,42.0,2.8,12.17,21.1,12.0,0.8,3.48,6.03,44.0,2.93,12.75,22.1,36.0,2.4,10.43,18.09,18.0,1.2,5.22,9.04,49.0,3.27,14.2,24.62,19.0,1.27,5.51,9.54,66.0,4.4,19.13,33.16,24.0,1.6,6.96,12.06,32.0,2.13,9.28,16.08,11.0,0.73,3.19,5.53,5.0,0.33,1.45,2.51,35.0,2.33,10.14,17.58,27.0,1.8,7.83,13.56,44.06,41.16,2.9,115.54,10.0,0.67,2.9,71.66,4.78,0.49,0.55,0.53,0.29,0.82,0.15,0.62,0.21,0.72,0.44,3.19,1.45,0.1,7.83,0.37
4,桃園台啤永豐雲豹,16|54|57|3129,米勒/高錦瑋/莊博元/董永全,17,337,415.0,6030.91,100.52,100:31,354.76,5.91,05:55,181.0,10.65,43.61,64.83,194.0,11.41,46.75,69.48,150.0,8.82,36.14,53.72,67.0,3.94,16.14,24.0,83.0,4.88,20.0,29.73,45.0,2.65,10.84,16.12,67.0,3.94,16.14,24.0,22.0,1.29,5.3,7.88,36.0,2.12,8.67,12.89,25.0,1.47,6.02,8.95,19.0,1.12,4.58,6.8,68.0,4.0,16.39,24.35,38.0,2.24,9.16,13.61,57.0,3.35,13.73,20.41,23.0,1.35,5.54,8.24,37.0,2.18,8.92,13.25,10.0,0.59,2.41,3.58,5.0,0.29,1.2,1.79,32.0,1.88,7.71,11.46,38.0,2.24,9.16,13.61,43.61,46.75,-3.13,99.09,-13.0,-0.76,-3.13,100.52,5.91,0.52,0.55,0.54,0.33,0.69,0.12,0.55,0.25,0.64,0.48,2.41,1.2,0.08,9.16,0.24
4,桃園台啤永豐雲豹,16|57|3129|10861,米勒/莊博元/董永全/迪亞洛,4,22,28.0,470.93,7.85,07:51,117.73,1.96,01:58,11.0,2.75,39.29,50.45,5.0,1.25,17.86,22.93,5.0,1.25,17.86,22.93,3.0,0.75,10.71,13.76,0.0,0.0,0.0,0.0,0.0,0.0,0.0,0.0,5.0,1.25,17.86,22.93,3.0,0.75,10.71,13.76,4.0,1.0,14.29,18.35,2.0,0.5,7.14,9.17,2.0,0.5,7.14,9.17,1.0,0.25,3.57,4.59,4.0,1.0,14.29,18.35,7.0,1.75,25.0,32.11,5.0,1.25,17.86,22.93,3.0,0.75,10.71,13.76,3.0,0.75,10.71,13.76,0.0,0.0,0.0,0.0,4.0,1.0,14.29,18.35,3.0,0.75,10.71,13.76,39.29,17.86,21.43,85.62,6.0,1.5,21.43,7.85,1.96,0.9,0.81,,0.6,0.5,0.43,1.0,0.22,0.2,0.21,10.71,0.0,0.14,10.71,0.8
4,桃園台啤永豐雲豹,54|57|3129|10861,高錦瑋/莊博元/董永全/迪亞洛,12,294,342.0,4669.9,77.83,77:50,389.16,6.49,06:29,190.0,15.83,55.56,87.88,145.0,12.08,42.4,67.07,130.0,10.83,38.01,60.13,68.0,5.67,19.88,31.45,85.0,7.08,24.85,39.32,47.0,3.92,13.74,21.74,45.0,3.75,13.16,20.81,21.0,1.75,6.14,9.71,40.0,3.33,11.7,18.5,32.0,2.67,9.36,14.8,19.0,1.58,5.56,8.79,45.0,3.75,13.16,20.81,26.0,2.17,7.6,12.03,53.0,4.42,15.5,24.51,15.0,1.25,4.39,6.94,45.0,3.75,13.16,20.81,10.0,0.83,2.92,4.63,5.0,0.42,1.46,2.31,30.0,2.5,8.77,13.88,33.0,2.75,9.65,15.26,55.56,42.4,13.16,105.46,45.0,3.75,13.16,77.83,6.49,0.6,0.64,0.55,0.47,0.8,0.09,0.66,0.26,0.63,0.45,2.92,1.46,0.09,9.65,0.31
4,高雄全家海神,109|110|118|121,于煥亞/胡瓏貿/蘇文儒/吳曉謹,2,19,25.0,290.48,4.84,04:50,145.24,2.42,02:25,12.0,6.0,48.0,89.23,11.0,5.5,44.0,81.8,5.0,2.5,20.0,37.18,3.0,1.5,12.0,22.31,3.0,1.5,12.0,22.31,2.0,1.0,8.0,14.87,2.0,1.0,8.0,14.87,1.0,0.5,4.0,7.44,6.0,3.0,24.0,44.62,5.0,2.5,20.0,37.18,2.0,1.0,8.0,14.87,0.0,0.0,0.0,0.0,2.0,1.0,8.0,14.87,3.0,1.5,12.0,22.31,4.0,2.0,16.0,29.74,0.0,0.0,0.0,0.0,3.0,1.5,12.0,22.31,1.0,0.5,4.0,7.44,4.0,2.0,16.0,29.74,1.0,0.5,4.0,7.44,48.0,44.0,4.0,123.93,1.0,0.5,4.0,4.84,2.42,0.7,0.79,0.67,0.5,0.83,0.34,0.0,0.4,0.0,0.29,12.0,4.0,0.16,4.0,1.2
4,高雄全家海神,109|118|121|10894,于煥亞/蘇文儒/吳曉謹/凱帝,1,13,16.0,207.56,3.46,03:28,207.56,3.46,03:28,6.0,6.0,37.5,62.44,7.0,7.0,43.75,72.85,3.0,3.0,18.75,31.22,1.0,1.0,6.25,10.41,2.0,2.0,12.5,20.81,1.0,1.0,6.25,10.41,1.0,1.0,6.25,10.41,0.0,0.0,0.0,0.0,4.0,4.0,25.0,41.63,4.0,4.0,25.0,41.63,2.0,2.0,12.5,20.81,0.0,0.0,0.0,0.0,1.0,1.0,6.25,10.41,3.0,3.0,18.75,31.22,3.0,3.0,18.75,31.22,0.0,0.0,0.0,0.0,2.0,2.0,12.5,20.81,1.0,1.0,6.25,10.41,4.0,4.0,25.0,41.63,1.0,1.0,6.25,10.41,37.5,43.75,-6.25,111.01,-1.0,-1.0,-6.25,3.46,3.46,0.33,0.63,0.5,0.0,1.0,0.39,0.0,0.4,0.0,0.33,12.5,6.25,0.25,6.25,1.33
4,桃園台啤永豐雲豹,54|58|10860|10861,高錦瑋/林信寬/麥卡洛/迪亞洛,6,128,162.0,1992.18,33.2,33:12,332.03,5.53,05:32,65.0,10.83,40.12,70.48,65.0,10.83,40.12,70.48,64.0,10.67,39.51,69.39,22.0,3.67,13.58,23.85,38.0,6.33,23.46,41.2,17.0,2.83,10.49,18.43,26.0,4.33,16.05,28.19,5.0,0.83,3.09,5.42,20.0,3.33,12.35,21.68,15.0,2.5,9.26,16.26,17.0,2.83,10.49,18.43,26.0,4.33,16.05,28.19,12.0,2.0,7.41,13.01,20.0,3.33,12.35,21.68,8.0,1.33,4.94,8.67,12.0,2.0,7.41,13.01,3.0,0.5,1.85,3.25,1.0,0.17,0.62,1.08,16.0,2.67,9.88,17.35,17.0,2.83,10.49,18.43,40.12,40.12,0.0,117.1,0.0,0.0,0.0,33.2,5.53,0.38,0.45,0.45,0.19,0.75,0.1,0.55,0.46,0.68,0.57,1.85,0.62,0.1,10.49,0.31
4,桃園台啤永豐雲豹,54|62|10860|10861,高錦瑋/王皓吉/麥卡洛/迪亞洛,1,12,15.0,183.89,3.06,03:04,183.89,3.06,03:04,6.0,6.0,40.0,70.48,6.0,6.0,40.0,70.48,7.0,7.0,46.67,82.22,3.0,3.0,20.0,35.24,5.0,5.0,33.33,58.73,3.0,3.0,20.0,35.24,2.0,2.0,13.33,23.49,0.0,0.0,0.0,0.0,0.0,0.0,0.0,0.0,0.0,0.0,0.0,0.0,1.0,1.0,6.67,11.75,3.0,3.0,20.0,35.24,2.0,2.0,13.33,23.49,0.0,0.0,0.0,0.0,0.0,0.0,0.0,0.0,1.0,1.0,6.67,11.75,0.0,0.0,0.0,0.0,0.0,0.0,0.0,0.0,2.0,2.0,13.33,23.49,4.0,4.0,26.67,46.99,40.0,40.0,0.0,117.46,0.0,0.0,0.0,3.06,3.06,0.43,0.43,0.6,0.0,,0.0,0.33,1.0,0.6,0.67,0.0,0.0,0.13,26.67,0.0
4,桃園台啤永豐雲豹,58|62|10860|10861,林信寬/王皓吉/麥卡洛/迪亞洛,3,79,102.0,1140.25,19.0,19:00,380.08,6.33,06:20,35.0,11.67,34.31,66.3,30.0,10.0,29.41,56.83,31.0,10.33,30.39,58.72,12.0,4.0,11.76,22.73,23.0,7.67,22.55,43.57,11.0,3.67,10.78,20.84,8.0,2.67,7.84,15.15,1.0,0.33,0.98,1.89,13.0,4.33,12.75,24.63,10.0,3.33,9.8,18.94,5.0,1.67,4.9,9.47,13.0,4.33,12.75,24.63,10.0,3.33,9.8,18.94,15.0,5.0,14.71,28.41,9.0,3.0,8.82,17.05,7.0,2.33,6.86,13.26,4.0,1.33,3.92,7.58,0.0,0.0,0.0,0.0,12.0,4.0,11.76,22.73,8.0,2.67,7.84,15.15,34.31,29.41,4.9,128.81,5.0,1.67,4.9,19.0,6.33,0.4,0.48,0.48,0.12,0.77,0.2,0.58,0.25,0.57,0.42,3.92,0.0,0.12,7.84,0.42
4,高雄全家海神,109|110|119|121,于煥亞/胡瓏貿/余純安/吳曉謹,3,32,39.0,471.32,7.86,07:51,157.11,2.62,02:37,17.0,5.67,43.59,77.91,22.0,7.33,56.41,100.82,13.0,4.33,33.33,59.58,7.0,2.33,17.95,32.08,8.0,2.67,20.51,36.66,4.0,1.33,10.26,18.33,5.0,1.67,12.82,22.91,3.0,1.0,7.69,13.75,0.0,0.0,0.0,0.0,0.0,0.0,0.0,0.0,1.0,0.33,2.56,4.58,4.0,1.33,10.26,18.33,6.0,2.0,15.38,27.5,3.0,1.0,7.69,13.75,4.0,1.33,10.26,18.33,3.0,1.0,7.69,13.75,4.0,1.33,10.26,18.33,0.0,0.0,0.0,0.0,2.0,0.67,5.13,9.17,2.0,0.67,5.13,9.17,43.59,56.41,-12.82,119.15,-5.0,-1.67,-12.82,7.86,2.62,0.65,0.65,0.5,0.6,,0.24,0.43,0.25,0.4,0.36,10.26,0.0,0.05,5.13,0.0
4,高雄全家海神,109|119|121|10894,于煥亞/余純安/吳曉謹/凱帝,1,4,5.0,78.32,1.31,01:18,78.32,1.31,01:18,5.0,5.0,100.0,137.89,4.0,4.0,80.0,110.31,2.0,2.0,40.0,55.16,2.0,2.0,40.0,55.16,1.0,1.0,20.0,27.58,1.0,1.0,20.0,27.58,1.0,1.0,20.0,27.58,1.0,1.0,20.0,27.58,0.0,0.0,0.0,0.0,0.0,0.0,0.0,0.0,0.0,0.0,0.0,0.0,0.0,0.0,0.0,0.0,1.0,1.0,20.0,27.58,0.0,0.0,0.0,0.0,0.0,0.0,0.0,0.0,1.0,1.0,20.0,27.58,0.0,0.0,0.0,0.0,0.0,0.0,0.0,0.0,0.0,0.0,0.0,0.0,2.0,2.0,40.0,55.16,100.0,80.0,20.0,91.93,1.0,1.0,20.0,1.31,1.31,1.25,1.25,1.0,1.0,,0.0,0.5,,0.0,0.0,0.0,0.0,0.0,40.0,0.0
4,高雄全家海神,109|119|121|123,于煥亞/余純安/吳曉謹/勤明慶,1,1,1.0,20.0,0.33,00:20,20.0,0.33,00:20,0.0,0.0,0.0,0.0,0.0,0.0,0.0,0.0,0.0,0.0,0.0,0.0,0.0,0.0,0.0,0.0,0.0,0.0,0.0,0.0,0.0,0.0,0.0,0.0,0.0,0.0,0.0,0.0,0.0,0.0,0.0,0.0,0.0,0.0,0.0,0.0,0.0,0.0,0.0,0.0,0.0,0.0,0.0,0.0,0.0,0.0,0.0,0.0,0.0,0.0,0.0,0.0,0.0,0.0,0.0,0.0,1.0,1.0,100.0,108.0,0.0,0.0,0.0,0.0,0.0,0.0,0.0,0.0,0.0,0.0,0.0,0.0,0.0,0.0,0.0,0.0,0.0,0.0,0.0,0.0,0.0,0.0,0.0,72.0,0.0,0.0,0.0,0.33,0.33,,,,,,1.0,,,,,0.0,0.0,0.0,0.0,
4,高雄全家海神,109|119|121|12668,于煥亞/余純安/吳曉謹/歐提斯,1,1,1.0,20.0,0.33,00:20,20.0,0.33,00:20,0.0,0.0,0.0,0.0,0.0,0.0,0.0,0.0,0.0,0.0,0.0,0.0,0.0,0.0,0.0,0.0,0.0,0.0,0.0,0.0,0.0,0.0,0.0,0.0,0.0,0.0,0.0,0.0,0.0,0.0,0.0,0.0,0.0,0.0,0.0,0.0,0.0,0.0,0.0,0.0,0.0,0.0,0.0,0.0,0.0,0.0,0.0,0.0,0.0,0.0,0.0,0.0,0.0,0.0,0.0,0.0,1.0,1.0,100.0,108.0,0.0,0.0,0.0,0.0,0.0,0.0,0.0,0.0,0.0,0.0,0.0,0.0,0.0,0.0,0.0,0.0,0.0,0.0,0.0,0.0,0.0,0.0,0.0,72.0,0.0,0.0,0.0,0.33,0.33,,,,,,1.0,,,,,0.0,0.0,0.0,0.0,
4,高雄全家海神,109|119|123|12668,于煥亞/余純安/勤明慶/歐提斯,1,1,1.0,20.0,0.33,00:20,20.0,0.33,00:20,0.0,0.0,0.0,0.0,0.0,0.0,0.0,0.0,0.0,0.0,0.0,0.0,0.0,0.0,0.0,0.0,0.0,0.0,0.0,0.0,0.0,0.0,0.0,0.0,0.0,0.0,0.0,0.0,0.0,0.0,0.0,0.0,0.0,0.0,0.0,0.0,0.0,0.0,0.0,0.0,0.0,0.0,0.0,0.0,0.0,0.0,0.0,0.0,0.0,0.0,0.0,0.0,0.0,0.0,0.0,0.0,1.0,1.0,100.0,108.0,0.0,0.0,0.0,0.0,0.0,0.0,0.0,0.0,0.0,0.0,0.0,0.0,0.0,0.0,0.0,0.0,0.0,0.0,0.0,0.0,0.0,0.0,0.0,72.0,0.0,0.0,0.0,0.33,0.33,,,,,,1.0,,,,,0.0,0.0,0.0,0.0,
4,高雄全家海神,119|121|123|12668,余純安/吳曉謹/勤明慶/歐提斯,2,13,17.0,173.79,2.9,02:54,86.89,1.45,01:27,4.0,2.0,23.53,49.72,10.0,5.0,58.82,124.29,4.0,2.0,23.53,49.72,0.0,0.0,0.0,0.0,3.0,1.5,17.65,37.29,0.0,0.0,0.0,0.0,1.0,0.5,5.88,12.43,0.0,0.0,0.0,0.0,5.0,2.5,29.41,62.15,4.0,2.0,23.53,49.72,2.0,1.0,11.76,24.86,2.0,1.0,11.76,24.86,1.0,0.5,5.88,12.43,1.0,0.5,5.88,12.43,3.0,1.5,17.65,37.29,1.0,0.5,5.88,12.43,2.0,1.0,11.76,24.86,0.0,0.0,0.0,0.0,2.0,1.0,11.76,24.86,6.0,3.0,35.29,74.57,23.53,58.82,-35.29,140.86,-6.0,-3.0,-35.29,2.9,1.45,0.0,0.32,0.0,0.0,0.8,0.33,,0.67,0.67,0.67,11.76,0.0,0.12,35.29,1.25
4,高雄全家海神,119|121|123|10891,余純安/吳曉謹/勤明慶/廖偉皓,1,7,11.0,132.3,2.2,02:12,132.3,2.2,02:12,4.0,4.0,36.36,65.31,7.0,7.0,63.64,114.29,4.0,4.0,36.36,65.31,0.0,0.0,0.0,0.0,3.0,3.0,27.27,48.98,0.0,0.0,0.0,0.0,1.0,1.0,9.09,16.33,0.0,0.0,0.0,0.0,5.0,5.0,45.45,81.63,4.0,4.0,36.36,65.31,2.0,2.0,18.18,32.65,2.0,2.0,18.18,32.65,1.0,1.0,9.09,16.33,1.0,1.0,9.09,16.33,0.0,0.0,0.0,0.0,1.0,1.0,9.09,16.33,0.0,0.0,0.0,0.0,0.0,0.0,0.0,0.0,2.0,2.0,18.18,32.65,2.0,2.0,18.18,32.65,36.36,63.64,-27.27,119.73,-3.0,-3.0,-27.27,2.2,2.2,0.0,0.32,0.0,0.0,0.8,0.0,,0.67,0.67,0.67,0.0,0.0,0.18,18.18,1.25
4,高雄全家海神,119|121|10891|12668,余純安/吳曉謹/廖偉皓/歐提斯,1,7,11.0,132.3,2.2,02:12,132.3,2.2,02:12,4.0,4.0,36.36,65.31,7.0,7.0,63.64,114.29,4.0,4.0,36.36,65.31,0.0,0.0,0.0,0.0,3.0,3.0,27.27,48.98,0.0,0.0,0.0,0.0,1.0,1.0,9.09,16.33,0.0,0.0,0.0,0.0,5.0,5.0,45.45,81.63,4.0,4.0,36.36,65.31,2.0,2.0,18.18,32.65,2.0,2.0,18.18,32.65,1.0,1.0,9.09,16.33,1.0,1.0,9.09,16.33,0.0,0.0,0.0,0.0,1.0,1.0,9.09,16.33,0.0,0.0,0.0,0.0,0.0,0.0,0.0,0.0,2.0,2.0,18.18,32.65,2.0,2.0,18.18,32.65,36.36,63.64,-27.27,119.73,-3.0,-3.0,-27.27,2.2,2.2,0.0,0.32,0.0,0.0,0.8,0.0,,0.67,0.67,0.67,0.0,0.0,0.18,18.18,1.25
4,高雄全家海神,119|123|10891|12668,余純安/勤明慶/廖偉皓/歐提斯,1,7,11.0,132.3,2.2,02:12,132.3,2.2,02:12,4.0,4.0,36.36,65.31,7.0,7.0,63.64,114.29,4.0,4.0,36.36,65.31,0.0,0.0,0.0,0.0,3.0,3.0,27.27,48.98,0.0,0.0,0.0,0.0,1.0,1.0,9.09,16.33,0.0,0.0,0.0,0.0,5.0,5.0,45.45,81.63,4.0,4.0,36.36,65.31,2.0,2.0,18.18,32.65,2.0,2.0,18.18,32.65,1.0,1.0,9.09,16.33,1.0,1.0,9.09,16.33,0.0,0.0,0.0,0.0,1.0,1.0,9.09,16.33,0.0,0.0,0.0,0.0,0.0,0.0,0.0,0.0,2.0,2.0,18.18,32.65,2.0,2.0,18.18,32.65,36.36,63.64,-27.27,119.73,-3.0,-3.0,-27.27,2.2,2.2,0.0,0.32,0.0,0.0,0.8,0.0,,0.67,0.67,0.67,0.0,0.0,0.18,18.18,1.25
4,高雄全家海神,121|123|10891|12668,吳曉謹/勤明慶/廖偉皓/歐提斯,1,7,11.0,132.3,2.2,02:12,132.3,2.2,02:12,4.0,4.0,36.36,65.31,7.0,7.0,63.64,114.29,4.0,4.0,36.36,65.31,0.0,0.0,0.0,0.0,3.0,3.0,27.27,48.98,0.0,0.0,0.0,0.0,1.0,1.0,9.09,16.33,0.0,0.0,0.0,0.0,5.0,5.0,45.45,81.63,4.0,4.0,36.36,65.31,2.0,2.0,18.18,32.65,2.0,2.0,18.18,32.65,1.0,1.0,9.09,16.33,1.0,1.0,9.09,16.33,0.0,0.0,0.0,0.0,1.0,1.0,9.09,16.33,0.0,0.0,0.0,0.0,0.0,0.0,0.0,0.0,2.0,2.0,18.18,32.65,2.0,2.0,18.18,32.65,36.36,63.64,-27.27,119.73,-3.0,-3.0,-27.27,2.2,2.2,0.0,0.32,0.0,0.0,0.8,0.0,,0.67,0.67,0.67,0.0,0.0,0.18,18.18,1.25
4,桃園台啤永豐雲豹,12|16|62|10860,曹薰襄/米勒/王皓吉/麥卡洛,8,102,113.0,1551.88,25.86,25:52,193.98,3.23,03:14,56.0,7.0,49.56,77.94,52.0,6.5,46.02,72.38,43.0,5.38,38.05,59.85,19.0,2.38,16.81,26.45,27.0,3.38,23.89,37.58,14.0,1.75,12.39,19.49,16.0,2.0,14.16,22.27,5.0,0.62,4.42,6.96,15.0,1.88,13.27,20.88,9.0,1.12,7.96,12.53,5.0,0.62,4.42,6.96,22.0,2.75,19.47,30.62,5.0,0.62,4.42,6.96,19.0,2.38,16.81,26.45,3.0,0.38,2.65,4.18,14.0,1.75,12.39,19.49,2.0,0.25,1.77,2.78,2.0,0.25,1.77,2.78,13.0,1.62,11.5,18.09,20.0,2.5,17.7,27.84,49.56,46.02,3.54,104.85,4.0,0.5,3.54,25.86,3.23,0.5,0.56,0.52,0.31,0.6,0.06,0.74,0.21,0.81,0.53,1.77,1.77,0.12,17.7,0.35
4,桃園台啤永豐雲豹,12|16|58|60,曹薰襄/米勒/林信寬/黃鎮,1,4,8.0,107.0,1.78,01:47,107.0,1.78,01:47,5.0,5.0,62.5,100.93,0.0,0.0,0.0,0.0,3.0,3.0,37.5,60.56,2.0,2.0,25.0,40.37,3.0,3.0,37.5,60.56,2.0,2.0,25.0,40.37,0.0,0.0,0.0,0.0,0.0,0.0,0.0,0.0,2.0,2.0,25.0,40.37,1.0,1.0,12.5,20.19,1.0,1.0,12.5,20.19,1.0,1.0,12.5,20.19,2.0,2.0,25.0,40.37,2.0,2.0,25.0,40.37,0.0,0.0,0.0,0.0,0.0,0.0,0.0,0.0,0.0,0.0,0.0,0.0,0.0,0.0,0.0,0.0,1.0,1.0,12.5,20.19,0.0,0.0,0.0,0.0,62.5,0.0,62.5,107.66,5.0,5.0,62.5,1.78,1.78,0.67,0.64,0.67,,0.5,0.0,0.0,0.33,0.33,0.33,0.0,0.0,0.12,0.0,0.67
4,桃園台啤永豐雲豹,12|16|60|10860,曹薰襄/米勒/黃鎮/麥卡洛,1,23,28.0,403.4,6.72,06:43,403.4,6.72,06:43,15.0,15.0,53.57,80.32,9.0,9.0,32.14,48.19,10.0,10.0,35.71,53.54,7.0,7.0,25.0,37.48,8.0,8.0,28.57,42.84,7.0,7.0,25.0,37.48,2.0,2.0,7.14,10.71,0.0,0.0,0.0,0.0,2.0,2.0,7.14,10.71,1.0,1.0,3.57,5.35,1.0,1.0,3.57,5.35,3.0,3.0,10.71,16.06,3.0,3.0,10.71,16.06,8.0,8.0,28.57,42.84,2.0,2.0,7.14,10.71,2.0,2.0,7.14,10.71,1.0,1.0,3.57,5.35,0.0,0.0,0.0,0.0,1.0,1.0,3.57,5.35,3.0,3.0,10.71,16.06,53.57,32.14,21.43,99.95,6.0,6.0,21.43,6.72,6.72,0.7,0.69,0.88,0.0,0.5,0.16,0.29,0.11,0.5,0.27,3.57,0.0,0.04,10.71,0.2
4,桃園台啤永豐雲豹,12|58|60|10860,曹薰襄/林信寬/黃鎮/麥卡洛,1,4,8.0,107.0,1.78,01:47,107.0,1.78,01:47,5.0,5.0,62.5,100.93,0.0,0.0,0.0,0.0,3.0,3.0,37.5,60.56,2.0,2.0,25.0,40.37,3.0,3.0,37.5,60.56,2.0,2.0,25.0,40.37,0.0,0.0,0.0,0.0,0.0,0.0,0.0,0.0,2.0,2.0,25.0,40.37,1.0,1.0,12.5,20.19,1.0,1.0,12.5,20.19,1.0,1.0,12.5,20.19,2.0,2.0,25.0,40.37,2.0,2.0,25.0,40.37,0.0,0.0,0.0,0.0,0.0,0.0,0.0,0.0,0.0,0.0,0.0,0.0,0.0,0.0,0.0,0.0,1.0,1.0,12.5,20.19,0.0,0.0,0.0,0.0,62.5,0.0,62.5,107.66,5.0,5.0,62.5,1.78,1.78,0.67,0.64,0.67,,0.5,0.0,0.0,0.33,0.33,0.33,0.0,0.0,0.12,0.0,0.67
4,桃園台啤永豐雲豹,16|58|60|10860,米勒/林信寬/黃鎮/麥卡洛,1,4,8.0,107.0,1.78,01:47,107.0,1.78,01:47,5.0,5.0,62.5,100.93,0.0,0.0,0.0,0.0,3.0,3.0,37.5,60.56,2.0,2.0,25.0,40.37,3.0,3.0,37.5,60.56,2.0,2.0,25.0,40.37,0.0,0.0,0.0,0.0,0.0,0.0,0.0,0.0,2.0,2.0,25.0,40.37,1.0,1.0,12.5,20.19,1.0,1.0,12.5,20.19,1.0,1.0,12.5,20.19,2.0,2.0,25.0,40.37,2.0,2.0,25.0,40.37,0.0,0.0,0.0,0.0,0.0,0.0,0.0,0.0,0.0,0.0,0.0,0.0,0.0,0.0,0.0,0.0,1.0,1.0,12.5,20.19,0.0,0.0,0.0,0.0,62.5,0.0,62.5,107.66,5.0,5.0,62.5,1.78,1.78,0.67,0.64,0.67,,0.5,0.0,0.0,0.33,0.33,0.33,0.0,0.0,0.12,0.0,0.67
4,桃園台啤永豐雲豹,12|16|60|10884,曹薰襄/米勒/黃鎮/徐宏瑋,1,19,20.0,296.4,4.94,04:56,296.4,4.94,04:56,10.0,10.0,50.0,72.87,9.0,9.0,45.0,65.59,7.0,7.0,35.0,51.01,5.0,5.0,25.0,36.44,5.0,5.0,25.0,36.44,5.0,5.0,25.0,36.44,2.0,2.0,10.0,14.57,0.0,0.0,0.0,0.0,0.0,0.0,0.0,0.0,0.0,0.0,0.0,0.0,0.0,0.0,0.0,0.0,2.0,2.0,10.0,14.57,1.0,1.0,5.0,7.29,6.0,6.0,30.0,43.72,2.0,2.0,10.0,14.57,2.0,2.0,10.0,14.57,1.0,1.0,5.0,7.29,0.0,0.0,0.0,0.0,0.0,0.0,0.0,0.0,3.0,3.0,15.0,21.86,50.0,45.0,5.0,97.17,1.0,1.0,5.0,4.94,4.94,0.71,0.71,1.0,0.0,,0.22,0.4,0.0,0.67,0.22,5.0,0.0,0.0,15.0,0.0
4,桃園台啤永豐雲豹,12|60|10860|10884,曹薰襄/黃鎮/麥卡洛/徐宏瑋,1,19,20.0,296.4,4.94,04:56,296.4,4.94,04:56,10.0,10.0,50.0,72.87,9.0,9.0,45.0,65.59,7.0,7.0,35.0,51.01,5.0,5.0,25.0,36.44,5.0,5.0,25.0,36.44,5.0,5.0,25.0,36.44,2.0,2.0,10.0,14.57,0.0,0.0,0.0,0.0,0.0,0.0,0.0,0.0,0.0,0.0,0.0,0.0,0.0,0.0,0.0,0.0,2.0,2.0,10.0,14.57,1.0,1.0,5.0,7.29,6.0,6.0,30.0,43.72,2.0,2.0,10.0,14.57,2.0,2.0,10.0,14.57,1.0,1.0,5.0,7.29,0.0,0.0,0.0,0.0,0.0,0.0,0.0,0.0,3.0,3.0,15.0,21.86,50.0,45.0,5.0,97.17,1.0,1.0,5.0,4.94,4.94,0.71,0.71,1.0,0.0,,0.22,0.4,0.0,0.67,0.22,5.0,0.0,0.0,15.0,0.0
4,桃園台啤永豐雲豹,16|60|10860|10884,米勒/黃鎮/麥卡洛/徐宏瑋,1,19,20.0,296.4,4.94,04:56,296.4,4.94,04:56,10.0,10.0,50.0,72.87,9.0,9.0,45.0,65.59,7.0,7.0,35.0,51.01,5.0,5.0,25.0,36.44,5.0,5.0,25.0,36.44,5.0,5.0,25.0,36.44,2.0,2.0,10.0,14.57,0.0,0.0,0.0,0.0,0.0,0.0,0.0,0.0,0.0,0.0,0.0,0.0,0.0,0.0,0.0,0.0,2.0,2.0,10.0,14.57,1.0,1.0,5.0,7.29,6.0,6.0,30.0,43.72,2.0,2.0,10.0,14.57,2.0,2.0,10.0,14.57,1.0,1.0,5.0,7.29,0.0,0.0,0.0,0.0,0.0,0.0,0.0,0.0,3.0,3.0,15.0,21.86,50.0,45.0,5.0,97.17,1.0,1.0,5.0,4.94,4.94,0.71,0.71,1.0,0.0,,0.22,0.4,0.0,0.67,0.22,5.0,0.0,0.0,15.0,0.0
4,高雄全家海神,108|110|118|121,魏莨哲/胡瓏貿/蘇文儒/吳曉謹,1,8,8.0,126.0,2.1,02:06,126.0,2.1,02:06,9.0,9.0,112.5,154.29,2.0,2.0,25.0,34.29,4.0,4.0,50.0,68.57,3.0,3.0,37.5,51.43,0.0,0.0,0.0,0.0,0.0,0.0,0.0,0.0,4.0,4.0,50.0,68.57,3.0,3.0,37.5,51.43,0.0,0.0,0.0,0.0,0.0,0.0,0.0,0.0,0.0,0.0,0.0,0.0,1.0,1.0,12.5,17.14,0.0,0.0,0.0,0.0,1.0,1.0,12.5,17.14,0.0,0.0,0.0,0.0,3.0,3.0,37.5,51.43,0.0,0.0,0.0,0.0,0.0,0.0,0.0,0.0,0.0,0.0,0.0,0.0,2.0,2.0,25.0,34.29,112.5,25.0,87.5,91.43,7.0,7.0,87.5,2.1,2.1,1.12,1.12,,0.75,,0.0,1.0,0.0,1.0,0.5,0.0,0.0,0.0,25.0,0.0
4,高雄全家海神,108|110|118|10894,魏莨哲/胡瓏貿/蘇文儒/凱帝,1,8,8.0,126.0,2.1,02:06,126.0,2.1,02:06,9.0,9.0,112.5,154.29,2.0,2.0,25.0,34.29,4.0,4.0,50.0,68.57,3.0,3.0,37.5,51.43,0.0,0.0,0.0,0.0,0.0,0.0,0.0,0.0,4.0,4.0,50.0,68.57,3.0,3.0,37.5,51.43,0.0,0.0,0.0,0.0,0.0,0.0,0.0,0.0,0.0,0.0,0.0,0.0,1.0,1.0,12.5,17.14,0.0,0.0,0.0,0.0,1.0,1.0,12.5,17.14,0.0,0.0,0.0,0.0,3.0,3.0,37.5,51.43,0.0,0.0,0.0,0.0,0.0,0.0,0.0,0.0,0.0,0.0,0.0,0.0,2.0,2.0,25.0,34.29,112.5,25.0,87.5,91.43,7.0,7.0,87.5,2.1,2.1,1.12,1.12,,0.75,,0.0,1.0,0.0,1.0,0.5,0.0,0.0,0.0,25.0,0.0
4,高雄全家海神,108|110|121|10894,魏莨哲/胡瓏貿/吳曉謹/凱帝,1,8,8.0,126.0,2.1,02:06,126.0,2.1,02:06,9.0,9.0,112.5,154.29,2.0,2.0,25.0,34.29,4.0,4.0,50.0,68.57,3.0,3.0,37.5,51.43,0.0,0.0,0.0,0.0,0.0,0.0,0.0,0.0,4.0,4.0,50.0,68.57,3.0,3.0,37.5,51.43,0.0,0.0,0.0,0.0,0.0,0.0,0.0,0.0,0.0,0.0,0.0,0.0,1.0,1.0,12.5,17.14,0.0,0.0,0.0,0.0,1.0,1.0,12.5,17.14,0.0,0.0,0.0,0.0,3.0,3.0,37.5,51.43,0.0,0.0,0.0,0.0,0.0,0.0,0.0,0.0,0.0,0.0,0.0,0.0,2.0,2.0,25.0,34.29,112.5,25.0,87.5,91.43,7.0,7.0,87.5,2.1,2.1,1.12,1.12,,0.75,,0.0,1.0,0.0,1.0,0.5,0.0,0.0,0.0,25.0,0.0
4,高雄全家海神,108|118|121|10894,魏莨哲/蘇文儒/吳曉謹/凱帝,1,13,13.0,207.0,3.45,03:27,207.0,3.45,03:27,11.0,11.0,84.62,114.78,2.0,2.0,15.38,20.87,6.0,6.0,46.15,62.61,3.0,3.0,23.08,31.3,2.0,2.0,15.38,20.87,0.0,0.0,0.0,0.0,4.0,4.0,30.77,41.74,3.0,3.0,23.08,31.3,2.0,2.0,15.38,20.87,2.0,2.0,15.38,20.87,0.0,0.0,0.0,0.0,3.0,3.0,23.08,31.3,0.0,0.0,0.0,0.0,2.0,2.0,15.38,20.87,0.0,0.0,0.0,0.0,3.0,3.0,23.08,31.3,0.0,0.0,0.0,0.0,0.0,0.0,0.0,0.0,1.0,1.0,7.69,10.43,2.0,2.0,15.38,20.87,84.62,15.38,69.23,90.43,9.0,9.0,69.23,3.45,3.45,0.75,0.8,0.0,0.75,1.0,0.0,1.0,0.0,1.0,0.6,0.0,0.0,0.08,15.38,0.33
4,桃園台啤永豐雲豹,12|55|58|10860,曹薰襄/汪哲宇/林信寬/麥卡洛,4,97,118.0,1384.51,23.08,23:05,346.13,5.77,05:46,48.0,12.0,40.68,74.89,34.0,8.5,28.81,53.04,42.0,10.5,35.59,65.52,20.0,5.0,16.95,31.2,31.0,7.75,26.27,48.36,17.0,4.25,14.41,26.52,11.0,2.75,9.32,17.16,3.0,0.75,2.54,4.68,10.0,2.5,8.47,15.6,5.0,1.25,4.24,7.8,6.0,1.5,5.08,9.36,16.0,4.0,13.56,24.96,9.0,2.25,7.63,14.04,17.0,4.25,14.41,26.52,9.0,2.25,7.63,14.04,10.0,2.5,8.47,15.6,4.0,1.0,3.39,6.24,2.0,0.5,1.69,3.12,6.0,1.5,5.08,9.36,12.0,3.0,10.17,18.72,40.68,28.81,11.86,122.73,14.0,3.5,11.86,23.08,5.77,0.51,0.52,0.55,0.27,0.5,0.16,0.5,0.26,0.64,0.46,3.39,1.69,0.05,10.17,0.24
4,桃園台啤永豐雲豹,12|55|58|10861,曹薰襄/汪哲宇/林信寬/迪亞洛,9,152,183.0,2318.01,38.63,38:38,257.56,4.29,04:18,63.0,7.0,34.43,58.71,64.0,7.11,34.97,59.64,57.0,6.33,31.15,53.11,23.0,2.56,12.57,21.43,43.0,4.78,23.5,40.07,19.0,2.11,10.38,17.7,14.0,1.56,7.65,13.05,4.0,0.44,2.19,3.73,24.0,2.67,13.11,22.36,13.0,1.44,7.1,12.11,8.0,0.89,4.37,7.45,32.0,3.56,17.49,29.82,17.0,1.89,9.29,15.84,30.0,3.33,16.39,27.95,16.0,1.78,8.74,14.91,15.0,1.67,8.2,13.98,5.0,0.56,2.73,4.66,5.0,0.56,2.73,4.66,18.0,2.0,9.84,16.77,24.0,2.67,13.11,22.36,34.43,34.97,-0.55,113.68,-1.0,-0.11,-0.55,38.63,4.29,0.44,0.47,0.44,0.29,0.54,0.19,0.65,0.21,0.65,0.46,2.73,2.73,0.1,13.11,0.42
4,桃園台啤永豐雲豹,12|55|10860|10861,曹薰襄/汪哲宇/麥卡洛/迪亞洛,4,69,81.0,907.89,15.13,15:08,226.97,3.78,03:47,34.0,8.5,41.98,80.89,27.0,6.75,33.33,64.24,26.0,6.5,32.1,61.86,13.0,3.25,16.05,30.93,20.0,5.0,24.69,47.58,11.0,2.75,13.58,26.17,6.0,1.5,7.41,14.27,2.0,0.5,2.47,4.76,10.0,2.5,12.35,23.79,6.0,1.5,7.41,14.27,3.0,0.75,3.7,7.14,11.0,2.75,13.58,26.17,5.0,1.25,6.17,11.9,12.0,3.0,14.81,28.55,7.0,1.75,8.64,16.65,8.0,2.0,9.88,19.03,3.0,0.75,3.7,7.14,1.0,0.25,1.23,2.38,6.0,1.5,7.41,14.27,6.0,1.5,7.41,14.27,41.98,33.33,8.64,128.47,7.0,1.75,8.64,15.13,3.78,0.54,0.56,0.55,0.33,0.6,0.19,0.62,0.2,0.69,0.45,3.7,1.23,0.07,7.41,0.38
4,桃園台啤永豐雲豹,55|58|10860|10861,汪哲宇/林信寬/麥卡洛/迪亞洛,3,64,75.0,826.7,13.78,13:47,275.57,4.59,04:36,30.0,10.0,40.0,78.38,22.0,7.33,29.33,57.48,23.0,7.67,30.67,60.09,12.0,4.0,16.0,31.35,18.0,6.0,24.0,47.03,10.0,3.33,13.33,26.13,5.0,1.67,6.67,13.06,2.0,0.67,2.67,5.23,8.0,2.67,10.67,20.9,4.0,1.33,5.33,10.45,2.0,0.67,2.67,5.23,10.0,3.33,13.33,26.13,5.0,1.67,6.67,13.06,12.0,4.0,16.0,31.35,7.0,2.33,9.33,18.29,7.0,2.33,9.33,18.29,3.0,1.0,4.0,7.84,1.0,0.33,1.33,2.61,6.0,2.0,8.0,15.68,6.0,2.0,8.0,15.68,40.0,29.33,10.67,130.64,8.0,2.67,10.67,13.78,4.59,0.57,0.57,0.56,0.4,0.5,0.21,0.58,0.14,0.67,0.41,4.0,1.33,0.08,8.0,0.35
4,高雄全家海神,108|118|121|123,魏莨哲/蘇文儒/吳曉謹/勤明慶,2,20,26.0,299.62,4.99,05:00,149.81,2.5,02:30,9.0,4.5,34.62,64.88,8.0,4.0,30.77,57.67,12.0,6.0,46.15,86.51,2.0,1.0,7.69,14.42,6.0,3.0,23.08,43.26,1.0,0.5,3.85,7.21,6.0,3.0,23.08,43.26,1.0,0.5,3.85,7.21,5.0,2.5,19.23,36.05,4.0,2.0,15.38,28.84,4.0,2.0,15.38,28.84,6.0,3.0,23.08,43.26,0.0,0.0,0.0,0.0,2.0,1.0,7.69,14.42,1.0,0.5,3.85,7.21,1.0,0.5,3.85,7.21,1.0,0.5,3.85,7.21,1.0,0.5,3.85,7.21,3.0,1.5,11.54,21.63,2.0,1.0,7.69,14.42,34.62,30.77,3.85,124.96,1.0,0.5,3.85,4.99,2.5,0.21,0.32,0.17,0.17,0.8,0.07,0.5,0.67,1.0,0.83,3.85,3.85,0.12,7.69,0.42
4,高雄全家海神,108|118|123|10894,魏莨哲/蘇文儒/勤明慶/凱帝,1,10,10.0,142.6,2.38,02:23,142.6,2.38,02:23,5.0,5.0,50.0,75.73,4.0,4.0,40.0,60.59,4.0,4.0,40.0,60.59,1.0,1.0,10.0,15.15,2.0,2.0,20.0,30.29,0.0,0.0,0.0,0.0,2.0,2.0,20.0,30.29,1.0,1.0,10.0,15.15,2.0,2.0,20.0,30.29,2.0,2.0,20.0,30.29,0.0,0.0,0.0,0.0,3.0,3.0,30.0,45.44,0.0,0.0,0.0,0.0,1.0,1.0,10.0,15.15,0.0,0.0,0.0,0.0,0.0,0.0,0.0,0.0,0.0,0.0,0.0,0.0,0.0,0.0,0.0,0.0,1.0,1.0,10.0,15.15,2.0,2.0,20.0,30.29,50.0,40.0,10.0,100.98,1.0,1.0,10.0,2.38,2.38,0.38,0.51,0.0,0.5,1.0,0.0,0.0,0.0,1.0,0.75,0.0,0.0,0.1,20.0,0.5
4,高雄全家海神,118|121|123|10894,蘇文儒/吳曉謹/勤明慶/凱帝,1,5,5.0,81.0,1.35,01:21,81.0,1.35,01:21,2.0,2.0,40.0,53.33,0.0,0.0,0.0,0.0,2.0,2.0,40.0,53.33,0.0,0.0,0.0,0.0,2.0,2.0,40.0,53.33,0.0,0.0,0.0,0.0,0.0,0.0,0.0,0.0,0.0,0.0,0.0,0.0,2.0,2.0,40.0,53.33,2.0,2.0,40.0,53.33,0.0,0.0,0.0,0.0,2.0,2.0,40.0,53.33,0.0,0.0,0.0,0.0,1.0,1.0,20.0,26.67,0.0,0.0,0.0,0.0,0.0,0.0,0.0,0.0,0.0,0.0,0.0,0.0,0.0,0.0,0.0,0.0,1.0,1.0,20.0,26.67,0.0,0.0,0.0,0.0,40.0,0.0,40.0,88.89,2.0,2.0,40.0,1.35,1.35,0.0,0.35,0.0,,1.0,0.0,,0.0,1.0,0.67,0.0,0.0,0.2,0.0,1.0
4,桃園台啤永豐雲豹,12|16|55|58,曹薰襄/米勒/汪哲宇/林信寬,8,115,143.0,1959.03,32.65,32:39,244.88,4.08,04:05,48.0,6.0,33.57,52.92,51.0,6.38,35.66,56.23,49.0,6.12,34.27,54.03,17.0,2.12,11.89,18.74,31.0,3.88,21.68,34.18,13.0,1.62,9.09,14.33,18.0,2.25,12.59,19.85,4.0,0.5,2.8,4.41,16.0,2.0,11.19,17.64,10.0,1.25,6.99,11.03,8.0,1.0,5.59,8.82,27.0,3.38,18.88,29.77,14.0,1.75,9.79,15.44,22.0,2.75,15.38,24.26,10.0,1.25,6.99,11.03,9.0,1.12,6.29,9.92,2.0,0.25,1.4,2.21,4.0,0.5,2.8,4.41,12.0,1.5,8.39,13.23,24.0,3.0,16.78,26.46,33.57,35.66,-2.1,105.11,-3.0,-0.38,-2.1,32.65,4.08,0.39,0.43,0.42,0.22,0.62,0.15,0.53,0.27,0.66,0.49,1.4,2.8,0.08,16.78,0.33
4,桃園台啤永豐雲豹,12|16|55|10861,曹薰襄/米勒/汪哲宇/迪亞洛,8,119,148.0,2031.56,33.86,33:52,253.95,4.23,04:14,49.0,6.12,33.11,52.1,65.0,8.12,43.92,69.11,49.0,6.12,33.11,52.1,18.0,2.25,12.16,19.14,36.0,4.5,24.32,38.28,15.0,1.88,10.14,15.95,13.0,1.62,8.78,13.82,3.0,0.38,2.03,3.19,17.0,2.12,11.49,18.07,10.0,1.25,6.76,10.63,11.0,1.38,7.43,11.7,24.0,3.0,16.22,25.52,14.0,1.75,9.46,14.89,21.0,2.62,14.19,22.33,14.0,1.75,9.46,14.89,9.0,1.12,6.08,9.57,5.0,0.62,3.38,5.32,5.0,0.62,3.38,5.32,15.0,1.88,10.14,15.95,23.0,2.88,15.54,24.45,33.11,43.92,-10.81,104.9,-16.0,-2.0,-10.81,33.86,4.23,0.4,0.43,0.42,0.23,0.59,0.2,0.5,0.34,0.63,0.5,3.38,3.38,0.1,15.54,0.35
4,桃園台啤永豐雲豹,12|16|58|10861,曹薰襄/米勒/林信寬/迪亞洛,12,371,439.0,6622.49,110.37,110:22,551.87,9.2,09:12,170.0,14.17,38.72,55.45,170.0,14.17,38.72,55.45,162.0,13.5,36.9,52.84,67.0,5.58,15.26,21.85,117.0,9.75,26.65,38.16,57.0,4.75,12.98,18.59,45.0,3.75,10.25,14.68,10.0,0.83,2.28,3.26,45.0,3.75,10.25,14.68,26.0,2.17,5.92,8.48,30.0,2.5,6.83,9.78,73.0,6.08,16.63,23.81,27.0,2.25,6.15,8.81,83.0,6.92,18.91,27.07,33.0,2.75,7.52,10.76,40.0,3.33,9.11,13.05,12.0,1.0,2.73,3.91,11.0,0.92,2.51,3.59,40.0,3.33,9.11,13.05,43.0,3.58,9.79,14.02,38.72,38.72,0.0,95.46,0.0,0.0,0.0,110.37,9.2,0.44,0.47,0.49,0.22,0.58,0.15,0.6,0.27,0.73,0.48,2.73,2.51,0.09,9.79,0.28
4,桃園台啤永豐雲豹,16|55|58|10861,米勒/汪哲宇/林信寬/迪亞洛,7,101,122.0,1713.0,28.55,28:33,244.71,4.08,04:05,34.0,4.86,27.87,42.87,45.0,6.43,36.89,56.74,39.0,5.57,31.97,49.18,12.0,1.71,9.84,15.13,28.0,4.0,22.95,35.31,10.0,1.43,8.2,12.61,11.0,1.57,9.02,13.87,2.0,0.29,1.64,2.52,15.0,2.14,12.3,18.91,8.0,1.14,6.56,10.09,6.0,0.86,4.92,7.57,25.0,3.57,20.49,31.52,11.0,1.57,9.02,13.87,23.0,3.29,18.85,29.0,11.0,1.57,9.02,13.87,9.0,1.29,7.38,11.35,3.0,0.43,2.46,3.78,4.0,0.57,3.28,5.04,11.0,1.57,9.02,13.87,20.0,2.86,16.39,25.22,27.87,36.89,-9.02,102.56,-11.0,-1.57,-9.02,28.55,4.08,0.33,0.37,0.36,0.18,0.53,0.19,0.75,0.21,0.69,0.48,2.46,3.28,0.09,16.39,0.38
4,高雄全家海神,108|118|123|10891,魏莨哲/蘇文儒/勤明慶/廖偉皓,1,5,5.0,61.6,1.03,01:02,61.6,1.03,01:02,3.0,3.0,60.0,105.19,4.0,4.0,80.0,140.25,2.0,2.0,40.0,70.13,1.0,1.0,20.0,35.06,0.0,0.0,0.0,0.0,0.0,0.0,0.0,0.0,2.0,2.0,40.0,70.13,1.0,1.0,20.0,35.06,0.0,0.0,0.0,0.0,0.0,0.0,0.0,0.0,0.0,0.0,0.0,0.0,1.0,1.0,20.0,35.06,0.0,0.0,0.0,0.0,0.0,0.0,0.0,0.0,0.0,0.0,0.0,0.0,0.0,0.0,0.0,0.0,0.0,0.0,0.0,0.0,0.0,0.0,0.0,0.0,0.0,0.0,0.0,0.0,2.0,2.0,40.0,70.13,60.0,80.0,-20.0,116.88,-1.0,-1.0,-20.0,1.03,1.03,0.75,0.75,,0.5,,0.0,0.0,,1.0,1.0,0.0,0.0,0.0,40.0,0.0
4,高雄全家海神,108|118|10891|10894,魏莨哲/蘇文儒/廖偉皓/凱帝,1,5,5.0,61.6,1.03,01:02,61.6,1.03,01:02,3.0,3.0,60.0,105.19,4.0,4.0,80.0,140.25,2.0,2.0,40.0,70.13,1.0,1.0,20.0,35.06,0.0,0.0,0.0,0.0,0.0,0.0,0.0,0.0,2.0,2.0,40.0,70.13,1.0,1.0,20.0,35.06,0.0,0.0,0.0,0.0,0.0,0.0,0.0,0.0,0.0,0.0,0.0,0.0,1.0,1.0,20.0,35.06,0.0,0.0,0.0,0.0,0.0,0.0,0.0,0.0,0.0,0.0,0.0,0.0,0.0,0.0,0.0,0.0,0.0,0.0,0.0,0.0,0.0,0.0,0.0,0.0,0.0,0.0,0.0,0.0,2.0,2.0,40.0,70.13,60.0,80.0,-20.0,116.88,-1.0,-1.0,-20.0,1.03,1.03,0.75,0.75,,0.5,,0.0,0.0,,1.0,1.0,0.0,0.0,0.0,40.0,0.0
4,高雄全家海神,108|123|10891|10894,魏莨哲/勤明慶/廖偉皓/凱帝,1,13,15.0,219.05,3.65,03:39,219.05,3.65,03:39,5.0,5.0,33.33,49.3,6.0,6.0,40.0,59.16,7.0,7.0,46.67,69.03,1.0,1.0,6.67,9.86,4.0,4.0,26.67,39.44,0.0,0.0,0.0,0.0,3.0,3.0,20.0,29.58,1.0,1.0,6.67,9.86,2.0,2.0,13.33,19.72,2.0,2.0,13.33,19.72,1.0,1.0,6.67,9.86,5.0,5.0,33.33,49.3,0.0,0.0,0.0,0.0,1.0,1.0,6.67,9.86,0.0,0.0,0.0,0.0,0.0,0.0,0.0,0.0,0.0,0.0,0.0,0.0,1.0,1.0,6.67,9.86,2.0,2.0,13.33,19.72,3.0,3.0,20.0,29.58,33.33,40.0,-6.67,98.61,-1.0,-1.0,-6.67,3.65,3.65,0.21,0.32,0.0,0.33,1.0,0.0,0.0,0.5,1.0,0.86,0.0,6.67,0.13,20.0,0.29
4,高雄全家海神,118|123|10891|10894,蘇文儒/勤明慶/廖偉皓/凱帝,1,5,5.0,61.6,1.03,01:02,61.6,1.03,01:02,3.0,3.0,60.0,105.19,4.0,4.0,80.0,140.25,2.0,2.0,40.0,70.13,1.0,1.0,20.0,35.06,0.0,0.0,0.0,0.0,0.0,0.0,0.0,0.0,2.0,2.0,40.0,70.13,1.0,1.0,20.0,35.06,0.0,0.0,0.0,0.0,0.0,0.0,0.0,0.0,0.0,0.0,0.0,0.0,1.0,1.0,20.0,35.06,0.0,0.0,0.0,0.0,0.0,0.0,0.0,0.0,0.0,0.0,0.0,0.0,0.0,0.0,0.0,0.0,0.0,0.0,0.0,0.0,0.0,0.0,0.0,0.0,0.0,0.0,0.0,0.0,2.0,2.0,40.0,70.13,60.0,80.0,-20.0,116.88,-1.0,-1.0,-20.0,1.03,1.03,0.75,0.75,,0.5,,0.0,0.0,,1.0,1.0,0.0,0.0,0.0,40.0,0.0
4,高雄全家海神,108|109|123|10891,魏莨哲/于煥亞/勤明慶/廖偉皓,1,8,10.0,157.45,2.62,02:37,157.45,2.62,02:37,2.0,2.0,20.0,27.44,2.0,2.0,20.0,27.44,5.0,5.0,50.0,68.59,0.0,0.0,0.0,0.0,4.0,4.0,40.0,54.88,0.0,0.0,0.0,0.0,1.0,1.0,10.0,13.72,0.0,0.0,0.0,0.0,2.0,2.0,20.0,27.44,2.0,2.0,20.0,27.44,1.0,1.0,10.0,13.72,4.0,4.0,40.0,54.88,0.0,0.0,0.0,0.0,1.0,1.0,10.0,13.72,0.0,0.0,0.0,0.0,0.0,0.0,0.0,0.0,0.0,0.0,0.0,0.0,1.0,1.0,10.0,13.72,2.0,2.0,20.0,27.44,1.0,1.0,10.0,13.72,20.0,20.0,0.0,91.46,0.0,0.0,0.0,2.62,2.62,0.0,0.17,0.0,0.0,1.0,0.0,,0.5,1.0,0.83,0.0,10.0,0.2,10.0,0.4
4,高雄全家海神,108|109|10891|10894,魏莨哲/于煥亞/廖偉皓/凱帝,1,8,10.0,157.45,2.62,02:37,157.45,2.62,02:37,2.0,2.0,20.0,27.44,2.0,2.0,20.0,27.44,5.0,5.0,50.0,68.59,0.0,0.0,0.0,0.0,4.0,4.0,40.0,54.88,0.0,0.0,0.0,0.0,1.0,1.0,10.0,13.72,0.0,0.0,0.0,0.0,2.0,2.0,20.0,27.44,2.0,2.0,20.0,27.44,1.0,1.0,10.0,13.72,4.0,4.0,40.0,54.88,0.0,0.0,0.0,0.0,1.0,1.0,10.0,13.72,0.0,0.0,0.0,0.0,0.0,0.0,0.0,0.0,0.0,0.0,0.0,0.0,1.0,1.0,10.0,13.72,2.0,2.0,20.0,27.44,1.0,1.0,10.0,13.72,20.0,20.0,0.0,91.46,0.0,0.0,0.0,2.62,2.62,0.0,0.17,0.0,0.0,1.0,0.0,,0.5,1.0,0.83,0.0,10.0,0.2,10.0,0.4
4,高雄全家海神,109|123|10891|10894,于煥亞/勤明慶/廖偉皓/凱帝,1,8,10.0,157.45,2.62,02:37,157.45,2.62,02:37,2.0,2.0,20.0,27.44,2.0,2.0,20.0,27.44,5.0,5.0,50.0,68.59,0.0,0.0,0.0,0.0,4.0,4.0,40.0,54.88,0.0,0.0,0.0,0.0,1.0,1.0,10.0,13.72,0.0,0.0,0.0,0.0,2.0,2.0,20.0,27.44,2.0,2.0,20.0,27.44,1.0,1.0,10.0,13.72,4.0,4.0,40.0,54.88,0.0,0.0,0.0,0.0,1.0,1.0,10.0,13.72,0.0,0.0,0.0,0.0,0.0,0.0,0.0,0.0,0.0,0.0,0.0,0.0,1.0,1.0,10.0,13.72,2.0,2.0,20.0,27.44,1.0,1.0,10.0,13.72,20.0,20.0,0.0,91.46,0.0,0.0,0.0,2.62,2.62,0.0,0.17,0.0,0.0,1.0,0.0,,0.5,1.0,0.83,0.0,10.0,0.2,10.0,0.4
4,桃園台啤永豐雲豹,16|55|58|10884,米勒/汪哲宇/林信寬/徐宏瑋,1,4,6.0,90.4,1.51,01:30,90.4,1.51,01:30,0.0,0.0,0.0,0.0,0.0,0.0,0.0,0.0,1.0,1.0,16.67,23.89,0.0,0.0,0.0,0.0,1.0,1.0,16.67,23.89,0.0,0.0,0.0,0.0,0.0,0.0,0.0,0.0,0.0,0.0,0.0,0.0,0.0,0.0,0.0,0.0,0.0,0.0,0.0,0.0,0.0,0.0,0.0,0.0,1.0,1.0,16.67,23.89,1.0,1.0,16.67,23.89,2.0,2.0,33.33,47.79,1.0,1.0,16.67,23.89,0.0,0.0,0.0,0.0,0.0,0.0,0.0,0.0,0.0,0.0,0.0,0.0,0.0,0.0,0.0,0.0,0.0,0.0,0.0,0.0,0.0,0.0,0.0,95.57,0.0,0.0,0.0,1.51,1.51,0.0,0.0,0.0,,,0.5,,0.0,0.5,0.25,0.0,0.0,0.0,0.0,0.0
4,桃園台啤永豐雲豹,16|55|10861|10884,米勒/汪哲宇/迪亞洛/徐宏瑋,2,8,12.0,152.4,2.54,02:32,76.2,1.27,01:16,0.0,0.0,0.0,0.0,4.0,2.0,33.33,56.69,2.0,1.0,16.67,28.35,0.0,0.0,0.0,0.0,2.0,1.0,16.67,28.35,0.0,0.0,0.0,0.0,0.0,0.0,0.0,0.0,0.0,0.0,0.0,0.0,0.0,0.0,0.0,0.0,0.0,0.0,0.0,0.0,1.0,0.5,8.33,14.17,1.0,0.5,8.33,14.17,2.0,1.0,16.67,28.35,2.0,1.0,16.67,28.35,3.0,1.5,25.0,42.52,0.0,0.0,0.0,0.0,2.0,1.0,16.67,28.35,1.0,0.5,8.33,14.17,0.0,0.0,0.0,0.0,0.0,0.0,0.0,0.0,0.0,33.33,-33.33,113.38,-4.0,-2.0,-33.33,2.54,1.27,0.0,0.0,0.0,,,0.6,,0.33,0.33,0.33,16.67,8.33,0.0,0.0,0.0
4,桃園台啤永豐雲豹,16|58|10861|10884,米勒/林信寬/迪亞洛/徐宏瑋,4,41,52.0,1362.98,22.72,22:43,340.75,5.68,05:41,25.0,6.25,48.08,39.62,19.0,4.75,36.54,30.11,19.0,4.75,36.54,30.11,11.0,2.75,21.15,17.43,15.0,3.75,28.85,23.77,10.0,2.5,19.23,15.85,4.0,1.0,7.69,6.34,1.0,0.25,1.92,1.58,4.0,1.0,7.69,6.34,2.0,0.5,3.85,3.17,5.0,1.25,9.62,7.92,4.0,1.0,7.69,6.34,4.0,1.0,7.69,6.34,9.0,2.25,17.31,14.26,4.0,1.0,7.69,6.34,6.0,1.5,11.54,9.51,2.0,0.5,3.85,3.17,1.0,0.25,1.92,1.58,7.0,1.75,13.46,11.09,3.0,0.75,5.77,4.75,48.08,36.54,11.54,54.94,6.0,1.5,11.54,22.72,5.68,0.61,0.6,0.67,0.25,0.5,0.16,0.55,0.36,0.5,0.41,3.85,1.92,0.13,5.77,0.21
4,桃園台啤永豐雲豹,55|58|10861|10884,汪哲宇/林信寬/迪亞洛/徐宏瑋,2,9,11.0,170.49,2.84,02:50,85.24,1.42,01:25,3.0,1.5,27.27,38.01,2.0,1.0,18.18,25.34,2.0,1.0,18.18,25.34,1.0,0.5,9.09,12.67,2.0,1.0,18.18,25.34,1.0,0.5,9.09,12.67,0.0,0.0,0.0,0.0,0.0,0.0,0.0,0.0,3.0,1.5,27.27,38.01,1.0,0.5,9.09,12.67,0.0,0.0,0.0,0.0,2.0,1.0,18.18,25.34,1.0,0.5,9.09,12.67,4.0,2.0,36.36,50.68,1.0,0.5,9.09,12.67,1.0,0.5,9.09,12.67,0.0,0.0,0.0,0.0,0.0,0.0,0.0,0.0,1.0,0.5,9.09,12.67,2.0,1.0,18.18,25.34,27.27,18.18,9.09,92.91,1.0,0.5,9.09,2.84,1.42,0.5,0.45,0.5,,0.33,0.23,1.0,0.0,0.67,0.29,0.0,0.0,0.09,18.18,1.5
4,桃園台啤永豐雲豹,55|56|58|10861,汪哲宇/丁冠皓/林信寬/迪亞洛,1,4,4.0,67.04,1.12,01:07,67.04,1.12,01:07,2.0,2.0,50.0,64.44,2.0,2.0,50.0,64.44,1.0,1.0,25.0,32.22,1.0,1.0,25.0,32.22,1.0,1.0,25.0,32.22,1.0,1.0,25.0,32.22,0.0,0.0,0.0,0.0,0.0,0.0,0.0,0.0,1.0,1.0,25.0,32.22,0.0,0.0,0.0,0.0,0.0,0.0,0.0,0.0,0.0,0.0,0.0,0.0,0.0,0.0,0.0,0.0,2.0,2.0,50.0,64.44,0.0,0.0,0.0,0.0,1.0,1.0,25.0,32.22,0.0,0.0,0.0,0.0,0.0,0.0,0.0,0.0,1.0,1.0,25.0,32.22,2.0,2.0,50.0,64.44,50.0,50.0,0.0,85.92,0.0,0.0,0.0,1.12,1.12,1.0,0.69,1.0,,0.0,0.0,1.0,0.0,,0.0,0.0,0.0,0.25,50.0,1.0
4,桃園台啤永豐雲豹,55|56|58|10884,汪哲宇/丁冠皓/林信寬/徐宏瑋,2,8,8.0,154.27,2.57,02:34,77.14,1.29,01:17,2.0,1.0,25.0,28.0,2.0,1.0,25.0,28.0,3.0,1.5,37.5,42.0,1.0,0.5,12.5,14.0,1.0,0.5,12.5,14.0,1.0,0.5,12.5,14.0,2.0,1.0,25.0,28.0,0.0,0.0,0.0,0.0,1.0,0.5,12.5,14.0,0.0,0.0,0.0,0.0,0.0,0.0,0.0,0.0,2.0,1.0,25.0,28.0,0.0,0.0,0.0,0.0,3.0,1.5,37.5,42.0,0.0,0.0,0.0,0.0,1.0,0.5,12.5,14.0,0.0,0.0,0.0,0.0,0.0,0.0,0.0,0.0,1.0,0.5,12.5,14.0,2.0,1.0,25.0,28.0,25.0,25.0,0.0,74.67,0.0,0.0,0.0,2.57,1.29,0.33,0.29,1.0,0.0,0.0,0.0,1.0,0.0,1.0,0.4,0.0,0.0,0.12,25.0,0.33
4,桃園台啤永豐雲豹,55|56|10861|10884,汪哲宇/丁冠皓/迪亞洛/徐宏瑋,2,9,11.0,150.91,2.52,02:31,75.45,1.26,01:15,6.0,3.0,54.55,85.88,4.0,2.0,36.36,57.25,4.0,2.0,36.36,57.25,3.0,1.5,27.27,42.94,3.0,1.5,27.27,42.94,3.0,1.5,27.27,42.94,1.0,0.5,9.09,14.31,0.0,0.0,0.0,0.0,1.0,0.5,9.09,14.31,0.0,0.0,0.0,0.0,1.0,0.5,9.09,14.31,0.0,0.0,0.0,0.0,0.0,0.0,0.0,0.0,3.0,1.5,27.27,42.94,0.0,0.0,0.0,0.0,2.0,1.0,18.18,28.63,0.0,0.0,0.0,0.0,0.0,0.0,0.0,0.0,1.0,0.5,9.09,14.31,2.0,1.0,18.18,28.63,54.55,36.36,18.18,104.96,2.0,1.0,18.18,2.52,1.26,0.75,0.68,1.0,0.0,0.0,0.0,0.67,0.25,,0.25,0.0,0.0,0.09,18.18,0.25
4,桃園台啤永豐雲豹,56|58|10861|10884,丁冠皓/林信寬/迪亞洛/徐宏瑋,1,4,4.0,67.04,1.12,01:07,67.04,1.12,01:07,2.0,2.0,50.0,64.44,2.0,2.0,50.0,64.44,1.0,1.0,25.0,32.22,1.0,1.0,25.0,32.22,1.0,1.0,25.0,32.22,1.0,1.0,25.0,32.22,0.0,0.0,0.0,0.0,0.0,0.0,0.0,0.0,1.0,1.0,25.0,32.22,0.0,0.0,0.0,0.0,0.0,0.0,0.0,0.0,0.0,0.0,0.0,0.0,0.0,0.0,0.0,0.0,2.0,2.0,50.0,64.44,0.0,0.0,0.0,0.0,1.0,1.0,25.0,32.22,0.0,0.0,0.0,0.0,0.0,0.0,0.0,0.0,1.0,1.0,25.0,32.22,2.0,2.0,50.0,64.44,50.0,50.0,0.0,85.92,0.0,0.0,0.0,1.12,1.12,1.0,0.69,1.0,,0.0,0.0,1.0,0.0,,0.0,0.0,0.0,0.25,50.0,1.0
4,新竹御嵿攻城獅,76|90|10885|10887,曾柏喻/李啓瑋/劉丞勳/德魯,4,125,148.0,1831.04,30.52,30:31,457.76,7.63,07:38,66.0,16.5,44.59,77.86,47.0,11.75,31.76,55.44,47.0,11.75,31.76,55.44,22.0,5.5,14.86,25.95,24.0,6.0,16.22,28.31,14.0,3.5,9.46,16.52,23.0,5.75,15.54,27.13,8.0,2.0,5.41,9.44,16.0,4.0,10.81,18.87,14.0,3.5,9.46,16.52,6.0,1.5,4.05,7.08,19.0,4.75,12.84,22.41,9.0,2.25,6.08,10.62,31.0,7.75,20.95,36.57,16.0,4.0,10.81,18.87,18.0,4.5,12.16,21.23,9.0,2.25,6.08,10.62,0.0,0.0,0.0,0.0,17.0,4.25,11.49,20.05,13.0,3.25,8.78,15.34,44.59,31.76,12.84,116.39,19.0,4.75,12.84,30.52,7.63,0.55,0.61,0.58,0.35,0.88,0.23,0.82,0.16,0.68,0.38,6.08,0.0,0.11,8.78,0.34
4,新竹御嵿攻城獅,76|90|10885|10888,曾柏喻/李啓瑋/劉丞勳/帕塞獅,3,48,59.0,696.48,11.61,11:36,232.16,3.87,03:52,21.0,7.0,35.59,65.13,17.0,5.67,28.81,52.72,19.0,6.33,32.2,58.92,8.0,2.67,13.56,24.81,8.0,2.67,13.56,24.81,5.0,1.67,8.47,15.51,11.0,3.67,18.64,34.11,3.0,1.0,5.08,9.3,3.0,1.0,5.08,9.3,2.0,0.67,3.39,6.2,3.0,1.0,5.08,9.3,8.0,2.67,13.56,24.81,2.0,0.67,3.39,6.2,15.0,5.0,25.42,46.52,9.0,3.0,15.25,27.91,7.0,2.33,11.86,21.71,5.0,1.67,8.47,15.51,0.0,0.0,0.0,0.0,6.0,2.0,10.17,18.61,3.0,1.0,5.08,9.3,35.59,28.81,6.78,121.98,4.0,1.33,6.78,11.61,3.87,0.5,0.52,0.62,0.27,0.67,0.31,0.88,0.17,0.8,0.39,8.47,0.0,0.1,5.08,0.16
4,新竹御嵿攻城獅,76|10885|10887|10888,曾柏喻/劉丞勳/德魯/帕塞獅,17,762,918.0,12634.84,210.58,210:35,743.23,12.39,12:23,408.0,24.0,44.44,69.75,355.0,20.88,38.67,60.69,346.0,20.35,37.69,59.15,156.0,9.18,16.99,26.67,224.0,13.18,24.4,38.29,115.0,6.76,12.53,19.66,122.0,7.18,13.29,20.86,41.0,2.41,4.47,7.01,88.0,5.18,9.59,15.04,57.0,3.35,6.21,9.74,54.0,3.18,5.88,9.23,155.0,9.12,16.88,26.5,57.0,3.35,6.21,9.74,167.0,9.82,18.19,28.55,56.0,3.29,6.1,9.57,96.0,5.65,10.46,16.41,26.0,1.53,2.83,4.44,11.0,0.65,1.2,1.88,96.0,5.65,10.46,16.41,63.0,3.71,6.86,10.77,44.44,38.67,5.77,104.62,53.0,3.12,5.77,210.58,12.39,0.51,0.53,0.51,0.34,0.65,0.13,0.62,0.24,0.73,0.48,2.83,1.2,0.1,6.86,0.25
4,新竹御嵿攻城獅,90|10885|10887|10888,李啓瑋/劉丞勳/德魯/帕塞獅,3,69,81.0,924.57,15.41,15:25,308.19,5.14,05:08,33.0,11.0,40.74,77.1,27.0,9.0,33.33,63.08,25.0,8.33,30.86,58.41,12.0,4.0,14.81,28.03,12.0,4.0,14.81,28.03,8.0,2.67,9.88,18.69,13.0,4.33,16.05,30.37,4.0,1.33,4.94,9.34,8.0,2.67,9.88,18.69,5.0,1.67,6.17,11.68,4.0,1.33,4.94,9.34,10.0,3.33,12.35,23.36,2.0,0.67,2.47,4.67,19.0,6.33,23.46,44.39,11.0,3.67,13.58,25.7,10.0,3.33,12.35,23.36,6.0,2.0,7.41,14.02,0.0,0.0,0.0,0.0,9.0,3.0,11.11,21.03,4.0,1.33,4.94,9.34,40.74,33.33,7.41,126.16,6.0,2.0,7.41,15.41,5.14,0.56,0.58,0.67,0.31,0.62,0.28,0.83,0.17,0.83,0.4,7.41,0.0,0.11,4.94,0.32
4,新竹御嵿攻城獅,76|82|10885|10887,曾柏喻/蕭順議/劉丞勳/德魯,4,98,123.0,1532.47,25.54,25:32,383.12,6.39,06:23,42.0,10.5,34.15,59.2,46.0,11.5,37.4,64.84,40.0,10.0,32.52,56.38,17.0,4.25,13.82,23.96,29.0,7.25,23.58,40.88,14.0,3.5,11.38,19.73,11.0,2.75,8.94,15.5,3.0,0.75,2.44,4.23,7.0,1.75,5.69,9.87,5.0,1.25,4.07,7.05,7.0,1.75,5.69,9.87,17.0,4.25,13.82,23.96,11.0,2.75,8.94,15.5,25.0,6.25,20.33,35.24,14.0,3.5,11.38,19.73,9.0,2.25,7.32,12.69,8.0,2.0,6.5,11.28,0.0,0.0,0.0,0.0,13.0,3.25,10.57,18.32,15.0,3.75,12.2,21.14,34.15,37.4,-3.25,115.58,-4.0,-1.0,-3.25,25.54,6.39,0.46,0.49,0.48,0.27,0.71,0.25,0.53,0.22,0.61,0.4,6.5,0.0,0.11,12.2,0.18
4,新竹御嵿攻城獅,76|82|10885|10888,曾柏喻/蕭順議/劉丞勳/帕塞獅,4,78,100.0,1317.55,21.96,21:58,329.39,5.49,05:29,36.0,9.0,36.0,59.02,38.0,9.5,38.0,62.3,36.0,9.0,36.0,59.02,16.0,4.0,16.0,26.23,25.0,6.25,25.0,40.99,13.0,3.25,13.0,21.31,11.0,2.75,11.0,18.03,3.0,0.75,3.0,4.92,5.0,1.25,5.0,8.2,1.0,0.25,1.0,1.64,9.0,2.25,9.0,14.75,14.0,3.5,14.0,22.95,7.0,1.75,7.0,11.48,17.0,4.25,17.0,27.87,11.0,2.75,11.0,18.03,10.0,2.5,10.0,16.39,4.0,1.0,4.0,6.56,0.0,0.0,0.0,0.0,10.0,2.5,10.0,16.39,6.0,1.5,6.0,9.84,36.0,38.0,-2.0,109.29,-2.0,-0.5,-2.0,21.96,5.49,0.49,0.47,0.52,0.27,0.2,0.22,0.62,0.35,0.67,0.49,4.0,0.0,0.1,6.0,0.14
4,新竹御嵿攻城獅,76|82|10887|10888,曾柏喻/蕭順議/德魯/帕塞獅,6,106,133.0,1734.61,28.91,28:55,289.1,4.82,04:49,54.0,9.0,40.6,67.24,50.0,8.33,37.59,62.26,46.0,7.67,34.59,57.28,22.0,3.67,16.54,27.4,33.0,5.5,24.81,41.09,17.0,2.83,12.78,21.17,13.0,2.17,9.77,16.19,5.0,0.83,3.76,6.23,8.0,1.33,6.02,9.96,5.0,0.83,3.76,6.23,9.0,1.5,6.77,11.21,17.0,2.83,12.78,21.17,10.0,1.67,7.52,12.45,26.0,4.33,19.55,32.38,13.0,2.17,9.77,16.19,13.0,2.17,9.77,16.19,5.0,0.83,3.76,6.23,0.0,0.0,0.0,0.0,15.0,2.5,11.28,18.68,9.0,1.5,6.77,11.21,40.6,37.59,3.01,110.41,4.0,0.67,3.01,28.91,4.82,0.53,0.55,0.52,0.38,0.62,0.21,0.59,0.26,0.63,0.42,3.76,0.0,0.11,6.77,0.17
4,新竹御嵿攻城獅,82|10885|10887|10888,蕭順議/劉丞勳/德魯/帕塞獅,5,87,105.0,1372.57,22.88,22:53,274.51,4.58,04:35,36.0,7.2,34.29,56.65,37.0,7.4,35.24,58.23,34.0,6.8,32.38,53.51,15.0,3.0,14.29,23.61,26.0,5.2,24.76,40.92,13.0,2.6,12.38,20.46,8.0,1.6,7.62,12.59,2.0,0.4,1.9,3.15,8.0,1.6,7.62,12.59,4.0,0.8,3.81,6.29,6.0,1.2,5.71,9.44,15.0,3.0,14.29,23.61,7.0,1.4,6.67,11.02,19.0,3.8,18.1,29.9,11.0,2.2,10.48,17.31,10.0,2.0,9.52,15.74,5.0,1.0,4.76,7.87,0.0,0.0,0.0,0.0,10.0,2.0,9.52,15.74,10.0,2.0,9.52,15.74,34.29,35.24,-0.95,110.16,-1.0,-0.2,-0.95,22.88,4.58,0.47,0.48,0.5,0.25,0.5,0.23,0.67,0.24,0.68,0.45,4.76,0.0,0.1,9.52,0.24
4,新北中信特攻,113|10877|10879|10880,林任鴻/阿巴西/簡廷兆/內馬,3,43,57.0,795.24,13.25,13:15,265.08,4.42,04:25,20.0,6.67,35.09,54.32,19.0,6.33,33.33,51.61,24.0,8.0,42.11,65.19,8.0,2.67,14.04,21.73,13.0,4.33,22.81,35.31,6.0,2.0,10.53,16.3,11.0,3.67,19.3,29.88,2.0,0.67,3.51,5.43,4.0,1.33,7.02,10.86,2.0,0.67,3.51,5.43,7.0,2.33,12.28,19.01,9.0,3.0,15.79,24.45,3.0,1.0,5.26,8.15,9.0,3.0,15.79,24.45,5.0,1.67,8.77,13.58,5.0,1.67,8.77,13.58,5.0,1.67,8.77,13.58,0.0,0.0,0.0,0.0,3.0,1.0,5.26,8.15,4.0,1.33,7.02,10.86,35.09,33.33,1.75,103.21,1.0,0.33,1.75,13.25,4.42,0.38,0.39,0.46,0.18,0.5,0.16,0.62,0.44,0.75,0.57,8.77,0.0,0.05,7.02,0.17
4,新北中信特攻,113|10877|10880|10881,林任鴻/阿巴西/內馬/飛克,8,143,181.0,2324.2,38.74,38:44,290.52,4.84,04:51,66.0,8.25,36.46,61.34,77.0,9.62,42.54,71.56,70.0,8.75,38.67,65.05,25.0,3.12,13.81,23.23,43.0,5.38,23.76,39.96,18.0,2.25,9.94,16.73,27.0,3.38,14.92,25.09,7.0,0.88,3.87,6.51,18.0,2.25,9.94,16.73,9.0,1.12,4.97,8.36,19.0,2.38,10.5,17.66,29.0,3.62,16.02,26.95,9.0,1.12,4.97,8.36,27.0,3.38,14.92,25.09,15.0,1.88,8.29,13.94,18.0,2.25,9.94,16.73,12.0,1.5,6.63,11.15,1.0,0.12,0.55,0.93,15.0,1.88,8.29,13.94,12.0,1.5,6.63,11.15,36.46,42.54,-6.08,112.14,-11.0,-1.38,-6.08,38.74,4.84,0.41,0.42,0.42,0.26,0.5,0.16,0.72,0.41,0.76,0.57,6.63,0.55,0.08,6.63,0.26
4,新竹御嵿攻城獅,71|82|10862|10885,李漢昇/蕭順議/提傑/劉丞勳,3,45,52.0,683.28,11.39,11:23,227.76,3.8,03:48,23.0,7.67,44.23,72.71,20.0,6.67,38.46,63.22,16.0,5.33,30.77,50.58,8.0,2.67,15.38,25.29,9.0,3.0,17.31,28.45,5.0,1.67,9.62,15.81,7.0,2.33,13.46,22.13,3.0,1.0,5.77,9.48,4.0,1.33,7.69,12.64,4.0,1.33,7.69,12.64,1.0,0.33,1.92,3.16,8.0,2.67,15.38,25.29,3.0,1.0,5.77,9.48,9.0,3.0,17.31,28.45,6.0,2.0,11.54,18.97,4.0,1.33,7.69,12.64,1.0,0.33,1.92,3.16,0.0,0.0,0.0,0.0,6.0,2.0,11.54,18.97,2.0,0.67,3.85,6.32,44.23,38.46,5.77,109.59,3.0,1.0,5.77,11.39,3.8,0.59,0.65,0.56,0.43,1.0,0.25,0.5,0.1,0.73,0.43,1.92,0.0,0.12,3.85,0.25
4,新竹御嵿攻城獅,71|82|10885|10887,李漢昇/蕭順議/劉丞勳/德魯,3,56,68.0,929.71,15.5,15:30,309.9,5.17,05:10,25.0,8.33,36.76,58.08,28.0,9.33,41.18,65.05,20.0,6.67,29.41,46.47,8.0,2.67,11.76,18.59,9.0,3.0,13.24,20.91,4.0,1.33,5.88,9.29,11.0,3.67,16.18,25.56,4.0,1.33,5.88,9.29,6.0,2.0,8.82,13.94,5.0,1.67,7.35,11.62,3.0,1.0,4.41,6.97,9.0,3.0,13.24,20.91,4.0,1.33,5.88,9.29,8.0,2.67,11.76,18.59,9.0,3.0,13.24,20.91,6.0,2.0,8.82,13.94,1.0,0.33,1.47,2.32,1.0,0.33,1.47,2.32,8.0,2.67,11.76,18.59,0.0,0.0,0.0,0.0,36.76,41.18,-4.41,105.32,-3.0,-1.0,-4.41,15.5,5.17,0.5,0.55,0.44,0.36,0.83,0.28,0.75,0.27,0.69,0.5,1.47,1.47,0.12,0.0,0.3
4,新竹御嵿攻城獅,82|10862|10885|10887,蕭順議/提傑/劉丞勳/德魯,5,82,101.0,1256.68,20.94,20:57,251.34,4.19,04:11,36.0,7.2,35.64,61.88,42.0,8.4,41.58,72.19,34.0,6.8,33.66,58.44,13.0,2.6,12.87,22.34,22.0,4.4,21.78,37.81,10.0,2.0,9.9,17.19,12.0,2.4,11.88,20.63,3.0,0.6,2.97,5.16,11.0,2.2,10.89,18.91,7.0,1.4,6.93,12.03,10.0,2.0,9.9,17.19,14.0,2.8,13.86,24.06,5.0,1.0,4.95,8.59,15.0,3.0,14.85,25.78,12.0,2.4,11.88,20.63,6.0,1.2,5.94,10.31,7.0,1.4,6.93,12.03,2.0,0.4,1.98,3.44,12.0,2.4,11.88,20.63,12.0,2.4,11.88,20.63,35.64,41.58,-5.94,115.73,-6.0,-1.2,-5.94,20.94,4.19,0.43,0.46,0.45,0.25,0.64,0.24,0.46,0.4,0.74,0.55,6.93,1.98,0.12,11.88,0.32
4,新北中信特攻,43|113|10879|10880,林韋翰/林任鴻/簡廷兆/內馬,4,30,41.0,462.96,7.72,07:43,115.74,1.93,01:56,8.0,2.0,19.51,37.33,19.0,4.75,46.34,88.65,14.0,3.5,34.15,65.32,4.0,1.0,9.76,18.66,7.0,1.75,17.07,32.66,4.0,1.0,9.76,18.66,7.0,1.75,17.07,32.66,0.0,0.0,0.0,0.0,0.0,0.0,0.0,0.0,0.0,0.0,0.0,0.0,2.0,0.5,4.88,9.33,8.0,2.0,19.51,37.33,6.0,1.5,14.63,27.99,3.0,0.75,7.32,14.0,3.0,0.75,7.32,14.0,2.0,0.5,4.88,9.33,2.0,0.5,4.88,9.33,0.0,0.0,0.0,0.0,0.0,0.0,0.0,0.0,6.0,1.5,14.63,27.99,19.51,46.34,-26.83,127.53,-11.0,-2.75,-26.83,7.72,1.93,0.29,0.29,0.57,0.0,,0.18,0.5,0.4,0.57,0.53,4.88,0.0,0.0,14.63,0.0
4,新北中信特攻,43|113|10879|10881,林韋翰/林任鴻/簡廷兆/飛克,3,27,37.0,463.17,7.72,07:43,154.39,2.57,02:34,8.0,2.67,21.62,37.31,19.0,6.33,51.35,88.61,12.0,4.0,32.43,55.96,4.0,1.33,10.81,18.65,7.0,2.33,18.92,32.64,4.0,1.33,10.81,18.65,5.0,1.67,13.51,23.32,0.0,0.0,0.0,0.0,0.0,0.0,0.0,0.0,0.0,0.0,0.0,0.0,1.0,0.33,2.7,4.66,7.0,2.33,18.92,32.64,6.0,2.0,16.22,27.98,3.0,1.0,8.11,13.99,3.0,1.0,8.11,13.99,2.0,0.67,5.41,9.33,2.0,0.67,5.41,9.33,0.0,0.0,0.0,0.0,0.0,0.0,0.0,0.0,6.0,2.0,16.22,27.98,21.62,51.35,-29.73,115.03,-11.0,-3.67,-29.73,7.72,2.57,0.33,0.33,0.57,0.0,,0.2,0.5,0.25,0.54,0.47,5.41,0.0,0.0,16.22,0.0
4,新北中信特攻,43|113|10880|10881,林韋翰/林任鴻/內馬/飛克,7,72,95.0,1084.85,18.08,18:05,154.98,2.58,02:35,27.0,3.86,28.42,53.76,44.0,6.29,46.32,87.61,35.0,5.0,36.84,69.69,11.0,1.57,11.58,21.9,23.0,3.29,24.21,45.79,9.0,1.29,9.47,17.92,12.0,1.71,12.63,23.89,2.0,0.29,2.11,3.98,8.0,1.14,8.42,15.93,3.0,0.43,3.16,5.97,9.0,1.29,9.47,17.92,17.0,2.43,17.89,33.85,8.0,1.14,8.42,15.93,10.0,1.43,10.53,19.91,8.0,1.14,8.42,15.93,7.0,1.0,7.37,13.94,5.0,0.71,5.26,9.96,0.0,0.0,0.0,0.0,5.0,0.71,5.26,9.96,11.0,1.57,11.58,21.9,28.42,46.32,-17.89,126.1,-17.0,-2.43,-17.89,18.08,2.58,0.34,0.35,0.39,0.17,0.38,0.17,0.64,0.47,0.68,0.59,5.26,0.0,0.05,11.58,0.23
4,新竹御嵿攻城獅,71|82|87|10885,李漢昇/蕭順議/蔡宸綱/劉丞勳,1,1,1.0,20.0,0.33,00:20,20.0,0.33,00:20,0.0,0.0,0.0,0.0,2.0,2.0,200.0,216.0,0.0,0.0,0.0,0.0,0.0,0.0,0.0,0.0,0.0,0.0,0.0,0.0,0.0,0.0,0.0,0.0,0.0,0.0,0.0,0.0,0.0,0.0,0.0,0.0,0.0,0.0,0.0,0.0,0.0,0.0,0.0,0.0,0.0,0.0,0.0,0.0,0.0,0.0,0.0,0.0,0.0,0.0,0.0,0.0,0.0,0.0,0.0,0.0,0.0,0.0,0.0,0.0,0.0,0.0,0.0,0.0,0.0,0.0,0.0,0.0,0.0,0.0,0.0,0.0,0.0,0.0,0.0,0.0,0.0,0.0,0.0,0.0,0.0,200.0,-200.0,72.0,-2.0,-2.0,-200.0,0.33,0.33,,,,,,,,,,,0.0,0.0,0.0,0.0,
4,新竹御嵿攻城獅,71|82|87|10887,李漢昇/蕭順議/蔡宸綱/德魯,1,1,1.0,20.0,0.33,00:20,20.0,0.33,00:20,0.0,0.0,0.0,0.0,2.0,2.0,200.0,216.0,0.0,0.0,0.0,0.0,0.0,0.0,0.0,0.0,0.0,0.0,0.0,0.0,0.0,0.0,0.0,0.0,0.0,0.0,0.0,0.0,0.0,0.0,0.0,0.0,0.0,0.0,0.0,0.0,0.0,0.0,0.0,0.0,0.0,0.0,0.0,0.0,0.0,0.0,0.0,0.0,0.0,0.0,0.0,0.0,0.0,0.0,0.0,0.0,0.0,0.0,0.0,0.0,0.0,0.0,0.0,0.0,0.0,0.0,0.0,0.0,0.0,0.0,0.0,0.0,0.0,0.0,0.0,0.0,0.0,0.0,0.0,0.0,0.0,200.0,-200.0,72.0,-2.0,-2.0,-200.0,0.33,0.33,,,,,,,,,,,0.0,0.0,0.0,0.0,
4,新竹御嵿攻城獅,82|87|10885|10887,蕭順議/蔡宸綱/劉丞勳/德魯,5,9,9.0,132.27,2.2,02:12,26.45,0.44,00:26,0.0,0.0,0.0,0.0,8.0,1.6,88.89,130.64,0.0,0.0,0.0,0.0,0.0,0.0,0.0,0.0,0.0,0.0,0.0,0.0,0.0,0.0,0.0,0.0,0.0,0.0,0.0,0.0,0.0,0.0,0.0,0.0,1.0,0.2,11.11,16.33,0.0,0.0,0.0,0.0,0.0,0.0,0.0,0.0,1.0,0.2,11.11,16.33,0.0,0.0,0.0,0.0,0.0,0.0,0.0,0.0,2.0,0.4,22.22,32.66,0.0,0.0,0.0,0.0,1.0,0.2,11.11,16.33,0.0,0.0,0.0,0.0,0.0,0.0,0.0,0.0,3.0,0.6,33.33,48.99,0.0,88.89,-88.89,97.98,-8.0,-1.6,-88.89,2.2,0.44,,0.0,,,0.0,0.82,,,1.0,1.0,11.11,0.0,0.0,33.33,
4,新竹御嵿攻城獅,71|87|10885|10888,李漢昇/蔡宸綱/劉丞勳/帕塞獅,1,9,12.0,124.61,2.08,02:05,124.61,2.08,02:05,4.0,4.0,33.33,69.34,6.0,6.0,50.0,104.01,4.0,4.0,33.33,69.34,2.0,2.0,16.67,34.67,2.0,2.0,16.67,34.67,2.0,2.0,16.67,34.67,2.0,2.0,16.67,34.67,0.0,0.0,0.0,0.0,1.0,1.0,8.33,17.33,0.0,0.0,0.0,0.0,1.0,1.0,8.33,17.33,2.0,2.0,16.67,34.67,0.0,0.0,0.0,0.0,2.0,2.0,16.67,34.67,1.0,1.0,8.33,17.33,1.0,1.0,8.33,17.33,0.0,0.0,0.0,0.0,0.0,0.0,0.0,0.0,2.0,2.0,16.67,34.67,3.0,3.0,25.0,52.0,33.33,50.0,-16.67,138.67,-2.0,-2.0,-16.67,2.08,2.08,0.5,0.45,1.0,0.0,0.0,0.18,0.5,0.33,1.0,0.6,0.0,0.0,0.17,25.0,0.25
4,新竹御嵿攻城獅,71|87|10887|10888,李漢昇/蔡宸綱/德魯/帕塞獅,1,9,12.0,124.61,2.08,02:05,124.61,2.08,02:05,4.0,4.0,33.33,69.34,6.0,6.0,50.0,104.01,4.0,4.0,33.33,69.34,2.0,2.0,16.67,34.67,2.0,2.0,16.67,34.67,2.0,2.0,16.67,34.67,2.0,2.0,16.67,34.67,0.0,0.0,0.0,0.0,1.0,1.0,8.33,17.33,0.0,0.0,0.0,0.0,1.0,1.0,8.33,17.33,2.0,2.0,16.67,34.67,0.0,0.0,0.0,0.0,2.0,2.0,16.67,34.67,1.0,1.0,8.33,17.33,1.0,1.0,8.33,17.33,0.0,0.0,0.0,0.0,0.0,0.0,0.0,0.0,2.0,2.0,16.67,34.67,3.0,3.0,25.0,52.0,33.33,50.0,-16.67,138.67,-2.0,-2.0,-16.67,2.08,2.08,0.5,0.45,1.0,0.0,0.0,0.18,0.5,0.33,1.0,0.6,0.0,0.0,0.17,25.0,0.25
4,新竹御嵿攻城獅,71|10885|10887|10888,李漢昇/劉丞勳/德魯/帕塞獅,2,34,42.0,548.06,9.13,09:08,274.03,4.57,04:34,12.0,6.0,28.57,47.29,19.0,9.5,45.24,74.88,17.0,8.5,40.48,67.0,5.0,2.5,11.9,19.71,10.0,5.0,23.81,39.41,4.0,2.0,9.52,15.76,7.0,3.5,16.67,27.59,1.0,0.5,2.38,3.94,2.0,1.0,4.76,7.88,1.0,0.5,2.38,3.94,3.0,1.5,7.14,11.82,10.0,5.0,23.81,39.41,1.0,0.5,2.38,3.94,8.0,4.0,19.05,31.53,2.0,1.0,4.76,7.88,2.0,1.0,4.76,7.88,1.0,0.5,2.38,3.94,0.0,0.0,0.0,0.0,6.0,3.0,14.29,23.65,6.0,3.0,14.29,23.65,28.57,45.24,-16.67,110.35,-7.0,-3.5,-16.67,9.13,4.57,0.32,0.34,0.4,0.14,0.5,0.1,0.4,0.27,0.91,0.59,2.38,0.0,0.14,14.29,0.12
4,新竹御嵿攻城獅,87|10885|10887|10888,蔡宸綱/劉丞勳/德魯/帕塞獅,7,72,91.0,1017.72,16.96,16:58,145.39,2.42,02:25,42.0,6.0,46.15,89.14,35.0,5.0,38.46,74.28,30.0,4.29,32.97,63.67,16.0,2.29,17.58,33.96,19.0,2.71,20.88,40.33,11.0,1.57,12.09,23.35,11.0,1.57,12.09,23.35,5.0,0.71,5.49,10.61,10.0,1.43,10.99,21.22,5.0,0.71,5.49,10.61,5.0,0.71,5.49,10.61,12.0,1.71,13.19,25.47,7.0,1.0,7.69,14.86,14.0,2.0,15.38,29.71,5.0,0.71,5.49,10.61,10.0,1.43,10.99,21.22,1.0,0.14,1.1,2.12,3.0,0.43,3.3,6.37,10.0,1.43,10.99,21.22,11.0,1.57,12.09,23.35,46.15,38.46,7.69,128.76,7.0,1.0,7.69,16.96,2.42,0.62,0.61,0.58,0.45,0.5,0.13,0.62,0.26,0.63,0.45,1.1,3.3,0.11,12.09,0.33
4,新竹御嵿攻城獅,71|88|10885|10887,李漢昇/盧冠軒/劉丞勳/德魯,2,35,42.0,594.45,9.91,09:54,297.23,4.95,04:57,12.0,6.0,28.57,43.6,22.0,11.0,52.38,79.94,14.0,7.0,33.33,50.87,4.0,2.0,9.52,14.53,9.0,4.5,21.43,32.7,3.0,1.5,7.14,10.9,5.0,2.5,11.9,18.17,1.0,0.5,2.38,3.63,3.0,1.5,7.14,10.9,3.0,1.5,7.14,10.9,2.0,1.0,4.76,7.27,8.0,4.0,19.05,29.07,3.0,1.5,7.14,10.9,7.0,3.5,16.67,25.44,3.0,1.5,7.14,10.9,2.0,1.0,4.76,7.27,2.0,1.0,4.76,7.27,0.0,0.0,0.0,0.0,5.0,2.5,11.9,18.17,3.0,1.5,7.14,10.9,28.57,52.38,-23.81,101.74,-10.0,-5.0,-23.81,9.91,4.95,0.32,0.39,0.33,0.2,1.0,0.16,0.5,0.22,0.73,0.5,4.76,0.0,0.12,7.14,0.21
4,新竹御嵿攻城獅,71|88|10885|10888,李漢昇/盧冠軒/劉丞勳/帕塞獅,2,28,33.0,476.45,7.94,07:56,238.23,3.97,03:58,8.0,4.0,24.24,36.27,13.0,6.5,39.39,58.94,15.0,7.5,45.45,68.0,3.0,1.5,9.09,13.6,10.0,5.0,30.3,45.34,2.0,1.0,6.06,9.07,5.0,2.5,15.15,22.67,1.0,0.5,3.03,4.53,1.0,0.5,3.03,4.53,1.0,0.5,3.03,4.53,2.0,1.0,6.06,9.07,10.0,5.0,30.3,45.34,1.0,0.5,3.03,4.53,7.0,3.5,21.21,31.73,1.0,0.5,3.03,4.53,1.0,0.5,3.03,4.53,1.0,0.5,3.03,4.53,0.0,0.0,0.0,0.0,4.0,2.0,12.12,18.13,3.0,1.5,9.09,13.6,24.24,39.39,-15.15,99.74,-5.0,-2.5,-15.15,7.94,3.97,0.23,0.26,0.2,0.2,1.0,0.06,0.33,0.22,0.91,0.6,3.03,0.0,0.12,9.09,0.07
4,新竹御嵿攻城獅,71|88|10887|10888,李漢昇/盧冠軒/德魯/帕塞獅,2,25,30.0,423.45,7.06,07:03,211.73,3.53,03:32,8.0,4.0,26.67,40.81,13.0,6.5,43.33,66.31,13.0,6.5,43.33,66.31,3.0,1.5,10.0,15.3,8.0,4.0,26.67,40.81,2.0,1.0,6.67,10.2,5.0,2.5,16.67,25.5,1.0,0.5,3.33,5.1,1.0,0.5,3.33,5.1,1.0,0.5,3.33,5.1,2.0,1.0,6.67,10.2,8.0,4.0,26.67,40.81,1.0,0.5,3.33,5.1,6.0,3.0,20.0,30.61,1.0,0.5,3.33,5.1,1.0,0.5,3.33,5.1,1.0,0.5,3.33,5.1,0.0,0.0,0.0,0.0,4.0,2.0,13.33,20.4,3.0,1.5,10.0,15.3,26.67,43.33,-16.67,102.02,-5.0,-2.5,-16.67,7.06,3.53,0.27,0.3,0.25,0.2,1.0,0.07,0.33,0.25,0.89,0.59,3.33,0.0,0.13,10.0,0.08
4,新竹御嵿攻城獅,88|10885|10887|10888,盧冠軒/劉丞勳/德魯/帕塞獅,9,97,115.0,1499.39,24.99,24:59,166.6,2.78,02:47,40.0,4.44,34.78,57.62,53.0,5.89,46.09,76.35,40.0,4.44,34.78,57.62,15.0,1.67,13.04,21.61,27.0,3.0,23.48,38.9,12.0,1.33,10.43,17.29,13.0,1.44,11.3,18.73,3.0,0.33,2.61,4.32,19.0,2.11,16.52,27.37,8.0,0.89,6.96,11.52,9.0,1.0,7.83,12.97,20.0,2.22,17.39,28.81,4.0,0.44,3.48,5.76,17.0,1.89,14.78,24.49,8.0,0.89,6.96,11.52,5.0,0.56,4.35,7.2,4.0,0.44,3.48,5.76,1.0,0.11,0.87,1.44,14.0,1.56,12.17,20.17,7.0,0.78,6.09,10.08,34.78,46.09,-11.3,110.44,-13.0,-1.44,-11.3,24.99,2.78,0.41,0.41,0.44,0.23,0.42,0.14,0.33,0.35,0.83,0.58,3.48,0.87,0.12,6.09,0.48
4,新北中信特攻,39|113|8889|10877,魏嘉豪/林任鴻/馬可/阿巴西,1,2,3.0,47.0,0.78,00:47,47.0,0.78,00:47,2.0,2.0,66.67,91.91,2.0,2.0,66.67,91.91,2.0,2.0,66.67,91.91,1.0,1.0,33.33,45.96,1.0,1.0,33.33,45.96,1.0,1.0,33.33,45.96,1.0,1.0,33.33,45.96,0.0,0.0,0.0,0.0,0.0,0.0,0.0,0.0,0.0,0.0,0.0,0.0,1.0,1.0,33.33,45.96,0.0,0.0,0.0,0.0,0.0,0.0,0.0,0.0,0.0,0.0,0.0,0.0,1.0,1.0,33.33,45.96,0.0,0.0,0.0,0.0,1.0,1.0,33.33,45.96,0.0,0.0,0.0,0.0,0.0,0.0,0.0,0.0,0.0,0.0,0.0,0.0,66.67,66.67,0.0,91.91,0.0,0.0,0.0,0.78,0.78,0.5,0.5,1.0,0.0,,0.33,0.0,1.0,,1.0,33.33,0.0,0.0,0.0,0.0
4,新北中信特攻,39|113|8889|10880,魏嘉豪/林任鴻/馬可/內馬,4,34,39.0,568.99,9.48,09:29,142.25,2.37,02:22,16.0,4.0,41.03,60.74,8.0,2.0,20.51,30.37,14.0,3.5,35.9,53.15,5.0,1.25,12.82,18.98,7.0,1.75,17.95,26.57,4.0,1.0,10.26,15.18,7.0,1.75,17.95,26.57,1.0,0.25,2.56,3.8,6.0,1.5,15.38,22.78,5.0,1.25,12.82,18.98,3.0,0.75,7.69,11.39,7.0,1.75,17.95,26.57,2.0,0.5,5.13,7.59,9.0,2.25,23.08,34.17,3.0,0.75,7.69,11.39,3.0,0.75,7.69,11.39,1.0,0.25,2.56,3.8,0.0,0.0,0.0,0.0,7.0,1.75,17.95,26.57,3.0,0.75,7.69,11.39,41.03,20.51,20.51,98.7,8.0,2.0,20.51,9.48,2.37,0.39,0.48,0.57,0.14,0.83,0.15,0.6,0.25,0.78,0.48,2.56,0.0,0.18,7.69,0.43
4,新竹御嵿攻城獅,75|76|88|10887,高國豪/曾柏喻/盧冠軒/德魯,7,101,122.0,1495.42,24.92,24:55,213.63,3.56,03:34,52.0,7.43,42.62,75.11,46.0,6.57,37.7,66.44,43.0,6.14,35.25,62.11,18.0,2.57,14.75,26.0,30.0,4.29,24.59,43.33,13.0,1.86,10.66,18.78,13.0,1.86,10.66,18.78,5.0,0.71,4.1,7.22,15.0,2.14,12.3,21.67,11.0,1.57,9.02,15.89,6.0,0.86,4.92,8.67,20.0,2.86,16.39,28.89,13.0,1.86,10.66,18.78,15.0,2.14,12.3,21.67,8.0,1.14,6.56,11.56,17.0,2.43,13.93,24.56,5.0,0.71,4.1,7.22,4.0,0.57,3.28,5.78,10.0,1.43,8.2,14.44,7.0,1.0,5.74,10.11,42.62,37.7,4.92,117.48,6.0,0.86,4.92,24.92,3.56,0.48,0.52,0.43,0.38,0.73,0.14,0.94,0.29,0.61,0.48,4.1,3.28,0.08,5.74,0.35
4,新竹御嵿攻城獅,75|76|88|10888,高國豪/曾柏喻/盧冠軒/帕塞獅,6,55,70.0,952.56,15.88,15:53,158.76,2.65,02:39,24.0,4.0,34.29,54.42,22.0,3.67,31.43,49.89,22.0,3.67,31.43,49.89,10.0,1.67,14.29,22.68,16.0,2.67,22.86,36.28,8.0,1.33,11.43,18.14,6.0,1.0,8.57,13.61,2.0,0.33,2.86,4.54,10.0,1.67,14.29,22.68,2.0,0.33,2.86,4.54,5.0,0.83,7.14,11.34,10.0,1.67,14.29,22.68,7.0,1.17,10.0,15.87,9.0,1.5,12.86,20.41,8.0,1.33,11.43,18.14,6.0,1.0,8.57,13.61,5.0,0.83,7.14,11.34,1.0,0.17,1.43,2.27,6.0,1.0,8.57,13.61,6.0,1.0,8.57,13.61,34.29,31.43,2.86,105.82,2.0,0.33,2.86,15.88,2.65,0.5,0.45,0.5,0.33,0.2,0.23,0.6,0.36,0.59,0.48,7.14,1.43,0.09,8.57,0.45
4,新竹御嵿攻城獅,75|88|10887|10888,高國豪/盧冠軒/德魯/帕塞獅,7,76,88.0,1227.78,20.46,20:28,175.4,2.92,02:55,39.0,5.57,44.32,68.61,34.0,4.86,38.64,59.82,30.0,4.29,34.09,52.78,15.0,2.14,17.05,26.39,22.0,3.14,25.0,38.7,11.0,1.57,12.5,19.35,8.0,1.14,9.09,14.07,4.0,0.57,4.55,7.04,12.0,1.71,13.64,21.11,5.0,0.71,5.68,8.8,6.0,0.86,6.82,10.56,10.0,1.43,11.36,17.59,3.0,0.43,3.41,5.28,17.0,2.43,19.32,29.91,9.0,1.29,10.23,15.83,10.0,1.43,11.36,17.59,5.0,0.71,5.68,8.8,1.0,0.14,1.14,1.76,7.0,1.0,7.95,12.31,12.0,1.71,13.64,21.11,44.32,38.64,5.68,103.21,5.0,0.71,5.68,20.46,2.92,0.57,0.55,0.5,0.5,0.42,0.2,0.67,0.26,0.77,0.44,5.68,1.14,0.08,13.64,0.4
4,新竹御嵿攻城獅,76|88|10887|10888,曾柏喻/盧冠軒/德魯/帕塞獅,9,84,102.0,1486.59,24.78,24:47,165.18,2.75,02:45,40.0,4.44,39.22,58.12,58.0,6.44,56.86,84.27,36.0,4.0,35.29,52.31,14.0,1.56,13.73,20.34,23.0,2.56,22.55,33.42,11.0,1.22,10.78,15.98,13.0,1.44,12.75,18.89,3.0,0.33,2.94,4.36,17.0,1.89,16.67,24.7,9.0,1.0,8.82,13.08,10.0,1.11,9.8,14.53,14.0,1.56,13.73,20.34,5.0,0.56,4.9,7.26,13.0,1.44,12.75,18.89,8.0,0.89,7.84,11.62,10.0,1.11,9.8,14.53,5.0,0.56,4.9,7.26,1.0,0.11,0.98,1.45,16.0,1.78,15.69,23.25,11.0,1.22,10.78,15.98,39.22,56.86,-17.65,98.8,-18.0,-2.0,-17.65,24.78,2.75,0.43,0.46,0.48,0.23,0.53,0.16,0.71,0.43,0.74,0.57,4.9,0.98,0.16,10.78,0.47
4,新竹御嵿攻城獅,75|76|82|10888,高國豪/曾柏喻/蕭順議/帕塞獅,3,32,42.0,500.6,8.34,08:21,166.87,2.78,02:47,15.0,5.0,35.71,64.72,13.0,4.33,30.95,56.09,18.0,6.0,42.86,77.67,5.0,1.67,11.9,21.57,10.0,3.33,23.81,43.15,4.0,1.33,9.52,17.26,8.0,2.67,19.05,34.52,1.0,0.33,2.38,4.31,3.0,1.0,7.14,12.94,2.0,0.67,4.76,8.63,5.0,1.67,11.9,21.57,8.0,2.67,19.05,34.52,2.0,0.67,4.76,8.63,8.0,2.67,19.05,34.52,2.0,0.67,4.76,8.63,2.0,0.67,4.76,8.63,1.0,0.33,2.38,4.31,0.0,0.0,0.0,0.0,3.0,1.0,7.14,12.94,0.0,0.0,0.0,0.0,35.71,30.95,4.76,120.82,2.0,0.67,4.76,8.34,2.78,0.31,0.39,0.4,0.12,0.67,0.09,0.4,0.38,0.8,0.57,2.38,0.0,0.07,0.0,0.17
4,新竹御嵿攻城獅,75|82|10887|10888,高國豪/蕭順議/德魯/帕塞獅,3,20,24.0,288.02,4.8,04:48,96.01,1.6,01:36,8.0,2.67,33.33,60.0,4.0,1.33,16.67,30.0,6.0,2.0,25.0,45.0,2.0,0.67,8.33,15.0,5.0,1.67,20.83,37.5,2.0,0.67,8.33,15.0,1.0,0.33,4.17,7.5,0.0,0.0,0.0,0.0,5.0,1.67,20.83,37.5,4.0,1.33,16.67,30.0,1.0,0.33,4.17,7.5,4.0,1.33,16.67,30.0,1.0,0.33,4.17,7.5,6.0,2.0,25.0,45.0,1.0,0.33,4.17,7.5,1.0,0.33,4.17,7.5,1.0,0.33,4.17,7.5,0.0,0.0,0.0,0.0,2.0,0.67,8.33,15.0,0.0,0.0,0.0,0.0,33.33,16.67,16.67,119.99,4.0,1.33,16.67,4.8,1.6,0.33,0.49,0.4,0.0,0.8,0.11,0.5,0.14,0.8,0.42,4.17,0.0,0.08,0.0,0.83
4,新竹御嵿攻城獅,75|82|10885|10887,高國豪/蕭順議/劉丞勳/德魯,5,52,61.0,775.31,12.92,12:55,155.06,2.58,02:35,32.0,6.4,52.46,89.15,18.0,3.6,29.51,50.15,24.0,4.8,39.34,66.86,14.0,2.8,22.95,39.0,15.0,3.0,24.59,41.79,12.0,2.4,19.67,33.43,9.0,1.8,14.75,25.07,2.0,0.4,3.28,5.57,2.0,0.4,3.28,5.57,2.0,0.4,3.28,5.57,4.0,0.8,6.56,11.14,5.0,1.0,8.2,13.93,2.0,0.4,3.28,5.57,9.0,1.8,14.75,25.07,4.0,0.8,6.56,11.14,9.0,1.8,14.75,25.07,3.0,0.6,4.92,8.36,0.0,0.0,0.0,0.0,2.0,0.4,3.28,5.57,11.0,2.2,18.03,30.65,52.46,29.51,22.95,113.3,14.0,2.8,22.95,12.92,2.58,0.62,0.64,0.8,0.22,1.0,0.14,0.64,0.31,0.71,0.45,4.92,0.0,0.03,18.03,0.08
4,新竹御嵿攻城獅,75|82|10885|10888,高國豪/蕭順議/劉丞勳/帕塞獅,2,7,8.0,127.02,2.12,02:07,63.51,1.06,01:04,2.0,1.0,25.0,34.01,2.0,1.0,25.0,34.01,0.0,0.0,0.0,0.0,0.0,0.0,0.0,0.0,0.0,0.0,0.0,0.0,0.0,0.0,0.0,0.0,0.0,0.0,0.0,0.0,0.0,0.0,0.0,0.0,2.0,1.0,25.0,34.01,2.0,1.0,25.0,34.01,0.0,0.0,0.0,0.0,0.0,0.0,0.0,0.0,1.0,0.5,12.5,17.01,2.0,1.0,25.0,34.01,1.0,0.5,12.5,17.01,0.0,0.0,0.0,0.0,1.0,0.5,12.5,17.01,0.0,0.0,0.0,0.0,0.0,0.0,0.0,0.0,0.0,0.0,0.0,0.0,25.0,25.0,0.0,90.69,0.0,0.0,0.0,2.12,1.06,,1.14,,,1.0,0.53,,0.0,0.0,0.0,12.5,0.0,0.0,0.0,
4,新竹御嵿攻城獅,75|10885|10887|10888,高國豪/劉丞勳/德魯/帕塞獅,14,596,708.0,10074.42,167.91,167:54,719.6,11.99,12:00,321.0,22.93,45.34,68.82,271.0,19.36,38.28,58.1,269.0,19.21,37.99,57.67,121.0,8.64,17.09,25.94,179.0,12.79,25.28,38.38,91.0,6.5,12.85,19.51,90.0,6.43,12.71,19.3,30.0,2.14,4.24,6.43,75.0,5.36,10.59,16.08,50.0,3.57,7.06,10.72,40.0,2.86,5.65,8.58,124.0,8.86,17.51,26.59,40.0,2.86,5.65,8.58,128.0,9.14,18.08,27.44,38.0,2.71,5.37,8.15,70.0,5.0,9.89,15.01,17.0,1.21,2.4,3.64,8.0,0.57,1.13,1.72,70.0,5.0,9.89,15.01,42.0,3.0,5.93,9.0,45.34,38.28,7.06,101.2,50.0,3.57,7.06,167.91,11.99,0.51,0.53,0.51,0.33,0.67,0.11,0.58,0.24,0.76,0.49,2.4,1.13,0.1,5.93,0.28
4,新竹御嵿攻城獅,76|82|10862|10885,曾柏喻/蕭順議/提傑/劉丞勳,5,41,49.0,660.94,11.02,11:01,132.19,2.2,02:12,18.0,3.6,36.73,58.83,20.0,4.0,40.82,65.36,15.0,3.0,30.61,49.02,6.0,1.2,12.24,19.61,9.0,1.8,18.37,29.41,5.0,1.0,10.2,16.34,6.0,1.2,12.24,19.61,1.0,0.2,2.04,3.27,8.0,1.6,16.33,26.14,5.0,1.0,10.2,16.34,3.0,0.6,6.12,9.8,7.0,1.4,14.29,22.88,2.0,0.4,4.08,6.54,8.0,1.6,16.33,26.14,6.0,1.2,12.24,19.61,2.0,0.4,4.08,6.54,4.0,0.8,8.16,13.07,0.0,0.0,0.0,0.0,6.0,1.2,12.24,19.61,5.0,1.0,10.2,16.34,36.73,40.82,-4.08,106.76,-2.0,-0.4,-4.08,11.02,2.2,0.43,0.49,0.56,0.17,0.62,0.24,0.33,0.27,0.78,0.5,8.16,0.0,0.12,10.2,0.53
4,新竹御嵿攻城獅,76|82|10862|10888,曾柏喻/蕭順議/提傑/帕塞獅,3,40,56.0,781.6,13.03,13:02,260.53,4.34,04:21,27.0,9.0,48.21,74.62,25.0,8.33,44.64,69.09,23.0,7.67,41.07,63.56,11.0,3.67,19.64,30.4,14.0,4.67,25.0,38.69,9.0,3.0,16.07,24.87,9.0,3.0,16.07,24.87,2.0,0.67,3.57,5.53,4.0,1.33,7.14,11.05,1.0,0.33,1.79,2.76,8.0,2.67,14.29,22.11,4.0,1.33,7.14,11.05,4.0,1.33,7.14,11.05,4.0,1.33,7.14,11.05,5.0,1.67,8.93,13.82,4.0,1.33,7.14,11.05,3.0,1.0,5.36,8.29,0.0,0.0,0.0,0.0,5.0,1.67,8.93,13.82,5.0,1.67,8.93,13.82,48.21,44.64,3.57,103.17,2.0,0.67,3.57,13.03,4.34,0.52,0.55,0.64,0.22,0.25,0.17,0.36,0.67,0.5,0.6,5.36,0.0,0.09,8.93,0.17
4,新竹御嵿攻城獅,76|10862|10885|10888,曾柏喻/提傑/劉丞勳/帕塞獅,10,153,183.0,2607.33,43.46,43:27,260.73,4.35,04:21,86.0,8.6,46.99,71.25,74.0,7.4,40.44,61.3,62.0,6.2,33.88,51.36,30.0,3.0,16.39,24.85,39.0,3.9,21.31,32.31,19.0,1.9,10.38,15.74,23.0,2.3,12.57,19.05,11.0,1.1,6.01,9.11,21.0,2.1,11.48,17.4,14.0,1.4,7.65,11.6,13.0,1.3,7.1,10.77,23.0,2.3,12.57,19.05,9.0,0.9,4.92,7.46,22.0,2.2,12.02,18.23,19.0,1.9,10.38,15.74,20.0,2.0,10.93,16.57,9.0,0.9,4.92,7.46,3.0,0.3,1.64,2.49,21.0,2.1,11.48,17.4,21.0,2.1,11.48,17.4,46.99,40.44,6.56,101.07,12.0,1.2,6.56,43.46,4.35,0.57,0.6,0.49,0.48,0.67,0.21,0.67,0.37,0.72,0.54,4.92,1.64,0.11,11.48,0.34
4,新竹御嵿攻城獅,82|10862|10885|10888,蕭順議/提傑/劉丞勳/帕塞獅,2,11,13.0,231.86,3.86,03:52,115.93,1.93,01:56,6.0,3.0,46.15,55.9,8.0,4.0,61.54,74.53,5.0,2.5,38.46,46.58,3.0,1.5,23.08,27.95,3.0,1.5,23.08,27.95,3.0,1.5,23.08,27.95,2.0,1.0,15.38,18.63,0.0,0.0,0.0,0.0,2.0,1.0,15.38,18.63,0.0,0.0,0.0,0.0,1.0,0.5,7.69,9.32,2.0,1.0,15.38,18.63,0.0,0.0,0.0,0.0,0.0,0.0,0.0,0.0,1.0,0.5,7.69,9.32,1.0,0.5,7.69,9.32,0.0,0.0,0.0,0.0,0.0,0.0,0.0,0.0,2.0,1.0,15.38,18.63,2.0,1.0,15.38,18.63,46.15,61.54,-15.38,80.74,-2.0,-1.0,-15.38,3.86,1.93,0.6,0.51,1.0,0.0,0.0,0.15,0.33,1.0,1.0,1.0,0.0,0.0,0.15,15.38,0.4
4,新北中信特攻,40|43|8889|10879,謝亞軒/林韋翰/馬可/簡廷兆,3,17,19.0,263.32,4.39,04:23,87.77,1.46,01:28,7.0,2.33,36.84,57.42,6.0,2.0,31.58,49.22,5.0,1.67,26.32,41.01,3.0,1.0,15.79,24.61,4.0,1.33,21.05,32.81,2.0,0.67,10.53,16.41,1.0,0.33,5.26,8.2,1.0,0.33,5.26,8.2,0.0,0.0,0.0,0.0,0.0,0.0,0.0,0.0,0.0,0.0,0.0,0.0,2.0,0.67,10.53,16.41,1.0,0.33,5.26,8.2,4.0,1.33,21.05,32.81,3.0,1.0,15.79,24.61,3.0,1.0,15.79,24.61,2.0,0.67,10.53,16.41,2.0,0.67,10.53,16.41,2.0,0.67,10.53,16.41,2.0,0.67,10.53,16.41,36.84,31.58,5.26,103.9,1.0,0.33,5.26,4.39,1.46,0.7,0.7,0.5,1.0,,0.38,1.0,0.0,0.67,0.29,10.53,10.53,0.11,10.53,0.0
4,新北中信特攻,40|43|8889|10881,謝亞軒/林韋翰/馬可/飛克,12,254,298.0,4160.87,69.35,69:21,346.74,5.78,05:47,123.0,10.25,41.28,63.85,118.0,9.83,39.6,61.26,100.0,8.33,33.56,51.91,45.0,3.75,15.1,23.36,56.0,4.67,18.79,29.07,34.0,2.83,11.41,17.65,44.0,3.67,14.77,22.84,11.0,0.92,3.69,5.71,35.0,2.92,11.74,18.17,22.0,1.83,7.38,11.42,16.0,1.33,5.37,8.31,43.0,3.58,14.43,22.32,13.0,1.08,4.36,6.75,50.0,4.17,16.78,25.96,30.0,2.5,10.07,15.57,32.0,2.67,10.74,16.61,9.0,0.75,3.02,4.67,1.0,0.08,0.34,0.52,31.0,2.58,10.4,16.09,17.0,1.42,5.7,8.83,41.28,39.6,1.68,103.13,5.0,0.42,1.68,69.35,5.78,0.5,0.53,0.61,0.25,0.63,0.21,0.71,0.24,0.77,0.48,3.02,0.34,0.1,5.7,0.35
4,新北中信特攻,43|8889|10879|10881,林韋翰/馬可/簡廷兆/飛克,9,84,98.0,1217.93,20.3,20:18,135.33,2.26,02:15,39.0,4.33,39.8,69.17,45.0,5.0,45.92,79.81,33.0,3.67,33.67,58.53,13.0,1.44,13.27,23.06,20.0,2.22,20.41,35.47,10.0,1.11,10.2,17.74,13.0,1.44,13.27,23.06,3.0,0.33,3.06,5.32,14.0,1.56,14.29,24.83,8.0,0.89,8.16,14.19,7.0,0.78,7.14,12.41,16.0,1.78,16.33,28.38,2.0,0.22,2.04,3.55,13.0,1.44,13.27,23.06,8.0,0.89,8.16,14.19,10.0,1.11,10.2,17.74,4.0,0.44,4.08,7.09,4.0,0.44,4.08,7.09,13.0,1.44,13.27,23.06,19.0,2.11,19.39,33.7,39.8,45.92,-6.12,115.87,-6.0,-0.67,-6.12,20.3,2.26,0.44,0.5,0.5,0.23,0.57,0.17,0.77,0.35,0.89,0.61,4.08,4.08,0.13,19.39,0.42
4,新竹御嵿攻城獅,71|88|10862|10885,李漢昇/盧冠軒/提傑/劉丞勳,2,13,15.0,224.0,3.73,03:44,112.0,1.87,01:52,4.0,2.0,26.67,38.57,9.0,4.5,60.0,86.79,3.0,1.5,20.0,28.93,1.0,0.5,6.67,9.64,3.0,1.5,20.0,28.93,1.0,0.5,6.67,9.64,0.0,0.0,0.0,0.0,0.0,0.0,0.0,0.0,2.0,1.0,13.33,19.29,2.0,1.0,13.33,19.29,0.0,0.0,0.0,0.0,2.0,1.0,13.33,19.29,2.0,1.0,13.33,19.29,2.0,1.0,13.33,19.29,2.0,1.0,13.33,19.29,1.0,0.5,6.67,9.64,1.0,0.5,6.67,9.64,0.0,0.0,0.0,0.0,1.0,0.5,6.67,9.64,0.0,0.0,0.0,0.0,26.67,60.0,-33.33,96.43,-5.0,-2.5,-33.33,3.73,1.87,0.33,0.52,0.33,,1.0,0.34,1.0,0.0,0.5,0.33,6.67,0.0,0.07,0.0,0.67
4,新竹御嵿攻城獅,88|10862|10885|10887,盧冠軒/提傑/劉丞勳/德魯,14,172,207.0,2713.53,45.23,45:14,193.82,3.23,03:14,89.0,6.36,43.0,70.84,81.0,5.79,39.13,64.48,76.0,5.43,36.71,60.5,27.0,1.93,13.04,21.49,44.0,3.14,21.26,35.02,16.0,1.14,7.73,12.74,32.0,2.29,15.46,25.47,11.0,0.79,5.31,8.76,31.0,2.21,14.98,24.68,21.0,1.5,10.14,16.72,19.0,1.36,9.18,15.12,32.0,2.29,15.46,25.47,10.0,0.71,4.83,7.96,31.0,2.21,14.98,24.68,14.0,1.0,6.76,11.14,21.0,1.5,10.14,16.72,7.0,0.5,3.38,5.57,4.0,0.29,1.93,3.18,25.0,1.79,12.08,19.9,30.0,2.14,14.49,23.88,43.0,39.13,3.86,109.85,8.0,0.57,3.86,45.23,3.23,0.43,0.5,0.36,0.34,0.68,0.14,0.78,0.38,0.76,0.55,3.38,1.93,0.12,14.49,0.41
4,新竹御嵿攻城獅,76|88|10862|10885,曾柏喻/盧冠軒/提傑/劉丞勳,9,91,109.0,1647.85,27.46,27:28,183.09,3.05,03:03,44.0,4.89,40.37,57.68,45.0,5.0,41.28,58.99,38.0,4.22,34.86,49.81,14.0,1.56,12.84,18.35,18.0,2.0,16.51,23.59,7.0,0.78,6.42,9.18,20.0,2.22,18.35,26.22,7.0,0.78,6.42,9.18,16.0,1.78,14.68,20.97,13.0,1.44,11.93,17.04,7.0,0.78,6.42,9.18,19.0,2.11,17.43,24.91,10.0,1.11,9.17,13.11,14.0,1.56,12.84,18.35,8.0,0.89,7.34,10.49,13.0,1.44,11.93,17.04,4.0,0.44,3.67,5.24,1.0,0.11,0.92,1.31,12.0,1.33,11.01,15.73,4.0,0.44,3.67,5.24,40.37,41.28,-0.92,95.25,-1.0,-0.11,-0.92,27.46,3.05,0.46,0.49,0.39,0.35,0.81,0.15,0.93,0.33,0.66,0.52,3.67,0.92,0.11,3.67,0.42
4,新竹御嵿攻城獅,76|88|10862|10888,曾柏喻/盧冠軒/提傑/帕塞獅,11,206,253.0,3559.02,59.32,59:19,323.55,5.39,05:24,103.0,9.36,40.71,62.51,101.0,9.18,39.92,61.3,83.0,7.55,32.81,50.37,38.0,3.45,15.02,23.06,45.0,4.09,17.79,27.31,25.0,2.27,9.88,15.17,38.0,3.45,15.02,23.06,13.0,1.18,5.14,7.89,28.0,2.55,11.07,16.99,17.0,1.55,6.72,10.32,17.0,1.55,6.72,10.32,31.0,2.82,12.25,18.81,21.0,1.91,8.3,12.75,35.0,3.18,13.83,21.24,28.0,2.55,11.07,16.99,19.0,1.73,7.51,11.53,16.0,1.45,6.32,9.71,0.0,0.0,0.0,0.0,29.0,2.64,11.46,17.6,17.0,1.55,6.72,10.32,40.71,39.92,0.79,102.37,2.0,0.18,0.79,59.32,5.39,0.54,0.54,0.56,0.34,0.61,0.23,0.5,0.33,0.6,0.46,6.32,0.0,0.11,6.72,0.34
4,新竹御嵿攻城獅,76|88|10885|10888,曾柏喻/盧冠軒/劉丞勳/帕塞獅,7,71,87.0,1282.62,21.38,21:23,183.23,3.05,03:03,37.0,5.29,42.53,62.31,40.0,5.71,45.98,67.36,30.0,4.29,34.48,50.52,12.0,1.71,13.79,20.21,16.0,2.29,18.39,26.94,7.0,1.0,8.05,11.79,14.0,2.0,16.09,23.58,5.0,0.71,5.75,8.42,17.0,2.43,19.54,28.63,12.0,1.71,13.79,20.21,8.0,1.14,9.2,13.47,12.0,1.71,13.79,20.21,6.0,0.86,6.9,10.1,9.0,1.29,10.34,15.16,6.0,0.86,6.9,10.1,9.0,1.29,10.34,15.16,3.0,0.43,3.45,5.05,0.0,0.0,0.0,0.0,12.0,1.71,13.79,20.21,4.0,0.57,4.6,6.74,42.53,45.98,-3.45,97.67,-3.0,-0.43,-3.45,21.38,3.05,0.48,0.49,0.44,0.36,0.71,0.14,0.75,0.47,0.67,0.57,3.45,0.0,0.14,4.6,0.57
4,新竹御嵿攻城獅,88|10862|10885|10888,盧冠軒/提傑/劉丞勳/帕塞獅,12,161,192.0,2820.53,47.01,47:01,235.04,3.92,03:55,74.0,6.17,38.54,56.67,70.0,5.83,36.46,53.61,70.0,5.83,36.46,53.61,28.0,2.33,14.58,21.44,44.0,3.67,22.92,33.7,20.0,1.67,10.42,15.32,26.0,2.17,13.54,19.91,8.0,0.67,4.17,6.13,21.0,1.75,10.94,16.08,16.0,1.33,8.33,12.25,11.0,0.92,5.73,8.42,33.0,2.75,17.19,25.27,15.0,1.25,7.81,11.49,29.0,2.42,15.1,22.21,15.0,1.25,7.81,11.49,26.0,2.17,13.54,19.91,8.0,0.67,4.17,6.13,5.0,0.42,2.6,3.83,16.0,1.33,8.33,12.25,5.0,0.42,2.6,3.83,38.54,36.46,2.08,98.02,4.0,0.33,2.08,47.01,3.92,0.46,0.47,0.45,0.31,0.76,0.16,0.93,0.28,0.69,0.5,4.17,2.6,0.08,2.6,0.3
4,新竹御嵿攻城獅,75|88|10862|10885,高國豪/盧冠軒/提傑/劉丞勳,13,141,168.0,2214.9,36.92,36:55,170.38,2.84,02:50,57.0,4.38,33.93,55.59,67.0,5.15,39.88,65.34,63.0,4.85,37.5,61.44,20.0,1.54,11.9,19.5,36.0,2.77,21.43,35.11,13.0,1.0,7.74,12.68,27.0,2.08,16.07,26.33,7.0,0.54,4.17,6.83,16.0,1.23,9.52,15.6,10.0,0.77,5.95,9.75,14.0,1.08,8.33,13.65,30.0,2.31,17.86,29.26,13.0,1.0,7.74,12.68,25.0,1.92,14.88,24.38,12.0,0.92,7.14,11.7,16.0,1.23,9.52,15.6,6.0,0.46,3.57,5.85,2.0,0.15,1.19,1.95,14.0,1.08,8.33,13.65,18.0,1.38,10.71,17.55,33.93,39.88,-5.95,109.22,-10.0,-0.77,-5.95,36.92,2.84,0.37,0.41,0.36,0.26,0.62,0.15,0.8,0.36,0.7,0.54,3.57,1.19,0.08,10.71,0.25
4,新竹御嵿攻城獅,75|88|10862|10888,高國豪/盧冠軒/提傑/帕塞獅,10,189,225.0,3318.95,55.32,55:19,331.9,5.53,05:32,85.0,8.5,37.78,55.32,86.0,8.6,38.22,55.97,84.0,8.4,37.33,54.67,34.0,3.4,15.11,22.13,49.0,4.9,21.78,31.89,24.0,2.4,10.67,15.62,35.0,3.5,15.56,22.78,10.0,1.0,4.44,6.51,18.0,1.8,8.0,11.71,8.0,0.8,3.56,5.21,14.0,1.4,6.22,9.11,39.0,3.9,17.33,25.38,17.0,1.7,7.56,11.06,34.0,3.4,15.11,22.13,17.0,1.7,7.56,11.06,24.0,2.4,10.67,15.62,7.0,0.7,3.11,4.56,1.0,0.1,0.44,0.65,14.0,1.4,6.22,9.11,19.0,1.9,8.44,12.37,37.78,38.22,-0.44,97.62,-1.0,-0.1,-0.44,55.32,5.53,0.46,0.46,0.49,0.29,0.44,0.16,0.71,0.29,0.7,0.51,3.11,0.44,0.06,8.44,0.21
4,新竹御嵿攻城獅,75|88|10885|10888,高國豪/盧冠軒/劉丞勳/帕塞獅,7,66,76.0,1070.24,17.84,17:50,152.89,2.55,02:33,27.0,3.86,35.53,54.49,31.0,4.43,40.79,62.57,24.0,3.43,31.58,48.44,10.0,1.43,13.16,20.18,16.0,2.29,21.05,32.29,8.0,1.14,10.53,16.15,8.0,1.14,10.53,16.15,2.0,0.29,2.63,4.04,10.0,1.43,13.16,20.18,6.0,0.86,7.89,12.11,3.0,0.43,3.95,6.05,13.0,1.86,17.11,26.24,7.0,1.0,9.21,14.13,13.0,1.86,17.11,26.24,7.0,1.0,9.21,14.13,7.0,1.0,9.21,14.13,2.0,0.29,2.63,4.04,1.0,0.14,1.32,2.02,4.0,0.57,5.26,8.07,2.0,0.29,2.63,4.04,35.53,40.79,-5.26,102.26,-4.0,-0.57,-5.26,17.84,2.55,0.46,0.48,0.5,0.25,0.6,0.2,0.7,0.19,0.65,0.44,2.63,1.32,0.05,2.63,0.42
4,新竹御嵿攻城獅,75|10862|10885|10888,高國豪/提傑/劉丞勳/帕塞獅,9,117,135.0,1947.82,32.46,32:28,216.42,3.61,03:36,64.0,7.11,47.41,70.97,53.0,5.89,39.26,58.77,51.0,5.67,37.78,56.56,24.0,2.67,17.78,26.61,33.0,3.67,24.44,36.59,16.0,1.78,11.85,17.74,18.0,2.0,13.33,19.96,8.0,0.89,5.93,8.87,10.0,1.11,7.41,11.09,5.0,0.56,3.7,5.54,9.0,1.0,6.67,9.98,20.0,2.22,14.81,22.18,8.0,0.89,5.93,8.87,20.0,2.22,14.81,22.18,10.0,1.11,7.41,11.09,15.0,1.67,11.11,16.63,4.0,0.44,2.96,4.44,4.0,0.44,2.96,4.44,8.0,0.89,5.93,8.87,14.0,1.56,10.37,15.53,47.41,39.26,8.15,99.8,11.0,1.22,8.15,32.46,3.61,0.55,0.58,0.48,0.44,0.5,0.15,0.62,0.31,0.71,0.51,2.96,2.96,0.06,10.37,0.2
4,福爾摩沙夢想家,79|89|95|10890,張宗憲/蔣淯安/李德威/湯普金斯,1,26,31.0,460.0,7.67,07:40,460.0,7.67,07:40,11.0,11.0,35.48,51.65,12.0,12.0,38.71,56.35,14.0,14.0,45.16,65.74,5.0,5.0,16.13,23.48,10.0,10.0,32.26,46.96,4.0,4.0,12.9,18.78,4.0,4.0,12.9,18.78,1.0,1.0,3.23,4.7,0.0,0.0,0.0,0.0,0.0,0.0,0.0,0.0,3.0,3.0,9.68,14.09,6.0,6.0,19.35,28.17,1.0,1.0,3.23,4.7,4.0,4.0,12.9,18.78,2.0,2.0,6.45,9.39,2.0,2.0,6.45,9.39,1.0,1.0,3.23,4.7,0.0,0.0,0.0,0.0,5.0,5.0,16.13,23.48,0.0,0.0,0.0,0.0,35.48,38.71,-3.23,97.04,-1.0,-1.0,-3.23,7.67,7.67,0.39,0.39,0.4,0.25,,0.12,0.4,0.43,0.86,0.64,3.23,0.0,0.16,0.0,0.0
4,福爾摩沙夢想家,79|89|10889|10890,張宗憲/蔣淯安/恩尼斯/湯普金斯,1,26,31.0,460.0,7.67,07:40,460.0,7.67,07:40,11.0,11.0,35.48,51.65,12.0,12.0,38.71,56.35,14.0,14.0,45.16,65.74,5.0,5.0,16.13,23.48,10.0,10.0,32.26,46.96,4.0,4.0,12.9,18.78,4.0,4.0,12.9,18.78,1.0,1.0,3.23,4.7,0.0,0.0,0.0,0.0,0.0,0.0,0.0,0.0,3.0,3.0,9.68,14.09,6.0,6.0,19.35,28.17,1.0,1.0,3.23,4.7,4.0,4.0,12.9,18.78,2.0,2.0,6.45,9.39,2.0,2.0,6.45,9.39,1.0,1.0,3.23,4.7,0.0,0.0,0.0,0.0,5.0,5.0,16.13,23.48,0.0,0.0,0.0,0.0,35.48,38.71,-3.23,97.04,-1.0,-1.0,-3.23,7.67,7.67,0.39,0.39,0.4,0.25,,0.12,0.4,0.43,0.86,0.64,3.23,0.0,0.16,0.0,0.0
4,福爾摩沙夢想家,79|95|10889|10890,張宗憲/李德威/恩尼斯/湯普金斯,1,26,31.0,460.0,7.67,07:40,460.0,7.67,07:40,11.0,11.0,35.48,51.65,12.0,12.0,38.71,56.35,14.0,14.0,45.16,65.74,5.0,5.0,16.13,23.48,10.0,10.0,32.26,46.96,4.0,4.0,12.9,18.78,4.0,4.0,12.9,18.78,1.0,1.0,3.23,4.7,0.0,0.0,0.0,0.0,0.0,0.0,0.0,0.0,3.0,3.0,9.68,14.09,6.0,6.0,19.35,28.17,1.0,1.0,3.23,4.7,4.0,4.0,12.9,18.78,2.0,2.0,6.45,9.39,2.0,2.0,6.45,9.39,1.0,1.0,3.23,4.7,0.0,0.0,0.0,0.0,5.0,5.0,16.13,23.48,0.0,0.0,0.0,0.0,35.48,38.71,-3.23,97.04,-1.0,-1.0,-3.23,7.67,7.67,0.39,0.39,0.4,0.25,,0.12,0.4,0.43,0.86,0.64,3.23,0.0,0.16,0.0,0.0
4,福爾摩沙夢想家,89|95|10889|10890,蔣淯安/李德威/恩尼斯/湯普金斯,2,56,64.0,887.9,14.8,14:48,443.95,7.4,07:24,19.0,9.5,29.69,46.22,29.0,14.5,45.31,70.55,23.0,11.5,35.94,55.95,9.0,4.5,14.06,21.89,16.0,8.0,25.0,38.92,8.0,4.0,12.5,19.46,7.0,3.5,10.94,17.03,1.0,0.5,1.56,2.43,2.0,1.0,3.12,4.87,0.0,0.0,0.0,0.0,4.0,2.0,6.25,9.73,11.0,5.5,17.19,26.76,3.0,1.5,4.69,7.3,10.0,5.0,15.62,24.33,7.0,3.5,10.94,17.03,3.0,1.5,4.69,7.3,3.0,1.5,4.69,7.3,0.0,0.0,0.0,0.0,7.0,3.5,10.94,17.03,6.0,3.0,9.38,14.6,29.69,45.31,-15.62,103.8,-10.0,-5.0,-15.62,14.8,7.4,0.41,0.4,0.5,0.14,0.0,0.23,0.33,0.29,0.79,0.54,4.69,0.0,0.11,9.38,0.09
4,新竹御嵿攻城獅,75|76|87|10888,高國豪/曾柏喻/蔡宸綱/帕塞獅,5,127,151.0,2244.03,37.4,37:24,448.81,7.48,07:29,78.0,15.6,51.66,75.08,60.0,12.0,39.74,57.75,58.0,11.6,38.41,55.83,30.0,6.0,19.87,28.88,38.0,7.6,25.17,36.58,25.0,5.0,16.56,24.06,20.0,4.0,13.25,19.25,5.0,1.0,3.31,4.81,17.0,3.4,11.26,16.36,13.0,2.6,8.61,12.51,10.0,2.0,6.62,9.63,21.0,4.2,13.91,20.21,12.0,2.4,7.95,11.55,24.0,4.8,15.89,23.1,9.0,1.8,5.96,8.66,21.0,4.2,13.91,20.21,4.0,0.8,2.65,3.85,0.0,0.0,0.0,0.0,11.0,2.2,7.28,10.59,11.0,2.2,7.28,10.59,51.66,39.74,11.92,96.9,18.0,3.6,11.92,37.4,7.48,0.56,0.6,0.66,0.25,0.76,0.12,0.7,0.29,0.64,0.46,2.65,0.0,0.07,7.28,0.29
4,新竹御嵿攻城獅,75|87|10887|10888,高國豪/蔡宸綱/德魯/帕塞獅,5,115,139.0,2067.8,34.46,34:28,413.56,6.89,06:54,72.0,14.4,51.8,75.21,62.0,12.4,44.6,64.76,56.0,11.2,40.29,58.5,27.0,5.4,19.42,28.2,37.0,7.4,26.62,38.65,22.0,4.4,15.83,22.98,19.0,3.8,13.67,19.85,5.0,1.0,3.6,5.22,14.0,2.8,10.07,14.62,13.0,2.6,9.35,13.58,10.0,2.0,7.19,10.45,20.0,4.0,14.39,20.89,10.0,2.0,7.19,10.45,25.0,5.0,17.99,26.11,5.0,1.0,3.6,5.22,19.0,3.8,13.67,19.85,2.0,0.4,1.44,2.09,1.0,0.2,0.72,1.04,9.0,1.8,6.47,9.4,12.0,2.4,8.63,12.54,51.8,44.6,7.19,96.8,10.0,2.0,7.19,34.46,6.89,0.53,0.58,0.59,0.26,0.93,0.07,0.7,0.29,0.67,0.46,1.44,0.72,0.06,8.63,0.25
4,新竹御嵿攻城獅,76|87|10887|10888,曾柏喻/蔡宸綱/德魯/帕塞獅,8,166,198.0,2802.58,46.71,46:43,350.32,5.84,05:50,97.0,12.12,48.99,74.76,85.0,10.62,42.93,65.51,71.0,8.88,35.86,54.72,34.0,4.25,17.17,26.2,42.0,5.25,21.21,32.37,26.0,3.25,13.13,20.04,29.0,3.62,14.65,22.35,8.0,1.0,4.04,6.17,25.0,3.12,12.63,19.27,20.0,2.5,10.1,15.41,11.0,1.38,5.56,8.48,29.0,3.62,14.65,22.35,16.0,2.0,8.08,12.33,37.0,4.62,18.69,28.52,11.0,1.38,5.56,8.48,25.0,3.12,12.63,19.27,5.0,0.62,2.53,3.85,2.0,0.25,1.01,1.54,20.0,2.5,10.1,15.41,14.0,1.75,7.07,10.79,48.99,42.93,6.06,101.73,12.0,1.5,6.06,46.71,5.84,0.54,0.59,0.62,0.28,0.8,0.12,0.74,0.23,0.64,0.43,2.53,1.01,0.1,7.07,0.35
4,福爾摩沙夢想家,79|89|103|10890,張宗憲/蔣淯安/忻沃克/湯普金斯,13,486,565.0,8379.04,139.65,139:39,644.54,10.74,10:45,272.0,20.92,48.14,70.12,246.0,18.92,43.54,63.42,217.0,16.69,38.41,55.94,98.0,7.54,17.35,25.26,133.0,10.23,23.54,34.29,66.0,5.08,11.68,17.01,84.0,6.46,14.87,21.65,32.0,2.46,5.66,8.25,57.0,4.38,10.09,14.69,42.0,3.23,7.43,10.83,36.0,2.77,6.37,9.28,88.0,6.77,15.58,22.69,32.0,2.46,5.66,8.25,101.0,7.77,17.88,26.04,37.0,2.85,6.55,9.54,70.0,5.38,12.39,18.05,23.0,1.77,4.07,5.93,7.0,0.54,1.24,1.8,55.0,4.23,9.73,14.18,43.0,3.31,7.61,11.08,48.14,43.54,4.6,97.1,26.0,2.0,4.6,139.65,10.74,0.53,0.56,0.5,0.38,0.74,0.13,0.71,0.26,0.73,0.48,4.07,1.24,0.1,7.61,0.26
4,福爾摩沙夢想家,79|89|107|10890,張宗憲/蔣淯安/霍爾曼/湯普金斯,10,221,263.0,3720.55,62.01,62:01,372.06,6.2,06:12,134.0,13.4,50.95,77.79,120.0,12.0,45.63,69.67,99.0,9.9,37.64,57.48,48.0,4.8,18.25,27.87,60.0,6.0,22.81,34.83,31.0,3.1,11.79,18.0,39.0,3.9,14.83,22.64,17.0,1.7,6.46,9.87,27.0,2.7,10.27,15.68,22.0,2.2,8.37,12.77,16.0,1.6,6.08,9.29,38.0,3.8,14.45,22.06,17.0,1.7,6.46,9.87,45.0,4.5,17.11,26.13,18.0,1.8,6.84,10.45,34.0,3.4,12.93,19.74,9.0,0.9,3.42,5.23,4.0,0.4,1.52,2.32,28.0,2.8,10.65,16.26,32.0,3.2,12.17,18.58,50.95,45.63,5.32,101.79,14.0,1.4,5.32,62.01,6.2,0.57,0.6,0.52,0.44,0.81,0.14,0.71,0.26,0.69,0.47,3.42,1.52,0.11,12.17,0.27
4,福爾摩沙夢想家,79|103|107|10890,張宗憲/忻沃克/霍爾曼/湯普金斯,10,175,208.0,2847.86,47.46,47:28,284.79,4.75,04:45,110.0,11.0,52.88,83.43,92.0,9.2,44.23,69.78,78.0,7.8,37.5,59.16,37.0,3.7,17.79,28.06,43.0,4.3,20.67,32.61,22.0,2.2,10.58,16.69,35.0,3.5,16.83,26.55,15.0,1.5,7.21,11.38,19.0,1.9,9.13,14.41,18.0,1.8,8.65,13.65,16.0,1.6,7.69,12.14,26.0,2.6,12.5,19.72,14.0,1.4,6.73,10.62,35.0,3.5,16.83,26.55,15.0,1.5,7.21,11.38,25.0,2.5,12.02,18.96,8.0,0.8,3.85,6.07,1.0,0.1,0.48,0.76,20.0,2.0,9.62,15.17,22.0,2.2,10.58,16.69,52.88,44.23,8.65,105.17,18.0,1.8,8.65,47.46,4.75,0.57,0.64,0.51,0.43,0.95,0.15,0.68,0.31,0.65,0.46,3.85,0.48,0.1,10.58,0.24
4,福爾摩沙夢想家,89|103|107|10890,蔣淯安/忻沃克/霍爾曼/湯普金斯,16,266,312.0,4553.32,75.89,75:53,284.58,4.74,04:45,166.0,10.38,53.21,78.75,148.0,9.25,47.44,70.21,124.0,7.75,39.74,58.82,59.0,3.69,18.91,27.99,59.0,3.69,18.91,27.99,33.0,2.06,10.58,15.65,65.0,4.06,20.83,30.83,26.0,1.62,8.33,12.33,27.0,1.69,8.65,12.81,22.0,1.38,7.05,10.44,18.0,1.12,5.77,8.54,48.0,3.0,15.38,22.77,15.0,0.94,4.81,7.12,52.0,3.25,16.67,24.67,21.0,1.31,6.73,9.96,44.0,2.75,14.1,20.87,12.0,0.75,3.85,5.69,4.0,0.25,1.28,1.9,30.0,1.88,9.62,14.23,36.0,2.25,11.54,17.08,53.21,47.44,5.77,98.67,18.0,1.12,5.77,75.89,4.74,0.58,0.61,0.56,0.4,0.81,0.13,0.75,0.26,0.76,0.5,3.85,1.28,0.1,11.54,0.22
4,新竹御嵿攻城獅,75|87|10862|10887,高國豪/蔡宸綱/提傑/德魯,13,248,300.0,4143.82,69.06,69:04,318.76,5.31,05:19,150.0,11.54,50.0,78.19,124.0,9.54,41.33,64.64,106.0,8.15,35.33,55.25,46.0,3.54,15.33,23.98,57.0,4.38,19.0,29.71,28.0,2.15,9.33,14.6,49.0,3.77,16.33,25.54,18.0,1.38,6.0,9.38,46.0,3.54,15.33,23.98,40.0,3.08,13.33,20.85,19.0,1.46,6.33,9.9,44.0,3.38,14.67,22.94,21.0,1.62,7.0,10.95,48.0,3.69,16.0,25.02,18.0,1.38,6.0,9.38,36.0,2.77,12.0,18.77,8.0,0.62,2.67,4.17,3.0,0.23,1.0,1.56,38.0,2.92,12.67,19.81,24.0,1.85,8.0,12.51,50.0,41.33,8.67,104.25,26.0,2.0,8.67,69.06,5.31,0.52,0.59,0.49,0.37,0.87,0.12,0.78,0.28,0.68,0.48,2.67,1.0,0.13,8.0,0.43
4,新竹御嵿攻城獅,71|88|90|10862,李漢昇/盧冠軒/李啓瑋/提傑,1,24,27.0,419.45,6.99,06:59,419.45,6.99,06:59,12.0,12.0,44.44,61.79,16.0,16.0,59.26,82.39,8.0,8.0,29.63,41.2,5.0,5.0,18.52,25.75,4.0,4.0,14.81,20.6,3.0,3.0,11.11,15.45,4.0,4.0,14.81,20.6,2.0,2.0,7.41,10.3,0.0,0.0,0.0,0.0,0.0,0.0,0.0,0.0,0.0,0.0,0.0,0.0,3.0,3.0,11.11,15.45,1.0,1.0,3.7,5.15,6.0,6.0,22.22,30.9,5.0,5.0,18.52,25.75,3.0,3.0,11.11,15.45,4.0,4.0,14.81,20.6,0.0,0.0,0.0,0.0,2.0,2.0,7.41,10.3,4.0,4.0,14.81,20.6,44.44,59.26,-14.81,92.69,-4.0,-4.0,-14.81,6.99,6.99,0.75,0.75,0.75,0.5,,0.38,0.6,0.0,0.75,0.3,14.81,0.0,0.07,14.81,0.0
4,新竹御嵿攻城獅,71|88|90|10887,李漢昇/盧冠軒/李啓瑋/德魯,1,4,4.0,69.45,1.16,01:09,69.45,1.16,01:09,5.0,5.0,125.0,155.5,2.0,2.0,50.0,62.2,2.0,2.0,50.0,62.2,2.0,2.0,50.0,62.2,1.0,1.0,25.0,31.1,1.0,1.0,25.0,31.1,1.0,1.0,25.0,31.1,1.0,1.0,25.0,31.1,0.0,0.0,0.0,0.0,0.0,0.0,0.0,0.0,0.0,0.0,0.0,0.0,0.0,0.0,0.0,0.0,0.0,0.0,0.0,0.0,1.0,1.0,25.0,31.1,0.0,0.0,0.0,0.0,2.0,2.0,50.0,62.2,0.0,0.0,0.0,0.0,0.0,0.0,0.0,0.0,0.0,0.0,0.0,0.0,0.0,0.0,0.0,0.0,125.0,50.0,75.0,82.93,3.0,3.0,75.0,1.16,1.16,1.25,1.25,1.0,1.0,,0.0,1.0,0.0,,0.0,0.0,0.0,0.0,0.0,0.0
4,新竹御嵿攻城獅,71|90|10862|10887,李漢昇/李啓瑋/提傑/德魯,3,16,22.0,278.21,4.64,04:38,92.74,1.55,01:33,15.0,5.0,68.18,116.46,9.0,3.0,40.91,69.87,7.0,2.33,31.82,54.35,4.0,1.33,18.18,31.06,4.0,1.33,18.18,31.06,2.0,0.67,9.09,15.53,3.0,1.0,13.64,23.29,2.0,0.67,9.09,15.53,6.0,2.0,27.27,46.58,5.0,1.67,22.73,38.82,1.0,0.33,4.55,7.76,1.0,0.33,4.55,7.76,4.0,1.33,18.18,31.06,3.0,1.0,13.64,23.29,0.0,0.0,0.0,0.0,4.0,1.33,18.18,31.06,0.0,0.0,0.0,0.0,0.0,0.0,0.0,0.0,4.0,1.33,18.18,31.06,0.0,0.0,0.0,0.0,68.18,40.91,27.27,113.87,6.0,2.0,27.27,4.64,1.55,0.71,0.78,0.5,0.67,0.83,0.0,1.0,0.25,0.2,0.22,0.0,0.0,0.18,0.0,0.86
4,新竹御嵿攻城獅,88|90|10862|10887,盧冠軒/李啓瑋/提傑/德魯,6,51,64.0,869.61,14.49,14:30,144.93,2.42,02:25,27.0,4.5,42.19,67.06,29.0,4.83,45.31,72.03,25.0,4.17,39.06,62.1,9.0,1.5,14.06,22.35,11.0,1.83,17.19,27.32,4.0,0.67,6.25,9.94,14.0,2.33,21.88,34.77,5.0,0.83,7.81,12.42,6.0,1.0,9.38,14.9,5.0,0.83,7.81,12.42,3.0,0.5,4.69,7.45,14.0,2.33,21.88,34.77,8.0,1.33,12.5,19.87,10.0,1.67,15.62,24.84,3.0,0.5,4.69,7.45,7.0,1.17,10.94,17.39,1.0,0.17,1.56,2.48,2.0,0.33,3.12,4.97,7.0,1.17,10.94,17.39,5.0,0.83,7.81,12.42,42.19,45.31,-3.12,105.98,-2.0,-0.33,-3.12,14.49,2.42,0.46,0.49,0.36,0.36,0.83,0.1,0.78,0.23,0.64,0.49,1.56,3.12,0.11,7.81,0.24
4,福爾摩沙夢想家,77|86|103|10890,馬建豪/林俊吉/忻沃克/湯普金斯,3,30,38.0,489.39,8.16,08:09,163.13,2.72,02:43,24.0,8.0,63.16,105.93,20.0,6.67,52.63,88.27,12.0,4.0,31.58,52.96,5.0,1.67,13.16,22.07,7.0,2.33,18.42,30.9,1.0,0.33,2.63,4.41,5.0,1.67,13.16,22.07,4.0,1.33,10.53,17.65,11.0,3.67,28.95,48.55,10.0,3.33,26.32,44.14,3.0,1.0,7.89,13.24,4.0,1.33,10.53,17.65,2.0,0.67,5.26,8.83,4.0,1.33,10.53,17.65,1.0,0.33,2.63,4.41,6.0,2.0,15.79,26.48,1.0,0.33,2.63,4.41,0.0,0.0,0.0,0.0,6.0,2.0,15.79,26.48,5.0,1.67,13.16,22.07,63.16,52.63,10.53,111.81,4.0,1.33,10.53,8.16,2.72,0.58,0.71,0.14,0.8,0.91,0.06,1.2,0.43,0.67,0.54,2.63,0.0,0.16,13.16,0.92
4,福爾摩沙夢想家,77|86|10889|10890,馬建豪/林俊吉/恩尼斯/湯普金斯,3,20,28.0,356.52,5.94,05:57,118.84,1.98,01:59,15.0,5.0,53.57,90.88,2.0,0.67,7.14,12.12,7.0,2.33,25.0,42.41,4.0,1.33,14.29,24.23,2.0,0.67,7.14,12.12,1.0,0.33,3.57,6.06,5.0,1.67,17.86,30.29,3.0,1.0,10.71,18.18,5.0,1.67,17.86,30.29,4.0,1.33,14.29,24.23,1.0,0.33,3.57,6.06,2.0,0.67,7.14,12.12,3.0,1.0,10.71,18.18,4.0,1.33,14.29,24.23,3.0,1.0,10.71,18.18,4.0,1.33,14.29,24.23,1.0,0.33,3.57,6.06,0.0,0.0,0.0,0.0,5.0,1.67,17.86,30.29,0.0,0.0,0.0,0.0,53.57,7.14,46.43,113.09,13.0,4.33,46.43,5.94,1.98,0.79,0.82,0.5,0.6,0.8,0.25,1.0,0.2,0.4,0.3,3.57,0.0,0.18,0.0,0.71
4,福爾摩沙夢想家,77|103|10889|10890,馬建豪/忻沃克/恩尼斯/湯普金斯,2,12,15.0,229.0,3.82,03:49,114.5,1.91,01:54,13.0,6.5,86.67,122.62,4.0,2.0,26.67,37.73,6.0,3.0,40.0,56.59,3.0,1.5,20.0,28.3,3.0,1.5,20.0,28.3,1.0,0.5,6.67,9.43,3.0,1.5,20.0,28.3,2.0,1.0,13.33,18.86,6.0,3.0,40.0,56.59,5.0,2.5,33.33,47.16,2.0,1.0,13.33,18.86,1.0,0.5,6.67,9.43,0.0,0.0,0.0,0.0,2.0,1.0,13.33,18.86,0.0,0.0,0.0,0.0,2.0,1.0,13.33,18.86,0.0,0.0,0.0,0.0,0.0,0.0,0.0,0.0,4.0,2.0,26.67,37.73,0.0,0.0,0.0,0.0,86.67,26.67,60.0,94.32,9.0,4.5,60.0,3.82,1.91,0.67,0.75,0.33,0.67,0.83,0.0,0.67,0.5,1.0,0.6,0.0,0.0,0.27,0.0,1.0
4,福爾摩沙夢想家,86|103|10889|10890,林俊吉/忻沃克/恩尼斯/湯普金斯,2,33,38.0,493.57,8.23,08:14,246.79,4.11,04:07,22.0,11.0,57.89,96.28,17.0,8.5,44.74,74.4,12.0,6.0,31.58,52.52,7.0,3.5,18.42,30.63,7.0,3.5,18.42,30.63,5.0,2.5,13.16,21.88,5.0,2.5,13.16,21.88,2.0,1.0,5.26,8.75,9.0,4.5,23.68,39.39,6.0,3.0,15.79,26.26,1.0,0.5,2.63,4.38,4.0,2.0,10.53,17.51,1.0,0.5,2.63,4.38,7.0,3.5,18.42,30.63,3.0,1.5,7.89,13.13,4.0,2.0,10.53,17.51,3.0,1.5,7.89,13.13,0.0,0.0,0.0,0.0,8.0,4.0,21.05,35.01,4.0,2.0,10.53,17.51,57.89,44.74,13.16,110.87,5.0,2.5,13.16,8.23,4.11,0.67,0.69,0.71,0.4,0.67,0.16,0.57,0.12,0.8,0.38,7.89,0.0,0.21,10.53,0.75
4,新竹御嵿攻城獅,71|88|90|10888,李漢昇/盧冠軒/李啓瑋/帕塞獅,1,20,23.0,350.0,5.83,05:50,350.0,5.83,05:50,7.0,7.0,30.43,43.2,14.0,14.0,60.87,86.4,6.0,6.0,26.09,37.03,3.0,3.0,13.04,18.51,3.0,3.0,13.04,18.51,2.0,2.0,8.7,12.34,3.0,3.0,13.04,18.51,1.0,1.0,4.35,6.17,0.0,0.0,0.0,0.0,0.0,0.0,0.0,0.0,0.0,0.0,0.0,0.0,3.0,3.0,13.04,18.51,1.0,1.0,4.35,6.17,5.0,5.0,21.74,30.86,5.0,5.0,21.74,30.86,1.0,1.0,4.35,6.17,4.0,4.0,17.39,24.69,0.0,0.0,0.0,0.0,2.0,2.0,8.7,12.34,4.0,4.0,17.39,24.69,30.43,60.87,-30.43,94.63,-7.0,-7.0,-30.43,5.83,5.83,0.58,0.58,0.67,0.33,,0.45,0.33,0.0,0.75,0.33,17.39,0.0,0.09,17.39,0.0
4,新竹御嵿攻城獅,71|90|10862|10888,李漢昇/李啓瑋/提傑/帕塞獅,1,20,23.0,350.0,5.83,05:50,350.0,5.83,05:50,7.0,7.0,30.43,43.2,14.0,14.0,60.87,86.4,6.0,6.0,26.09,37.03,3.0,3.0,13.04,18.51,3.0,3.0,13.04,18.51,2.0,2.0,8.7,12.34,3.0,3.0,13.04,18.51,1.0,1.0,4.35,6.17,0.0,0.0,0.0,0.0,0.0,0.0,0.0,0.0,0.0,0.0,0.0,0.0,3.0,3.0,13.04,18.51,1.0,1.0,4.35,6.17,5.0,5.0,21.74,30.86,5.0,5.0,21.74,30.86,1.0,1.0,4.35,6.17,4.0,4.0,17.39,24.69,0.0,0.0,0.0,0.0,2.0,2.0,8.7,12.34,4.0,4.0,17.39,24.69,30.43,60.87,-30.43,94.63,-7.0,-7.0,-30.43,5.83,5.83,0.58,0.58,0.67,0.33,,0.45,0.33,0.0,0.75,0.33,17.39,0.0,0.09,17.39,0.0
4,新竹御嵿攻城獅,88|90|10862|10888,盧冠軒/李啓瑋/提傑/帕塞獅,5,72,86.0,1173.36,19.56,19:33,234.67,3.91,03:55,30.0,6.0,34.88,55.23,37.0,7.4,43.02,68.11,27.0,5.4,31.4,49.7,12.0,2.4,13.95,22.09,16.0,3.2,18.6,29.45,8.0,1.6,9.3,14.73,11.0,2.2,12.79,20.25,4.0,0.8,4.65,7.36,2.0,0.4,2.33,3.68,2.0,0.4,2.33,3.68,2.0,0.4,2.33,3.68,13.0,2.6,15.12,23.93,7.0,1.4,8.14,12.89,14.0,2.8,16.28,25.77,11.0,2.2,12.79,20.25,7.0,1.4,8.14,12.89,6.0,1.2,6.98,11.05,1.0,0.2,1.16,1.84,6.0,1.2,6.98,11.05,11.0,2.2,12.79,20.25,34.88,43.02,-8.14,105.54,-7.0,-1.4,-8.14,19.56,3.91,0.52,0.54,0.5,0.36,1.0,0.28,0.58,0.12,0.65,0.42,6.98,1.16,0.07,12.79,0.07
4,福爾摩沙夢想家,79|86|103|10890,張宗憲/林俊吉/忻沃克/湯普金斯,6,95,109.0,1440.51,24.01,24:01,240.09,4.0,04:00,47.0,7.83,43.12,70.47,33.0,5.5,30.28,49.48,38.0,6.33,34.86,56.98,16.0,2.67,14.68,23.99,19.0,3.17,17.43,28.49,8.0,1.33,7.34,12.0,19.0,3.17,17.43,28.49,8.0,1.33,7.34,12.0,6.0,1.0,5.5,9.0,6.0,1.0,5.5,9.0,6.0,1.0,5.5,9.0,16.0,2.67,14.68,23.99,7.0,1.17,6.42,10.5,19.0,3.17,17.43,28.49,10.0,1.67,9.17,14.99,8.0,1.33,7.34,12.0,6.0,1.0,5.5,9.0,0.0,0.0,0.0,0.0,11.0,1.83,10.09,16.49,14.0,2.33,12.84,20.99,43.12,30.28,12.84,108.96,14.0,2.33,12.84,24.01,4.0,0.53,0.58,0.42,0.42,1.0,0.2,0.5,0.24,0.7,0.46,5.5,0.0,0.1,12.84,0.16
4,福爾摩沙夢想家,79|86|10889|10890,張宗憲/林俊吉/恩尼斯/湯普金斯,1,4,4.0,74.0,1.23,01:14,74.0,1.23,01:14,0.0,0.0,0.0,0.0,2.0,2.0,50.0,58.38,2.0,2.0,50.0,58.38,0.0,0.0,0.0,0.0,1.0,1.0,25.0,29.19,0.0,0.0,0.0,0.0,1.0,1.0,25.0,29.19,0.0,0.0,0.0,0.0,0.0,0.0,0.0,0.0,0.0,0.0,0.0,0.0,0.0,0.0,0.0,0.0,2.0,2.0,50.0,58.38,0.0,0.0,0.0,0.0,1.0,1.0,25.0,29.19,0.0,0.0,0.0,0.0,0.0,0.0,0.0,0.0,0.0,0.0,0.0,0.0,0.0,0.0,0.0,0.0,1.0,1.0,25.0,29.19,0.0,0.0,0.0,0.0,0.0,50.0,-50.0,77.84,-2.0,-2.0,-50.0,1.23,1.23,0.0,0.0,0.0,0.0,,0.0,,0.0,1.0,0.67,0.0,0.0,0.25,0.0,0.0
4,福爾摩沙夢想家,79|103|10889|10890,張宗憲/忻沃克/恩尼斯/湯普金斯,1,4,4.0,74.0,1.23,01:14,74.0,1.23,01:14,0.0,0.0,0.0,0.0,2.0,2.0,50.0,58.38,2.0,2.0,50.0,58.38,0.0,0.0,0.0,0.0,1.0,1.0,25.0,29.19,0.0,0.0,0.0,0.0,1.0,1.0,25.0,29.19,0.0,0.0,0.0,0.0,0.0,0.0,0.0,0.0,0.0,0.0,0.0,0.0,0.0,0.0,0.0,0.0,2.0,2.0,50.0,58.38,0.0,0.0,0.0,0.0,1.0,1.0,25.0,29.19,0.0,0.0,0.0,0.0,0.0,0.0,0.0,0.0,0.0,0.0,0.0,0.0,0.0,0.0,0.0,0.0,1.0,1.0,25.0,29.19,0.0,0.0,0.0,0.0,0.0,50.0,-50.0,77.84,-2.0,-2.0,-50.0,1.23,1.23,0.0,0.0,0.0,0.0,,0.0,,0.0,1.0,0.67,0.0,0.0,0.25,0.0,0.0
4,福爾摩沙夢想家,79|86|107|10890,張宗憲/林俊吉/霍爾曼/湯普金斯,9,208,244.0,3560.66,59.34,59:21,395.63,6.59,06:36,90.0,10.0,36.89,54.6,92.0,10.22,37.7,55.81,84.0,9.33,34.43,50.96,26.0,2.89,10.66,15.77,41.0,4.56,16.8,24.87,13.0,1.44,5.33,7.89,43.0,4.78,17.62,26.09,13.0,1.44,5.33,7.89,35.0,3.89,14.34,21.23,26.0,2.89,10.66,15.77,15.0,1.67,6.15,9.1,45.0,5.0,18.44,27.3,15.0,1.67,6.15,9.1,41.0,4.56,16.8,24.87,21.0,2.33,8.61,12.74,17.0,1.89,6.97,10.31,12.0,1.33,4.92,7.28,1.0,0.11,0.41,0.61,24.0,2.67,9.84,14.56,36.0,4.0,14.75,21.84,36.89,37.7,-0.82,98.68,-2.0,-0.22,-0.82,59.34,6.59,0.39,0.45,0.32,0.3,0.74,0.17,0.65,0.27,0.75,0.52,4.92,0.41,0.1,14.75,0.42
4,福爾摩沙夢想家,86|103|107|10890,林俊吉/忻沃克/霍爾曼/湯普金斯,14,272,324.0,4256.47,70.94,70:56,304.03,5.07,05:04,180.0,12.86,55.56,91.34,129.0,9.21,39.81,65.46,132.0,9.43,40.74,66.99,59.0,4.21,18.21,29.94,60.0,4.29,18.52,30.45,30.0,2.14,9.26,15.22,72.0,5.14,22.22,36.54,29.0,2.07,8.95,14.72,37.0,2.64,11.42,18.78,32.0,2.29,9.88,16.24,26.0,1.86,8.02,13.19,46.0,3.29,14.2,23.34,14.0,1.0,4.32,7.1,53.0,3.79,16.36,26.9,18.0,1.29,5.56,9.13,39.0,2.79,12.04,19.79,11.0,0.79,3.4,5.58,2.0,0.14,0.62,1.01,30.0,2.14,9.26,15.22,42.0,3.0,12.96,21.31,55.56,39.81,15.74,109.61,51.0,3.64,15.74,70.94,5.07,0.56,0.61,0.5,0.4,0.86,0.11,0.66,0.33,0.77,0.52,3.4,0.62,0.09,12.96,0.28
4,福爾摩沙夢想家,77|79|89|10890,馬建豪/張宗憲/蔣淯安/湯普金斯,4,73,85.0,1147.69,19.13,19:08,286.92,4.78,04:47,38.0,9.5,44.71,71.52,38.0,9.5,44.71,71.52,29.0,7.25,34.12,54.58,13.0,3.25,15.29,24.47,18.0,4.5,21.18,33.88,10.0,2.5,11.76,18.82,11.0,2.75,12.94,20.7,3.0,0.75,3.53,5.65,12.0,3.0,14.12,22.58,9.0,2.25,10.59,16.94,4.0,1.0,4.71,7.53,15.0,3.75,17.65,28.23,5.0,1.25,5.88,9.41,15.0,3.75,17.65,28.23,6.0,1.5,7.06,11.29,8.0,2.0,9.41,15.06,3.0,0.75,3.53,5.65,2.0,0.5,2.35,3.76,8.0,2.0,9.41,15.06,5.0,1.25,5.88,9.41,44.71,44.71,0.0,106.65,0.0,0.0,0.0,19.13,4.78,0.5,0.55,0.56,0.27,0.75,0.15,0.62,0.21,0.75,0.49,3.53,2.35,0.09,5.88,0.41
4,福爾摩沙夢想家,77|79|107|10890,馬建豪/張宗憲/霍爾曼/湯普金斯,3,54,66.0,914.67,15.24,15:15,304.89,5.08,05:05,30.0,10.0,45.45,70.84,31.0,10.33,46.97,73.21,27.0,9.0,40.91,63.76,10.0,3.33,15.15,23.61,14.0,4.67,21.21,33.06,5.0,1.67,7.58,11.81,13.0,4.33,19.7,30.7,5.0,1.67,7.58,11.81,8.0,2.67,12.12,18.89,5.0,1.67,7.58,11.81,4.0,1.33,6.06,9.45,15.0,5.0,22.73,35.42,6.0,2.0,9.09,14.17,10.0,3.33,15.15,23.61,3.0,1.0,4.55,7.08,7.0,2.33,10.61,16.53,3.0,1.0,4.55,7.08,2.0,0.67,3.03,4.72,5.0,1.67,7.58,11.81,3.0,1.0,4.55,7.08,45.45,46.97,-1.52,103.91,-1.0,-0.33,-1.52,15.24,5.08,0.46,0.49,0.36,0.38,0.62,0.09,0.7,0.29,0.71,0.54,4.55,3.03,0.08,4.55,0.3
4,福爾摩沙夢想家,77|89|107|10890,馬建豪/蔣淯安/霍爾曼/湯普金斯,6,113,129.0,2480.37,41.34,41:20,413.4,6.89,06:53,64.0,10.67,49.61,55.73,55.0,9.17,42.64,47.9,46.0,7.67,35.66,40.06,23.0,3.83,17.83,20.03,26.0,4.33,20.16,22.64,16.0,2.67,12.4,13.93,20.0,3.33,15.5,17.42,7.0,1.17,5.43,6.1,16.0,2.67,12.4,13.93,11.0,1.83,8.53,9.58,2.0,0.33,1.55,1.74,24.0,4.0,18.6,20.9,9.0,1.5,6.98,7.84,19.0,3.17,14.73,16.55,9.0,1.5,6.98,7.84,11.0,1.83,8.53,9.58,8.0,1.33,6.2,6.97,2.0,0.33,1.55,1.74,12.0,2.0,9.3,10.45,6.0,1.0,4.65,5.23,49.61,42.64,6.98,74.89,9.0,1.5,6.98,41.34,6.89,0.58,0.6,0.62,0.35,0.69,0.15,0.48,0.1,0.73,0.48,6.2,1.55,0.09,4.65,0.35
4,新竹御嵿攻城獅,76|88|10885|10887,曾柏喻/盧冠軒/劉丞勳/德魯,6,77,86.0,1226.4,20.44,20:26,204.4,3.41,03:24,40.0,6.67,46.51,70.45,48.0,8.0,55.81,84.54,32.0,5.33,37.21,56.36,13.0,2.17,15.12,22.9,12.0,2.0,13.95,21.13,6.0,1.0,6.98,10.57,20.0,3.33,23.26,35.22,7.0,1.17,8.14,12.33,13.0,2.17,15.12,22.9,8.0,1.33,9.3,14.09,5.0,0.83,5.81,8.81,14.0,2.33,16.28,24.66,3.0,0.5,3.49,5.28,9.0,1.5,10.47,15.85,3.0,0.5,3.49,5.28,9.0,1.5,10.47,15.85,2.0,0.33,2.33,3.52,2.0,0.33,2.33,3.52,12.0,2.0,13.95,21.13,14.0,2.33,16.28,24.66,46.51,55.81,-9.3,100.98,-8.0,-1.33,-9.3,20.44,3.41,0.52,0.53,0.5,0.35,0.62,0.07,0.69,0.36,0.82,0.61,2.33,2.33,0.14,16.28,0.41
4,福爾摩沙夢想家,86|95|103|107,林俊吉/李德威/忻沃克/霍爾曼,1,6,11.0,96.67,1.61,01:37,96.67,1.61,01:37,2.0,2.0,18.18,44.69,2.0,2.0,18.18,44.69,6.0,6.0,54.55,134.07,1.0,1.0,9.09,22.34,5.0,5.0,45.45,111.72,1.0,1.0,9.09,22.34,1.0,1.0,9.09,22.34,0.0,0.0,0.0,0.0,1.0,1.0,9.09,22.34,0.0,0.0,0.0,0.0,4.0,4.0,36.36,89.38,2.0,2.0,18.18,44.69,3.0,3.0,27.27,67.03,1.0,1.0,9.09,22.34,0.0,0.0,0.0,0.0,0.0,0.0,0.0,0.0,0.0,0.0,0.0,0.0,0.0,0.0,0.0,0.0,1.0,1.0,9.09,22.34,4.0,4.0,36.36,89.38,18.18,18.18,0.0,163.86,0.0,0.0,0.0,1.61,1.61,0.17,0.16,0.2,0.0,0.0,0.0,0.0,0.8,0.4,0.6,0.0,0.0,0.09,36.36,0.17
4,福爾摩沙夢想家,95|103|107|10889,李德威/忻沃克/霍爾曼/恩尼斯,1,8,14.0,140.58,2.34,02:21,140.58,2.34,02:21,4.0,4.0,28.57,61.46,2.0,2.0,14.29,30.73,7.0,7.0,50.0,107.56,2.0,2.0,14.29,30.73,6.0,6.0,42.86,92.19,2.0,2.0,14.29,30.73,1.0,1.0,7.14,15.37,0.0,0.0,0.0,0.0,1.0,1.0,7.14,15.37,0.0,0.0,0.0,0.0,4.0,4.0,28.57,61.46,2.0,2.0,14.29,30.73,3.0,3.0,21.43,46.1,2.0,2.0,14.29,30.73,0.0,0.0,0.0,0.0,0.0,0.0,0.0,0.0,0.0,0.0,0.0,0.0,0.0,0.0,0.0,0.0,2.0,2.0,14.29,30.73,6.0,6.0,42.86,92.19,28.57,14.29,14.29,143.41,2.0,2.0,14.29,2.34,2.34,0.29,0.27,0.33,0.0,0.0,0.0,0.0,0.67,0.4,0.55,0.0,0.0,0.14,42.86,0.14
4,新竹御嵿攻城獅,76|78|10885|10887,曾柏喻/朱雲豪/劉丞勳/德魯,4,51,62.0,775.94,12.93,12:56,193.98,3.23,03:14,20.0,5.0,32.26,55.67,33.0,8.25,53.23,91.86,15.0,3.75,24.19,41.76,5.0,1.25,8.06,13.92,9.0,2.25,14.52,25.05,3.0,0.75,4.84,8.35,6.0,1.5,9.68,16.7,2.0,0.5,3.23,5.57,11.0,2.75,17.74,30.62,8.0,2.0,12.9,22.27,2.0,0.5,3.23,5.57,10.0,2.5,16.13,27.84,9.0,2.25,14.52,25.05,9.0,2.25,14.52,25.05,6.0,1.5,9.68,16.7,5.0,1.25,8.06,13.92,4.0,1.0,6.45,11.13,2.0,0.5,3.23,5.57,7.0,1.75,11.29,19.49,9.0,2.25,14.52,25.05,32.26,53.23,-20.97,115.06,-13.0,-3.25,-20.97,12.93,3.23,0.4,0.5,0.33,0.33,0.73,0.23,1.0,0.18,0.53,0.4,6.45,3.23,0.11,14.52,0.73
4,新竹御嵿攻城獅,76|78|10885|10888,曾柏喻/朱雲豪/劉丞勳/帕塞獅,3,31,41.0,510.55,8.51,08:31,170.18,2.84,02:50,18.0,6.0,43.9,76.15,19.0,6.33,46.34,80.38,9.0,3.0,21.95,38.08,4.0,1.33,9.76,16.92,6.0,2.0,14.63,25.38,3.0,1.0,7.32,12.69,3.0,1.0,7.32,12.69,1.0,0.33,2.44,4.23,10.0,3.33,24.39,42.31,9.0,3.0,21.95,38.08,1.0,0.33,2.44,4.23,5.0,1.67,12.2,21.15,6.0,2.0,14.63,25.38,5.0,1.67,12.2,21.15,3.0,1.0,7.32,12.69,5.0,1.67,12.2,21.15,2.0,0.67,4.88,8.46,1.0,0.33,2.44,4.23,8.0,2.67,19.51,33.85,4.0,1.33,9.76,16.92,43.9,46.34,-2.44,115.64,-1.0,-0.33,-2.44,8.51,2.84,0.5,0.67,0.5,0.33,0.9,0.18,1.25,0.17,0.45,0.35,4.88,2.44,0.2,9.76,1.11
4,新竹御嵿攻城獅,76|78|10887|10888,曾柏喻/朱雲豪/德魯/帕塞獅,3,39,49.0,627.5,10.46,10:27,209.17,3.49,03:29,17.0,5.67,34.69,58.52,20.0,6.67,40.82,68.84,12.0,4.0,24.49,41.31,3.0,1.0,6.12,10.33,8.0,2.67,16.33,27.54,2.0,0.67,4.08,6.88,4.0,1.33,8.16,13.77,1.0,0.33,2.04,3.44,11.0,3.67,22.45,37.86,10.0,3.33,20.41,34.42,2.0,0.67,4.08,6.88,8.0,2.67,16.33,27.54,6.0,2.0,12.24,20.65,7.0,2.33,14.29,24.1,3.0,1.0,6.12,10.33,4.0,1.33,8.16,13.77,3.0,1.0,6.12,10.33,1.0,0.33,2.04,3.44,10.0,3.33,20.41,34.42,2.0,0.67,4.08,6.88,34.69,40.82,-6.12,112.45,-3.0,-1.0,-6.12,10.46,3.49,0.29,0.5,0.25,0.25,0.91,0.15,1.33,0.22,0.57,0.43,6.12,2.04,0.2,4.08,0.92
4,新竹御嵿攻城獅,78|10885|10887|10888,朱雲豪/劉丞勳/德魯/帕塞獅,3,27,35.0,451.6,7.53,07:32,150.53,2.51,02:31,15.0,5.0,42.86,71.74,16.0,5.33,45.71,76.53,8.0,2.67,22.86,38.26,3.0,1.0,8.57,14.35,5.0,1.67,14.29,23.91,2.0,0.67,5.71,9.57,3.0,1.0,8.57,14.35,1.0,0.33,2.86,4.78,9.0,3.0,25.71,43.05,8.0,2.67,22.86,38.26,1.0,0.33,2.86,4.78,5.0,1.67,14.29,23.91,6.0,2.0,17.14,28.7,5.0,1.67,14.29,23.91,2.0,0.67,5.71,9.57,4.0,1.33,11.43,19.13,2.0,0.67,5.71,9.57,1.0,0.33,2.86,4.78,6.0,2.0,17.14,28.7,2.0,0.67,5.71,9.57,42.86,45.71,-2.86,111.6,-1.0,-0.33,-2.86,7.53,2.51,0.44,0.63,0.4,0.33,0.89,0.14,1.33,0.17,0.45,0.35,5.71,2.86,0.17,5.71,1.12
4,新竹御嵿攻城獅,76|78|10862|10885,曾柏喻/朱雲豪/提傑/劉丞勳,4,28,33.0,383.28,6.39,06:23,95.82,1.6,01:36,8.0,2.0,24.24,45.08,20.0,5.0,60.61,112.71,8.0,2.0,24.24,45.08,3.0,0.75,9.09,16.91,5.0,1.25,15.15,28.18,2.0,0.5,6.06,11.27,3.0,0.75,9.09,16.91,1.0,0.25,3.03,5.64,3.0,0.75,9.09,16.91,1.0,0.25,3.03,5.64,1.0,0.25,3.03,5.64,5.0,1.25,15.15,28.18,3.0,0.75,9.09,16.91,4.0,1.0,12.12,22.54,5.0,1.25,15.15,28.18,2.0,0.5,6.06,11.27,2.0,0.5,6.06,11.27,1.0,0.25,3.03,5.64,3.0,0.75,9.09,16.91,9.0,2.25,27.27,50.72,24.24,60.61,-36.36,123.98,-12.0,-3.0,-36.36,6.39,1.6,0.44,0.43,0.4,0.33,0.33,0.35,0.67,0.2,0.62,0.46,6.06,3.03,0.09,27.27,0.38
4,新竹御嵿攻城獅,76|78|10862|10887,曾柏喻/朱雲豪/提傑/德魯,6,77,90.0,1670.72,27.85,27:51,278.45,4.64,04:38,33.0,5.5,36.67,42.66,48.0,8.0,53.33,62.06,25.0,4.17,27.78,32.32,11.0,1.83,12.22,14.22,15.0,2.5,16.67,19.39,6.0,1.0,6.67,7.76,10.0,1.67,11.11,12.93,5.0,0.83,5.56,6.46,12.0,2.0,13.33,15.51,6.0,1.0,6.67,7.76,3.0,0.5,3.33,3.88,15.0,2.5,16.67,19.39,6.0,1.0,6.67,7.76,13.0,2.17,14.44,16.81,11.0,1.83,12.22,14.22,9.0,1.5,10.0,11.64,6.0,1.0,6.67,7.76,2.0,0.33,2.22,2.59,7.0,1.17,7.78,9.05,11.0,1.83,12.22,14.22,36.67,53.33,-16.67,77.57,-15.0,-2.5,-16.67,27.85,4.64,0.54,0.54,0.4,0.5,0.5,0.27,0.82,0.19,0.71,0.49,6.67,2.22,0.08,12.22,0.48
4,新竹御嵿攻城獅,78|10862|10885|10887,朱雲豪/提傑/劉丞勳/德魯,4,33,38.0,456.66,7.61,07:37,114.16,1.9,01:54,12.0,3.0,31.58,56.76,20.0,5.0,52.63,94.6,9.0,2.25,23.68,42.57,3.0,0.75,7.89,14.19,5.0,1.25,13.16,23.65,2.0,0.5,5.26,9.46,4.0,1.0,10.53,18.92,1.0,0.25,2.63,4.73,7.0,1.75,18.42,33.11,5.0,1.25,13.16,23.65,1.0,0.25,2.63,4.73,6.0,1.5,15.79,28.38,4.0,1.0,10.53,18.92,8.0,2.0,21.05,37.84,4.0,1.0,10.53,18.92,2.0,0.5,5.26,9.46,2.0,0.5,5.26,9.46,1.0,0.25,2.63,4.73,3.0,0.75,7.89,14.19,13.0,3.25,34.21,61.49,31.58,52.63,-21.05,119.83,-8.0,-2.0,-21.05,7.61,1.9,0.39,0.5,0.4,0.25,0.71,0.25,0.67,0.11,0.6,0.37,5.26,2.63,0.08,34.21,0.78
4,福爾摩沙夢想家,77|86|107|10890,馬建豪/林俊吉/霍爾曼/湯普金斯,6,154,192.0,2525.22,42.09,42:05,420.87,7.01,07:01,112.0,18.67,58.33,95.8,92.0,15.33,47.92,78.69,73.0,12.17,38.02,62.44,36.0,6.0,18.75,30.79,37.0,6.17,19.27,31.65,20.0,3.33,10.42,17.11,36.0,6.0,18.75,30.79,16.0,2.67,8.33,13.69,33.0,5.5,17.19,28.23,24.0,4.0,12.5,20.53,18.0,3.0,9.38,15.4,24.0,4.0,12.5,20.53,13.0,2.17,6.77,11.12,27.0,4.5,14.06,23.09,10.0,1.67,5.21,8.55,29.0,4.83,15.1,24.81,3.0,0.5,1.56,2.57,1.0,0.17,0.52,0.86,21.0,3.5,10.94,17.96,17.0,2.83,8.85,14.54,58.33,47.92,10.42,109.49,20.0,3.33,10.42,42.09,7.01,0.6,0.64,0.54,0.44,0.73,0.1,0.81,0.4,0.65,0.51,1.56,0.52,0.11,8.85,0.45
4,福爾摩沙夢想家,77|103|107|10890,馬建豪/忻沃克/霍爾曼/湯普金斯,4,44,50.0,658.68,10.98,10:59,164.67,2.74,02:45,24.0,6.0,48.0,78.7,27.0,6.75,54.0,88.54,18.0,4.5,36.0,59.03,7.0,1.75,14.0,22.96,10.0,2.5,20.0,32.79,4.0,1.0,8.0,13.12,8.0,2.0,16.0,26.23,3.0,0.75,6.0,9.84,7.0,1.75,14.0,22.96,7.0,1.75,14.0,22.96,2.0,0.5,4.0,6.56,9.0,2.25,18.0,29.51,2.0,0.5,4.0,6.56,7.0,1.75,14.0,22.96,3.0,0.75,6.0,9.84,6.0,1.5,12.0,19.68,3.0,0.75,6.0,9.84,0.0,0.0,0.0,0.0,5.0,1.25,10.0,16.4,5.0,1.25,10.0,16.4,48.0,54.0,-6.0,109.31,-3.0,-0.75,-6.0,10.98,2.74,0.47,0.57,0.4,0.38,1.0,0.12,0.86,0.22,0.82,0.55,6.0,0.0,0.1,10.0,0.39
4,新竹御嵿攻城獅,76|88|10862|10887,曾柏喻/盧冠軒/提傑/德魯,15,204,241.0,3080.84,51.35,51:21,205.39,3.42,03:25,106.0,7.07,43.98,74.32,105.0,7.0,43.57,73.62,77.0,5.13,31.95,53.99,32.0,2.13,13.28,22.44,44.0,2.93,18.26,30.85,21.0,1.4,8.71,14.72,33.0,2.2,13.69,23.14,11.0,0.73,4.56,7.71,36.0,2.4,14.94,25.24,31.0,2.07,12.86,21.73,7.0,0.47,2.9,4.91,39.0,2.6,16.18,27.34,22.0,1.47,9.13,15.42,31.0,2.07,12.86,21.73,15.0,1.0,6.22,10.52,28.0,1.87,11.62,19.63,5.0,0.33,2.07,3.51,5.0,0.33,2.07,3.51,24.0,1.6,9.96,16.83,23.0,1.53,9.54,16.13,43.98,43.57,0.41,112.64,1.0,0.07,0.41,51.35,3.42,0.49,0.57,0.48,0.33,0.86,0.14,0.88,0.18,0.64,0.46,2.07,2.07,0.1,9.54,0.47
4,新竹御嵿攻城獅,71|10862|10885|10888,李漢昇/提傑/劉丞勳/帕塞獅,1,3,3.0,53.0,0.88,00:53,53.0,0.88,00:53,0.0,0.0,0.0,0.0,0.0,0.0,0.0,0.0,2.0,2.0,66.67,81.51,0.0,0.0,0.0,0.0,2.0,2.0,66.67,81.51,0.0,0.0,0.0,0.0,0.0,0.0,0.0,0.0,0.0,0.0,0.0,0.0,0.0,0.0,0.0,0.0,0.0,0.0,0.0,0.0,0.0,0.0,0.0,0.0,2.0,2.0,66.67,81.51,0.0,0.0,0.0,0.0,1.0,1.0,33.33,40.75,0.0,0.0,0.0,0.0,0.0,0.0,0.0,0.0,0.0,0.0,0.0,0.0,0.0,0.0,0.0,0.0,0.0,0.0,0.0,0.0,0.0,0.0,0.0,0.0,0.0,0.0,0.0,81.51,0.0,0.0,0.0,0.88,0.88,0.0,0.0,0.0,,,0.0,,0.0,1.0,0.67,0.0,0.0,0.0,0.0,0.0
4,福爾摩沙夢想家,86|95|103|10890,林俊吉/李德威/忻沃克/湯普金斯,1,8,8.0,124.0,2.07,02:04,124.0,2.07,02:04,7.0,7.0,87.5,121.94,2.0,2.0,25.0,34.84,4.0,4.0,50.0,69.68,3.0,3.0,37.5,52.26,2.0,2.0,25.0,34.84,2.0,2.0,25.0,34.84,2.0,2.0,25.0,34.84,1.0,1.0,12.5,17.42,0.0,0.0,0.0,0.0,0.0,0.0,0.0,0.0,0.0,0.0,0.0,0.0,1.0,1.0,12.5,17.42,0.0,0.0,0.0,0.0,3.0,3.0,37.5,52.26,0.0,0.0,0.0,0.0,1.0,1.0,12.5,17.42,0.0,0.0,0.0,0.0,0.0,0.0,0.0,0.0,2.0,2.0,25.0,34.84,2.0,2.0,25.0,34.84,87.5,25.0,62.5,92.9,5.0,5.0,62.5,2.07,2.07,0.88,0.88,1.0,0.5,,0.0,0.33,0.0,1.0,0.25,0.0,0.0,0.25,25.0,0.0
4,福爾摩沙夢想家,86|95|10889|10890,林俊吉/李德威/恩尼斯/湯普金斯,1,8,8.0,124.0,2.07,02:04,124.0,2.07,02:04,7.0,7.0,87.5,121.94,2.0,2.0,25.0,34.84,4.0,4.0,50.0,69.68,3.0,3.0,37.5,52.26,2.0,2.0,25.0,34.84,2.0,2.0,25.0,34.84,2.0,2.0,25.0,34.84,1.0,1.0,12.5,17.42,0.0,0.0,0.0,0.0,0.0,0.0,0.0,0.0,0.0,0.0,0.0,0.0,1.0,1.0,12.5,17.42,0.0,0.0,0.0,0.0,3.0,3.0,37.5,52.26,0.0,0.0,0.0,0.0,1.0,1.0,12.5,17.42,0.0,0.0,0.0,0.0,0.0,0.0,0.0,0.0,2.0,2.0,25.0,34.84,2.0,2.0,25.0,34.84,87.5,25.0,62.5,92.9,5.0,5.0,62.5,2.07,2.07,0.88,0.88,1.0,0.5,,0.0,0.33,0.0,1.0,0.25,0.0,0.0,0.25,25.0,0.0
4,福爾摩沙夢想家,95|103|10889|10890,李德威/忻沃克/恩尼斯/湯普金斯,1,8,8.0,124.0,2.07,02:04,124.0,2.07,02:04,7.0,7.0,87.5,121.94,2.0,2.0,25.0,34.84,4.0,4.0,50.0,69.68,3.0,3.0,37.5,52.26,2.0,2.0,25.0,34.84,2.0,2.0,25.0,34.84,2.0,2.0,25.0,34.84,1.0,1.0,12.5,17.42,0.0,0.0,0.0,0.0,0.0,0.0,0.0,0.0,0.0,0.0,0.0,0.0,1.0,1.0,12.5,17.42,0.0,0.0,0.0,0.0,3.0,3.0,37.5,52.26,0.0,0.0,0.0,0.0,1.0,1.0,12.5,17.42,0.0,0.0,0.0,0.0,0.0,0.0,0.0,0.0,2.0,2.0,25.0,34.84,2.0,2.0,25.0,34.84,87.5,25.0,62.5,92.9,5.0,5.0,62.5,2.07,2.07,0.88,0.88,1.0,0.5,,0.0,0.33,0.0,1.0,0.25,0.0,0.0,0.25,25.0,0.0
4,新竹御嵿攻城獅,75|78|88|10862,高國豪/朱雲豪/盧冠軒/提傑,6,79,91.0,1463.3,24.39,24:23,243.88,4.06,04:04,33.0,5.5,36.26,48.71,37.0,6.17,40.66,54.62,37.0,6.17,40.66,54.62,11.0,1.83,12.09,16.24,21.0,3.5,23.08,31.0,8.0,1.33,8.79,11.81,16.0,2.67,17.58,23.62,3.0,0.5,3.3,4.43,13.0,2.17,14.29,19.19,8.0,1.33,8.79,11.81,7.0,1.17,7.69,10.33,21.0,3.5,23.08,31.0,3.0,0.5,3.3,4.43,14.0,2.33,15.38,20.67,4.0,0.67,4.4,5.9,7.0,1.17,7.69,10.33,3.0,0.5,3.3,4.43,1.0,0.17,1.1,1.48,12.0,2.0,13.19,17.71,4.0,0.67,4.4,5.9,36.26,40.66,-4.4,89.55,-4.0,-0.67,-4.4,24.39,4.06,0.34,0.39,0.38,0.19,0.62,0.09,0.64,0.33,0.88,0.62,3.3,1.1,0.13,4.4,0.35
4,新竹御嵿攻城獅,75|78|88|10885,高國豪/朱雲豪/盧冠軒/劉丞勳,1,2,2.0,42.0,0.7,00:42,42.0,0.7,00:42,0.0,0.0,0.0,0.0,3.0,3.0,150.0,154.29,1.0,1.0,50.0,51.43,0.0,0.0,0.0,0.0,1.0,1.0,50.0,51.43,0.0,0.0,0.0,0.0,0.0,0.0,0.0,0.0,0.0,0.0,0.0,0.0,0.0,0.0,0.0,0.0,0.0,0.0,0.0,0.0,0.0,0.0,0.0,0.0,1.0,1.0,50.0,51.43,0.0,0.0,0.0,0.0,0.0,0.0,0.0,0.0,0.0,0.0,0.0,0.0,0.0,0.0,0.0,0.0,0.0,0.0,0.0,0.0,0.0,0.0,0.0,0.0,0.0,0.0,0.0,0.0,0.0,0.0,0.0,0.0,0.0,150.0,-150.0,68.57,-3.0,-3.0,-150.0,0.7,0.7,0.0,0.0,0.0,,,0.0,,,1.0,1.0,0.0,0.0,0.0,0.0,0.0
4,新竹御嵿攻城獅,75|78|10862|10885,高國豪/朱雲豪/提傑/劉丞勳,3,7,7.0,105.71,1.76,01:46,35.24,0.59,00:35,2.0,0.67,28.57,40.87,4.0,1.33,57.14,81.73,2.0,0.67,28.57,40.87,0.0,0.0,0.0,0.0,1.0,0.33,14.29,20.43,0.0,0.0,0.0,0.0,1.0,0.33,14.29,20.43,0.0,0.0,0.0,0.0,2.0,0.67,28.57,40.87,2.0,0.67,28.57,40.87,0.0,0.0,0.0,0.0,2.0,0.67,28.57,40.87,0.0,0.0,0.0,0.0,3.0,1.0,42.86,61.3,0.0,0.0,0.0,0.0,0.0,0.0,0.0,0.0,0.0,0.0,0.0,0.0,0.0,0.0,0.0,0.0,0.0,0.0,0.0,0.0,2.0,0.67,28.57,40.87,28.57,57.14,-28.57,95.36,-2.0,-0.67,-28.57,1.76,0.59,0.0,0.35,0.0,0.0,1.0,0.0,,0.0,1.0,0.4,0.0,0.0,0.0,28.57,1.0
4,新竹御嵿攻城獅,78|88|10862|10885,朱雲豪/盧冠軒/提傑/劉丞勳,2,14,18.0,247.62,4.13,04:08,123.81,2.06,02:04,7.0,3.5,38.89,61.06,9.0,4.5,50.0,78.51,8.0,4.0,44.44,69.79,2.0,1.0,11.11,17.45,6.0,3.0,33.33,52.34,2.0,1.0,11.11,17.45,2.0,1.0,11.11,17.45,0.0,0.0,0.0,0.0,3.0,1.5,16.67,26.17,3.0,1.5,16.67,26.17,2.0,1.0,11.11,17.45,3.0,1.5,16.67,26.17,1.0,0.5,5.56,8.72,2.0,1.0,11.11,17.45,0.0,0.0,0.0,0.0,2.0,1.0,11.11,17.45,0.0,0.0,0.0,0.0,1.0,0.5,5.56,8.72,2.0,1.0,11.11,17.45,4.0,2.0,22.22,34.89,38.89,50.0,-11.11,104.68,-2.0,-1.0,-11.11,4.13,2.06,0.25,0.38,0.33,0.0,1.0,0.0,1.0,0.5,0.75,0.62,0.0,5.56,0.11,22.22,0.38
4,新竹御嵿攻城獅,75|78|88|10888,高國豪/朱雲豪/盧冠軒/帕塞獅,5,61,69.0,1115.71,18.6,18:36,223.14,3.72,03:43,26.0,5.2,37.68,50.34,26.0,5.2,37.68,50.34,29.0,5.8,42.03,56.14,9.0,1.8,13.04,17.42,17.0,3.4,24.64,32.91,6.0,1.2,8.7,11.62,12.0,2.4,17.39,23.23,3.0,0.6,4.35,5.81,8.0,1.6,11.59,15.49,5.0,1.0,7.25,9.68,7.0,1.4,10.14,13.55,14.0,2.8,20.29,27.1,1.0,0.2,1.45,1.94,10.0,2.0,14.49,19.36,4.0,0.8,5.8,7.74,7.0,1.4,10.14,13.55,2.0,0.4,2.9,3.87,0.0,0.0,0.0,0.0,8.0,1.6,11.59,15.49,5.0,1.0,7.25,9.68,37.68,37.68,0.0,89.06,0.0,0.0,0.0,18.6,3.72,0.36,0.4,0.35,0.25,0.62,0.11,0.78,0.41,0.93,0.66,2.9,0.0,0.12,7.25,0.28
4,新竹御嵿攻城獅,75|78|10862|10888,高國豪/朱雲豪/提傑/帕塞獅,5,72,85.0,1314.15,21.9,21:54,262.83,4.38,04:23,25.0,5.0,29.41,41.09,36.0,7.2,42.35,59.17,36.0,7.2,42.35,59.17,9.0,1.8,10.59,14.79,20.0,4.0,23.53,32.87,6.0,1.2,7.06,9.86,16.0,3.2,18.82,26.3,3.0,0.6,3.53,4.93,6.0,1.2,7.06,9.86,4.0,0.8,4.71,6.57,7.0,1.4,8.24,11.51,21.0,4.2,24.71,34.52,6.0,1.2,7.06,9.86,12.0,2.4,14.12,19.72,3.0,0.6,3.53,4.93,6.0,1.2,7.06,9.86,2.0,0.4,2.35,3.29,1.0,0.2,1.18,1.64,8.0,1.6,9.41,13.15,1.0,0.2,1.18,1.64,29.41,42.35,-12.94,93.14,-11.0,-2.2,-12.94,21.9,4.38,0.29,0.32,0.3,0.19,0.67,0.07,0.67,0.37,0.78,0.61,2.35,1.18,0.09,1.18,0.17
4,新竹御嵿攻城獅,78|88|10862|10888,朱雲豪/盧冠軒/提傑/帕塞獅,7,113,133.0,2002.91,33.38,33:23,286.13,4.77,04:46,51.0,7.29,38.35,55.0,46.0,6.57,34.59,49.61,56.0,8.0,42.11,60.39,20.0,2.86,15.04,21.57,31.0,4.43,23.31,33.43,14.0,2.0,10.53,15.1,25.0,3.57,18.8,26.96,6.0,0.86,4.51,6.47,8.0,1.14,6.02,8.63,5.0,0.71,3.76,5.39,13.0,1.86,9.77,14.02,22.0,3.14,16.54,23.73,6.0,0.86,4.51,6.47,22.0,3.14,16.54,23.73,10.0,1.43,7.52,10.78,10.0,1.43,7.52,10.78,7.0,1.0,5.26,7.55,1.0,0.14,0.75,1.08,14.0,2.0,10.53,15.1,7.0,1.0,5.26,7.55,38.35,34.59,3.76,95.62,5.0,0.71,3.76,33.38,4.77,0.41,0.43,0.45,0.24,0.62,0.14,0.5,0.37,0.79,0.56,5.26,0.75,0.11,5.26,0.14
4,福爾摩沙夢想家,89|95|103|107,蔣淯安/李德威/忻沃克/霍爾曼,2,5,7.0,85.77,1.43,01:26,42.89,0.71,00:43,5.0,2.5,71.43,125.92,1.0,0.5,14.29,25.18,2.0,1.0,28.57,50.37,2.0,1.0,28.57,50.37,1.0,0.5,14.29,25.18,1.0,0.5,14.29,25.18,1.0,0.5,14.29,25.18,1.0,0.5,14.29,25.18,0.0,0.0,0.0,0.0,0.0,0.0,0.0,0.0,0.0,0.0,0.0,0.0,0.0,0.0,0.0,0.0,1.0,0.5,14.29,25.18,1.0,0.5,14.29,25.18,0.0,0.0,0.0,0.0,1.0,0.5,14.29,25.18,0.0,0.0,0.0,0.0,0.0,0.0,0.0,0.0,1.0,0.5,14.29,25.18,4.0,2.0,57.14,100.73,71.43,14.29,57.14,117.52,4.0,2.0,57.14,1.43,0.71,1.25,1.25,1.0,1.0,,0.0,0.5,0.0,0.0,0.0,0.0,0.0,0.14,57.14,0.0
4,新竹御嵿攻城獅,76|78|88|10887,曾柏喻/朱雲豪/盧冠軒/德魯,3,11,12.0,140.37,2.34,02:20,46.79,0.78,00:47,5.0,1.67,41.67,76.94,8.0,2.67,66.67,123.11,1.0,0.33,8.33,15.39,0.0,0.0,0.0,0.0,1.0,0.33,8.33,15.39,0.0,0.0,0.0,0.0,0.0,0.0,0.0,0.0,0.0,0.0,0.0,0.0,6.0,2.0,50.0,92.33,5.0,1.67,41.67,76.94,0.0,0.0,0.0,0.0,2.0,0.67,16.67,30.78,1.0,0.33,8.33,15.39,0.0,0.0,0.0,0.0,2.0,0.67,16.67,30.78,0.0,0.0,0.0,0.0,0.0,0.0,0.0,0.0,0.0,0.0,0.0,0.0,3.0,1.0,25.0,46.17,0.0,0.0,0.0,0.0,41.67,66.67,-25.0,123.11,-3.0,-1.0,-25.0,2.34,0.78,0.0,0.69,0.0,,0.83,0.35,,,0.67,0.67,0.0,0.0,0.25,0.0,6.0
4,新竹御嵿攻城獅,76|78|88|10888,曾柏喻/朱雲豪/盧冠軒/帕塞獅,5,43,53.0,752.76,12.55,12:33,150.55,2.51,02:31,17.0,3.4,32.08,48.78,21.0,4.2,39.62,60.26,18.0,3.6,33.96,51.65,7.0,1.4,13.21,20.09,9.0,1.8,16.98,25.83,5.0,1.0,9.43,14.35,9.0,1.8,16.98,25.83,2.0,0.4,3.77,5.74,2.0,0.4,3.77,5.74,1.0,0.2,1.89,2.87,4.0,0.8,7.55,11.48,6.0,1.2,11.32,17.22,5.0,1.0,9.43,14.35,9.0,1.8,16.98,25.83,7.0,1.4,13.21,20.09,2.0,0.4,3.77,5.74,5.0,1.0,9.43,14.35,0.0,0.0,0.0,0.0,6.0,1.2,11.32,17.22,4.0,0.8,7.55,11.48,32.08,39.62,-7.55,101.39,-4.0,-0.8,-7.55,12.55,2.51,0.44,0.45,0.56,0.22,0.5,0.27,0.29,0.31,0.55,0.42,9.43,0.0,0.11,7.55,0.11
4,新竹御嵿攻城獅,78|88|10887|10888,朱雲豪/盧冠軒/德魯/帕塞獅,2,7,8.0,113.56,1.89,01:54,56.78,0.95,00:57,3.0,1.5,37.5,57.06,6.0,3.0,75.0,114.13,2.0,1.0,25.0,38.04,1.0,0.5,12.5,19.02,2.0,1.0,25.0,38.04,1.0,0.5,12.5,19.02,0.0,0.0,0.0,0.0,0.0,0.0,0.0,0.0,2.0,1.0,25.0,38.04,1.0,0.5,12.5,19.02,1.0,0.5,12.5,19.02,0.0,0.0,0.0,0.0,0.0,0.0,0.0,0.0,0.0,0.0,0.0,0.0,1.0,0.5,12.5,19.02,1.0,0.5,12.5,19.02,0.0,0.0,0.0,0.0,0.0,0.0,0.0,0.0,2.0,1.0,25.0,38.04,4.0,2.0,50.0,76.08,37.5,75.0,-37.5,101.45,-3.0,-1.5,-37.5,1.89,0.95,0.5,0.52,0.5,,0.5,0.26,1.0,1.0,,1.0,0.0,0.0,0.25,50.0,1.0
4,新竹御嵿攻城獅,76|87|10885|10888,曾柏喻/蔡宸綱/劉丞勳/帕塞獅,6,64,78.0,871.06,14.52,14:31,145.18,2.42,02:25,35.0,5.83,44.87,86.79,30.0,5.0,38.46,74.39,26.0,4.33,33.33,64.47,13.0,2.17,16.67,32.24,17.0,2.83,21.79,42.16,8.0,1.33,10.26,19.84,9.0,1.5,11.54,22.32,5.0,0.83,6.41,12.4,7.0,1.17,8.97,17.36,4.0,0.67,5.13,9.92,4.0,0.67,5.13,9.92,11.0,1.83,14.1,27.28,6.0,1.0,7.69,14.88,13.0,2.17,16.67,32.24,7.0,1.17,8.97,17.36,9.0,1.5,11.54,22.32,3.0,0.5,3.85,7.44,2.0,0.33,2.56,4.96,9.0,1.5,11.54,22.32,13.0,2.17,16.67,32.24,44.87,38.46,6.41,128.95,5.0,0.83,6.41,14.52,2.42,0.6,0.6,0.47,0.56,0.57,0.19,0.69,0.24,0.65,0.44,3.85,2.56,0.12,16.67,0.27
4,福爾摩沙夢想家,77|89|103|10890,馬建豪/蔣淯安/忻沃克/湯普金斯,5,63,68.0,951.96,15.87,15:52,190.39,3.17,03:10,32.0,6.4,47.06,72.61,39.0,7.8,57.35,88.49,20.0,4.0,29.41,45.38,10.0,2.0,14.71,22.69,12.0,2.4,17.65,27.23,8.0,1.6,11.76,18.15,8.0,1.6,11.76,18.15,2.0,0.4,2.94,4.54,11.0,2.2,16.18,24.96,10.0,2.0,14.71,22.69,1.0,0.2,1.47,2.27,10.0,2.0,14.71,22.69,3.0,0.6,4.41,6.81,9.0,1.8,13.24,20.42,7.0,1.4,10.29,15.88,5.0,1.0,7.35,11.34,5.0,1.0,7.35,11.34,0.0,0.0,0.0,0.0,8.0,1.6,11.76,18.15,5.0,1.0,7.35,11.34,47.06,57.35,-10.29,102.86,-7.0,-1.4,-10.29,15.87,3.17,0.55,0.64,0.67,0.25,0.91,0.22,0.5,0.1,0.77,0.48,7.35,0.0,0.12,7.35,0.55
4,新竹御嵿攻城獅,76|82|87|10887,曾柏喻/蕭順議/蔡宸綱/德魯,2,19,22.0,345.12,5.75,05:45,172.56,2.88,02:53,15.0,7.5,68.18,93.88,4.0,2.0,18.18,25.03,8.0,4.0,36.36,50.07,6.0,3.0,27.27,37.55,4.0,2.0,18.18,25.03,4.0,2.0,18.18,25.03,4.0,2.0,18.18,25.03,2.0,1.0,9.09,12.52,2.0,1.0,9.09,12.52,1.0,0.5,4.55,6.26,1.0,0.5,4.55,6.26,1.0,0.5,4.55,6.26,1.0,0.5,4.55,6.26,8.0,4.0,36.36,50.07,2.0,1.0,9.09,12.52,2.0,1.0,9.09,12.52,1.0,0.5,4.55,6.26,0.0,0.0,0.0,0.0,2.0,1.0,9.09,12.52,1.0,0.5,4.55,6.26,68.18,18.18,50.0,91.79,11.0,5.5,50.0,5.75,2.88,0.88,0.84,1.0,0.5,0.5,0.18,0.33,0.11,0.5,0.18,4.55,0.0,0.09,4.55,0.25
4,新竹御嵿攻城獅,76|82|87|10888,曾柏喻/蕭順議/蔡宸綱/帕塞獅,1,13,15.0,224.87,3.75,03:45,224.87,3.75,03:45,11.0,11.0,73.33,105.66,2.0,2.0,13.33,19.21,6.0,6.0,40.0,57.63,4.0,4.0,26.67,38.42,2.0,2.0,13.33,19.21,2.0,2.0,13.33,19.21,4.0,4.0,26.67,38.42,2.0,2.0,13.33,19.21,2.0,2.0,13.33,19.21,1.0,1.0,6.67,9.61,1.0,1.0,6.67,9.61,1.0,1.0,6.67,9.61,1.0,1.0,6.67,9.61,5.0,5.0,33.33,48.03,1.0,1.0,6.67,9.61,2.0,2.0,13.33,19.21,0.0,0.0,0.0,0.0,0.0,0.0,0.0,0.0,1.0,1.0,6.67,9.61,0.0,0.0,0.0,0.0,73.33,13.33,60.0,96.05,9.0,9.0,60.0,3.75,3.75,0.83,0.8,1.0,0.5,0.5,0.13,0.5,0.17,0.5,0.25,0.0,0.0,0.07,0.0,0.33
4,新竹御嵿攻城獅,82|87|10887|10888,蕭順議/蔡宸綱/德魯/帕塞獅,1,15,17.0,251.87,4.2,04:12,251.87,4.2,04:12,11.0,11.0,64.71,94.33,3.0,3.0,17.65,25.73,6.0,6.0,35.29,51.45,4.0,4.0,23.53,34.3,2.0,2.0,11.76,17.15,2.0,2.0,11.76,17.15,4.0,4.0,23.53,34.3,2.0,2.0,11.76,17.15,2.0,2.0,11.76,17.15,1.0,1.0,5.88,8.58,1.0,1.0,5.88,8.58,1.0,1.0,5.88,8.58,1.0,1.0,5.88,8.58,5.0,5.0,29.41,42.88,1.0,1.0,5.88,8.58,2.0,2.0,11.76,17.15,0.0,0.0,0.0,0.0,0.0,0.0,0.0,0.0,1.0,1.0,5.88,8.58,2.0,2.0,11.76,17.15,64.71,17.65,47.06,97.19,8.0,8.0,47.06,4.2,4.2,0.83,0.8,1.0,0.5,0.5,0.13,0.5,0.17,0.5,0.25,0.0,0.0,0.06,11.76,0.33
4,福爾摩沙夢想家,77|79|86|10890,馬建豪/張宗憲/林俊吉/湯普金斯,4,42,57.0,782.18,13.04,13:02,195.54,3.26,03:16,22.0,5.5,38.6,60.75,27.0,6.75,47.37,74.56,19.0,4.75,33.33,52.47,8.0,2.0,14.04,22.09,11.0,2.75,19.3,30.38,6.0,1.5,10.53,16.57,8.0,2.0,14.04,22.09,2.0,0.5,3.51,5.52,6.0,1.5,10.53,16.57,4.0,1.0,7.02,11.05,5.0,1.25,8.77,13.81,6.0,1.5,10.53,16.57,6.0,1.5,10.53,16.57,7.0,1.75,12.28,19.33,7.0,1.75,12.28,19.33,5.0,1.25,8.77,13.81,6.0,1.5,10.53,16.57,0.0,0.0,0.0,0.0,4.0,1.0,7.02,11.05,6.0,1.5,10.53,16.57,38.6,47.37,-8.77,104.94,-5.0,-1.25,-8.77,13.04,3.26,0.47,0.51,0.55,0.25,0.67,0.24,0.62,0.42,0.5,0.46,10.53,0.0,0.07,10.53,0.32
4,新竹御嵿攻城獅,82|87|10885|10888,蕭順議/蔡宸綱/劉丞勳/帕塞獅,1,2,2.0,28.0,0.47,00:28,28.0,0.47,00:28,0.0,0.0,0.0,0.0,1.0,1.0,50.0,77.14,0.0,0.0,0.0,0.0,0.0,0.0,0.0,0.0,0.0,0.0,0.0,0.0,0.0,0.0,0.0,0.0,0.0,0.0,0.0,0.0,0.0,0.0,0.0,0.0,0.0,0.0,0.0,0.0,0.0,0.0,0.0,0.0,0.0,0.0,0.0,0.0,0.0,0.0,0.0,0.0,0.0,0.0,0.0,0.0,0.0,0.0,0.0,0.0,0.0,0.0,0.0,0.0,0.0,0.0,0.0,0.0,0.0,0.0,0.0,0.0,0.0,0.0,0.0,0.0,0.0,0.0,0.0,0.0,2.0,2.0,100.0,154.29,0.0,50.0,-50.0,102.86,-1.0,-1.0,-50.0,0.47,0.47,,,,,,,,,,,0.0,0.0,0.0,100.0,
4,福爾摩沙夢想家,77|79|103|107,馬建豪/張宗憲/忻沃克/霍爾曼,2,2,2.0,9.0,0.15,00:09,4.5,0.08,00:04,0.0,0.0,0.0,0.0,2.0,1.0,100.0,480.0,0.0,0.0,0.0,0.0,0.0,0.0,0.0,0.0,0.0,0.0,0.0,0.0,0.0,0.0,0.0,0.0,0.0,0.0,0.0,0.0,0.0,0.0,0.0,0.0,0.0,0.0,0.0,0.0,0.0,0.0,0.0,0.0,0.0,0.0,0.0,0.0,0.0,0.0,0.0,0.0,0.0,0.0,0.0,0.0,0.0,0.0,0.0,0.0,0.0,0.0,0.0,0.0,0.0,0.0,0.0,0.0,0.0,0.0,0.0,0.0,0.0,0.0,0.0,0.0,0.0,0.0,0.0,0.0,0.0,0.0,0.0,0.0,0.0,100.0,-100.0,320.0,-2.0,-1.0,-100.0,0.15,0.08,,,,,,,,,,,0.0,0.0,0.0,0.0,
4,福爾摩沙夢想家,77|79|103|10890,馬建豪/張宗憲/忻沃克/湯普金斯,2,4,4.0,46.63,0.78,00:47,23.31,0.39,00:23,1.0,0.5,25.0,46.32,3.0,1.5,75.0,138.97,0.0,0.0,0.0,0.0,0.0,0.0,0.0,0.0,0.0,0.0,0.0,0.0,0.0,0.0,0.0,0.0,0.0,0.0,0.0,0.0,0.0,0.0,0.0,0.0,2.0,1.0,50.0,92.65,1.0,0.5,25.0,46.32,0.0,0.0,0.0,0.0,1.0,0.5,25.0,46.32,0.0,0.0,0.0,0.0,0.0,0.0,0.0,0.0,0.0,0.0,0.0,0.0,0.0,0.0,0.0,0.0,0.0,0.0,0.0,0.0,0.0,0.0,0.0,0.0,1.0,0.5,25.0,46.32,1.0,0.5,25.0,46.32,25.0,75.0,-50.0,123.53,-2.0,-1.0,-50.0,0.78,0.39,,0.57,,,0.5,0.0,,,1.0,1.0,0.0,0.0,0.25,25.0,
4,新竹御嵿攻城獅,87|88|10885|10887,蔡宸綱/盧冠軒/劉丞勳/德魯,8,132,160.0,2173.74,36.23,36:14,271.72,4.53,04:32,67.0,8.38,41.88,66.58,70.0,8.75,43.75,69.56,59.0,7.38,36.88,58.63,23.0,2.88,14.37,22.85,36.0,4.5,22.5,35.77,17.0,2.12,10.62,16.89,23.0,2.88,14.37,22.85,6.0,0.75,3.75,5.96,22.0,2.75,13.75,21.86,13.0,1.62,8.12,12.92,12.0,1.5,7.5,11.92,26.0,3.25,16.25,25.84,9.0,1.12,5.62,8.94,25.0,3.12,15.62,24.84,9.0,1.12,5.62,8.94,13.0,1.62,8.12,12.92,5.0,0.62,3.12,4.97,4.0,0.5,2.5,3.97,17.0,2.12,10.62,16.89,17.0,2.12,10.62,16.89,41.88,43.75,-1.88,105.99,-3.0,-0.38,-1.88,36.23,4.53,0.44,0.49,0.47,0.26,0.59,0.12,0.57,0.32,0.74,0.53,3.12,2.5,0.11,10.62,0.37
4,新竹御嵿攻城獅,87|88|10885|10888,蔡宸綱/盧冠軒/劉丞勳/帕塞獅,5,68,81.0,1113.3,18.55,18:33,222.66,3.71,03:43,34.0,6.8,41.98,65.97,30.0,6.0,37.04,58.21,30.0,6.0,37.04,58.21,14.0,2.8,17.28,27.16,20.0,4.0,24.69,38.8,11.0,2.2,13.58,21.34,10.0,2.0,12.35,19.4,3.0,0.6,3.7,5.82,9.0,1.8,11.11,17.46,5.0,1.0,6.17,9.7,4.0,0.8,4.94,7.76,14.0,2.8,17.28,27.16,3.0,0.6,3.7,5.82,13.0,2.6,16.05,25.22,7.0,1.4,8.64,13.58,10.0,2.0,12.35,19.4,5.0,1.0,6.17,9.7,4.0,0.8,4.94,7.76,8.0,1.6,9.88,15.52,3.0,0.6,3.7,5.82,41.98,37.04,4.94,104.77,4.0,0.8,4.94,18.55,3.71,0.52,0.5,0.55,0.3,0.56,0.17,0.71,0.24,0.82,0.53,6.17,4.94,0.1,3.7,0.3
4,新竹御嵿攻城獅,87|88|10887|10888,蔡宸綱/盧冠軒/德魯/帕塞獅,6,62,78.0,1071.59,17.86,17:52,178.6,2.98,02:59,40.0,6.67,51.28,80.63,39.0,6.5,50.0,78.61,32.0,5.33,41.03,64.5,16.0,2.67,20.51,32.25,19.0,3.17,24.36,38.3,11.0,1.83,14.1,22.17,13.0,2.17,16.67,26.2,5.0,0.83,6.41,10.08,4.0,0.67,5.13,8.06,2.0,0.33,2.56,4.03,5.0,0.83,6.41,10.08,11.0,1.83,14.1,22.17,4.0,0.67,5.13,8.06,14.0,2.33,17.95,28.22,3.0,0.5,3.85,6.05,8.0,1.33,10.26,16.13,2.0,0.33,2.56,4.03,1.0,0.17,1.28,2.02,6.0,1.0,7.69,12.09,8.0,1.33,10.26,16.13,51.28,50.0,1.28,104.82,1.0,0.17,1.28,17.86,2.98,0.58,0.59,0.58,0.38,0.5,0.08,0.5,0.26,0.73,0.47,2.56,1.28,0.08,10.26,0.12
4,福爾摩沙夢想家,79|89|106|10890,張宗憲/蔣淯安/高柏鎧/湯普金斯,6,139,162.0,2243.52,37.39,37:24,373.92,6.23,06:14,68.0,11.33,41.98,65.47,57.0,9.5,35.19,54.88,59.0,9.83,36.42,56.8,24.0,4.0,14.81,23.11,36.0,6.0,22.22,34.66,20.0,3.33,12.35,19.26,23.0,3.83,14.2,22.14,4.0,0.67,2.47,3.85,16.0,2.67,9.88,15.4,14.0,2.33,8.64,13.48,9.0,1.5,5.56,8.66,26.0,4.33,16.05,25.03,6.0,1.0,3.7,5.78,38.0,6.33,23.46,36.59,13.0,2.17,8.02,12.52,15.0,2.5,9.26,14.44,6.0,1.0,3.7,5.78,4.0,0.67,2.47,3.85,16.0,2.67,9.88,15.4,18.0,3.0,11.11,17.33,41.98,35.19,6.79,103.98,11.0,1.83,6.79,37.39,6.23,0.44,0.51,0.56,0.17,0.88,0.16,0.62,0.19,0.81,0.44,3.7,2.47,0.1,11.11,0.27
4,福爾摩沙夢想家,79|103|106|10890,張宗憲/忻沃克/高柏鎧/湯普金斯,5,94,113.0,1558.25,25.97,25:58,311.65,5.19,05:12,47.0,9.4,41.59,65.15,41.0,8.2,36.28,56.83,39.0,7.8,34.51,54.06,16.0,3.2,14.16,22.18,23.0,4.6,20.35,31.88,12.0,2.4,10.62,16.63,16.0,3.2,14.16,22.18,4.0,0.8,3.54,5.54,10.0,2.0,8.85,13.86,9.0,1.8,7.96,12.48,7.0,1.4,6.19,9.7,15.0,3.0,13.27,20.79,7.0,1.4,6.19,9.7,29.0,5.8,25.66,40.2,10.0,2.0,8.85,13.86,12.0,2.4,10.62,16.63,6.0,1.2,5.31,8.32,2.0,0.4,1.77,2.77,11.0,2.2,9.73,15.25,12.0,2.4,10.62,16.63,41.59,36.28,5.31,104.42,6.0,1.2,5.31,25.97,5.19,0.46,0.54,0.52,0.25,0.9,0.19,0.75,0.19,0.68,0.38,5.31,1.77,0.1,10.62,0.26
4,福爾摩沙夢想家,89|103|106|10890,蔣淯安/忻沃克/高柏鎧/湯普金斯,6,173,197.0,2706.76,45.11,45:07,451.13,7.52,07:31,82.0,13.67,41.62,65.44,86.0,14.33,43.65,68.63,69.0,11.5,35.03,55.06,28.0,4.67,14.21,22.34,38.0,6.33,19.29,30.32,20.0,3.33,10.15,15.96,31.0,5.17,15.74,24.74,8.0,1.33,4.06,6.38,17.0,2.83,8.63,13.57,16.0,2.67,8.12,12.77,8.0,1.33,4.06,6.38,32.0,5.33,16.24,25.54,10.0,1.67,5.08,7.98,40.0,6.67,20.3,31.92,18.0,3.0,9.14,14.36,19.0,3.17,9.64,15.16,11.0,1.83,5.58,8.78,3.0,0.5,1.52,2.39,18.0,3.0,9.14,14.36,18.0,3.0,9.14,14.36,41.62,43.65,-2.03,104.8,-4.0,-0.67,-2.03,45.11,7.52,0.46,0.54,0.53,0.26,0.94,0.19,0.68,0.17,0.76,0.44,5.58,1.52,0.09,9.14,0.25
4,福爾摩沙夢想家,77|86|99|106,馬建豪/林俊吉/盧冠良/高柏鎧,6,126,151.0,1869.94,31.17,31:10,311.66,5.19,05:12,77.0,12.83,50.99,88.94,51.0,8.5,33.77,58.91,44.0,7.33,29.14,50.83,26.0,4.33,17.22,30.03,30.0,5.0,19.87,34.65,19.0,3.17,12.58,21.95,14.0,2.33,9.27,16.17,7.0,1.17,4.64,8.09,27.0,4.5,17.88,31.19,18.0,3.0,11.92,20.79,5.0,0.83,3.31,5.78,15.0,2.5,9.93,17.33,10.0,1.67,6.62,11.55,34.0,5.67,22.52,39.27,13.0,2.17,8.61,15.02,13.0,2.17,8.61,15.02,8.0,1.33,5.3,9.24,3.0,0.5,1.99,3.47,18.0,3.0,11.92,20.79,13.0,2.17,8.61,15.02,50.99,33.77,17.22,116.28,26.0,4.33,17.22,31.17,5.19,0.67,0.69,0.63,0.5,0.67,0.19,0.5,0.13,0.6,0.31,5.3,1.99,0.12,8.61,0.61
4,福爾摩沙夢想家,77|86|99|107,馬建豪/林俊吉/盧冠良/霍爾曼,3,70,89.0,1152.34,19.21,19:12,384.11,6.4,06:24,47.0,15.67,52.81,88.1,31.0,10.33,34.83,58.11,33.0,11.0,37.08,61.86,17.0,5.67,19.1,31.87,15.0,5.0,16.85,28.12,10.0,3.33,11.24,18.74,18.0,6.0,20.22,33.74,7.0,2.33,7.87,13.12,10.0,3.33,11.24,18.74,6.0,2.0,6.74,11.25,10.0,3.33,11.24,18.74,7.0,2.33,7.87,13.12,4.0,1.33,4.49,7.5,18.0,6.0,20.22,33.74,8.0,2.67,8.99,15.0,11.0,3.67,12.36,20.62,3.0,1.0,3.37,5.62,1.0,0.33,1.12,1.87,9.0,3.0,10.11,16.87,7.0,2.33,7.87,13.12,52.81,34.83,17.98,111.22,16.0,5.33,17.98,19.21,6.4,0.62,0.63,0.67,0.39,0.6,0.18,0.65,0.36,0.64,0.44,3.37,1.12,0.1,7.87,0.3
4,福爾摩沙夢想家,77|99|106|107,馬建豪/盧冠良/高柏鎧/霍爾曼,3,40,45.0,693.84,11.56,11:34,231.28,3.85,03:51,23.0,7.67,51.11,71.6,26.0,8.67,57.78,80.94,12.0,4.0,26.67,37.36,7.0,2.33,15.56,21.79,5.0,1.67,11.11,15.57,2.0,0.67,4.44,6.23,7.0,2.33,15.56,21.79,5.0,1.67,11.11,15.57,6.0,2.0,13.33,18.68,5.0,1.67,11.11,15.57,2.0,0.67,4.44,6.23,3.0,1.0,6.67,9.34,3.0,1.0,6.67,9.34,8.0,2.67,17.78,24.91,7.0,2.33,15.56,21.79,4.0,1.33,8.89,12.45,4.0,1.33,8.89,12.45,0.0,0.0,0.0,0.0,6.0,2.0,13.33,18.68,6.0,2.0,13.33,18.68,51.11,57.78,-6.67,93.39,-3.0,-1.0,-6.67,11.56,3.85,0.79,0.79,0.4,0.71,0.83,0.32,0.57,0.2,0.5,0.31,8.89,0.0,0.13,13.33,0.5
4,福爾摩沙夢想家,77|86|99|10890,馬建豪/林俊吉/盧冠良/湯普金斯,4,119,156.0,1944.09,32.4,32:24,486.02,8.1,08:06,89.0,22.25,57.05,98.88,52.0,13.0,33.33,57.78,52.0,13.0,33.33,57.78,30.0,7.5,19.23,33.33,28.0,7.0,17.95,31.11,19.0,4.75,12.18,21.11,24.0,6.0,15.38,26.67,11.0,2.75,7.05,12.22,28.0,7.0,17.95,31.11,18.0,4.5,11.54,20.0,11.0,2.75,7.05,12.22,16.0,4.0,10.26,17.78,16.0,4.0,10.26,17.78,33.0,8.25,21.15,36.66,9.0,2.25,5.77,10.0,17.0,4.25,10.9,18.89,3.0,0.75,1.92,3.33,2.0,0.5,1.28,2.22,18.0,4.5,11.54,20.0,9.0,2.25,5.77,10.0,57.05,33.33,23.72,115.55,37.0,9.25,23.72,32.4,8.1,0.68,0.69,0.68,0.46,0.64,0.12,0.57,0.25,0.5,0.36,1.92,1.28,0.12,5.77,0.54
4,福爾摩沙夢想家,77|99|107|10890,馬建豪/盧冠良/霍爾曼/湯普金斯,4,90,117.0,1427.97,23.8,23:48,356.99,5.95,05:57,54.0,13.5,46.15,81.68,47.0,11.75,40.17,71.09,42.0,10.5,35.9,63.53,18.0,4.5,15.38,27.23,21.0,5.25,17.95,31.77,12.0,3.0,10.26,18.15,21.0,5.25,17.95,31.77,6.0,1.5,5.13,9.08,18.0,4.5,15.38,27.23,12.0,3.0,10.26,18.15,11.0,2.75,9.4,16.64,16.0,4.0,13.68,24.2,9.0,2.25,7.69,13.61,17.0,4.25,14.53,25.71,9.0,2.25,7.69,13.61,11.0,2.75,9.4,16.64,4.0,1.0,3.42,6.05,1.0,0.25,0.85,1.51,13.0,3.25,11.11,19.66,6.0,1.5,5.13,9.08,46.15,40.17,5.98,117.99,7.0,1.75,5.98,23.8,5.95,0.5,0.54,0.57,0.29,0.67,0.15,0.61,0.39,0.64,0.51,3.42,0.85,0.11,5.13,0.43
4,福爾摩沙夢想家,86|99|107|10890,林俊吉/盧冠良/霍爾曼/湯普金斯,10,224,263.0,3876.52,64.61,64:37,387.65,6.46,06:28,138.0,13.8,52.47,76.89,122.0,12.2,46.39,67.98,102.0,10.2,38.78,56.83,45.0,4.5,17.11,25.07,42.0,4.2,15.97,23.4,20.0,2.0,7.6,11.14,60.0,6.0,22.81,33.43,25.0,2.5,9.51,13.93,32.0,3.2,12.17,17.83,23.0,2.3,8.75,12.82,19.0,1.9,7.22,10.59,42.0,4.2,15.97,23.4,12.0,1.2,4.56,6.69,40.0,4.0,15.21,22.29,15.0,1.5,5.7,8.36,31.0,3.1,11.79,17.27,5.0,0.5,1.9,2.79,2.0,0.2,0.76,1.11,26.0,2.6,9.89,14.49,27.0,2.7,10.27,15.04,52.47,46.39,6.08,97.7,16.0,1.6,6.08,64.61,6.46,0.56,0.59,0.48,0.42,0.72,0.11,0.69,0.32,0.78,0.54,1.9,0.76,0.1,10.27,0.31
4,新北中信特攻,39|113|8889|10879,魏嘉豪/林任鴻/馬可/簡廷兆,2,15,16.0,238.75,3.98,03:59,119.38,1.99,01:59,8.0,4.0,50.0,72.38,5.0,2.5,31.25,45.24,3.0,1.5,18.75,27.14,1.0,0.5,6.25,9.05,0.0,0.0,0.0,0.0,0.0,0.0,0.0,0.0,3.0,1.5,18.75,27.14,1.0,0.5,6.25,9.05,6.0,3.0,37.5,54.28,5.0,2.5,31.25,45.24,0.0,0.0,0.0,0.0,3.0,1.5,18.75,27.14,1.0,0.5,6.25,9.05,4.0,2.0,25.0,36.19,1.0,0.5,6.25,9.05,1.0,0.5,6.25,9.05,0.0,0.0,0.0,0.0,0.0,0.0,0.0,0.0,4.0,2.0,25.0,36.19,2.0,1.0,12.5,18.09,50.0,31.25,18.75,96.5,3.0,1.5,18.75,3.98,1.99,0.5,0.71,,0.33,0.83,0.15,1.0,0.0,0.75,0.38,0.0,0.0,0.25,12.5,2.0
4,新北中信特攻,39|113|10879|10880,魏嘉豪/林任鴻/簡廷兆/內馬,3,42,49.0,664.32,11.07,11:04,221.44,3.69,03:41,19.0,6.33,38.78,61.78,14.0,4.67,28.57,45.52,16.0,5.33,32.65,52.02,6.0,2.0,12.24,19.51,8.0,2.67,16.33,26.01,5.0,1.67,10.2,16.26,8.0,2.67,16.33,26.01,1.0,0.33,2.04,3.25,9.0,3.0,18.37,29.26,6.0,2.0,12.24,19.51,3.0,1.0,6.12,9.75,8.0,2.67,16.33,26.01,3.0,1.0,6.12,9.75,10.0,3.33,20.41,32.51,4.0,1.33,8.16,13.01,1.0,0.33,2.04,3.25,2.0,0.67,4.08,6.5,0.0,0.0,0.0,0.0,7.0,2.33,14.29,22.76,4.0,1.33,8.16,13.01,38.78,28.57,10.2,106.21,5.0,1.67,10.2,11.07,3.69,0.41,0.48,0.62,0.12,0.67,0.17,0.17,0.23,0.73,0.46,4.08,0.0,0.14,8.16,0.56
4,新北中信特攻,113|8889|10879|10880,林任鴻/馬可/簡廷兆/內馬,3,28,31.0,432.56,7.21,07:13,144.19,2.4,02:24,14.0,4.67,45.16,69.91,13.0,4.33,41.94,64.92,10.0,3.33,32.26,49.93,4.0,1.33,12.9,19.97,6.0,2.0,19.35,29.96,3.0,1.0,9.68,14.98,4.0,1.33,12.9,19.97,1.0,0.33,3.23,4.99,6.0,2.0,19.35,29.96,5.0,1.67,16.13,24.97,1.0,0.33,3.23,4.99,6.0,2.0,19.35,29.96,1.0,0.33,3.23,4.99,6.0,2.0,19.35,29.96,2.0,0.67,6.45,9.99,3.0,1.0,9.68,14.98,0.0,0.0,0.0,0.0,1.0,0.33,3.23,4.99,5.0,1.67,16.13,24.97,2.0,0.67,6.45,9.99,45.16,41.94,3.23,103.2,1.0,0.33,3.23,7.21,2.4,0.45,0.55,0.5,0.25,0.83,0.14,0.75,0.14,0.86,0.5,0.0,3.23,0.16,6.45,0.6
4,新北中信特攻,39|40|113|8889,魏嘉豪/謝亞軒/林任鴻/馬可,2,24,27.0,390.24,6.5,06:30,195.12,3.25,03:15,10.0,5.0,37.04,55.35,8.0,4.0,29.63,44.28,12.0,6.0,44.44,66.42,5.0,2.5,18.52,27.68,8.0,4.0,29.63,44.28,5.0,2.5,18.52,27.68,4.0,2.0,14.81,22.14,0.0,0.0,0.0,0.0,0.0,0.0,0.0,0.0,0.0,0.0,0.0,0.0,2.0,1.0,7.41,11.07,5.0,2.5,18.52,27.68,1.0,0.5,3.7,5.54,6.0,3.0,22.22,33.21,1.0,0.5,3.7,5.54,3.0,1.5,11.11,16.61,0.0,0.0,0.0,0.0,0.0,0.0,0.0,0.0,4.0,2.0,14.81,22.14,5.0,2.5,18.52,27.68,37.04,29.63,7.41,99.63,2.0,1.0,7.41,6.5,3.25,0.42,0.42,0.62,0.0,,0.08,0.6,0.25,0.83,0.5,0.0,0.0,0.15,18.52,0.0
4,新北中信特攻,39|40|113|10880,魏嘉豪/謝亞軒/林任鴻/內馬,3,26,30.0,398.37,6.64,06:38,132.79,2.21,02:13,12.0,4.0,40.0,65.07,5.0,1.67,16.67,27.11,11.0,3.67,36.67,59.64,5.0,1.67,16.67,27.11,8.0,2.67,26.67,43.38,5.0,1.67,16.67,27.11,3.0,1.0,10.0,16.27,0.0,0.0,0.0,0.0,2.0,0.67,6.67,10.84,2.0,0.67,6.67,10.84,2.0,0.67,6.67,10.84,4.0,1.33,13.33,21.69,2.0,0.67,6.67,10.84,6.0,2.0,20.0,32.53,2.0,0.67,6.67,10.84,5.0,1.67,16.67,27.11,1.0,0.33,3.33,5.42,0.0,0.0,0.0,0.0,5.0,1.67,16.67,27.11,5.0,1.67,16.67,27.11,40.0,16.67,23.33,108.44,7.0,2.33,23.33,6.64,2.21,0.45,0.51,0.62,0.0,1.0,0.14,1.0,0.25,0.67,0.43,3.33,0.0,0.17,16.67,0.18
4,新北中信特攻,40|113|8889|10880,謝亞軒/林任鴻/馬可/內馬,6,69,88.0,1070.28,17.84,17:50,178.38,2.97,02:58,30.0,5.0,34.09,60.55,31.0,5.17,35.23,62.56,28.0,4.67,31.82,56.51,11.0,1.83,12.5,22.2,16.0,2.67,18.18,32.29,8.0,1.33,9.09,16.15,12.0,2.0,13.64,24.22,3.0,0.5,3.41,6.05,11.0,1.83,12.5,22.2,5.0,0.83,5.68,10.09,6.0,1.0,6.82,12.11,15.0,2.5,17.05,30.27,10.0,1.67,11.36,20.18,15.0,2.5,17.05,30.27,7.0,1.17,7.95,14.13,8.0,1.33,9.09,16.15,2.0,0.33,2.27,4.04,3.0,0.5,3.41,6.05,9.0,1.5,10.23,18.16,8.0,1.33,9.09,16.15,34.09,35.23,-1.14,118.4,-1.0,-0.17,-1.14,17.84,2.97,0.45,0.46,0.5,0.25,0.45,0.18,0.73,0.29,0.6,0.46,2.27,3.41,0.1,9.09,0.39
4,福爾摩沙夢想家,77|83|99|106,馬建豪/吳家駿/盧冠良/高柏鎧,4,30,32.0,461.91,7.7,07:42,115.48,1.92,01:55,9.0,2.25,28.12,42.09,25.0,6.25,78.12,116.91,12.0,3.0,37.5,56.11,4.0,1.0,12.5,18.7,7.0,1.75,21.88,32.73,3.0,0.75,9.38,14.03,5.0,1.25,15.62,23.38,1.0,0.25,3.12,4.68,5.0,1.25,15.62,23.38,3.0,0.75,9.38,14.03,2.0,0.5,6.25,9.35,6.0,1.5,18.75,28.06,1.0,0.25,3.12,4.68,2.0,0.5,6.25,9.35,4.0,1.0,12.5,18.7,2.0,0.5,6.25,9.35,2.0,0.5,6.25,9.35,0.0,0.0,0.0,0.0,6.0,1.5,18.75,28.06,3.0,0.75,9.38,14.03,28.12,78.12,-50.0,99.76,-16.0,-4.0,-50.0,7.7,1.92,0.38,0.32,0.43,0.2,0.6,0.22,0.5,0.5,0.86,0.73,6.25,0.0,0.19,9.38,0.42
4,福爾摩沙夢想家,77|83|99|107,馬建豪/吳家駿/盧冠良/霍爾曼,3,15,19.0,233.01,3.88,03:53,77.67,1.29,01:18,8.0,2.67,42.11,74.16,9.0,3.0,47.37,83.43,4.0,1.33,21.05,37.08,2.0,0.67,10.53,18.54,3.0,1.0,15.79,27.81,1.0,0.33,5.26,9.27,1.0,0.33,5.26,9.27,1.0,0.33,5.26,9.27,3.0,1.0,15.79,27.81,2.0,0.67,10.53,18.54,1.0,0.33,5.26,9.27,1.0,0.33,5.26,9.27,4.0,1.33,21.05,37.08,1.0,0.33,5.26,9.27,4.0,1.33,21.05,37.08,1.0,0.33,5.26,9.27,2.0,0.67,10.53,18.54,0.0,0.0,0.0,0.0,2.0,0.67,10.53,18.54,0.0,0.0,0.0,0.0,42.11,47.37,-5.26,117.42,-1.0,-0.33,-5.26,3.88,1.29,0.62,0.75,0.33,1.0,0.67,0.43,0.5,0.5,0.2,0.29,10.53,0.0,0.11,0.0,0.75
4,福爾摩沙夢想家,77|83|106|107,馬建豪/吳家駿/高柏鎧/霍爾曼,3,27,32.0,401.88,6.7,06:42,133.96,2.23,02:14,15.0,5.0,46.88,80.62,17.0,5.67,53.12,91.37,12.0,4.0,37.5,64.5,5.0,1.67,15.62,26.87,6.0,2.0,18.75,32.25,3.0,1.0,9.38,16.12,6.0,2.0,18.75,32.25,2.0,0.67,6.25,10.75,6.0,2.0,18.75,32.25,4.0,1.33,12.5,21.5,2.0,0.67,6.25,10.75,4.0,1.33,12.5,21.5,1.0,0.33,3.12,5.37,3.0,1.0,9.38,16.12,4.0,1.33,12.5,21.5,2.0,0.67,6.25,10.75,2.0,0.67,6.25,10.75,0.0,0.0,0.0,0.0,2.0,0.67,6.25,10.75,2.0,0.67,6.25,10.75,46.88,53.12,-6.25,114.66,-2.0,-0.67,-6.25,6.7,2.23,0.5,0.51,0.5,0.33,0.67,0.21,0.4,0.4,0.8,0.6,6.25,0.0,0.06,6.25,0.5
4,福爾摩沙夢想家,77|83|99|10890,馬建豪/吳家駿/盧冠良/湯普金斯,1,5,7.0,51.29,0.85,00:51,51.29,0.85,00:51,1.0,1.0,14.29,42.11,2.0,2.0,28.57,84.23,1.0,1.0,14.29,42.11,0.0,0.0,0.0,0.0,1.0,1.0,14.29,42.11,0.0,0.0,0.0,0.0,0.0,0.0,0.0,0.0,0.0,0.0,0.0,0.0,1.0,1.0,14.29,42.11,1.0,1.0,14.29,42.11,0.0,0.0,0.0,0.0,1.0,1.0,14.29,42.11,2.0,2.0,28.57,84.23,1.0,1.0,14.29,42.11,1.0,1.0,14.29,42.11,0.0,0.0,0.0,0.0,1.0,1.0,14.29,42.11,0.0,0.0,0.0,0.0,0.0,0.0,0.0,0.0,0.0,0.0,0.0,0.0,14.29,28.57,-14.29,196.53,-1.0,-1.0,-14.29,0.85,0.85,0.0,0.35,0.0,,1.0,0.41,,0.0,0.33,0.25,14.29,0.0,0.0,0.0,1.0
4,福爾摩沙夢想家,77|83|107|10890,馬建豪/吳家駿/霍爾曼/湯普金斯,1,5,7.0,51.29,0.85,00:51,51.29,0.85,00:51,1.0,1.0,14.29,42.11,2.0,2.0,28.57,84.23,1.0,1.0,14.29,42.11,0.0,0.0,0.0,0.0,1.0,1.0,14.29,42.11,0.0,0.0,0.0,0.0,0.0,0.0,0.0,0.0,0.0,0.0,0.0,0.0,1.0,1.0,14.29,42.11,1.0,1.0,14.29,42.11,0.0,0.0,0.0,0.0,1.0,1.0,14.29,42.11,2.0,2.0,28.57,84.23,1.0,1.0,14.29,42.11,1.0,1.0,14.29,42.11,0.0,0.0,0.0,0.0,1.0,1.0,14.29,42.11,0.0,0.0,0.0,0.0,0.0,0.0,0.0,0.0,0.0,0.0,0.0,0.0,14.29,28.57,-14.29,196.53,-1.0,-1.0,-14.29,0.85,0.85,0.0,0.35,0.0,,1.0,0.41,,0.0,0.33,0.25,14.29,0.0,0.0,0.0,1.0
4,福爾摩沙夢想家,83|99|107|10890,吳家駿/盧冠良/霍爾曼/湯普金斯,1,12,15.0,148.52,2.48,02:29,148.52,2.48,02:29,4.0,4.0,26.67,58.18,8.0,8.0,53.33,116.35,3.0,3.0,20.0,43.63,1.0,1.0,6.67,14.54,2.0,2.0,13.33,29.09,0.0,0.0,0.0,0.0,1.0,1.0,6.67,14.54,1.0,1.0,6.67,14.54,1.0,1.0,6.67,14.54,1.0,1.0,6.67,14.54,0.0,0.0,0.0,0.0,2.0,2.0,13.33,29.09,3.0,3.0,20.0,43.63,2.0,2.0,13.33,29.09,2.0,2.0,13.33,29.09,0.0,0.0,0.0,0.0,2.0,2.0,13.33,29.09,0.0,0.0,0.0,0.0,0.0,0.0,0.0,0.0,4.0,4.0,26.67,58.18,26.67,53.33,-26.67,145.44,-4.0,-4.0,-26.67,2.48,2.48,0.5,0.58,0.0,1.0,1.0,0.37,0.0,0.0,0.4,0.29,13.33,0.0,0.0,26.67,0.33
4,福爾摩沙夢想家,83|99|103|10890,吳家駿/盧冠良/忻沃克/湯普金斯,3,21,27.0,354.22,5.9,05:54,118.08,1.97,01:58,13.0,4.33,48.15,79.27,10.0,3.33,37.04,60.98,8.0,2.67,29.63,48.78,6.0,2.0,22.22,36.59,4.0,1.33,14.81,24.39,3.0,1.0,11.11,18.29,4.0,1.33,14.81,24.39,3.0,1.0,11.11,18.29,1.0,0.33,3.7,6.1,0.0,0.0,0.0,0.0,0.0,0.0,0.0,0.0,3.0,1.0,11.11,18.29,3.0,1.0,11.11,18.29,7.0,2.33,25.93,42.68,3.0,1.0,11.11,18.29,3.0,1.0,11.11,18.29,2.0,0.67,7.41,12.2,0.0,0.0,0.0,0.0,4.0,1.33,14.81,24.39,4.0,1.33,14.81,24.39,48.15,37.04,11.11,109.76,3.0,1.0,11.11,5.9,1.97,0.94,0.77,0.75,0.75,0.0,0.26,0.5,0.0,0.5,0.23,7.41,0.0,0.15,14.81,0.12
4,福爾摩沙夢想家,83|103|107|10890,吳家駿/忻沃克/霍爾曼/湯普金斯,3,24,31.0,371.22,6.19,06:11,123.74,2.06,02:04,13.0,4.33,41.94,75.64,16.0,5.33,51.61,93.1,14.0,4.67,45.16,81.46,5.0,1.67,16.13,29.09,10.0,3.33,32.26,58.19,4.0,1.33,12.9,23.27,4.0,1.33,12.9,23.27,1.0,0.33,3.23,5.82,0.0,0.0,0.0,0.0,0.0,0.0,0.0,0.0,6.0,2.0,19.35,34.91,3.0,1.0,9.68,17.46,1.0,0.33,3.23,5.82,5.0,1.67,16.13,29.09,2.0,0.67,6.45,11.64,1.0,0.33,3.23,5.82,1.0,0.33,3.23,5.82,0.0,0.0,0.0,0.0,1.0,0.33,3.23,5.82,8.0,2.67,25.81,46.55,41.94,51.61,-9.68,120.25,-3.0,-1.0,-9.68,6.19,2.06,0.39,0.46,0.4,0.25,,0.12,0.2,0.55,0.75,0.6,3.23,0.0,0.03,25.81,0.0
4,福爾摩沙夢想家,99|103|107|10890,盧冠良/忻沃克/霍爾曼/湯普金斯,11,113,129.0,1871.11,31.19,31:11,170.1,2.84,02:50,67.0,6.09,51.94,77.34,61.0,5.55,47.29,70.42,50.0,4.55,38.76,57.72,22.0,2.0,17.05,25.4,22.0,2.0,17.05,25.4,9.0,0.82,6.98,10.39,28.0,2.55,21.71,32.32,13.0,1.18,10.08,15.01,10.0,0.91,7.75,11.54,8.0,0.73,6.2,9.24,7.0,0.64,5.43,8.08,21.0,1.91,16.28,24.24,5.0,0.45,3.88,5.77,20.0,1.82,15.5,23.09,8.0,0.73,6.2,9.24,15.0,1.36,11.63,17.32,5.0,0.45,3.88,5.77,1.0,0.09,0.78,1.15,12.0,1.09,9.3,13.85,16.0,1.45,12.4,18.47,51.94,47.29,4.65,99.28,6.0,0.55,4.65,31.19,2.84,0.57,0.62,0.41,0.46,0.8,0.13,0.68,0.26,0.81,0.53,3.88,0.78,0.09,12.4,0.2
4,福爾摩沙夢想家,86|99|103|10890,林俊吉/盧冠良/忻沃克/湯普金斯,9,96,111.0,1473.32,24.56,24:33,163.7,2.73,02:44,59.0,6.56,53.15,86.5,45.0,5.0,40.54,65.97,41.0,4.56,36.94,60.11,18.0,2.0,16.22,26.39,20.0,2.22,18.02,29.32,9.0,1.0,8.11,13.19,21.0,2.33,18.92,30.79,9.0,1.0,8.11,13.19,16.0,1.78,14.41,23.46,12.0,1.33,10.81,17.59,7.0,0.78,6.31,10.26,18.0,2.0,16.22,26.39,3.0,0.33,2.7,4.4,18.0,2.0,16.22,26.39,7.0,0.78,6.31,10.26,11.0,1.22,9.91,16.13,5.0,0.56,4.5,7.33,0.0,0.0,0.0,0.0,13.0,1.44,11.71,19.06,8.0,0.89,7.21,11.73,53.15,40.54,12.61,108.49,14.0,1.56,12.61,24.56,2.73,0.55,0.61,0.45,0.43,0.75,0.13,0.61,0.28,0.86,0.54,4.5,0.0,0.12,7.21,0.39
4,福爾摩沙夢想家,79|99|103|106,張宗憲/盧冠良/忻沃克/高柏鎧,2,3,3.0,26.0,0.43,00:26,13.0,0.22,00:13,0.0,0.0,0.0,0.0,2.0,1.0,66.67,166.15,1.0,0.5,33.33,83.08,0.0,0.0,0.0,0.0,0.0,0.0,0.0,0.0,0.0,0.0,0.0,0.0,1.0,0.5,33.33,83.08,0.0,0.0,0.0,0.0,0.0,0.0,0.0,0.0,0.0,0.0,0.0,0.0,0.0,0.0,0.0,0.0,0.0,0.0,0.0,0.0,0.0,0.0,0.0,0.0,0.0,0.0,0.0,0.0,0.0,0.0,0.0,0.0,0.0,0.0,0.0,0.0,0.0,0.0,0.0,0.0,0.0,0.0,0.0,0.0,0.0,0.0,0.0,0.0,0.0,0.0,0.0,0.0,0.0,66.67,-66.67,166.15,-2.0,-1.0,-66.67,0.43,0.22,0.0,0.0,,0.0,,0.0,,,,,0.0,0.0,0.0,0.0,0.0
4,福爾摩沙夢想家,79|99|103|10890,張宗憲/盧冠良/忻沃克/湯普金斯,1,1,1.0,18.0,0.3,00:18,18.0,0.3,00:18,0.0,0.0,0.0,0.0,2.0,2.0,200.0,240.0,0.0,0.0,0.0,0.0,0.0,0.0,0.0,0.0,0.0,0.0,0.0,0.0,0.0,0.0,0.0,0.0,0.0,0.0,0.0,0.0,0.0,0.0,0.0,0.0,0.0,0.0,0.0,0.0,0.0,0.0,0.0,0.0,0.0,0.0,0.0,0.0,0.0,0.0,0.0,0.0,0.0,0.0,0.0,0.0,0.0,0.0,0.0,0.0,0.0,0.0,0.0,0.0,0.0,0.0,0.0,0.0,0.0,0.0,0.0,0.0,0.0,0.0,0.0,0.0,0.0,0.0,0.0,0.0,0.0,0.0,0.0,0.0,0.0,200.0,-200.0,80.0,-2.0,-2.0,-200.0,0.3,0.3,,,,,,,,,,,0.0,0.0,0.0,0.0,
4,福爾摩沙夢想家,79|99|106|10890,張宗憲/盧冠良/高柏鎧/湯普金斯,3,22,26.0,357.43,5.96,05:57,119.14,1.99,01:59,7.0,2.33,26.92,42.3,14.0,4.67,53.85,84.6,8.0,2.67,30.77,48.35,3.0,1.0,11.54,18.13,6.0,2.0,23.08,36.26,3.0,1.0,11.54,18.13,2.0,0.67,7.69,12.09,0.0,0.0,0.0,0.0,1.0,0.33,3.85,6.04,1.0,0.33,3.85,6.04,1.0,0.33,3.85,6.04,4.0,1.33,15.38,24.17,1.0,0.33,3.85,6.04,3.0,1.0,11.54,18.13,3.0,1.0,11.54,18.13,1.0,0.33,3.85,6.04,1.0,0.33,3.85,6.04,1.0,0.33,3.85,6.04,1.0,0.33,3.85,6.04,2.0,0.67,7.69,12.09,26.92,53.85,-26.92,104.75,-7.0,-2.33,-26.92,5.96,1.99,0.38,0.41,0.5,0.0,1.0,0.26,0.33,0.25,0.8,0.56,3.85,3.85,0.04,7.69,0.12
4,福爾摩沙夢想家,99|103|106|10890,盧冠良/忻沃克/高柏鎧/湯普金斯,4,93,103.0,1514.84,25.25,25:15,378.71,6.31,06:19,38.0,9.5,36.89,54.18,42.0,10.5,40.78,59.89,40.0,10.0,38.83,57.04,16.0,4.0,15.53,22.81,18.0,4.5,17.48,25.67,9.0,2.25,8.74,12.83,22.0,5.5,21.36,31.37,7.0,1.75,6.8,9.98,3.0,0.75,2.91,4.28,1.0,0.25,0.97,1.43,1.0,0.25,0.97,1.43,25.0,6.25,24.27,35.65,5.0,1.25,4.85,7.13,21.0,5.25,20.39,29.94,7.0,1.75,6.8,9.98,8.0,2.0,7.77,11.41,5.0,1.25,4.85,7.13,1.0,0.25,0.97,1.43,8.0,2.0,7.77,11.41,6.0,1.5,5.83,8.56,36.89,40.78,-3.88,97.91,-4.0,-1.0,-3.88,25.25,6.31,0.49,0.46,0.5,0.32,0.33,0.14,0.5,0.05,0.83,0.5,4.85,0.97,0.08,5.83,0.08
4,新北中信特攻,40|43|8889|10877,謝亞軒/林韋翰/馬可/阿巴西,18,908,1077.0,14541.0,242.35,242:21,807.83,13.46,13:28,523.0,29.06,48.56,77.69,435.0,24.17,40.39,64.62,395.0,21.94,36.68,58.68,193.0,10.72,17.92,28.67,229.0,12.72,21.26,34.02,139.0,7.72,12.91,20.65,166.0,9.22,15.41,24.66,54.0,3.0,5.01,8.02,111.0,6.17,10.31,16.49,78.0,4.33,7.24,11.59,65.0,3.61,6.04,9.66,141.0,7.83,13.09,20.94,62.0,3.44,5.76,9.21,174.0,9.67,16.16,25.85,89.0,4.94,8.26,13.22,132.0,7.33,12.26,19.61,37.0,2.06,3.44,5.5,6.0,0.33,0.56,0.89,116.0,6.44,10.77,17.23,87.0,4.83,8.08,12.92,48.56,40.39,8.17,106.66,88.0,4.89,8.17,242.35,13.46,0.56,0.59,0.61,0.33,0.7,0.17,0.68,0.27,0.69,0.47,3.44,0.56,0.11,8.08,0.28
4,新北中信特攻,40|43|8889|10880,謝亞軒/林韋翰/馬可/內馬,13,498,600.0,8130.32,135.51,135:30,625.41,10.42,10:25,305.0,23.46,50.83,81.03,231.0,17.77,38.5,61.37,235.0,18.08,39.17,62.43,111.0,8.54,18.5,29.49,139.0,10.69,23.17,36.93,75.0,5.77,12.5,19.93,96.0,7.38,16.0,25.5,36.0,2.77,6.0,9.56,59.0,4.54,9.83,15.67,45.0,3.46,7.5,11.96,47.0,3.62,7.83,12.49,79.0,6.08,13.17,20.99,37.0,2.85,6.17,9.83,100.0,7.69,16.67,26.57,42.0,3.23,7.0,11.16,73.0,5.62,12.17,19.39,20.0,1.54,3.33,5.31,7.0,0.54,1.17,1.86,63.0,4.85,10.5,16.74,53.0,4.08,8.83,14.08,50.83,38.5,12.33,106.27,74.0,5.69,12.33,135.51,10.42,0.55,0.58,0.54,0.38,0.76,0.14,0.66,0.32,0.68,0.48,3.33,1.17,0.1,8.83,0.25
4,福爾摩沙夢想家,77|89|99|106,馬建豪/蔣淯安/盧冠良/高柏鎧,6,89,104.0,1412.67,23.54,23:33,235.44,3.92,03:55,46.0,7.67,44.23,70.33,46.0,7.67,44.23,70.33,37.0,6.17,35.58,56.57,17.0,2.83,16.35,25.99,19.0,3.17,18.27,29.05,11.0,1.83,10.58,16.82,18.0,3.0,17.31,27.52,6.0,1.0,5.77,9.17,6.0,1.0,5.77,9.17,5.0,0.83,4.81,7.65,8.0,1.33,7.69,12.23,13.0,2.17,12.5,19.88,6.0,1.0,5.77,9.17,19.0,3.17,18.27,29.05,12.0,2.0,11.54,18.35,9.0,1.5,8.65,13.76,5.0,0.83,4.81,7.65,0.0,0.0,0.0,0.0,12.0,2.0,11.54,18.35,6.0,1.0,5.77,9.17,44.23,44.23,0.0,106.01,0.0,0.0,0.0,23.54,3.92,0.54,0.58,0.58,0.33,0.83,0.23,0.53,0.3,0.68,0.46,4.81,0.0,0.12,5.77,0.16
4,福爾摩沙夢想家,77|89|99|10890,馬建豪/蔣淯安/盧冠良/湯普金斯,6,129,159.0,2051.44,34.19,34:11,341.91,5.7,05:42,83.0,13.83,52.2,87.39,73.0,12.17,45.91,76.86,55.0,9.17,34.59,57.91,30.0,5.0,18.87,31.59,30.0,5.0,18.87,31.59,17.0,2.83,10.69,17.9,25.0,4.17,15.72,26.32,13.0,2.17,8.18,13.69,13.0,2.17,8.18,13.69,10.0,1.67,6.29,10.53,6.0,1.0,3.77,6.32,21.0,3.5,13.21,22.11,13.0,2.17,8.18,13.69,24.0,4.0,15.09,25.27,13.0,2.17,8.18,13.69,15.0,2.5,9.43,15.79,8.0,1.33,5.03,8.42,1.0,0.17,0.63,1.05,15.0,2.5,9.43,15.79,25.0,4.17,15.72,26.32,52.2,45.91,6.29,111.61,10.0,1.67,6.29,34.19,5.7,0.66,0.68,0.57,0.52,0.77,0.18,0.5,0.2,0.62,0.42,5.03,0.63,0.09,15.72,0.24
4,福爾摩沙夢想家,89|99|107|10890,蔣淯安/盧冠良/霍爾曼/湯普金斯,12,112,127.0,1810.29,30.17,30:10,150.86,2.51,02:31,62.0,5.17,48.82,73.98,57.0,4.75,44.88,68.01,48.0,4.0,37.8,57.27,22.0,1.83,17.32,26.25,26.0,2.17,20.47,31.02,13.0,1.08,10.24,15.51,22.0,1.83,17.32,26.25,9.0,0.75,7.09,10.74,10.0,0.83,7.87,11.93,7.0,0.58,5.51,8.35,5.0,0.42,3.94,5.97,22.0,1.83,17.32,26.25,5.0,0.42,3.94,5.97,20.0,1.67,15.75,23.86,9.0,0.75,7.09,10.74,14.0,1.17,11.02,16.7,6.0,0.5,4.72,7.16,2.0,0.17,1.57,2.39,11.0,0.92,8.66,13.12,14.0,1.17,11.02,16.7,48.82,44.88,3.94,101.02,5.0,0.42,3.94,30.17,2.51,0.55,0.59,0.5,0.41,0.7,0.15,0.64,0.2,0.81,0.52,4.72,1.57,0.09,11.02,0.21
4,福爾摩沙夢想家,77|86|106|10890,馬建豪/林俊吉/高柏鎧/湯普金斯,4,103,128.0,1518.65,25.31,25:19,379.66,6.33,06:20,65.0,16.25,50.78,92.45,47.0,11.75,36.72,66.85,37.0,9.25,28.91,52.63,24.0,6.0,18.75,34.14,27.0,6.75,21.09,38.4,20.0,5.0,15.62,28.45,10.0,2.5,7.81,14.22,4.0,1.0,3.12,5.69,19.0,4.75,14.84,27.02,13.0,3.25,10.16,18.49,4.0,1.0,3.12,5.69,12.0,3.0,9.38,17.07,15.0,3.75,11.72,21.33,26.0,6.5,20.31,36.98,11.0,2.75,8.59,15.65,10.0,2.5,7.81,14.22,9.0,2.25,7.03,12.8,1.0,0.25,0.78,1.42,12.0,3.0,9.38,17.07,14.0,3.5,10.94,19.91,50.78,36.72,14.06,121.37,18.0,4.5,14.06,25.31,6.33,0.7,0.72,0.74,0.4,0.68,0.2,0.42,0.13,0.44,0.28,7.03,0.78,0.09,10.94,0.51
4,福爾摩沙夢想家,77|99|106|10890,馬建豪/盧冠良/高柏鎧/湯普金斯,3,76,92.0,1150.16,19.17,19:10,383.39,6.39,06:23,54.0,18.0,58.7,101.41,28.0,9.33,30.43,52.58,26.0,8.67,28.26,48.83,19.0,6.33,20.65,35.68,18.0,6.0,19.57,33.8,13.0,4.33,14.13,24.41,8.0,2.67,8.7,15.02,6.0,2.0,6.52,11.27,16.0,5.33,17.39,30.05,10.0,3.33,10.87,18.78,1.0,0.33,1.09,1.88,9.0,3.0,9.78,16.9,10.0,3.33,10.87,18.78,22.0,7.33,23.91,41.32,7.0,2.33,7.61,13.15,8.0,2.67,8.7,15.02,4.0,1.33,4.35,7.51,1.0,0.33,1.09,1.88,11.0,3.67,11.96,20.66,7.0,2.33,7.61,13.15,58.7,30.43,28.26,115.18,26.0,8.67,28.26,19.17,6.39,0.85,0.82,0.72,0.75,0.62,0.17,0.42,0.04,0.47,0.24,4.35,1.09,0.12,7.61,0.62
4,福爾摩沙夢想家,86|99|106|10890,林俊吉/盧冠良/高柏鎧/湯普金斯,4,95,117.0,1443.76,24.06,24:04,360.94,6.02,06:01,51.0,12.75,43.59,76.3,32.0,8.0,27.35,47.88,35.0,8.75,29.91,52.36,17.0,4.25,14.53,25.43,19.0,4.75,16.24,28.43,11.0,2.75,9.4,16.46,16.0,4.0,13.68,23.94,6.0,1.5,5.13,8.98,18.0,4.5,15.38,26.93,11.0,2.75,9.4,16.46,3.0,0.75,2.56,4.49,18.0,4.5,15.38,26.93,12.0,3.0,10.26,17.95,29.0,7.25,24.79,43.39,9.0,2.25,7.69,13.46,7.0,1.75,5.98,10.47,4.0,1.0,3.42,5.98,1.0,0.25,0.85,1.5,9.0,2.25,7.69,13.46,7.0,1.75,5.98,10.47,43.59,27.35,16.24,116.7,19.0,4.75,16.24,24.06,6.02,0.57,0.59,0.58,0.38,0.61,0.17,0.41,0.09,0.6,0.34,3.42,0.85,0.08,5.98,0.51
4,福爾摩沙夢想家,77|79|106|10890,馬建豪/張宗憲/高柏鎧/湯普金斯,3,34,39.0,502.19,8.37,08:22,167.4,2.79,02:47,18.0,6.0,46.15,77.42,20.0,6.67,51.28,86.02,12.0,4.0,30.77,51.61,8.0,2.67,20.51,34.41,9.0,3.0,23.08,38.71,8.0,2.67,20.51,34.41,3.0,1.0,7.69,12.9,0.0,0.0,0.0,0.0,2.0,0.67,5.13,8.6,2.0,0.67,5.13,8.6,2.0,0.67,5.13,8.6,2.0,0.67,5.13,8.6,4.0,1.33,10.26,17.2,5.0,1.67,12.82,21.51,5.0,1.67,12.82,21.51,3.0,1.0,7.69,12.9,5.0,1.67,12.82,21.51,0.0,0.0,0.0,0.0,3.0,1.0,7.69,12.9,4.0,1.33,10.26,17.2,46.15,51.28,-5.13,111.83,-2.0,-0.67,-5.13,8.37,2.79,0.67,0.7,0.89,0.0,1.0,0.28,0.38,0.29,0.33,0.31,12.82,0.0,0.08,10.26,0.17
4,福爾摩沙夢想家,79|86|106|10890,張宗憲/林俊吉/高柏鎧/湯普金斯,4,38,44.0,537.72,8.96,08:58,134.43,2.24,02:14,17.0,4.25,38.64,68.29,22.0,5.5,50.0,88.37,10.0,2.5,22.73,40.17,6.0,1.5,13.64,24.1,6.0,1.5,13.64,24.1,5.0,1.25,11.36,20.08,4.0,1.0,9.09,16.07,1.0,0.25,2.27,4.02,4.0,1.0,9.09,16.07,4.0,1.0,9.09,16.07,1.0,0.25,2.27,4.02,3.0,0.75,6.82,12.05,6.0,1.5,13.64,24.1,4.0,1.0,9.09,16.07,8.0,2.0,18.18,32.14,5.0,1.25,11.36,20.08,7.0,1.75,15.91,28.12,0.0,0.0,0.0,0.0,2.0,0.5,4.55,8.03,4.0,1.0,9.09,16.07,38.64,50.0,-11.36,117.83,-5.0,-1.25,-11.36,8.96,2.24,0.65,0.72,0.83,0.25,1.0,0.4,0.83,0.2,0.33,0.29,15.91,0.0,0.05,9.09,0.4
4,福爾摩沙夢想家,89|99|103|10890,蔣淯安/盧冠良/忻沃克/湯普金斯,12,174,193.0,2851.66,47.53,47:32,237.64,3.96,03:58,80.0,6.67,41.45,60.6,89.0,7.42,46.11,67.41,75.0,6.25,38.86,56.81,31.0,2.58,16.06,23.48,35.0,2.92,18.13,26.51,18.0,1.5,9.33,13.63,40.0,3.33,20.73,30.3,13.0,1.08,6.74,9.85,8.0,0.67,4.15,6.06,5.0,0.42,2.59,3.79,6.0,0.5,3.11,4.54,39.0,3.25,20.21,29.54,8.0,0.67,4.15,6.06,32.0,2.67,16.58,24.24,14.0,1.17,7.25,10.6,20.0,1.67,10.36,15.15,11.0,0.92,5.7,8.33,2.0,0.17,1.04,1.51,13.0,1.08,6.74,9.85,19.0,1.58,9.84,14.39,41.45,46.11,-4.66,97.46,-9.0,-0.75,-4.66,47.53,3.96,0.5,0.51,0.51,0.32,0.62,0.15,0.65,0.16,0.83,0.53,5.7,1.04,0.07,9.84,0.11
4,福爾摩沙夢想家,89|99|106|10890,蔣淯安/盧冠良/高柏鎧/湯普金斯,5,115,128.0,1811.63,30.19,30:12,362.33,6.04,06:02,40.0,8.0,31.25,47.69,51.0,10.2,39.84,60.81,44.0,8.8,34.38,52.46,16.0,3.2,12.5,19.08,17.0,3.4,13.28,20.27,9.0,1.8,7.03,10.73,27.0,5.4,21.09,32.19,7.0,1.4,5.47,8.35,1.0,0.2,0.78,1.19,1.0,0.2,0.78,1.19,1.0,0.2,0.78,1.19,26.0,5.2,20.31,31.0,8.0,1.6,6.25,9.54,22.0,4.4,17.19,26.23,14.0,2.8,10.94,16.69,9.0,1.8,7.03,10.73,7.0,1.4,5.47,8.35,2.0,0.4,1.56,2.38,7.0,1.4,5.47,8.35,9.0,1.8,7.03,10.73,31.25,39.84,-8.59,101.74,-11.0,-2.2,-8.59,30.19,6.04,0.44,0.45,0.53,0.26,1.0,0.24,0.56,0.04,0.76,0.47,5.47,1.56,0.05,7.03,0.02
4,新北中信特攻,40|43|10877|10879,謝亞軒/林韋翰/阿巴西/簡廷兆,1,2,2.0,11.84,0.2,00:12,11.84,0.2,00:12,0.0,0.0,0.0,0.0,2.0,2.0,100.0,364.9,1.0,1.0,50.0,182.45,0.0,0.0,0.0,0.0,0.0,0.0,0.0,0.0,0.0,0.0,0.0,0.0,1.0,1.0,50.0,182.45,0.0,0.0,0.0,0.0,0.0,0.0,0.0,0.0,0.0,0.0,0.0,0.0,0.0,0.0,0.0,0.0,0.0,0.0,0.0,0.0,0.0,0.0,0.0,0.0,0.0,0.0,0.0,0.0,0.0,0.0,0.0,0.0,0.0,0.0,0.0,0.0,0.0,0.0,0.0,0.0,0.0,0.0,0.0,0.0,1.0,1.0,50.0,182.45,2.0,2.0,100.0,364.9,0.0,100.0,-100.0,243.26,-2.0,-2.0,-100.0,0.2,0.2,0.0,0.0,,0.0,,0.0,,,,,0.0,0.0,0.5,100.0,0.0
4,福爾摩沙夢想家,77|79|89|99,馬建豪/張宗憲/蔣淯安/盧冠良,1,1,1.0,10.0,0.17,00:10,10.0,0.17,00:10,0.0,0.0,0.0,0.0,0.0,0.0,0.0,0.0,0.0,0.0,0.0,0.0,0.0,0.0,0.0,0.0,0.0,0.0,0.0,0.0,0.0,0.0,0.0,0.0,0.0,0.0,0.0,0.0,0.0,0.0,0.0,0.0,0.0,0.0,0.0,0.0,0.0,0.0,0.0,0.0,0.0,0.0,0.0,0.0,0.0,0.0,0.0,0.0,0.0,0.0,0.0,0.0,0.0,0.0,0.0,0.0,0.0,0.0,0.0,0.0,0.0,0.0,0.0,0.0,0.0,0.0,0.0,0.0,0.0,0.0,0.0,0.0,0.0,0.0,0.0,0.0,0.0,0.0,0.0,0.0,0.0,0.0,0.0,144.0,0.0,0.0,0.0,0.17,0.17,,,,,,,,,,,0.0,0.0,0.0,0.0,
4,福爾摩沙夢想家,77|79|99|107,馬建豪/張宗憲/盧冠良/霍爾曼,1,1,1.0,10.0,0.17,00:10,10.0,0.17,00:10,0.0,0.0,0.0,0.0,0.0,0.0,0.0,0.0,0.0,0.0,0.0,0.0,0.0,0.0,0.0,0.0,0.0,0.0,0.0,0.0,0.0,0.0,0.0,0.0,0.0,0.0,0.0,0.0,0.0,0.0,0.0,0.0,0.0,0.0,0.0,0.0,0.0,0.0,0.0,0.0,0.0,0.0,0.0,0.0,0.0,0.0,0.0,0.0,0.0,0.0,0.0,0.0,0.0,0.0,0.0,0.0,0.0,0.0,0.0,0.0,0.0,0.0,0.0,0.0,0.0,0.0,0.0,0.0,0.0,0.0,0.0,0.0,0.0,0.0,0.0,0.0,0.0,0.0,0.0,0.0,0.0,0.0,0.0,144.0,0.0,0.0,0.0,0.17,0.17,,,,,,,,,,,0.0,0.0,0.0,0.0,
4,新北國王,21|25|10872|10875,李愷諺/林金榜/林彥廷/傑登,6,114,142.0,1799.36,29.99,29:59,299.89,5.0,05:00,66.0,11.0,46.48,79.23,47.0,7.83,33.1,56.42,56.0,9.33,39.44,67.22,24.0,4.0,16.9,28.81,36.0,6.0,25.35,43.22,18.0,3.0,12.68,21.61,20.0,3.33,14.08,24.01,6.0,1.0,4.23,7.2,18.0,3.0,12.68,21.61,12.0,2.0,8.45,14.41,16.0,2.67,11.27,19.21,20.0,3.33,14.08,24.01,8.0,1.33,5.63,9.6,25.0,4.17,17.61,30.01,9.0,1.5,6.34,10.8,14.0,2.33,9.86,16.81,7.0,1.17,4.93,8.4,3.0,0.5,2.11,3.6,16.0,2.67,11.27,19.21,12.0,2.0,8.45,14.41,46.48,33.1,13.38,113.64,19.0,3.17,13.38,29.99,5.0,0.48,0.52,0.5,0.3,0.67,0.12,0.58,0.39,0.71,0.52,4.93,2.11,0.11,8.45,0.32
4,新北國王,21|25|10872|10876,李愷諺/林金榜/林彥廷/尚迪,2,61,77.0,945.11,15.75,15:45,472.55,7.88,07:53,31.0,15.5,40.26,70.85,24.0,12.0,31.17,54.85,30.0,15.0,38.96,68.56,12.0,6.0,15.58,27.43,21.0,10.5,27.27,47.99,10.0,5.0,12.99,22.85,9.0,4.5,11.69,20.57,2.0,1.0,2.6,4.57,9.0,4.5,11.69,20.57,5.0,2.5,6.49,11.43,8.0,4.0,10.39,18.28,12.0,6.0,15.58,27.43,7.0,3.5,9.09,16.0,12.0,6.0,15.58,27.43,5.0,2.5,6.49,11.43,4.0,2.0,5.19,9.14,3.0,1.5,3.9,6.86,2.0,1.0,2.6,4.57,9.0,4.5,11.69,20.57,8.0,4.0,10.39,18.28,40.26,31.17,9.09,117.32,7.0,3.5,9.09,15.75,7.88,0.43,0.46,0.48,0.22,0.56,0.13,0.33,0.4,0.63,0.51,3.9,2.6,0.12,10.39,0.3
4,新北國王,25|10872|10875|10876,林金榜/林彥廷/傑登/尚迪,2,55,70.0,856.11,14.27,14:16,428.05,7.13,07:08,31.0,15.5,44.29,78.21,23.0,11.5,32.86,58.03,28.0,14.0,40.0,70.65,12.0,6.0,17.14,30.28,20.0,10.0,28.57,50.46,10.0,5.0,14.29,25.23,8.0,4.0,11.43,20.18,2.0,1.0,2.86,5.05,9.0,4.5,12.86,22.71,5.0,2.5,7.14,12.62,8.0,4.0,11.43,20.18,10.0,5.0,14.29,25.23,7.0,3.5,10.0,17.66,9.0,4.5,12.86,22.71,4.0,2.0,5.71,10.09,4.0,2.0,5.71,10.09,3.0,1.5,4.29,7.57,2.0,1.0,2.86,5.05,7.0,3.5,10.0,17.66,6.0,3.0,8.57,15.14,44.29,32.86,11.43,117.74,8.0,4.0,11.43,14.27,7.13,0.46,0.48,0.5,0.25,0.56,0.11,0.33,0.47,0.59,0.53,4.29,2.86,0.1,8.57,0.32
4,新竹御嵿攻城獅,75|76|88|10862,高國豪/曾柏喻/盧冠軒/提傑,8,113,139.0,1696.99,28.28,28:17,212.12,3.54,03:32,55.0,6.88,39.57,70.01,56.0,7.0,40.29,71.28,47.0,5.88,33.81,59.82,20.0,2.5,14.39,25.46,31.0,3.88,22.3,39.46,15.0,1.88,10.79,19.09,16.0,2.0,11.51,20.37,5.0,0.62,3.6,6.36,14.0,1.75,10.07,17.82,10.0,1.25,7.19,12.73,5.0,0.62,3.6,6.36,24.0,3.0,17.27,30.55,18.0,2.25,12.95,22.91,14.0,1.75,10.07,17.82,8.0,1.0,5.76,10.18,14.0,1.75,10.07,17.82,4.0,0.5,2.88,5.09,3.0,0.38,2.16,3.82,11.0,1.38,7.91,14.0,11.0,1.38,7.91,14.0,39.57,40.29,-0.72,117.95,-1.0,-0.12,-0.72,28.28,3.54,0.48,0.52,0.48,0.31,0.71,0.13,0.7,0.26,0.57,0.48,2.88,2.16,0.08,7.91,0.3
4,新竹御嵿攻城獅,75|88|10862|10887,高國豪/盧冠軒/提傑/德魯,16,332,402.0,5189.71,86.5,86:30,324.36,5.41,05:24,192.0,12.0,47.76,79.91,162.0,10.12,40.3,67.43,145.0,9.06,36.07,60.35,60.0,3.75,14.93,24.97,86.0,5.38,21.39,35.79,34.0,2.12,8.46,14.15,59.0,3.69,14.68,24.56,26.0,1.62,6.47,10.82,54.0,3.38,13.43,22.48,46.0,2.88,11.44,19.15,26.0,1.62,6.47,10.82,63.0,3.94,15.67,26.22,38.0,2.38,9.45,15.82,57.0,3.56,14.18,23.72,22.0,1.38,5.47,9.16,46.0,2.88,11.44,19.15,13.0,0.81,3.23,5.41,10.0,0.62,2.49,4.16,46.0,2.88,11.44,19.15,39.0,2.44,9.7,16.23,47.76,40.3,7.46,111.54,30.0,1.88,7.46,86.5,5.41,0.5,0.57,0.4,0.44,0.85,0.12,0.77,0.31,0.62,0.48,3.23,2.49,0.11,9.7,0.37
4,新北國王,21|25|34|10872,李愷諺/林金榜/沃許本/林彥廷,4,15,22.0,269.82,4.5,04:30,67.45,1.12,01:07,7.0,1.75,31.82,56.04,4.0,1.0,18.18,32.02,7.0,1.75,31.82,56.04,1.0,0.25,4.55,8.01,3.0,0.75,13.64,24.02,1.0,0.25,4.55,8.01,4.0,1.0,18.18,32.02,0.0,0.0,0.0,0.0,6.0,1.5,27.27,48.03,5.0,1.25,22.73,40.03,2.0,0.5,9.09,16.01,5.0,1.25,22.73,40.03,1.0,0.25,4.55,8.01,6.0,1.5,27.27,48.03,0.0,0.0,0.0,0.0,1.0,0.25,4.55,8.01,0.0,0.0,0.0,0.0,1.0,0.25,4.55,8.01,3.0,0.75,13.64,24.02,2.0,0.5,9.09,16.01,31.82,18.18,13.64,117.41,3.0,0.75,13.64,4.5,1.12,0.14,0.36,0.33,0.0,0.83,0.0,1.0,0.25,0.83,0.5,0.0,4.55,0.14,9.09,0.86
4,新北國王,21|25|34|10875,李愷諺/林金榜/沃許本/傑登,4,42,51.0,737.04,12.28,12:17,184.26,3.07,03:04,17.0,4.25,33.33,49.82,25.0,6.25,49.02,73.27,13.0,3.25,25.49,38.1,5.0,1.25,9.8,14.65,9.0,2.25,17.65,26.38,4.0,1.0,7.84,11.72,4.0,1.0,7.84,11.72,1.0,0.25,1.96,2.93,9.0,2.25,17.65,26.38,6.0,1.5,11.76,17.58,2.0,0.5,3.92,5.86,8.0,2.0,15.69,23.45,4.0,1.0,7.84,11.72,7.0,1.75,13.73,20.51,4.0,1.0,7.84,11.72,6.0,1.5,11.76,17.58,3.0,0.75,5.88,8.79,1.0,0.25,1.96,2.93,6.0,1.5,11.76,17.58,1.0,0.25,1.96,2.93,33.33,49.02,-15.69,99.64,-8.0,-2.0,-15.69,12.28,3.07,0.42,0.5,0.44,0.25,0.67,0.19,1.2,0.22,0.67,0.48,5.88,1.96,0.12,1.96,0.69
4,新北國王,25|34|10872|10875,林金榜/沃許本/林彥廷/傑登,3,18,20.0,241.47,4.02,04:01,80.49,1.34,01:20,7.0,2.33,35.0,62.62,14.0,4.67,70.0,125.23,4.0,1.33,20.0,35.78,1.0,0.33,5.0,8.95,3.0,1.0,15.0,26.84,1.0,0.33,5.0,8.95,1.0,0.33,5.0,8.95,0.0,0.0,0.0,0.0,6.0,2.0,30.0,53.67,5.0,1.67,25.0,44.73,1.0,0.33,5.0,8.95,3.0,1.0,15.0,26.84,0.0,0.0,0.0,0.0,3.0,1.0,15.0,26.84,2.0,0.67,10.0,17.89,3.0,1.0,15.0,26.84,1.0,0.33,5.0,8.95,0.0,0.0,0.0,0.0,2.0,0.67,10.0,17.89,2.0,0.67,10.0,17.89,35.0,70.0,-35.0,119.27,-7.0,-2.33,-35.0,4.02,1.34,0.25,0.53,0.33,0.0,0.83,0.23,3.0,0.25,1.0,0.57,5.0,0.0,0.1,10.0,1.5
4,新北國王,21|22|25|34,李愷諺/簡祐哲/林金榜/沃許本,1,25,29.0,361.61,6.03,06:02,361.61,6.03,06:02,14.0,14.0,48.28,83.63,11.0,11.0,37.93,65.71,8.0,8.0,27.59,47.79,5.0,5.0,17.24,29.87,6.0,6.0,20.69,35.84,4.0,4.0,13.79,23.89,2.0,2.0,6.9,11.95,1.0,1.0,3.45,5.97,5.0,5.0,17.24,29.87,3.0,3.0,10.34,17.92,0.0,0.0,0.0,0.0,4.0,4.0,13.79,23.89,3.0,3.0,10.34,17.92,3.0,3.0,10.34,17.92,2.0,2.0,6.9,11.95,4.0,4.0,13.79,23.89,2.0,2.0,6.9,11.95,1.0,1.0,3.45,5.97,3.0,3.0,10.34,17.92,0.0,0.0,0.0,0.0,48.28,37.93,10.34,115.48,3.0,3.0,10.34,6.03,6.03,0.69,0.69,0.67,0.5,0.6,0.16,0.8,0.0,0.57,0.4,6.9,3.45,0.1,0.0,0.62
4,新北國王,21|22|25|10875,李愷諺/簡祐哲/林金榜/傑登,3,69,76.0,913.47,15.22,15:13,304.49,5.07,05:04,31.0,10.33,40.79,73.3,39.0,13.0,51.32,92.22,27.0,9.0,35.53,63.84,10.0,3.33,13.16,23.65,16.0,5.33,21.05,37.83,6.0,2.0,7.89,14.19,11.0,3.67,14.47,26.01,4.0,1.33,5.26,9.46,9.0,3.0,11.84,21.28,7.0,2.33,9.21,16.55,4.0,1.33,5.26,9.46,14.0,4.67,18.42,33.1,3.0,1.0,3.95,7.09,10.0,3.33,13.16,23.65,6.0,2.0,7.89,14.19,8.0,2.67,10.53,18.92,5.0,1.67,6.58,11.82,3.0,1.0,3.95,7.09,6.0,2.0,7.89,14.19,11.0,3.67,14.47,26.01,40.79,51.32,-10.53,119.81,-8.0,-2.67,-10.53,15.22,5.07,0.44,0.5,0.38,0.36,0.78,0.16,0.8,0.29,0.82,0.58,6.58,3.95,0.08,14.47,0.33
4,新竹御嵿攻城獅,75|87|90|5948,高國豪/蔡宸綱/李啓瑋/克雷格,2,31,34.0,429.65,7.16,07:10,214.82,3.58,03:35,19.0,9.5,55.88,95.52,18.0,9.0,52.94,90.49,13.0,6.5,38.24,65.36,7.0,3.5,20.59,35.19,7.0,3.5,20.59,35.19,5.0,2.5,14.71,25.14,6.0,3.0,17.65,30.16,2.0,1.0,5.88,10.05,4.0,2.0,11.76,20.11,3.0,1.5,8.82,15.08,2.0,1.0,5.88,10.05,4.0,2.0,11.76,20.11,0.0,0.0,0.0,0.0,5.0,2.5,14.71,25.14,2.0,1.0,5.88,10.05,2.0,1.0,5.88,10.05,0.0,0.0,0.0,0.0,0.0,0.0,0.0,0.0,3.0,1.5,8.82,15.08,4.0,2.0,11.76,20.11,55.88,52.94,2.94,113.95,1.0,0.5,2.94,7.16,3.58,0.62,0.64,0.71,0.33,0.75,0.12,0.29,0.29,1.0,0.55,0.0,0.0,0.09,11.76,0.31
4,新竹御嵿攻城獅,75|87|5948|10862,高國豪/蔡宸綱/克雷格/提傑,3,28,30.0,439.26,7.32,07:19,146.42,2.44,02:26,13.0,4.33,43.33,63.93,7.0,2.33,23.33,34.42,11.0,3.67,36.67,54.09,5.0,1.67,16.67,24.59,6.0,2.0,20.0,29.5,4.0,1.33,13.33,19.67,5.0,1.67,16.67,24.59,1.0,0.33,3.33,4.92,2.0,0.67,6.67,9.83,2.0,0.67,6.67,9.83,2.0,0.67,6.67,9.83,4.0,1.33,13.33,19.67,0.0,0.0,0.0,0.0,6.0,2.0,20.0,29.5,4.0,1.33,13.33,19.67,2.0,0.67,6.67,9.83,0.0,0.0,0.0,0.0,0.0,0.0,0.0,0.0,2.0,0.67,6.67,9.83,3.0,1.0,10.0,14.75,43.33,23.33,20.0,98.35,6.0,2.0,20.0,7.32,2.44,0.5,0.55,0.67,0.2,1.0,0.25,0.4,0.25,1.0,0.5,0.0,0.0,0.07,10.0,0.18
4,新竹御嵿攻城獅,75|90|5948|10862,高國豪/李啓瑋/克雷格/提傑,2,39,45.0,503.36,8.39,08:23,251.68,4.19,04:12,28.0,14.0,62.22,120.15,12.0,6.0,26.67,51.49,20.0,10.0,44.44,85.82,11.0,5.5,24.44,47.2,14.0,7.0,31.11,60.08,9.0,4.5,20.0,38.62,6.0,3.0,13.33,25.75,2.0,1.0,4.44,8.58,4.0,2.0,8.89,17.16,4.0,2.0,8.89,17.16,4.0,2.0,8.89,17.16,5.0,2.5,11.11,21.46,0.0,0.0,0.0,0.0,6.0,3.0,13.33,25.75,3.0,1.5,6.67,12.87,4.0,2.0,8.89,17.16,2.0,1.0,4.44,8.58,2.0,1.0,4.44,8.58,4.0,2.0,8.89,17.16,4.0,2.0,8.89,17.16,62.22,26.67,35.56,128.73,16.0,8.0,35.56,8.39,4.19,0.6,0.64,0.64,0.33,1.0,0.12,0.36,0.4,1.0,0.6,4.44,4.44,0.09,8.89,0.2
4,新竹御嵿攻城獅,87|90|5948|10862,蔡宸綱/李啓瑋/克雷格/提傑,1,18,20.0,246.31,4.11,04:06,246.31,4.11,04:06,13.0,13.0,65.0,114.0,5.0,5.0,25.0,43.85,9.0,9.0,45.0,78.93,5.0,5.0,25.0,43.85,6.0,6.0,30.0,52.62,4.0,4.0,20.0,35.08,3.0,3.0,15.0,26.31,1.0,1.0,5.0,8.77,2.0,2.0,10.0,17.54,2.0,2.0,10.0,17.54,2.0,2.0,10.0,17.54,2.0,2.0,10.0,17.54,0.0,0.0,0.0,0.0,4.0,4.0,20.0,35.08,1.0,1.0,5.0,8.77,2.0,2.0,10.0,17.54,0.0,0.0,0.0,0.0,0.0,0.0,0.0,0.0,2.0,2.0,10.0,17.54,0.0,0.0,0.0,0.0,65.0,25.0,40.0,116.93,8.0,8.0,40.0,4.11,4.11,0.61,0.66,0.67,0.33,1.0,0.09,0.4,0.33,1.0,0.5,0.0,0.0,0.1,0.0,0.22
4,新北國王,22|28|34|10872,簡祐哲/呂政儒/沃許本/林彥廷,1,5,5.0,78.39,1.31,01:18,78.39,1.31,01:18,3.0,3.0,60.0,82.66,2.0,2.0,40.0,55.11,2.0,2.0,40.0,55.11,1.0,1.0,20.0,27.55,1.0,1.0,20.0,27.55,0.0,0.0,0.0,0.0,1.0,1.0,20.0,27.55,1.0,1.0,20.0,27.55,0.0,0.0,0.0,0.0,0.0,0.0,0.0,0.0,0.0,0.0,0.0,0.0,1.0,1.0,20.0,27.55,0.0,0.0,0.0,0.0,1.0,1.0,20.0,27.55,1.0,1.0,20.0,27.55,1.0,1.0,20.0,27.55,1.0,1.0,20.0,27.55,0.0,0.0,0.0,0.0,0.0,0.0,0.0,0.0,0.0,0.0,0.0,0.0,60.0,40.0,20.0,91.85,1.0,1.0,20.0,1.31,1.31,0.75,0.75,0.0,1.0,,0.33,1.0,0.0,1.0,0.5,20.0,0.0,0.0,0.0,0.0
4,新北國王,22|28|34|10876,簡祐哲/呂政儒/沃許本/尚迪,1,5,5.0,78.39,1.31,01:18,78.39,1.31,01:18,3.0,3.0,60.0,82.66,2.0,2.0,40.0,55.11,2.0,2.0,40.0,55.11,1.0,1.0,20.0,27.55,1.0,1.0,20.0,27.55,0.0,0.0,0.0,0.0,1.0,1.0,20.0,27.55,1.0,1.0,20.0,27.55,0.0,0.0,0.0,0.0,0.0,0.0,0.0,0.0,0.0,0.0,0.0,0.0,1.0,1.0,20.0,27.55,0.0,0.0,0.0,0.0,1.0,1.0,20.0,27.55,1.0,1.0,20.0,27.55,1.0,1.0,20.0,27.55,1.0,1.0,20.0,27.55,0.0,0.0,0.0,0.0,0.0,0.0,0.0,0.0,0.0,0.0,0.0,0.0,60.0,40.0,20.0,91.85,1.0,1.0,20.0,1.31,1.31,0.75,0.75,0.0,1.0,,0.33,1.0,0.0,1.0,0.5,20.0,0.0,0.0,0.0,0.0
4,新北國王,22|28|10872|10876,簡祐哲/呂政儒/林彥廷/尚迪,1,5,5.0,78.39,1.31,01:18,78.39,1.31,01:18,3.0,3.0,60.0,82.66,2.0,2.0,40.0,55.11,2.0,2.0,40.0,55.11,1.0,1.0,20.0,27.55,1.0,1.0,20.0,27.55,0.0,0.0,0.0,0.0,1.0,1.0,20.0,27.55,1.0,1.0,20.0,27.55,0.0,0.0,0.0,0.0,0.0,0.0,0.0,0.0,0.0,0.0,0.0,0.0,1.0,1.0,20.0,27.55,0.0,0.0,0.0,0.0,1.0,1.0,20.0,27.55,1.0,1.0,20.0,27.55,1.0,1.0,20.0,27.55,1.0,1.0,20.0,27.55,0.0,0.0,0.0,0.0,0.0,0.0,0.0,0.0,0.0,0.0,0.0,0.0,60.0,40.0,20.0,91.85,1.0,1.0,20.0,1.31,1.31,0.75,0.75,0.0,1.0,,0.33,1.0,0.0,1.0,0.5,20.0,0.0,0.0,0.0,0.0
4,新北國王,28|34|10872|10876,呂政儒/沃許本/林彥廷/尚迪,1,16,18.0,194.33,3.24,03:14,194.33,3.24,03:14,5.0,5.0,27.78,55.58,11.0,11.0,61.11,122.27,6.0,6.0,33.33,66.69,2.0,2.0,11.11,22.23,3.0,3.0,16.67,33.35,1.0,1.0,5.56,11.12,3.0,3.0,16.67,33.35,1.0,1.0,5.56,11.12,0.0,0.0,0.0,0.0,0.0,0.0,0.0,0.0,0.0,0.0,0.0,0.0,4.0,4.0,22.22,44.46,1.0,1.0,5.56,11.12,1.0,1.0,5.56,11.12,2.0,2.0,11.11,22.23,1.0,1.0,5.56,11.12,2.0,2.0,11.11,22.23,0.0,0.0,0.0,0.0,0.0,0.0,0.0,0.0,4.0,4.0,22.22,44.46,27.78,61.11,-33.33,133.38,-6.0,-6.0,-33.33,3.24,3.24,0.42,0.42,0.33,0.33,,0.25,0.5,0.0,0.8,0.67,11.11,0.0,0.0,22.22,0.0
4,新北國王,21|28|34|10872,李愷諺/呂政儒/沃許本/林彥廷,6,86,99.0,1308.18,21.8,21:48,218.03,3.63,03:38,37.0,6.17,37.37,61.09,48.0,8.0,48.48,79.26,30.0,5.0,30.3,49.53,11.0,1.83,11.11,18.16,17.0,2.83,17.17,28.07,7.0,1.17,7.07,11.56,13.0,2.17,13.13,21.46,4.0,0.67,4.04,6.6,15.0,2.5,15.15,24.77,11.0,1.83,11.11,18.16,1.0,0.17,1.01,1.65,18.0,3.0,18.18,29.72,10.0,1.67,10.1,16.51,17.0,2.83,17.17,28.07,6.0,1.0,6.06,9.91,11.0,1.83,11.11,18.16,4.0,0.67,4.04,6.6,2.0,0.33,2.02,3.3,11.0,1.83,11.11,18.16,9.0,1.5,9.09,14.86,37.37,48.48,-11.11,108.98,-11.0,-1.83,-11.11,21.8,3.63,0.43,0.51,0.41,0.31,0.73,0.14,1.0,0.06,0.64,0.41,4.04,2.02,0.11,9.09,0.5
4,新北國王,21|28|34|10876,李愷諺/呂政儒/沃許本/尚迪,1,16,20.0,189.12,3.15,03:09,189.12,3.15,03:09,6.0,6.0,30.0,68.53,11.0,11.0,55.0,125.64,6.0,6.0,30.0,68.53,3.0,3.0,15.0,34.26,4.0,4.0,20.0,45.69,3.0,3.0,15.0,34.26,2.0,2.0,10.0,22.84,0.0,0.0,0.0,0.0,0.0,0.0,0.0,0.0,0.0,0.0,0.0,0.0,0.0,0.0,0.0,0.0,3.0,3.0,15.0,34.26,1.0,1.0,5.0,11.42,0.0,0.0,0.0,0.0,1.0,1.0,5.0,11.42,1.0,1.0,5.0,11.42,1.0,1.0,5.0,11.42,0.0,0.0,0.0,0.0,0.0,0.0,0.0,0.0,4.0,4.0,20.0,45.69,30.0,55.0,-25.0,152.29,-5.0,-5.0,-25.0,3.15,3.15,0.5,0.5,0.75,0.0,,0.14,0.33,,0.75,0.75,5.0,0.0,0.0,20.0,0.0
4,新北國王,21|28|10872|10876,李愷諺/呂政儒/林彥廷/尚迪,1,11,13.0,115.94,1.93,01:56,115.94,1.93,01:56,2.0,2.0,15.38,37.26,9.0,9.0,69.23,167.68,4.0,4.0,30.77,74.52,1.0,1.0,7.69,18.63,2.0,2.0,15.38,37.26,1.0,1.0,7.69,18.63,2.0,2.0,15.38,37.26,0.0,0.0,0.0,0.0,0.0,0.0,0.0,0.0,0.0,0.0,0.0,0.0,0.0,0.0,0.0,0.0,3.0,3.0,23.08,55.89,1.0,1.0,7.69,18.63,0.0,0.0,0.0,0.0,1.0,1.0,7.69,18.63,0.0,0.0,0.0,0.0,1.0,1.0,7.69,18.63,0.0,0.0,0.0,0.0,0.0,0.0,0.0,0.0,4.0,4.0,30.77,74.52,15.38,69.23,-53.85,161.47,-7.0,-7.0,-53.85,1.93,1.93,0.25,0.25,0.5,0.0,,0.2,0.0,,0.75,0.75,7.69,0.0,0.0,30.77,0.0
4,新竹御嵿攻城獅,75|87|90|10887,高國豪/蔡宸綱/李啓瑋/德魯,2,13,14.0,183.34,3.06,03:03,91.67,1.53,01:32,6.0,3.0,42.86,70.69,13.0,6.5,92.86,153.16,4.0,2.0,28.57,47.13,2.0,1.0,14.29,23.56,1.0,0.5,7.14,11.78,1.0,0.5,7.14,11.78,3.0,1.5,21.43,35.34,1.0,0.5,7.14,11.78,2.0,1.0,14.29,23.56,1.0,0.5,7.14,11.78,0.0,0.0,0.0,0.0,2.0,1.0,14.29,23.56,0.0,0.0,0.0,0.0,1.0,0.5,7.14,11.78,1.0,0.5,7.14,11.78,0.0,0.0,0.0,0.0,0.0,0.0,0.0,0.0,0.0,0.0,0.0,0.0,1.0,0.5,7.14,11.78,4.0,2.0,28.57,47.13,42.86,92.86,-50.0,109.96,-7.0,-3.5,-50.0,3.06,1.53,0.62,0.61,1.0,0.33,0.5,0.17,0.0,0.0,1.0,0.67,0.0,0.0,0.07,28.57,0.5
4,新竹御嵿攻城獅,75|87|5948|10887,高國豪/蔡宸綱/克雷格/德魯,3,30,33.0,418.67,6.98,06:59,139.56,2.33,02:20,18.0,6.0,54.55,92.86,22.0,7.33,66.67,113.5,11.0,3.67,33.33,56.75,6.0,2.0,18.18,30.95,3.0,1.0,9.09,15.48,2.0,0.67,6.06,10.32,8.0,2.67,24.24,41.27,4.0,1.33,12.12,20.64,4.0,1.33,12.12,20.64,2.0,0.67,6.06,10.32,0.0,0.0,0.0,0.0,5.0,1.67,15.15,25.8,1.0,0.33,3.03,5.16,4.0,1.33,12.12,20.64,1.0,0.33,3.03,5.16,3.0,1.0,9.09,15.48,0.0,0.0,0.0,0.0,0.0,0.0,0.0,0.0,2.0,0.67,6.06,10.32,8.0,2.67,24.24,41.27,54.55,66.67,-12.12,113.5,-4.0,-1.33,-12.12,6.98,2.33,0.73,0.71,0.67,0.5,0.5,0.07,0.5,0.0,0.83,0.5,0.0,0.0,0.06,24.24,0.36
4,新竹御嵿攻城獅,75|90|5948|10887,高國豪/李啓瑋/克雷格/德魯,5,25,27.0,358.61,5.98,05:59,71.72,1.2,01:12,13.0,2.6,48.15,78.3,18.0,3.6,66.67,108.42,11.0,2.2,40.74,66.26,5.0,1.0,18.52,30.12,5.0,1.0,18.52,30.12,3.0,0.6,11.11,18.07,6.0,1.2,22.22,36.14,2.0,0.4,7.41,12.05,2.0,0.4,7.41,12.05,1.0,0.2,3.7,6.02,1.0,0.2,3.7,6.02,5.0,1.0,18.52,30.12,0.0,0.0,0.0,0.0,3.0,0.6,11.11,18.07,1.0,0.2,3.7,6.02,1.0,0.2,3.7,6.02,0.0,0.0,0.0,0.0,0.0,0.0,0.0,0.0,1.0,0.2,3.7,6.02,8.0,1.6,29.63,48.19,48.15,66.67,-18.52,108.42,-5.0,-1.0,-18.52,5.98,1.2,0.55,0.55,0.6,0.33,0.5,0.08,0.2,0.25,1.0,0.67,0.0,0.0,0.04,29.63,0.18
4,新竹御嵿攻城獅,87|90|5948|10887,蔡宸綱/李啓瑋/克雷格/德魯,2,33,42.0,485.51,8.09,08:06,242.76,4.05,04:03,19.0,9.5,45.24,84.53,21.0,10.5,50.0,93.43,16.0,8.0,38.1,71.18,7.0,3.5,16.67,31.14,7.0,3.5,16.67,31.14,5.0,2.5,11.9,22.24,9.0,4.5,21.43,40.04,2.0,1.0,4.76,8.9,4.0,2.0,9.52,17.8,3.0,1.5,7.14,13.35,3.0,1.5,7.14,13.35,5.0,2.5,11.9,22.24,2.0,1.0,4.76,8.9,3.0,1.5,7.14,13.35,2.0,1.0,4.76,8.9,1.0,0.5,2.38,4.45,0.0,0.0,0.0,0.0,0.0,0.0,0.0,0.0,5.0,2.5,11.9,22.24,4.0,2.0,9.52,17.8,45.24,50.0,-4.76,124.57,-2.0,-1.0,-4.76,8.09,4.05,0.5,0.53,0.71,0.22,0.75,0.1,0.14,0.5,0.71,0.62,0.0,0.0,0.12,9.52,0.25
4,新竹御嵿攻城獅,87|90|5948|10885,蔡宸綱/李啓瑋/克雷格/劉丞勳,1,13,21.0,245.18,4.09,04:05,245.18,4.09,04:05,13.0,13.0,61.9,114.53,6.0,6.0,28.57,52.86,10.0,10.0,47.62,88.1,5.0,5.0,23.81,44.05,5.0,5.0,23.81,44.05,4.0,4.0,19.05,35.24,5.0,5.0,23.81,44.05,1.0,1.0,4.76,8.81,2.0,2.0,9.52,17.62,2.0,2.0,9.52,17.62,3.0,3.0,14.29,26.43,1.0,1.0,4.76,8.81,2.0,2.0,9.52,17.62,1.0,1.0,4.76,8.81,0.0,0.0,0.0,0.0,1.0,1.0,4.76,8.81,0.0,0.0,0.0,0.0,0.0,0.0,0.0,0.0,4.0,4.0,19.05,35.24,0.0,0.0,0.0,0.0,61.9,28.57,33.33,123.34,7.0,7.0,33.33,4.09,4.09,0.55,0.6,0.8,0.2,1.0,0.0,0.2,0.75,0.33,0.57,0.0,0.0,0.19,0.0,0.2
4,新竹御嵿攻城獅,87|90|10885|10887,蔡宸綱/李啓瑋/劉丞勳/德魯,1,13,21.0,245.18,4.09,04:05,245.18,4.09,04:05,13.0,13.0,61.9,114.53,6.0,6.0,28.57,52.86,10.0,10.0,47.62,88.1,5.0,5.0,23.81,44.05,5.0,5.0,23.81,44.05,4.0,4.0,19.05,35.24,5.0,5.0,23.81,44.05,1.0,1.0,4.76,8.81,2.0,2.0,9.52,17.62,2.0,2.0,9.52,17.62,3.0,3.0,14.29,26.43,1.0,1.0,4.76,8.81,2.0,2.0,9.52,17.62,1.0,1.0,4.76,8.81,0.0,0.0,0.0,0.0,1.0,1.0,4.76,8.81,0.0,0.0,0.0,0.0,0.0,0.0,0.0,0.0,4.0,4.0,19.05,35.24,0.0,0.0,0.0,0.0,61.9,28.57,33.33,123.34,7.0,7.0,33.33,4.09,4.09,0.55,0.6,0.8,0.2,1.0,0.0,0.2,0.75,0.33,0.57,0.0,0.0,0.19,0.0,0.2
4,新竹御嵿攻城獅,87|5948|10885|10887,蔡宸綱/克雷格/劉丞勳/德魯,4,69,82.0,1114.97,18.58,18:35,278.74,4.65,04:39,33.0,8.25,40.24,63.93,40.0,10.0,48.78,77.49,28.0,7.0,34.15,54.24,11.0,2.75,13.41,21.31,17.0,4.25,20.73,32.93,9.0,2.25,10.98,17.44,11.0,2.75,13.41,21.31,2.0,0.5,2.44,3.87,12.0,3.0,14.63,23.25,9.0,2.25,10.98,17.44,5.0,1.25,6.1,9.69,13.0,3.25,15.85,25.18,5.0,1.25,6.1,9.69,12.0,3.0,14.63,23.25,5.0,1.25,6.1,9.69,4.0,1.0,4.88,7.75,3.0,0.75,3.66,5.81,1.0,0.25,1.22,1.94,10.0,2.5,12.2,19.37,13.0,3.25,15.85,25.18,40.24,48.78,-8.54,105.9,-7.0,-1.75,-8.54,18.58,4.65,0.43,0.5,0.53,0.18,0.75,0.13,0.36,0.29,0.72,0.51,3.66,1.22,0.12,15.85,0.43
4,新竹御嵿攻城獅,90|5948|10885|10887,李啓瑋/克雷格/劉丞勳/德魯,1,13,21.0,245.18,4.09,04:05,245.18,4.09,04:05,13.0,13.0,61.9,114.53,6.0,6.0,28.57,52.86,10.0,10.0,47.62,88.1,5.0,5.0,23.81,44.05,5.0,5.0,23.81,44.05,4.0,4.0,19.05,35.24,5.0,5.0,23.81,44.05,1.0,1.0,4.76,8.81,2.0,2.0,9.52,17.62,2.0,2.0,9.52,17.62,3.0,3.0,14.29,26.43,1.0,1.0,4.76,8.81,2.0,2.0,9.52,17.62,1.0,1.0,4.76,8.81,0.0,0.0,0.0,0.0,1.0,1.0,4.76,8.81,0.0,0.0,0.0,0.0,0.0,0.0,0.0,0.0,4.0,4.0,19.05,35.24,0.0,0.0,0.0,0.0,61.9,28.57,33.33,123.34,7.0,7.0,33.33,4.09,4.09,0.55,0.6,0.8,0.2,1.0,0.0,0.2,0.75,0.33,0.57,0.0,0.0,0.19,0.0,0.2
4,新北國王,21|24|25|34,李愷諺/蘇士軒/林金榜/沃許本,1,3,5.0,62.73,1.05,01:03,62.73,1.05,01:03,0.0,0.0,0.0,0.0,5.0,5.0,100.0,172.17,1.0,1.0,20.0,34.43,0.0,0.0,0.0,0.0,1.0,1.0,20.0,34.43,0.0,0.0,0.0,0.0,0.0,0.0,0.0,0.0,0.0,0.0,0.0,0.0,0.0,0.0,0.0,0.0,0.0,0.0,0.0,0.0,1.0,1.0,20.0,34.43,0.0,0.0,0.0,0.0,0.0,0.0,0.0,0.0,0.0,0.0,0.0,0.0,1.0,1.0,20.0,34.43,0.0,0.0,0.0,0.0,0.0,0.0,0.0,0.0,0.0,0.0,0.0,0.0,0.0,0.0,0.0,0.0,1.0,1.0,20.0,34.43,0.0,100.0,-100.0,114.78,-5.0,-5.0,-100.0,1.05,1.05,0.0,0.0,0.0,,,0.5,,1.0,,1.0,0.0,0.0,0.0,20.0,0.0
4,新北國王,21|24|25|10875,李愷諺/蘇士軒/林金榜/傑登,1,4,8.0,73.85,1.23,01:14,73.85,1.23,01:14,0.0,0.0,0.0,0.0,8.0,8.0,100.0,233.99,1.0,1.0,12.5,29.25,0.0,0.0,0.0,0.0,1.0,1.0,12.5,29.25,0.0,0.0,0.0,0.0,0.0,0.0,0.0,0.0,0.0,0.0,0.0,0.0,0.0,0.0,0.0,0.0,0.0,0.0,0.0,0.0,1.0,1.0,12.5,29.25,0.0,0.0,0.0,0.0,0.0,0.0,0.0,0.0,0.0,0.0,0.0,0.0,2.0,2.0,25.0,58.5,0.0,0.0,0.0,0.0,1.0,1.0,12.5,29.25,0.0,0.0,0.0,0.0,1.0,1.0,12.5,29.25,2.0,2.0,25.0,58.5,0.0,100.0,-100.0,156.0,-8.0,-8.0,-100.0,1.23,1.23,0.0,0.0,0.0,,,0.67,,1.0,,1.0,12.5,0.0,0.12,25.0,0.0
4,新北國王,24|25|34|10875,蘇士軒/林金榜/沃許本/傑登,1,3,5.0,62.73,1.05,01:03,62.73,1.05,01:03,0.0,0.0,0.0,0.0,5.0,5.0,100.0,172.17,1.0,1.0,20.0,34.43,0.0,0.0,0.0,0.0,1.0,1.0,20.0,34.43,0.0,0.0,0.0,0.0,0.0,0.0,0.0,0.0,0.0,0.0,0.0,0.0,0.0,0.0,0.0,0.0,0.0,0.0,0.0,0.0,1.0,1.0,20.0,34.43,0.0,0.0,0.0,0.0,0.0,0.0,0.0,0.0,0.0,0.0,0.0,0.0,1.0,1.0,20.0,34.43,0.0,0.0,0.0,0.0,0.0,0.0,0.0,0.0,0.0,0.0,0.0,0.0,0.0,0.0,0.0,0.0,1.0,1.0,20.0,34.43,0.0,100.0,-100.0,114.78,-5.0,-5.0,-100.0,1.05,1.05,0.0,0.0,0.0,,,0.5,,1.0,,1.0,0.0,0.0,0.0,20.0,0.0
4,新北國王,21|24|25|10876,李愷諺/蘇士軒/林金榜/尚迪,1,5,11.0,91.12,1.52,01:31,91.12,1.52,01:31,0.0,0.0,0.0,0.0,3.0,3.0,27.27,71.12,2.0,2.0,18.18,47.41,0.0,0.0,0.0,0.0,1.0,1.0,9.09,23.71,0.0,0.0,0.0,0.0,1.0,1.0,9.09,23.71,0.0,0.0,0.0,0.0,0.0,0.0,0.0,0.0,0.0,0.0,0.0,0.0,1.0,1.0,9.09,23.71,1.0,1.0,9.09,23.71,3.0,3.0,27.27,71.12,1.0,1.0,9.09,23.71,2.0,2.0,18.18,47.41,0.0,0.0,0.0,0.0,1.0,1.0,9.09,23.71,0.0,0.0,0.0,0.0,2.0,2.0,18.18,47.41,1.0,1.0,9.09,23.71,0.0,27.27,-27.27,173.84,-3.0,-3.0,-27.27,1.52,1.52,0.0,0.0,0.0,0.0,,0.5,,0.5,0.25,0.33,9.09,0.0,0.18,9.09,0.0
4,新北國王,24|25|10875|10876,蘇士軒/林金榜/傑登/尚迪,1,1,3.0,11.12,0.19,00:11,11.12,0.19,00:11,0.0,0.0,0.0,0.0,3.0,3.0,100.0,582.73,0.0,0.0,0.0,0.0,0.0,0.0,0.0,0.0,0.0,0.0,0.0,0.0,0.0,0.0,0.0,0.0,0.0,0.0,0.0,0.0,0.0,0.0,0.0,0.0,0.0,0.0,0.0,0.0,0.0,0.0,0.0,0.0,0.0,0.0,0.0,0.0,0.0,0.0,0.0,0.0,0.0,0.0,0.0,0.0,0.0,0.0,0.0,0.0,1.0,1.0,33.33,194.24,0.0,0.0,0.0,0.0,1.0,1.0,33.33,194.24,0.0,0.0,0.0,0.0,1.0,1.0,33.33,194.24,1.0,1.0,33.33,194.24,0.0,100.0,-100.0,388.49,-3.0,-3.0,-100.0,0.19,0.19,,,,,,1.0,,,,,33.33,0.0,0.33,33.33,
4,新竹御嵿攻城獅,82|87|5948|10885,蕭順議/蔡宸綱/克雷格/劉丞勳,1,4,4.0,56.15,0.94,00:56,56.15,0.94,00:56,0.0,0.0,0.0,0.0,3.0,3.0,75.0,115.4,0.0,0.0,0.0,0.0,0.0,0.0,0.0,0.0,0.0,0.0,0.0,0.0,0.0,0.0,0.0,0.0,0.0,0.0,0.0,0.0,0.0,0.0,0.0,0.0,0.0,0.0,0.0,0.0,0.0,0.0,0.0,0.0,0.0,0.0,0.0,0.0,0.0,0.0,0.0,0.0,0.0,0.0,0.0,0.0,0.0,0.0,0.0,0.0,2.0,2.0,50.0,76.93,0.0,0.0,0.0,0.0,1.0,1.0,25.0,38.47,0.0,0.0,0.0,0.0,0.0,0.0,0.0,0.0,1.0,1.0,25.0,38.47,0.0,75.0,-75.0,102.58,-3.0,-3.0,-75.0,0.94,0.94,,,,,,1.0,,,,,25.0,0.0,0.0,25.0,
4,新竹御嵿攻城獅,82|87|5948|10887,蕭順議/蔡宸綱/克雷格/德魯,1,4,4.0,56.15,0.94,00:56,56.15,0.94,00:56,0.0,0.0,0.0,0.0,3.0,3.0,75.0,115.4,0.0,0.0,0.0,0.0,0.0,0.0,0.0,0.0,0.0,0.0,0.0,0.0,0.0,0.0,0.0,0.0,0.0,0.0,0.0,0.0,0.0,0.0,0.0,0.0,0.0,0.0,0.0,0.0,0.0,0.0,0.0,0.0,0.0,0.0,0.0,0.0,0.0,0.0,0.0,0.0,0.0,0.0,0.0,0.0,0.0,0.0,0.0,0.0,2.0,2.0,50.0,76.93,0.0,0.0,0.0,0.0,1.0,1.0,25.0,38.47,0.0,0.0,0.0,0.0,0.0,0.0,0.0,0.0,1.0,1.0,25.0,38.47,0.0,75.0,-75.0,102.58,-3.0,-3.0,-75.0,0.94,0.94,,,,,,1.0,,,,,25.0,0.0,0.0,25.0,
4,新竹御嵿攻城獅,82|5948|10885|10887,蕭順議/克雷格/劉丞勳/德魯,4,146,176.0,2943.32,49.06,49:03,735.83,12.26,12:16,70.0,17.5,39.77,51.37,70.0,17.5,39.77,51.37,54.0,13.5,30.68,39.63,24.0,6.0,13.64,17.61,32.0,8.0,18.18,23.48,19.0,4.75,10.8,13.94,22.0,5.5,12.5,16.15,5.0,1.25,2.84,3.67,22.0,5.5,12.5,16.15,17.0,4.25,9.66,12.48,7.0,1.75,3.98,5.14,22.0,5.5,12.5,16.15,12.0,3.0,6.82,8.81,21.0,5.25,11.93,15.41,17.0,4.25,9.66,12.48,16.0,4.0,9.09,11.74,7.0,1.75,3.98,5.14,2.0,0.5,1.14,1.47,22.0,5.5,12.5,16.15,21.0,5.25,11.93,15.41,39.77,39.77,0.0,86.11,0.0,0.0,0.0,49.06,12.26,0.49,0.55,0.59,0.23,0.77,0.21,0.67,0.25,0.65,0.47,3.98,1.14,0.12,11.93,0.41
4,新竹御嵿攻城獅,76|82|5948|10885,曾柏喻/蕭順議/克雷格/劉丞勳,2,13,20.0,218.0,3.63,03:38,109.0,1.82,01:49,6.0,3.0,30.0,59.45,4.0,2.0,20.0,39.63,6.0,3.0,30.0,59.45,1.0,0.5,5.0,9.91,3.0,1.5,15.0,29.72,0.0,0.0,0.0,0.0,3.0,1.5,15.0,29.72,1.0,0.5,5.0,9.91,4.0,2.0,20.0,39.63,3.0,1.5,15.0,29.72,3.0,1.5,15.0,29.72,3.0,1.5,15.0,29.72,4.0,2.0,20.0,39.63,4.0,2.0,20.0,39.63,1.0,0.5,5.0,9.91,1.0,0.5,5.0,9.91,0.0,0.0,0.0,0.0,0.0,0.0,0.0,0.0,3.0,1.5,15.0,29.72,4.0,2.0,20.0,39.63,30.0,20.0,10.0,132.11,2.0,1.0,10.0,3.63,1.82,0.25,0.39,0.0,0.33,0.75,0.11,1.0,0.43,0.43,0.43,0.0,0.0,0.15,20.0,0.67
4,新竹御嵿攻城獅,76|82|5948|10887,曾柏喻/蕭順議/克雷格/德魯,2,13,20.0,187.16,3.12,03:07,93.58,1.56,01:34,7.0,3.5,35.0,80.79,4.0,2.0,20.0,46.16,6.0,3.0,30.0,69.25,2.0,1.0,10.0,23.08,4.0,2.0,20.0,46.16,2.0,1.0,10.0,23.08,2.0,1.0,10.0,23.08,0.0,0.0,0.0,0.0,6.0,3.0,30.0,69.25,3.0,1.5,15.0,34.62,2.0,1.0,10.0,23.08,3.0,1.5,15.0,34.62,3.0,1.5,15.0,34.62,2.0,1.0,10.0,23.08,0.0,0.0,0.0,0.0,2.0,1.0,10.0,23.08,0.0,0.0,0.0,0.0,0.0,0.0,0.0,0.0,4.0,2.0,20.0,46.16,6.0,3.0,30.0,69.25,35.0,20.0,15.0,153.88,3.0,1.5,15.0,3.12,1.56,0.33,0.41,0.5,0.0,0.5,0.0,1.0,0.5,0.5,0.5,0.0,0.0,0.2,30.0,1.0
4,新竹御嵿攻城獅,76|5948|10885|10887,曾柏喻/克雷格/劉丞勳/德魯,2,16,20.0,242.0,4.03,04:02,121.0,2.02,02:01,5.0,2.5,25.0,44.63,6.0,3.0,30.0,53.55,6.0,3.0,30.0,53.55,1.0,0.5,5.0,8.93,5.0,2.5,25.0,44.63,1.0,0.5,5.0,8.93,1.0,0.5,5.0,8.93,0.0,0.0,0.0,0.0,4.0,2.0,20.0,35.7,3.0,1.5,15.0,26.78,1.0,0.5,5.0,8.93,5.0,2.5,25.0,44.63,3.0,1.5,15.0,26.78,6.0,3.0,30.0,53.55,0.0,0.0,0.0,0.0,1.0,0.5,5.0,8.93,0.0,0.0,0.0,0.0,1.0,0.5,5.0,8.93,3.0,1.5,15.0,26.78,6.0,3.0,30.0,53.55,25.0,30.0,-5.0,119.01,-1.0,-0.5,-5.0,4.03,2.02,0.17,0.32,0.2,0.0,0.75,0.0,1.0,0.14,0.62,0.4,0.0,5.0,0.15,30.0,0.67
4,新北國王,21|25|10872|10874,李愷諺/林金榜/林彥廷/熊祥泰,1,2,2.0,35.0,0.58,00:35,35.0,0.58,00:35,0.0,0.0,0.0,0.0,0.0,0.0,0.0,0.0,1.0,1.0,50.0,61.71,0.0,0.0,0.0,0.0,1.0,1.0,50.0,61.71,0.0,0.0,0.0,0.0,0.0,0.0,0.0,0.0,0.0,0.0,0.0,0.0,0.0,0.0,0.0,0.0,0.0,0.0,0.0,0.0,0.0,0.0,0.0,0.0,1.0,1.0,50.0,61.71,0.0,0.0,0.0,0.0,1.0,1.0,50.0,61.71,0.0,0.0,0.0,0.0,0.0,0.0,0.0,0.0,0.0,0.0,0.0,0.0,0.0,0.0,0.0,0.0,0.0,0.0,0.0,0.0,0.0,0.0,0.0,0.0,0.0,0.0,0.0,82.29,0.0,0.0,0.0,0.58,0.58,0.0,0.0,0.0,,,0.0,,0.0,1.0,0.5,0.0,0.0,0.0,0.0,0.0
4,新北國王,21|25|10874|10875,李愷諺/林金榜/熊祥泰/傑登,1,15,15.0,274.3,4.57,04:34,274.3,4.57,04:34,6.0,6.0,40.0,47.25,12.0,12.0,80.0,94.49,5.0,5.0,33.33,39.37,2.0,2.0,13.33,15.75,2.0,2.0,13.33,15.75,1.0,1.0,6.67,7.87,3.0,3.0,20.0,23.62,1.0,1.0,6.67,7.87,3.0,3.0,20.0,23.62,1.0,1.0,6.67,7.87,0.0,0.0,0.0,0.0,3.0,3.0,20.0,23.62,0.0,0.0,0.0,0.0,3.0,3.0,20.0,23.62,2.0,2.0,13.33,15.75,1.0,1.0,6.67,7.87,2.0,2.0,13.33,15.75,0.0,0.0,0.0,0.0,2.0,2.0,13.33,15.75,0.0,0.0,0.0,0.0,40.0,80.0,-40.0,78.75,-6.0,-6.0,-40.0,4.57,4.57,0.5,0.47,0.5,0.33,0.33,0.24,0.5,0.0,1.0,0.5,13.33,0.0,0.13,0.0,0.6
4,新北國王,21|25|10874|10876,李愷諺/林金榜/熊祥泰/尚迪,1,13,13.0,239.3,3.99,03:59,239.3,3.99,03:59,6.0,6.0,46.15,54.16,12.0,12.0,92.31,108.31,4.0,4.0,30.77,36.1,2.0,2.0,15.38,18.05,1.0,1.0,7.69,9.03,1.0,1.0,7.69,9.03,3.0,3.0,23.08,27.08,1.0,1.0,7.69,9.03,3.0,3.0,23.08,27.08,1.0,1.0,7.69,9.03,0.0,0.0,0.0,0.0,2.0,2.0,15.38,18.05,0.0,0.0,0.0,0.0,2.0,2.0,15.38,18.05,2.0,2.0,15.38,18.05,1.0,1.0,7.69,9.03,2.0,2.0,15.38,18.05,0.0,0.0,0.0,0.0,2.0,2.0,15.38,18.05,0.0,0.0,0.0,0.0,46.15,92.31,-46.15,78.23,-6.0,-6.0,-46.15,3.99,3.99,0.62,0.56,1.0,0.33,0.33,0.27,0.5,0.0,1.0,0.5,15.38,0.0,0.15,0.0,0.75
4,新北國王,25|10874|10875|10876,林金榜/熊祥泰/傑登/尚迪,1,13,13.0,239.3,3.99,03:59,239.3,3.99,03:59,6.0,6.0,46.15,54.16,12.0,12.0,92.31,108.31,4.0,4.0,30.77,36.1,2.0,2.0,15.38,18.05,1.0,1.0,7.69,9.03,1.0,1.0,7.69,9.03,3.0,3.0,23.08,27.08,1.0,1.0,7.69,9.03,3.0,3.0,23.08,27.08,1.0,1.0,7.69,9.03,0.0,0.0,0.0,0.0,2.0,2.0,15.38,18.05,0.0,0.0,0.0,0.0,2.0,2.0,15.38,18.05,2.0,2.0,15.38,18.05,1.0,1.0,7.69,9.03,2.0,2.0,15.38,18.05,0.0,0.0,0.0,0.0,2.0,2.0,15.38,18.05,0.0,0.0,0.0,0.0,46.15,92.31,-46.15,78.23,-6.0,-6.0,-46.15,3.99,3.99,0.62,0.56,1.0,0.33,0.33,0.27,0.5,0.0,1.0,0.5,15.38,0.0,0.15,0.0,0.75
4,新北國王,21|22|25|10876,李愷諺/簡祐哲/林金榜/尚迪,2,59,67.0,854.59,14.24,14:15,427.3,7.12,07:07,27.0,13.5,40.3,68.24,34.0,17.0,50.75,85.94,21.0,10.5,31.34,53.08,8.0,4.0,11.94,20.22,10.0,5.0,14.93,25.28,5.0,2.5,7.46,12.64,11.0,5.5,16.42,27.8,3.0,1.5,4.48,7.58,9.0,4.5,13.43,22.75,8.0,4.0,11.94,20.22,4.0,2.0,5.97,10.11,11.0,5.5,16.42,27.8,4.0,2.0,5.97,10.11,10.0,5.0,14.93,25.28,9.0,4.5,13.43,22.75,5.0,2.5,7.46,12.64,5.0,2.5,7.46,12.64,1.0,0.5,1.49,2.53,7.0,3.5,10.45,17.69,8.0,4.0,11.94,20.22,40.3,50.75,-10.45,112.9,-7.0,-3.5,-10.45,14.24,7.12,0.45,0.54,0.5,0.27,0.89,0.27,0.62,0.29,0.73,0.52,7.46,1.49,0.1,11.94,0.43
4,新北國王,22|25|10875|10876,簡祐哲/林金榜/傑登/尚迪,2,29,29.0,355.36,5.92,05:55,177.68,2.96,02:58,10.0,5.0,34.48,60.78,16.0,8.0,55.17,97.25,11.0,5.5,37.93,66.86,3.0,1.5,10.34,18.23,5.0,2.5,17.24,30.39,1.0,0.5,3.45,6.08,6.0,3.0,20.69,36.47,2.0,1.0,6.9,12.16,2.0,1.0,6.9,12.16,2.0,1.0,6.9,12.16,0.0,0.0,0.0,0.0,8.0,4.0,27.59,48.63,0.0,0.0,0.0,0.0,6.0,3.0,20.69,36.47,3.0,1.5,10.34,18.23,2.0,1.0,6.9,12.16,2.0,1.0,6.9,12.16,1.0,0.5,3.45,6.08,1.0,0.5,3.45,6.08,6.0,3.0,20.69,36.47,34.48,55.17,-20.69,117.51,-6.0,-3.0,-20.69,5.92,2.96,0.36,0.42,0.2,0.33,1.0,0.2,0.67,0.0,1.0,0.57,6.9,3.45,0.03,20.69,0.18
4,新北國王,21|22|24|25,李愷諺/簡祐哲/蘇士軒/林金榜,1,4,8.0,80.0,1.33,01:20,80.0,1.33,01:20,0.0,0.0,0.0,0.0,0.0,0.0,0.0,0.0,2.0,2.0,25.0,54.0,0.0,0.0,0.0,0.0,1.0,1.0,12.5,27.0,0.0,0.0,0.0,0.0,1.0,1.0,12.5,27.0,0.0,0.0,0.0,0.0,0.0,0.0,0.0,0.0,0.0,0.0,0.0,0.0,1.0,1.0,12.5,27.0,1.0,1.0,12.5,27.0,3.0,3.0,37.5,81.0,1.0,1.0,12.5,27.0,1.0,1.0,12.5,27.0,0.0,0.0,0.0,0.0,0.0,0.0,0.0,0.0,0.0,0.0,0.0,0.0,1.0,1.0,12.5,27.0,0.0,0.0,0.0,0.0,0.0,0.0,0.0,144.0,0.0,0.0,0.0,1.33,1.33,0.0,0.0,0.0,0.0,,0.33,,0.5,0.25,0.33,0.0,0.0,0.12,0.0,0.0
4,新北國王,21|22|24|10876,李愷諺/簡祐哲/蘇士軒/尚迪,2,12,17.0,226.42,3.77,03:46,113.21,1.89,01:53,7.0,3.5,41.18,66.78,6.0,3.0,35.29,57.24,6.0,3.0,35.29,57.24,3.0,1.5,17.65,28.62,4.0,2.0,23.53,38.16,2.0,1.0,11.76,19.08,2.0,1.0,11.76,19.08,1.0,0.5,5.88,9.54,0.0,0.0,0.0,0.0,0.0,0.0,0.0,0.0,1.0,0.5,5.88,9.54,2.0,1.0,11.76,19.08,4.0,2.0,23.53,38.16,2.0,1.0,11.76,19.08,1.0,0.5,5.88,9.54,1.0,0.5,5.88,9.54,0.0,0.0,0.0,0.0,0.0,0.0,0.0,0.0,2.0,1.0,11.76,19.08,4.0,2.0,23.53,38.16,41.18,35.29,5.88,108.12,1.0,0.5,5.88,3.77,1.89,0.58,0.58,0.5,0.5,,0.14,0.33,0.33,0.33,0.33,0.0,0.0,0.12,23.53,0.0
4,新北國王,22|24|25|10876,簡祐哲/蘇士軒/林金榜/尚迪,1,4,8.0,80.0,1.33,01:20,80.0,1.33,01:20,0.0,0.0,0.0,0.0,0.0,0.0,0.0,0.0,2.0,2.0,25.0,54.0,0.0,0.0,0.0,0.0,1.0,1.0,12.5,27.0,0.0,0.0,0.0,0.0,1.0,1.0,12.5,27.0,0.0,0.0,0.0,0.0,0.0,0.0,0.0,0.0,0.0,0.0,0.0,0.0,1.0,1.0,12.5,27.0,1.0,1.0,12.5,27.0,3.0,3.0,37.5,81.0,1.0,1.0,12.5,27.0,1.0,1.0,12.5,27.0,0.0,0.0,0.0,0.0,0.0,0.0,0.0,0.0,0.0,0.0,0.0,0.0,1.0,1.0,12.5,27.0,0.0,0.0,0.0,0.0,0.0,0.0,0.0,144.0,0.0,0.0,0.0,1.33,1.33,0.0,0.0,0.0,0.0,,0.33,,0.5,0.25,0.33,0.0,0.0,0.12,0.0,0.0
4,新竹御嵿攻城獅,75|76|82|5948,高國豪/曾柏喻/蕭順議/克雷格,5,37,45.0,573.42,9.56,09:33,114.68,1.91,01:55,22.0,4.4,48.89,82.87,11.0,2.2,24.44,41.44,18.0,3.6,40.0,67.8,9.0,1.8,20.0,33.9,12.0,2.4,26.67,45.2,8.0,1.6,17.78,30.14,6.0,1.2,13.33,22.6,1.0,0.2,2.22,3.77,7.0,1.4,15.56,26.37,3.0,0.6,6.67,11.3,2.0,0.4,4.44,7.53,8.0,1.6,17.78,30.14,3.0,0.6,6.67,11.3,6.0,1.2,13.33,22.6,1.0,0.2,2.22,3.77,5.0,1.0,11.11,18.83,0.0,0.0,0.0,0.0,0.0,0.0,0.0,0.0,4.0,0.8,8.89,15.07,4.0,0.8,8.89,15.07,48.89,24.44,24.44,113.01,11.0,2.2,24.44,9.56,1.91,0.53,0.52,0.67,0.17,0.43,0.05,0.56,0.25,0.73,0.53,0.0,0.0,0.09,8.89,0.39
4,新竹御嵿攻城獅,75|76|5948|10887,高國豪/曾柏喻/克雷格/德魯,4,29,35.0,397.77,6.63,06:38,99.44,1.66,01:39,22.0,5.5,62.86,119.47,14.0,3.5,40.0,76.02,14.0,3.5,40.0,76.02,8.0,2.0,22.86,43.44,6.0,1.5,17.14,32.58,4.0,1.0,11.43,21.72,8.0,2.0,22.86,43.44,4.0,1.0,11.43,21.72,6.0,1.5,17.14,32.58,2.0,0.5,5.71,10.86,2.0,0.5,5.71,10.86,5.0,1.25,14.29,27.15,1.0,0.25,2.86,5.43,3.0,0.75,8.57,16.29,0.0,0.0,0.0,0.0,6.0,1.5,17.14,32.58,0.0,0.0,0.0,0.0,0.0,0.0,0.0,0.0,3.0,0.75,8.57,16.29,8.0,2.0,22.86,43.44,62.86,40.0,22.86,126.71,8.0,2.0,22.86,6.63,1.66,0.71,0.66,0.67,0.5,0.33,0.0,0.75,0.4,0.83,0.64,0.0,0.0,0.09,22.86,0.43
4,新竹御嵿攻城獅,75|82|5948|10887,高國豪/蕭順議/克雷格/德魯,3,62,76.0,916.02,15.27,15:16,305.34,5.09,05:05,39.0,13.0,51.32,91.96,25.0,8.33,32.89,58.95,33.0,11.0,43.42,77.81,17.0,5.67,22.37,40.09,22.0,7.33,28.95,51.88,15.0,5.0,19.74,35.37,11.0,3.67,14.47,25.94,2.0,0.67,2.63,4.72,6.0,2.0,7.89,14.15,3.0,1.0,3.95,7.07,5.0,1.67,6.58,11.79,11.0,3.67,14.47,25.94,4.0,1.33,5.26,9.43,9.0,3.0,11.84,21.22,1.0,0.33,1.32,2.36,11.0,3.67,14.47,25.94,0.0,0.0,0.0,0.0,0.0,0.0,0.0,0.0,6.0,2.0,7.89,14.15,15.0,5.0,19.74,35.37,51.32,32.89,18.42,119.47,14.0,4.67,18.42,15.27,5.09,0.55,0.55,0.68,0.18,0.5,0.03,0.65,0.36,0.73,0.55,0.0,0.0,0.08,19.74,0.18
4,新竹御嵿攻城獅,75|82|5948|10885,高國豪/蕭順議/克雷格/劉丞勳,2,41,48.0,596.64,9.94,09:57,298.32,4.97,04:58,29.0,14.5,60.42,104.99,18.0,9.0,37.5,65.16,23.0,11.5,47.92,83.27,13.0,6.5,27.08,47.06,13.0,6.5,27.08,47.06,10.0,5.0,20.83,36.2,10.0,5.0,20.83,36.2,3.0,1.5,6.25,10.86,0.0,0.0,0.0,0.0,0.0,0.0,0.0,0.0,3.0,1.5,6.25,10.86,6.0,3.0,12.5,21.72,1.0,0.5,2.08,3.62,6.0,3.0,12.5,21.72,1.0,0.5,2.08,3.62,9.0,4.5,18.75,32.58,0.0,0.0,0.0,0.0,0.0,0.0,0.0,0.0,2.0,1.0,4.17,7.24,9.0,4.5,18.75,32.58,60.42,37.5,22.92,115.85,11.0,5.5,22.92,9.94,4.97,0.63,0.63,0.77,0.3,,0.04,0.69,0.33,0.86,0.56,0.0,0.0,0.04,18.75,0.0
4,新竹御嵿攻城獅,75|5948|10885|10887,高國豪/克雷格/劉丞勳/德魯,3,46,54.0,734.06,12.23,12:14,244.69,4.08,04:05,34.0,11.33,62.96,100.05,21.0,7.0,38.89,61.79,25.0,8.33,46.3,73.56,16.0,5.33,29.63,47.08,18.0,6.0,33.33,52.97,14.0,4.67,25.93,41.2,7.0,2.33,12.96,20.6,2.0,0.67,3.7,5.89,0.0,0.0,0.0,0.0,0.0,0.0,0.0,0.0,2.0,0.67,3.7,5.89,6.0,2.0,11.11,17.66,3.0,1.0,5.56,8.83,8.0,2.67,14.81,23.54,1.0,0.33,1.85,2.94,8.0,2.67,14.81,23.54,0.0,0.0,0.0,0.0,0.0,0.0,0.0,0.0,3.0,1.0,5.56,8.83,11.0,3.67,20.37,32.37,62.96,38.89,24.07,105.93,13.0,4.33,24.07,12.23,4.08,0.68,0.68,0.78,0.29,,0.04,0.5,0.2,0.67,0.42,0.0,0.0,0.06,20.37,0.0
4,新竹御嵿攻城獅,75|87|5948|10885,高國豪/蔡宸綱/克雷格/劉丞勳,1,4,4.0,34.76,0.58,00:35,34.76,0.58,00:35,0.0,0.0,0.0,0.0,2.0,2.0,50.0,124.28,1.0,1.0,25.0,62.14,0.0,0.0,0.0,0.0,0.0,0.0,0.0,0.0,0.0,0.0,0.0,0.0,1.0,1.0,25.0,62.14,0.0,0.0,0.0,0.0,0.0,0.0,0.0,0.0,0.0,0.0,0.0,0.0,0.0,0.0,0.0,0.0,1.0,1.0,25.0,62.14,0.0,0.0,0.0,0.0,1.0,1.0,25.0,62.14,1.0,1.0,25.0,62.14,0.0,0.0,0.0,0.0,0.0,0.0,0.0,0.0,0.0,0.0,0.0,0.0,0.0,0.0,0.0,0.0,3.0,3.0,75.0,186.42,0.0,50.0,-50.0,165.7,-2.0,-2.0,-50.0,0.58,0.58,0.0,0.0,,0.0,,0.5,,0.0,1.0,0.5,0.0,0.0,0.0,75.0,0.0
4,新竹御嵿攻城獅,75|5948|10862|10885,高國豪/克雷格/提傑/劉丞勳,3,35,38.0,453.24,7.55,07:33,151.08,2.52,02:31,17.0,5.67,44.74,81.02,28.0,9.33,73.68,133.44,12.0,4.0,31.58,57.19,5.0,1.67,13.16,23.83,4.0,1.33,10.53,19.06,2.0,0.67,5.26,9.53,8.0,2.67,21.05,38.13,3.0,1.0,7.89,14.3,5.0,1.67,13.16,23.83,4.0,1.33,10.53,19.06,3.0,1.0,7.89,14.3,4.0,1.33,10.53,19.06,0.0,0.0,0.0,0.0,4.0,1.33,10.53,19.06,6.0,2.0,15.79,28.59,3.0,1.0,7.89,14.3,5.0,1.67,13.16,23.83,0.0,0.0,0.0,0.0,3.0,1.0,7.89,14.3,8.0,2.67,21.05,38.13,44.74,73.68,-28.95,120.73,-11.0,-3.67,-28.95,7.55,2.52,0.54,0.6,0.5,0.38,0.8,0.3,0.6,0.43,1.0,0.64,13.16,0.0,0.08,21.05,0.42
4,新竹御嵿攻城獅,87|5948|10862|10885,蔡宸綱/克雷格/提傑/劉丞勳,4,67,86.0,1135.58,18.93,18:56,283.9,4.73,04:44,20.0,5.0,23.26,38.04,30.0,7.5,34.88,57.06,34.0,8.5,39.53,64.67,8.0,2.0,9.3,15.22,17.0,4.25,19.77,32.34,6.0,1.5,6.98,11.41,17.0,4.25,19.77,32.34,2.0,0.5,2.33,3.8,4.0,1.0,4.65,7.61,2.0,0.5,2.33,3.8,6.0,1.5,6.98,11.41,20.0,5.0,23.26,38.04,8.0,2.0,9.3,15.22,13.0,3.25,15.12,24.73,5.0,1.25,5.81,9.51,6.0,1.5,6.98,11.41,2.0,0.5,2.33,3.8,1.0,0.25,1.16,1.9,7.0,1.75,8.14,13.31,12.0,3.0,13.95,22.83,23.26,34.88,-11.63,109.05,-10.0,-2.5,-11.63,18.93,4.73,0.26,0.28,0.35,0.12,0.5,0.12,0.75,0.32,0.71,0.55,2.33,1.16,0.08,13.95,0.12
4,新竹御嵿攻城獅,75|84|5948|10862,高國豪/李家瑞/克雷格/提傑,1,9,9.0,147.0,2.45,02:27,147.0,2.45,02:27,5.0,5.0,55.56,73.47,7.0,7.0,77.78,102.86,2.0,2.0,22.22,29.39,2.0,2.0,22.22,29.39,1.0,1.0,11.11,14.69,1.0,1.0,11.11,14.69,1.0,1.0,11.11,14.69,1.0,1.0,11.11,14.69,0.0,0.0,0.0,0.0,0.0,0.0,0.0,0.0,0.0,0.0,0.0,0.0,0.0,0.0,0.0,0.0,0.0,0.0,0.0,0.0,2.0,2.0,22.22,29.39,2.0,2.0,22.22,29.39,1.0,1.0,11.11,14.69,2.0,2.0,22.22,29.39,0.0,0.0,0.0,0.0,0.0,0.0,0.0,0.0,0.0,0.0,0.0,0.0,55.56,77.78,-22.22,88.16,-2.0,-2.0,-22.22,2.45,2.45,1.25,1.25,1.0,1.0,,0.5,0.5,0.0,,0.0,22.22,0.0,0.0,0.0,0.0
4,新竹御嵿攻城獅,75|84|5948|10885,高國豪/李家瑞/克雷格/劉丞勳,1,9,9.0,147.0,2.45,02:27,147.0,2.45,02:27,5.0,5.0,55.56,73.47,7.0,7.0,77.78,102.86,2.0,2.0,22.22,29.39,2.0,2.0,22.22,29.39,1.0,1.0,11.11,14.69,1.0,1.0,11.11,14.69,1.0,1.0,11.11,14.69,1.0,1.0,11.11,14.69,0.0,0.0,0.0,0.0,0.0,0.0,0.0,0.0,0.0,0.0,0.0,0.0,0.0,0.0,0.0,0.0,0.0,0.0,0.0,0.0,2.0,2.0,22.22,29.39,2.0,2.0,22.22,29.39,1.0,1.0,11.11,14.69,2.0,2.0,22.22,29.39,0.0,0.0,0.0,0.0,0.0,0.0,0.0,0.0,0.0,0.0,0.0,0.0,55.56,77.78,-22.22,88.16,-2.0,-2.0,-22.22,2.45,2.45,1.25,1.25,1.0,1.0,,0.5,0.5,0.0,,0.0,22.22,0.0,0.0,0.0,0.0
4,新竹御嵿攻城獅,75|84|10862|10885,高國豪/李家瑞/提傑/劉丞勳,1,9,9.0,147.0,2.45,02:27,147.0,2.45,02:27,5.0,5.0,55.56,73.47,7.0,7.0,77.78,102.86,2.0,2.0,22.22,29.39,2.0,2.0,22.22,29.39,1.0,1.0,11.11,14.69,1.0,1.0,11.11,14.69,1.0,1.0,11.11,14.69,1.0,1.0,11.11,14.69,0.0,0.0,0.0,0.0,0.0,0.0,0.0,0.0,0.0,0.0,0.0,0.0,0.0,0.0,0.0,0.0,0.0,0.0,0.0,0.0,2.0,2.0,22.22,29.39,2.0,2.0,22.22,29.39,1.0,1.0,11.11,14.69,2.0,2.0,22.22,29.39,0.0,0.0,0.0,0.0,0.0,0.0,0.0,0.0,0.0,0.0,0.0,0.0,55.56,77.78,-22.22,88.16,-2.0,-2.0,-22.22,2.45,2.45,1.25,1.25,1.0,1.0,,0.5,0.5,0.0,,0.0,22.22,0.0,0.0,0.0,0.0
4,新竹御嵿攻城獅,84|5948|10862|10885,李家瑞/克雷格/提傑/劉丞勳,1,9,9.0,147.0,2.45,02:27,147.0,2.45,02:27,5.0,5.0,55.56,73.47,7.0,7.0,77.78,102.86,2.0,2.0,22.22,29.39,2.0,2.0,22.22,29.39,1.0,1.0,11.11,14.69,1.0,1.0,11.11,14.69,1.0,1.0,11.11,14.69,1.0,1.0,11.11,14.69,0.0,0.0,0.0,0.0,0.0,0.0,0.0,0.0,0.0,0.0,0.0,0.0,0.0,0.0,0.0,0.0,0.0,0.0,0.0,0.0,2.0,2.0,22.22,29.39,2.0,2.0,22.22,29.39,1.0,1.0,11.11,14.69,2.0,2.0,22.22,29.39,0.0,0.0,0.0,0.0,0.0,0.0,0.0,0.0,0.0,0.0,0.0,0.0,55.56,77.78,-22.22,88.16,-2.0,-2.0,-22.22,2.45,2.45,1.25,1.25,1.0,1.0,,0.5,0.5,0.0,,0.0,22.22,0.0,0.0,0.0,0.0
4,新竹御嵿攻城獅,71|75|90|10887,李漢昇/高國豪/李啓瑋/德魯,1,9,14.0,196.45,3.27,03:16,196.45,3.27,03:16,7.0,7.0,50.0,76.97,7.0,7.0,50.0,76.97,4.0,4.0,28.57,43.98,2.0,2.0,14.29,21.99,2.0,2.0,14.29,21.99,1.0,1.0,7.14,11.0,2.0,2.0,14.29,21.99,1.0,1.0,7.14,11.0,2.0,2.0,14.29,21.99,2.0,2.0,14.29,21.99,1.0,1.0,7.14,11.0,1.0,1.0,7.14,11.0,4.0,4.0,28.57,43.98,1.0,1.0,7.14,11.0,0.0,0.0,0.0,0.0,2.0,2.0,14.29,21.99,0.0,0.0,0.0,0.0,0.0,0.0,0.0,0.0,3.0,3.0,21.43,32.99,0.0,0.0,0.0,0.0,50.0,50.0,0.0,102.62,0.0,0.0,0.0,3.27,3.27,0.62,0.72,0.5,0.5,1.0,0.0,1.0,0.5,0.2,0.29,0.0,0.0,0.21,0.0,0.5
4,新竹御嵿攻城獅,71|75|10862|10887,李漢昇/高國豪/提傑/德魯,2,18,27.0,380.77,6.35,06:21,190.38,3.17,03:10,14.0,7.0,51.85,79.42,11.0,5.5,40.74,62.4,11.0,5.5,40.74,62.4,5.0,2.5,18.52,28.36,5.0,2.5,18.52,28.36,3.0,1.5,11.11,17.02,6.0,3.0,22.22,34.04,2.0,1.0,7.41,11.35,2.0,1.0,7.41,11.35,2.0,1.0,7.41,11.35,4.0,2.0,14.81,22.69,2.0,1.0,7.41,11.35,4.0,2.0,14.81,22.69,2.0,1.0,7.41,11.35,0.0,0.0,0.0,0.0,3.0,1.5,11.11,17.02,0.0,0.0,0.0,0.0,0.0,0.0,0.0,0.0,4.0,2.0,14.81,22.69,2.0,1.0,7.41,11.35,51.85,40.74,11.11,102.11,3.0,1.5,11.11,6.35,3.17,0.55,0.59,0.6,0.33,1.0,0.0,0.6,0.67,0.33,0.5,0.0,0.0,0.15,7.41,0.18
4,新竹御嵿攻城獅,71|90|10862|10885,李漢昇/李啓瑋/提傑/劉丞勳,1,5,7.0,89.08,1.48,01:29,89.08,1.48,01:29,2.0,2.0,28.57,48.49,2.0,2.0,28.57,48.49,0.0,0.0,0.0,0.0,0.0,0.0,0.0,0.0,0.0,0.0,0.0,0.0,0.0,0.0,0.0,0.0,0.0,0.0,0.0,0.0,0.0,0.0,0.0,0.0,2.0,2.0,28.57,48.49,2.0,2.0,28.57,48.49,0.0,0.0,0.0,0.0,0.0,0.0,0.0,0.0,2.0,2.0,28.57,48.49,0.0,0.0,0.0,0.0,2.0,2.0,28.57,48.49,0.0,0.0,0.0,0.0,1.0,1.0,14.29,24.25,0.0,0.0,0.0,0.0,0.0,0.0,0.0,0.0,0.0,0.0,0.0,0.0,28.57,28.57,0.0,113.15,0.0,0.0,0.0,1.48,1.48,,1.14,,,1.0,0.69,,,0.0,0.0,14.29,0.0,0.0,0.0,
4,新竹御嵿攻城獅,71|90|10885|10887,李漢昇/李啓瑋/劉丞勳/德魯,1,1,1.0,0.31,0.01,00:00,0.31,0.01,00:00,2.0,2.0,200.0,13801.92,0.0,0.0,0.0,0.0,0.0,0.0,0.0,0.0,0.0,0.0,0.0,0.0,0.0,0.0,0.0,0.0,0.0,0.0,0.0,0.0,0.0,0.0,0.0,0.0,0.0,0.0,0.0,0.0,2.0,2.0,200.0,13801.92,2.0,2.0,200.0,13801.92,0.0,0.0,0.0,0.0,0.0,0.0,0.0,0.0,0.0,0.0,0.0,0.0,0.0,0.0,0.0,0.0,0.0,0.0,0.0,0.0,0.0,0.0,0.0,0.0,0.0,0.0,0.0,0.0,0.0,0.0,0.0,0.0,0.0,0.0,0.0,0.0,0.0,0.0,0.0,0.0,200.0,0.0,200.0,4600.64,2.0,2.0,200.0,0.01,0.01,,1.14,,,1.0,0.0,,,,,0.0,0.0,0.0,0.0,
4,新竹御嵿攻城獅,90|10862|10885|10887,李啓瑋/提傑/劉丞勳/德魯,8,120,142.0,1726.04,28.77,28:46,215.75,3.6,03:36,77.0,9.62,54.23,96.36,56.0,7.0,39.44,70.08,50.0,6.25,35.21,62.57,24.0,3.0,16.9,30.03,27.0,3.38,19.01,33.79,15.0,1.88,10.56,18.77,23.0,2.88,16.2,28.78,9.0,1.12,6.34,11.26,22.0,2.75,15.49,27.53,20.0,2.5,14.08,25.03,8.0,1.0,5.63,10.01,18.0,2.25,12.68,22.53,11.0,1.38,7.75,13.77,24.0,3.0,16.9,30.03,9.0,1.12,6.34,11.26,20.0,2.5,14.08,25.03,5.0,0.62,3.52,6.26,0.0,0.0,0.0,0.0,16.0,2.0,11.27,20.02,16.0,2.0,11.27,20.02,54.23,39.44,14.79,118.47,21.0,2.62,14.79,28.77,3.6,0.57,0.65,0.56,0.39,0.91,0.13,0.83,0.25,0.62,0.43,3.52,0.0,0.11,11.27,0.44
4,新竹御嵿攻城獅,71|90|5948|10862,李漢昇/李啓瑋/克雷格/提傑,1,4,6.0,88.77,1.48,01:29,88.77,1.48,01:29,0.0,0.0,0.0,0.0,2.0,2.0,33.33,48.67,0.0,0.0,0.0,0.0,0.0,0.0,0.0,0.0,0.0,0.0,0.0,0.0,0.0,0.0,0.0,0.0,0.0,0.0,0.0,0.0,0.0,0.0,0.0,0.0,0.0,0.0,0.0,0.0,0.0,0.0,0.0,0.0,0.0,0.0,0.0,0.0,0.0,0.0,0.0,0.0,2.0,2.0,33.33,48.67,0.0,0.0,0.0,0.0,2.0,2.0,33.33,48.67,0.0,0.0,0.0,0.0,1.0,1.0,16.67,24.33,0.0,0.0,0.0,0.0,0.0,0.0,0.0,0.0,0.0,0.0,0.0,0.0,0.0,33.33,-33.33,97.33,-2.0,-2.0,-33.33,1.48,1.48,,,,,,1.0,,,0.0,0.0,16.67,0.0,0.0,0.0,
4,新竹御嵿攻城獅,71|90|5948|10885,李漢昇/李啓瑋/克雷格/劉丞勳,1,4,6.0,88.77,1.48,01:29,88.77,1.48,01:29,0.0,0.0,0.0,0.0,2.0,2.0,33.33,48.67,0.0,0.0,0.0,0.0,0.0,0.0,0.0,0.0,0.0,0.0,0.0,0.0,0.0,0.0,0.0,0.0,0.0,0.0,0.0,0.0,0.0,0.0,0.0,0.0,0.0,0.0,0.0,0.0,0.0,0.0,0.0,0.0,0.0,0.0,0.0,0.0,0.0,0.0,0.0,0.0,2.0,2.0,33.33,48.67,0.0,0.0,0.0,0.0,2.0,2.0,33.33,48.67,0.0,0.0,0.0,0.0,1.0,1.0,16.67,24.33,0.0,0.0,0.0,0.0,0.0,0.0,0.0,0.0,0.0,0.0,0.0,0.0,0.0,33.33,-33.33,97.33,-2.0,-2.0,-33.33,1.48,1.48,,,,,,1.0,,,0.0,0.0,16.67,0.0,0.0,0.0,
4,新竹御嵿攻城獅,71|5948|10862|10885,李漢昇/克雷格/提傑/劉丞勳,2,30,34.0,470.05,7.83,07:50,235.03,3.92,03:55,11.0,5.5,32.35,50.55,14.0,7.0,41.18,64.33,10.0,5.0,29.41,45.95,4.0,2.0,11.76,18.38,7.0,3.5,20.59,32.17,3.0,1.5,8.82,13.79,3.0,1.5,8.82,13.79,1.0,0.5,2.94,4.6,2.0,1.0,5.88,9.19,2.0,1.0,5.88,9.19,0.0,0.0,0.0,0.0,6.0,3.0,17.65,27.57,3.0,1.5,8.82,13.79,7.0,3.5,20.59,32.17,3.0,1.5,8.82,13.79,2.0,1.0,5.88,9.19,1.0,0.5,2.94,4.6,0.0,0.0,0.0,0.0,3.0,1.5,8.82,13.79,5.0,2.5,14.71,22.98,32.35,41.18,-8.82,104.16,-3.0,-1.5,-8.82,7.83,3.92,0.45,0.51,0.43,0.33,1.0,0.22,0.5,0.0,0.67,0.38,2.94,0.0,0.09,14.71,0.2
4,新竹御嵿攻城獅,90|5948|10862|10885,李啓瑋/克雷格/提傑/劉丞勳,1,4,6.0,88.77,1.48,01:29,88.77,1.48,01:29,0.0,0.0,0.0,0.0,2.0,2.0,33.33,48.67,0.0,0.0,0.0,0.0,0.0,0.0,0.0,0.0,0.0,0.0,0.0,0.0,0.0,0.0,0.0,0.0,0.0,0.0,0.0,0.0,0.0,0.0,0.0,0.0,0.0,0.0,0.0,0.0,0.0,0.0,0.0,0.0,0.0,0.0,0.0,0.0,0.0,0.0,0.0,0.0,2.0,2.0,33.33,48.67,0.0,0.0,0.0,0.0,2.0,2.0,33.33,48.67,0.0,0.0,0.0,0.0,1.0,1.0,16.67,24.33,0.0,0.0,0.0,0.0,0.0,0.0,0.0,0.0,0.0,0.0,0.0,0.0,0.0,33.33,-33.33,97.33,-2.0,-2.0,-33.33,1.48,1.48,,,,,,1.0,,,0.0,0.0,16.67,0.0,0.0,0.0,
4,新竹御嵿攻城獅,71|82|5948|10862,李漢昇/蕭順議/克雷格/提傑,2,22,24.0,339.28,5.65,05:39,169.64,2.83,02:50,11.0,5.5,45.83,70.03,10.0,5.0,41.67,63.66,9.0,4.5,37.5,57.3,4.0,2.0,16.67,25.47,6.0,3.0,25.0,38.2,3.0,1.5,12.5,19.1,3.0,1.5,12.5,19.1,1.0,0.5,4.17,6.37,2.0,1.0,8.33,12.73,2.0,1.0,8.33,12.73,0.0,0.0,0.0,0.0,5.0,2.5,20.83,31.83,1.0,0.5,4.17,6.37,6.0,3.0,25.0,38.2,1.0,0.5,4.17,6.37,2.0,1.0,8.33,12.73,0.0,0.0,0.0,0.0,0.0,0.0,0.0,0.0,2.0,1.0,8.33,12.73,2.0,1.0,8.33,12.73,45.83,41.67,4.17,101.86,1.0,0.5,4.17,5.65,2.83,0.5,0.56,0.5,0.33,1.0,0.09,0.5,0.0,0.83,0.42,0.0,0.0,0.08,8.33,0.22
4,新竹御嵿攻城獅,71|82|5948|10885,李漢昇/蕭順議/克雷格/劉丞勳,2,54,63.0,905.0,15.08,15:05,452.5,7.54,07:32,24.0,12.0,38.1,57.28,26.0,13.0,41.27,62.06,22.0,11.0,34.92,52.51,8.0,4.0,12.7,19.09,12.0,6.0,19.05,28.64,5.0,2.5,7.94,11.93,10.0,5.0,15.87,23.87,3.0,1.5,4.76,7.16,6.0,3.0,9.52,14.32,5.0,2.5,7.94,11.93,2.0,1.0,3.17,4.77,11.0,5.5,17.46,26.25,3.0,1.5,4.76,7.16,11.0,5.5,17.46,26.25,5.0,2.5,7.94,11.93,6.0,3.0,9.52,14.32,0.0,0.0,0.0,0.0,1.0,0.5,1.59,2.39,6.0,3.0,9.52,14.32,2.0,1.0,3.17,4.77,38.1,41.27,-3.17,100.24,-2.0,-1.0,-3.17,15.08,7.54,0.43,0.49,0.42,0.3,0.83,0.17,0.75,0.15,0.79,0.48,0.0,1.59,0.1,3.17,0.27
4,新竹御嵿攻城獅,82|5948|10862|10885,蕭順議/克雷格/提傑/劉丞勳,3,33,37.0,529.28,8.82,08:49,176.43,2.94,02:56,22.0,7.33,59.46,89.78,21.0,7.0,56.76,85.7,17.0,5.67,45.95,69.38,8.0,2.67,21.62,32.65,7.0,2.33,18.92,28.57,4.0,1.33,10.81,16.32,10.0,3.33,27.03,40.81,4.0,1.33,10.81,16.32,2.0,0.67,5.41,8.16,2.0,0.67,5.41,8.16,2.0,0.67,5.41,8.16,7.0,2.33,18.92,28.57,1.0,0.33,2.7,4.08,6.0,2.0,16.22,24.49,1.0,0.33,2.7,4.08,5.0,1.67,13.51,20.4,0.0,0.0,0.0,0.0,0.0,0.0,0.0,0.0,2.0,0.67,5.41,8.16,2.0,0.67,5.41,8.16,59.46,56.76,2.7,100.66,1.0,0.33,2.7,8.82,2.94,0.59,0.62,0.57,0.4,1.0,0.05,0.62,0.25,0.88,0.56,0.0,0.0,0.05,5.41,0.12
4,新竹御嵿攻城獅,71|82|5948|10887,李漢昇/蕭順議/克雷格/德魯,2,32,39.0,565.72,9.43,09:26,282.86,4.71,04:43,13.0,6.5,33.33,49.64,16.0,8.0,41.03,61.09,13.0,6.5,33.33,49.64,4.0,2.0,10.26,15.27,6.0,3.0,15.38,22.91,2.0,1.0,5.13,7.64,7.0,3.5,17.95,26.73,2.0,1.0,5.13,7.64,4.0,2.0,10.26,15.27,3.0,1.5,7.69,11.45,2.0,1.0,5.13,7.64,6.0,3.0,15.38,22.91,2.0,1.0,5.13,7.64,5.0,2.5,12.82,19.09,4.0,2.0,10.26,15.27,4.0,2.0,10.26,15.27,0.0,0.0,0.0,0.0,1.0,0.5,2.56,3.82,4.0,2.0,10.26,15.27,0.0,0.0,0.0,0.0,33.33,41.03,-7.69,99.27,-3.0,-1.5,-7.69,9.43,4.71,0.38,0.44,0.33,0.29,0.75,0.21,1.0,0.29,0.75,0.53,0.0,2.56,0.1,0.0,0.31
4,新竹御嵿攻城獅,71|5948|10885|10887,李漢昇/克雷格/劉丞勳/德魯,2,41,50.0,771.13,12.85,12:51,385.57,6.43,06:26,21.0,10.5,42.0,58.82,24.0,12.0,48.0,67.23,18.0,9.0,36.0,50.42,8.0,4.0,16.0,22.41,11.0,5.5,22.0,30.81,6.0,3.0,12.0,16.81,7.0,3.5,14.0,19.61,2.0,1.0,4.0,5.6,4.0,2.0,8.0,11.2,3.0,1.5,6.0,8.4,2.0,1.0,4.0,5.6,7.0,3.5,14.0,19.61,4.0,2.0,8.0,11.2,7.0,3.5,14.0,19.61,4.0,2.0,8.0,11.2,4.0,2.0,8.0,11.2,0.0,0.0,0.0,0.0,1.0,0.5,2.0,2.8,5.0,2.5,10.0,14.01,2.0,1.0,4.0,5.6,42.0,48.0,-6.0,93.37,-3.0,-1.5,-6.0,12.85,6.43,0.5,0.53,0.55,0.29,0.75,0.17,0.5,0.22,0.64,0.45,0.0,2.0,0.1,4.0,0.22
4,新北國王,28|34|10872|10874,呂政儒/沃許本/林彥廷/熊祥泰,4,23,32.0,369.25,6.15,06:09,92.31,1.54,01:32,6.0,1.5,18.75,35.1,11.0,2.75,34.38,64.35,14.0,3.5,43.75,81.9,3.0,0.75,9.38,17.55,11.0,2.75,34.38,64.35,3.0,0.75,9.38,17.55,3.0,0.75,9.38,17.55,0.0,0.0,0.0,0.0,0.0,0.0,0.0,0.0,0.0,0.0,0.0,0.0,4.0,1.0,12.5,23.4,7.0,1.75,21.88,40.95,1.0,0.25,3.12,5.85,6.0,1.5,18.75,35.1,2.0,0.5,6.25,11.7,1.0,0.25,3.12,5.85,2.0,0.5,6.25,11.7,1.0,0.25,3.12,5.85,1.0,0.25,3.12,5.85,4.0,1.0,12.5,23.4,18.75,34.38,-15.62,124.79,-5.0,-1.25,-15.62,6.15,1.54,0.21,0.21,0.27,0.0,,0.12,0.33,0.4,0.88,0.61,6.25,3.12,0.03,12.5,0.0
4,新北國王,28|34|10872|10875,呂政儒/沃許本/林彥廷/傑登,5,100,111.0,1554.12,25.9,25:54,310.82,5.18,05:11,46.0,9.2,41.44,63.93,47.0,9.4,42.34,65.32,39.0,7.8,35.14,54.2,17.0,3.4,15.32,23.63,25.0,5.0,22.52,34.75,11.0,2.2,9.91,15.29,14.0,2.8,12.61,19.46,6.0,1.2,5.41,8.34,12.0,2.4,10.81,16.68,9.0,1.8,8.11,12.51,2.0,0.4,1.8,2.78,20.0,4.0,18.02,27.8,7.0,1.4,6.31,9.73,24.0,4.8,21.62,33.36,8.0,1.6,7.21,11.12,13.0,2.6,11.71,18.07,6.0,1.2,5.41,8.34,1.0,0.2,0.9,1.39,13.0,2.6,11.71,18.07,8.0,1.6,7.21,11.12,41.44,42.34,-0.9,102.85,-1.0,-0.2,-0.9,25.9,5.18,0.51,0.52,0.44,0.43,0.75,0.15,0.76,0.08,0.74,0.42,5.41,0.9,0.12,7.21,0.31
4,新北國王,28|34|10874|10875,呂政儒/沃許本/熊祥泰/傑登,1,4,5.0,64.0,1.07,01:04,64.0,1.07,01:04,0.0,0.0,0.0,0.0,3.0,3.0,60.0,101.25,3.0,3.0,60.0,101.25,0.0,0.0,0.0,0.0,2.0,2.0,40.0,67.5,0.0,0.0,0.0,0.0,1.0,1.0,20.0,33.75,0.0,0.0,0.0,0.0,0.0,0.0,0.0,0.0,0.0,0.0,0.0,0.0,1.0,1.0,20.0,33.75,2.0,2.0,40.0,67.5,0.0,0.0,0.0,0.0,1.0,1.0,20.0,33.75,0.0,0.0,0.0,0.0,0.0,0.0,0.0,0.0,0.0,0.0,0.0,0.0,0.0,0.0,0.0,0.0,0.0,0.0,0.0,0.0,0.0,0.0,0.0,0.0,0.0,60.0,-60.0,112.5,-3.0,-3.0,-60.0,1.07,1.07,0.0,0.0,0.0,0.0,,0.0,,0.5,1.0,0.75,0.0,0.0,0.0,0.0,0.0
4,新北國王,28|10872|10874|10875,呂政儒/林彥廷/熊祥泰/傑登,3,12,13.0,166.5,2.78,02:47,55.5,0.93,00:56,4.0,1.33,30.77,51.89,8.0,2.67,61.54,103.78,7.0,2.33,53.85,90.81,2.0,0.67,15.38,25.95,5.0,1.67,38.46,64.86,2.0,0.67,15.38,25.95,2.0,0.67,15.38,25.95,0.0,0.0,0.0,0.0,0.0,0.0,0.0,0.0,0.0,0.0,0.0,0.0,1.0,0.33,7.69,12.97,4.0,1.33,30.77,51.89,0.0,0.0,0.0,0.0,3.0,1.0,23.08,38.92,0.0,0.0,0.0,0.0,1.0,0.33,7.69,12.97,0.0,0.0,0.0,0.0,0.0,0.0,0.0,0.0,0.0,0.0,0.0,0.0,2.0,0.67,15.38,25.95,30.77,61.54,-30.77,112.43,-4.0,-1.33,-30.77,2.78,0.93,0.29,0.29,0.4,0.0,,0.0,0.5,0.25,1.0,0.62,0.0,0.0,0.0,15.38,0.0
4,新北國王,21|28|34|10875,李愷諺/呂政儒/沃許本/傑登,5,117,138.0,1970.18,32.84,32:50,394.04,6.57,06:34,61.0,12.2,44.2,66.88,55.0,11.0,39.86,60.3,49.0,9.8,35.51,53.72,21.0,4.2,15.22,23.02,31.0,6.2,22.46,33.99,13.0,2.6,9.42,14.25,18.0,3.6,13.04,19.73,8.0,1.6,5.8,8.77,13.0,2.6,9.42,14.25,11.0,2.2,7.97,12.06,6.0,1.2,4.35,6.58,22.0,4.4,15.94,24.12,11.0,2.2,7.97,12.06,28.0,5.6,20.29,30.7,9.0,1.8,6.52,9.87,16.0,3.2,11.59,17.54,7.0,1.4,5.07,7.67,2.0,0.4,1.45,2.19,11.0,2.2,7.97,12.06,11.0,2.2,7.97,12.06,44.2,39.86,4.35,100.86,6.0,1.2,4.35,32.84,6.57,0.51,0.56,0.42,0.44,0.85,0.14,0.76,0.18,0.67,0.42,5.07,1.45,0.08,7.97,0.27
4,新北國王,21|28|10875|10876,李愷諺/呂政儒/傑登/尚迪,1,12,16.0,145.23,2.42,02:25,145.23,2.42,02:25,6.0,6.0,37.5,89.24,5.0,5.0,31.25,74.36,3.0,3.0,18.75,44.62,3.0,3.0,18.75,44.62,3.0,3.0,18.75,44.62,3.0,3.0,18.75,44.62,0.0,0.0,0.0,0.0,0.0,0.0,0.0,0.0,1.0,1.0,6.25,14.87,0.0,0.0,0.0,0.0,0.0,0.0,0.0,0.0,1.0,1.0,6.25,14.87,0.0,0.0,0.0,0.0,2.0,2.0,12.5,29.75,3.0,3.0,18.75,44.62,2.0,2.0,12.5,29.75,1.0,1.0,6.25,14.87,0.0,0.0,0.0,0.0,2.0,2.0,12.5,29.75,0.0,0.0,0.0,0.0,37.5,31.25,6.25,158.64,1.0,1.0,6.25,2.42,2.42,1.0,0.87,1.0,,0.0,0.47,0.67,0.0,1.0,0.33,6.25,0.0,0.12,0.0,0.33
4,新北國王,21|34|10875|10876,李愷諺/沃許本/傑登/尚迪,1,5,7.0,73.18,1.22,01:13,73.18,1.22,01:13,4.0,4.0,57.14,118.07,2.0,2.0,28.57,59.03,2.0,2.0,28.57,59.03,2.0,2.0,28.57,59.03,2.0,2.0,28.57,59.03,2.0,2.0,28.57,59.03,0.0,0.0,0.0,0.0,0.0,0.0,0.0,0.0,0.0,0.0,0.0,0.0,0.0,0.0,0.0,0.0,0.0,0.0,0.0,0.0,0.0,0.0,0.0,0.0,0.0,0.0,0.0,0.0,0.0,0.0,0.0,0.0,0.0,0.0,0.0,0.0,1.0,1.0,14.29,29.52,0.0,0.0,0.0,0.0,0.0,0.0,0.0,0.0,0.0,0.0,0.0,0.0,0.0,0.0,0.0,0.0,57.14,28.57,28.57,137.74,2.0,2.0,28.57,1.22,1.22,1.0,1.0,1.0,,,0.0,0.5,,,,0.0,0.0,0.0,0.0,0.0
4,新北國王,28|34|10875|10876,呂政儒/沃許本/傑登/尚迪,1,5,7.0,73.18,1.22,01:13,73.18,1.22,01:13,4.0,4.0,57.14,118.07,2.0,2.0,28.57,59.03,2.0,2.0,28.57,59.03,2.0,2.0,28.57,59.03,2.0,2.0,28.57,59.03,2.0,2.0,28.57,59.03,0.0,0.0,0.0,0.0,0.0,0.0,0.0,0.0,0.0,0.0,0.0,0.0,0.0,0.0,0.0,0.0,0.0,0.0,0.0,0.0,0.0,0.0,0.0,0.0,0.0,0.0,0.0,0.0,0.0,0.0,0.0,0.0,0.0,0.0,0.0,0.0,1.0,1.0,14.29,29.52,0.0,0.0,0.0,0.0,0.0,0.0,0.0,0.0,0.0,0.0,0.0,0.0,0.0,0.0,0.0,0.0,57.14,28.57,28.57,137.74,2.0,2.0,28.57,1.22,1.22,1.0,1.0,1.0,,,0.0,0.5,,,,0.0,0.0,0.0,0.0,0.0
4,新北國王,21|25|28|34,李愷諺/林金榜/呂政儒/沃許本,1,4,5.0,127.0,2.12,02:07,127.0,2.12,02:07,0.0,0.0,0.0,0.0,2.0,2.0,40.0,34.02,1.0,1.0,20.0,17.01,0.0,0.0,0.0,0.0,0.0,0.0,0.0,0.0,0.0,0.0,0.0,0.0,1.0,1.0,20.0,17.01,0.0,0.0,0.0,0.0,0.0,0.0,0.0,0.0,0.0,0.0,0.0,0.0,0.0,0.0,0.0,0.0,1.0,1.0,20.0,17.01,1.0,1.0,20.0,17.01,1.0,1.0,20.0,17.01,1.0,1.0,20.0,17.01,0.0,0.0,0.0,0.0,1.0,1.0,20.0,17.01,0.0,0.0,0.0,0.0,0.0,0.0,0.0,0.0,0.0,0.0,0.0,0.0,0.0,40.0,-40.0,56.69,-2.0,-2.0,-40.0,2.12,2.12,0.0,0.0,,0.0,,0.5,,0.0,0.5,0.33,20.0,0.0,0.0,0.0,0.0
4,新北國王,21|25|28|10875,李愷諺/林金榜/呂政儒/傑登,1,11,14.0,204.05,3.4,03:24,204.05,3.4,03:24,2.0,2.0,14.29,21.17,5.0,5.0,35.71,52.93,2.0,2.0,14.29,21.17,1.0,1.0,7.14,10.59,1.0,1.0,7.14,10.59,1.0,1.0,7.14,10.59,1.0,1.0,7.14,10.59,0.0,0.0,0.0,0.0,1.0,1.0,7.14,10.59,0.0,0.0,0.0,0.0,0.0,0.0,0.0,0.0,2.0,2.0,14.29,21.17,1.0,1.0,7.14,10.59,3.0,3.0,21.43,31.76,4.0,4.0,28.57,42.34,1.0,1.0,7.14,10.59,2.0,2.0,14.29,21.17,0.0,0.0,0.0,0.0,3.0,3.0,21.43,31.76,0.0,0.0,0.0,0.0,14.29,35.71,-21.43,98.8,-3.0,-3.0,-21.43,3.4,3.4,0.5,0.41,1.0,0.0,0.0,0.62,1.0,0.0,0.67,0.33,14.29,0.0,0.21,0.0,0.5
4,新北國王,25|28|34|10875,林金榜/呂政儒/沃許本/傑登,2,11,12.0,207.0,3.45,03:27,103.5,1.72,01:43,0.0,0.0,0.0,0.0,10.0,5.0,83.33,104.35,2.0,1.0,16.67,20.87,0.0,0.0,0.0,0.0,1.0,0.5,8.33,10.43,0.0,0.0,0.0,0.0,1.0,0.5,8.33,10.43,0.0,0.0,0.0,0.0,0.0,0.0,0.0,0.0,0.0,0.0,0.0,0.0,0.0,0.0,0.0,0.0,2.0,1.0,16.67,20.87,1.0,0.5,8.33,10.43,2.0,1.0,16.67,20.87,3.0,1.5,25.0,31.3,0.0,0.0,0.0,0.0,2.0,1.0,16.67,20.87,0.0,0.0,0.0,0.0,0.0,0.0,0.0,0.0,2.0,1.0,16.67,20.87,0.0,83.33,-83.33,83.48,-10.0,-5.0,-83.33,3.45,1.72,0.0,0.0,0.0,0.0,,0.6,,0.0,0.67,0.4,16.67,0.0,0.0,16.67,0.0
4,新北國王,21|25|28|10876,李愷諺/林金榜/呂政儒/尚迪,1,7,9.0,72.05,1.2,01:12,72.05,1.2,01:12,2.0,2.0,22.22,59.96,3.0,3.0,33.33,89.94,1.0,1.0,11.11,29.98,1.0,1.0,11.11,29.98,1.0,1.0,11.11,29.98,1.0,1.0,11.11,29.98,0.0,0.0,0.0,0.0,0.0,0.0,0.0,0.0,1.0,1.0,11.11,29.98,0.0,0.0,0.0,0.0,0.0,0.0,0.0,0.0,1.0,1.0,11.11,29.98,0.0,0.0,0.0,0.0,2.0,2.0,22.22,59.96,3.0,3.0,33.33,89.94,1.0,1.0,11.11,29.98,1.0,1.0,11.11,29.98,0.0,0.0,0.0,0.0,2.0,2.0,22.22,59.96,0.0,0.0,0.0,0.0,22.22,33.33,-11.11,179.88,-1.0,-1.0,-11.11,1.2,1.2,1.0,0.69,1.0,,0.0,0.68,1.0,0.0,1.0,0.33,11.11,0.0,0.22,0.0,1.0
4,新北國王,25|28|10875|10876,林金榜/呂政儒/傑登/尚迪,1,7,9.0,72.05,1.2,01:12,72.05,1.2,01:12,2.0,2.0,22.22,59.96,3.0,3.0,33.33,89.94,1.0,1.0,11.11,29.98,1.0,1.0,11.11,29.98,1.0,1.0,11.11,29.98,1.0,1.0,11.11,29.98,0.0,0.0,0.0,0.0,0.0,0.0,0.0,0.0,1.0,1.0,11.11,29.98,0.0,0.0,0.0,0.0,0.0,0.0,0.0,0.0,1.0,1.0,11.11,29.98,0.0,0.0,0.0,0.0,2.0,2.0,22.22,59.96,3.0,3.0,33.33,89.94,1.0,1.0,11.11,29.98,1.0,1.0,11.11,29.98,0.0,0.0,0.0,0.0,2.0,2.0,22.22,59.96,0.0,0.0,0.0,0.0,22.22,33.33,-11.11,179.88,-1.0,-1.0,-11.11,1.2,1.2,1.0,0.69,1.0,,0.0,0.68,1.0,0.0,1.0,0.33,11.11,0.0,0.22,0.0,1.0
4,新北國王,22|25|34|10872,簡祐哲/林金榜/沃許本/林彥廷,1,3,3.0,53.0,0.88,00:53,53.0,0.88,00:53,2.0,2.0,66.67,81.51,4.0,4.0,133.33,163.02,1.0,1.0,33.33,40.75,1.0,1.0,33.33,40.75,1.0,1.0,33.33,40.75,1.0,1.0,33.33,40.75,0.0,0.0,0.0,0.0,0.0,0.0,0.0,0.0,0.0,0.0,0.0,0.0,0.0,0.0,0.0,0.0,0.0,0.0,0.0,0.0,0.0,0.0,0.0,0.0,0.0,0.0,0.0,0.0,0.0,0.0,0.0,0.0,0.0,0.0,0.0,0.0,1.0,1.0,33.33,40.75,0.0,0.0,0.0,0.0,0.0,0.0,0.0,0.0,0.0,0.0,0.0,0.0,0.0,0.0,0.0,0.0,66.67,133.33,-66.67,81.51,-2.0,-2.0,-66.67,0.88,0.88,1.0,1.0,1.0,,,0.0,1.0,,,,0.0,0.0,0.0,0.0,0.0
4,新北國王,22|25|10872|10875,簡祐哲/林金榜/林彥廷/傑登,2,4,4.0,106.92,1.78,01:47,53.46,0.89,00:53,2.0,1.0,50.0,40.4,4.0,2.0,100.0,80.8,1.0,0.5,25.0,20.2,1.0,0.5,25.0,20.2,1.0,0.5,25.0,20.2,1.0,0.5,25.0,20.2,0.0,0.0,0.0,0.0,0.0,0.0,0.0,0.0,2.0,1.0,50.0,40.4,0.0,0.0,0.0,0.0,0.0,0.0,0.0,0.0,1.0,0.5,25.0,20.2,0.0,0.0,0.0,0.0,0.0,0.0,0.0,0.0,0.0,0.0,0.0,0.0,1.0,0.5,25.0,20.2,0.0,0.0,0.0,0.0,0.0,0.0,0.0,0.0,1.0,0.5,25.0,20.2,0.0,0.0,0.0,0.0,50.0,100.0,-50.0,53.87,-2.0,-1.0,-50.0,1.78,0.89,1.0,0.53,1.0,,0.0,0.0,1.0,,1.0,1.0,0.0,0.0,0.25,0.0,2.0
4,新北國王,34|10871|10872|10873,沃許本/鍾理翔/林彥廷/喬納森,1,9,11.0,156.27,2.6,02:36,156.27,2.6,02:36,8.0,8.0,72.73,110.58,6.0,6.0,54.55,82.93,3.0,3.0,27.27,41.47,2.0,2.0,18.18,27.64,3.0,3.0,27.27,41.47,2.0,2.0,18.18,27.64,0.0,0.0,0.0,0.0,0.0,0.0,0.0,0.0,6.0,6.0,54.55,82.93,4.0,4.0,36.36,55.29,1.0,1.0,9.09,13.82,0.0,0.0,0.0,0.0,1.0,1.0,9.09,13.82,0.0,0.0,0.0,0.0,0.0,0.0,0.0,0.0,0.0,0.0,0.0,0.0,0.0,0.0,0.0,0.0,0.0,0.0,0.0,0.0,3.0,3.0,27.27,41.47,2.0,2.0,18.18,27.64,72.73,54.55,18.18,101.36,2.0,2.0,18.18,2.6,2.6,0.67,0.71,0.67,,0.67,0.0,0.0,1.0,0.0,0.5,0.0,0.0,0.27,18.18,2.0
4,新北國王,34|10871|10872|10875,沃許本/鍾理翔/林彥廷/傑登,1,9,11.0,156.27,2.6,02:36,156.27,2.6,02:36,8.0,8.0,72.73,110.58,6.0,6.0,54.55,82.93,3.0,3.0,27.27,41.47,2.0,2.0,18.18,27.64,3.0,3.0,27.27,41.47,2.0,2.0,18.18,27.64,0.0,0.0,0.0,0.0,0.0,0.0,0.0,0.0,6.0,6.0,54.55,82.93,4.0,4.0,36.36,55.29,1.0,1.0,9.09,13.82,0.0,0.0,0.0,0.0,1.0,1.0,9.09,13.82,0.0,0.0,0.0,0.0,0.0,0.0,0.0,0.0,0.0,0.0,0.0,0.0,0.0,0.0,0.0,0.0,0.0,0.0,0.0,0.0,3.0,3.0,27.27,41.47,2.0,2.0,18.18,27.64,72.73,54.55,18.18,101.36,2.0,2.0,18.18,2.6,2.6,0.67,0.71,0.67,,0.67,0.0,0.0,1.0,0.0,0.5,0.0,0.0,0.27,18.18,2.0
4,新北國王,34|10871|10873|10875,沃許本/鍾理翔/喬納森/傑登,1,9,11.0,156.27,2.6,02:36,156.27,2.6,02:36,8.0,8.0,72.73,110.58,6.0,6.0,54.55,82.93,3.0,3.0,27.27,41.47,2.0,2.0,18.18,27.64,3.0,3.0,27.27,41.47,2.0,2.0,18.18,27.64,0.0,0.0,0.0,0.0,0.0,0.0,0.0,0.0,6.0,6.0,54.55,82.93,4.0,4.0,36.36,55.29,1.0,1.0,9.09,13.82,0.0,0.0,0.0,0.0,1.0,1.0,9.09,13.82,0.0,0.0,0.0,0.0,0.0,0.0,0.0,0.0,0.0,0.0,0.0,0.0,0.0,0.0,0.0,0.0,0.0,0.0,0.0,0.0,3.0,3.0,27.27,41.47,2.0,2.0,18.18,27.64,72.73,54.55,18.18,101.36,2.0,2.0,18.18,2.6,2.6,0.67,0.71,0.67,,0.67,0.0,0.0,1.0,0.0,0.5,0.0,0.0,0.27,18.18,2.0
4,新北國王,34|10872|10873|10875,沃許本/林彥廷/喬納森/傑登,1,9,11.0,156.27,2.6,02:36,156.27,2.6,02:36,8.0,8.0,72.73,110.58,6.0,6.0,54.55,82.93,3.0,3.0,27.27,41.47,2.0,2.0,18.18,27.64,3.0,3.0,27.27,41.47,2.0,2.0,18.18,27.64,0.0,0.0,0.0,0.0,0.0,0.0,0.0,0.0,6.0,6.0,54.55,82.93,4.0,4.0,36.36,55.29,1.0,1.0,9.09,13.82,0.0,0.0,0.0,0.0,1.0,1.0,9.09,13.82,0.0,0.0,0.0,0.0,0.0,0.0,0.0,0.0,0.0,0.0,0.0,0.0,0.0,0.0,0.0,0.0,0.0,0.0,0.0,0.0,3.0,3.0,27.27,41.47,2.0,2.0,18.18,27.64,72.73,54.55,18.18,101.36,2.0,2.0,18.18,2.6,2.6,0.67,0.71,0.67,,0.67,0.0,0.0,1.0,0.0,0.5,0.0,0.0,0.27,18.18,2.0
4,新北國王,10871|10872|10873|10875,鍾理翔/林彥廷/喬納森/傑登,1,9,11.0,156.27,2.6,02:36,156.27,2.6,02:36,8.0,8.0,72.73,110.58,6.0,6.0,54.55,82.93,3.0,3.0,27.27,41.47,2.0,2.0,18.18,27.64,3.0,3.0,27.27,41.47,2.0,2.0,18.18,27.64,0.0,0.0,0.0,0.0,0.0,0.0,0.0,0.0,6.0,6.0,54.55,82.93,4.0,4.0,36.36,55.29,1.0,1.0,9.09,13.82,0.0,0.0,0.0,0.0,1.0,1.0,9.09,13.82,0.0,0.0,0.0,0.0,0.0,0.0,0.0,0.0,0.0,0.0,0.0,0.0,0.0,0.0,0.0,0.0,0.0,0.0,0.0,0.0,3.0,3.0,27.27,41.47,2.0,2.0,18.18,27.64,72.73,54.55,18.18,101.36,2.0,2.0,18.18,2.6,2.6,0.67,0.71,0.67,,0.67,0.0,0.0,1.0,0.0,0.5,0.0,0.0,0.27,18.18,2.0
4,新竹御嵿攻城獅,75|82|10862|10885,高國豪/蕭順議/提傑/劉丞勳,4,17,20.0,243.53,4.06,04:04,60.88,1.01,01:01,9.0,2.25,45.0,79.83,12.0,3.0,60.0,106.44,8.0,2.0,40.0,70.96,3.0,0.75,15.0,26.61,2.0,0.5,10.0,17.74,2.0,0.5,10.0,17.74,6.0,1.5,30.0,53.22,1.0,0.25,5.0,8.87,2.0,0.5,10.0,17.74,2.0,0.5,10.0,17.74,3.0,0.75,15.0,26.61,2.0,0.5,10.0,17.74,0.0,0.0,0.0,0.0,1.0,0.25,5.0,8.87,2.0,0.5,10.0,17.74,2.0,0.5,10.0,17.74,2.0,0.5,10.0,17.74,0.0,0.0,0.0,0.0,0.0,0.0,0.0,0.0,2.0,0.5,10.0,17.74,45.0,60.0,-15.0,118.26,-3.0,-0.75,-15.0,4.06,1.01,0.44,0.51,1.0,0.17,1.0,0.18,0.67,0.75,1.0,0.83,10.0,0.0,0.0,10.0,0.25
4,新竹御嵿攻城獅,82|10862|10885|10886,蕭順議/提傑/劉丞勳/梁瀚,1,5,5.0,68.62,1.14,01:09,68.62,1.14,01:09,2.0,2.0,40.0,62.96,5.0,5.0,100.0,157.4,0.0,0.0,0.0,0.0,0.0,0.0,0.0,0.0,0.0,0.0,0.0,0.0,0.0,0.0,0.0,0.0,0.0,0.0,0.0,0.0,0.0,0.0,0.0,0.0,2.0,2.0,40.0,62.96,2.0,2.0,40.0,62.96,0.0,0.0,0.0,0.0,0.0,0.0,0.0,0.0,0.0,0.0,0.0,0.0,0.0,0.0,0.0,0.0,1.0,1.0,20.0,31.48,0.0,0.0,0.0,0.0,1.0,1.0,20.0,31.48,0.0,0.0,0.0,0.0,2.0,2.0,40.0,62.96,4.0,4.0,80.0,125.92,40.0,100.0,-60.0,104.93,-3.0,-3.0,-60.0,1.14,1.14,,1.14,,,1.0,0.53,,,,,20.0,0.0,0.4,80.0,
4,新竹御嵿攻城獅,82|10862|10886|10887,蕭順議/提傑/梁瀚/德魯,1,1,1.0,16.62,0.28,00:17,16.62,0.28,00:17,0.0,0.0,0.0,0.0,2.0,2.0,200.0,259.97,0.0,0.0,0.0,0.0,0.0,0.0,0.0,0.0,0.0,0.0,0.0,0.0,0.0,0.0,0.0,0.0,0.0,0.0,0.0,0.0,0.0,0.0,0.0,0.0,0.0,0.0,0.0,0.0,0.0,0.0,0.0,0.0,0.0,0.0,0.0,0.0,0.0,0.0,0.0,0.0,0.0,0.0,0.0,0.0,0.0,0.0,0.0,0.0,0.0,0.0,0.0,0.0,0.0,0.0,0.0,0.0,0.0,0.0,0.0,0.0,0.0,0.0,0.0,0.0,1.0,1.0,100.0,129.99,2.0,2.0,200.0,259.97,0.0,200.0,-200.0,86.66,-2.0,-2.0,-200.0,0.28,0.28,,,,,,,,,,,0.0,0.0,1.0,200.0,
4,新竹御嵿攻城獅,82|10885|10886|10887,蕭順議/劉丞勳/梁瀚/德魯,1,1,1.0,16.62,0.28,00:17,16.62,0.28,00:17,0.0,0.0,0.0,0.0,2.0,2.0,200.0,259.97,0.0,0.0,0.0,0.0,0.0,0.0,0.0,0.0,0.0,0.0,0.0,0.0,0.0,0.0,0.0,0.0,0.0,0.0,0.0,0.0,0.0,0.0,0.0,0.0,0.0,0.0,0.0,0.0,0.0,0.0,0.0,0.0,0.0,0.0,0.0,0.0,0.0,0.0,0.0,0.0,0.0,0.0,0.0,0.0,0.0,0.0,0.0,0.0,0.0,0.0,0.0,0.0,0.0,0.0,0.0,0.0,0.0,0.0,0.0,0.0,0.0,0.0,0.0,0.0,1.0,1.0,100.0,129.99,2.0,2.0,200.0,259.97,0.0,200.0,-200.0,86.66,-2.0,-2.0,-200.0,0.28,0.28,,,,,,,,,,,0.0,0.0,1.0,200.0,
4,新竹御嵿攻城獅,10862|10885|10886|10887,提傑/劉丞勳/梁瀚/德魯,1,1,1.0,16.62,0.28,00:17,16.62,0.28,00:17,0.0,0.0,0.0,0.0,2.0,2.0,200.0,259.97,0.0,0.0,0.0,0.0,0.0,0.0,0.0,0.0,0.0,0.0,0.0,0.0,0.0,0.0,0.0,0.0,0.0,0.0,0.0,0.0,0.0,0.0,0.0,0.0,0.0,0.0,0.0,0.0,0.0,0.0,0.0,0.0,0.0,0.0,0.0,0.0,0.0,0.0,0.0,0.0,0.0,0.0,0.0,0.0,0.0,0.0,0.0,0.0,0.0,0.0,0.0,0.0,0.0,0.0,0.0,0.0,0.0,0.0,0.0,0.0,0.0,0.0,0.0,0.0,1.0,1.0,100.0,129.99,2.0,2.0,200.0,259.97,0.0,200.0,-200.0,86.66,-2.0,-2.0,-200.0,0.28,0.28,,,,,,,,,,,0.0,0.0,1.0,200.0,
4,新竹御嵿攻城獅,80|82|10862|10885,田浩/蕭順議/提傑/劉丞勳,2,21,26.0,368.88,6.15,06:09,184.44,3.07,03:04,10.0,5.0,38.46,58.56,17.0,8.5,65.38,99.55,13.0,6.5,50.0,76.12,4.0,2.0,15.38,23.42,11.0,5.5,42.31,64.41,4.0,2.0,15.38,23.42,2.0,1.0,7.69,11.71,0.0,0.0,0.0,0.0,2.0,1.0,7.69,11.71,2.0,1.0,7.69,11.71,4.0,2.0,15.38,23.42,5.0,2.5,19.23,29.28,1.0,0.5,3.85,5.86,2.0,1.0,7.69,11.71,1.0,0.5,3.85,5.86,2.0,1.0,7.69,11.71,1.0,0.5,3.85,5.86,2.0,1.0,7.69,11.71,3.0,1.5,11.54,17.57,5.0,2.5,19.23,29.28,38.46,65.38,-26.92,101.5,-7.0,-3.5,-26.92,6.15,3.07,0.31,0.36,0.36,0.0,1.0,0.07,0.5,0.67,0.83,0.75,3.85,7.69,0.12,19.23,0.15
4,新竹御嵿攻城獅,80|82|10862|10886,田浩/蕭順議/提傑/梁瀚,1,4,4.0,52.0,0.87,00:52,52.0,0.87,00:52,2.0,2.0,50.0,83.08,3.0,3.0,75.0,124.62,0.0,0.0,0.0,0.0,0.0,0.0,0.0,0.0,0.0,0.0,0.0,0.0,0.0,0.0,0.0,0.0,0.0,0.0,0.0,0.0,0.0,0.0,0.0,0.0,2.0,2.0,50.0,83.08,2.0,2.0,50.0,83.08,0.0,0.0,0.0,0.0,0.0,0.0,0.0,0.0,0.0,0.0,0.0,0.0,0.0,0.0,0.0,0.0,1.0,1.0,25.0,41.54,0.0,0.0,0.0,0.0,1.0,1.0,25.0,41.54,0.0,0.0,0.0,0.0,1.0,1.0,25.0,41.54,2.0,2.0,50.0,83.08,50.0,75.0,-25.0,110.77,-1.0,-1.0,-25.0,0.87,0.87,,1.14,,,1.0,0.53,,,,,25.0,0.0,0.25,50.0,
4,新竹御嵿攻城獅,80|82|10885|10886,田浩/蕭順議/劉丞勳/梁瀚,1,4,4.0,52.0,0.87,00:52,52.0,0.87,00:52,2.0,2.0,50.0,83.08,3.0,3.0,75.0,124.62,0.0,0.0,0.0,0.0,0.0,0.0,0.0,0.0,0.0,0.0,0.0,0.0,0.0,0.0,0.0,0.0,0.0,0.0,0.0,0.0,0.0,0.0,0.0,0.0,2.0,2.0,50.0,83.08,2.0,2.0,50.0,83.08,0.0,0.0,0.0,0.0,0.0,0.0,0.0,0.0,0.0,0.0,0.0,0.0,0.0,0.0,0.0,0.0,1.0,1.0,25.0,41.54,0.0,0.0,0.0,0.0,1.0,1.0,25.0,41.54,0.0,0.0,0.0,0.0,1.0,1.0,25.0,41.54,2.0,2.0,50.0,83.08,50.0,75.0,-25.0,110.77,-1.0,-1.0,-25.0,0.87,0.87,,1.14,,,1.0,0.53,,,,,25.0,0.0,0.25,50.0,
4,新竹御嵿攻城獅,80|10862|10885|10886,田浩/提傑/劉丞勳/梁瀚,1,4,4.0,52.0,0.87,00:52,52.0,0.87,00:52,2.0,2.0,50.0,83.08,3.0,3.0,75.0,124.62,0.0,0.0,0.0,0.0,0.0,0.0,0.0,0.0,0.0,0.0,0.0,0.0,0.0,0.0,0.0,0.0,0.0,0.0,0.0,0.0,0.0,0.0,0.0,0.0,2.0,2.0,50.0,83.08,2.0,2.0,50.0,83.08,0.0,0.0,0.0,0.0,0.0,0.0,0.0,0.0,0.0,0.0,0.0,0.0,0.0,0.0,0.0,0.0,1.0,1.0,25.0,41.54,0.0,0.0,0.0,0.0,1.0,1.0,25.0,41.54,0.0,0.0,0.0,0.0,1.0,1.0,25.0,41.54,2.0,2.0,50.0,83.08,50.0,75.0,-25.0,110.77,-1.0,-1.0,-25.0,0.87,0.87,,1.14,,,1.0,0.53,,,,,25.0,0.0,0.25,50.0,
4,臺北台新戰神,4|10|14|10867,張兆辰/雷蒙恩/錢肯尼/威力斯,1,45,52.0,859.01,14.32,14:19,859.01,14.32,14:19,32.0,32.0,61.54,80.46,25.0,25.0,48.08,62.86,21.0,21.0,40.38,52.8,14.0,14.0,26.92,35.2,15.0,15.0,28.85,37.72,11.0,11.0,21.15,27.66,6.0,6.0,11.54,15.09,3.0,3.0,5.77,7.54,3.0,3.0,5.77,7.54,1.0,1.0,1.92,2.51,3.0,3.0,5.77,7.54,5.0,5.0,9.62,12.57,2.0,2.0,3.85,5.03,10.0,10.0,19.23,25.15,3.0,3.0,5.77,7.54,8.0,8.0,15.38,20.12,2.0,2.0,3.85,5.03,1.0,1.0,1.92,2.51,4.0,4.0,7.69,10.06,2.0,2.0,3.85,5.03,61.54,48.08,13.46,87.17,7.0,7.0,13.46,14.32,14.32,0.74,0.72,0.73,0.5,0.33,0.12,0.57,0.23,0.71,0.4,3.85,1.92,0.08,3.85,0.14
4,臺北台新戰神,4|10|10867|10870,張兆辰/雷蒙恩/威力斯/洛夫頓,4,89,99.0,1521.49,25.36,25:21,380.37,6.34,06:20,60.0,15.0,60.61,85.18,55.0,13.75,55.56,78.08,40.0,10.0,40.4,56.79,26.0,6.5,26.26,36.91,27.0,6.75,27.27,38.33,21.0,5.25,21.21,29.81,13.0,3.25,13.13,18.46,5.0,1.25,5.05,7.1,7.0,1.75,7.07,9.94,3.0,0.75,3.03,4.26,6.0,1.5,6.06,8.52,10.0,2.5,10.1,14.2,4.0,1.0,4.04,5.68,17.0,4.25,17.17,24.13,6.0,1.5,6.06,8.52,12.0,3.0,12.12,17.04,4.0,1.0,4.04,5.68,1.0,0.25,1.01,1.42,9.0,2.25,9.09,12.78,4.0,1.0,4.04,5.68,60.61,55.56,5.05,93.7,5.0,1.25,5.05,25.36,6.34,0.71,0.7,0.78,0.38,0.43,0.12,0.46,0.26,0.71,0.43,4.04,1.01,0.09,4.04,0.18
4,臺北台新戰神,4|14|10867|10870,張兆辰/錢肯尼/威力斯/洛夫頓,4,159,192.0,2571.44,42.86,42:51,642.86,10.71,10:43,88.0,22.0,45.83,73.92,91.0,22.75,47.4,76.44,72.0,18.0,37.5,60.48,33.0,8.25,17.19,27.72,45.0,11.25,23.44,37.8,23.0,5.75,11.98,19.32,27.0,6.75,14.06,22.68,10.0,2.5,5.21,8.4,15.0,3.75,7.81,12.6,9.0,2.25,4.69,7.56,13.0,3.25,6.77,10.92,29.0,7.25,15.1,24.36,12.0,3.0,6.25,10.08,29.0,7.25,15.1,24.36,12.0,3.0,6.25,10.08,16.0,4.0,8.33,13.44,7.0,1.75,3.65,5.88,2.0,0.5,1.04,1.68,17.0,4.25,8.85,14.28,22.0,5.5,11.46,18.48,45.83,47.4,-1.56,107.52,-3.0,-0.75,-1.56,42.86,10.71,0.53,0.56,0.51,0.37,0.6,0.13,0.48,0.31,0.71,0.51,3.65,1.04,0.09,11.46,0.21
4,臺北台新戰神,10|14|10867|10870,雷蒙恩/錢肯尼/威力斯/洛夫頓,3,94,110.0,1627.82,27.13,27:08,542.61,9.04,09:03,56.0,18.67,50.91,74.31,54.0,18.0,49.09,71.65,43.0,14.33,39.09,57.06,24.0,8.0,21.82,31.85,29.0,9.67,26.36,38.48,20.0,6.67,18.18,26.54,14.0,4.67,12.73,18.58,4.0,1.33,3.64,5.31,6.0,2.0,5.45,7.96,4.0,1.33,3.64,5.31,10.0,3.33,9.09,13.27,10.0,3.33,9.09,13.27,2.0,0.67,1.82,2.65,16.0,5.33,14.55,21.23,10.0,3.33,9.09,13.27,11.0,3.67,10.0,14.6,7.0,2.33,6.36,9.29,1.0,0.33,0.91,1.33,6.0,2.0,5.45,7.96,13.0,4.33,11.82,17.25,50.91,49.09,1.82,97.31,2.0,0.67,1.82,27.13,9.04,0.6,0.61,0.69,0.29,0.67,0.18,0.46,0.38,0.83,0.53,6.36,0.91,0.05,11.82,0.14
4,臺北台新戰神,2|10|14|10867,江均/雷蒙恩/錢肯尼/威力斯,1,1,1.0,0.86,0.01,00:01,0.86,0.01,00:01,1.0,1.0,100.0,2508.71,0.0,0.0,0.0,0.0,0.0,0.0,0.0,0.0,0.0,0.0,0.0,0.0,0.0,0.0,0.0,0.0,0.0,0.0,0.0,0.0,0.0,0.0,0.0,0.0,0.0,0.0,0.0,0.0,1.0,1.0,100.0,2508.71,1.0,1.0,100.0,2508.71,0.0,0.0,0.0,0.0,0.0,0.0,0.0,0.0,0.0,0.0,0.0,0.0,0.0,0.0,0.0,0.0,0.0,0.0,0.0,0.0,0.0,0.0,0.0,0.0,0.0,0.0,0.0,0.0,0.0,0.0,0.0,0.0,0.0,0.0,0.0,0.0,0.0,0.0,0.0,0.0,100.0,0.0,100.0,1672.47,1.0,1.0,100.0,0.01,0.01,,1.14,,,1.0,0.0,,,,,0.0,0.0,0.0,0.0,
4,臺北台新戰神,2|10|14|10870,江均/雷蒙恩/錢肯尼/洛夫頓,1,10,11.0,117.99,1.97,01:58,117.99,1.97,01:58,4.0,4.0,36.36,73.22,5.0,5.0,45.45,91.53,3.0,3.0,27.27,54.92,1.0,1.0,9.09,18.31,0.0,0.0,0.0,0.0,0.0,0.0,0.0,0.0,3.0,3.0,27.27,54.92,1.0,1.0,9.09,18.31,1.0,1.0,9.09,18.31,1.0,1.0,9.09,18.31,1.0,1.0,9.09,18.31,1.0,1.0,9.09,18.31,0.0,0.0,0.0,0.0,0.0,0.0,0.0,0.0,2.0,2.0,18.18,36.61,0.0,0.0,0.0,0.0,1.0,1.0,9.09,18.31,0.0,0.0,0.0,0.0,0.0,0.0,0.0,0.0,1.0,1.0,9.09,18.31,36.36,45.45,-9.09,134.24,-1.0,-1.0,-9.09,1.97,1.97,0.5,0.58,,0.33,1.0,0.37,0.0,1.0,1.0,1.0,9.09,0.0,0.0,9.09,0.33
4,臺北台新戰神,2|10|10867|10870,江均/雷蒙恩/威力斯/洛夫頓,2,6,6.0,71.86,1.2,01:12,35.93,0.6,00:36,5.0,2.5,83.33,150.29,5.0,2.5,83.33,150.29,2.0,1.0,33.33,60.12,2.0,1.0,33.33,60.12,2.0,1.0,33.33,60.12,2.0,1.0,33.33,60.12,0.0,0.0,0.0,0.0,0.0,0.0,0.0,0.0,1.0,0.5,16.67,30.06,1.0,0.5,16.67,30.06,0.0,0.0,0.0,0.0,0.0,0.0,0.0,0.0,0.0,0.0,0.0,0.0,0.0,0.0,0.0,0.0,1.0,0.5,16.67,30.06,0.0,0.0,0.0,0.0,0.0,0.0,0.0,0.0,0.0,0.0,0.0,0.0,0.0,0.0,0.0,0.0,0.0,0.0,0.0,0.0,83.33,83.33,0.0,120.23,0.0,0.0,0.0,1.2,0.6,1.0,1.02,1.0,,1.0,0.29,0.0,,,,0.0,0.0,0.0,0.0,0.5
4,臺北台新戰神,2|14|10867|10870,江均/錢肯尼/威力斯/洛夫頓,2,11,14.0,97.77,1.63,01:38,48.89,0.81,00:49,1.0,0.5,7.14,22.09,6.0,3.0,42.86,132.55,3.0,1.5,21.43,66.28,0.0,0.0,0.0,0.0,3.0,1.5,21.43,66.28,0.0,0.0,0.0,0.0,0.0,0.0,0.0,0.0,0.0,0.0,0.0,0.0,3.0,1.5,21.43,66.28,1.0,0.5,7.14,22.09,0.0,0.0,0.0,0.0,4.0,2.0,28.57,88.37,1.0,0.5,7.14,22.09,1.0,0.5,7.14,22.09,2.0,1.0,14.29,44.18,0.0,0.0,0.0,0.0,2.0,1.0,14.29,44.18,2.0,1.0,14.29,44.18,1.0,0.5,7.14,22.09,1.0,0.5,7.14,22.09,7.14,42.86,-35.71,206.19,-5.0,-2.5,-35.71,1.63,0.81,0.0,0.12,0.0,,0.33,0.32,,0.0,0.8,0.67,14.29,14.29,0.07,7.14,1.0
4,臺北台新戰神,2|10|14|10869,江均/雷蒙恩/錢肯尼/基德,1,9,10.0,117.13,1.95,01:57,117.13,1.95,01:57,3.0,3.0,30.0,55.32,5.0,5.0,50.0,92.2,3.0,3.0,30.0,55.32,1.0,1.0,10.0,18.44,0.0,0.0,0.0,0.0,0.0,0.0,0.0,0.0,3.0,3.0,30.0,55.32,1.0,1.0,10.0,18.44,0.0,0.0,0.0,0.0,0.0,0.0,0.0,0.0,1.0,1.0,10.0,18.44,1.0,1.0,10.0,18.44,0.0,0.0,0.0,0.0,0.0,0.0,0.0,0.0,2.0,2.0,20.0,36.88,0.0,0.0,0.0,0.0,1.0,1.0,10.0,18.44,0.0,0.0,0.0,0.0,0.0,0.0,0.0,0.0,1.0,1.0,10.0,18.44,30.0,50.0,-20.0,122.94,-2.0,-2.0,-20.0,1.95,1.95,0.5,0.5,,0.33,,0.4,0.0,1.0,1.0,1.0,10.0,0.0,0.0,10.0,0.0
4,臺北台新戰神,2|14|10869|10870,江均/錢肯尼/基德/洛夫頓,1,10,13.0,127.42,2.12,02:07,127.42,2.12,02:07,3.0,3.0,23.08,50.86,5.0,5.0,38.46,84.76,3.0,3.0,23.08,50.86,1.0,1.0,7.69,16.95,0.0,0.0,0.0,0.0,0.0,0.0,0.0,0.0,3.0,3.0,23.08,50.86,1.0,1.0,7.69,16.95,0.0,0.0,0.0,0.0,0.0,0.0,0.0,0.0,1.0,1.0,7.69,16.95,1.0,1.0,7.69,16.95,2.0,2.0,15.38,33.9,0.0,0.0,0.0,0.0,2.0,2.0,15.38,33.9,0.0,0.0,0.0,0.0,1.0,1.0,7.69,16.95,0.0,0.0,0.0,0.0,0.0,0.0,0.0,0.0,1.0,1.0,7.69,16.95,23.08,38.46,-15.38,146.92,-2.0,-2.0,-15.38,2.12,2.12,0.5,0.5,,0.33,,0.4,0.0,1.0,0.33,0.5,7.69,0.0,0.0,7.69,0.0
4,桃園台啤永豐雲豹,54|58|68|10861,高錦瑋/林信寬/克羅馬/迪亞洛,13,272,326.0,4035.88,67.26,67:16,310.45,5.17,05:10,145.0,11.15,44.48,77.6,136.0,10.46,41.72,72.79,119.0,9.15,36.5,63.69,50.0,3.85,15.34,26.76,78.0,6.0,23.93,41.75,39.0,3.0,11.96,20.87,41.0,3.15,12.58,21.94,11.0,0.85,3.37,5.89,46.0,3.54,14.11,24.62,35.0,2.69,10.74,18.73,24.0,1.85,7.36,12.84,49.0,3.77,15.03,26.22,21.0,1.62,6.44,11.24,52.0,4.0,15.95,27.83,19.0,1.46,5.83,10.17,31.0,2.38,9.51,16.59,11.0,0.85,3.37,5.89,2.0,0.15,0.61,1.07,33.0,2.54,10.12,17.66,26.0,2.0,7.98,13.92,44.48,41.72,2.76,116.32,9.0,0.69,2.76,67.26,5.17,0.47,0.52,0.5,0.27,0.76,0.12,0.62,0.32,0.7,0.5,3.37,0.61,0.1,7.98,0.39
4,桃園台啤永豐雲豹,54|62|68|10861,高錦瑋/王皓吉/克羅馬/迪亞洛,12,488,588.0,7852.94,130.88,130:53,654.41,10.91,10:54,291.0,24.25,49.49,80.04,239.0,19.92,40.65,65.74,226.0,18.83,38.44,62.16,109.0,9.08,18.54,29.98,137.0,11.42,23.3,37.68,77.0,6.42,13.1,21.18,89.0,7.42,15.14,24.48,32.0,2.67,5.44,8.8,59.0,4.92,10.03,16.23,41.0,3.42,6.97,11.28,43.0,3.58,7.31,11.83,83.0,6.92,14.12,22.83,35.0,2.92,5.95,9.63,92.0,7.67,15.65,25.31,44.0,3.67,7.48,12.1,61.0,5.08,10.37,16.78,22.0,1.83,3.74,6.05,10.0,0.83,1.7,2.75,52.0,4.33,8.84,14.3,50.0,4.17,8.5,13.75,49.49,40.65,8.84,107.82,52.0,4.33,8.84,130.88,10.91,0.55,0.58,0.56,0.36,0.69,0.15,0.56,0.32,0.7,0.5,3.74,1.7,0.09,8.5,0.26
4,桃園台啤永豐雲豹,58|62|68|10861,林信寬/王皓吉/克羅馬/迪亞洛,8,66,84.0,965.03,16.08,16:05,120.63,2.01,02:01,35.0,4.38,41.67,78.34,28.0,3.5,33.33,62.67,30.0,3.75,35.71,67.15,13.0,1.62,15.48,29.1,19.0,2.38,22.62,42.53,11.0,1.38,13.1,24.62,11.0,1.38,13.1,24.62,2.0,0.25,2.38,4.48,10.0,1.25,11.9,22.38,7.0,0.88,8.33,15.67,10.0,1.25,11.9,22.38,8.0,1.0,9.52,17.91,6.0,0.75,7.14,13.43,11.0,1.38,13.1,24.62,7.0,0.88,8.33,15.67,7.0,0.88,8.33,15.67,4.0,0.5,4.76,8.95,0.0,0.0,0.0,0.0,7.0,0.88,8.33,15.67,4.0,0.5,4.76,8.95,41.67,33.33,8.33,125.34,7.0,0.88,8.33,16.08,2.01,0.47,0.51,0.58,0.18,0.7,0.17,0.54,0.48,0.57,0.51,4.76,0.0,0.08,4.76,0.33
4,桃園台啤永豐雲豹,54|58|68|10884,高錦瑋/林信寬/克羅馬/徐宏瑋,5,48,63.0,758.79,12.65,12:39,151.76,2.53,02:32,21.0,4.2,33.33,59.78,18.0,3.6,28.57,51.24,24.0,4.8,38.1,68.32,7.0,1.4,11.11,19.93,13.0,2.6,20.63,37.01,5.0,1.0,7.94,14.23,11.0,2.2,17.46,31.31,2.0,0.4,3.17,5.69,9.0,1.8,14.29,25.62,4.0,0.8,6.35,11.39,9.0,1.8,14.29,25.62,12.0,2.4,19.05,34.16,4.0,0.8,6.35,11.39,9.0,1.8,14.29,25.62,3.0,0.6,4.76,8.54,6.0,1.2,9.52,17.08,3.0,0.6,4.76,8.54,1.0,0.2,1.59,2.85,8.0,1.6,12.7,22.77,4.0,0.8,6.35,11.39,33.33,28.57,4.76,119.56,3.0,0.6,4.76,12.65,2.53,0.33,0.38,0.38,0.18,0.44,0.1,0.86,0.5,0.75,0.62,4.76,1.59,0.13,6.35,0.38
4,桃園台啤永豐雲豹,54|58|10861|10884,高錦瑋/林信寬/迪亞洛/徐宏瑋,1,4,7.0,59.28,0.99,00:59,59.28,0.99,00:59,3.0,3.0,42.86,109.31,0.0,0.0,0.0,0.0,4.0,4.0,57.14,145.74,0.0,0.0,0.0,0.0,1.0,1.0,14.29,36.44,0.0,0.0,0.0,0.0,3.0,3.0,42.86,109.31,0.0,0.0,0.0,0.0,2.0,2.0,28.57,72.87,2.0,2.0,28.57,72.87,4.0,4.0,57.14,145.74,0.0,0.0,0.0,0.0,0.0,0.0,0.0,0.0,1.0,1.0,14.29,36.44,0.0,0.0,0.0,0.0,1.0,1.0,14.29,36.44,0.0,0.0,0.0,0.0,1.0,1.0,14.29,36.44,2.0,2.0,28.57,72.87,0.0,0.0,0.0,0.0,42.86,0.0,42.86,170.03,3.0,3.0,42.86,0.99,0.99,0.0,0.31,0.0,0.0,1.0,0.0,,0.8,,0.8,0.0,14.29,0.29,0.0,0.5
4,桃園台啤永豐雲豹,54|68|10861|10884,高錦瑋/克羅馬/迪亞洛/徐宏瑋,3,18,23.0,294.14,4.9,04:54,98.05,1.63,01:38,8.0,2.67,34.78,58.75,12.0,4.0,52.17,88.12,9.0,3.0,39.13,66.09,2.0,0.67,8.7,14.69,2.0,0.67,8.7,14.69,1.0,0.33,4.35,7.34,7.0,2.33,30.43,51.4,1.0,0.33,4.35,7.34,2.0,0.67,8.7,14.69,2.0,0.67,8.7,14.69,4.0,1.33,17.39,29.37,3.0,1.0,13.04,22.03,1.0,0.33,4.35,7.34,2.0,0.67,8.7,14.69,2.0,0.67,8.7,14.69,2.0,0.67,8.7,14.69,1.0,0.33,4.35,7.34,1.0,0.33,4.35,7.34,2.0,0.67,8.7,14.69,1.0,0.33,4.35,7.34,34.78,52.17,-17.39,112.6,-4.0,-1.33,-17.39,4.9,1.63,0.28,0.4,0.5,0.14,1.0,0.17,1.0,0.67,0.75,0.7,4.35,4.35,0.09,4.35,0.22
4,桃園台啤永豐雲豹,58|68|10861|10884,林信寬/克羅馬/迪亞洛/徐宏瑋,3,21,27.0,238.99,3.98,03:59,79.66,1.33,01:20,10.0,3.33,37.04,90.38,11.0,3.67,40.74,99.42,8.0,2.67,29.63,72.31,2.0,0.67,7.41,18.08,5.0,1.67,18.52,45.19,2.0,0.67,7.41,18.08,3.0,1.0,11.11,27.11,0.0,0.0,0.0,0.0,8.0,2.67,29.63,72.31,6.0,2.0,22.22,54.23,4.0,1.33,14.81,36.15,4.0,1.33,14.81,36.15,2.0,0.67,7.41,18.08,2.0,0.67,7.41,18.08,2.0,0.67,7.41,18.08,3.0,1.0,11.11,27.11,2.0,0.67,7.41,18.08,1.0,0.33,3.7,9.04,3.0,1.0,11.11,27.11,4.0,1.33,14.81,36.15,37.04,40.74,-3.7,162.69,-1.0,-0.33,-3.7,3.98,1.33,0.25,0.43,0.4,0.0,0.75,0.15,1.5,0.67,0.67,0.67,7.41,3.7,0.11,14.81,1.0
4,臺北台新戰神,2|7|14|10869,江均/孫思堯/錢肯尼/基德,1,1,3.0,10.28,0.17,00:10,10.28,0.17,00:10,0.0,0.0,0.0,0.0,0.0,0.0,0.0,0.0,0.0,0.0,0.0,0.0,0.0,0.0,0.0,0.0,0.0,0.0,0.0,0.0,0.0,0.0,0.0,0.0,0.0,0.0,0.0,0.0,0.0,0.0,0.0,0.0,0.0,0.0,0.0,0.0,0.0,0.0,0.0,0.0,0.0,0.0,0.0,0.0,0.0,0.0,0.0,0.0,2.0,2.0,66.67,420.11,0.0,0.0,0.0,0.0,0.0,0.0,0.0,0.0,0.0,0.0,0.0,0.0,0.0,0.0,0.0,0.0,0.0,0.0,0.0,0.0,0.0,0.0,0.0,0.0,0.0,0.0,0.0,0.0,0.0,0.0,0.0,420.11,0.0,0.0,0.0,0.17,0.17,,,,,,,,,0.0,0.0,0.0,0.0,0.0,0.0,
4,臺北台新戰神,2|7|14|10870,江均/孫思堯/錢肯尼/洛夫頓,1,1,3.0,10.28,0.17,00:10,10.28,0.17,00:10,0.0,0.0,0.0,0.0,0.0,0.0,0.0,0.0,0.0,0.0,0.0,0.0,0.0,0.0,0.0,0.0,0.0,0.0,0.0,0.0,0.0,0.0,0.0,0.0,0.0,0.0,0.0,0.0,0.0,0.0,0.0,0.0,0.0,0.0,0.0,0.0,0.0,0.0,0.0,0.0,0.0,0.0,0.0,0.0,0.0,0.0,0.0,0.0,2.0,2.0,66.67,420.11,0.0,0.0,0.0,0.0,0.0,0.0,0.0,0.0,0.0,0.0,0.0,0.0,0.0,0.0,0.0,0.0,0.0,0.0,0.0,0.0,0.0,0.0,0.0,0.0,0.0,0.0,0.0,0.0,0.0,0.0,0.0,420.11,0.0,0.0,0.0,0.17,0.17,,,,,,,,,0.0,0.0,0.0,0.0,0.0,0.0,
4,臺北台新戰神,2|7|10869|10870,江均/孫思堯/基德/洛夫頓,1,1,3.0,10.28,0.17,00:10,10.28,0.17,00:10,0.0,0.0,0.0,0.0,0.0,0.0,0.0,0.0,0.0,0.0,0.0,0.0,0.0,0.0,0.0,0.0,0.0,0.0,0.0,0.0,0.0,0.0,0.0,0.0,0.0,0.0,0.0,0.0,0.0,0.0,0.0,0.0,0.0,0.0,0.0,0.0,0.0,0.0,0.0,0.0,0.0,0.0,0.0,0.0,0.0,0.0,0.0,0.0,2.0,2.0,66.67,420.11,0.0,0.0,0.0,0.0,0.0,0.0,0.0,0.0,0.0,0.0,0.0,0.0,0.0,0.0,0.0,0.0,0.0,0.0,0.0,0.0,0.0,0.0,0.0,0.0,0.0,0.0,0.0,0.0,0.0,0.0,0.0,420.11,0.0,0.0,0.0,0.17,0.17,,,,,,,,,0.0,0.0,0.0,0.0,0.0,0.0,
4,桃園台啤永豐雲豹,12|58|68|10861,曹薰襄/林信寬/克羅馬/迪亞洛,9,134,161.0,1885.23,31.42,31:25,209.47,3.49,03:29,70.0,7.78,43.48,80.2,74.0,8.22,45.96,84.79,52.0,5.78,32.3,59.58,28.0,3.11,17.39,32.08,42.0,4.67,26.09,48.12,25.0,2.78,15.53,28.64,10.0,1.11,6.21,11.46,3.0,0.33,1.86,3.44,24.0,2.67,14.91,27.5,14.0,1.56,8.7,16.04,3.0,0.33,1.86,3.44,25.0,2.78,15.53,28.64,14.0,1.56,8.7,16.04,21.0,2.33,13.04,24.06,10.0,1.11,6.21,11.46,16.0,1.78,9.94,18.33,8.0,0.89,4.97,9.17,1.0,0.11,0.62,1.15,16.0,1.78,9.94,18.33,11.0,1.22,6.83,12.6,43.48,45.96,-2.48,122.98,-4.0,-0.44,-2.48,31.42,3.49,0.57,0.56,0.6,0.3,0.58,0.14,0.57,0.12,0.64,0.44,4.97,0.62,0.1,6.83,0.46
4,桃園台啤永豐雲豹,12|58|68|10884,曹薰襄/林信寬/克羅馬/徐宏瑋,7,48,56.0,649.45,10.82,10:49,92.78,1.55,01:33,34.0,4.86,60.71,113.08,27.0,3.86,48.21,89.8,17.0,2.43,30.36,56.54,11.0,1.57,19.64,36.58,13.0,1.86,23.21,43.24,8.0,1.14,14.29,26.61,4.0,0.57,7.14,13.3,3.0,0.43,5.36,9.98,13.0,1.86,23.21,43.24,10.0,1.43,17.86,33.26,1.0,0.14,1.79,3.33,7.0,1.0,12.5,23.28,6.0,0.86,10.71,19.96,5.0,0.71,8.93,16.63,3.0,0.43,5.36,9.98,8.0,1.14,14.29,26.61,2.0,0.29,3.57,6.65,1.0,0.14,1.79,3.33,4.0,0.57,7.14,13.3,6.0,0.86,10.71,19.96,60.71,48.21,12.5,124.17,7.0,1.0,12.5,10.82,1.55,0.74,0.75,0.62,0.75,0.77,0.12,0.73,0.17,0.54,0.42,3.57,1.79,0.07,10.71,0.76
4,桃園台啤永豐雲豹,12|68|10861|10884,曹薰襄/克羅馬/迪亞洛/徐宏瑋,5,26,30.0,341.46,5.69,05:41,68.29,1.14,01:08,15.0,3.0,50.0,94.89,17.0,3.4,56.67,107.54,8.0,1.6,26.67,50.61,5.0,1.0,16.67,31.63,6.0,1.2,20.0,37.95,3.0,0.6,10.0,18.98,2.0,0.4,6.67,12.65,2.0,0.4,6.67,12.65,6.0,1.2,20.0,37.95,4.0,0.8,13.33,25.3,0.0,0.0,0.0,0.0,5.0,1.0,16.67,31.63,3.0,0.6,10.0,18.98,3.0,0.6,10.0,18.98,2.0,0.4,6.67,12.65,5.0,1.0,16.67,31.63,2.0,0.4,6.67,12.65,0.0,0.0,0.0,0.0,1.0,0.2,3.33,6.33,8.0,1.6,26.67,50.61,50.0,56.67,-6.67,126.51,-2.0,-0.4,-6.67,5.69,1.14,0.75,0.7,0.5,1.0,0.67,0.16,1.0,0.0,0.62,0.45,6.67,0.0,0.03,26.67,0.75
4,桃園台啤永豐雲豹,12|16|58|3129,曹薰襄/米勒/林信寬/董永全,10,140,172.0,2272.15,37.87,37:52,227.22,3.79,03:47,57.0,5.7,33.14,54.19,57.0,5.7,33.14,54.19,63.0,6.3,36.63,59.89,21.0,2.1,12.21,19.96,42.0,4.2,24.42,39.93,17.0,1.7,9.88,16.16,21.0,2.1,12.21,19.96,4.0,0.4,2.33,3.8,19.0,1.9,11.05,18.06,11.0,1.1,6.4,10.46,15.0,1.5,8.72,14.26,28.0,2.8,16.28,26.62,12.0,1.2,6.98,11.41,34.0,3.4,19.77,32.32,17.0,1.7,9.88,16.16,13.0,1.3,7.56,12.36,7.0,0.7,4.07,6.65,6.0,0.6,3.49,5.7,12.0,1.2,6.98,11.41,11.0,1.1,6.4,10.46,33.14,33.14,0.0,109.01,0.0,0.0,0.0,37.87,3.79,0.37,0.4,0.4,0.19,0.58,0.19,0.62,0.31,0.7,0.48,4.07,3.49,0.07,6.4,0.3
4,桃園台啤永豐雲豹,12|58|3129|10861,曹薰襄/林信寬/董永全/迪亞洛,8,99,123.0,1789.56,29.83,29:50,223.7,3.73,03:44,48.0,6.0,39.02,57.94,43.0,5.38,34.96,51.9,41.0,5.12,33.33,49.49,19.0,2.38,15.45,22.93,30.0,3.75,24.39,36.21,16.0,2.0,13.01,19.31,11.0,1.38,8.94,13.28,3.0,0.38,2.44,3.62,17.0,2.12,13.82,20.52,7.0,0.88,5.69,8.45,10.0,1.25,8.13,12.07,17.0,2.12,13.82,20.52,11.0,1.38,8.94,13.28,29.0,3.62,23.58,35.0,11.0,1.38,8.94,13.28,8.0,1.0,6.5,9.66,6.0,0.75,4.88,7.24,1.0,0.12,0.81,1.21,10.0,1.25,8.13,12.07,11.0,1.38,8.94,13.28,39.02,34.96,4.07,98.97,5.0,0.62,4.07,29.83,3.73,0.5,0.5,0.53,0.27,0.41,0.18,0.42,0.26,0.61,0.4,4.88,0.81,0.08,8.94,0.41
4,桃園台啤永豐雲豹,16|58|3129|10861,米勒/林信寬/董永全/迪亞洛,6,64,82.0,1169.77,19.5,19:30,194.96,3.25,03:15,31.0,5.17,37.8,57.24,34.0,5.67,41.46,62.78,30.0,5.0,36.59,55.4,11.0,1.83,13.41,20.31,20.0,3.33,24.39,36.93,9.0,1.5,10.98,16.62,10.0,1.67,12.2,18.47,2.0,0.33,2.44,3.69,13.0,2.17,15.85,24.0,7.0,1.17,8.54,12.93,8.0,1.33,9.76,14.77,12.0,2.0,14.63,22.16,5.0,0.83,6.1,9.23,16.0,2.67,19.51,29.54,5.0,0.83,6.1,9.23,7.0,1.17,8.54,12.93,2.0,0.33,2.44,3.69,1.0,0.17,1.22,1.85,6.0,1.0,7.32,11.08,7.0,1.17,8.54,12.93,37.8,41.46,-3.66,100.94,-3.0,-0.5,-3.66,19.5,3.25,0.4,0.43,0.45,0.2,0.54,0.12,0.64,0.33,0.71,0.49,2.44,1.22,0.07,8.54,0.43
4,臺北台新戰神,10|10863|10865|10867,雷蒙恩/魏芃禾/謝銘駿/威力斯,2,18,21.0,230.84,3.85,03:51,115.42,1.92,01:55,4.0,2.0,19.05,37.43,6.0,3.0,28.57,56.14,10.0,5.0,47.62,93.57,1.0,0.5,4.76,9.36,4.0,2.0,19.05,37.43,0.0,0.0,0.0,0.0,6.0,3.0,28.57,56.14,1.0,0.5,4.76,9.36,2.0,1.0,9.52,18.71,1.0,0.5,4.76,9.36,2.0,1.0,9.52,18.71,8.0,4.0,38.1,74.86,0.0,0.0,0.0,0.0,4.0,2.0,19.05,37.43,0.0,0.0,0.0,0.0,1.0,0.5,4.76,9.36,0.0,0.0,0.0,0.0,2.0,1.0,9.52,18.71,1.0,0.5,4.76,9.36,4.0,2.0,19.05,37.43,19.05,28.57,-9.52,131.0,-2.0,-1.0,-9.52,3.85,1.92,0.15,0.18,0.0,0.17,0.5,0.0,1.0,0.33,1.0,0.71,0.0,9.52,0.05,19.05,0.2
4,臺北台新戰神,10|10863|10867|10869,雷蒙恩/魏芃禾/威力斯/基德,4,19,25.0,316.64,5.28,05:17,79.16,1.32,01:19,9.0,2.25,36.0,61.4,12.0,3.0,48.0,81.86,12.0,3.0,48.0,81.86,3.0,0.75,12.0,20.47,4.0,1.0,16.0,27.29,1.0,0.25,4.0,6.82,8.0,2.0,32.0,54.57,2.0,0.5,8.0,13.64,2.0,0.5,8.0,13.64,1.0,0.25,4.0,6.82,3.0,0.75,12.0,20.47,6.0,1.5,24.0,40.93,2.0,0.5,8.0,13.64,3.0,0.75,12.0,20.47,0.0,0.0,0.0,0.0,3.0,0.75,12.0,20.47,0.0,0.0,0.0,0.0,2.0,0.5,8.0,13.64,2.0,0.5,8.0,13.64,10.0,2.5,40.0,68.22,36.0,48.0,-12.0,113.7,-3.0,-0.75,-12.0,5.28,1.32,0.33,0.35,0.25,0.25,0.5,0.0,1.0,0.5,0.75,0.64,0.0,8.0,0.08,40.0,0.17
4,臺北台新戰神,10|10865|10867|10869,雷蒙恩/謝銘駿/威力斯/基德,8,147,184.0,2293.41,38.22,38:13,286.68,4.78,04:47,92.0,11.5,50.0,86.65,80.0,10.0,43.48,75.35,71.0,8.88,38.59,66.87,29.0,3.62,15.76,27.31,45.0,5.62,24.46,42.38,19.0,2.38,10.33,17.89,26.0,3.25,14.13,24.49,10.0,1.25,5.43,9.42,31.0,3.88,16.85,29.2,24.0,3.0,13.04,22.6,17.0,2.12,9.24,16.01,29.0,3.62,15.76,27.31,10.0,1.25,5.43,9.42,26.0,3.25,14.13,24.49,9.0,1.12,4.89,8.48,20.0,2.5,10.87,18.84,3.0,0.38,1.63,2.83,3.0,0.38,1.63,2.83,20.0,2.5,10.87,18.84,30.0,3.75,16.3,28.25,50.0,43.48,6.52,115.53,12.0,1.5,6.52,38.22,4.78,0.48,0.54,0.42,0.38,0.77,0.1,0.69,0.4,0.74,0.56,1.63,1.63,0.11,16.3,0.44
4,臺北台新戰神,10863|10865|10867|10869,魏芃禾/謝銘駿/威力斯/基德,5,47,61.0,773.19,12.89,12:53,154.64,2.58,02:35,27.0,5.4,44.26,75.43,14.0,2.8,22.95,39.11,22.0,4.4,36.07,61.46,8.0,1.6,13.11,22.35,13.0,2.6,21.31,36.32,6.0,1.2,9.84,16.76,9.0,1.8,14.75,25.14,2.0,0.4,3.28,5.59,12.0,2.4,19.67,33.52,9.0,1.8,14.75,25.14,4.0,0.8,6.56,11.17,12.0,2.4,19.67,33.52,6.0,1.2,9.84,16.76,15.0,3.0,24.59,41.9,1.0,0.2,1.64,2.79,4.0,0.8,6.56,11.17,1.0,0.2,1.64,2.79,2.0,0.4,3.28,5.59,6.0,1.2,9.84,16.76,13.0,2.6,21.31,36.32,44.26,22.95,21.31,113.61,13.0,2.6,21.31,12.89,2.58,0.41,0.49,0.46,0.22,0.75,0.04,0.5,0.21,0.67,0.43,1.64,3.28,0.1,21.31,0.55
4,臺北台新戰神,3|10863|10865|10867,陳文宏/魏芃禾/謝銘駿/威力斯,4,29,38.0,458.59,7.64,07:39,114.65,1.91,01:55,14.0,3.5,36.84,65.94,7.0,1.75,18.42,32.97,11.0,2.75,28.95,51.81,4.0,1.0,10.53,18.84,8.0,2.0,21.05,37.68,4.0,1.0,10.53,18.84,3.0,0.75,7.89,14.13,0.0,0.0,0.0,0.0,6.0,1.5,15.79,28.26,6.0,1.5,15.79,28.26,1.0,0.25,2.63,4.71,7.0,1.75,18.42,32.97,6.0,1.5,15.79,28.26,11.0,2.75,28.95,51.81,1.0,0.25,2.63,4.71,1.0,0.25,2.63,4.71,1.0,0.25,2.63,4.71,1.0,0.25,2.63,4.71,3.0,0.75,7.89,14.13,7.0,1.75,18.42,32.97,36.84,18.42,18.42,119.32,7.0,1.75,18.42,7.64,1.91,0.36,0.51,0.5,0.0,1.0,0.07,0.25,0.08,0.54,0.32,2.63,2.63,0.08,18.42,0.55
4,臺北台新戰神,3|10863|10865|10869,陳文宏/魏芃禾/謝銘駿/基德,4,31,46.0,551.59,9.19,09:12,137.9,2.3,02:18,14.0,3.5,30.43,54.82,11.0,2.75,23.91,43.08,14.0,3.5,30.43,54.82,4.0,1.0,8.7,15.66,10.0,2.5,21.74,39.16,4.0,1.0,8.7,15.66,4.0,1.0,8.7,15.66,0.0,0.0,0.0,0.0,6.0,1.5,13.04,23.5,6.0,1.5,13.04,23.5,3.0,0.75,6.52,11.75,8.0,2.0,17.39,31.33,9.0,2.25,19.57,35.24,11.0,2.75,23.91,43.08,1.0,0.25,2.17,3.92,1.0,0.25,2.17,3.92,1.0,0.25,2.17,3.92,1.0,0.25,2.17,3.92,3.0,0.75,6.52,11.75,7.0,1.75,15.22,27.41,30.43,23.91,6.52,120.09,3.0,0.75,6.52,9.19,2.3,0.29,0.42,0.4,0.0,1.0,0.06,0.25,0.21,0.47,0.35,2.17,2.17,0.07,15.22,0.43
4,臺北台新戰神,3|10863|10867|10869,陳文宏/魏芃禾/威力斯/基德,4,37,47.0,588.19,9.8,09:48,147.05,2.45,02:27,14.0,3.5,29.79,51.41,13.0,3.25,27.66,47.74,14.0,3.5,29.79,51.41,4.0,1.0,8.51,14.69,10.0,2.5,21.28,36.72,4.0,1.0,8.51,14.69,4.0,1.0,8.51,14.69,0.0,0.0,0.0,0.0,6.0,1.5,12.77,22.03,6.0,1.5,12.77,22.03,1.0,0.25,2.13,3.67,10.0,2.5,21.28,36.72,7.0,1.75,14.89,25.71,12.0,3.0,25.53,44.07,2.0,0.5,4.26,7.34,1.0,0.25,2.13,3.67,2.0,0.5,4.26,7.34,1.0,0.25,2.13,3.67,3.0,0.75,6.38,11.02,9.0,2.25,19.15,33.05,29.79,27.66,2.13,115.07,1.0,0.25,2.13,9.8,2.45,0.29,0.42,0.4,0.0,1.0,0.11,0.25,0.08,0.59,0.37,4.26,2.13,0.06,19.15,0.43
4,臺北台新戰神,3|10865|10867|10869,陳文宏/謝銘駿/威力斯/基德,5,63,78.0,992.52,16.54,16:33,198.5,3.31,03:19,33.0,6.6,42.31,71.82,32.0,6.4,41.03,69.64,25.0,5.0,32.05,54.41,11.0,2.2,14.1,23.94,18.0,3.6,23.08,39.17,9.0,1.8,11.54,19.59,7.0,1.4,8.97,15.23,2.0,0.4,2.56,4.35,10.0,2.0,12.82,21.76,9.0,1.8,11.54,19.59,5.0,1.0,6.41,10.88,11.0,2.2,14.1,23.94,8.0,1.6,10.26,17.41,16.0,3.2,20.51,34.82,5.0,1.0,6.41,10.88,3.0,0.6,3.85,6.53,3.0,0.6,3.85,6.53,1.0,0.2,1.28,2.18,9.0,1.8,11.54,19.59,13.0,2.6,16.67,28.29,42.31,41.03,1.28,113.17,1.0,0.2,1.28,16.54,3.31,0.48,0.56,0.5,0.29,0.9,0.15,0.27,0.24,0.58,0.4,3.85,1.28,0.12,16.67,0.4
4,臺北台新戰神,3|10|10865|10869,陳文宏/雷蒙恩/謝銘駿/基德,2,22,25.0,319.5,5.33,05:20,159.75,2.66,02:40,10.0,5.0,40.0,67.61,20.0,10.0,80.0,135.21,6.0,3.0,24.0,40.56,4.0,2.0,16.0,27.04,3.0,1.5,12.0,20.28,3.0,1.5,12.0,20.28,3.0,1.5,12.0,20.28,1.0,0.5,4.0,6.76,2.0,1.0,8.0,13.52,1.0,0.5,4.0,6.76,0.0,0.0,0.0,0.0,3.0,1.5,12.0,20.28,2.0,1.0,8.0,13.52,2.0,1.0,8.0,13.52,3.0,1.5,12.0,20.28,1.0,0.5,4.0,6.76,1.0,0.5,4.0,6.76,0.0,0.0,0.0,0.0,5.0,2.5,20.0,33.8,5.0,2.5,20.0,33.8,40.0,80.0,-40.0,112.68,-10.0,-5.0,-40.0,5.33,2.66,0.75,0.73,1.0,0.33,0.5,0.3,0.25,0.0,0.6,0.43,4.0,0.0,0.2,20.0,0.33
4,臺北台新戰神,10|14|10865|10867,雷蒙恩/錢肯尼/謝銘駿/威力斯,6,73,85.0,1034.67,17.24,17:15,172.44,2.87,02:52,44.0,7.33,51.76,91.86,35.0,5.83,41.18,73.07,33.0,5.5,38.82,68.89,16.0,2.67,18.82,33.4,26.0,4.33,30.59,54.28,12.0,2.0,14.12,25.05,7.0,1.17,8.24,14.61,4.0,0.67,4.71,8.35,11.0,1.83,12.94,22.96,8.0,1.33,9.41,16.7,7.0,1.17,8.24,14.61,10.0,1.67,11.76,20.88,5.0,0.83,5.88,10.44,15.0,2.5,17.65,31.31,4.0,0.67,4.71,8.35,9.0,1.5,10.59,18.79,4.0,0.67,4.71,8.35,2.0,0.33,2.35,4.18,6.0,1.0,7.06,12.53,6.0,1.0,7.06,12.53,51.76,41.18,10.59,118.3,9.0,1.5,10.59,17.24,2.87,0.55,0.58,0.46,0.57,0.73,0.1,0.56,0.32,0.67,0.46,4.71,2.35,0.07,7.06,0.33
4,臺北台新戰神,10|10865|10867|10870,雷蒙恩/謝銘駿/威力斯/洛夫頓,4,58,64.0,897.67,14.96,14:58,224.42,3.74,03:44,30.0,7.5,46.88,72.19,36.0,9.0,56.25,86.62,26.0,6.5,40.62,62.56,12.0,3.0,18.75,28.87,15.0,3.75,23.44,36.09,10.0,2.5,15.62,24.06,11.0,2.75,17.19,26.47,2.0,0.5,3.12,4.81,6.0,1.5,9.38,14.44,4.0,1.0,6.25,9.62,6.0,1.5,9.38,14.44,9.0,2.25,14.06,21.66,2.0,0.5,3.12,4.81,11.0,2.75,17.19,26.47,3.0,0.75,4.69,7.22,4.0,1.0,6.25,9.62,3.0,0.75,4.69,7.22,0.0,0.0,0.0,0.0,8.0,2.0,12.5,19.25,3.0,0.75,4.69,7.22,46.88,56.25,-9.38,102.67,-6.0,-1.5,-9.38,14.96,3.74,0.5,0.52,0.67,0.18,0.67,0.09,0.33,0.35,0.82,0.54,4.69,0.0,0.12,4.69,0.23
4,臺北台新戰神,14|10865|10867|10870,錢肯尼/謝銘駿/威力斯/洛夫頓,5,94,112.0,1957.18,32.62,32:37,391.44,6.52,06:31,43.0,8.6,38.39,47.46,43.0,8.6,38.39,47.46,32.0,6.4,28.57,35.32,12.0,2.4,10.71,13.24,20.0,4.0,17.86,22.07,7.0,1.4,6.25,7.73,12.0,2.4,10.71,13.24,5.0,1.0,4.46,5.52,18.0,3.6,16.07,19.87,11.0,2.2,9.82,12.14,4.0,0.8,3.57,4.41,19.0,3.8,16.96,20.97,6.0,1.2,5.36,6.62,18.0,3.6,16.07,19.87,9.0,1.8,8.04,9.93,6.0,1.2,5.36,6.62,5.0,1.0,4.46,5.52,3.0,0.6,2.68,3.31,12.0,2.4,10.71,13.24,7.0,1.4,6.25,7.73,38.39,38.39,0.0,82.4,0.0,0.0,0.0,32.62,6.52,0.45,0.54,0.35,0.42,0.61,0.18,0.5,0.18,0.76,0.49,4.46,2.68,0.11,6.25,0.56
4,臺北台新戰神,5|10|14|10867,黃聰翰/雷蒙恩/錢肯尼/威力斯,6,41,53.0,1054.86,17.58,17:35,175.81,2.93,02:56,25.0,4.17,47.17,51.19,14.0,2.33,26.42,28.67,18.0,3.0,33.96,36.86,10.0,1.67,18.87,20.48,15.0,2.5,28.3,30.72,10.0,1.67,18.87,20.48,3.0,0.5,5.66,6.14,0.0,0.0,0.0,0.0,7.0,1.17,13.21,14.33,5.0,0.83,9.43,10.24,2.0,0.33,3.77,4.1,9.0,1.5,16.98,18.43,2.0,0.33,3.77,4.1,13.0,2.17,24.53,26.62,3.0,0.5,5.66,6.14,3.0,0.5,5.66,6.14,1.0,0.17,1.89,2.05,1.0,0.17,1.89,2.05,3.0,0.5,5.66,6.14,9.0,1.5,16.98,18.43,47.17,26.42,20.75,72.35,11.0,1.83,20.75,17.58,2.93,0.56,0.59,0.67,0.0,0.71,0.12,0.3,0.13,0.82,0.42,1.89,1.89,0.06,16.98,0.39
4,臺北台新戰神,5|10|10867|10870,黃聰翰/雷蒙恩/威力斯/洛夫頓,1,2,3.0,29.08,0.48,00:29,29.08,0.48,00:29,2.0,2.0,66.67,148.56,2.0,2.0,66.67,148.56,2.0,2.0,66.67,148.56,1.0,1.0,33.33,74.28,2.0,2.0,66.67,148.56,1.0,1.0,33.33,74.28,0.0,0.0,0.0,0.0,0.0,0.0,0.0,0.0,0.0,0.0,0.0,0.0,0.0,0.0,0.0,0.0,1.0,1.0,33.33,74.28,0.0,0.0,0.0,0.0,0.0,0.0,0.0,0.0,0.0,0.0,0.0,0.0,0.0,0.0,0.0,0.0,0.0,0.0,0.0,0.0,0.0,0.0,0.0,0.0,0.0,0.0,0.0,0.0,0.0,0.0,0.0,0.0,2.0,2.0,66.67,148.56,66.67,66.67,0.0,148.56,0.0,0.0,0.0,0.48,0.48,0.5,0.5,0.5,,,0.0,0.0,1.0,,1.0,0.0,0.0,0.0,66.67,0.0
4,臺北台新戰神,5|14|10867|10870,黃聰翰/錢肯尼/威力斯/洛夫頓,2,37,49.0,662.56,11.04,11:03,331.28,5.52,05:31,27.0,13.5,55.1,88.02,38.0,19.0,77.55,123.88,22.0,11.0,44.9,71.72,11.0,5.5,22.45,35.86,17.0,8.5,34.69,55.42,8.0,4.0,16.33,26.08,5.0,2.5,10.2,16.3,3.0,1.5,6.12,9.78,3.0,1.5,6.12,9.78,2.0,1.0,4.08,6.52,5.0,2.5,10.2,16.3,7.0,3.5,14.29,22.82,2.0,1.0,4.08,6.52,4.0,2.0,8.16,13.04,2.0,1.0,4.08,6.52,1.0,0.5,2.04,3.26,2.0,1.0,4.08,6.52,1.0,0.5,2.04,3.26,4.0,2.0,8.16,13.04,8.0,4.0,16.33,26.08,55.1,77.55,-22.45,106.5,-11.0,-5.5,-22.45,11.04,5.52,0.57,0.58,0.47,0.6,0.67,0.08,0.09,0.56,0.78,0.67,4.08,2.04,0.08,16.33,0.14
4,臺北台新戰神,3|10|14|10869,陳文宏/雷蒙恩/錢肯尼/基德,2,18,22.0,227.54,3.79,03:48,113.77,1.9,01:54,9.0,4.5,40.91,85.43,11.0,5.5,50.0,104.42,8.0,4.0,36.36,75.94,3.0,1.5,13.64,28.48,4.0,2.0,18.18,37.97,2.0,1.0,9.09,18.99,4.0,2.0,18.18,37.97,1.0,0.5,4.55,9.49,4.0,2.0,18.18,37.97,2.0,1.0,9.09,18.99,1.0,0.5,4.55,9.49,5.0,2.5,22.73,47.46,0.0,0.0,0.0,0.0,2.0,1.0,9.09,18.99,0.0,0.0,0.0,0.0,2.0,1.0,9.09,18.99,0.0,0.0,0.0,0.0,1.0,0.5,4.55,9.49,2.0,1.0,9.09,18.99,3.0,1.5,13.64,28.48,40.91,50.0,-9.09,139.23,-2.0,-1.0,-9.09,3.79,1.9,0.44,0.46,0.5,0.25,0.5,0.0,0.67,0.33,1.0,0.75,0.0,4.55,0.09,13.64,0.5
4,臺北台新戰神,3|10|14|10870,陳文宏/雷蒙恩/錢肯尼/洛夫頓,2,25,32.0,386.75,6.45,06:27,193.37,3.22,03:13,13.0,6.5,40.62,72.61,17.0,8.5,53.12,94.95,15.0,7.5,46.88,83.78,5.0,2.5,15.62,27.93,7.0,3.5,21.88,39.1,4.0,2.0,12.5,22.34,8.0,4.0,25.0,44.68,1.0,0.5,3.12,5.59,2.0,1.0,6.25,11.17,2.0,1.0,6.25,11.17,3.0,1.5,9.38,16.76,7.0,3.5,21.88,39.1,0.0,0.0,0.0,0.0,2.0,1.0,6.25,11.17,0.0,0.0,0.0,0.0,3.0,1.5,9.38,16.76,0.0,0.0,0.0,0.0,1.0,0.5,3.12,5.59,2.0,1.0,6.25,11.17,3.0,1.5,9.38,16.76,40.62,53.12,-12.5,119.15,-4.0,-2.0,-12.5,6.45,3.22,0.37,0.41,0.57,0.12,1.0,0.0,0.6,0.6,1.0,0.83,0.0,3.12,0.06,9.38,0.13
4,臺北台新戰神,2|3|10865|10869,江均/陳文宏/謝銘駿/基德,1,1,2.0,2.12,0.04,00:02,2.12,0.04,00:02,2.0,2.0,100.0,2033.9,0.0,0.0,0.0,0.0,1.0,1.0,50.0,1016.95,1.0,1.0,50.0,1016.95,1.0,1.0,50.0,1016.95,1.0,1.0,50.0,1016.95,0.0,0.0,0.0,0.0,0.0,0.0,0.0,0.0,1.0,1.0,50.0,1016.95,0.0,0.0,0.0,0.0,1.0,1.0,50.0,1016.95,0.0,0.0,0.0,0.0,0.0,0.0,0.0,0.0,0.0,0.0,0.0,0.0,0.0,0.0,0.0,0.0,0.0,0.0,0.0,0.0,0.0,0.0,0.0,0.0,0.0,0.0,0.0,0.0,0.0,0.0,0.0,0.0,0.0,0.0,0.0,0.0,100.0,0.0,100.0,1355.93,2.0,2.0,100.0,0.04,0.04,1.0,0.69,1.0,,0.0,0.0,0.0,1.0,,1.0,0.0,0.0,0.0,0.0,1.0
4,臺北台新戰神,2|3|10865|10870,江均/陳文宏/謝銘駿/洛夫頓,1,1,2.0,2.12,0.04,00:02,2.12,0.04,00:02,2.0,2.0,100.0,2033.9,0.0,0.0,0.0,0.0,1.0,1.0,50.0,1016.95,1.0,1.0,50.0,1016.95,1.0,1.0,50.0,1016.95,1.0,1.0,50.0,1016.95,0.0,0.0,0.0,0.0,0.0,0.0,0.0,0.0,1.0,1.0,50.0,1016.95,0.0,0.0,0.0,0.0,1.0,1.0,50.0,1016.95,0.0,0.0,0.0,0.0,0.0,0.0,0.0,0.0,0.0,0.0,0.0,0.0,0.0,0.0,0.0,0.0,0.0,0.0,0.0,0.0,0.0,0.0,0.0,0.0,0.0,0.0,0.0,0.0,0.0,0.0,0.0,0.0,0.0,0.0,0.0,0.0,100.0,0.0,100.0,1355.93,2.0,2.0,100.0,0.04,0.04,1.0,0.69,1.0,,0.0,0.0,0.0,1.0,,1.0,0.0,0.0,0.0,0.0,1.0
4,臺北台新戰神,2|3|10869|10870,江均/陳文宏/基德/洛夫頓,1,1,2.0,2.12,0.04,00:02,2.12,0.04,00:02,2.0,2.0,100.0,2033.9,0.0,0.0,0.0,0.0,1.0,1.0,50.0,1016.95,1.0,1.0,50.0,1016.95,1.0,1.0,50.0,1016.95,1.0,1.0,50.0,1016.95,0.0,0.0,0.0,0.0,0.0,0.0,0.0,0.0,1.0,1.0,50.0,1016.95,0.0,0.0,0.0,0.0,1.0,1.0,50.0,1016.95,0.0,0.0,0.0,0.0,0.0,0.0,0.0,0.0,0.0,0.0,0.0,0.0,0.0,0.0,0.0,0.0,0.0,0.0,0.0,0.0,0.0,0.0,0.0,0.0,0.0,0.0,0.0,0.0,0.0,0.0,0.0,0.0,0.0,0.0,0.0,0.0,100.0,0.0,100.0,1355.93,2.0,2.0,100.0,0.04,0.04,1.0,0.69,1.0,,0.0,0.0,0.0,1.0,,1.0,0.0,0.0,0.0,0.0,1.0
4,桃園台啤永豐雲豹,54|57|62|10861,高錦瑋/莊博元/王皓吉/迪亞洛,13,403,481.0,6433.94,107.23,107:14,494.92,8.25,08:15,241.0,18.54,50.1,80.91,191.0,14.69,39.71,64.12,188.0,14.46,39.09,63.12,95.0,7.31,19.75,31.89,118.0,9.08,24.53,39.61,70.0,5.38,14.55,23.5,70.0,5.38,14.55,23.5,25.0,1.92,5.2,8.39,40.0,3.08,8.32,13.43,28.0,2.15,5.82,9.4,30.0,2.31,6.24,10.07,69.0,5.31,14.35,23.16,25.0,1.92,5.2,8.39,80.0,6.15,16.63,26.86,37.0,2.85,7.69,12.42,52.0,4.0,10.81,17.46,19.0,1.46,3.95,6.38,10.0,0.77,2.08,3.36,42.0,3.23,8.73,14.1,41.0,3.15,8.52,13.76,50.1,39.71,10.4,107.65,50.0,3.85,10.4,107.23,8.25,0.57,0.59,0.59,0.36,0.7,0.15,0.55,0.27,0.73,0.49,3.95,2.08,0.09,8.52,0.21
4,桃園台啤永豐雲豹,54|57|68|10861,高錦瑋/莊博元/克羅馬/迪亞洛,16,834,981.0,12935.47,215.59,215:35,808.47,13.47,13:28,496.0,31.0,50.56,82.82,406.0,25.38,41.39,67.79,374.0,23.38,38.12,62.45,186.0,11.62,18.96,31.06,244.0,15.25,24.87,40.74,136.0,8.5,13.86,22.71,130.0,8.12,13.25,21.71,50.0,3.12,5.1,8.35,98.0,6.12,9.99,16.36,76.0,4.75,7.75,12.69,56.0,3.5,5.71,9.35,140.0,8.75,14.27,23.38,60.0,3.75,6.12,10.02,166.0,10.38,16.92,27.72,63.0,3.94,6.42,10.52,111.0,6.94,11.31,18.54,36.0,2.25,3.67,6.01,15.0,0.94,1.53,2.5,82.0,5.12,8.36,13.69,84.0,5.25,8.56,14.03,50.56,41.39,9.17,109.21,90.0,5.62,9.17,215.59,13.47,0.56,0.59,0.56,0.38,0.78,0.13,0.6,0.25,0.7,0.46,3.67,1.53,0.08,8.56,0.26
4,桃園台啤永豐雲豹,57|62|68|10861,莊博元/王皓吉/克羅馬/迪亞洛,12,398,475.0,6355.1,105.92,105:55,529.59,8.83,08:50,239.0,19.92,50.32,81.23,191.0,15.92,40.21,64.92,185.0,15.42,38.95,62.88,94.0,7.83,19.79,31.95,116.0,9.67,24.42,39.43,69.0,5.75,14.53,23.45,69.0,5.75,14.53,23.45,25.0,2.08,5.26,8.5,40.0,3.33,8.42,13.6,28.0,2.33,5.89,9.52,29.0,2.42,6.11,9.86,68.0,5.67,14.32,23.11,25.0,2.08,5.26,8.5,79.0,6.58,16.63,26.85,37.0,3.08,7.79,12.58,52.0,4.33,10.95,17.67,18.0,1.5,3.79,6.12,10.0,0.83,2.11,3.4,41.0,3.42,8.63,13.94,39.0,3.25,8.21,13.26,50.32,40.21,10.11,107.63,48.0,4.0,10.11,105.92,8.83,0.58,0.59,0.59,0.36,0.7,0.15,0.55,0.27,0.73,0.48,3.79,2.11,0.09,8.21,0.22
4,臺北台新戰神,3|10|14|10867,陳文宏/雷蒙恩/錢肯尼/威力斯,3,14,17.0,236.1,3.94,03:56,78.7,1.31,01:19,12.0,4.0,70.59,109.78,7.0,2.33,41.18,64.04,8.0,2.67,47.06,73.19,5.0,1.67,29.41,45.74,4.0,1.33,23.53,36.59,3.0,1.0,17.65,27.45,4.0,1.33,23.53,36.59,2.0,0.67,11.76,18.3,2.0,0.67,11.76,18.3,0.0,0.0,0.0,0.0,2.0,0.67,11.76,18.3,2.0,0.67,11.76,18.3,0.0,0.0,0.0,0.0,2.0,0.67,11.76,18.3,0.0,0.0,0.0,0.0,4.0,1.33,23.53,36.59,0.0,0.0,0.0,0.0,0.0,0.0,0.0,0.0,1.0,0.33,5.88,9.15,0.0,0.0,0.0,0.0,70.59,41.18,29.41,103.68,5.0,1.67,29.41,3.94,1.31,0.75,0.68,0.75,0.5,0.0,0.0,0.8,0.5,1.0,0.67,0.0,0.0,0.06,0.0,0.25
4,臺北台新戰神,3|10|10867|10870,陳文宏/雷蒙恩/威力斯/洛夫頓,2,9,13.0,165.15,2.75,02:45,82.58,1.38,01:23,9.0,4.5,69.23,117.71,4.0,2.0,30.77,52.32,8.0,4.0,61.54,104.63,4.0,2.0,30.77,52.32,4.0,2.0,30.77,52.32,3.0,1.5,23.08,39.24,4.0,2.0,30.77,52.32,1.0,0.5,7.69,13.08,0.0,0.0,0.0,0.0,0.0,0.0,0.0,0.0,3.0,1.5,23.08,39.24,1.0,0.5,7.69,13.08,0.0,0.0,0.0,0.0,0.0,0.0,0.0,0.0,0.0,0.0,0.0,0.0,2.0,1.0,15.38,26.16,0.0,0.0,0.0,0.0,0.0,0.0,0.0,0.0,0.0,0.0,0.0,0.0,0.0,0.0,0.0,0.0,69.23,30.77,38.46,113.35,5.0,2.5,38.46,2.75,1.38,0.56,0.56,0.75,0.25,,0.0,0.5,1.0,1.0,1.0,0.0,0.0,0.0,0.0,0.0
4,臺北台新戰神,3|14|10867|10870,陳文宏/錢肯尼/威力斯/洛夫頓,3,75,94.0,1190.11,19.84,19:50,396.7,6.61,06:37,37.0,12.33,39.36,67.15,54.0,18.0,57.45,98.01,39.0,13.0,41.49,70.78,14.0,4.67,14.89,25.41,22.0,7.33,23.4,39.93,10.0,3.33,10.64,18.15,17.0,5.67,18.09,30.85,4.0,1.33,4.26,7.26,6.0,2.0,6.38,10.89,5.0,1.67,5.32,9.07,11.0,3.67,11.7,19.96,15.0,5.0,15.96,27.22,5.0,1.67,5.32,9.07,7.0,2.33,7.45,12.7,9.0,3.0,9.57,16.33,6.0,2.0,6.38,10.89,7.0,2.33,7.45,12.7,1.0,0.33,1.06,1.81,4.0,1.33,4.26,7.26,13.0,4.33,13.83,23.59,39.36,57.45,-18.09,113.74,-17.0,-5.67,-18.09,19.84,6.61,0.41,0.44,0.45,0.24,0.83,0.18,0.43,0.61,0.75,0.68,7.45,1.06,0.04,13.83,0.15
4,桃園台啤永豐雲豹,12|54|58|10861,曹薰襄/高錦瑋/林信寬/迪亞洛,11,126,156.0,2049.99,34.17,34:10,186.36,3.11,03:06,62.0,5.64,39.74,65.33,61.0,5.55,39.1,64.27,62.0,5.64,39.74,65.33,24.0,2.18,15.38,25.29,46.0,4.18,29.49,48.47,22.0,2.0,14.1,23.18,16.0,1.45,10.26,16.86,2.0,0.18,1.28,2.11,21.0,1.91,13.46,22.13,13.0,1.18,8.33,13.7,10.0,0.91,6.41,10.54,28.0,2.55,17.95,29.5,14.0,1.27,8.97,14.75,26.0,2.36,16.67,27.4,5.0,0.45,3.21,5.27,15.0,1.36,9.62,15.8,0.0,0.0,0.0,0.0,1.0,0.09,0.64,1.05,17.0,1.55,10.9,17.91,12.0,1.09,7.69,12.64,39.74,39.1,0.64,109.58,1.0,0.09,0.64,34.17,3.11,0.4,0.44,0.48,0.12,0.62,0.07,0.62,0.28,0.67,0.49,0.0,0.64,0.11,7.69,0.34
4,桃園台啤永豐雲豹,12|54|68|10861,曹薰襄/高錦瑋/克羅馬/迪亞洛,11,119,140.0,1821.44,30.36,30:21,165.59,2.76,02:46,62.0,5.64,44.29,73.52,62.0,5.64,44.29,73.52,51.0,4.64,36.43,60.48,23.0,2.09,16.43,27.28,39.0,3.55,27.86,46.25,20.0,1.82,14.29,23.72,12.0,1.09,8.57,14.23,3.0,0.27,2.14,3.56,22.0,2.0,15.71,26.09,13.0,1.18,9.29,15.42,7.0,0.64,5.0,8.3,23.0,2.09,16.43,27.28,9.0,0.82,6.43,10.67,19.0,1.73,13.57,22.53,7.0,0.64,5.0,8.3,13.0,1.18,9.29,15.42,3.0,0.27,2.14,3.56,0.0,0.0,0.0,0.0,16.0,1.45,11.43,18.97,6.0,0.55,4.29,7.12,44.29,44.29,0.0,110.68,0.0,0.0,0.0,30.36,2.76,0.48,0.51,0.51,0.25,0.59,0.1,0.57,0.27,0.72,0.52,2.14,0.0,0.11,4.29,0.43
4,臺北台新戰神,10|13|14|10867,雷蒙恩/陳冠全/錢肯尼/威力斯,1,6,7.0,80.0,1.33,01:20,80.0,1.33,01:20,0.0,0.0,0.0,0.0,5.0,5.0,71.43,135.0,0.0,0.0,0.0,0.0,0.0,0.0,0.0,0.0,0.0,0.0,0.0,0.0,0.0,0.0,0.0,0.0,0.0,0.0,0.0,0.0,0.0,0.0,0.0,0.0,0.0,0.0,0.0,0.0,0.0,0.0,0.0,0.0,0.0,0.0,0.0,0.0,0.0,0.0,0.0,0.0,0.0,0.0,0.0,0.0,1.0,1.0,14.29,27.0,3.0,3.0,42.86,81.0,0.0,0.0,0.0,0.0,3.0,3.0,42.86,81.0,0.0,0.0,0.0,0.0,0.0,0.0,0.0,0.0,2.0,2.0,28.57,54.0,0.0,71.43,-71.43,126.0,-5.0,-5.0,-71.43,1.33,1.33,,,,,,1.0,,0.0,,0.0,42.86,0.0,0.0,28.57,
4,臺北台新戰神,10|13|10867|10870,雷蒙恩/陳冠全/威力斯/洛夫頓,1,6,7.0,80.0,1.33,01:20,80.0,1.33,01:20,0.0,0.0,0.0,0.0,5.0,5.0,71.43,135.0,0.0,0.0,0.0,0.0,0.0,0.0,0.0,0.0,0.0,0.0,0.0,0.0,0.0,0.0,0.0,0.0,0.0,0.0,0.0,0.0,0.0,0.0,0.0,0.0,0.0,0.0,0.0,0.0,0.0,0.0,0.0,0.0,0.0,0.0,0.0,0.0,0.0,0.0,0.0,0.0,0.0,0.0,0.0,0.0,1.0,1.0,14.29,27.0,3.0,3.0,42.86,81.0,0.0,0.0,0.0,0.0,3.0,3.0,42.86,81.0,0.0,0.0,0.0,0.0,0.0,0.0,0.0,0.0,2.0,2.0,28.57,54.0,0.0,71.43,-71.43,126.0,-5.0,-5.0,-71.43,1.33,1.33,,,,,,1.0,,0.0,,0.0,42.86,0.0,0.0,28.57,
4,臺北台新戰神,13|14|10867|10870,陳冠全/錢肯尼/威力斯/洛夫頓,2,28,34.0,441.48,7.36,07:21,220.74,3.68,03:41,15.0,7.5,44.12,73.39,26.0,13.0,76.47,127.21,10.0,5.0,29.41,48.93,5.0,2.5,14.71,24.46,7.0,3.5,20.59,34.25,3.0,1.5,8.82,14.68,3.0,1.5,8.82,14.68,2.0,1.0,5.88,9.79,5.0,2.5,14.71,24.46,3.0,1.5,8.82,14.68,1.0,0.5,2.94,4.89,6.0,3.0,17.65,29.36,0.0,0.0,0.0,0.0,3.0,1.5,8.82,14.68,5.0,2.5,14.71,24.46,1.0,0.5,2.94,4.89,5.0,2.5,14.71,24.46,1.0,0.5,2.94,4.89,2.0,1.0,5.88,9.79,4.0,2.0,11.76,19.57,44.12,76.47,-32.35,110.9,-11.0,-5.5,-32.35,7.36,3.68,0.6,0.61,0.43,0.67,0.6,0.29,0.2,0.25,1.0,0.7,14.71,2.94,0.06,11.76,0.5
4,桃園台啤永豐雲豹,12|16|54|10861,曹薰襄/米勒/高錦瑋/迪亞洛,10,76,91.0,1264.05,21.07,21:04,126.41,2.11,02:06,37.0,3.7,40.66,63.23,29.0,2.9,31.87,49.55,29.0,2.9,31.87,49.55,13.0,1.3,14.29,22.21,19.0,1.9,20.88,32.47,8.0,0.8,8.79,13.67,10.0,1.0,10.99,17.09,5.0,0.5,5.49,8.54,8.0,0.8,8.79,13.67,6.0,0.6,6.59,10.25,5.0,0.5,5.49,8.54,10.0,1.0,10.99,17.09,9.0,0.9,9.89,15.38,18.0,1.8,19.78,30.76,10.0,1.0,10.99,17.09,9.0,0.9,9.89,15.38,6.0,0.6,6.59,10.25,1.0,0.1,1.1,1.71,9.0,0.9,9.89,15.38,14.0,1.4,15.38,23.92,40.66,31.87,8.79,103.67,8.0,0.8,8.79,21.07,2.11,0.53,0.57,0.42,0.5,0.75,0.24,0.69,0.22,0.53,0.36,6.59,1.1,0.1,15.38,0.28
4,桃園台啤永豐雲豹,12|58|62|10861,曹薰襄/林信寬/王皓吉/迪亞洛,9,199,239.0,2892.33,48.21,48:12,321.37,5.36,05:21,95.0,10.56,39.75,70.95,94.0,10.44,39.33,70.2,77.0,8.56,32.22,57.5,36.0,4.0,15.06,26.88,56.0,6.22,23.43,41.82,30.0,3.33,12.55,22.4,21.0,2.33,8.79,15.68,6.0,0.67,2.51,4.48,25.0,2.78,10.46,18.67,17.0,1.89,7.11,12.7,9.0,1.0,3.77,6.72,32.0,3.56,13.39,23.9,16.0,1.78,6.69,11.95,41.0,4.56,17.15,30.62,22.0,2.44,9.21,16.43,22.0,2.44,9.21,16.43,11.0,1.22,4.6,8.21,3.0,0.33,1.26,2.24,26.0,2.89,10.88,19.42,13.0,1.44,5.44,9.71,39.75,39.33,0.42,118.99,1.0,0.11,0.42,48.21,5.36,0.51,0.54,0.54,0.29,0.68,0.2,0.61,0.18,0.67,0.42,4.6,1.26,0.11,5.44,0.32
4,臺北台新戰神,3|7|14|10869,陳文宏/孫思堯/錢肯尼/基德,1,7,8.0,85.29,1.42,01:25,85.29,1.42,01:25,0.0,0.0,0.0,0.0,4.0,4.0,50.0,101.3,2.0,2.0,25.0,50.65,0.0,0.0,0.0,0.0,1.0,1.0,12.5,25.33,0.0,0.0,0.0,0.0,1.0,1.0,12.5,25.33,0.0,0.0,0.0,0.0,0.0,0.0,0.0,0.0,0.0,0.0,0.0,0.0,0.0,0.0,0.0,0.0,2.0,2.0,25.0,50.65,1.0,1.0,12.5,25.33,1.0,1.0,12.5,25.33,1.0,1.0,12.5,25.33,0.0,0.0,0.0,0.0,1.0,1.0,12.5,25.33,0.0,0.0,0.0,0.0,1.0,1.0,12.5,25.33,2.0,2.0,25.0,50.65,0.0,50.0,-50.0,135.07,-4.0,-4.0,-50.0,1.42,1.42,0.0,0.0,0.0,0.0,,0.33,,0.0,0.67,0.5,12.5,0.0,0.12,25.0,0.0
4,臺北台新戰神,3|7|14|10870,陳文宏/孫思堯/錢肯尼/洛夫頓,1,7,8.0,85.29,1.42,01:25,85.29,1.42,01:25,0.0,0.0,0.0,0.0,4.0,4.0,50.0,101.3,2.0,2.0,25.0,50.65,0.0,0.0,0.0,0.0,1.0,1.0,12.5,25.33,0.0,0.0,0.0,0.0,1.0,1.0,12.5,25.33,0.0,0.0,0.0,0.0,0.0,0.0,0.0,0.0,0.0,0.0,0.0,0.0,0.0,0.0,0.0,0.0,2.0,2.0,25.0,50.65,1.0,1.0,12.5,25.33,1.0,1.0,12.5,25.33,1.0,1.0,12.5,25.33,0.0,0.0,0.0,0.0,1.0,1.0,12.5,25.33,0.0,0.0,0.0,0.0,1.0,1.0,12.5,25.33,2.0,2.0,25.0,50.65,0.0,50.0,-50.0,135.07,-4.0,-4.0,-50.0,1.42,1.42,0.0,0.0,0.0,0.0,,0.33,,0.0,0.67,0.5,12.5,0.0,0.12,25.0,0.0
4,臺北台新戰神,3|7|10869|10870,陳文宏/孫思堯/基德/洛夫頓,1,7,8.0,85.29,1.42,01:25,85.29,1.42,01:25,0.0,0.0,0.0,0.0,4.0,4.0,50.0,101.3,2.0,2.0,25.0,50.65,0.0,0.0,0.0,0.0,1.0,1.0,12.5,25.33,0.0,0.0,0.0,0.0,1.0,1.0,12.5,25.33,0.0,0.0,0.0,0.0,0.0,0.0,0.0,0.0,0.0,0.0,0.0,0.0,0.0,0.0,0.0,0.0,2.0,2.0,25.0,50.65,1.0,1.0,12.5,25.33,1.0,1.0,12.5,25.33,1.0,1.0,12.5,25.33,0.0,0.0,0.0,0.0,1.0,1.0,12.5,25.33,0.0,0.0,0.0,0.0,1.0,1.0,12.5,25.33,2.0,2.0,25.0,50.65,0.0,50.0,-50.0,135.07,-4.0,-4.0,-50.0,1.42,1.42,0.0,0.0,0.0,0.0,,0.33,,0.0,0.67,0.5,12.5,0.0,0.12,25.0,0.0
4,桃園台啤永豐雲豹,12|16|57|10861,曹薰襄/米勒/莊博元/迪亞洛,9,98,116.0,1538.31,25.64,25:38,170.92,2.85,02:51,52.0,5.78,44.83,73.02,41.0,4.56,35.34,57.57,41.0,4.56,35.34,57.57,19.0,2.11,16.38,26.68,27.0,3.0,23.28,37.91,15.0,1.67,12.93,21.06,14.0,1.56,12.07,19.66,4.0,0.44,3.45,5.62,15.0,1.67,12.93,21.06,10.0,1.11,8.62,14.04,8.0,0.89,6.9,11.23,15.0,1.67,12.93,21.06,8.0,0.89,6.9,11.23,23.0,2.56,19.83,32.3,9.0,1.0,7.76,12.64,9.0,1.0,7.76,12.64,5.0,0.56,4.31,7.02,2.0,0.22,1.72,2.81,7.0,0.78,6.03,9.83,9.0,1.0,7.76,12.64,44.83,35.34,9.48,108.59,11.0,1.22,9.48,25.64,2.85,0.51,0.55,0.56,0.29,0.67,0.16,0.47,0.26,0.65,0.43,4.31,1.72,0.06,7.76,0.37
4,桃園台啤永豐雲豹,12|57|58|10861,曹薰襄/莊博元/林信寬/迪亞洛,8,115,133.0,1650.05,27.5,27:30,206.26,3.44,03:26,52.0,6.5,39.1,68.07,55.0,6.88,41.35,72.0,46.0,5.75,34.59,60.22,21.0,2.62,15.79,27.49,34.0,4.25,25.56,44.51,18.0,2.25,13.53,23.56,12.0,1.5,9.02,15.71,3.0,0.38,2.26,3.93,13.0,1.62,9.77,17.02,9.0,1.12,6.77,11.78,6.0,0.75,4.51,7.85,20.0,2.5,15.04,26.18,7.0,0.88,5.26,9.16,23.0,2.88,17.29,30.11,12.0,1.5,9.02,15.71,13.0,1.62,9.77,17.02,8.0,1.0,6.02,10.47,3.0,0.38,2.26,3.93,9.0,1.12,6.77,11.78,5.0,0.62,3.76,6.55,39.1,41.35,-2.26,116.07,-3.0,-0.38,-2.26,27.5,3.44,0.49,0.5,0.53,0.25,0.69,0.19,0.62,0.21,0.74,0.46,6.02,2.26,0.07,3.76,0.28
4,臺北台新戰神,3|5|10863|10867,陳文宏/黃聰翰/魏芃禾/威力斯,3,19,23.0,359.68,5.99,06:00,119.89,2.0,02:00,6.0,2.0,26.09,36.03,14.0,4.67,60.87,84.07,8.0,2.67,34.78,48.04,3.0,1.0,13.04,18.02,6.0,2.0,26.09,36.03,3.0,1.0,13.04,18.02,2.0,0.67,8.7,12.01,0.0,0.0,0.0,0.0,2.0,0.67,8.7,12.01,0.0,0.0,0.0,0.0,1.0,0.33,4.35,6.01,5.0,1.67,21.74,30.03,2.0,0.67,8.7,12.01,4.0,1.33,17.39,24.02,1.0,0.33,4.35,6.01,0.0,0.0,0.0,0.0,1.0,0.33,4.35,6.01,0.0,0.0,0.0,0.0,3.0,1.0,13.04,18.02,3.0,1.0,13.04,18.02,26.09,60.87,-34.78,92.08,-8.0,-2.67,-34.78,5.99,2.0,0.38,0.34,0.5,0.0,0.0,0.1,0.0,0.2,0.71,0.5,4.35,0.0,0.13,13.04,0.25
4,臺北台新戰神,3|5|10863|10869,陳文宏/黃聰翰/魏芃禾/基德,2,10,11.0,182.0,3.03,03:02,91.0,1.52,01:31,3.0,1.5,27.27,35.6,9.0,4.5,81.82,106.81,4.0,2.0,36.36,47.47,1.0,0.5,9.09,11.87,2.0,1.0,18.18,23.74,0.0,0.0,0.0,0.0,2.0,1.0,18.18,23.74,1.0,0.5,9.09,11.87,0.0,0.0,0.0,0.0,0.0,0.0,0.0,0.0,0.0,0.0,0.0,0.0,3.0,1.5,27.27,35.6,1.0,0.5,9.09,11.87,1.0,0.5,9.09,11.87,1.0,0.5,9.09,11.87,1.0,0.5,9.09,11.87,1.0,0.5,9.09,11.87,0.0,0.0,0.0,0.0,0.0,0.0,0.0,0.0,0.0,0.0,0.0,0.0,27.27,81.82,-54.55,87.03,-6.0,-3.0,-54.55,3.03,1.52,0.38,0.38,0.0,0.5,,0.2,1.0,0.0,0.75,0.6,9.09,0.0,0.0,0.0,0.0
4,臺北台新戰神,3|5|10867|10869,陳文宏/黃聰翰/威力斯/基德,2,28,35.0,401.23,6.69,06:41,200.61,3.34,03:21,6.0,3.0,17.14,32.3,13.0,6.5,37.14,69.99,14.0,7.0,40.0,75.37,1.0,0.5,2.86,5.38,11.0,5.5,31.43,59.22,1.0,0.5,2.86,5.38,3.0,1.5,8.57,16.15,0.0,0.0,0.0,0.0,4.0,2.0,11.43,21.53,4.0,2.0,11.43,21.53,4.0,2.0,11.43,21.53,9.0,4.5,25.71,48.45,3.0,1.5,8.57,16.15,3.0,1.5,8.57,16.15,2.0,1.0,5.71,10.77,1.0,0.5,2.86,5.38,2.0,1.0,5.71,10.77,0.0,0.0,0.0,0.0,4.0,2.0,11.43,21.53,2.0,1.0,5.71,10.77,17.14,37.14,-20.0,125.61,-7.0,-3.5,-20.0,6.69,3.34,0.07,0.19,0.09,0.0,1.0,0.11,1.0,0.57,0.75,0.68,5.71,0.0,0.11,5.71,0.29
4,臺北台新戰神,5|10863|10867|10869,黃聰翰/魏芃禾/威力斯/基德,2,14,17.0,226.06,3.77,03:46,113.03,1.88,01:53,0.0,0.0,0.0,0.0,8.0,4.0,47.06,76.44,6.0,3.0,35.29,57.33,0.0,0.0,0.0,0.0,5.0,2.5,29.41,47.78,0.0,0.0,0.0,0.0,1.0,0.5,5.88,9.56,0.0,0.0,0.0,0.0,0.0,0.0,0.0,0.0,0.0,0.0,0.0,0.0,2.0,1.0,11.76,19.11,4.0,2.0,23.53,38.22,1.0,0.5,5.88,9.56,3.0,1.5,17.65,28.67,2.0,1.0,11.76,19.11,0.0,0.0,0.0,0.0,1.0,0.5,5.88,9.56,1.0,0.5,5.88,9.56,1.0,0.5,5.88,9.56,0.0,0.0,0.0,0.0,0.0,47.06,-47.06,108.29,-8.0,-4.0,-47.06,3.77,1.88,0.0,0.0,0.0,0.0,,0.25,,0.4,0.8,0.6,5.88,5.88,0.06,0.0,0.0
4,臺北台新戰神,3|5|10865|10867,陳文宏/黃聰翰/謝銘駿/威力斯,1,9,12.0,104.16,1.74,01:44,104.16,1.74,01:44,4.0,4.0,33.33,82.95,4.0,4.0,33.33,82.95,6.0,6.0,50.0,124.43,1.0,1.0,8.33,20.74,4.0,4.0,33.33,82.95,1.0,1.0,8.33,20.74,2.0,2.0,16.67,41.48,0.0,0.0,0.0,0.0,2.0,2.0,16.67,41.48,2.0,2.0,16.67,41.48,3.0,3.0,25.0,62.21,2.0,2.0,16.67,41.48,0.0,0.0,0.0,0.0,1.0,1.0,8.33,20.74,1.0,1.0,8.33,20.74,0.0,0.0,0.0,0.0,1.0,1.0,8.33,20.74,0.0,0.0,0.0,0.0,2.0,2.0,16.67,41.48,0.0,0.0,0.0,0.0,33.33,33.33,0.0,165.9,0.0,0.0,0.0,1.74,1.74,0.17,0.29,0.25,0.0,1.0,0.13,0.0,0.75,1.0,0.83,8.33,0.0,0.17,0.0,0.33
4,臺北台新戰神,3|5|10865|10869,陳文宏/黃聰翰/謝銘駿/基德,1,9,12.0,104.16,1.74,01:44,104.16,1.74,01:44,4.0,4.0,33.33,82.95,4.0,4.0,33.33,82.95,6.0,6.0,50.0,124.43,1.0,1.0,8.33,20.74,4.0,4.0,33.33,82.95,1.0,1.0,8.33,20.74,2.0,2.0,16.67,41.48,0.0,0.0,0.0,0.0,2.0,2.0,16.67,41.48,2.0,2.0,16.67,41.48,3.0,3.0,25.0,62.21,2.0,2.0,16.67,41.48,0.0,0.0,0.0,0.0,1.0,1.0,8.33,20.74,1.0,1.0,8.33,20.74,0.0,0.0,0.0,0.0,1.0,1.0,8.33,20.74,0.0,0.0,0.0,0.0,2.0,2.0,16.67,41.48,0.0,0.0,0.0,0.0,33.33,33.33,0.0,165.9,0.0,0.0,0.0,1.74,1.74,0.17,0.29,0.25,0.0,1.0,0.13,0.0,0.75,1.0,0.83,8.33,0.0,0.17,0.0,0.33
4,臺北台新戰神,5|10865|10867|10869,黃聰翰/謝銘駿/威力斯/基德,2,15,24.0,272.11,4.54,04:32,136.06,2.27,02:16,10.0,5.0,41.67,79.38,9.0,4.5,37.5,71.44,10.0,5.0,41.67,79.38,3.0,1.5,12.5,23.81,6.0,3.0,25.0,47.63,1.0,0.5,4.17,7.94,4.0,2.0,16.67,31.75,2.0,1.0,8.33,15.88,2.0,1.0,8.33,15.88,2.0,1.0,8.33,15.88,3.0,1.5,12.5,23.81,4.0,2.0,16.67,31.75,0.0,0.0,0.0,0.0,3.0,1.5,12.5,23.81,2.0,1.0,8.33,15.88,2.0,1.0,8.33,15.88,1.0,0.5,4.17,7.94,0.0,0.0,0.0,0.0,2.0,1.0,8.33,15.88,4.0,2.0,16.67,31.75,41.67,37.5,4.17,127.01,1.0,0.5,4.17,4.54,2.27,0.4,0.46,0.17,0.5,1.0,0.16,0.67,0.5,1.0,0.7,4.17,0.0,0.08,16.67,0.2
4,臺北台新戰神,3|10|10865|10867,陳文宏/雷蒙恩/謝銘駿/威力斯,3,9,10.0,159.57,2.66,02:40,53.19,0.89,00:53,5.0,1.67,50.0,67.68,7.0,2.33,70.0,94.75,2.0,0.67,20.0,27.07,2.0,0.67,20.0,27.07,2.0,0.67,20.0,27.07,2.0,0.67,20.0,27.07,0.0,0.0,0.0,0.0,0.0,0.0,0.0,0.0,2.0,0.67,20.0,27.07,1.0,0.33,10.0,13.54,0.0,0.0,0.0,0.0,1.0,0.33,10.0,13.54,1.0,0.33,10.0,13.54,2.0,0.67,20.0,27.07,0.0,0.0,0.0,0.0,0.0,0.0,0.0,0.0,0.0,0.0,0.0,0.0,0.0,0.0,0.0,0.0,2.0,0.67,20.0,27.07,2.0,0.67,20.0,27.07,50.0,70.0,-20.0,90.24,-2.0,-0.67,-20.0,2.66,0.89,1.0,0.87,1.0,,0.5,0.0,0.0,0.0,0.5,0.25,0.0,0.0,0.2,20.0,1.0
4,臺北台新戰神,3|10|10867|10869,陳文宏/雷蒙恩/威力斯/基德,6,38,42.0,546.98,9.12,09:07,91.16,1.52,01:31,20.0,3.33,47.62,78.98,24.0,4.0,57.14,94.77,12.0,2.0,28.57,47.39,5.0,0.83,11.9,19.74,6.0,1.0,14.29,23.69,3.0,0.5,7.14,11.85,6.0,1.0,14.29,23.69,2.0,0.33,4.76,7.9,12.0,2.0,28.57,47.39,8.0,1.33,19.05,31.59,1.0,0.17,2.38,3.95,7.0,1.17,16.67,27.64,3.0,0.5,7.14,11.85,5.0,0.83,11.9,19.74,1.0,0.17,2.38,3.95,2.0,0.33,4.76,7.9,1.0,0.17,2.38,3.95,0.0,0.0,0.0,0.0,4.0,0.67,9.52,15.8,6.0,1.0,14.29,23.69,47.62,57.14,-9.52,110.57,-4.0,-0.67,-9.52,9.12,1.52,0.5,0.58,0.5,0.33,0.67,0.05,0.4,0.17,0.7,0.5,2.38,0.0,0.1,14.29,1.0
4,臺北台新戰神,10|14|10867|10869,雷蒙恩/錢肯尼/威力斯/基德,7,231,279.0,3500.02,58.33,58:20,500.0,8.33,08:20,128.0,18.29,45.88,78.99,113.0,16.14,40.5,69.74,98.0,14.0,35.13,60.48,45.0,6.43,16.13,27.77,70.0,10.0,25.09,43.2,32.0,4.57,11.47,19.75,28.0,4.0,10.04,17.28,13.0,1.86,4.66,8.02,39.0,5.57,13.98,24.07,25.0,3.57,8.96,15.43,20.0,2.86,7.17,12.34,36.0,5.14,12.9,22.22,18.0,2.57,6.45,11.11,41.0,5.86,14.7,25.3,21.0,3.0,7.53,12.96,28.0,4.0,10.04,17.28,12.0,1.71,4.3,7.41,4.0,0.57,1.43,2.47,28.0,4.0,10.04,17.28,33.0,4.71,11.83,20.37,45.88,40.5,5.38,114.79,15.0,2.14,5.38,58.33,8.33,0.53,0.56,0.46,0.46,0.64,0.15,0.62,0.33,0.67,0.49,4.3,1.43,0.1,11.83,0.4
4,臺北台新戰神,14|10865|10867|10869,錢肯尼/謝銘駿/威力斯/基德,6,111,128.0,1806.56,30.11,30:07,301.09,5.02,05:01,68.0,11.33,53.12,81.3,54.0,9.0,42.19,64.56,42.0,7.0,32.81,50.22,22.0,3.67,17.19,26.3,30.0,5.0,23.44,35.87,16.0,2.67,12.5,19.13,12.0,2.0,9.38,14.35,6.0,1.0,4.69,7.17,22.0,3.67,17.19,26.3,18.0,3.0,14.06,21.52,7.0,1.17,5.47,8.37,15.0,2.5,11.72,17.93,8.0,1.33,6.25,9.57,23.0,3.83,17.97,27.5,10.0,1.67,7.81,11.96,15.0,2.5,11.72,17.93,6.0,1.0,4.69,7.17,2.0,0.33,1.56,2.39,12.0,2.0,9.38,14.35,15.0,2.5,11.72,17.93,53.12,42.19,10.94,102.03,14.0,2.33,10.94,30.11,5.02,0.6,0.66,0.53,0.5,0.82,0.16,0.68,0.23,0.65,0.42,4.69,1.56,0.09,11.72,0.52
4,桃園台啤永豐雲豹,57|58|68|10861,莊博元/林信寬/克羅馬/迪亞洛,9,171,196.0,2468.85,41.15,41:09,274.32,4.57,04:34,87.0,9.67,44.39,76.12,82.0,9.11,41.84,71.74,65.0,7.22,33.16,56.87,30.0,3.33,15.31,26.25,45.0,5.0,22.96,39.37,24.0,2.67,12.24,21.0,20.0,2.22,10.2,17.5,6.0,0.67,3.06,5.25,26.0,2.89,13.27,22.75,21.0,2.33,10.71,18.37,7.0,0.78,3.57,6.12,30.0,3.33,15.31,26.25,12.0,1.33,6.12,10.5,39.0,4.33,19.9,34.12,14.0,1.56,7.14,12.25,20.0,2.22,10.2,17.5,10.0,1.11,5.1,8.75,2.0,0.22,1.02,1.75,18.0,2.0,9.18,15.75,14.0,1.56,7.14,12.25,44.39,41.84,2.55,114.32,5.0,0.56,2.55,41.15,4.57,0.51,0.57,0.53,0.3,0.81,0.15,0.67,0.15,0.71,0.42,5.1,1.02,0.09,7.14,0.4
4,臺北台新戰神,4|10|14|10869,張兆辰/雷蒙恩/錢肯尼/基德,3,23,29.0,428.45,7.14,07:08,142.82,2.38,02:23,12.0,4.0,41.38,60.5,20.0,6.67,68.97,100.83,11.0,3.67,37.93,55.46,4.0,1.33,13.79,20.17,2.0,0.67,6.9,10.08,2.0,0.67,6.9,10.08,9.0,3.0,31.03,45.37,2.0,0.67,6.9,10.08,2.0,0.67,6.9,10.08,1.0,0.33,3.45,5.04,2.0,0.67,6.9,10.08,5.0,1.67,17.24,25.21,3.0,1.0,10.34,15.12,1.0,0.33,3.45,5.04,2.0,0.67,6.9,10.08,2.0,0.67,6.9,10.08,0.0,0.0,0.0,0.0,0.0,0.0,0.0,0.0,3.0,1.0,10.34,15.12,1.0,0.33,3.45,5.04,41.38,68.97,-27.59,97.47,-8.0,-2.67,-27.59,7.14,2.38,0.45,0.51,1.0,0.22,0.5,0.14,0.5,0.67,0.62,0.64,0.0,0.0,0.1,3.45,0.18
4,臺北台新戰神,4|14|10869|10870,張兆辰/錢肯尼/基德/洛夫頓,2,35,43.0,564.76,9.41,09:25,282.38,4.71,04:42,14.0,7.0,32.56,53.55,21.0,10.5,48.84,80.32,16.0,8.0,37.21,61.19,5.0,2.5,11.63,19.12,6.0,3.0,13.95,22.95,2.0,1.0,4.65,7.65,10.0,5.0,23.26,38.25,3.0,1.5,6.98,11.47,2.0,1.0,4.65,7.65,1.0,0.5,2.33,3.82,2.0,1.0,4.65,7.65,9.0,4.5,20.93,34.42,4.0,2.0,9.3,15.3,5.0,2.5,11.63,19.12,3.0,1.5,6.98,11.47,4.0,2.0,9.3,15.3,2.0,1.0,4.65,7.65,1.0,0.5,2.33,3.82,3.0,1.5,6.98,11.47,0.0,0.0,0.0,0.0,32.56,48.84,-16.28,109.64,-7.0,-3.5,-16.28,9.41,4.71,0.41,0.41,0.33,0.3,0.5,0.15,0.8,0.29,0.69,0.55,4.65,2.33,0.07,0.0,0.12
4,桃園台啤永豐雲豹,12|57|60|64,曹薰襄/莊博元/黃鎮/劉元凱,1,2,3.0,22.0,0.37,00:22,22.0,0.37,00:22,0.0,0.0,0.0,0.0,0.0,0.0,0.0,0.0,0.0,0.0,0.0,0.0,0.0,0.0,0.0,0.0,0.0,0.0,0.0,0.0,0.0,0.0,0.0,0.0,0.0,0.0,0.0,0.0,0.0,0.0,0.0,0.0,0.0,0.0,0.0,0.0,0.0,0.0,0.0,0.0,0.0,0.0,0.0,0.0,0.0,0.0,0.0,0.0,0.0,0.0,0.0,0.0,1.0,1.0,33.33,98.18,1.0,1.0,33.33,98.18,0.0,0.0,0.0,0.0,0.0,0.0,0.0,0.0,0.0,0.0,0.0,0.0,1.0,1.0,33.33,98.18,0.0,0.0,0.0,0.0,0.0,0.0,0.0,196.36,0.0,0.0,0.0,0.37,0.37,,,,,,1.0,,0.0,,0.0,0.0,0.0,0.33,0.0,
4,桃園台啤永豐雲豹,12|57|60|68,曹薰襄/莊博元/黃鎮/克羅馬,1,2,3.0,22.0,0.37,00:22,22.0,0.37,00:22,0.0,0.0,0.0,0.0,0.0,0.0,0.0,0.0,0.0,0.0,0.0,0.0,0.0,0.0,0.0,0.0,0.0,0.0,0.0,0.0,0.0,0.0,0.0,0.0,0.0,0.0,0.0,0.0,0.0,0.0,0.0,0.0,0.0,0.0,0.0,0.0,0.0,0.0,0.0,0.0,0.0,0.0,0.0,0.0,0.0,0.0,0.0,0.0,0.0,0.0,0.0,0.0,1.0,1.0,33.33,98.18,1.0,1.0,33.33,98.18,0.0,0.0,0.0,0.0,0.0,0.0,0.0,0.0,0.0,0.0,0.0,0.0,1.0,1.0,33.33,98.18,0.0,0.0,0.0,0.0,0.0,0.0,0.0,196.36,0.0,0.0,0.0,0.37,0.37,,,,,,1.0,,0.0,,0.0,0.0,0.0,0.33,0.0,
4,桃園台啤永豐雲豹,12|57|64|68,曹薰襄/莊博元/劉元凱/克羅馬,2,3,4.0,39.0,0.65,00:39,19.5,0.32,00:20,2.0,1.0,50.0,110.77,0.0,0.0,0.0,0.0,1.0,0.5,25.0,55.38,1.0,0.5,25.0,55.38,1.0,0.5,25.0,55.38,1.0,0.5,25.0,55.38,0.0,0.0,0.0,0.0,0.0,0.0,0.0,0.0,1.0,0.5,25.0,55.38,1.0,0.5,25.0,55.38,0.0,0.0,0.0,0.0,0.0,0.0,0.0,0.0,0.0,0.0,0.0,0.0,1.0,0.5,25.0,55.38,1.0,0.5,25.0,55.38,1.0,0.5,25.0,55.38,0.0,0.0,0.0,0.0,0.0,0.0,0.0,0.0,3.0,1.5,75.0,166.15,0.0,0.0,0.0,0.0,50.0,0.0,50.0,147.69,2.0,1.0,50.0,0.65,0.32,1.0,0.69,1.0,,1.0,0.41,1.0,0.0,,0.0,0.0,0.0,0.75,0.0,1.0
4,桃園台啤永豐雲豹,12|60|64|68,曹薰襄/黃鎮/劉元凱/克羅馬,1,2,3.0,22.0,0.37,00:22,22.0,0.37,00:22,0.0,0.0,0.0,0.0,0.0,0.0,0.0,0.0,0.0,0.0,0.0,0.0,0.0,0.0,0.0,0.0,0.0,0.0,0.0,0.0,0.0,0.0,0.0,0.0,0.0,0.0,0.0,0.0,0.0,0.0,0.0,0.0,0.0,0.0,0.0,0.0,0.0,0.0,0.0,0.0,0.0,0.0,0.0,0.0,0.0,0.0,0.0,0.0,0.0,0.0,0.0,0.0,1.0,1.0,33.33,98.18,1.0,1.0,33.33,98.18,0.0,0.0,0.0,0.0,0.0,0.0,0.0,0.0,0.0,0.0,0.0,0.0,1.0,1.0,33.33,98.18,0.0,0.0,0.0,0.0,0.0,0.0,0.0,196.36,0.0,0.0,0.0,0.37,0.37,,,,,,1.0,,0.0,,0.0,0.0,0.0,0.33,0.0,
4,桃園台啤永豐雲豹,57|60|64|68,莊博元/黃鎮/劉元凱/克羅馬,1,2,3.0,22.0,0.37,00:22,22.0,0.37,00:22,0.0,0.0,0.0,0.0,0.0,0.0,0.0,0.0,0.0,0.0,0.0,0.0,0.0,0.0,0.0,0.0,0.0,0.0,0.0,0.0,0.0,0.0,0.0,0.0,0.0,0.0,0.0,0.0,0.0,0.0,0.0,0.0,0.0,0.0,0.0,0.0,0.0,0.0,0.0,0.0,0.0,0.0,0.0,0.0,0.0,0.0,0.0,0.0,0.0,0.0,0.0,0.0,1.0,1.0,33.33,98.18,1.0,1.0,33.33,98.18,0.0,0.0,0.0,0.0,0.0,0.0,0.0,0.0,0.0,0.0,0.0,0.0,1.0,1.0,33.33,98.18,0.0,0.0,0.0,0.0,0.0,0.0,0.0,196.36,0.0,0.0,0.0,0.37,0.37,,,,,,1.0,,0.0,,0.0,0.0,0.0,0.33,0.0,
4,臺北台新戰神,2|4|14|10863,江均/張兆辰/錢肯尼/魏芃禾,1,2,3.0,22.0,0.37,00:22,22.0,0.37,00:22,0.0,0.0,0.0,0.0,0.0,0.0,0.0,0.0,1.0,1.0,33.33,98.18,0.0,0.0,0.0,0.0,0.0,0.0,0.0,0.0,0.0,0.0,0.0,0.0,1.0,1.0,33.33,98.18,0.0,0.0,0.0,0.0,0.0,0.0,0.0,0.0,0.0,0.0,0.0,0.0,0.0,0.0,0.0,0.0,1.0,1.0,33.33,98.18,0.0,0.0,0.0,0.0,0.0,0.0,0.0,0.0,0.0,0.0,0.0,0.0,0.0,0.0,0.0,0.0,0.0,0.0,0.0,0.0,0.0,0.0,0.0,0.0,0.0,0.0,0.0,0.0,0.0,0.0,0.0,0.0,0.0,0.0,0.0,196.36,0.0,0.0,0.0,0.37,0.37,0.0,0.0,,0.0,,0.0,,,1.0,1.0,0.0,0.0,0.0,0.0,0.0
4,臺北台新戰神,2|4|14|10865,江均/張兆辰/錢肯尼/謝銘駿,1,2,3.0,22.0,0.37,00:22,22.0,0.37,00:22,0.0,0.0,0.0,0.0,0.0,0.0,0.0,0.0,1.0,1.0,33.33,98.18,0.0,0.0,0.0,0.0,0.0,0.0,0.0,0.0,0.0,0.0,0.0,0.0,1.0,1.0,33.33,98.18,0.0,0.0,0.0,0.0,0.0,0.0,0.0,0.0,0.0,0.0,0.0,0.0,0.0,0.0,0.0,0.0,1.0,1.0,33.33,98.18,0.0,0.0,0.0,0.0,0.0,0.0,0.0,0.0,0.0,0.0,0.0,0.0,0.0,0.0,0.0,0.0,0.0,0.0,0.0,0.0,0.0,0.0,0.0,0.0,0.0,0.0,0.0,0.0,0.0,0.0,0.0,0.0,0.0,0.0,0.0,196.36,0.0,0.0,0.0,0.37,0.37,0.0,0.0,,0.0,,0.0,,,1.0,1.0,0.0,0.0,0.0,0.0,0.0
4,臺北台新戰神,2|4|10863|10865,江均/張兆辰/魏芃禾/謝銘駿,4,12,19.0,247.63,4.13,04:08,61.91,1.03,01:02,6.0,1.5,31.58,52.34,3.0,0.75,15.79,26.17,9.0,2.25,47.37,78.5,2.0,0.5,10.53,17.45,6.0,1.5,31.58,52.34,2.0,0.5,10.53,17.45,3.0,0.75,15.79,26.17,0.0,0.0,0.0,0.0,2.0,0.5,10.53,17.45,2.0,0.5,10.53,17.45,4.0,1.0,21.05,34.89,4.0,1.0,21.05,34.89,1.0,0.25,5.26,8.72,2.0,0.5,10.53,17.45,1.0,0.25,5.26,8.72,0.0,0.0,0.0,0.0,0.0,0.0,0.0,0.0,0.0,0.0,0.0,0.0,1.0,0.25,5.26,8.72,1.0,0.25,5.26,8.72,31.58,15.79,15.79,110.49,3.0,0.75,15.79,4.13,1.03,0.22,0.3,0.33,0.0,1.0,0.09,0.0,0.67,0.8,0.73,0.0,0.0,0.05,5.26,0.22
4,臺北台新戰神,2|14|10863|10865,江均/錢肯尼/魏芃禾/謝銘駿,1,2,3.0,22.0,0.37,00:22,22.0,0.37,00:22,0.0,0.0,0.0,0.0,0.0,0.0,0.0,0.0,1.0,1.0,33.33,98.18,0.0,0.0,0.0,0.0,0.0,0.0,0.0,0.0,0.0,0.0,0.0,0.0,1.0,1.0,33.33,98.18,0.0,0.0,0.0,0.0,0.0,0.0,0.0,0.0,0.0,0.0,0.0,0.0,0.0,0.0,0.0,0.0,1.0,1.0,33.33,98.18,0.0,0.0,0.0,0.0,0.0,0.0,0.0,0.0,0.0,0.0,0.0,0.0,0.0,0.0,0.0,0.0,0.0,0.0,0.0,0.0,0.0,0.0,0.0,0.0,0.0,0.0,0.0,0.0,0.0,0.0,0.0,0.0,0.0,0.0,0.0,196.36,0.0,0.0,0.0,0.37,0.37,0.0,0.0,,0.0,,0.0,,,1.0,1.0,0.0,0.0,0.0,0.0,0.0
4,臺北台新戰神,4|14|10863|10865,張兆辰/錢肯尼/魏芃禾/謝銘駿,2,10,12.0,110.0,1.83,01:50,55.0,0.92,00:55,0.0,0.0,0.0,0.0,5.0,2.5,41.67,98.18,2.0,1.0,16.67,39.27,0.0,0.0,0.0,0.0,1.0,0.5,8.33,19.64,0.0,0.0,0.0,0.0,1.0,0.5,8.33,19.64,0.0,0.0,0.0,0.0,0.0,0.0,0.0,0.0,0.0,0.0,0.0,0.0,0.0,0.0,0.0,0.0,2.0,1.0,16.67,39.27,0.0,0.0,0.0,0.0,1.0,0.5,8.33,19.64,3.0,1.5,25.0,58.91,0.0,0.0,0.0,0.0,2.0,1.0,16.67,39.27,0.0,0.0,0.0,0.0,0.0,0.0,0.0,0.0,0.0,0.0,0.0,0.0,0.0,41.67,-41.67,157.09,-5.0,-2.5,-41.67,1.83,0.92,0.0,0.0,0.0,0.0,,0.6,,0.0,1.0,0.67,16.67,0.0,0.0,0.0,0.0
4,桃園台啤永豐雲豹,12|55|56|60,曹薰襄/汪哲宇/丁冠皓/黃鎮,1,1,2.0,39.0,0.65,00:39,39.0,0.65,00:39,0.0,0.0,0.0,0.0,2.0,2.0,100.0,110.77,0.0,0.0,0.0,0.0,0.0,0.0,0.0,0.0,0.0,0.0,0.0,0.0,0.0,0.0,0.0,0.0,0.0,0.0,0.0,0.0,0.0,0.0,0.0,0.0,0.0,0.0,0.0,0.0,0.0,0.0,0.0,0.0,0.0,0.0,0.0,0.0,0.0,0.0,0.0,0.0,1.0,1.0,50.0,55.38,0.0,0.0,0.0,0.0,0.0,0.0,0.0,0.0,0.0,0.0,0.0,0.0,0.0,0.0,0.0,0.0,0.0,0.0,0.0,0.0,0.0,0.0,0.0,0.0,2.0,2.0,100.0,110.77,0.0,100.0,-100.0,73.85,-2.0,-2.0,-100.0,0.65,0.65,,,,,,,,,0.0,0.0,0.0,0.0,0.0,100.0,
4,桃園台啤永豐雲豹,12|55|56|64,曹薰襄/汪哲宇/丁冠皓/劉元凱,1,1,2.0,39.0,0.65,00:39,39.0,0.65,00:39,0.0,0.0,0.0,0.0,2.0,2.0,100.0,110.77,0.0,0.0,0.0,0.0,0.0,0.0,0.0,0.0,0.0,0.0,0.0,0.0,0.0,0.0,0.0,0.0,0.0,0.0,0.0,0.0,0.0,0.0,0.0,0.0,0.0,0.0,0.0,0.0,0.0,0.0,0.0,0.0,0.0,0.0,0.0,0.0,0.0,0.0,0.0,0.0,1.0,1.0,50.0,55.38,0.0,0.0,0.0,0.0,0.0,0.0,0.0,0.0,0.0,0.0,0.0,0.0,0.0,0.0,0.0,0.0,0.0,0.0,0.0,0.0,0.0,0.0,0.0,0.0,2.0,2.0,100.0,110.77,0.0,100.0,-100.0,73.85,-2.0,-2.0,-100.0,0.65,0.65,,,,,,,,,0.0,0.0,0.0,0.0,0.0,100.0,
4,桃園台啤永豐雲豹,12|55|60|64,曹薰襄/汪哲宇/黃鎮/劉元凱,1,1,2.0,39.0,0.65,00:39,39.0,0.65,00:39,0.0,0.0,0.0,0.0,2.0,2.0,100.0,110.77,0.0,0.0,0.0,0.0,0.0,0.0,0.0,0.0,0.0,0.0,0.0,0.0,0.0,0.0,0.0,0.0,0.0,0.0,0.0,0.0,0.0,0.0,0.0,0.0,0.0,0.0,0.0,0.0,0.0,0.0,0.0,0.0,0.0,0.0,0.0,0.0,0.0,0.0,0.0,0.0,1.0,1.0,50.0,55.38,0.0,0.0,0.0,0.0,0.0,0.0,0.0,0.0,0.0,0.0,0.0,0.0,0.0,0.0,0.0,0.0,0.0,0.0,0.0,0.0,0.0,0.0,0.0,0.0,2.0,2.0,100.0,110.77,0.0,100.0,-100.0,73.85,-2.0,-2.0,-100.0,0.65,0.65,,,,,,,,,0.0,0.0,0.0,0.0,0.0,100.0,
4,桃園台啤永豐雲豹,12|56|60|64,曹薰襄/丁冠皓/黃鎮/劉元凱,1,1,2.0,39.0,0.65,00:39,39.0,0.65,00:39,0.0,0.0,0.0,0.0,2.0,2.0,100.0,110.77,0.0,0.0,0.0,0.0,0.0,0.0,0.0,0.0,0.0,0.0,0.0,0.0,0.0,0.0,0.0,0.0,0.0,0.0,0.0,0.0,0.0,0.0,0.0,0.0,0.0,0.0,0.0,0.0,0.0,0.0,0.0,0.0,0.0,0.0,0.0,0.0,0.0,0.0,0.0,0.0,1.0,1.0,50.0,55.38,0.0,0.0,0.0,0.0,0.0,0.0,0.0,0.0,0.0,0.0,0.0,0.0,0.0,0.0,0.0,0.0,0.0,0.0,0.0,0.0,0.0,0.0,0.0,0.0,2.0,2.0,100.0,110.77,0.0,100.0,-100.0,73.85,-2.0,-2.0,-100.0,0.65,0.65,,,,,,,,,0.0,0.0,0.0,0.0,0.0,100.0,
4,桃園台啤永豐雲豹,55|56|60|64,汪哲宇/丁冠皓/黃鎮/劉元凱,8,50,72.0,800.94,13.35,13:21,100.12,1.67,01:40,27.0,3.38,37.5,72.81,25.0,3.12,34.72,67.42,21.0,2.62,29.17,56.63,8.0,1.0,11.11,21.57,9.0,1.12,12.5,24.27,3.0,0.38,4.17,8.09,12.0,1.5,16.67,32.36,5.0,0.62,6.94,13.48,8.0,1.0,11.11,21.57,6.0,0.75,8.33,16.18,8.0,1.0,11.11,21.57,5.0,0.62,6.94,13.48,11.0,1.38,15.28,29.67,7.0,0.88,9.72,18.88,7.0,0.88,9.72,18.88,6.0,0.75,8.33,16.18,5.0,0.62,6.94,13.48,1.0,0.12,1.39,2.7,8.0,1.0,11.11,21.57,13.0,1.62,18.06,35.06,37.5,34.72,2.78,129.45,2.0,0.25,2.78,13.35,1.67,0.5,0.55,0.33,0.42,0.75,0.22,0.75,0.53,0.31,0.42,6.94,1.39,0.11,18.06,0.38
4,臺北台新戰神,2|4|10863|10864,江均/張兆辰/魏芃禾/劉彥廷,3,22,30.0,365.48,6.09,06:05,121.83,2.03,02:02,13.0,4.33,43.33,76.83,14.0,4.67,46.67,82.74,12.0,4.0,40.0,70.92,4.0,1.33,13.33,23.64,8.0,2.67,26.67,47.28,3.0,1.0,10.0,17.73,4.0,1.33,13.33,23.64,1.0,0.33,3.33,5.91,5.0,1.67,16.67,29.55,4.0,1.33,13.33,23.64,4.0,1.33,13.33,23.64,4.0,1.33,13.33,23.64,2.0,0.67,6.67,11.82,4.0,1.33,13.33,23.64,2.0,0.67,6.67,11.82,4.0,1.33,13.33,23.64,2.0,0.67,6.67,11.82,2.0,0.67,6.67,11.82,1.0,0.33,3.33,5.91,2.0,0.67,6.67,11.82,43.33,46.67,-3.33,118.2,-1.0,-0.33,-3.33,6.09,2.03,0.38,0.46,0.38,0.25,0.8,0.12,1.0,0.5,0.67,0.57,6.67,6.67,0.03,6.67,0.42
4,臺北台新戰神,2|4|10864|10865,江均/張兆辰/劉彥廷/謝銘駿,4,29,38.0,557.35,9.29,09:17,139.34,2.32,02:19,13.0,3.25,34.21,50.38,21.0,5.25,55.26,81.39,12.0,3.0,31.58,46.51,4.0,1.0,10.53,15.5,6.0,1.5,15.79,23.25,2.0,0.5,5.26,7.75,6.0,1.5,15.79,23.25,2.0,0.5,5.26,7.75,3.0,0.75,7.89,11.63,3.0,0.75,7.89,11.63,3.0,0.75,7.89,11.63,7.0,1.75,18.42,27.13,4.0,1.0,10.53,15.5,3.0,0.75,7.89,11.63,3.0,0.75,7.89,11.63,2.0,0.5,5.26,7.75,2.0,0.5,5.26,7.75,0.0,0.0,0.0,0.0,2.0,0.5,5.26,7.75,6.0,1.5,15.79,23.25,34.21,55.26,-21.05,98.18,-8.0,-2.0,-21.05,9.29,2.32,0.42,0.49,0.33,0.33,1.0,0.18,0.5,0.5,0.64,0.59,5.26,0.0,0.05,15.79,0.25
4,臺北台新戰神,2|10863|10864|10865,江均/魏芃禾/劉彥廷/謝銘駿,3,12,17.0,214.22,3.57,03:34,71.41,1.19,01:11,8.0,2.67,47.06,80.67,8.0,2.67,47.06,80.67,5.0,1.67,29.41,50.42,2.0,0.67,11.76,20.17,4.0,1.33,23.53,40.33,2.0,0.67,11.76,20.17,1.0,0.33,5.88,10.08,0.0,0.0,0.0,0.0,5.0,1.67,29.41,50.42,4.0,1.33,23.53,40.33,2.0,0.67,11.76,20.17,2.0,0.67,11.76,20.17,1.0,0.33,5.88,10.08,1.0,0.33,5.88,10.08,2.0,0.67,11.76,20.17,1.0,0.33,5.88,10.08,1.0,0.33,5.88,10.08,0.0,0.0,0.0,0.0,3.0,1.0,17.65,30.25,1.0,0.33,5.88,10.08,47.06,47.06,0.0,114.28,0.0,0.0,0.0,3.57,1.19,0.4,0.56,0.5,0.0,0.8,0.22,0.5,0.67,0.67,0.67,5.88,0.0,0.18,5.88,1.0
4,臺北台新戰神,4|10863|10864|10865,張兆辰/魏芃禾/劉彥廷/謝銘駿,3,13,18.0,250.53,4.18,04:11,83.51,1.39,01:24,8.0,2.67,44.44,68.97,10.0,3.33,55.56,86.22,6.0,2.0,33.33,51.73,2.0,0.67,11.11,17.24,5.0,1.67,27.78,43.11,2.0,0.67,11.11,17.24,1.0,0.33,5.56,8.62,0.0,0.0,0.0,0.0,6.0,2.0,33.33,51.73,4.0,1.33,22.22,34.49,2.0,0.67,11.11,17.24,3.0,1.0,16.67,25.87,1.0,0.33,5.56,8.62,0.0,0.0,0.0,0.0,0.0,0.0,0.0,0.0,0.0,0.0,0.0,0.0,0.0,0.0,0.0,0.0,0.0,0.0,0.0,0.0,3.0,1.0,16.67,25.87,3.0,1.0,16.67,25.87,44.44,55.56,-11.11,103.46,-2.0,-0.67,-11.11,4.18,1.39,0.33,0.46,0.4,0.0,0.67,0.0,0.0,1.0,0.75,0.83,0.0,0.0,0.17,16.67,1.0
4,新北國王,22|24|867|10875,簡祐哲/蘇士軒/桑尼/傑登,1,21,22.0,298.63,4.98,04:59,298.63,4.98,04:59,14.0,14.0,63.64,101.26,15.0,15.0,68.18,108.49,9.0,9.0,40.91,65.1,5.0,5.0,22.73,36.16,3.0,3.0,13.64,21.7,2.0,2.0,9.09,14.47,6.0,6.0,27.27,43.4,3.0,3.0,13.64,21.7,1.0,1.0,4.55,7.23,1.0,1.0,4.55,7.23,1.0,1.0,4.55,7.23,3.0,3.0,13.64,21.7,0.0,0.0,0.0,0.0,3.0,3.0,13.64,21.7,1.0,1.0,4.55,7.23,3.0,3.0,13.64,21.7,1.0,1.0,4.55,7.23,0.0,0.0,0.0,0.0,3.0,3.0,13.64,21.7,4.0,4.0,18.18,28.93,63.64,68.18,-4.55,106.08,-1.0,-1.0,-4.55,4.98,4.98,0.72,0.74,0.67,0.5,1.0,0.1,0.6,0.25,1.0,0.57,4.55,0.0,0.14,18.18,0.11
4,新北國王,24|867|10872|10874,蘇士軒/桑尼/林彥廷/熊祥泰,1,6,7.0,90.0,1.5,01:30,90.0,1.5,01:30,4.0,4.0,57.14,96.0,3.0,3.0,42.86,72.0,3.0,3.0,42.86,72.0,1.0,1.0,14.29,24.0,3.0,3.0,42.86,72.0,1.0,1.0,14.29,24.0,0.0,0.0,0.0,0.0,0.0,0.0,0.0,0.0,2.0,2.0,28.57,48.0,2.0,2.0,28.57,48.0,1.0,1.0,14.29,24.0,1.0,1.0,14.29,24.0,0.0,0.0,0.0,0.0,2.0,2.0,28.57,48.0,0.0,0.0,0.0,0.0,0.0,0.0,0.0,0.0,0.0,0.0,0.0,0.0,0.0,0.0,0.0,0.0,2.0,2.0,28.57,48.0,0.0,0.0,0.0,0.0,57.14,42.86,14.29,112.0,1.0,1.0,14.29,1.5,1.5,0.33,0.52,0.33,,1.0,0.0,0.0,0.33,1.0,0.5,0.0,0.0,0.29,0.0,0.67
4,新北國王,24|867|10874|10876,蘇士軒/桑尼/熊祥泰/尚迪,1,12,13.0,163.99,2.73,02:44,163.99,2.73,02:44,11.0,11.0,84.62,144.89,5.0,5.0,38.46,65.86,5.0,5.0,38.46,65.86,3.0,3.0,23.08,39.52,4.0,4.0,30.77,52.69,2.0,2.0,15.38,26.34,1.0,1.0,7.69,13.17,1.0,1.0,7.69,13.17,4.0,4.0,30.77,52.69,4.0,4.0,30.77,52.69,1.0,1.0,7.69,13.17,1.0,1.0,7.69,13.17,0.0,0.0,0.0,0.0,3.0,3.0,23.08,39.52,0.0,0.0,0.0,0.0,2.0,2.0,15.38,26.34,0.0,0.0,0.0,0.0,0.0,0.0,0.0,0.0,2.0,2.0,15.38,26.34,0.0,0.0,0.0,0.0,84.62,38.46,46.15,114.15,6.0,6.0,46.15,2.73,2.73,0.7,0.81,0.5,1.0,1.0,0.0,0.67,0.25,1.0,0.4,0.0,0.0,0.15,0.0,0.8
4,新北國王,24|10872|10874|10876,蘇士軒/林彥廷/熊祥泰/尚迪,2,30,36.0,776.23,12.94,12:56,388.12,6.47,06:28,20.0,10.0,55.56,55.65,17.0,8.5,47.22,47.31,15.0,7.5,41.67,41.74,7.0,3.5,19.44,19.48,6.0,3.0,16.67,16.7,3.0,1.5,8.33,8.35,9.0,4.5,25.0,25.04,4.0,2.0,11.11,11.13,2.0,1.0,5.56,5.57,2.0,1.0,5.56,5.57,3.0,1.5,8.33,8.35,5.0,2.5,13.89,13.91,2.0,1.0,5.56,5.57,6.0,3.0,16.67,16.7,2.0,1.0,5.56,5.57,4.0,2.0,11.11,11.13,0.0,0.0,0.0,0.0,1.0,0.5,2.78,2.78,4.0,2.0,11.11,11.13,4.0,2.0,11.11,11.13,55.56,47.22,8.33,66.78,3.0,1.5,8.33,12.94,6.47,0.6,0.63,0.5,0.44,1.0,0.11,0.57,0.33,0.71,0.5,0.0,2.78,0.11,11.11,0.13
4,新北國王,21|24|867|10874,李愷諺/蘇士軒/桑尼/熊祥泰,1,13,14.0,187.19,3.12,03:07,187.19,3.12,03:07,13.0,13.0,92.86,150.01,4.0,4.0,28.57,46.16,6.0,6.0,42.86,69.24,5.0,5.0,35.71,57.7,5.0,5.0,35.71,57.7,4.0,4.0,28.57,46.16,1.0,1.0,7.14,11.54,1.0,1.0,7.14,11.54,2.0,2.0,14.29,23.08,2.0,2.0,14.29,23.08,1.0,1.0,7.14,11.54,0.0,0.0,0.0,0.0,0.0,0.0,0.0,0.0,3.0,3.0,21.43,34.62,1.0,1.0,7.14,11.54,4.0,4.0,28.57,46.16,1.0,1.0,7.14,11.54,0.0,0.0,0.0,0.0,1.0,1.0,7.14,11.54,2.0,2.0,14.29,23.08,92.86,28.57,64.29,107.7,9.0,9.0,64.29,3.12,3.12,0.92,0.94,0.8,1.0,1.0,0.13,0.8,0.25,,0.25,7.14,0.0,0.07,14.29,0.33
4,新北國王,21|24|10874|10876,李愷諺/蘇士軒/熊祥泰/尚迪,1,6,6.0,73.99,1.23,01:14,73.99,1.23,01:14,7.0,7.0,116.67,204.36,2.0,2.0,33.33,58.39,2.0,2.0,33.33,58.39,2.0,2.0,33.33,58.39,1.0,1.0,16.67,29.19,1.0,1.0,16.67,29.19,1.0,1.0,16.67,29.19,1.0,1.0,16.67,29.19,2.0,2.0,33.33,58.39,2.0,2.0,33.33,58.39,0.0,0.0,0.0,0.0,0.0,0.0,0.0,0.0,0.0,0.0,0.0,0.0,1.0,1.0,16.67,29.19,0.0,0.0,0.0,0.0,2.0,2.0,33.33,58.39,0.0,0.0,0.0,0.0,0.0,0.0,0.0,0.0,0.0,0.0,0.0,0.0,0.0,0.0,0.0,0.0,116.67,33.33,83.33,116.78,5.0,5.0,83.33,1.23,1.23,1.25,1.22,1.0,1.0,1.0,0.0,1.0,0.0,,0.0,0.0,0.0,0.0,0.0,1.0
4,新北國王,22|24|867|10876,簡祐哲/蘇士軒/桑尼/尚迪,1,6,7.0,115.36,1.92,01:55,115.36,1.92,01:55,4.0,4.0,57.14,74.9,5.0,5.0,71.43,93.62,3.0,3.0,42.86,56.17,2.0,2.0,28.57,37.45,3.0,3.0,42.86,56.17,2.0,2.0,28.57,37.45,0.0,0.0,0.0,0.0,0.0,0.0,0.0,0.0,0.0,0.0,0.0,0.0,0.0,0.0,0.0,0.0,0.0,0.0,0.0,0.0,1.0,1.0,14.29,18.72,1.0,1.0,14.29,18.72,1.0,1.0,14.29,18.72,0.0,0.0,0.0,0.0,0.0,0.0,0.0,0.0,0.0,0.0,0.0,0.0,0.0,0.0,0.0,0.0,1.0,1.0,14.29,18.72,2.0,2.0,28.57,37.45,57.14,71.43,-14.29,87.38,-1.0,-1.0,-14.29,1.92,1.92,0.67,0.67,0.67,,,0.0,0.0,0.0,0.5,0.33,0.0,0.0,0.14,28.57,0.0
4,高雄全家海神,109|116|122|12668,于煥亞/呂威霆/陳懷安/歐提斯,1,7,8.0,110.37,1.84,01:50,110.37,1.84,01:50,3.0,3.0,37.5,58.71,5.0,5.0,62.5,97.85,2.0,2.0,25.0,39.14,1.0,1.0,12.5,19.57,0.0,0.0,0.0,0.0,0.0,0.0,0.0,0.0,2.0,2.0,25.0,39.14,1.0,1.0,12.5,19.57,2.0,2.0,25.0,39.14,2.0,2.0,25.0,39.14,0.0,0.0,0.0,0.0,1.0,1.0,12.5,19.57,0.0,0.0,0.0,0.0,1.0,1.0,12.5,19.57,1.0,1.0,12.5,19.57,1.0,1.0,12.5,19.57,0.0,0.0,0.0,0.0,0.0,0.0,0.0,0.0,1.0,1.0,12.5,19.57,1.0,1.0,12.5,19.57,37.5,62.5,-25.0,104.38,-2.0,-2.0,-25.0,1.84,1.84,0.75,0.52,,0.5,1.0,0.26,1.0,0.0,1.0,0.5,0.0,0.0,0.12,12.5,1.0
4,高雄全家海神,109|116|10894|12668,于煥亞/呂威霆/凱帝/歐提斯,1,13,14.0,175.06,2.92,02:55,175.06,2.92,02:55,5.0,5.0,35.71,61.69,11.0,11.0,78.57,135.72,3.0,3.0,21.43,37.02,1.0,1.0,7.14,12.34,0.0,0.0,0.0,0.0,0.0,0.0,0.0,0.0,3.0,3.0,21.43,37.02,1.0,1.0,7.14,12.34,4.0,4.0,28.57,49.35,4.0,4.0,28.57,49.35,0.0,0.0,0.0,0.0,2.0,2.0,14.29,24.68,0.0,0.0,0.0,0.0,1.0,1.0,7.14,12.34,2.0,2.0,14.29,24.68,1.0,1.0,7.14,12.34,1.0,1.0,7.14,12.34,0.0,0.0,0.0,0.0,2.0,2.0,14.29,24.68,5.0,5.0,35.71,61.69,35.71,78.57,-42.86,115.16,-6.0,-6.0,-42.86,2.92,2.92,0.5,0.53,,0.33,1.0,0.3,1.0,0.0,1.0,0.67,7.14,0.0,0.14,35.71,1.33
4,高雄全家海神,116|122|10894|12668,呂威霆/陳懷安/凱帝/歐提斯,1,7,8.0,110.37,1.84,01:50,110.37,1.84,01:50,3.0,3.0,37.5,58.71,5.0,5.0,62.5,97.85,2.0,2.0,25.0,39.14,1.0,1.0,12.5,19.57,0.0,0.0,0.0,0.0,0.0,0.0,0.0,0.0,2.0,2.0,25.0,39.14,1.0,1.0,12.5,19.57,2.0,2.0,25.0,39.14,2.0,2.0,25.0,39.14,0.0,0.0,0.0,0.0,1.0,1.0,12.5,19.57,0.0,0.0,0.0,0.0,1.0,1.0,12.5,19.57,1.0,1.0,12.5,19.57,1.0,1.0,12.5,19.57,0.0,0.0,0.0,0.0,0.0,0.0,0.0,0.0,1.0,1.0,12.5,19.57,1.0,1.0,12.5,19.57,37.5,62.5,-25.0,104.38,-2.0,-2.0,-25.0,1.84,1.84,0.75,0.52,,0.5,1.0,0.26,1.0,0.0,1.0,0.5,0.0,0.0,0.12,12.5,1.0
4,高雄全家海神,109|116|118|122,于煥亞/呂威霆/蘇文儒/陳懷安,1,10,11.0,160.0,2.67,02:40,160.0,2.67,02:40,4.0,4.0,36.36,54.0,0.0,0.0,0.0,0.0,5.0,5.0,45.45,67.5,1.0,1.0,9.09,13.5,3.0,3.0,27.27,40.5,0.0,0.0,0.0,0.0,2.0,2.0,18.18,27.0,1.0,1.0,9.09,13.5,2.0,2.0,18.18,27.0,1.0,1.0,9.09,13.5,0.0,0.0,0.0,0.0,4.0,4.0,36.36,54.0,0.0,0.0,0.0,0.0,3.0,3.0,27.27,40.5,0.0,0.0,0.0,0.0,1.0,1.0,9.09,13.5,0.0,0.0,0.0,0.0,0.0,0.0,0.0,0.0,5.0,5.0,45.45,67.5,0.0,0.0,0.0,0.0,36.36,0.0,36.36,99.0,4.0,4.0,36.36,2.67,2.67,0.3,0.34,0.0,0.5,0.5,0.0,1.0,0.0,1.0,0.57,0.0,0.0,0.45,0.0,0.4
4,高雄全家海神,109|116|118|10894,于煥亞/呂威霆/蘇文儒/凱帝,1,16,17.0,211.69,3.53,03:32,211.69,3.53,03:32,6.0,6.0,35.29,61.22,6.0,6.0,35.29,61.22,6.0,6.0,35.29,61.22,1.0,1.0,5.88,10.2,3.0,3.0,17.65,30.61,0.0,0.0,0.0,0.0,3.0,3.0,17.65,30.61,1.0,1.0,5.88,10.2,4.0,4.0,23.53,40.81,3.0,3.0,17.65,30.61,0.0,0.0,0.0,0.0,5.0,5.0,29.41,51.02,0.0,0.0,0.0,0.0,3.0,3.0,17.65,30.61,1.0,1.0,5.88,10.2,1.0,1.0,5.88,10.2,1.0,1.0,5.88,10.2,0.0,0.0,0.0,0.0,4.0,4.0,23.53,40.81,4.0,4.0,23.53,40.81,35.29,35.29,0.0,115.64,0.0,0.0,0.0,3.53,3.53,0.25,0.39,0.0,0.33,0.75,0.11,1.0,0.0,1.0,0.62,5.88,0.0,0.24,23.53,0.67
4,新北國王,21|25|867|10872,李愷諺/林金榜/桑尼/林彥廷,3,68,81.0,1064.83,17.75,17:45,354.94,5.92,05:55,42.0,14.0,51.85,85.2,29.0,9.67,35.8,58.83,32.0,10.67,39.51,64.91,16.0,5.33,19.75,32.46,18.0,6.0,22.22,36.51,10.0,3.33,12.35,20.28,14.0,4.67,17.28,28.4,6.0,2.0,7.41,12.17,5.0,1.67,6.17,10.14,4.0,1.33,4.94,8.11,7.0,2.33,8.64,14.2,10.0,3.33,12.35,20.28,2.0,0.67,2.47,4.06,18.0,6.0,22.22,36.51,7.0,2.33,8.64,14.2,12.0,4.0,14.81,24.34,5.0,1.67,6.17,10.14,1.0,0.33,1.23,2.03,9.0,3.0,11.11,18.26,10.0,3.33,12.35,20.28,51.85,35.8,16.05,109.54,13.0,4.33,16.05,17.75,5.92,0.59,0.61,0.56,0.43,0.8,0.17,0.75,0.28,0.83,0.46,6.17,1.23,0.11,12.35,0.16
4,新北國王,21|25|867|10876,李愷諺/林金榜/桑尼/尚迪,1,32,37.0,508.23,8.47,08:28,508.23,8.47,08:28,17.0,17.0,45.95,72.25,19.0,19.0,51.35,80.75,10.0,10.0,27.03,42.5,5.0,5.0,13.51,21.25,5.0,5.0,13.51,21.25,4.0,4.0,10.81,17.0,5.0,5.0,13.51,21.25,1.0,1.0,2.7,4.25,7.0,7.0,18.92,29.75,6.0,6.0,16.22,25.5,3.0,3.0,8.11,12.75,4.0,4.0,10.81,17.0,1.0,1.0,2.7,4.25,6.0,6.0,16.22,25.5,6.0,6.0,16.22,25.5,3.0,3.0,8.11,12.75,3.0,3.0,8.11,12.75,0.0,0.0,0.0,0.0,7.0,7.0,18.92,29.75,4.0,4.0,10.81,17.0,45.95,51.35,-5.41,104.83,-2.0,-2.0,-5.41,8.47,8.47,0.55,0.65,0.8,0.2,0.86,0.31,0.6,0.33,0.8,0.5,8.11,0.0,0.19,10.81,0.7
4,新北國王,25|867|10872|10876,林金榜/桑尼/林彥廷/尚迪,2,7,9.0,96.0,1.6,01:36,48.0,0.8,00:48,0.0,0.0,0.0,0.0,3.0,1.5,33.33,67.5,2.0,1.0,22.22,45.0,0.0,0.0,0.0,0.0,1.0,0.5,11.11,22.5,0.0,0.0,0.0,0.0,1.0,0.5,11.11,22.5,0.0,0.0,0.0,0.0,0.0,0.0,0.0,0.0,0.0,0.0,0.0,0.0,0.0,0.0,0.0,0.0,2.0,1.0,22.22,45.0,1.0,0.5,11.11,22.5,3.0,1.5,33.33,67.5,1.0,0.5,11.11,22.5,0.0,0.0,0.0,0.0,0.0,0.0,0.0,0.0,0.0,0.0,0.0,0.0,2.0,1.0,22.22,45.0,2.0,1.0,22.22,45.0,0.0,33.33,-33.33,135.0,-3.0,-1.5,-33.33,1.6,0.8,0.0,0.0,0.0,0.0,,0.33,,0.0,0.67,0.33,0.0,0.0,0.22,22.22,0.0
4,新北國王,21|22|25|867,李愷諺/簡祐哲/林金榜/桑尼,2,60,71.0,886.71,14.78,14:47,443.36,7.39,07:23,34.0,17.0,47.89,82.82,30.0,15.0,42.25,73.08,24.0,12.0,33.8,58.46,11.0,5.5,15.49,26.8,15.0,7.5,21.13,36.54,8.0,4.0,11.27,19.49,9.0,4.5,12.68,21.92,3.0,1.5,4.23,7.31,11.0,5.5,15.49,26.8,9.0,4.5,12.68,21.92,8.0,4.0,11.27,19.49,7.0,3.5,9.86,17.05,4.0,2.0,5.63,9.74,11.0,5.5,15.49,26.8,8.0,4.0,11.27,19.49,7.0,3.5,9.86,17.05,6.0,3.0,8.45,14.62,1.0,0.5,1.41,2.44,8.0,4.0,11.27,19.49,9.0,4.5,12.68,21.92,47.89,42.25,5.63,115.3,4.0,2.0,5.63,14.78,7.39,0.52,0.59,0.53,0.33,0.82,0.22,0.64,0.42,0.64,0.5,8.45,1.41,0.11,12.68,0.46
4,新北國王,22|25|867|10876,簡祐哲/林金榜/桑尼/尚迪,1,26,30.0,419.23,6.99,06:59,419.23,6.99,06:59,17.0,17.0,56.67,87.59,18.0,18.0,60.0,92.74,8.0,8.0,26.67,41.22,5.0,5.0,16.67,25.76,4.0,4.0,13.33,20.61,4.0,4.0,13.33,20.61,4.0,4.0,13.33,20.61,1.0,1.0,3.33,5.15,7.0,7.0,23.33,36.07,6.0,6.0,20.0,30.91,3.0,3.0,10.0,15.46,2.0,2.0,6.67,10.3,1.0,1.0,3.33,5.15,3.0,3.0,10.0,15.46,5.0,5.0,16.67,25.76,3.0,3.0,10.0,15.46,3.0,3.0,10.0,15.46,0.0,0.0,0.0,0.0,5.0,5.0,16.67,25.76,2.0,2.0,6.67,10.3,56.67,60.0,-3.33,103.05,-1.0,-1.0,-3.33,6.99,6.99,0.69,0.77,1.0,0.25,0.86,0.31,0.6,0.5,0.67,0.56,10.0,0.0,0.17,6.67,0.88
4,新北國王,22|867|10872|10874,簡祐哲/桑尼/林彥廷/熊祥泰,2,11,11.0,162.0,2.7,02:42,81.0,1.35,01:21,3.0,1.5,27.27,40.0,4.0,2.0,36.36,53.33,6.0,3.0,54.55,80.0,1.0,0.5,9.09,13.33,1.0,0.5,9.09,13.33,0.0,0.0,0.0,0.0,5.0,2.5,45.45,66.67,1.0,0.5,9.09,13.33,0.0,0.0,0.0,0.0,0.0,0.0,0.0,0.0,0.0,0.0,0.0,0.0,5.0,2.5,45.45,66.67,0.0,0.0,0.0,0.0,2.0,1.0,18.18,26.67,0.0,0.0,0.0,0.0,0.0,0.0,0.0,0.0,0.0,0.0,0.0,0.0,0.0,0.0,0.0,0.0,1.0,0.5,9.09,13.33,0.0,0.0,0.0,0.0,27.27,36.36,-9.09,97.78,-1.0,-0.5,-9.09,2.7,1.35,0.25,0.25,0.0,0.2,,0.0,0.0,0.0,1.0,0.71,0.0,0.0,0.09,0.0,0.0
4,新北國王,22|867|10874|10875,簡祐哲/桑尼/熊祥泰/傑登,1,6,6.0,82.0,1.37,01:22,82.0,1.37,01:22,0.0,0.0,0.0,0.0,2.0,2.0,33.33,52.68,3.0,3.0,50.0,79.02,0.0,0.0,0.0,0.0,1.0,1.0,16.67,26.34,0.0,0.0,0.0,0.0,2.0,2.0,33.33,52.68,0.0,0.0,0.0,0.0,0.0,0.0,0.0,0.0,0.0,0.0,0.0,0.0,0.0,0.0,0.0,0.0,3.0,3.0,50.0,79.02,0.0,0.0,0.0,0.0,1.0,1.0,16.67,26.34,0.0,0.0,0.0,0.0,0.0,0.0,0.0,0.0,0.0,0.0,0.0,0.0,0.0,0.0,0.0,0.0,0.0,0.0,0.0,0.0,0.0,0.0,0.0,0.0,0.0,33.33,-33.33,105.37,-2.0,-2.0,-33.33,1.37,1.37,0.0,0.0,0.0,0.0,,0.0,,0.0,1.0,0.75,0.0,0.0,0.0,0.0,0.0
4,高雄全家海神,45|109|121|12668,施晉堯/于煥亞/吳曉謹/歐提斯,1,17,19.0,183.79,3.06,03:04,183.79,3.06,03:04,3.0,3.0,15.79,35.26,6.0,6.0,31.58,70.51,3.0,3.0,15.79,35.26,1.0,1.0,5.26,11.75,1.0,1.0,5.26,11.75,1.0,1.0,5.26,11.75,2.0,2.0,10.53,23.5,0.0,0.0,0.0,0.0,1.0,1.0,5.26,11.75,1.0,1.0,5.26,11.75,0.0,0.0,0.0,0.0,2.0,2.0,10.53,23.5,2.0,2.0,10.53,23.5,5.0,5.0,26.32,58.76,4.0,4.0,21.05,47.01,1.0,1.0,5.26,11.75,4.0,4.0,21.05,47.01,0.0,0.0,0.0,0.0,1.0,1.0,5.26,11.75,2.0,2.0,10.53,23.5,15.79,31.58,-15.79,148.86,-3.0,-3.0,-15.79,3.06,3.06,0.33,0.44,1.0,0.0,1.0,0.54,1.0,0.0,0.5,0.22,21.05,0.0,0.05,10.53,0.33
4,高雄全家海神,45|121|10894|12668,施晉堯/吳曉謹/凱帝/歐提斯,1,33,37.0,459.06,7.65,07:39,459.06,7.65,07:39,18.0,18.0,48.65,84.69,16.0,16.0,43.24,75.28,10.0,10.0,27.03,47.05,6.0,6.0,16.22,28.23,5.0,5.0,13.51,23.53,3.0,3.0,8.11,14.12,5.0,5.0,13.51,23.53,3.0,3.0,8.11,14.12,3.0,3.0,8.11,14.12,3.0,3.0,8.11,14.12,1.0,1.0,2.7,4.71,3.0,3.0,8.11,14.12,3.0,3.0,8.11,14.12,7.0,7.0,18.92,32.94,5.0,5.0,13.51,23.53,5.0,5.0,13.51,23.53,5.0,5.0,13.51,23.53,0.0,0.0,0.0,0.0,3.0,3.0,8.11,14.12,5.0,5.0,13.51,23.53,48.65,43.24,5.41,116.06,2.0,2.0,5.41,7.65,7.65,0.75,0.8,0.6,0.6,1.0,0.31,0.83,0.12,0.5,0.29,13.51,0.0,0.08,13.51,0.3
4,高雄全家海神,109|121|10894|12668,于煥亞/吳曉謹/凱帝/歐提斯,1,36,45.0,453.13,7.55,07:33,453.13,7.55,07:33,9.0,9.0,20.0,42.9,18.0,18.0,40.0,85.8,7.0,7.0,15.56,33.37,3.0,3.0,6.67,14.3,2.0,2.0,4.44,9.53,2.0,2.0,4.44,9.53,5.0,5.0,11.11,23.83,1.0,1.0,2.22,4.77,2.0,2.0,4.44,9.53,2.0,2.0,4.44,9.53,1.0,1.0,2.22,4.77,3.0,3.0,6.67,14.3,6.0,6.0,13.33,28.6,7.0,7.0,15.56,33.37,11.0,11.0,24.44,52.43,1.0,1.0,2.22,4.77,10.0,10.0,22.22,47.67,0.0,0.0,0.0,0.0,4.0,4.0,8.89,19.07,6.0,6.0,13.33,28.6,20.0,40.0,-20.0,143.0,-9.0,-9.0,-20.0,7.55,7.55,0.5,0.57,1.0,0.2,1.0,0.58,0.33,0.12,0.33,0.24,22.22,0.0,0.09,13.33,0.29
4,新北國王,21|867|10872|10874,李愷諺/桑尼/林彥廷/熊祥泰,3,68,79.0,997.74,16.63,16:38,332.58,5.54,05:33,39.0,13.0,49.37,84.43,27.0,9.0,34.18,58.45,34.0,11.33,43.04,73.61,13.0,4.33,16.46,28.14,18.0,6.0,22.78,38.97,8.0,2.67,10.13,17.32,16.0,5.33,20.25,34.64,5.0,1.67,6.33,10.82,5.0,1.67,6.33,10.82,5.0,1.67,6.33,10.82,7.0,2.33,8.86,15.15,13.0,4.33,16.46,28.14,2.0,0.67,2.53,4.33,10.0,3.33,12.66,21.65,3.0,1.0,3.8,6.49,8.0,2.67,10.13,17.32,0.0,0.0,0.0,0.0,2.0,0.67,2.53,4.33,3.0,1.0,3.8,6.49,3.0,1.0,3.8,6.49,49.37,34.18,15.19,114.02,12.0,4.0,15.19,16.63,5.54,0.46,0.54,0.44,0.31,1.0,0.08,0.62,0.41,0.87,0.62,0.0,2.53,0.04,3.8,0.15
4,高雄全家海神,121|122|10894|12668,吳曉謹/陳懷安/凱帝/歐提斯,2,28,40.0,450.34,7.51,07:30,225.17,3.75,03:45,11.0,5.5,27.5,52.76,17.0,8.5,42.5,81.54,6.0,3.0,15.0,28.78,3.0,1.5,7.5,14.39,1.0,0.5,2.5,4.8,1.0,0.5,2.5,4.8,5.0,2.5,12.5,23.98,2.0,1.0,5.0,9.59,3.0,1.5,7.5,14.39,3.0,1.5,7.5,14.39,2.0,1.0,5.0,9.59,1.0,0.5,2.5,4.8,6.0,3.0,15.0,28.78,4.0,2.0,10.0,19.19,10.0,5.0,25.0,47.96,2.0,1.0,5.0,9.59,7.0,3.5,17.5,33.57,0.0,0.0,0.0,0.0,6.0,3.0,15.0,28.78,4.0,2.0,10.0,19.19,27.5,42.5,-15.0,127.9,-6.0,-3.0,-15.0,7.51,3.75,0.67,0.75,1.0,0.4,1.0,0.58,0.67,0.33,0.14,0.23,17.5,0.0,0.15,10.0,0.5
4,新北國王,25|867|10872|10875,林金榜/桑尼/林彥廷/傑登,3,61,72.0,959.88,16.0,16:00,319.96,5.33,05:20,37.0,12.33,51.39,83.26,27.0,9.0,37.5,60.76,28.0,9.33,38.89,63.01,13.0,4.33,18.06,29.25,14.0,4.67,19.44,31.5,8.0,2.67,11.11,18.0,14.0,4.67,19.44,31.5,5.0,1.67,6.94,11.25,7.0,2.33,9.72,15.75,6.0,2.0,8.33,13.5,7.0,2.33,9.72,15.75,9.0,3.0,12.5,20.25,1.0,0.33,1.39,2.25,15.0,5.0,20.83,33.75,6.0,2.0,8.33,13.5,11.0,3.67,15.28,24.75,5.0,1.67,6.94,11.25,1.0,0.33,1.39,2.25,9.0,3.0,12.5,20.25,10.0,3.33,13.89,22.5,51.39,37.5,13.89,108.01,10.0,3.33,13.89,16.0,5.33,0.55,0.6,0.57,0.36,0.86,0.16,0.85,0.32,0.9,0.5,6.94,1.39,0.12,13.89,0.25
4,新北國王,25|867|10872|10874,林金榜/桑尼/林彥廷/熊祥泰,1,10,10.0,133.32,2.22,02:13,133.32,2.22,02:13,5.0,5.0,50.0,81.01,5.0,5.0,50.0,81.01,3.0,3.0,30.0,48.6,1.0,1.0,10.0,16.2,0.0,0.0,0.0,0.0,0.0,0.0,0.0,0.0,3.0,3.0,30.0,48.6,1.0,1.0,10.0,16.2,2.0,2.0,20.0,32.4,2.0,2.0,20.0,32.4,0.0,0.0,0.0,0.0,2.0,2.0,20.0,32.4,0.0,0.0,0.0,0.0,3.0,3.0,30.0,48.6,1.0,1.0,10.0,16.2,2.0,2.0,20.0,32.4,1.0,1.0,10.0,16.2,0.0,0.0,0.0,0.0,1.0,1.0,10.0,16.2,4.0,4.0,40.0,64.81,50.0,50.0,0.0,108.01,0.0,0.0,0.0,2.22,2.22,0.5,0.64,,0.33,1.0,0.2,2.0,0.0,1.0,0.4,10.0,0.0,0.1,40.0,0.67
4,新北國王,25|867|10874|10875,林金榜/桑尼/熊祥泰/傑登,1,10,10.0,133.32,2.22,02:13,133.32,2.22,02:13,5.0,5.0,50.0,81.01,5.0,5.0,50.0,81.01,3.0,3.0,30.0,48.6,1.0,1.0,10.0,16.2,0.0,0.0,0.0,0.0,0.0,0.0,0.0,0.0,3.0,3.0,30.0,48.6,1.0,1.0,10.0,16.2,2.0,2.0,20.0,32.4,2.0,2.0,20.0,32.4,0.0,0.0,0.0,0.0,2.0,2.0,20.0,32.4,0.0,0.0,0.0,0.0,3.0,3.0,30.0,48.6,1.0,1.0,10.0,16.2,2.0,2.0,20.0,32.4,1.0,1.0,10.0,16.2,0.0,0.0,0.0,0.0,1.0,1.0,10.0,16.2,4.0,4.0,40.0,64.81,50.0,50.0,0.0,108.01,0.0,0.0,0.0,2.22,2.22,0.5,0.64,,0.33,1.0,0.2,2.0,0.0,1.0,0.4,10.0,0.0,0.1,40.0,0.67
4,高雄全家海神,109|116|118|12668,于煥亞/呂威霆/蘇文儒/歐提斯,1,6,6.0,64.69,1.08,01:05,64.69,1.08,01:05,2.0,2.0,33.33,66.78,6.0,6.0,100.0,200.34,1.0,1.0,16.67,33.39,0.0,0.0,0.0,0.0,0.0,0.0,0.0,0.0,0.0,0.0,0.0,0.0,1.0,1.0,16.67,33.39,0.0,0.0,0.0,0.0,2.0,2.0,33.33,66.78,2.0,2.0,33.33,66.78,0.0,0.0,0.0,0.0,1.0,1.0,16.67,33.39,0.0,0.0,0.0,0.0,0.0,0.0,0.0,0.0,1.0,1.0,16.67,33.39,0.0,0.0,0.0,0.0,1.0,1.0,16.67,33.39,0.0,0.0,0.0,0.0,1.0,1.0,16.67,33.39,4.0,4.0,66.67,133.56,33.33,100.0,-66.67,133.56,-4.0,-4.0,-66.67,1.08,1.08,0.0,0.53,,0.0,1.0,0.35,,,1.0,1.0,16.67,0.0,0.17,66.67,2.0
4,高雄全家海神,116|118|10894|12668,呂威霆/蘇文儒/凱帝/歐提斯,1,6,6.0,64.69,1.08,01:05,64.69,1.08,01:05,2.0,2.0,33.33,66.78,6.0,6.0,100.0,200.34,1.0,1.0,16.67,33.39,0.0,0.0,0.0,0.0,0.0,0.0,0.0,0.0,0.0,0.0,0.0,0.0,1.0,1.0,16.67,33.39,0.0,0.0,0.0,0.0,2.0,2.0,33.33,66.78,2.0,2.0,33.33,66.78,0.0,0.0,0.0,0.0,1.0,1.0,16.67,33.39,0.0,0.0,0.0,0.0,0.0,0.0,0.0,0.0,1.0,1.0,16.67,33.39,0.0,0.0,0.0,0.0,1.0,1.0,16.67,33.39,0.0,0.0,0.0,0.0,1.0,1.0,16.67,33.39,4.0,4.0,66.67,133.56,33.33,100.0,-66.67,133.56,-4.0,-4.0,-66.67,1.08,1.08,0.0,0.53,,0.0,1.0,0.35,,,1.0,1.0,16.67,0.0,0.17,66.67,2.0
4,新北國王,22|25|867|10872,簡祐哲/林金榜/桑尼/林彥廷,2,3,3.0,60.0,1.0,01:00,30.0,0.5,00:30,0.0,0.0,0.0,0.0,2.0,1.0,66.67,72.0,0.0,0.0,0.0,0.0,0.0,0.0,0.0,0.0,0.0,0.0,0.0,0.0,0.0,0.0,0.0,0.0,0.0,0.0,0.0,0.0,0.0,0.0,0.0,0.0,0.0,0.0,0.0,0.0,0.0,0.0,0.0,0.0,0.0,0.0,0.0,0.0,0.0,0.0,0.0,0.0,0.0,0.0,0.0,0.0,0.0,0.0,0.0,0.0,1.0,0.5,33.33,36.0,0.0,0.0,0.0,0.0,0.0,0.0,0.0,0.0,0.0,0.0,0.0,0.0,1.0,0.5,33.33,36.0,0.0,0.0,0.0,0.0,0.0,66.67,-66.67,72.0,-2.0,-1.0,-66.67,1.0,0.5,,,,,,1.0,,,,,0.0,0.0,0.33,0.0,
4,新北國王,22|25|867|10875,簡祐哲/林金榜/桑尼/傑登,2,16,19.0,218.49,3.64,03:38,109.24,1.82,01:49,7.0,3.5,36.84,69.2,12.0,6.0,63.16,118.63,8.0,4.0,42.11,79.09,2.0,1.0,10.53,19.77,5.0,2.5,26.32,49.43,1.0,0.5,5.26,9.89,3.0,1.5,15.79,29.66,1.0,0.5,5.26,9.89,2.0,1.0,10.53,19.77,2.0,1.0,10.53,19.77,4.0,2.0,21.05,39.54,2.0,1.0,10.53,19.77,0.0,0.0,0.0,0.0,1.0,0.5,5.26,9.89,1.0,0.5,5.26,9.89,2.0,1.0,10.53,19.77,1.0,0.5,5.26,9.89,1.0,0.5,5.26,9.89,3.0,1.5,15.79,29.66,5.0,2.5,26.32,49.43,36.84,63.16,-26.32,125.22,-5.0,-2.5,-26.32,3.64,1.82,0.31,0.39,0.2,0.33,1.0,0.1,1.0,0.8,1.0,0.86,5.26,5.26,0.16,26.32,0.25
4,高雄全家海神,45|118|121|12668,施晉堯/蘇文儒/吳曉謹/歐提斯,2,45,50.0,697.27,11.62,11:37,348.63,5.81,05:49,34.0,17.0,68.0,105.33,33.0,16.5,66.0,102.23,20.0,10.0,40.0,61.96,12.0,6.0,24.0,37.17,9.0,4.5,18.0,27.88,5.0,2.5,10.0,15.49,11.0,5.5,22.0,34.08,7.0,3.5,14.0,21.68,3.0,1.5,6.0,9.29,3.0,1.5,6.0,9.29,1.0,0.5,2.0,3.1,7.0,3.5,14.0,21.68,3.0,1.5,6.0,9.29,5.0,2.5,10.0,15.49,1.0,0.5,2.0,3.1,7.0,3.5,14.0,21.68,1.0,0.5,2.0,3.1,0.0,0.0,0.0,0.0,4.0,2.0,8.0,12.39,6.0,3.0,12.0,18.59,68.0,66.0,2.0,103.26,1.0,0.5,2.0,11.62,5.81,0.78,0.8,0.56,0.64,1.0,0.04,0.58,0.17,0.7,0.5,2.0,0.0,0.08,12.0,0.15
4,高雄全家海神,118|121|10894|12668,蘇文儒/吳曉謹/凱帝/歐提斯,1,16,18.0,275.27,4.59,04:35,275.27,4.59,04:35,15.0,15.0,83.33,117.7,10.0,10.0,55.56,78.47,7.0,7.0,38.89,54.93,5.0,5.0,27.78,39.23,4.0,4.0,22.22,31.39,2.0,2.0,11.11,15.69,3.0,3.0,16.67,23.54,3.0,3.0,16.67,23.54,2.0,2.0,11.11,15.69,2.0,2.0,11.11,15.69,1.0,1.0,5.56,7.85,1.0,1.0,5.56,7.85,1.0,1.0,5.56,7.85,2.0,2.0,11.11,15.69,1.0,1.0,5.56,7.85,4.0,4.0,22.22,31.39,1.0,1.0,5.56,7.85,0.0,0.0,0.0,0.0,2.0,2.0,11.11,15.69,3.0,3.0,16.67,23.54,83.33,55.56,27.78,94.16,5.0,5.0,27.78,4.59,4.59,0.93,0.95,0.5,1.0,1.0,0.11,0.8,0.33,0.5,0.4,5.56,0.0,0.11,16.67,0.29
4,新北國王,21|24|10874|10875,李愷諺/蘇士軒/熊祥泰/傑登,3,14,16.0,216.87,3.61,03:37,72.29,1.2,01:12,10.0,3.33,62.5,99.6,6.0,2.0,37.5,59.76,8.0,2.67,50.0,79.68,5.0,1.67,31.25,49.8,6.0,2.0,37.5,59.76,5.0,1.67,31.25,49.8,2.0,0.67,12.5,19.92,0.0,0.0,0.0,0.0,0.0,0.0,0.0,0.0,0.0,0.0,0.0,0.0,2.0,0.67,12.5,19.92,1.0,0.33,6.25,9.96,0.0,0.0,0.0,0.0,3.0,1.0,18.75,29.88,2.0,0.67,12.5,19.92,3.0,1.0,18.75,29.88,2.0,0.67,12.5,19.92,0.0,0.0,0.0,0.0,1.0,0.33,6.25,9.96,4.0,1.33,25.0,39.84,62.5,37.5,25.0,106.24,4.0,1.33,25.0,3.61,1.2,0.62,0.62,0.83,0.0,,0.2,0.6,0.4,1.0,0.5,12.5,0.0,0.06,25.0,0.0
4,高雄全家海神,45|110|121|122,施晉堯/胡瓏貿/吳曉謹/陳懷安,3,24,26.0,412.0,6.87,06:52,137.33,2.29,02:17,10.0,3.33,38.46,52.43,20.0,6.67,76.92,104.85,10.0,3.33,38.46,52.43,5.0,1.67,19.23,26.21,6.0,2.0,23.08,31.46,5.0,1.67,19.23,26.21,4.0,1.33,15.38,20.97,0.0,0.0,0.0,0.0,2.0,0.67,7.69,10.49,0.0,0.0,0.0,0.0,0.0,0.0,0.0,0.0,6.0,2.0,23.08,31.46,1.0,0.33,3.85,5.24,3.0,1.0,11.54,15.73,0.0,0.0,0.0,0.0,2.0,0.67,7.69,10.49,0.0,0.0,0.0,0.0,0.0,0.0,0.0,0.0,2.0,0.67,7.69,10.49,0.0,0.0,0.0,0.0,38.46,76.92,-38.46,90.87,-10.0,-3.33,-38.46,6.87,2.29,0.5,0.46,0.83,0.0,0.0,0.0,0.4,0.0,0.86,0.6,0.0,0.0,0.08,0.0,0.2
4,高雄全家海神,45|121|122|10894,施晉堯/吳曉謹/陳懷安/凱帝,2,19,20.0,348.0,5.8,05:48,174.0,2.9,02:54,8.0,4.0,40.0,49.66,16.0,8.0,80.0,99.31,8.0,4.0,40.0,49.66,4.0,2.0,20.0,24.83,4.0,2.0,20.0,24.83,4.0,2.0,20.0,24.83,4.0,2.0,20.0,24.83,0.0,0.0,0.0,0.0,2.0,1.0,10.0,12.41,0.0,0.0,0.0,0.0,0.0,0.0,0.0,0.0,5.0,2.5,25.0,31.03,1.0,0.5,5.0,6.21,3.0,1.5,15.0,18.62,0.0,0.0,0.0,0.0,2.0,1.0,10.0,12.41,0.0,0.0,0.0,0.0,0.0,0.0,0.0,0.0,2.0,1.0,10.0,12.41,0.0,0.0,0.0,0.0,40.0,80.0,-40.0,82.76,-8.0,-4.0,-40.0,5.8,2.9,0.5,0.45,1.0,0.0,0.0,0.0,0.5,0.0,0.83,0.56,0.0,0.0,0.1,0.0,0.25
4,高雄全家海神,110|121|122|10891,胡瓏貿/吳曉謹/陳懷安/廖偉皓,3,24,27.0,377.16,6.29,06:17,125.72,2.1,02:06,13.0,4.33,48.15,74.45,19.0,6.33,70.37,108.81,10.0,3.33,37.04,57.27,5.0,1.67,18.52,28.64,4.0,1.33,14.81,22.91,3.0,1.0,11.11,17.18,6.0,2.0,22.22,34.36,2.0,0.67,7.41,11.45,1.0,0.33,3.7,5.73,1.0,0.33,3.7,5.73,1.0,0.33,3.7,5.73,4.0,1.33,14.81,22.91,2.0,0.67,7.41,11.45,2.0,0.67,7.41,11.45,2.0,0.67,7.41,11.45,2.0,0.67,7.41,11.45,2.0,0.67,7.41,11.45,0.0,0.0,0.0,0.0,2.0,0.67,7.41,11.45,3.0,1.0,11.11,17.18,48.15,70.37,-22.22,103.09,-6.0,-2.0,-22.22,6.29,2.1,0.6,0.62,0.75,0.33,1.0,0.16,0.4,0.33,0.67,0.56,7.41,0.0,0.07,11.11,0.1
4,高雄全家海神,110|121|10891|10894,胡瓏貿/吳曉謹/廖偉皓/凱帝,2,10,10.0,130.16,2.17,02:10,65.08,1.08,01:05,4.0,2.0,40.0,66.38,7.0,3.5,70.0,116.17,4.0,2.0,40.0,66.38,1.0,0.5,10.0,16.6,3.0,1.5,30.0,49.79,1.0,0.5,10.0,16.6,1.0,0.5,10.0,16.6,0.0,0.0,0.0,0.0,2.0,1.0,20.0,33.19,2.0,1.0,20.0,33.19,0.0,0.0,0.0,0.0,3.0,1.5,30.0,49.79,0.0,0.0,0.0,0.0,1.0,0.5,10.0,16.6,0.0,0.0,0.0,0.0,0.0,0.0,0.0,0.0,0.0,0.0,0.0,0.0,0.0,0.0,0.0,0.0,1.0,0.5,10.0,16.6,0.0,0.0,0.0,0.0,40.0,70.0,-30.0,110.63,-3.0,-1.5,-30.0,2.17,1.08,0.25,0.41,0.33,0.0,1.0,0.0,0.0,0.0,1.0,0.75,0.0,0.0,0.1,0.0,0.5
4,高雄全家海神,110|122|10891|10894,胡瓏貿/陳懷安/廖偉皓/凱帝,1,4,4.0,53.0,0.88,00:53,53.0,0.88,00:53,2.0,2.0,50.0,81.51,3.0,3.0,75.0,122.26,2.0,2.0,50.0,81.51,1.0,1.0,25.0,40.75,2.0,2.0,50.0,81.51,1.0,1.0,25.0,40.75,0.0,0.0,0.0,0.0,0.0,0.0,0.0,0.0,0.0,0.0,0.0,0.0,0.0,0.0,0.0,0.0,0.0,0.0,0.0,0.0,1.0,1.0,25.0,40.75,0.0,0.0,0.0,0.0,0.0,0.0,0.0,0.0,0.0,0.0,0.0,0.0,0.0,0.0,0.0,0.0,0.0,0.0,0.0,0.0,0.0,0.0,0.0,0.0,0.0,0.0,0.0,0.0,0.0,0.0,0.0,0.0,50.0,75.0,-25.0,108.68,-1.0,-1.0,-25.0,0.88,0.88,0.5,0.5,0.5,,,0.0,0.0,,1.0,1.0,0.0,0.0,0.0,0.0,0.0
4,高雄全家海神,121|122|10891|10894,吳曉謹/陳懷安/廖偉皓/凱帝,1,4,4.0,53.0,0.88,00:53,53.0,0.88,00:53,2.0,2.0,50.0,81.51,3.0,3.0,75.0,122.26,2.0,2.0,50.0,81.51,1.0,1.0,25.0,40.75,2.0,2.0,50.0,81.51,1.0,1.0,25.0,40.75,0.0,0.0,0.0,0.0,0.0,0.0,0.0,0.0,0.0,0.0,0.0,0.0,0.0,0.0,0.0,0.0,0.0,0.0,0.0,0.0,1.0,1.0,25.0,40.75,0.0,0.0,0.0,0.0,0.0,0.0,0.0,0.0,0.0,0.0,0.0,0.0,0.0,0.0,0.0,0.0,0.0,0.0,0.0,0.0,0.0,0.0,0.0,0.0,0.0,0.0,0.0,0.0,0.0,0.0,0.0,0.0,50.0,75.0,-25.0,108.68,-1.0,-1.0,-25.0,0.88,0.88,0.5,0.5,0.5,,,0.0,0.0,,1.0,1.0,0.0,0.0,0.0,0.0,0.0
4,新北中信特攻,40|44|8889|10877,謝亞軒/黃泓瀚/馬可/阿巴西,6,136,154.0,2135.91,35.6,35:36,355.98,5.93,05:56,63.0,10.5,40.91,63.71,71.0,11.83,46.1,71.8,61.0,10.17,39.61,61.69,26.0,4.33,16.88,26.29,39.0,6.5,25.32,39.44,19.0,3.17,12.34,19.21,22.0,3.67,14.29,22.25,7.0,1.17,4.55,7.08,12.0,2.0,7.79,12.14,4.0,0.67,2.6,4.05,10.0,1.67,6.49,10.11,25.0,4.17,16.23,25.28,6.0,1.0,3.9,6.07,32.0,5.33,20.78,32.36,11.0,1.83,7.14,11.12,14.0,2.33,9.09,14.16,4.0,0.67,2.6,4.05,3.0,0.5,1.95,3.03,8.0,1.33,5.19,8.09,13.0,2.17,8.44,13.15,40.91,46.1,-5.19,103.82,-8.0,-1.33,-5.19,35.6,5.93,0.48,0.48,0.49,0.32,0.33,0.14,0.54,0.24,0.81,0.48,2.6,1.95,0.05,8.44,0.2
4,新北中信特攻,40|113|10877|10880,謝亞軒/林任鴻/阿巴西/內馬,4,67,81.0,1075.55,17.93,17:56,268.89,4.48,04:29,30.0,7.5,37.04,60.25,35.0,8.75,43.21,70.29,29.0,7.25,35.8,58.24,12.0,3.0,14.81,24.1,20.0,5.0,24.69,40.17,9.0,2.25,11.11,18.07,9.0,2.25,11.11,18.07,3.0,0.75,3.7,6.02,7.0,1.75,8.64,14.06,3.0,0.75,3.7,6.02,5.0,1.25,6.17,10.04,15.0,3.75,18.52,30.12,7.0,1.75,8.64,14.06,14.0,3.5,17.28,28.12,7.0,1.75,8.64,14.06,7.0,1.75,8.64,14.06,5.0,1.25,6.17,10.04,1.0,0.25,1.23,2.01,5.0,1.25,6.17,10.04,5.0,1.25,6.17,10.04,37.04,43.21,-6.17,108.45,-5.0,-1.25,-6.17,17.93,4.48,0.47,0.47,0.45,0.33,0.43,0.18,0.58,0.26,0.68,0.49,6.17,1.23,0.06,6.17,0.24
4,新北中信特攻,40|113|10877|10881,謝亞軒/林任鴻/阿巴西/飛克,5,65,76.0,1059.5,17.66,17:39,211.9,3.53,03:32,26.0,5.2,34.21,53.01,38.0,7.6,50.0,77.47,26.0,5.2,34.21,53.01,9.0,1.8,11.84,18.35,16.0,3.2,21.05,32.62,6.0,1.2,7.89,12.23,10.0,2.0,13.16,20.39,3.0,0.6,3.95,6.12,9.0,1.8,11.84,18.35,5.0,1.0,6.58,10.19,5.0,1.0,6.58,10.19,15.0,3.0,19.74,30.58,4.0,0.8,5.26,8.15,12.0,2.4,15.79,24.46,8.0,1.6,10.53,16.31,8.0,1.6,10.53,16.31,6.0,1.2,7.89,12.23,1.0,0.2,1.32,2.04,7.0,1.4,9.21,14.27,5.0,1.0,6.58,10.19,34.21,50.0,-15.79,103.29,-12.0,-2.4,-15.79,17.66,3.53,0.4,0.43,0.38,0.3,0.56,0.21,0.89,0.29,0.79,0.56,7.89,1.32,0.09,6.58,0.35
4,桃園台啤永豐雲豹,12|16|3129|10860,曹薰襄/米勒/董永全/麥卡洛,7,123,147.0,1939.48,32.32,32:19,277.07,4.62,04:37,42.0,6.0,28.57,46.78,48.0,6.86,32.65,53.46,51.0,7.29,34.69,56.8,16.0,2.29,10.88,17.82,34.0,4.86,23.13,37.87,14.0,2.0,9.52,15.59,17.0,2.43,11.56,18.93,2.0,0.29,1.36,2.23,11.0,1.57,7.48,12.25,8.0,1.14,5.44,8.91,8.0,1.14,5.44,8.91,26.0,3.71,17.69,28.96,10.0,1.43,6.8,11.14,26.0,3.71,17.69,28.96,18.0,2.57,12.24,20.05,11.0,1.57,7.48,12.25,9.0,1.29,6.12,10.02,6.0,0.86,4.08,6.68,9.0,1.29,6.12,10.02,10.0,1.43,6.8,11.14,28.57,32.65,-4.08,109.14,-6.0,-0.86,-4.08,32.32,4.62,0.33,0.38,0.41,0.12,0.73,0.24,0.69,0.24,0.72,0.49,6.12,4.08,0.06,6.8,0.22
4,桃園台啤永豐雲豹,12|58|3129|10860,曹薰襄/林信寬/董永全/麥卡洛,7,152,186.0,2501.94,41.7,41:42,357.42,5.96,05:57,57.0,8.14,30.65,49.21,60.0,8.57,32.26,51.8,63.0,9.0,33.87,54.39,23.0,3.29,12.37,19.86,46.0,6.57,24.73,39.71,19.0,2.71,10.22,16.4,17.0,2.43,9.14,14.68,4.0,0.57,2.15,3.45,13.0,1.86,6.99,11.22,7.0,1.0,3.76,6.04,13.0,1.86,6.99,11.22,28.0,4.0,15.05,24.17,12.0,1.71,6.45,10.36,36.0,5.14,19.35,31.08,25.0,3.57,13.44,21.58,13.0,1.86,6.99,11.22,14.0,2.0,7.53,12.09,6.0,0.86,3.23,5.18,13.0,1.86,6.99,11.22,8.0,1.14,4.3,6.91,30.65,32.26,-1.61,107.05,-3.0,-0.43,-1.61,41.7,5.96,0.4,0.41,0.41,0.24,0.54,0.27,0.57,0.27,0.7,0.46,7.53,3.23,0.07,4.3,0.21
4,桃園台啤永豐雲豹,16|58|3129|10860,米勒/林信寬/董永全/麥卡洛,5,80,96.0,1239.01,20.65,20:39,247.8,4.13,04:08,28.0,5.6,29.17,48.81,31.0,6.2,32.29,54.04,34.0,6.8,35.42,59.27,11.0,2.2,11.46,19.18,24.0,4.8,25.0,41.84,9.0,1.8,9.38,15.69,10.0,2.0,10.42,17.43,2.0,0.4,2.08,3.49,6.0,1.2,6.25,10.46,4.0,0.8,4.17,6.97,6.0,1.2,6.25,10.46,16.0,3.2,16.67,27.89,6.0,1.2,6.25,10.46,18.0,3.6,18.75,31.38,13.0,2.6,13.54,22.66,8.0,1.6,8.33,13.95,6.0,1.2,6.25,10.46,5.0,1.0,5.21,8.72,6.0,1.2,6.25,10.46,4.0,0.8,4.17,6.97,29.17,32.29,-3.13,111.57,-3.0,-0.6,-3.12,20.65,4.13,0.35,0.38,0.38,0.2,0.67,0.26,0.73,0.25,0.73,0.48,6.25,5.21,0.06,4.17,0.18
4,新北中信特攻,39|40|113|10881,魏嘉豪/謝亞軒/林任鴻/飛克,1,10,10.0,115.11,1.92,01:55,115.11,1.92,01:55,4.0,4.0,40.0,75.06,8.0,8.0,80.0,150.12,3.0,3.0,30.0,56.29,2.0,2.0,20.0,37.53,2.0,2.0,20.0,37.53,2.0,2.0,20.0,37.53,1.0,1.0,10.0,18.76,0.0,0.0,0.0,0.0,0.0,0.0,0.0,0.0,0.0,0.0,0.0,0.0,0.0,0.0,0.0,0.0,1.0,1.0,10.0,18.76,0.0,0.0,0.0,0.0,1.0,1.0,10.0,18.76,1.0,1.0,10.0,18.76,1.0,1.0,10.0,18.76,1.0,1.0,10.0,18.76,0.0,0.0,0.0,0.0,1.0,1.0,10.0,18.76,6.0,6.0,60.0,112.59,40.0,80.0,-40.0,125.1,-4.0,-4.0,-40.0,1.92,1.92,0.67,0.67,1.0,0.0,,0.25,0.5,0.0,1.0,0.5,10.0,0.0,0.1,60.0,0.0
4,新北中信特攻,39|113|10880|10881,魏嘉豪/林任鴻/內馬/飛克,4,32,43.0,510.54,8.51,08:31,127.63,2.13,02:08,15.0,3.75,34.88,63.46,17.0,4.25,39.53,71.92,14.0,3.5,32.56,59.23,6.0,1.5,13.95,25.39,9.0,2.25,20.93,38.08,5.0,1.25,11.63,21.15,5.0,1.25,11.63,21.15,1.0,0.25,2.33,4.23,6.0,1.5,13.95,25.39,2.0,0.5,4.65,8.46,5.0,1.25,11.63,21.15,4.0,1.0,9.3,16.92,4.0,1.0,9.3,16.92,6.0,1.5,13.95,25.39,4.0,1.0,9.3,16.92,2.0,0.5,4.65,8.46,4.0,1.0,9.3,16.92,0.0,0.0,0.0,0.0,5.0,1.25,11.63,21.15,2.0,0.5,4.65,8.46,34.88,39.53,-4.65,121.28,-2.0,-0.5,-4.65,8.51,2.13,0.46,0.45,0.56,0.2,0.33,0.19,0.33,0.45,0.5,0.47,9.3,0.0,0.12,4.65,0.43
4,新北中信特攻,39|113|10877|10881,魏嘉豪/林任鴻/阿巴西/飛克,2,15,21.0,269.64,4.49,04:30,134.82,2.25,02:15,9.0,4.5,42.86,72.1,7.0,3.5,33.33,56.08,7.0,3.5,33.33,56.08,3.0,1.5,14.29,24.03,4.0,2.0,19.05,32.04,2.0,1.0,9.52,16.02,3.0,1.5,14.29,24.03,1.0,0.5,4.76,8.01,4.0,2.0,19.05,32.04,2.0,1.0,9.52,16.02,3.0,1.5,14.29,24.03,1.0,0.5,4.76,8.01,2.0,1.0,9.52,16.02,3.0,1.5,14.29,24.03,2.0,1.0,9.52,16.02,2.0,1.0,9.52,16.02,2.0,1.0,9.52,16.02,0.0,0.0,0.0,0.0,4.0,2.0,19.05,32.04,0.0,0.0,0.0,0.0,42.86,33.33,9.52,112.15,2.0,1.0,9.52,4.49,2.25,0.5,0.51,0.5,0.33,0.5,0.19,0.67,0.5,0.33,0.44,9.52,0.0,0.19,0.0,0.57
4,桃園台啤永豐雲豹,16|54|58|10884,米勒/高錦瑋/林信寬/徐宏瑋,3,25,33.0,399.37,6.66,06:39,133.12,2.22,02:13,9.0,3.0,27.27,48.68,11.0,3.67,33.33,59.49,13.0,4.33,39.39,70.31,4.0,1.33,12.12,21.63,8.0,2.67,24.24,43.27,3.0,1.0,9.09,16.23,5.0,1.67,15.15,27.04,1.0,0.33,3.03,5.41,2.0,0.67,6.06,10.82,0.0,0.0,0.0,0.0,4.0,1.33,12.12,21.63,7.0,2.33,21.21,37.86,3.0,1.0,9.09,16.23,4.0,1.33,12.12,21.63,2.0,0.67,6.06,10.82,3.0,1.0,9.09,16.23,2.0,0.67,6.06,10.82,0.0,0.0,0.0,0.0,3.0,1.0,9.09,16.23,2.0,0.67,6.06,10.82,27.27,33.33,-6.06,118.99,-2.0,-0.67,-6.06,6.66,2.22,0.35,0.32,0.38,0.2,0.0,0.13,0.75,0.5,0.7,0.61,6.06,0.0,0.09,6.06,0.15
4,桃園台啤永豐雲豹,16|54|68|10884,米勒/高錦瑋/克羅馬/徐宏瑋,4,39,50.0,659.92,11.0,11:00,164.98,2.75,02:45,16.0,4.0,32.0,52.37,20.0,5.0,40.0,65.46,19.0,4.75,38.0,62.19,6.0,1.5,12.0,19.64,10.0,2.5,20.0,32.73,4.0,1.0,8.0,13.09,9.0,2.25,18.0,29.46,2.0,0.5,4.0,6.55,4.0,1.0,8.0,13.09,2.0,0.5,4.0,6.55,5.0,1.25,10.0,16.37,10.0,2.5,20.0,32.73,4.0,1.0,8.0,13.09,6.0,1.5,12.0,19.64,3.0,0.75,6.0,9.82,5.0,1.25,10.0,16.37,3.0,0.75,6.0,9.82,1.0,0.25,2.0,3.27,6.0,1.5,12.0,19.64,5.0,1.25,10.0,16.37,32.0,40.0,-8.0,109.1,-4.0,-1.0,-8.0,11.0,2.75,0.37,0.39,0.4,0.22,0.5,0.13,0.83,0.45,0.71,0.6,6.0,2.0,0.12,10.0,0.21
4,桃園台啤永豐雲豹,16|58|68|10884,米勒/林信寬/克羅馬/徐宏瑋,4,31,41.0,512.45,8.54,08:32,128.11,2.14,02:08,15.0,3.75,36.59,63.23,17.0,4.25,41.46,71.66,16.0,4.0,39.02,67.44,6.0,1.5,14.63,25.29,9.0,2.25,21.95,37.94,3.0,0.75,7.32,12.65,7.0,1.75,17.07,29.51,3.0,0.75,7.32,12.65,2.0,0.5,4.88,8.43,0.0,0.0,0.0,0.0,4.0,1.0,9.76,16.86,8.0,2.0,19.51,33.72,5.0,1.25,12.2,21.08,4.0,1.0,9.76,16.86,2.0,0.5,4.88,8.43,5.0,1.25,12.2,21.08,2.0,0.5,4.88,8.43,0.0,0.0,0.0,0.0,3.0,0.75,7.32,12.65,2.0,0.5,4.88,8.43,36.59,41.46,-4.88,115.21,-2.0,-0.5,-4.88,8.54,2.14,0.47,0.44,0.33,0.43,0.0,0.11,0.83,0.5,0.62,0.57,4.88,0.0,0.07,4.88,0.12
4,新北中信特攻,44|8889|10877|10880,黃泓瀚/馬可/阿巴西/內馬,6,49,55.0,606.54,10.11,10:07,101.09,1.68,01:41,30.0,5.0,54.55,106.84,32.0,5.33,58.18,113.96,19.0,3.17,34.55,67.66,10.0,1.67,18.18,35.61,11.0,1.83,20.0,39.17,8.0,1.33,14.55,28.49,8.0,1.33,14.55,28.49,2.0,0.33,3.64,7.12,12.0,2.0,21.82,42.73,8.0,1.33,14.55,28.49,5.0,0.83,9.09,17.81,5.0,0.83,9.09,17.81,1.0,0.17,1.82,3.56,10.0,1.67,18.18,35.61,4.0,0.67,7.27,14.24,4.0,0.67,7.27,14.24,1.0,0.17,1.82,3.56,1.0,0.17,1.82,3.56,5.0,0.83,9.09,17.81,3.0,0.5,5.45,10.68,54.55,58.18,-3.64,130.58,-2.0,-0.33,-3.64,10.11,1.68,0.58,0.62,0.73,0.25,0.67,0.14,0.4,0.33,0.83,0.48,1.82,1.82,0.09,5.45,0.63
4,新北中信特攻,39|113|8889|10881,魏嘉豪/林任鴻/馬可/飛克,2,8,8.0,119.0,1.98,01:59,59.5,0.99,01:00,4.0,2.0,50.0,72.61,7.0,3.5,87.5,127.06,3.0,1.5,37.5,54.45,2.0,1.0,25.0,36.3,2.0,1.0,25.0,36.3,2.0,1.0,25.0,36.3,1.0,0.5,12.5,18.15,0.0,0.0,0.0,0.0,0.0,0.0,0.0,0.0,0.0,0.0,0.0,0.0,0.0,0.0,0.0,0.0,1.0,0.5,12.5,18.15,0.0,0.0,0.0,0.0,1.0,0.5,12.5,18.15,0.0,0.0,0.0,0.0,1.0,0.5,12.5,18.15,0.0,0.0,0.0,0.0,0.0,0.0,0.0,0.0,1.0,0.5,12.5,18.15,4.0,2.0,50.0,72.61,50.0,87.5,-37.5,96.81,-3.0,-1.5,-37.5,1.98,0.99,0.67,0.67,1.0,0.0,,0.0,0.5,0.0,1.0,0.5,0.0,0.0,0.12,50.0,0.0
4,新北中信特攻,40|113|8889|10881,謝亞軒/林任鴻/馬可/飛克,4,17,19.0,291.84,4.86,04:52,72.96,1.22,01:13,6.0,1.5,31.58,44.41,11.0,2.75,57.89,81.42,4.0,1.0,21.05,29.61,2.0,0.5,10.53,14.8,2.0,0.5,10.53,14.8,2.0,0.5,10.53,14.8,2.0,0.5,10.53,14.8,0.0,0.0,0.0,0.0,4.0,1.0,21.05,29.61,2.0,0.5,10.53,14.8,1.0,0.25,5.26,7.4,2.0,0.5,10.53,14.8,1.0,0.25,5.26,7.4,3.0,0.75,15.79,22.2,3.0,0.75,15.79,22.2,2.0,0.5,10.53,14.8,2.0,0.5,10.53,14.8,0.0,0.0,0.0,0.0,3.0,0.75,15.79,22.2,4.0,1.0,21.05,29.61,31.58,57.89,-26.32,93.75,-5.0,-1.25,-26.32,4.86,1.22,0.5,0.52,1.0,0.0,0.5,0.34,1.0,0.25,0.67,0.43,10.53,0.0,0.16,21.05,1.0
4,新北中信特攻,39|40|10879|10881,魏嘉豪/謝亞軒/簡廷兆/飛克,3,12,18.0,259.01,4.32,04:19,86.34,1.44,01:26,3.0,1.0,16.67,25.02,5.0,1.67,27.78,41.7,3.0,1.0,16.67,25.02,1.0,0.33,5.56,8.34,1.0,0.33,5.56,8.34,0.0,0.0,0.0,0.0,2.0,0.67,11.11,16.68,1.0,0.33,5.56,8.34,0.0,0.0,0.0,0.0,0.0,0.0,0.0,0.0,0.0,0.0,0.0,0.0,1.0,0.33,5.56,8.34,3.0,1.0,16.67,25.02,2.0,0.67,11.11,16.68,4.0,1.33,22.22,33.36,1.0,0.33,5.56,8.34,1.0,0.33,5.56,8.34,2.0,0.67,11.11,16.68,1.0,0.33,5.56,8.34,3.0,1.0,16.67,25.02,16.67,27.78,-11.11,100.07,-2.0,-0.67,-11.11,4.32,1.44,0.5,0.5,0.0,0.5,,0.57,1.0,0.0,0.25,0.17,5.56,11.11,0.06,16.67,0.0
4,新北中信特攻,40|113|8889|10877,謝亞軒/林任鴻/馬可/阿巴西,3,18,24.0,328.5,5.47,05:28,109.5,1.82,01:49,5.0,1.67,20.83,32.88,6.0,2.0,25.0,39.45,3.0,1.0,12.5,19.73,1.0,0.33,4.17,6.58,0.0,0.0,0.0,0.0,0.0,0.0,0.0,0.0,3.0,1.0,12.5,19.73,1.0,0.33,4.17,6.58,6.0,2.0,25.0,39.45,2.0,0.67,8.33,13.15,1.0,0.33,4.17,6.58,3.0,1.0,12.5,19.73,5.0,1.67,20.83,32.88,5.0,1.67,20.83,32.88,5.0,1.67,20.83,32.88,1.0,0.33,4.17,6.58,3.0,1.0,12.5,19.73,0.0,0.0,0.0,0.0,2.0,0.67,8.33,13.15,0.0,0.0,0.0,0.0,20.83,25.0,-4.17,105.21,-1.0,-0.33,-4.17,5.47,1.82,0.5,0.44,,0.33,0.33,0.47,1.0,0.17,0.38,0.29,12.5,0.0,0.08,0.0,2.0
4,福爾摩沙夢想家,77|89|95|10890,馬建豪/蔣淯安/李德威/湯普金斯,1,30,33.0,427.9,7.13,07:08,427.9,7.13,07:08,8.0,8.0,24.24,40.38,17.0,17.0,51.52,85.81,9.0,9.0,27.27,45.43,4.0,4.0,12.12,20.19,6.0,6.0,18.18,30.29,4.0,4.0,12.12,20.19,3.0,3.0,9.09,15.14,0.0,0.0,0.0,0.0,2.0,2.0,6.06,10.1,0.0,0.0,0.0,0.0,1.0,1.0,3.03,5.05,5.0,5.0,15.15,25.24,2.0,2.0,6.06,10.1,6.0,6.0,18.18,30.29,5.0,5.0,15.15,25.24,1.0,1.0,3.03,5.05,2.0,2.0,6.06,10.1,0.0,0.0,0.0,0.0,2.0,2.0,6.06,10.1,6.0,6.0,18.18,30.29,24.24,51.52,-27.27,111.05,-9.0,-9.0,-27.27,7.13,7.13,0.44,0.4,0.67,0.0,0.0,0.34,0.25,0.14,0.71,0.43,6.06,0.0,0.06,18.18,0.22
4,福爾摩沙夢想家,77|89|10889|10890,馬建豪/蔣淯安/恩尼斯/湯普金斯,4,139,166.0,2182.23,36.37,36:22,545.56,9.09,09:06,81.0,20.25,48.8,80.17,76.0,19.0,45.78,75.23,60.0,15.0,36.14,59.39,31.0,7.75,18.67,30.68,35.0,8.75,21.08,34.64,20.0,5.0,12.05,19.8,25.0,6.25,15.06,24.75,11.0,2.75,6.63,10.89,14.0,3.5,8.43,13.86,8.0,2.0,4.82,7.92,8.0,2.0,4.82,7.92,25.0,6.25,15.06,24.75,12.0,3.0,7.23,11.88,26.0,6.5,15.66,25.74,12.0,3.0,7.23,11.88,14.0,3.5,8.43,13.86,7.0,1.75,4.22,6.93,2.0,0.5,1.2,1.98,15.0,3.75,9.04,14.85,27.0,6.75,16.27,26.72,48.8,45.78,3.01,109.54,5.0,1.25,3.01,36.37,9.09,0.61,0.61,0.57,0.44,0.57,0.15,0.45,0.24,0.68,0.46,4.22,1.2,0.09,16.27,0.23
4,福爾摩沙夢想家,77|95|10889|10890,馬建豪/李德威/恩尼斯/湯普金斯,1,30,33.0,427.9,7.13,07:08,427.9,7.13,07:08,8.0,8.0,24.24,40.38,17.0,17.0,51.52,85.81,9.0,9.0,27.27,45.43,4.0,4.0,12.12,20.19,6.0,6.0,18.18,30.29,4.0,4.0,12.12,20.19,3.0,3.0,9.09,15.14,0.0,0.0,0.0,0.0,2.0,2.0,6.06,10.1,0.0,0.0,0.0,0.0,1.0,1.0,3.03,5.05,5.0,5.0,15.15,25.24,2.0,2.0,6.06,10.1,6.0,6.0,18.18,30.29,5.0,5.0,15.15,25.24,1.0,1.0,3.03,5.05,2.0,2.0,6.06,10.1,0.0,0.0,0.0,0.0,2.0,2.0,6.06,10.1,6.0,6.0,18.18,30.29,24.24,51.52,-27.27,111.05,-9.0,-9.0,-27.27,7.13,7.13,0.44,0.4,0.67,0.0,0.0,0.34,0.25,0.14,0.71,0.43,6.06,0.0,0.06,18.18,0.22
4,福爾摩沙夢想家,77|89|101|106,馬建豪/蔣淯安/周柏臣/高柏鎧,1,14,18.0,227.69,3.79,03:48,227.69,3.79,03:48,9.0,9.0,50.0,85.38,10.0,10.0,55.56,94.87,7.0,7.0,38.89,66.41,3.0,3.0,16.67,28.46,3.0,3.0,16.67,28.46,3.0,3.0,16.67,28.46,4.0,4.0,22.22,37.95,0.0,0.0,0.0,0.0,3.0,3.0,16.67,28.46,3.0,3.0,16.67,28.46,3.0,3.0,16.67,28.46,1.0,1.0,5.56,9.49,0.0,0.0,0.0,0.0,1.0,1.0,5.56,9.49,2.0,2.0,11.11,18.97,1.0,1.0,5.56,9.49,2.0,2.0,11.11,18.97,0.0,0.0,0.0,0.0,2.0,2.0,11.11,18.97,1.0,1.0,5.56,9.49,50.0,55.56,-5.56,113.84,-1.0,-1.0,-5.56,3.79,3.79,0.43,0.54,1.0,0.0,1.0,0.19,0.33,0.75,1.0,0.8,11.11,0.0,0.11,5.56,0.43
4,福爾摩沙夢想家,77|101|106|10889,馬建豪/周柏臣/高柏鎧/恩尼斯,1,14,18.0,227.69,3.79,03:48,227.69,3.79,03:48,9.0,9.0,50.0,85.38,10.0,10.0,55.56,94.87,7.0,7.0,38.89,66.41,3.0,3.0,16.67,28.46,3.0,3.0,16.67,28.46,3.0,3.0,16.67,28.46,4.0,4.0,22.22,37.95,0.0,0.0,0.0,0.0,3.0,3.0,16.67,28.46,3.0,3.0,16.67,28.46,3.0,3.0,16.67,28.46,1.0,1.0,5.56,9.49,0.0,0.0,0.0,0.0,1.0,1.0,5.56,9.49,2.0,2.0,11.11,18.97,1.0,1.0,5.56,9.49,2.0,2.0,11.11,18.97,0.0,0.0,0.0,0.0,2.0,2.0,11.11,18.97,1.0,1.0,5.56,9.49,50.0,55.56,-5.56,113.84,-1.0,-1.0,-5.56,3.79,3.79,0.43,0.54,1.0,0.0,1.0,0.19,0.33,0.75,1.0,0.8,11.11,0.0,0.11,5.56,0.43
4,福爾摩沙夢想家,86|89|99|10890,林俊吉/蔣淯安/盧冠良/湯普金斯,4,36,42.0,536.26,8.94,08:56,134.07,2.23,02:14,14.0,3.5,33.33,56.39,17.0,4.25,40.48,68.47,14.0,3.5,33.33,56.39,5.0,1.25,11.9,20.14,2.0,0.5,4.76,8.06,1.0,0.25,2.38,4.03,12.0,3.0,28.57,48.33,4.0,1.0,9.52,16.11,0.0,0.0,0.0,0.0,0.0,0.0,0.0,0.0,1.0,0.25,2.38,4.03,7.0,1.75,16.67,28.2,3.0,0.75,7.14,12.08,8.0,2.0,19.05,32.22,5.0,1.25,11.9,20.14,4.0,1.0,9.52,16.11,1.0,0.25,2.38,4.03,0.0,0.0,0.0,0.0,1.0,0.25,2.38,4.03,4.0,1.0,9.52,16.11,33.33,40.48,-7.14,112.78,-3.0,-0.75,-7.14,8.94,2.23,0.5,0.5,0.5,0.33,,0.26,0.8,0.11,0.7,0.42,2.38,0.0,0.02,9.52,0.0
4,福爾摩沙夢想家,86|89|106|10890,林俊吉/蔣淯安/高柏鎧/湯普金斯,2,25,32.0,362.68,6.04,06:03,181.34,3.02,03:01,3.0,1.5,9.38,17.87,14.0,7.0,43.75,83.38,9.0,4.5,28.12,53.6,1.0,0.5,3.12,5.96,0.0,0.0,0.0,0.0,0.0,0.0,0.0,0.0,9.0,4.5,28.12,53.6,1.0,0.5,3.12,5.96,0.0,0.0,0.0,0.0,0.0,0.0,0.0,0.0,1.0,0.5,3.12,5.96,6.0,3.0,18.75,35.73,3.0,1.5,9.38,17.87,6.0,3.0,18.75,35.73,5.0,2.5,15.62,29.78,1.0,0.5,3.12,5.96,2.0,1.0,6.25,11.91,0.0,0.0,0.0,0.0,1.0,0.5,3.12,5.96,4.0,2.0,12.5,23.82,9.38,43.75,-34.38,127.05,-11.0,-5.5,-34.38,6.04,3.02,0.17,0.17,,0.11,,0.36,1.0,0.14,0.67,0.44,6.25,0.0,0.03,12.5,0.0
4,福爾摩沙夢想家,77|86|101|10890,馬建豪/林俊吉/周柏臣/湯普金斯,2,12,17.0,174.69,2.91,02:55,87.35,1.46,01:27,7.0,3.5,41.18,86.55,0.0,0.0,0.0,0.0,5.0,2.5,29.41,61.82,2.0,1.0,11.76,24.73,3.0,1.5,17.65,37.09,2.0,1.0,11.76,24.73,2.0,1.0,11.76,24.73,0.0,0.0,0.0,0.0,3.0,1.5,17.65,37.09,3.0,1.5,17.65,37.09,2.0,1.0,11.76,24.73,1.0,0.5,5.88,12.36,1.0,0.5,5.88,12.36,2.0,1.0,11.76,24.73,3.0,1.5,17.65,37.09,1.0,0.5,5.88,12.36,1.0,0.5,5.88,12.36,0.0,0.0,0.0,0.0,2.0,1.0,11.76,24.73,0.0,0.0,0.0,0.0,41.18,0.0,41.18,140.13,7.0,3.5,41.18,2.91,1.46,0.4,0.55,0.67,0.0,1.0,0.32,0.5,0.5,0.5,0.5,5.88,0.0,0.12,0.0,0.6
4,福爾摩沙夢想家,77|101|106|10890,馬建豪/周柏臣/高柏鎧/湯普金斯,1,2,5.0,45.0,0.75,00:45,45.0,0.75,00:45,2.0,2.0,40.0,96.0,0.0,0.0,0.0,0.0,3.0,3.0,60.0,144.0,1.0,1.0,20.0,48.0,2.0,2.0,40.0,96.0,1.0,1.0,20.0,48.0,1.0,1.0,20.0,48.0,0.0,0.0,0.0,0.0,0.0,0.0,0.0,0.0,0.0,0.0,0.0,0.0,2.0,2.0,40.0,96.0,0.0,0.0,0.0,0.0,1.0,1.0,20.0,48.0,1.0,1.0,20.0,48.0,0.0,0.0,0.0,0.0,0.0,0.0,0.0,0.0,0.0,0.0,0.0,0.0,0.0,0.0,0.0,0.0,0.0,0.0,0.0,0.0,0.0,0.0,0.0,0.0,40.0,0.0,40.0,160.0,2.0,2.0,40.0,0.75,0.75,0.33,0.33,0.5,0.0,,0.0,0.0,0.67,0.0,0.5,0.0,0.0,0.0,0.0,0.0
4,福爾摩沙夢想家,86|101|106|10890,林俊吉/周柏臣/高柏鎧/湯普金斯,1,2,5.0,45.0,0.75,00:45,45.0,0.75,00:45,2.0,2.0,40.0,96.0,0.0,0.0,0.0,0.0,3.0,3.0,60.0,144.0,1.0,1.0,20.0,48.0,2.0,2.0,40.0,96.0,1.0,1.0,20.0,48.0,1.0,1.0,20.0,48.0,0.0,0.0,0.0,0.0,0.0,0.0,0.0,0.0,0.0,0.0,0.0,0.0,2.0,2.0,40.0,96.0,0.0,0.0,0.0,0.0,1.0,1.0,20.0,48.0,1.0,1.0,20.0,48.0,0.0,0.0,0.0,0.0,0.0,0.0,0.0,0.0,0.0,0.0,0.0,0.0,0.0,0.0,0.0,0.0,0.0,0.0,0.0,0.0,0.0,0.0,0.0,0.0,40.0,0.0,40.0,160.0,2.0,2.0,40.0,0.75,0.75,0.33,0.33,0.5,0.0,,0.0,0.0,0.67,0.0,0.5,0.0,0.0,0.0,0.0,0.0
4,福爾摩沙夢想家,77|86|101|10889,馬建豪/林俊吉/周柏臣/恩尼斯,1,9,11.0,129.0,2.15,02:09,129.0,2.15,02:09,3.0,3.0,27.27,50.23,0.0,0.0,0.0,0.0,2.0,2.0,18.18,33.49,1.0,1.0,9.09,16.74,1.0,1.0,9.09,16.74,1.0,1.0,9.09,16.74,1.0,1.0,9.09,16.74,0.0,0.0,0.0,0.0,1.0,1.0,9.09,16.74,1.0,1.0,9.09,16.74,0.0,0.0,0.0,0.0,1.0,1.0,9.09,16.74,0.0,0.0,0.0,0.0,1.0,1.0,9.09,16.74,3.0,3.0,27.27,50.23,1.0,1.0,9.09,16.74,1.0,1.0,9.09,16.74,0.0,0.0,0.0,0.0,2.0,2.0,18.18,33.49,0.0,0.0,0.0,0.0,27.27,0.0,27.27,122.79,3.0,3.0,27.27,2.15,2.15,0.5,0.61,1.0,0.0,1.0,0.55,1.0,0.0,1.0,0.5,9.09,0.0,0.18,0.0,0.5
4,福爾摩沙夢想家,77|101|10889|10890,馬建豪/周柏臣/恩尼斯/湯普金斯,1,26,31.0,384.82,6.41,06:25,384.82,6.41,06:25,12.0,12.0,38.71,67.36,5.0,5.0,16.13,28.06,10.0,10.0,32.26,56.13,5.0,5.0,16.13,28.06,8.0,8.0,25.81,44.9,5.0,5.0,16.13,28.06,2.0,2.0,6.45,11.23,0.0,0.0,0.0,0.0,4.0,4.0,12.9,22.45,2.0,2.0,6.45,11.23,2.0,2.0,6.45,11.23,4.0,4.0,12.9,22.45,1.0,1.0,3.23,5.61,4.0,4.0,12.9,22.45,4.0,4.0,12.9,22.45,1.0,1.0,3.23,5.61,2.0,2.0,6.45,11.23,0.0,0.0,0.0,0.0,5.0,5.0,16.13,28.06,2.0,2.0,6.45,11.23,38.71,16.13,22.58,116.0,7.0,7.0,22.58,6.41,6.41,0.5,0.51,0.62,0.0,0.5,0.25,0.2,0.33,0.8,0.55,6.45,0.0,0.16,6.45,0.4
4,福爾摩沙夢想家,86|101|10889|10890,林俊吉/周柏臣/恩尼斯/湯普金斯,1,9,11.0,129.0,2.15,02:09,129.0,2.15,02:09,3.0,3.0,27.27,50.23,0.0,0.0,0.0,0.0,2.0,2.0,18.18,33.49,1.0,1.0,9.09,16.74,1.0,1.0,9.09,16.74,1.0,1.0,9.09,16.74,1.0,1.0,9.09,16.74,0.0,0.0,0.0,0.0,1.0,1.0,9.09,16.74,1.0,1.0,9.09,16.74,0.0,0.0,0.0,0.0,1.0,1.0,9.09,16.74,0.0,0.0,0.0,0.0,1.0,1.0,9.09,16.74,3.0,3.0,27.27,50.23,1.0,1.0,9.09,16.74,1.0,1.0,9.09,16.74,0.0,0.0,0.0,0.0,2.0,2.0,18.18,33.49,0.0,0.0,0.0,0.0,27.27,0.0,27.27,122.79,3.0,3.0,27.27,2.15,2.15,0.5,0.61,1.0,0.0,1.0,0.55,1.0,0.0,1.0,0.5,9.09,0.0,0.18,0.0,0.5
4,福爾摩沙夢想家,77|89|101|10890,馬建豪/蔣淯安/周柏臣/湯普金斯,2,19,22.0,259.52,4.33,04:20,129.76,2.16,02:10,11.0,5.5,50.0,91.55,5.0,2.5,22.73,41.62,8.0,4.0,36.36,66.58,4.0,2.0,18.18,33.29,7.0,3.5,31.82,58.26,4.0,2.0,18.18,33.29,1.0,0.5,4.55,8.32,0.0,0.0,0.0,0.0,5.0,2.5,22.73,41.62,3.0,1.5,13.64,24.97,2.0,1.0,9.09,16.65,3.0,1.5,13.64,24.97,1.0,0.5,4.55,8.32,3.0,1.5,13.64,24.97,1.0,0.5,4.55,8.32,0.0,0.0,0.0,0.0,1.0,0.5,4.55,8.32,0.0,0.0,0.0,0.0,3.0,1.5,13.64,24.97,2.0,1.0,9.09,16.65,50.0,22.73,27.27,122.07,6.0,3.0,27.27,4.33,2.16,0.5,0.54,0.57,0.0,0.6,0.09,0.0,0.4,0.75,0.56,4.55,0.0,0.14,9.09,0.62
4,福爾摩沙夢想家,89|101|10889|10890,蔣淯安/周柏臣/恩尼斯/湯普金斯,1,35,40.0,547.82,9.13,09:08,547.82,9.13,09:08,16.0,16.0,40.0,63.09,14.0,14.0,35.0,55.2,15.0,15.0,37.5,59.14,7.0,7.0,17.5,27.6,12.0,12.0,30.0,47.31,7.0,7.0,17.5,27.6,3.0,3.0,7.5,11.83,0.0,0.0,0.0,0.0,4.0,4.0,10.0,15.77,2.0,2.0,5.0,7.89,2.0,2.0,5.0,7.89,7.0,7.0,17.5,27.6,3.0,3.0,7.5,11.83,7.0,7.0,17.5,27.6,3.0,3.0,7.5,11.83,0.0,0.0,0.0,0.0,2.0,2.0,5.0,7.89,1.0,1.0,2.5,3.94,4.0,4.0,10.0,15.77,4.0,4.0,10.0,15.77,40.0,35.0,5.0,105.14,2.0,2.0,5.0,9.13,9.13,0.47,0.48,0.58,0.0,0.5,0.15,0.0,0.22,0.7,0.47,5.0,2.5,0.1,10.0,0.27
4,新北國王,22|23|867|10872,簡祐哲/王柏智/桑尼/林彥廷,1,5,9.0,65.0,1.08,01:05,65.0,1.08,01:05,0.0,0.0,0.0,0.0,0.0,0.0,0.0,0.0,1.0,1.0,11.11,33.23,0.0,0.0,0.0,0.0,0.0,0.0,0.0,0.0,0.0,0.0,0.0,0.0,1.0,1.0,11.11,33.23,0.0,0.0,0.0,0.0,0.0,0.0,0.0,0.0,0.0,0.0,0.0,0.0,0.0,0.0,0.0,0.0,1.0,1.0,11.11,33.23,3.0,3.0,33.33,99.69,1.0,1.0,11.11,33.23,1.0,1.0,11.11,33.23,0.0,0.0,0.0,0.0,1.0,1.0,11.11,33.23,0.0,0.0,0.0,0.0,0.0,0.0,0.0,0.0,0.0,0.0,0.0,0.0,0.0,0.0,0.0,199.38,0.0,0.0,0.0,1.08,1.08,0.0,0.0,,0.0,,0.5,,0.0,0.25,0.2,11.11,0.0,0.0,0.0,0.0
4,新北國王,22|23|867|10876,簡祐哲/王柏智/桑尼/尚迪,1,5,9.0,65.0,1.08,01:05,65.0,1.08,01:05,0.0,0.0,0.0,0.0,0.0,0.0,0.0,0.0,1.0,1.0,11.11,33.23,0.0,0.0,0.0,0.0,0.0,0.0,0.0,0.0,0.0,0.0,0.0,0.0,1.0,1.0,11.11,33.23,0.0,0.0,0.0,0.0,0.0,0.0,0.0,0.0,0.0,0.0,0.0,0.0,0.0,0.0,0.0,0.0,1.0,1.0,11.11,33.23,3.0,3.0,33.33,99.69,1.0,1.0,11.11,33.23,1.0,1.0,11.11,33.23,0.0,0.0,0.0,0.0,1.0,1.0,11.11,33.23,0.0,0.0,0.0,0.0,0.0,0.0,0.0,0.0,0.0,0.0,0.0,0.0,0.0,0.0,0.0,199.38,0.0,0.0,0.0,1.08,1.08,0.0,0.0,,0.0,,0.5,,0.0,0.25,0.2,11.11,0.0,0.0,0.0,0.0
4,新北國王,22|867|10872|10876,簡祐哲/桑尼/林彥廷/尚迪,1,16,22.0,224.0,3.73,03:44,224.0,3.73,03:44,8.0,8.0,36.36,77.14,5.0,5.0,22.73,48.21,6.0,6.0,27.27,57.86,4.0,4.0,18.18,38.57,5.0,5.0,22.73,48.21,4.0,4.0,18.18,38.57,1.0,1.0,4.55,9.64,0.0,0.0,0.0,0.0,0.0,0.0,0.0,0.0,0.0,0.0,0.0,0.0,0.0,0.0,0.0,0.0,2.0,2.0,9.09,19.29,4.0,4.0,18.18,38.57,2.0,2.0,9.09,19.29,2.0,2.0,9.09,19.29,4.0,4.0,18.18,38.57,2.0,2.0,9.09,19.29,0.0,0.0,0.0,0.0,0.0,0.0,0.0,0.0,2.0,2.0,9.09,19.29,36.36,22.73,13.64,141.43,3.0,3.0,13.64,3.73,3.73,0.67,0.67,0.8,0.0,,0.25,1.0,0.0,0.33,0.25,9.09,0.0,0.0,9.09,0.0
4,新北國王,23|867|10872|10876,王柏智/桑尼/林彥廷/尚迪,1,5,9.0,65.0,1.08,01:05,65.0,1.08,01:05,0.0,0.0,0.0,0.0,0.0,0.0,0.0,0.0,1.0,1.0,11.11,33.23,0.0,0.0,0.0,0.0,0.0,0.0,0.0,0.0,0.0,0.0,0.0,0.0,1.0,1.0,11.11,33.23,0.0,0.0,0.0,0.0,0.0,0.0,0.0,0.0,0.0,0.0,0.0,0.0,0.0,0.0,0.0,0.0,1.0,1.0,11.11,33.23,3.0,3.0,33.33,99.69,1.0,1.0,11.11,33.23,1.0,1.0,11.11,33.23,0.0,0.0,0.0,0.0,1.0,1.0,11.11,33.23,0.0,0.0,0.0,0.0,0.0,0.0,0.0,0.0,0.0,0.0,0.0,0.0,0.0,0.0,0.0,199.38,0.0,0.0,0.0,1.08,1.08,0.0,0.0,,0.0,,0.5,,0.0,0.25,0.2,11.11,0.0,0.0,0.0,0.0
4,福爾摩沙夢想家,77|99|106|10889,馬建豪/盧冠良/高柏鎧/恩尼斯,1,32,41.0,492.57,8.21,08:13,492.57,8.21,08:13,14.0,14.0,34.15,61.39,16.0,16.0,39.02,70.16,14.0,14.0,34.15,61.39,6.0,6.0,14.63,26.31,10.0,10.0,24.39,43.85,6.0,6.0,14.63,26.31,4.0,4.0,9.76,17.54,0.0,0.0,0.0,0.0,4.0,4.0,9.76,17.54,2.0,2.0,4.88,8.77,5.0,5.0,12.2,21.93,3.0,3.0,7.32,13.16,2.0,2.0,4.88,8.77,4.0,4.0,9.76,17.54,6.0,6.0,14.63,26.31,5.0,5.0,12.2,21.93,2.0,2.0,4.88,8.77,0.0,0.0,0.0,0.0,5.0,5.0,12.2,21.93,0.0,0.0,0.0,0.0,34.15,39.02,-4.88,119.86,-2.0,-2.0,-4.88,8.21,8.21,0.43,0.44,0.6,0.0,0.5,0.28,0.83,0.56,0.6,0.57,4.88,0.0,0.12,0.0,0.29
4,新北國王,21|23|29|867,李愷諺/王柏智/林書緯/桑尼,1,8,9.0,112.0,1.87,01:52,112.0,1.87,01:52,2.0,2.0,22.22,38.57,2.0,2.0,22.22,38.57,4.0,4.0,44.44,77.14,1.0,1.0,11.11,19.29,1.0,1.0,11.11,19.29,1.0,1.0,11.11,19.29,3.0,3.0,33.33,57.86,0.0,0.0,0.0,0.0,0.0,0.0,0.0,0.0,0.0,0.0,0.0,0.0,1.0,1.0,11.11,19.29,2.0,2.0,22.22,38.57,0.0,0.0,0.0,0.0,0.0,0.0,0.0,0.0,1.0,1.0,11.11,19.29,1.0,1.0,11.11,19.29,1.0,1.0,11.11,19.29,1.0,1.0,11.11,19.29,0.0,0.0,0.0,0.0,0.0,0.0,0.0,0.0,22.22,22.22,0.0,115.71,0.0,0.0,0.0,1.87,1.87,0.25,0.25,1.0,0.0,,0.2,1.0,1.0,1.0,1.0,11.11,11.11,0.0,0.0,0.0
4,新北國王,21|23|29|10876,李愷諺/王柏智/林書緯/尚迪,1,8,9.0,112.0,1.87,01:52,112.0,1.87,01:52,2.0,2.0,22.22,38.57,2.0,2.0,22.22,38.57,4.0,4.0,44.44,77.14,1.0,1.0,11.11,19.29,1.0,1.0,11.11,19.29,1.0,1.0,11.11,19.29,3.0,3.0,33.33,57.86,0.0,0.0,0.0,0.0,0.0,0.0,0.0,0.0,0.0,0.0,0.0,0.0,1.0,1.0,11.11,19.29,2.0,2.0,22.22,38.57,0.0,0.0,0.0,0.0,0.0,0.0,0.0,0.0,1.0,1.0,11.11,19.29,1.0,1.0,11.11,19.29,1.0,1.0,11.11,19.29,1.0,1.0,11.11,19.29,0.0,0.0,0.0,0.0,0.0,0.0,0.0,0.0,22.22,22.22,0.0,115.71,0.0,0.0,0.0,1.87,1.87,0.25,0.25,1.0,0.0,,0.2,1.0,1.0,1.0,1.0,11.11,11.11,0.0,0.0,0.0
4,新北國王,21|23|867|10876,李愷諺/王柏智/桑尼/尚迪,1,8,9.0,112.0,1.87,01:52,112.0,1.87,01:52,2.0,2.0,22.22,38.57,2.0,2.0,22.22,38.57,4.0,4.0,44.44,77.14,1.0,1.0,11.11,19.29,1.0,1.0,11.11,19.29,1.0,1.0,11.11,19.29,3.0,3.0,33.33,57.86,0.0,0.0,0.0,0.0,0.0,0.0,0.0,0.0,0.0,0.0,0.0,0.0,1.0,1.0,11.11,19.29,2.0,2.0,22.22,38.57,0.0,0.0,0.0,0.0,0.0,0.0,0.0,0.0,1.0,1.0,11.11,19.29,1.0,1.0,11.11,19.29,1.0,1.0,11.11,19.29,1.0,1.0,11.11,19.29,0.0,0.0,0.0,0.0,0.0,0.0,0.0,0.0,22.22,22.22,0.0,115.71,0.0,0.0,0.0,1.87,1.87,0.25,0.25,1.0,0.0,,0.2,1.0,1.0,1.0,1.0,11.11,11.11,0.0,0.0,0.0
4,新北國王,23|29|867|10876,王柏智/林書緯/桑尼/尚迪,1,8,9.0,112.0,1.87,01:52,112.0,1.87,01:52,2.0,2.0,22.22,38.57,2.0,2.0,22.22,38.57,4.0,4.0,44.44,77.14,1.0,1.0,11.11,19.29,1.0,1.0,11.11,19.29,1.0,1.0,11.11,19.29,3.0,3.0,33.33,57.86,0.0,0.0,0.0,0.0,0.0,0.0,0.0,0.0,0.0,0.0,0.0,0.0,1.0,1.0,11.11,19.29,2.0,2.0,22.22,38.57,0.0,0.0,0.0,0.0,0.0,0.0,0.0,0.0,1.0,1.0,11.11,19.29,1.0,1.0,11.11,19.29,1.0,1.0,11.11,19.29,1.0,1.0,11.11,19.29,0.0,0.0,0.0,0.0,0.0,0.0,0.0,0.0,22.22,22.22,0.0,115.71,0.0,0.0,0.0,1.87,1.87,0.25,0.25,1.0,0.0,,0.2,1.0,1.0,1.0,1.0,11.11,11.11,0.0,0.0,0.0
4,新北國王,21|28|29|867,李愷諺/呂政儒/林書緯/桑尼,1,12,12.0,188.0,3.13,03:08,188.0,3.13,03:08,5.0,5.0,41.67,57.45,5.0,5.0,41.67,57.45,4.0,4.0,33.33,45.96,2.0,2.0,16.67,22.98,3.0,3.0,25.0,34.47,2.0,2.0,16.67,22.98,1.0,1.0,8.33,11.49,0.0,0.0,0.0,0.0,2.0,2.0,16.67,22.98,1.0,1.0,8.33,11.49,0.0,0.0,0.0,0.0,3.0,3.0,25.0,34.47,0.0,0.0,0.0,0.0,3.0,3.0,25.0,34.47,0.0,0.0,0.0,0.0,0.0,0.0,0.0,0.0,0.0,0.0,0.0,0.0,0.0,0.0,0.0,0.0,2.0,2.0,16.67,22.98,1.0,1.0,8.33,11.49,41.67,41.67,0.0,91.91,0.0,0.0,0.0,3.13,3.13,0.5,0.51,0.67,0.0,0.5,0.0,0.0,0.0,1.0,0.5,0.0,0.0,0.17,8.33,0.5
4,新北國王,21|28|29|10875,李愷諺/呂政儒/林書緯/傑登,5,83,96.0,1350.04,22.5,22:30,270.01,4.5,04:30,40.0,8.0,41.67,64.0,41.0,8.2,42.71,65.6,37.0,7.4,38.54,59.2,15.0,3.0,15.62,24.0,24.0,4.8,25.0,38.4,10.0,2.0,10.42,16.0,13.0,2.6,13.54,20.8,5.0,1.0,5.21,8.0,6.0,1.2,6.25,9.6,5.0,1.0,5.21,8.0,6.0,1.2,6.25,9.6,17.0,3.4,17.71,27.2,5.0,1.0,5.21,8.0,22.0,4.4,22.92,35.2,6.0,1.2,6.25,9.6,8.0,1.6,8.33,12.8,4.0,0.8,4.17,6.4,1.0,0.2,1.04,1.6,7.0,1.4,7.29,11.2,12.0,2.4,12.5,19.2,41.67,42.71,-1.04,102.4,-1.0,-0.2,-1.04,22.5,4.5,0.47,0.5,0.42,0.38,0.83,0.13,0.53,0.21,0.77,0.46,4.17,1.04,0.07,12.5,0.16
4,新北國王,21|28|867|10875,李愷諺/呂政儒/桑尼/傑登,2,18,19.0,257.0,4.28,04:17,128.5,2.14,02:08,7.0,3.5,36.84,58.83,8.0,4.0,42.11,67.24,6.0,3.0,31.58,50.43,3.0,1.5,15.79,25.21,5.0,2.5,26.32,42.02,3.0,1.5,15.79,25.21,1.0,0.5,5.26,8.4,0.0,0.0,0.0,0.0,2.0,1.0,10.53,16.81,1.0,0.5,5.26,8.4,0.0,0.0,0.0,0.0,4.0,2.0,21.05,33.62,1.0,0.5,5.26,8.4,4.0,2.0,21.05,33.62,1.0,0.5,5.26,8.4,1.0,0.5,5.26,8.4,1.0,0.5,5.26,8.4,0.0,0.0,0.0,0.0,3.0,1.5,15.79,25.21,3.0,1.5,15.79,25.21,36.84,42.11,-5.26,106.46,-1.0,-0.5,-5.26,4.28,2.14,0.5,0.51,0.6,0.0,0.5,0.13,0.33,0.0,0.8,0.44,5.26,0.0,0.16,15.79,0.33
4,福爾摩沙夢想家,89|99|101|10890,蔣淯安/盧冠良/周柏臣/湯普金斯,1,18,20.0,292.0,4.87,04:52,292.0,4.87,04:52,7.0,7.0,35.0,51.78,9.0,9.0,45.0,66.58,7.0,7.0,35.0,51.78,3.0,3.0,15.0,22.19,5.0,5.0,25.0,36.99,3.0,3.0,15.0,22.19,2.0,2.0,10.0,14.79,0.0,0.0,0.0,0.0,1.0,1.0,5.0,7.4,1.0,1.0,5.0,7.4,0.0,0.0,0.0,0.0,4.0,4.0,20.0,29.59,2.0,2.0,10.0,14.79,4.0,4.0,20.0,29.59,2.0,2.0,10.0,14.79,0.0,0.0,0.0,0.0,1.0,1.0,5.0,7.4,1.0,1.0,5.0,7.4,1.0,1.0,5.0,7.4,2.0,2.0,10.0,14.79,35.0,45.0,-10.0,98.63,-2.0,-2.0,-10.0,4.87,4.87,0.43,0.47,0.6,0.0,1.0,0.21,0.0,0.0,0.67,0.4,5.0,5.0,0.05,10.0,0.14
4,福爾摩沙夢想家,89|99|10889|10890,蔣淯安/盧冠良/恩尼斯/湯普金斯,4,144,174.0,2324.39,38.74,38:44,581.1,9.68,09:41,88.0,22.0,50.57,81.78,82.0,20.5,47.13,76.2,65.0,16.25,37.36,60.4,33.0,8.25,18.97,30.67,36.0,9.0,20.69,33.45,20.0,5.0,11.49,18.59,29.0,7.25,16.67,26.95,13.0,3.25,7.47,12.08,12.0,3.0,6.9,11.15,9.0,2.25,5.17,8.36,8.0,2.0,4.6,7.43,26.0,6.5,14.94,24.16,13.0,3.25,7.47,12.08,28.0,7.0,16.09,26.02,12.0,3.0,6.9,11.15,17.0,4.25,9.77,15.8,9.0,2.25,5.17,8.36,2.0,0.5,1.15,1.86,13.0,3.25,7.47,12.08,26.0,6.5,14.94,24.16,50.57,47.13,3.45,107.8,6.0,1.5,3.45,38.74,9.68,0.61,0.63,0.56,0.45,0.75,0.15,0.52,0.22,0.67,0.45,5.17,1.15,0.07,14.94,0.18
4,福爾摩沙夢想家,99|101|10889|10890,盧冠良/周柏臣/恩尼斯/湯普金斯,1,18,20.0,292.0,4.87,04:52,292.0,4.87,04:52,7.0,7.0,35.0,51.78,9.0,9.0,45.0,66.58,7.0,7.0,35.0,51.78,3.0,3.0,15.0,22.19,5.0,5.0,25.0,36.99,3.0,3.0,15.0,22.19,2.0,2.0,10.0,14.79,0.0,0.0,0.0,0.0,1.0,1.0,5.0,7.4,1.0,1.0,5.0,7.4,0.0,0.0,0.0,0.0,4.0,4.0,20.0,29.59,2.0,2.0,10.0,14.79,4.0,4.0,20.0,29.59,2.0,2.0,10.0,14.79,0.0,0.0,0.0,0.0,1.0,1.0,5.0,7.4,1.0,1.0,5.0,7.4,1.0,1.0,5.0,7.4,2.0,2.0,10.0,14.79,35.0,45.0,-10.0,98.63,-2.0,-2.0,-10.0,4.87,4.87,0.43,0.47,0.6,0.0,1.0,0.21,0.0,0.0,0.67,0.4,5.0,5.0,0.05,10.0,0.14
4,福爾摩沙夢想家,86|99|10889|10890,林俊吉/盧冠良/恩尼斯/湯普金斯,3,23,30.0,321.53,5.36,05:22,107.18,1.79,01:47,15.0,5.0,50.0,100.77,12.0,4.0,40.0,80.61,7.0,2.33,23.33,47.02,5.0,1.67,16.67,33.59,3.0,1.0,10.0,20.15,3.0,1.0,10.0,20.15,4.0,1.33,13.33,26.87,2.0,0.67,6.67,13.44,5.0,1.67,16.67,33.59,3.0,1.0,10.0,20.15,0.0,0.0,0.0,0.0,2.0,0.67,6.67,13.44,4.0,1.33,13.33,26.87,4.0,1.33,13.33,26.87,3.0,1.0,10.0,20.15,4.0,1.33,13.33,26.87,3.0,1.0,10.0,20.15,0.0,0.0,0.0,0.0,4.0,1.33,13.33,26.87,3.0,1.0,10.0,20.15,50.0,40.0,10.0,134.36,3.0,1.0,10.0,5.36,1.79,0.86,0.82,1.0,0.5,0.6,0.25,0.8,0.0,0.33,0.2,10.0,0.0,0.13,10.0,0.71
4,福爾摩沙夢想家,86|106|10889|10890,林俊吉/高柏鎧/恩尼斯/湯普金斯,1,1,1.0,0.45,0.01,00:00,0.45,0.01,00:00,0.0,0.0,0.0,0.0,1.0,1.0,100.0,4843.05,0.0,0.0,0.0,0.0,0.0,0.0,0.0,0.0,0.0,0.0,0.0,0.0,0.0,0.0,0.0,0.0,0.0,0.0,0.0,0.0,0.0,0.0,0.0,0.0,0.0,0.0,0.0,0.0,0.0,0.0,0.0,0.0,0.0,0.0,0.0,0.0,0.0,0.0,0.0,0.0,0.0,0.0,0.0,0.0,0.0,0.0,0.0,0.0,0.0,0.0,0.0,0.0,0.0,0.0,0.0,0.0,0.0,0.0,0.0,0.0,0.0,0.0,0.0,0.0,0.0,0.0,0.0,0.0,1.0,1.0,100.0,4843.05,0.0,100.0,-100.0,3228.7,-1.0,-1.0,-100.0,0.01,0.01,,,,,,,,,,,0.0,0.0,0.0,100.0,
4,福爾摩沙夢想家,99|106|10889|10890,盧冠良/高柏鎧/恩尼斯/湯普金斯,1,1,1.0,0.45,0.01,00:00,0.45,0.01,00:00,0.0,0.0,0.0,0.0,1.0,1.0,100.0,4843.05,0.0,0.0,0.0,0.0,0.0,0.0,0.0,0.0,0.0,0.0,0.0,0.0,0.0,0.0,0.0,0.0,0.0,0.0,0.0,0.0,0.0,0.0,0.0,0.0,0.0,0.0,0.0,0.0,0.0,0.0,0.0,0.0,0.0,0.0,0.0,0.0,0.0,0.0,0.0,0.0,0.0,0.0,0.0,0.0,0.0,0.0,0.0,0.0,0.0,0.0,0.0,0.0,0.0,0.0,0.0,0.0,0.0,0.0,0.0,0.0,0.0,0.0,0.0,0.0,0.0,0.0,0.0,0.0,1.0,1.0,100.0,4843.05,0.0,100.0,-100.0,3228.7,-1.0,-1.0,-100.0,0.01,0.01,,,,,,,,,,,0.0,0.0,0.0,100.0,
4,福爾摩沙夢想家,77|89|106|10890,馬建豪/蔣淯安/高柏鎧/湯普金斯,3,46,51.0,658.04,10.97,10:58,219.35,3.66,03:39,21.0,7.0,41.18,68.93,29.0,9.67,56.86,95.19,13.0,4.33,25.49,42.67,8.0,2.67,15.69,26.26,8.0,2.67,15.69,26.26,6.0,2.0,11.76,19.69,5.0,1.67,9.8,16.41,2.0,0.67,3.92,6.56,3.0,1.0,5.88,9.85,3.0,1.0,5.88,9.85,1.0,0.33,1.96,3.28,4.0,1.33,7.84,13.13,3.0,1.0,5.88,9.85,7.0,2.33,13.73,22.98,7.0,2.33,13.73,22.98,3.0,1.0,5.88,9.85,4.0,1.33,7.84,13.13,0.0,0.0,0.0,0.0,7.0,2.33,13.73,22.98,5.0,1.67,9.8,16.41,41.18,56.86,-15.69,111.6,-8.0,-2.67,-15.69,10.97,3.66,0.69,0.73,0.75,0.4,1.0,0.33,0.38,0.12,0.57,0.33,7.84,0.0,0.14,9.8,0.23
4,福爾摩沙夢想家,77|86|99|10889,馬建豪/林俊吉/盧冠良/恩尼斯,3,28,34.0,467.1,7.79,07:47,155.7,2.6,02:36,15.0,5.0,44.12,69.36,9.0,3.0,26.47,41.62,11.0,3.67,32.35,50.87,6.0,2.0,17.65,27.75,6.0,2.0,17.65,27.75,4.0,1.33,11.76,18.5,5.0,1.67,14.71,23.12,2.0,0.67,5.88,9.25,2.0,0.67,5.88,9.25,1.0,0.33,2.94,4.62,1.0,0.33,2.94,4.62,2.0,0.67,5.88,9.25,3.0,1.0,8.82,13.87,6.0,2.0,17.65,27.75,4.0,1.33,11.76,18.5,6.0,2.0,17.65,27.75,2.0,0.67,5.88,9.25,0.0,0.0,0.0,0.0,2.0,0.67,5.88,9.25,2.0,0.67,5.88,9.25,44.12,26.47,17.65,104.82,6.0,2.0,17.65,7.79,2.6,0.64,0.63,0.67,0.4,0.5,0.25,1.0,0.14,0.4,0.25,5.88,0.0,0.06,5.88,0.18
4,新北國王,21|29|10872|10875,李愷諺/林書緯/林彥廷/傑登,4,79,100.0,1157.62,19.29,19:18,289.4,4.82,04:49,41.0,10.25,41.0,76.5,36.0,9.0,36.0,67.17,36.0,9.0,36.0,67.17,14.0,3.5,14.0,26.12,27.0,6.75,27.0,50.38,12.0,3.0,12.0,22.39,9.0,2.25,9.0,16.79,2.0,0.5,2.0,3.73,13.0,3.25,13.0,24.26,11.0,2.75,11.0,20.52,8.0,2.0,8.0,14.93,16.0,4.0,16.0,29.85,7.0,1.75,7.0,13.06,12.0,3.0,12.0,22.39,5.0,1.25,5.0,9.33,8.0,2.0,8.0,14.93,3.0,0.75,3.0,5.6,2.0,0.5,2.0,3.73,6.0,1.5,6.0,11.2,12.0,3.0,12.0,22.39,41.0,36.0,5.0,124.39,5.0,1.25,5.0,19.29,4.82,0.42,0.49,0.44,0.22,0.85,0.11,0.57,0.4,0.7,0.56,3.0,2.0,0.06,12.0,0.36
4,福爾摩沙夢想家,77|86|89|106,馬建豪/林俊吉/蔣淯安/高柏鎧,3,40,50.0,538.59,8.98,08:59,179.53,2.99,03:00,17.0,5.67,34.0,68.18,25.0,8.33,50.0,100.26,12.0,4.0,24.0,48.13,5.0,1.67,10.0,20.05,9.0,3.0,18.0,36.09,5.0,1.67,10.0,20.05,3.0,1.0,6.0,12.03,0.0,0.0,0.0,0.0,9.0,3.0,18.0,36.09,7.0,2.33,14.0,28.07,1.0,0.33,2.0,4.01,7.0,2.33,14.0,28.07,5.0,1.67,10.0,20.05,5.0,1.67,10.0,20.05,5.0,1.67,10.0,20.05,1.0,0.33,2.0,4.01,4.0,1.33,8.0,16.04,1.0,0.33,2.0,4.01,6.0,2.0,12.0,24.06,3.0,1.0,6.0,12.03,34.0,50.0,-16.0,133.68,-8.0,-2.67,-16.0,8.98,2.99,0.42,0.53,0.56,0.0,0.78,0.24,0.2,0.17,0.58,0.44,8.0,2.0,0.12,6.0,0.75
4,福爾摩沙夢想家,77|86|89|10890,馬建豪/林俊吉/蔣淯安/湯普金斯,3,22,23.0,230.73,3.85,03:51,76.91,1.28,01:17,17.0,5.67,73.91,159.15,10.0,3.33,43.48,93.62,7.0,2.33,30.43,65.53,7.0,2.33,30.43,65.53,7.0,2.33,30.43,65.53,7.0,2.33,30.43,65.53,0.0,0.0,0.0,0.0,0.0,0.0,0.0,0.0,3.0,1.0,13.04,28.09,3.0,1.0,13.04,28.09,0.0,0.0,0.0,0.0,0.0,0.0,0.0,0.0,0.0,0.0,0.0,0.0,4.0,1.33,17.39,37.45,2.0,0.67,8.7,18.72,2.0,0.67,8.7,18.72,2.0,0.67,8.7,18.72,0.0,0.0,0.0,0.0,4.0,1.33,17.39,37.45,5.0,1.67,21.74,46.81,73.91,43.48,30.43,143.55,7.0,2.33,30.43,3.85,1.28,1.0,1.02,1.0,,1.0,0.19,0.29,0.0,,0.0,8.7,0.0,0.17,21.74,0.43
4,福爾摩沙夢想家,99|101|106|10889,盧冠良/周柏臣/高柏鎧/恩尼斯,1,6,8.0,96.72,1.61,01:37,96.72,1.61,01:37,2.0,2.0,25.0,44.66,4.0,4.0,50.0,89.33,2.0,2.0,25.0,44.66,0.0,0.0,0.0,0.0,2.0,2.0,25.0,44.66,0.0,0.0,0.0,0.0,0.0,0.0,0.0,0.0,0.0,0.0,0.0,0.0,2.0,2.0,25.0,44.66,2.0,2.0,25.0,44.66,2.0,2.0,25.0,44.66,0.0,0.0,0.0,0.0,0.0,0.0,0.0,0.0,1.0,1.0,12.5,22.33,1.0,1.0,12.5,22.33,1.0,1.0,12.5,22.33,1.0,1.0,12.5,22.33,0.0,0.0,0.0,0.0,2.0,2.0,25.0,44.66,2.0,2.0,25.0,44.66,25.0,50.0,-25.0,119.1,-2.0,-2.0,-25.0,1.61,1.61,0.0,0.35,0.0,,1.0,0.26,,0.67,,0.67,12.5,0.0,0.25,25.0,1.0
4,福爾摩沙夢想家,77|99|10889|10890,馬建豪/盧冠良/恩尼斯/湯普金斯,4,77,100.0,1308.24,21.8,21:48,327.06,5.45,05:27,59.0,14.75,59.0,97.41,46.0,11.5,46.0,75.95,36.0,9.0,36.0,59.44,21.0,5.25,21.0,34.67,17.0,4.25,17.0,28.07,9.0,2.25,9.0,14.86,19.0,4.75,19.0,31.37,12.0,3.0,12.0,19.81,6.0,1.5,6.0,9.91,5.0,1.25,5.0,8.26,4.0,1.0,4.0,6.6,12.0,3.0,12.0,19.81,11.0,2.75,11.0,18.16,16.0,4.0,16.0,26.42,6.0,1.5,6.0,9.91,12.0,3.0,12.0,19.81,4.0,1.0,4.0,6.6,1.0,0.25,1.0,1.65,8.0,2.0,8.0,13.21,19.0,4.75,19.0,31.37,59.0,46.0,13.0,110.07,13.0,3.25,13.0,21.8,5.45,0.75,0.76,0.53,0.63,0.83,0.13,0.57,0.2,0.52,0.37,4.0,1.0,0.08,19.0,0.17
4,新北國王,25|29|867|10872,林金榜/林書緯/桑尼/林彥廷,1,1,2.0,7.0,0.12,00:07,7.0,0.12,00:07,0.0,0.0,0.0,0.0,2.0,2.0,100.0,617.14,0.0,0.0,0.0,0.0,0.0,0.0,0.0,0.0,0.0,0.0,0.0,0.0,0.0,0.0,0.0,0.0,0.0,0.0,0.0,0.0,0.0,0.0,0.0,0.0,0.0,0.0,0.0,0.0,0.0,0.0,0.0,0.0,0.0,0.0,0.0,0.0,0.0,0.0,0.0,0.0,1.0,1.0,50.0,308.57,0.0,0.0,0.0,0.0,0.0,0.0,0.0,0.0,0.0,0.0,0.0,0.0,0.0,0.0,0.0,0.0,0.0,0.0,0.0,0.0,0.0,0.0,0.0,0.0,0.0,0.0,0.0,0.0,0.0,100.0,-100.0,411.43,-2.0,-2.0,-100.0,0.12,0.12,,,,,,,,,0.0,0.0,0.0,0.0,0.0,0.0,
4,新北國王,25|29|867|10876,林金榜/林書緯/桑尼/尚迪,1,1,2.0,7.0,0.12,00:07,7.0,0.12,00:07,0.0,0.0,0.0,0.0,2.0,2.0,100.0,617.14,0.0,0.0,0.0,0.0,0.0,0.0,0.0,0.0,0.0,0.0,0.0,0.0,0.0,0.0,0.0,0.0,0.0,0.0,0.0,0.0,0.0,0.0,0.0,0.0,0.0,0.0,0.0,0.0,0.0,0.0,0.0,0.0,0.0,0.0,0.0,0.0,0.0,0.0,0.0,0.0,1.0,1.0,50.0,308.57,0.0,0.0,0.0,0.0,0.0,0.0,0.0,0.0,0.0,0.0,0.0,0.0,0.0,0.0,0.0,0.0,0.0,0.0,0.0,0.0,0.0,0.0,0.0,0.0,0.0,0.0,0.0,0.0,0.0,100.0,-100.0,411.43,-2.0,-2.0,-100.0,0.12,0.12,,,,,,,,,0.0,0.0,0.0,0.0,0.0,0.0,
4,新北國王,25|29|10872|10876,林金榜/林書緯/林彥廷/尚迪,2,5,7.0,66.0,1.1,01:06,33.0,0.55,00:33,2.0,1.0,28.57,65.45,2.0,1.0,28.57,65.45,3.0,1.5,42.86,98.18,1.0,0.5,14.29,32.73,1.0,0.5,14.29,32.73,1.0,0.5,14.29,32.73,2.0,1.0,28.57,65.45,0.0,0.0,0.0,0.0,0.0,0.0,0.0,0.0,0.0,0.0,0.0,0.0,1.0,0.5,14.29,32.73,1.0,0.5,14.29,32.73,2.0,1.0,28.57,65.45,1.0,0.5,14.29,32.73,0.0,0.0,0.0,0.0,1.0,0.5,14.29,32.73,0.0,0.0,0.0,0.0,0.0,0.0,0.0,0.0,0.0,0.0,0.0,0.0,0.0,0.0,0.0,0.0,28.57,28.57,0.0,152.73,0.0,0.0,0.0,1.1,0.55,0.33,0.33,1.0,0.0,,0.0,1.0,0.5,0.33,0.4,0.0,0.0,0.0,0.0,0.0
4,新竹御嵿攻城獅,75|76|5948|10862,高國豪/曾柏喻/克雷格/提傑,3,54,63.0,800.63,13.34,13:21,266.88,4.45,04:27,32.0,10.67,50.79,86.33,14.0,4.67,22.22,37.77,23.0,7.67,36.51,62.05,12.0,4.0,19.05,32.37,17.0,5.67,26.98,45.86,10.0,3.33,15.87,26.98,6.0,2.0,9.52,16.19,2.0,0.67,3.17,5.4,8.0,2.67,12.7,21.58,6.0,2.0,9.52,16.19,4.0,1.33,6.35,10.79,8.0,2.67,12.7,21.58,2.0,0.67,3.17,5.4,7.0,2.33,11.11,18.89,7.0,2.33,11.11,18.89,5.0,1.67,7.94,13.49,4.0,1.33,6.35,10.79,2.0,0.67,3.17,5.4,6.0,2.0,9.52,16.19,10.0,3.33,15.87,26.98,50.79,22.22,28.57,113.31,18.0,6.0,28.57,13.34,4.45,0.57,0.6,0.59,0.33,0.75,0.21,0.42,0.36,0.8,0.57,6.35,3.17,0.1,15.87,0.35
4,新竹御嵿攻城獅,75|82|5948|10862,高國豪/蕭順議/克雷格/提傑,2,21,25.0,333.26,5.55,05:33,166.63,2.78,02:47,13.0,6.5,52.0,84.26,7.0,3.5,28.0,45.37,10.0,5.0,40.0,64.81,5.0,2.5,20.0,32.41,6.0,3.0,24.0,38.89,4.0,2.0,16.0,25.93,4.0,2.0,16.0,25.93,1.0,0.5,4.0,6.48,3.0,1.5,12.0,19.44,2.0,1.0,8.0,12.96,1.0,0.5,4.0,6.48,4.0,2.0,16.0,25.93,2.0,1.0,8.0,12.96,3.0,1.5,12.0,19.44,1.0,0.5,4.0,6.48,3.0,1.5,12.0,19.44,0.0,0.0,0.0,0.0,0.0,0.0,0.0,0.0,2.0,1.0,8.0,12.96,2.0,1.0,8.0,12.96,52.0,28.0,24.0,108.02,6.0,3.0,24.0,5.55,2.78,0.55,0.57,0.67,0.25,0.67,0.08,0.6,0.25,0.67,0.5,0.0,0.0,0.08,8.0,0.3
4,新竹御嵿攻城獅,76|82|5948|10862,曾柏喻/蕭順議/克雷格/提傑,2,21,24.0,346.26,5.77,05:46,173.13,2.89,02:53,12.0,6.0,50.0,74.86,7.0,3.5,29.17,43.67,9.0,4.5,37.5,56.14,5.0,2.5,20.83,31.19,8.0,4.0,33.33,49.9,5.0,2.5,20.83,31.19,1.0,0.5,4.17,6.24,0.0,0.0,0.0,0.0,3.0,1.5,12.5,18.71,2.0,1.0,8.33,12.48,0.0,0.0,0.0,0.0,4.0,2.0,16.67,24.95,2.0,1.0,8.33,12.48,3.0,1.5,12.5,18.71,1.0,0.5,4.17,6.24,2.0,1.0,8.33,12.48,0.0,0.0,0.0,0.0,0.0,0.0,0.0,0.0,3.0,1.5,12.5,18.71,2.0,1.0,8.33,12.48,50.0,29.17,20.83,99.81,5.0,2.5,20.83,5.77,2.89,0.56,0.58,0.62,0.0,0.67,0.09,0.4,0.0,0.67,0.44,0.0,0.0,0.12,8.33,0.33
4,新北中信特攻,40|43|113|8889,謝亞軒/林韋翰/林任鴻/馬可,3,30,40.0,431.57,7.19,07:12,143.86,2.4,02:24,15.0,5.0,37.5,75.08,20.0,6.67,50.0,100.1,10.0,3.33,25.0,50.05,4.0,1.33,10.0,20.02,4.0,1.33,10.0,20.02,2.0,0.67,5.0,10.01,6.0,2.0,15.0,30.03,2.0,0.67,5.0,10.01,9.0,3.0,22.5,45.05,5.0,1.67,12.5,25.03,3.0,1.0,7.5,15.02,6.0,2.0,15.0,30.03,5.0,1.67,12.5,25.03,5.0,1.67,12.5,25.03,3.0,1.0,7.5,15.02,4.0,1.33,10.0,20.02,1.0,0.33,2.5,5.01,2.0,0.67,5.0,10.01,5.0,1.67,12.5,25.03,7.0,2.33,17.5,35.04,37.5,50.0,-12.5,133.47,-5.0,-1.67,-12.5,7.19,2.4,0.5,0.54,0.5,0.33,0.56,0.18,1.0,0.38,0.55,0.47,2.5,5.0,0.12,17.5,0.9
4,新北中信特攻,40|43|113|10880,謝亞軒/林韋翰/林任鴻/內馬,4,46,60.0,674.75,11.25,11:15,168.69,2.81,02:49,18.0,4.5,30.0,57.62,30.0,7.5,50.0,96.04,18.0,4.5,30.0,57.62,5.0,1.25,8.33,16.01,11.0,2.75,18.33,35.21,3.0,0.75,5.0,9.6,7.0,1.75,11.67,22.41,2.0,0.5,3.33,6.4,12.0,3.0,20.0,38.41,6.0,1.5,10.0,19.21,6.0,1.5,10.0,19.21,10.0,2.5,16.67,32.01,6.0,1.5,10.0,19.21,7.0,1.75,11.67,22.41,5.0,1.25,8.33,16.01,4.0,1.0,6.67,12.8,3.0,0.75,5.0,9.6,2.0,0.5,3.33,6.4,7.0,1.75,11.67,22.41,9.0,2.25,15.0,28.81,30.0,50.0,-20.0,128.05,-12.0,-3.0,-20.0,11.25,2.81,0.33,0.39,0.27,0.29,0.5,0.18,0.8,0.46,0.62,0.55,5.0,3.33,0.12,15.0,0.67
4,新竹御嵿攻城獅,82|88|5948|10885,蕭順議/盧冠軒/克雷格/劉丞勳,3,75,90.0,1840.81,30.68,30:41,613.6,10.23,10:14,37.0,12.33,41.11,43.42,42.0,14.0,46.67,49.28,25.0,8.33,27.78,29.33,11.0,3.67,12.22,12.91,13.0,4.33,14.44,15.25,8.0,2.67,8.89,9.39,12.0,4.0,13.33,14.08,3.0,1.0,3.33,3.52,16.0,5.33,17.78,18.77,12.0,4.0,13.33,14.08,4.0,1.33,4.44,4.69,11.0,3.67,12.22,12.91,6.0,2.0,6.67,7.04,8.0,2.67,8.89,9.39,10.0,3.33,11.11,11.73,6.0,2.0,6.67,7.04,6.0,2.0,6.67,7.04,1.0,0.33,1.11,1.17,14.0,4.67,15.56,16.43,7.0,2.33,7.78,8.21,41.11,46.67,-5.56,70.4,-5.0,-1.67,-5.56,30.68,10.23,0.5,0.58,0.62,0.25,0.75,0.24,0.55,0.33,0.65,0.52,6.67,1.11,0.16,7.78,0.64
4,新竹御嵿攻城獅,82|88|5948|10887,蕭順議/盧冠軒/克雷格/德魯,4,77,94.0,1867.02,31.12,31:07,466.76,7.78,07:47,35.0,8.75,37.23,40.49,44.0,11.0,46.81,50.9,23.0,5.75,24.47,26.61,10.0,2.5,10.64,11.57,15.0,3.75,15.96,17.35,9.0,2.25,9.57,10.41,8.0,2.0,8.51,9.26,1.0,0.25,1.06,1.16,18.0,4.5,19.15,20.82,14.0,3.5,14.89,16.2,3.0,0.75,3.19,3.47,11.0,2.75,11.7,12.73,9.0,2.25,9.57,10.41,9.0,2.25,9.57,10.41,10.0,2.5,10.64,11.57,5.0,1.25,5.32,5.78,6.0,1.5,6.38,6.94,1.0,0.25,1.06,1.16,16.0,4.0,17.02,18.51,9.0,2.25,9.57,10.41,37.23,46.81,-9.57,72.5,-9.0,-2.25,-9.57,31.12,7.78,0.46,0.57,0.6,0.12,0.78,0.24,0.5,0.25,0.55,0.44,6.38,1.06,0.17,9.57,0.78
4,新竹御嵿攻城獅,82|88|10885|10887,蕭順議/盧冠軒/劉丞勳/德魯,5,85,101.0,1918.08,31.97,31:58,383.62,6.39,06:24,37.0,7.4,36.63,41.67,39.0,7.8,38.61,43.92,25.0,5.0,24.75,28.15,10.0,2.0,9.9,11.26,16.0,3.2,15.84,18.02,9.0,1.8,8.91,10.14,9.0,1.8,8.91,10.14,1.0,0.2,0.99,1.13,25.0,5.0,24.75,28.15,16.0,3.2,15.84,18.02,5.0,1.0,4.95,5.63,13.0,2.6,12.87,14.64,6.0,1.2,5.94,6.76,11.0,2.2,10.89,12.39,11.0,2.2,10.89,12.39,6.0,1.2,5.94,6.76,6.0,1.2,5.94,6.76,1.0,0.2,0.99,1.13,17.0,3.4,16.83,19.14,9.0,1.8,8.91,10.14,36.63,38.61,-1.98,75.83,-2.0,-0.4,-1.98,31.97,6.39,0.42,0.51,0.56,0.11,0.64,0.23,0.6,0.31,0.68,0.51,5.94,0.99,0.17,8.91,1.0
4,新竹御嵿攻城獅,88|5948|10885|10887,盧冠軒/克雷格/劉丞勳/德魯,4,109,127.0,2364.45,39.41,39:24,591.11,9.85,09:51,46.0,11.5,36.22,42.02,63.0,15.75,49.61,57.55,33.0,8.25,25.98,30.15,13.0,3.25,10.24,11.88,20.0,5.0,15.75,18.27,11.0,2.75,8.66,10.05,13.0,3.25,10.24,11.88,2.0,0.5,1.57,1.83,24.0,6.0,18.9,21.92,18.0,4.5,14.17,16.44,4.0,1.0,3.15,3.65,18.0,4.5,14.17,16.44,9.0,2.25,7.09,8.22,15.0,3.75,11.81,13.7,13.0,3.25,10.24,11.88,6.0,1.5,4.72,5.48,8.0,2.0,6.3,7.31,1.0,0.25,0.79,0.91,19.0,4.75,14.96,17.36,17.0,4.25,13.39,15.53,36.22,49.61,-13.39,77.35,-17.0,-4.25,-13.39,39.41,9.85,0.42,0.53,0.55,0.15,0.75,0.23,0.46,0.21,0.67,0.48,6.3,0.79,0.15,13.39,0.73
4,新竹御嵿攻城獅,87|88|5948|10885,蔡宸綱/盧冠軒/克雷格/劉丞勳,2,91,108.0,1560.47,26.01,26:00,780.23,13.0,13:00,35.0,17.5,32.41,48.45,46.0,23.0,42.59,63.67,38.0,19.0,35.19,52.6,12.0,6.0,11.11,16.61,20.0,10.0,18.52,27.68,9.0,4.5,8.33,12.46,18.0,9.0,16.67,24.92,3.0,1.5,2.78,4.15,12.0,6.0,11.11,16.61,8.0,4.0,7.41,11.07,4.0,2.0,3.7,5.54,23.0,11.5,21.3,31.84,9.0,4.5,8.33,12.46,18.0,9.0,16.67,24.92,5.0,2.5,4.63,6.92,8.0,4.0,7.41,11.07,4.0,2.0,3.7,5.54,1.0,0.5,0.93,1.38,10.0,5.0,9.26,13.84,17.0,8.5,15.74,23.53,32.41,42.59,-10.19,99.66,-11.0,-5.5,-10.19,26.01,13.0,0.36,0.4,0.45,0.17,0.67,0.1,0.67,0.18,0.72,0.5,3.7,0.93,0.09,15.74,0.32
4,新竹御嵿攻城獅,87|88|5948|10887,蔡宸綱/盧冠軒/克雷格/德魯,4,80,86.0,1210.53,20.18,20:11,302.63,5.04,05:03,36.0,9.0,41.86,64.24,50.0,12.5,58.14,89.22,29.0,7.25,33.72,51.75,12.0,3.0,13.95,21.41,15.0,3.75,17.44,26.77,8.0,2.0,9.3,14.27,14.0,3.5,16.28,24.98,4.0,1.0,4.65,7.14,11.0,2.75,12.79,19.63,8.0,2.0,9.3,14.27,3.0,0.75,3.49,5.35,16.0,4.0,18.6,28.55,3.0,0.75,3.49,5.35,12.0,3.0,13.95,21.41,7.0,1.75,8.14,12.49,6.0,1.5,6.98,10.71,5.0,1.25,5.81,8.92,0.0,0.0,0.0,0.0,8.0,2.0,9.3,14.27,12.0,3.0,13.95,21.41,41.86,58.14,-16.28,102.3,-14.0,-3.5,-16.28,20.18,5.04,0.48,0.53,0.53,0.29,0.73,0.17,0.5,0.2,0.84,0.56,5.81,0.0,0.09,13.95,0.38
4,新北中信特攻,40|43|47|10880,謝亞軒/林韋翰/曾文鼎/內馬,6,60,74.0,982.63,16.38,16:23,163.77,2.73,02:44,35.0,5.83,47.3,76.94,20.0,3.33,27.03,43.96,30.0,5.0,40.54,65.95,13.0,2.17,17.57,28.58,20.0,3.33,27.03,43.96,9.0,1.5,12.16,19.78,10.0,1.67,13.51,21.98,4.0,0.67,5.41,8.79,9.0,1.5,12.16,19.78,5.0,0.83,6.76,10.99,7.0,1.17,9.46,15.39,10.0,1.67,13.51,21.98,5.0,0.83,6.76,10.99,13.0,2.17,17.57,28.58,4.0,0.67,5.41,8.79,8.0,1.33,10.81,17.59,1.0,0.17,1.35,2.2,3.0,0.5,4.05,6.59,7.0,1.17,9.46,15.39,6.0,1.0,8.11,13.19,47.3,27.03,20.27,108.44,15.0,2.5,20.27,16.38,2.73,0.5,0.52,0.45,0.4,0.56,0.11,0.62,0.35,0.67,0.49,1.35,4.05,0.09,8.11,0.3
4,新北中信特攻,40|47|113|10880,謝亞軒/曾文鼎/林任鴻/內馬,1,2,2.0,33.0,0.55,00:33,33.0,0.55,00:33,0.0,0.0,0.0,0.0,2.0,2.0,100.0,130.91,1.0,1.0,50.0,65.45,0.0,0.0,0.0,0.0,1.0,1.0,50.0,65.45,0.0,0.0,0.0,0.0,0.0,0.0,0.0,0.0,0.0,0.0,0.0,0.0,0.0,0.0,0.0,0.0,0.0,0.0,0.0,0.0,0.0,0.0,0.0,0.0,0.0,0.0,0.0,0.0,0.0,0.0,0.0,0.0,0.0,0.0,0.0,0.0,0.0,0.0,0.0,0.0,0.0,0.0,0.0,0.0,0.0,0.0,0.0,0.0,0.0,0.0,0.0,0.0,0.0,0.0,0.0,0.0,0.0,0.0,0.0,0.0,0.0,100.0,-100.0,87.27,-2.0,-2.0,-100.0,0.55,0.55,0.0,0.0,0.0,,,0.0,,,,,0.0,0.0,0.0,0.0,0.0
4,新北中信特攻,43|47|113|10880,林韋翰/曾文鼎/林任鴻/內馬,1,2,2.0,33.0,0.55,00:33,33.0,0.55,00:33,0.0,0.0,0.0,0.0,2.0,2.0,100.0,130.91,1.0,1.0,50.0,65.45,0.0,0.0,0.0,0.0,1.0,1.0,50.0,65.45,0.0,0.0,0.0,0.0,0.0,0.0,0.0,0.0,0.0,0.0,0.0,0.0,0.0,0.0,0.0,0.0,0.0,0.0,0.0,0.0,0.0,0.0,0.0,0.0,0.0,0.0,0.0,0.0,0.0,0.0,0.0,0.0,0.0,0.0,0.0,0.0,0.0,0.0,0.0,0.0,0.0,0.0,0.0,0.0,0.0,0.0,0.0,0.0,0.0,0.0,0.0,0.0,0.0,0.0,0.0,0.0,0.0,0.0,0.0,0.0,0.0,100.0,-100.0,87.27,-2.0,-2.0,-100.0,0.55,0.55,0.0,0.0,0.0,,,0.0,,,,,0.0,0.0,0.0,0.0,0.0
4,新竹御嵿攻城獅,75|76|87|5948,高國豪/曾柏喻/蔡宸綱/克雷格,2,23,25.0,393.52,6.56,06:34,196.76,3.28,03:17,12.0,6.0,48.0,65.87,9.0,4.5,36.0,49.4,8.0,4.0,32.0,43.91,4.0,2.0,16.0,21.96,2.0,1.0,8.0,10.98,1.0,0.5,4.0,5.49,6.0,3.0,24.0,32.93,3.0,1.5,12.0,16.47,2.0,1.0,8.0,10.98,1.0,0.5,4.0,5.49,0.0,0.0,0.0,0.0,4.0,2.0,16.0,21.96,1.0,0.5,4.0,5.49,4.0,2.0,16.0,21.96,2.0,1.0,8.0,10.98,3.0,1.5,12.0,16.47,0.0,0.0,0.0,0.0,0.0,0.0,0.0,0.0,1.0,0.5,4.0,5.49,4.0,2.0,16.0,21.96,48.0,36.0,12.0,91.48,3.0,1.5,12.0,6.56,3.28,0.69,0.68,0.5,0.5,0.5,0.18,0.75,0.0,0.8,0.44,0.0,0.0,0.04,16.0,0.25
4,新竹御嵿攻城獅,76|87|5948|10862,曾柏喻/蔡宸綱/克雷格/提傑,3,23,29.0,411.19,6.85,06:51,137.06,2.28,02:17,2.0,0.67,6.9,10.51,10.0,3.33,34.48,52.53,11.0,3.67,37.93,57.78,1.0,0.33,3.45,5.25,6.0,2.0,20.69,31.52,1.0,0.33,3.45,5.25,5.0,1.67,17.24,26.27,0.0,0.0,0.0,0.0,0.0,0.0,0.0,0.0,0.0,0.0,0.0,0.0,3.0,1.0,10.34,15.76,7.0,2.33,24.14,36.77,2.0,0.67,6.9,10.51,4.0,1.33,13.79,21.01,4.0,1.33,13.79,21.01,0.0,0.0,0.0,0.0,0.0,0.0,0.0,0.0,0.0,0.0,0.0,0.0,3.0,1.0,10.34,15.76,4.0,1.33,13.79,21.01,6.9,34.48,-27.59,101.56,-8.0,-2.67,-27.59,6.85,2.28,0.09,0.09,0.17,0.0,,0.27,0.0,0.43,0.78,0.62,0.0,0.0,0.1,13.79,0.0
4,新竹御嵿攻城獅,75|76|90|5948,高國豪/曾柏喻/李啓瑋/克雷格,2,25,29.0,306.33,5.11,05:06,153.16,2.55,02:33,20.0,10.0,68.97,141.03,10.0,5.0,34.48,70.51,13.0,6.5,44.83,91.67,8.0,4.0,27.59,56.41,9.0,4.5,31.03,63.46,6.0,3.0,20.69,42.31,4.0,2.0,13.79,28.21,2.0,1.0,6.9,14.1,2.0,1.0,6.9,14.1,2.0,1.0,6.9,14.1,2.0,1.0,6.9,14.1,3.0,1.5,10.34,21.15,0.0,0.0,0.0,0.0,2.0,1.0,6.9,14.1,2.0,1.0,6.9,14.1,3.0,1.5,10.34,21.15,2.0,1.0,6.9,14.1,2.0,1.0,6.9,14.1,2.0,1.0,6.9,14.1,6.0,3.0,20.69,42.31,68.97,34.48,34.48,136.33,10.0,5.0,34.48,5.11,2.55,0.69,0.72,0.67,0.5,1.0,0.13,0.38,0.5,1.0,0.71,6.9,6.9,0.07,20.69,0.15
4,新竹御嵿攻城獅,76|90|5948|10887,曾柏喻/李啓瑋/克雷格/德魯,3,16,19.0,212.07,3.53,03:32,70.69,1.18,01:11,11.0,3.67,57.89,112.04,16.0,5.33,84.21,162.96,8.0,2.67,42.11,81.48,5.0,1.67,26.32,50.93,7.0,2.33,36.84,71.3,4.0,1.33,21.05,40.74,1.0,0.33,5.26,10.19,1.0,0.33,5.26,10.19,0.0,0.0,0.0,0.0,0.0,0.0,0.0,0.0,1.0,0.33,5.26,10.19,2.0,0.67,10.53,20.37,2.0,0.67,10.53,20.37,1.0,0.33,5.26,10.19,1.0,0.33,5.26,10.19,2.0,0.67,10.53,20.37,1.0,0.33,5.26,10.19,0.0,0.0,0.0,0.0,0.0,0.0,0.0,0.0,8.0,2.67,42.11,81.48,57.89,84.21,-26.32,129.01,-5.0,-1.67,-26.32,3.53,1.18,0.69,0.69,0.57,1.0,,0.11,0.4,0.5,0.5,0.5,5.26,0.0,0.0,42.11,0.0
4,新竹御嵿攻城獅,75|82|87|10862,高國豪/蕭順議/蔡宸綱/提傑,2,2,3.0,20.37,0.34,00:20,10.18,0.17,00:10,0.0,0.0,0.0,0.0,0.0,0.0,0.0,0.0,0.0,0.0,0.0,0.0,0.0,0.0,0.0,0.0,0.0,0.0,0.0,0.0,0.0,0.0,0.0,0.0,0.0,0.0,0.0,0.0,0.0,0.0,0.0,0.0,2.0,1.0,66.67,212.11,2.0,1.0,66.67,212.11,0.0,0.0,0.0,0.0,0.0,0.0,0.0,0.0,1.0,0.5,33.33,106.05,0.0,0.0,0.0,0.0,0.0,0.0,0.0,0.0,0.0,0.0,0.0,0.0,0.0,0.0,0.0,0.0,0.0,0.0,0.0,0.0,0.0,0.0,0.0,0.0,0.0,0.0,0.0,0.0,0.0,0.0,0.0,212.11,0.0,0.0,0.0,0.34,0.17,,0.0,,,1.0,0.0,,,0.0,0.0,0.0,0.0,0.0,0.0,
4,新竹御嵿攻城獅,75|82|87|10885,高國豪/蕭順議/蔡宸綱/劉丞勳,1,1,1.0,8.0,0.13,00:08,8.0,0.13,00:08,0.0,0.0,0.0,0.0,0.0,0.0,0.0,0.0,0.0,0.0,0.0,0.0,0.0,0.0,0.0,0.0,0.0,0.0,0.0,0.0,0.0,0.0,0.0,0.0,0.0,0.0,0.0,0.0,0.0,0.0,0.0,0.0,0.0,0.0,0.0,0.0,0.0,0.0,0.0,0.0,0.0,0.0,0.0,0.0,0.0,0.0,0.0,0.0,0.0,0.0,0.0,0.0,0.0,0.0,0.0,0.0,0.0,0.0,0.0,0.0,0.0,0.0,0.0,0.0,0.0,0.0,0.0,0.0,0.0,0.0,0.0,0.0,0.0,0.0,0.0,0.0,0.0,0.0,0.0,0.0,0.0,0.0,0.0,180.0,0.0,0.0,0.0,0.13,0.13,,,,,,,,,,,0.0,0.0,0.0,0.0,
4,新竹御嵿攻城獅,82|87|10862|10885,蕭順議/蔡宸綱/提傑/劉丞勳,3,3,3.0,38.12,0.64,00:38,12.71,0.21,00:13,0.0,0.0,0.0,0.0,2.0,0.67,66.67,113.33,0.0,0.0,0.0,0.0,0.0,0.0,0.0,0.0,0.0,0.0,0.0,0.0,0.0,0.0,0.0,0.0,0.0,0.0,0.0,0.0,0.0,0.0,0.0,0.0,1.0,0.33,33.33,56.66,0.0,0.0,0.0,0.0,0.0,0.0,0.0,0.0,1.0,0.33,33.33,56.66,0.0,0.0,0.0,0.0,0.0,0.0,0.0,0.0,0.0,0.0,0.0,0.0,0.0,0.0,0.0,0.0,0.0,0.0,0.0,0.0,0.0,0.0,0.0,0.0,0.0,0.0,0.0,0.0,0.0,0.0,0.0,0.0,0.0,66.67,-66.67,113.33,-2.0,-0.67,-66.67,0.64,0.21,,0.0,,,0.0,0.0,,,1.0,1.0,0.0,0.0,0.0,0.0,
4,新北中信特攻,40|43|47|8889,謝亞軒/林韋翰/曾文鼎/馬可,4,63,70.0,971.83,16.2,16:12,242.96,4.05,04:03,34.0,8.5,48.57,75.57,48.0,12.0,68.57,106.69,26.0,6.5,37.14,57.79,13.0,3.25,18.57,28.89,16.0,4.0,22.86,35.56,8.0,2.0,11.43,17.78,10.0,2.5,14.29,22.23,5.0,1.25,7.14,11.11,4.0,1.0,5.71,8.89,4.0,1.0,5.71,8.89,4.0,1.0,5.71,8.89,9.0,2.25,12.86,20.0,3.0,0.75,4.29,6.67,6.0,1.5,8.57,13.34,7.0,1.75,10.0,15.56,8.0,2.0,11.43,17.78,3.0,0.75,4.29,6.67,0.0,0.0,0.0,0.0,5.0,1.25,7.14,11.11,11.0,2.75,15.71,24.45,48.57,68.57,-20.0,103.72,-14.0,-3.5,-20.0,16.2,4.05,0.6,0.61,0.5,0.5,1.0,0.2,0.62,0.4,0.75,0.59,4.29,0.0,0.07,15.71,0.15
4,新北中信特攻,40|47|8889|10880,謝亞軒/曾文鼎/馬可/內馬,1,1,1.0,3.0,0.05,00:03,3.0,0.05,00:03,0.0,0.0,0.0,0.0,0.0,0.0,0.0,0.0,1.0,1.0,100.0,720.0,0.0,0.0,0.0,0.0,1.0,1.0,100.0,720.0,0.0,0.0,0.0,0.0,0.0,0.0,0.0,0.0,0.0,0.0,0.0,0.0,0.0,0.0,0.0,0.0,0.0,0.0,0.0,0.0,0.0,0.0,0.0,0.0,0.0,0.0,0.0,0.0,0.0,0.0,0.0,0.0,0.0,0.0,0.0,0.0,0.0,0.0,0.0,0.0,0.0,0.0,0.0,0.0,0.0,0.0,0.0,0.0,0.0,0.0,0.0,0.0,0.0,0.0,0.0,0.0,0.0,0.0,0.0,0.0,0.0,0.0,0.0,480.0,0.0,0.0,0.0,0.05,0.05,0.0,0.0,0.0,,,0.0,,,,,0.0,0.0,0.0,0.0,0.0
4,新北中信特攻,43|47|8889|10880,林韋翰/曾文鼎/馬可/內馬,1,1,1.0,3.0,0.05,00:03,3.0,0.05,00:03,0.0,0.0,0.0,0.0,0.0,0.0,0.0,0.0,1.0,1.0,100.0,720.0,0.0,0.0,0.0,0.0,1.0,1.0,100.0,720.0,0.0,0.0,0.0,0.0,0.0,0.0,0.0,0.0,0.0,0.0,0.0,0.0,0.0,0.0,0.0,0.0,0.0,0.0,0.0,0.0,0.0,0.0,0.0,0.0,0.0,0.0,0.0,0.0,0.0,0.0,0.0,0.0,0.0,0.0,0.0,0.0,0.0,0.0,0.0,0.0,0.0,0.0,0.0,0.0,0.0,0.0,0.0,0.0,0.0,0.0,0.0,0.0,0.0,0.0,0.0,0.0,0.0,0.0,0.0,0.0,0.0,0.0,0.0,480.0,0.0,0.0,0.0,0.05,0.05,0.0,0.0,0.0,,,0.0,,,,,0.0,0.0,0.0,0.0,0.0
4,新竹御嵿攻城獅,76|87|5948|10887,曾柏喻/蔡宸綱/克雷格/德魯,2,44,48.0,620.28,10.34,10:20,310.14,5.17,05:10,24.0,12.0,50.0,83.58,22.0,11.0,45.83,76.61,18.0,9.0,37.5,62.68,8.0,4.0,16.67,27.86,9.0,4.5,18.75,31.34,4.0,2.0,8.33,13.93,9.0,4.5,18.75,31.34,4.0,2.0,8.33,13.93,7.0,3.5,14.58,24.38,4.0,2.0,8.33,13.93,2.0,1.0,4.17,6.96,10.0,5.0,20.83,34.82,1.0,0.5,2.08,3.48,9.0,4.5,18.75,31.34,2.0,1.0,4.17,6.96,6.0,3.0,12.5,20.89,2.0,1.0,4.17,6.96,1.0,0.5,2.08,3.48,4.0,2.0,8.33,13.93,6.0,3.0,12.5,20.89,50.0,45.83,4.17,111.43,2.0,1.0,4.17,10.34,5.17,0.56,0.57,0.44,0.44,0.57,0.09,0.75,0.18,0.91,0.55,4.17,2.08,0.08,12.5,0.39
4,新竹御嵿攻城獅,87|88|5948|10862,蔡宸綱/盧冠軒/克雷格/提傑,3,59,75.0,1034.65,17.24,17:15,344.88,5.75,05:45,20.0,6.67,26.67,41.75,23.0,7.67,30.67,48.02,30.0,10.0,40.0,62.63,7.0,2.33,9.33,14.61,16.0,5.33,21.33,33.4,5.0,1.67,6.67,10.44,14.0,4.67,18.67,29.23,2.0,0.67,2.67,4.18,7.0,2.33,9.33,14.61,4.0,1.33,5.33,8.35,5.0,1.67,6.67,10.44,19.0,6.33,25.33,39.67,6.0,2.0,8.0,12.53,14.0,4.67,18.67,29.23,3.0,1.0,4.0,6.26,7.0,2.33,9.33,14.61,3.0,1.0,4.0,6.26,1.0,0.33,1.33,2.09,6.0,2.0,8.0,12.53,11.0,3.67,14.67,22.96,26.67,30.67,-4.0,104.38,-3.0,-1.0,-4.0,17.24,5.75,0.27,0.3,0.31,0.14,0.57,0.08,1.0,0.26,0.76,0.55,4.0,1.33,0.08,14.67,0.23
4,新竹御嵿攻城獅,87|88|10862|10885,蔡宸綱/盧冠軒/提傑/劉丞勳,10,175,210.0,2978.1,49.63,49:38,297.81,4.96,04:58,78.0,7.8,37.14,56.57,76.0,7.6,36.19,55.12,83.0,8.3,39.52,60.2,28.0,2.8,13.33,20.31,46.0,4.6,21.9,33.36,20.0,2.0,9.52,14.51,37.0,3.7,17.62,26.84,8.0,0.8,3.81,5.8,23.0,2.3,10.95,16.68,14.0,1.4,6.67,10.15,14.0,1.4,6.67,10.15,43.0,4.3,20.48,31.19,10.0,1.0,4.76,7.25,36.0,3.6,17.14,26.11,13.0,1.3,6.19,9.43,24.0,2.4,11.43,17.41,10.0,1.0,4.76,7.25,6.0,0.6,2.86,4.35,20.0,2.0,9.52,14.51,15.0,1.5,7.14,10.88,37.14,36.19,0.95,101.54,2.0,0.2,0.95,49.63,4.96,0.39,0.42,0.43,0.22,0.61,0.12,0.86,0.28,0.81,0.55,4.76,2.86,0.1,7.14,0.28
4,新竹御嵿攻城獅,88|5948|10862|10885,盧冠軒/克雷格/提傑/劉丞勳,3,68,82.0,1168.64,19.48,19:29,389.55,6.49,06:30,30.0,10.0,36.59,55.45,34.0,11.33,41.46,62.84,34.0,11.33,41.46,62.84,11.0,3.67,13.41,20.33,15.0,5.0,18.29,27.72,7.0,2.33,8.54,12.94,19.0,6.33,23.17,35.12,4.0,1.33,4.88,7.39,8.0,2.67,9.76,14.79,5.0,1.67,6.1,9.24,5.0,1.67,6.1,9.24,18.0,6.0,21.95,33.27,6.0,2.0,7.32,11.09,12.0,4.0,14.63,22.18,3.0,1.0,3.66,5.54,8.0,2.67,9.76,14.79,3.0,1.0,3.66,5.54,1.0,0.33,1.22,1.85,6.0,2.0,7.32,11.09,8.0,2.67,9.76,14.79,36.59,41.46,-4.88,101.04,-4.0,-1.33,-4.88,19.48,6.49,0.38,0.4,0.47,0.21,0.62,0.07,0.73,0.29,0.75,0.56,3.66,1.22,0.07,9.76,0.24
4,新北中信特攻,40|43|44|8889,謝亞軒/林韋翰/黃泓瀚/馬可,7,63,74.0,1081.92,18.03,18:02,154.56,2.58,02:35,36.0,5.14,48.65,71.87,23.0,3.29,31.08,45.92,32.0,4.57,43.24,63.89,13.0,1.86,17.57,25.95,19.0,2.71,25.68,37.93,10.0,1.43,13.51,19.96,13.0,1.86,17.57,25.95,3.0,0.43,4.05,5.99,9.0,1.29,12.16,17.97,7.0,1.0,9.46,13.98,7.0,1.0,9.46,13.98,12.0,1.71,16.22,23.96,2.0,0.29,2.7,3.99,17.0,2.43,22.97,33.94,4.0,0.57,5.41,7.99,7.0,1.0,9.46,13.98,1.0,0.14,1.35,2.0,2.0,0.29,2.7,3.99,3.0,0.43,4.05,5.99,3.0,0.43,4.05,5.99,48.65,31.08,17.57,98.49,13.0,1.86,17.57,18.03,2.58,0.45,0.5,0.53,0.23,0.78,0.1,0.54,0.29,0.86,0.5,1.35,2.7,0.04,4.05,0.28
4,新北中信特攻,40|43|44|10879,謝亞軒/林韋翰/黃泓瀚/簡廷兆,1,5,5.0,79.32,1.32,01:19,79.32,1.32,01:19,0.0,0.0,0.0,0.0,2.0,2.0,40.0,54.46,1.0,1.0,20.0,27.23,0.0,0.0,0.0,0.0,1.0,1.0,20.0,27.23,0.0,0.0,0.0,0.0,0.0,0.0,0.0,0.0,0.0,0.0,0.0,0.0,0.0,0.0,0.0,0.0,0.0,0.0,0.0,0.0,0.0,0.0,0.0,0.0,1.0,1.0,20.0,27.23,0.0,0.0,0.0,0.0,2.0,2.0,40.0,54.46,1.0,1.0,20.0,27.23,0.0,0.0,0.0,0.0,0.0,0.0,0.0,0.0,1.0,1.0,20.0,27.23,0.0,0.0,0.0,0.0,0.0,0.0,0.0,0.0,0.0,40.0,-40.0,90.77,-2.0,-2.0,-40.0,1.32,1.32,0.0,0.0,0.0,,,0.5,,0.0,1.0,0.33,0.0,20.0,0.0,0.0,0.0
4,新北中信特攻,43|44|8889|10879,林韋翰/黃泓瀚/馬可/簡廷兆,3,31,35.0,432.65,7.21,07:13,144.22,2.4,02:24,8.0,2.67,22.86,39.94,23.0,7.67,65.71,114.83,9.0,3.0,25.71,44.93,2.0,0.67,5.71,9.98,5.0,1.67,14.29,24.96,1.0,0.33,2.86,4.99,4.0,1.33,11.43,19.97,1.0,0.33,2.86,4.99,4.0,1.33,11.43,19.97,3.0,1.0,8.57,14.98,2.0,0.67,5.71,9.98,5.0,1.67,14.29,24.96,1.0,0.33,2.86,4.99,6.0,2.0,17.14,29.95,5.0,1.67,14.29,24.96,1.0,0.33,2.86,4.99,1.0,0.33,2.86,4.99,3.0,1.0,8.57,14.98,2.0,0.67,5.71,9.98,5.0,1.67,14.29,24.96,22.86,65.71,-42.86,116.49,-15.0,-5.0,-42.86,7.21,2.4,0.28,0.37,0.2,0.25,0.75,0.32,0.5,0.25,0.83,0.5,2.86,8.57,0.06,14.29,0.44
4,新北中信特攻,40|43|44|10881,謝亞軒/林韋翰/黃泓瀚/飛克,4,58,71.0,1002.57,16.71,16:43,250.64,4.18,04:11,33.0,8.25,46.48,71.1,28.0,7.0,39.44,60.33,27.0,6.75,38.03,58.17,14.0,3.5,19.72,30.16,18.0,4.5,25.35,38.78,12.0,3.0,16.9,25.85,9.0,2.25,12.68,19.39,2.0,0.5,2.82,4.31,4.0,1.0,5.63,8.62,3.0,0.75,4.23,6.46,3.0,0.75,4.23,6.46,11.0,2.75,15.49,23.7,6.0,1.5,8.45,12.93,11.0,2.75,15.49,23.7,4.0,1.0,5.63,8.62,11.0,2.75,15.49,23.7,1.0,0.25,1.41,2.15,3.0,0.75,4.23,6.46,7.0,1.75,9.86,15.08,6.0,1.5,8.45,12.93,46.48,39.44,7.04,101.98,5.0,1.25,7.04,16.71,4.18,0.56,0.57,0.67,0.22,0.75,0.12,0.79,0.21,0.65,0.45,1.41,4.23,0.1,8.45,0.15
4,新北中信特攻,43|44|8889|10881,林韋翰/黃泓瀚/馬可/飛克,8,196,238.0,3464.77,57.75,57:45,433.1,7.22,07:13,107.0,13.38,44.96,66.71,92.0,11.5,38.66,57.35,91.0,11.38,38.24,56.73,43.0,5.38,18.07,26.81,53.0,6.62,22.27,33.04,32.0,4.0,13.45,19.95,38.0,4.75,15.97,23.69,11.0,1.38,4.62,6.86,16.0,2.0,6.72,9.97,12.0,1.5,5.04,7.48,16.0,2.0,6.72,9.97,34.0,4.25,14.29,21.2,18.0,2.25,7.56,11.22,44.0,5.5,18.49,27.43,17.0,2.12,7.14,10.6,26.0,3.25,10.92,16.21,8.0,1.0,3.36,4.99,1.0,0.12,0.42,0.62,26.0,3.25,10.92,16.21,19.0,2.38,7.98,11.84,44.96,38.66,6.3,98.92,15.0,1.88,6.3,57.75,7.22,0.53,0.55,0.6,0.29,0.75,0.15,0.6,0.27,0.65,0.45,3.36,0.42,0.11,7.98,0.18
4,新北中信特攻,39|44|113|8889,魏嘉豪/黃泓瀚/林任鴻/馬可,1,1,1.0,12.0,0.2,00:12,12.0,0.2,00:12,0.0,0.0,0.0,0.0,0.0,0.0,0.0,0.0,0.0,0.0,0.0,0.0,0.0,0.0,0.0,0.0,0.0,0.0,0.0,0.0,0.0,0.0,0.0,0.0,0.0,0.0,0.0,0.0,0.0,0.0,0.0,0.0,0.0,0.0,0.0,0.0,0.0,0.0,0.0,0.0,0.0,0.0,0.0,0.0,0.0,0.0,0.0,0.0,0.0,0.0,0.0,0.0,0.0,0.0,0.0,0.0,0.0,0.0,0.0,0.0,0.0,0.0,0.0,0.0,0.0,0.0,0.0,0.0,0.0,0.0,0.0,0.0,0.0,0.0,0.0,0.0,0.0,0.0,0.0,0.0,0.0,0.0,0.0,120.0,0.0,0.0,0.0,0.2,0.2,,,,,,,,,,,0.0,0.0,0.0,0.0,
4,新北中信特攻,39|44|113|10881,魏嘉豪/黃泓瀚/林任鴻/飛克,1,1,1.0,30.0,0.5,00:30,30.0,0.5,00:30,0.0,0.0,0.0,0.0,0.0,0.0,0.0,0.0,0.0,0.0,0.0,0.0,0.0,0.0,0.0,0.0,0.0,0.0,0.0,0.0,0.0,0.0,0.0,0.0,0.0,0.0,0.0,0.0,0.0,0.0,0.0,0.0,0.0,0.0,0.0,0.0,0.0,0.0,0.0,0.0,0.0,0.0,0.0,0.0,0.0,0.0,0.0,0.0,0.0,0.0,0.0,0.0,0.0,0.0,0.0,0.0,0.0,0.0,0.0,0.0,0.0,0.0,0.0,0.0,0.0,0.0,0.0,0.0,0.0,0.0,0.0,0.0,0.0,0.0,0.0,0.0,0.0,0.0,0.0,0.0,0.0,0.0,0.0,48.0,0.0,0.0,0.0,0.5,0.5,,,,,,,,,,,0.0,0.0,0.0,0.0,
4,新北中信特攻,44|113|8889|10881,黃泓瀚/林任鴻/馬可/飛克,2,2,2.0,30.0,0.5,00:30,15.0,0.25,00:15,0.0,0.0,0.0,0.0,0.0,0.0,0.0,0.0,0.0,0.0,0.0,0.0,0.0,0.0,0.0,0.0,0.0,0.0,0.0,0.0,0.0,0.0,0.0,0.0,0.0,0.0,0.0,0.0,0.0,0.0,0.0,0.0,0.0,0.0,0.0,0.0,0.0,0.0,0.0,0.0,0.0,0.0,0.0,0.0,0.0,0.0,0.0,0.0,0.0,0.0,0.0,0.0,0.0,0.0,0.0,0.0,0.0,0.0,0.0,0.0,0.0,0.0,0.0,0.0,0.0,0.0,0.0,0.0,0.0,0.0,0.0,0.0,0.0,0.0,0.0,0.0,0.0,0.0,0.0,0.0,0.0,0.0,0.0,96.0,0.0,0.0,0.0,0.5,0.25,,,,,,,,,,,0.0,0.0,0.0,0.0,
4,新北中信特攻,40|43|44|10880,謝亞軒/林韋翰/黃泓瀚/內馬,6,63,75.0,958.88,15.98,15:59,159.81,2.66,02:40,42.0,7.0,56.0,94.61,28.0,4.67,37.33,63.07,34.0,5.67,45.33,76.59,16.0,2.67,21.33,36.04,21.0,3.5,28.0,47.3,13.0,2.17,17.33,29.28,13.0,2.17,17.33,29.28,3.0,0.5,4.0,6.76,8.0,1.33,10.67,18.02,7.0,1.17,9.33,15.77,8.0,1.33,10.67,18.02,11.0,1.83,14.67,24.78,3.0,0.5,4.0,6.76,15.0,2.5,20.0,33.79,3.0,0.5,4.0,6.76,12.0,2.0,16.0,27.03,2.0,0.33,2.67,4.51,3.0,0.5,4.0,6.76,5.0,0.83,6.67,11.26,4.0,0.67,5.33,9.01,56.0,37.33,18.67,112.63,14.0,2.33,18.67,15.98,2.66,0.51,0.56,0.62,0.23,0.88,0.07,0.75,0.35,0.79,0.51,2.67,4.0,0.07,5.33,0.24
4,新北中信特攻,43|44|8889|10880,林韋翰/黃泓瀚/馬可/內馬,5,89,102.0,1282.98,21.38,21:23,256.6,4.28,04:17,51.0,10.2,50.0,85.86,40.0,8.0,39.22,67.34,43.0,8.6,42.16,72.39,18.0,3.6,17.65,30.3,24.0,4.8,23.53,40.41,13.0,2.6,12.75,21.89,19.0,3.8,18.63,31.99,5.0,1.0,4.9,8.42,12.0,2.4,11.76,20.2,10.0,2.0,9.8,16.84,11.0,2.2,10.78,18.52,15.0,3.0,14.71,25.25,2.0,0.4,1.96,3.37,21.0,4.2,20.59,35.36,7.0,1.4,6.86,11.79,8.0,1.6,7.84,13.47,2.0,0.4,1.96,3.37,4.0,0.8,3.92,6.73,5.0,1.0,4.9,8.42,5.0,1.0,4.9,8.42,50.0,39.22,10.78,114.48,11.0,2.2,10.78,21.38,4.28,0.48,0.53,0.54,0.26,0.83,0.13,0.44,0.34,0.88,0.53,1.96,3.92,0.05,4.9,0.28
4,新竹御嵿攻城獅,76|80|87|10886,曾柏喻/田浩/蔡宸綱/梁瀚,1,2,2.0,59.0,0.98,00:59,59.0,0.98,00:59,3.0,3.0,150.0,109.83,3.0,3.0,150.0,109.83,1.0,1.0,50.0,36.61,1.0,1.0,50.0,36.61,0.0,0.0,0.0,0.0,0.0,0.0,0.0,0.0,1.0,1.0,50.0,36.61,1.0,1.0,50.0,36.61,0.0,0.0,0.0,0.0,0.0,0.0,0.0,0.0,0.0,0.0,0.0,0.0,0.0,0.0,0.0,0.0,0.0,0.0,0.0,0.0,1.0,1.0,50.0,36.61,0.0,0.0,0.0,0.0,1.0,1.0,50.0,36.61,0.0,0.0,0.0,0.0,0.0,0.0,0.0,0.0,0.0,0.0,0.0,0.0,0.0,0.0,0.0,0.0,150.0,150.0,0.0,48.81,0.0,0.0,0.0,0.98,0.98,1.5,1.5,,1.0,,0.0,1.0,0.0,,0.0,0.0,0.0,0.0,0.0,0.0
4,新竹御嵿攻城獅,76|80|87|10887,曾柏喻/田浩/蔡宸綱/德魯,1,2,2.0,59.0,0.98,00:59,59.0,0.98,00:59,3.0,3.0,150.0,109.83,3.0,3.0,150.0,109.83,1.0,1.0,50.0,36.61,1.0,1.0,50.0,36.61,0.0,0.0,0.0,0.0,0.0,0.0,0.0,0.0,1.0,1.0,50.0,36.61,1.0,1.0,50.0,36.61,0.0,0.0,0.0,0.0,0.0,0.0,0.0,0.0,0.0,0.0,0.0,0.0,0.0,0.0,0.0,0.0,0.0,0.0,0.0,0.0,1.0,1.0,50.0,36.61,0.0,0.0,0.0,0.0,1.0,1.0,50.0,36.61,0.0,0.0,0.0,0.0,0.0,0.0,0.0,0.0,0.0,0.0,0.0,0.0,0.0,0.0,0.0,0.0,150.0,150.0,0.0,48.81,0.0,0.0,0.0,0.98,0.98,1.5,1.5,,1.0,,0.0,1.0,0.0,,0.0,0.0,0.0,0.0,0.0,0.0
4,新竹御嵿攻城獅,76|80|10886|10887,曾柏喻/田浩/梁瀚/德魯,1,2,2.0,59.0,0.98,00:59,59.0,0.98,00:59,3.0,3.0,150.0,109.83,3.0,3.0,150.0,109.83,1.0,1.0,50.0,36.61,1.0,1.0,50.0,36.61,0.0,0.0,0.0,0.0,0.0,0.0,0.0,0.0,1.0,1.0,50.0,36.61,1.0,1.0,50.0,36.61,0.0,0.0,0.0,0.0,0.0,0.0,0.0,0.0,0.0,0.0,0.0,0.0,0.0,0.0,0.0,0.0,0.0,0.0,0.0,0.0,1.0,1.0,50.0,36.61,0.0,0.0,0.0,0.0,1.0,1.0,50.0,36.61,0.0,0.0,0.0,0.0,0.0,0.0,0.0,0.0,0.0,0.0,0.0,0.0,0.0,0.0,0.0,0.0,150.0,150.0,0.0,48.81,0.0,0.0,0.0,0.98,0.98,1.5,1.5,,1.0,,0.0,1.0,0.0,,0.0,0.0,0.0,0.0,0.0,0.0
4,新竹御嵿攻城獅,76|87|10886|10887,曾柏喻/蔡宸綱/梁瀚/德魯,1,2,2.0,59.0,0.98,00:59,59.0,0.98,00:59,3.0,3.0,150.0,109.83,3.0,3.0,150.0,109.83,1.0,1.0,50.0,36.61,1.0,1.0,50.0,36.61,0.0,0.0,0.0,0.0,0.0,0.0,0.0,0.0,1.0,1.0,50.0,36.61,1.0,1.0,50.0,36.61,0.0,0.0,0.0,0.0,0.0,0.0,0.0,0.0,0.0,0.0,0.0,0.0,0.0,0.0,0.0,0.0,0.0,0.0,0.0,0.0,1.0,1.0,50.0,36.61,0.0,0.0,0.0,0.0,1.0,1.0,50.0,36.61,0.0,0.0,0.0,0.0,0.0,0.0,0.0,0.0,0.0,0.0,0.0,0.0,0.0,0.0,0.0,0.0,150.0,150.0,0.0,48.81,0.0,0.0,0.0,0.98,0.98,1.5,1.5,,1.0,,0.0,1.0,0.0,,0.0,0.0,0.0,0.0,0.0,0.0
4,新竹御嵿攻城獅,80|87|10886|10887,田浩/蔡宸綱/梁瀚/德魯,1,2,2.0,59.0,0.98,00:59,59.0,0.98,00:59,3.0,3.0,150.0,109.83,3.0,3.0,150.0,109.83,1.0,1.0,50.0,36.61,1.0,1.0,50.0,36.61,0.0,0.0,0.0,0.0,0.0,0.0,0.0,0.0,1.0,1.0,50.0,36.61,1.0,1.0,50.0,36.61,0.0,0.0,0.0,0.0,0.0,0.0,0.0,0.0,0.0,0.0,0.0,0.0,0.0,0.0,0.0,0.0,0.0,0.0,0.0,0.0,1.0,1.0,50.0,36.61,0.0,0.0,0.0,0.0,1.0,1.0,50.0,36.61,0.0,0.0,0.0,0.0,0.0,0.0,0.0,0.0,0.0,0.0,0.0,0.0,0.0,0.0,0.0,0.0,150.0,150.0,0.0,48.81,0.0,0.0,0.0,0.98,0.98,1.5,1.5,,1.0,,0.0,1.0,0.0,,0.0,0.0,0.0,0.0,0.0,0.0
4,新北國王,22|25|29|32,簡祐哲/林金榜/林書緯/奧帝,1,28,35.0,698.71,11.65,11:39,698.71,11.65,11:39,10.0,10.0,28.57,30.91,19.0,19.0,54.29,58.74,12.0,12.0,34.29,37.1,4.0,4.0,11.43,12.37,5.0,5.0,14.29,15.46,3.0,3.0,8.57,9.27,7.0,7.0,20.0,21.64,1.0,1.0,2.86,3.09,2.0,2.0,5.71,6.18,1.0,1.0,2.86,3.09,3.0,3.0,8.57,9.27,6.0,6.0,17.14,18.55,5.0,5.0,14.29,15.46,5.0,5.0,14.29,15.46,3.0,3.0,8.57,9.27,2.0,2.0,5.71,6.18,3.0,3.0,8.57,9.27,0.0,0.0,0.0,0.0,2.0,2.0,5.71,6.18,2.0,2.0,5.71,6.18,28.57,54.29,-25.71,72.13,-9.0,-9.0,-25.71,11.65,11.65,0.38,0.39,0.6,0.14,0.5,0.19,0.5,0.38,0.55,0.47,8.57,0.0,0.06,5.71,0.17
4,新北國王,22|25|32|34,簡祐哲/林金榜/奧帝/沃許本,1,28,35.0,698.71,11.65,11:39,698.71,11.65,11:39,10.0,10.0,28.57,30.91,19.0,19.0,54.29,58.74,12.0,12.0,34.29,37.1,4.0,4.0,11.43,12.37,5.0,5.0,14.29,15.46,3.0,3.0,8.57,9.27,7.0,7.0,20.0,21.64,1.0,1.0,2.86,3.09,2.0,2.0,5.71,6.18,1.0,1.0,2.86,3.09,3.0,3.0,8.57,9.27,6.0,6.0,17.14,18.55,5.0,5.0,14.29,15.46,5.0,5.0,14.29,15.46,3.0,3.0,8.57,9.27,2.0,2.0,5.71,6.18,3.0,3.0,8.57,9.27,0.0,0.0,0.0,0.0,2.0,2.0,5.71,6.18,2.0,2.0,5.71,6.18,28.57,54.29,-25.71,72.13,-9.0,-9.0,-25.71,11.65,11.65,0.38,0.39,0.6,0.14,0.5,0.19,0.5,0.38,0.55,0.47,8.57,0.0,0.06,5.71,0.17
4,新北國王,22|29|32|34,簡祐哲/林書緯/奧帝/沃許本,1,28,35.0,698.71,11.65,11:39,698.71,11.65,11:39,10.0,10.0,28.57,30.91,19.0,19.0,54.29,58.74,12.0,12.0,34.29,37.1,4.0,4.0,11.43,12.37,5.0,5.0,14.29,15.46,3.0,3.0,8.57,9.27,7.0,7.0,20.0,21.64,1.0,1.0,2.86,3.09,2.0,2.0,5.71,6.18,1.0,1.0,2.86,3.09,3.0,3.0,8.57,9.27,6.0,6.0,17.14,18.55,5.0,5.0,14.29,15.46,5.0,5.0,14.29,15.46,3.0,3.0,8.57,9.27,2.0,2.0,5.71,6.18,3.0,3.0,8.57,9.27,0.0,0.0,0.0,0.0,2.0,2.0,5.71,6.18,2.0,2.0,5.71,6.18,28.57,54.29,-25.71,72.13,-9.0,-9.0,-25.71,11.65,11.65,0.38,0.39,0.6,0.14,0.5,0.19,0.5,0.38,0.55,0.47,8.57,0.0,0.06,5.71,0.17
4,新北國王,25|29|32|34,林金榜/林書緯/奧帝/沃許本,4,70,84.0,1344.78,22.41,22:25,336.19,5.6,05:36,28.0,7.0,33.33,44.97,36.0,9.0,42.86,57.82,29.0,7.25,34.52,46.58,10.0,2.5,11.9,16.06,10.0,2.5,11.9,16.06,5.0,1.25,5.95,8.03,19.0,4.75,22.62,30.52,5.0,1.25,5.95,8.03,4.0,1.0,4.76,6.42,3.0,0.75,3.57,4.82,4.0,1.0,4.76,6.42,16.0,4.0,19.05,25.7,9.0,2.25,10.71,14.46,15.0,3.75,17.86,24.09,5.0,1.25,5.95,8.03,6.0,1.5,7.14,9.64,4.0,1.0,4.76,6.42,1.0,0.25,1.19,1.61,5.0,1.25,5.95,8.03,8.0,2.0,9.52,12.85,33.33,42.86,-9.52,89.95,-8.0,-2.0,-9.52,22.41,5.6,0.43,0.46,0.5,0.26,0.75,0.14,0.6,0.21,0.64,0.45,4.76,1.19,0.06,9.52,0.14
4,臺北台新戰神,10|14|10863|10867,雷蒙恩/錢肯尼/魏芃禾/威力斯,3,37,48.0,597.25,9.95,09:57,199.08,3.32,03:19,25.0,8.33,52.08,90.41,18.0,6.0,37.5,65.1,20.0,6.67,41.67,72.33,9.0,3.0,18.75,32.55,13.0,4.33,27.08,47.02,7.0,2.33,14.58,25.32,7.0,2.33,14.58,25.32,2.0,0.67,4.17,7.23,7.0,2.33,14.58,25.32,5.0,1.67,10.42,18.08,6.0,2.0,12.5,21.7,5.0,1.67,10.42,18.08,6.0,2.0,12.5,21.7,6.0,2.0,12.5,21.7,2.0,0.67,4.17,7.23,7.0,2.33,14.58,25.32,1.0,0.33,2.08,3.62,2.0,0.67,4.17,7.23,6.0,2.0,12.5,21.7,4.0,1.33,8.33,14.47,52.08,37.5,14.58,115.73,7.0,2.33,14.58,9.95,3.32,0.5,0.54,0.54,0.29,0.71,0.08,0.78,0.5,0.45,0.48,2.08,4.17,0.12,8.33,0.35
4,臺北台新戰神,10|14|10867|10868,雷蒙恩/錢肯尼/威力斯/齊曼加,3,79,96.0,1340.22,22.34,22:20,446.74,7.45,07:27,44.0,14.67,45.83,70.91,31.0,10.33,32.29,49.96,37.0,12.33,38.54,59.63,17.0,5.67,17.71,27.4,29.0,9.67,30.21,46.74,14.0,4.67,14.58,22.56,8.0,2.67,8.33,12.89,3.0,1.0,3.12,4.84,10.0,3.33,10.42,16.12,7.0,2.33,7.29,11.28,10.0,3.33,10.42,16.12,11.0,3.67,11.46,17.73,6.0,2.0,6.25,9.67,15.0,5.0,15.62,24.18,11.0,3.67,11.46,17.73,8.0,2.67,8.33,12.89,5.0,1.67,5.21,8.06,1.0,0.33,1.04,1.61,12.0,4.0,12.5,19.34,0.0,0.0,0.0,0.0,45.83,32.29,13.54,103.15,13.0,4.33,13.54,22.34,7.45,0.5,0.53,0.48,0.38,0.7,0.21,0.47,0.4,0.65,0.5,5.21,1.04,0.12,0.0,0.27
4,臺北台新戰神,10|10863|10867|10868,雷蒙恩/魏芃禾/威力斯/齊曼加,1,35,43.0,499.05,8.32,08:19,499.05,8.32,08:19,20.0,20.0,46.51,86.56,12.0,12.0,27.91,51.94,18.0,18.0,41.86,77.91,7.0,7.0,16.28,30.3,12.0,12.0,27.91,51.94,6.0,6.0,13.95,25.97,6.0,6.0,13.95,25.97,1.0,1.0,2.33,4.33,7.0,7.0,16.28,30.3,5.0,5.0,11.63,21.64,5.0,5.0,11.63,21.64,7.0,7.0,16.28,30.3,4.0,4.0,9.3,17.31,6.0,6.0,13.95,25.97,2.0,2.0,4.65,8.66,5.0,5.0,11.63,21.64,1.0,1.0,2.33,4.33,2.0,2.0,4.65,8.66,5.0,5.0,11.63,21.64,0.0,0.0,0.0,0.0,46.51,27.91,18.6,124.08,8.0,8.0,18.6,8.32,8.32,0.42,0.47,0.5,0.17,0.71,0.09,0.71,0.45,0.64,0.55,2.33,4.65,0.12,0.0,0.39
4,臺北台新戰神,14|10863|10867|10868,錢肯尼/魏芃禾/威力斯/齊曼加,2,42,52.0,649.05,10.82,10:49,324.52,5.41,05:25,25.0,12.5,48.08,83.2,19.0,9.5,36.54,63.23,23.0,11.5,44.23,76.54,9.0,4.5,17.31,29.95,15.0,7.5,28.85,49.92,7.0,3.5,13.46,23.3,8.0,4.0,15.38,26.62,2.0,1.0,3.85,6.66,7.0,3.5,13.46,23.3,5.0,2.5,9.62,16.64,7.0,3.5,13.46,23.3,8.0,4.0,15.38,26.62,5.0,2.5,9.62,16.64,8.0,4.0,15.38,26.62,3.0,1.5,5.77,9.98,6.0,3.0,11.54,19.97,2.0,1.0,3.85,6.66,1.0,0.5,1.92,3.33,5.0,2.5,9.62,16.64,0.0,0.0,0.0,0.0,48.08,36.54,11.54,115.37,6.0,3.0,11.54,10.82,5.41,0.43,0.48,0.47,0.25,0.71,0.1,0.67,0.47,0.62,0.54,3.85,1.92,0.1,0.0,0.3
4,新北國王,24|34|10872|10876,蘇士軒/沃許本/林彥廷/尚迪,1,39,51.0,601.93,10.03,10:02,601.93,10.03,10:02,19.0,19.0,37.25,68.18,21.0,21.0,41.18,75.36,16.0,16.0,31.37,57.42,8.0,8.0,15.69,28.71,8.0,8.0,15.69,28.71,5.0,5.0,9.8,17.94,8.0,8.0,15.69,28.71,3.0,3.0,5.88,10.77,0.0,0.0,0.0,0.0,0.0,0.0,0.0,0.0,3.0,3.0,5.88,10.77,5.0,5.0,9.8,17.94,8.0,8.0,15.69,28.71,9.0,9.0,17.65,32.3,6.0,6.0,11.76,21.53,6.0,6.0,11.76,21.53,4.0,4.0,7.84,14.35,1.0,1.0,1.96,3.59,2.0,2.0,3.92,7.18,6.0,6.0,11.76,21.53,37.25,41.18,-3.92,122.01,-2.0,-2.0,-3.92,10.03,10.03,0.59,0.59,0.62,0.38,,0.27,0.75,0.25,0.38,0.32,7.84,1.96,0.04,11.76,0.0
4,臺北台新戰神,4|10|10863|10865,張兆辰/雷蒙恩/魏芃禾/謝銘駿,4,31,38.0,427.21,7.12,07:07,106.8,1.78,01:47,11.0,2.75,28.95,55.62,19.0,4.75,50.0,96.07,11.0,2.75,28.95,55.62,2.0,0.5,5.26,10.11,5.0,1.25,13.16,25.28,1.0,0.25,2.63,5.06,6.0,1.5,15.79,30.34,1.0,0.25,2.63,5.06,10.0,2.5,26.32,50.56,6.0,1.5,15.79,30.34,2.0,0.5,5.26,10.11,6.0,1.5,15.79,30.34,2.0,0.5,5.26,10.11,4.0,1.0,10.53,20.22,2.0,0.5,5.26,10.11,1.0,0.25,2.63,5.06,2.0,0.5,5.26,10.11,0.0,0.0,0.0,0.0,5.0,1.25,13.16,25.28,4.0,1.0,10.53,20.22,28.95,50.0,-21.05,128.09,-8.0,-2.0,-21.05,7.12,1.78,0.23,0.36,0.2,0.17,0.6,0.11,0.5,0.33,0.75,0.57,5.26,0.0,0.13,10.53,0.91
4,臺北台新戰神,4|10|10863|10867,張兆辰/雷蒙恩/魏芃禾/威力斯,1,2,2.0,20.0,0.33,00:20,20.0,0.33,00:20,0.0,0.0,0.0,0.0,0.0,0.0,0.0,0.0,1.0,1.0,50.0,108.0,0.0,0.0,0.0,0.0,1.0,1.0,50.0,108.0,0.0,0.0,0.0,0.0,0.0,0.0,0.0,0.0,0.0,0.0,0.0,0.0,0.0,0.0,0.0,0.0,0.0,0.0,0.0,0.0,0.0,0.0,0.0,0.0,1.0,1.0,50.0,108.0,0.0,0.0,0.0,0.0,1.0,1.0,50.0,108.0,0.0,0.0,0.0,0.0,0.0,0.0,0.0,0.0,0.0,0.0,0.0,0.0,0.0,0.0,0.0,0.0,0.0,0.0,0.0,0.0,0.0,0.0,0.0,0.0,0.0,0.0,0.0,144.0,0.0,0.0,0.0,0.33,0.33,0.0,0.0,0.0,,,0.0,,0.0,1.0,0.5,0.0,0.0,0.0,0.0,0.0
4,臺北台新戰神,4|10|10865|10867,張兆辰/雷蒙恩/謝銘駿/威力斯,2,40,43.0,610.48,10.17,10:10,305.24,5.09,05:05,24.0,12.0,55.81,84.92,25.0,12.5,58.14,88.46,18.0,9.0,41.86,63.69,10.0,5.0,23.26,35.38,11.0,5.5,25.58,38.92,8.0,4.0,18.6,28.31,7.0,3.5,16.28,24.77,2.0,1.0,4.65,7.08,4.0,2.0,9.3,14.15,2.0,1.0,4.65,7.08,3.0,1.5,6.98,10.61,6.0,3.0,13.95,21.23,2.0,1.0,4.65,7.08,8.0,4.0,18.6,28.31,2.0,1.0,4.65,7.08,4.0,2.0,9.3,14.15,2.0,1.0,4.65,7.08,0.0,0.0,0.0,0.0,5.0,2.5,11.63,17.69,2.0,1.0,4.65,7.08,55.81,58.14,-2.33,101.43,-1.0,-0.5,-2.33,10.17,5.09,0.61,0.61,0.73,0.29,0.5,0.09,0.4,0.27,0.75,0.47,4.65,0.0,0.12,4.65,0.22
4,臺北台新戰神,4|10863|10865|10867,張兆辰/魏芃禾/謝銘駿/威力斯,1,2,2.0,20.0,0.33,00:20,20.0,0.33,00:20,0.0,0.0,0.0,0.0,0.0,0.0,0.0,0.0,1.0,1.0,50.0,108.0,0.0,0.0,0.0,0.0,1.0,1.0,50.0,108.0,0.0,0.0,0.0,0.0,0.0,0.0,0.0,0.0,0.0,0.0,0.0,0.0,0.0,0.0,0.0,0.0,0.0,0.0,0.0,0.0,0.0,0.0,0.0,0.0,1.0,1.0,50.0,108.0,0.0,0.0,0.0,0.0,1.0,1.0,50.0,108.0,0.0,0.0,0.0,0.0,0.0,0.0,0.0,0.0,0.0,0.0,0.0,0.0,0.0,0.0,0.0,0.0,0.0,0.0,0.0,0.0,0.0,0.0,0.0,0.0,0.0,0.0,0.0,144.0,0.0,0.0,0.0,0.33,0.33,0.0,0.0,0.0,,,0.0,,0.0,1.0,0.5,0.0,0.0,0.0,0.0,0.0
4,新北國王,24|32|10872|10874,蘇士軒/奧帝/林彥廷/熊祥泰,2,15,18.0,533.91,8.9,08:54,266.96,4.45,04:27,5.0,2.5,27.78,20.23,10.0,5.0,55.56,40.46,7.0,3.5,38.89,28.32,2.0,1.0,11.11,8.09,2.0,1.0,11.11,8.09,1.0,0.5,5.56,4.05,5.0,2.5,27.78,20.23,1.0,0.5,5.56,4.05,0.0,0.0,0.0,0.0,0.0,0.0,0.0,0.0,1.0,0.5,5.56,4.05,4.0,2.0,22.22,16.18,1.0,0.5,5.56,4.05,2.0,1.0,11.11,8.09,1.0,0.5,5.56,4.05,1.0,0.5,5.56,4.05,0.0,0.0,0.0,0.0,1.0,0.5,5.56,4.05,1.0,0.5,5.56,4.05,0.0,0.0,0.0,0.0,27.78,55.56,-27.78,48.55,-5.0,-2.5,-27.78,8.9,4.45,0.36,0.36,0.5,0.2,,0.12,0.5,0.33,0.8,0.62,0.0,5.56,0.06,0.0,0.0
4,新北國王,24|32|10872|10876,蘇士軒/奧帝/林彥廷/尚迪,1,27,31.0,735.91,12.27,12:16,735.91,12.27,12:16,10.0,10.0,32.26,29.35,13.0,13.0,41.94,38.16,13.0,13.0,41.94,38.16,4.0,4.0,12.9,11.74,7.0,7.0,22.58,20.55,3.0,3.0,9.68,8.81,6.0,6.0,19.35,17.61,1.0,1.0,3.23,2.94,0.0,0.0,0.0,0.0,0.0,0.0,0.0,0.0,2.0,2.0,6.45,5.87,7.0,7.0,22.58,20.55,2.0,2.0,6.45,5.87,6.0,6.0,19.35,17.61,1.0,1.0,3.23,2.94,2.0,2.0,6.45,5.87,0.0,0.0,0.0,0.0,1.0,1.0,3.23,2.94,2.0,2.0,6.45,5.87,2.0,2.0,6.45,5.87,32.26,41.94,-9.68,60.66,-3.0,-3.0,-9.68,12.27,12.27,0.35,0.38,0.43,0.17,,0.07,0.5,0.25,0.78,0.53,0.0,3.23,0.06,6.45,0.0
4,新北國王,24|32|10874|10876,蘇士軒/奧帝/熊祥泰/尚迪,1,13,16.0,526.91,8.78,08:47,526.91,8.78,08:47,5.0,5.0,31.25,20.5,7.0,7.0,43.75,28.7,6.0,6.0,37.5,24.6,2.0,2.0,12.5,8.2,2.0,2.0,12.5,8.2,1.0,1.0,6.25,4.1,4.0,4.0,25.0,16.4,1.0,1.0,6.25,4.1,0.0,0.0,0.0,0.0,0.0,0.0,0.0,0.0,1.0,1.0,6.25,4.1,3.0,3.0,18.75,12.3,1.0,1.0,6.25,4.1,2.0,2.0,12.5,8.2,2.0,2.0,12.5,8.2,1.0,1.0,6.25,4.1,1.0,1.0,6.25,4.1,1.0,1.0,6.25,4.1,1.0,1.0,6.25,4.1,0.0,0.0,0.0,0.0,31.25,43.75,-12.5,43.73,-2.0,-2.0,-12.5,8.78,8.78,0.42,0.42,0.5,0.25,,0.25,0.5,0.33,0.75,0.57,6.25,6.25,0.06,0.0,0.0
4,新北國王,32|10872|10874|10876,奧帝/林彥廷/熊祥泰/尚迪,1,10,13.0,476.91,7.95,07:57,476.91,7.95,07:57,2.0,2.0,15.38,9.06,5.0,5.0,38.46,22.65,5.0,5.0,38.46,22.65,1.0,1.0,7.69,4.53,2.0,2.0,15.38,9.06,1.0,1.0,7.69,4.53,3.0,3.0,23.08,13.59,0.0,0.0,0.0,0.0,0.0,0.0,0.0,0.0,0.0,0.0,0.0,0.0,1.0,1.0,7.69,4.53,3.0,3.0,23.08,13.59,1.0,1.0,7.69,4.53,2.0,2.0,15.38,9.06,1.0,1.0,7.69,4.53,0.0,0.0,0.0,0.0,0.0,0.0,0.0,0.0,1.0,1.0,7.69,4.53,1.0,1.0,7.69,4.53,0.0,0.0,0.0,0.0,15.38,38.46,-23.08,39.25,-3.0,-3.0,-23.08,7.95,7.95,0.2,0.2,0.5,0.0,,0.17,0.0,0.33,0.75,0.57,0.0,7.69,0.08,0.0,0.0
4,臺北台新戰神,2|4|10865|10867,江均/張兆辰/謝銘駿/威力斯,2,17,24.0,609.53,10.16,10:10,304.77,5.08,05:05,9.0,4.5,37.5,31.89,5.0,2.5,20.83,17.72,9.0,4.5,37.5,31.89,3.0,1.5,12.5,10.63,4.0,2.0,16.67,14.17,1.0,0.5,4.17,3.54,5.0,2.5,20.83,17.72,2.0,1.0,8.33,7.09,2.0,1.0,8.33,7.09,1.0,0.5,4.17,3.54,3.0,1.5,12.5,10.63,4.0,2.0,16.67,14.17,2.0,1.0,8.33,7.09,4.0,2.0,16.67,14.17,2.0,1.0,8.33,7.09,0.0,0.0,0.0,0.0,1.0,0.5,4.17,3.54,1.0,0.5,4.17,3.54,2.0,1.0,8.33,7.09,2.0,1.0,8.33,7.09,37.5,20.83,16.67,56.7,4.0,2.0,16.67,10.16,5.08,0.44,0.46,0.25,0.4,0.5,0.17,0.0,0.43,0.67,0.54,4.17,4.17,0.08,8.33,0.22
4,臺北台新戰神,2|4|10865|10870,江均/張兆辰/謝銘駿/洛夫頓,2,21,28.0,661.53,11.03,11:02,330.77,5.51,05:31,9.0,4.5,32.14,29.39,7.0,3.5,25.0,22.86,10.0,5.0,35.71,32.65,3.0,1.5,10.71,9.8,5.0,2.5,17.86,16.33,1.0,0.5,3.57,3.27,5.0,2.5,17.86,16.33,2.0,1.0,7.14,6.53,2.0,1.0,7.14,6.53,1.0,0.5,3.57,3.27,3.0,1.5,10.71,9.8,5.0,2.5,17.86,16.33,2.0,1.0,7.14,6.53,5.0,2.5,17.86,16.33,3.0,1.5,10.71,9.8,0.0,0.0,0.0,0.0,2.0,1.0,7.14,6.53,2.0,1.0,7.14,6.53,2.0,1.0,7.14,6.53,2.0,1.0,7.14,6.53,32.14,25.0,7.14,60.95,2.0,1.0,7.14,11.03,5.51,0.4,0.41,0.2,0.4,0.5,0.22,0.0,0.38,0.71,0.53,7.14,7.14,0.07,7.14,0.2
4,臺北台新戰神,2|4|10867|10870,江均/張兆辰/威力斯/洛夫頓,2,22,29.0,680.53,11.34,11:21,340.27,5.67,05:40,13.0,6.5,44.83,41.26,10.0,5.0,34.48,31.74,11.0,5.5,37.93,34.91,5.0,2.5,17.24,15.87,6.0,3.0,20.69,19.04,3.0,1.5,10.34,9.52,5.0,2.5,17.24,15.87,2.0,1.0,6.9,6.35,2.0,1.0,6.9,6.35,1.0,0.5,3.45,3.17,3.0,1.5,10.34,9.52,4.0,2.0,13.79,12.7,2.0,1.0,6.9,6.35,4.0,2.0,13.79,12.7,3.0,1.5,10.34,9.52,0.0,0.0,0.0,0.0,1.0,0.5,3.45,3.17,1.0,0.5,3.45,3.17,2.0,1.0,6.9,6.35,2.0,1.0,6.9,6.35,44.83,34.48,10.34,61.36,3.0,1.5,10.34,11.34,5.67,0.55,0.55,0.5,0.4,0.5,0.2,0.0,0.43,0.67,0.54,3.45,3.45,0.07,6.9,0.18
4,臺北台新戰神,2|10865|10867|10870,江均/謝銘駿/威力斯/洛夫頓,2,27,37.0,706.45,11.77,11:46,353.22,5.89,05:53,9.0,4.5,24.32,27.52,11.0,5.5,29.73,33.63,12.0,6.0,32.43,36.69,3.0,1.5,8.11,9.17,7.0,3.5,18.92,21.4,1.0,0.5,2.7,3.06,5.0,2.5,13.51,15.29,2.0,1.0,5.41,6.12,4.0,2.0,10.81,12.23,1.0,0.5,2.7,3.06,3.0,1.5,8.11,9.17,8.0,4.0,21.62,24.46,3.0,1.5,8.11,9.17,5.0,2.5,13.51,15.29,4.0,2.0,10.81,12.23,0.0,0.0,0.0,0.0,3.0,1.5,8.11,9.17,3.0,1.5,8.11,9.17,3.0,1.5,8.11,9.17,3.0,1.5,8.11,9.17,24.32,29.73,-5.41,75.42,-2.0,-1.0,-5.41,11.77,5.89,0.33,0.33,0.14,0.4,0.25,0.23,0.0,0.38,0.73,0.58,8.11,8.11,0.08,8.11,0.33
4,臺北台新戰神,4|10865|10867|10870,張兆辰/謝銘駿/威力斯/洛夫頓,4,116,135.0,2105.0,35.08,35:05,526.25,8.77,08:46,75.0,18.75,55.56,76.96,56.0,14.0,41.48,57.46,51.0,12.75,37.78,52.33,27.0,6.75,20.0,27.71,29.0,7.25,21.48,29.76,18.0,4.5,13.33,18.47,22.0,5.5,16.3,22.57,9.0,2.25,6.67,9.24,15.0,3.75,11.11,15.39,9.0,2.25,6.67,9.24,7.0,1.75,5.19,7.18,20.0,5.0,14.81,20.52,8.0,2.0,5.93,8.21,23.0,5.75,17.04,23.6,6.0,1.5,4.44,6.16,10.0,2.5,7.41,10.26,3.0,0.75,2.22,3.08,1.0,0.25,0.74,1.03,16.0,4.0,11.85,16.42,7.0,1.75,5.19,7.18,55.56,41.48,14.07,92.35,19.0,4.75,14.07,35.08,8.77,0.62,0.65,0.62,0.41,0.6,0.09,0.37,0.23,0.71,0.47,2.22,0.74,0.12,5.19,0.29
4,新北國王,29|32|34|10872,林書緯/奧帝/沃許本/林彥廷,8,150,179.0,2414.11,40.24,40:14,301.76,5.03,05:02,78.0,9.75,43.58,69.79,68.0,8.5,37.99,60.84,68.0,8.5,37.99,60.84,30.0,3.75,16.76,26.84,33.0,4.12,18.44,29.53,19.0,2.38,10.61,17.0,35.0,4.38,19.55,31.32,11.0,1.38,6.15,9.84,12.0,1.5,6.7,10.74,10.0,1.25,5.59,8.95,10.0,1.25,5.59,8.95,29.0,3.62,16.2,25.95,16.0,2.0,8.94,14.32,31.0,3.88,17.32,27.74,13.0,1.62,7.26,11.63,19.0,2.38,10.61,17.0,6.0,0.75,3.35,5.37,2.0,0.25,1.12,1.79,17.0,2.12,9.5,15.21,22.0,2.75,12.29,19.68,43.58,37.99,5.59,106.77,10.0,1.25,5.59,40.24,5.03,0.52,0.53,0.58,0.31,0.83,0.15,0.63,0.24,0.64,0.45,3.35,1.12,0.09,12.29,0.18
4,新北國王,29|32|34|10874,林書緯/奧帝/沃許本/熊祥泰,7,89,108.0,1484.3,24.74,24:44,212.04,3.53,03:32,42.0,6.0,38.89,61.12,33.0,4.71,30.56,48.02,42.0,6.0,38.89,61.12,18.0,2.57,16.67,26.19,24.0,3.43,22.22,34.93,15.0,2.14,13.89,21.83,18.0,2.57,16.67,26.19,3.0,0.43,2.78,4.37,6.0,0.86,5.56,8.73,5.0,0.71,4.63,7.28,7.0,1.0,6.48,10.19,17.0,2.43,15.74,24.74,9.0,1.29,8.33,13.1,22.0,3.14,20.37,32.02,9.0,1.29,8.33,13.1,8.0,1.14,7.41,11.64,2.0,0.29,1.85,2.91,1.0,0.14,0.93,1.46,11.0,1.57,10.19,16.01,12.0,1.71,11.11,17.46,38.89,30.56,8.33,104.78,9.0,1.29,8.33,24.74,3.53,0.46,0.47,0.62,0.17,0.83,0.17,0.44,0.24,0.65,0.44,1.85,0.93,0.1,11.11,0.14
4,新北國王,29|32|10872|10874,林書緯/奧帝/林彥廷/熊祥泰,10,233,268.0,3670.67,61.18,61:11,367.07,6.12,06:07,117.0,11.7,43.66,68.85,122.0,12.2,45.52,71.79,98.0,9.8,36.57,57.67,44.0,4.4,16.42,25.89,48.0,4.8,17.91,28.25,24.0,2.4,8.96,14.12,50.0,5.0,18.66,29.42,20.0,2.0,7.46,11.77,15.0,1.5,5.6,8.83,12.0,1.2,4.48,7.06,12.0,1.2,4.48,7.06,44.0,4.4,16.42,25.89,15.0,1.5,5.6,8.83,48.0,4.8,17.91,28.25,25.0,2.5,9.33,14.71,26.0,2.6,9.7,15.3,9.0,0.9,3.36,5.3,2.0,0.2,0.75,1.18,23.0,2.3,8.58,13.53,48.0,4.8,17.91,28.25,43.66,45.52,-1.87,105.14,-5.0,-0.5,-1.87,61.18,6.12,0.55,0.56,0.5,0.4,0.8,0.19,0.59,0.2,0.75,0.47,3.36,0.75,0.09,17.91,0.15
4,臺北台新戰神,2|4|10865|10868,江均/張兆辰/謝銘駿/齊曼加,1,4,4.0,52.0,0.87,00:52,52.0,0.87,00:52,0.0,0.0,0.0,0.0,2.0,2.0,50.0,83.08,1.0,1.0,25.0,41.54,0.0,0.0,0.0,0.0,1.0,1.0,25.0,41.54,0.0,0.0,0.0,0.0,0.0,0.0,0.0,0.0,0.0,0.0,0.0,0.0,0.0,0.0,0.0,0.0,0.0,0.0,0.0,0.0,0.0,0.0,0.0,0.0,1.0,1.0,25.0,41.54,0.0,0.0,0.0,0.0,1.0,1.0,25.0,41.54,1.0,1.0,25.0,41.54,0.0,0.0,0.0,0.0,1.0,1.0,25.0,41.54,1.0,1.0,25.0,41.54,0.0,0.0,0.0,0.0,0.0,0.0,0.0,0.0,0.0,50.0,-50.0,110.77,-2.0,-2.0,-50.0,0.87,0.87,0.0,0.0,0.0,,,0.5,,0.0,1.0,0.5,25.0,25.0,0.0,0.0,0.0
4,臺北台新戰神,2|4|10868|10870,江均/張兆辰/齊曼加/洛夫頓,1,4,4.0,52.0,0.87,00:52,52.0,0.87,00:52,0.0,0.0,0.0,0.0,2.0,2.0,50.0,83.08,1.0,1.0,25.0,41.54,0.0,0.0,0.0,0.0,1.0,1.0,25.0,41.54,0.0,0.0,0.0,0.0,0.0,0.0,0.0,0.0,0.0,0.0,0.0,0.0,0.0,0.0,0.0,0.0,0.0,0.0,0.0,0.0,0.0,0.0,0.0,0.0,1.0,1.0,25.0,41.54,0.0,0.0,0.0,0.0,1.0,1.0,25.0,41.54,1.0,1.0,25.0,41.54,0.0,0.0,0.0,0.0,1.0,1.0,25.0,41.54,1.0,1.0,25.0,41.54,0.0,0.0,0.0,0.0,0.0,0.0,0.0,0.0,0.0,50.0,-50.0,110.77,-2.0,-2.0,-50.0,0.87,0.87,0.0,0.0,0.0,,,0.5,,0.0,1.0,0.5,25.0,25.0,0.0,0.0,0.0
4,臺北台新戰神,2|10865|10868|10870,江均/謝銘駿/齊曼加/洛夫頓,1,7,8.0,103.59,1.73,01:44,103.59,1.73,01:44,3.0,3.0,37.5,62.56,5.0,5.0,62.5,104.26,3.0,3.0,37.5,62.56,1.0,1.0,12.5,20.85,2.0,2.0,25.0,41.7,1.0,1.0,12.5,20.85,1.0,1.0,12.5,20.85,0.0,0.0,0.0,0.0,0.0,0.0,0.0,0.0,0.0,0.0,0.0,0.0,1.0,1.0,12.5,20.85,1.0,1.0,12.5,20.85,0.0,0.0,0.0,0.0,1.0,1.0,12.5,20.85,1.0,1.0,12.5,20.85,0.0,0.0,0.0,0.0,1.0,1.0,12.5,20.85,1.0,1.0,12.5,20.85,1.0,1.0,12.5,20.85,0.0,0.0,0.0,0.0,37.5,62.5,-25.0,111.21,-2.0,-2.0,-25.0,1.73,1.73,0.33,0.5,0.5,0.0,,0.25,0.0,0.5,1.0,0.67,12.5,12.5,0.12,0.0,0.0
4,新北國王,25|29|34|10872,林金榜/林書緯/沃許本/林彥廷,6,60,77.0,962.85,16.05,16:03,160.47,2.67,02:40,28.0,4.67,36.36,62.81,23.0,3.83,29.87,51.6,25.0,4.17,32.47,56.08,8.0,1.33,10.39,17.95,13.0,2.17,16.88,29.16,5.0,0.83,6.49,11.22,12.0,2.0,15.58,26.92,3.0,0.5,3.9,6.73,10.0,1.67,12.99,22.43,9.0,1.5,11.69,20.19,4.0,0.67,5.19,8.97,13.0,2.17,16.88,29.16,11.0,1.83,14.29,24.68,10.0,1.67,12.99,22.43,2.0,0.33,2.6,4.49,7.0,1.17,9.09,15.7,1.0,0.17,1.3,2.24,1.0,0.17,1.3,2.24,11.0,1.83,14.29,24.68,4.0,0.67,5.19,8.97,36.36,29.87,6.49,115.16,5.0,0.83,6.49,16.05,2.67,0.38,0.48,0.38,0.25,0.9,0.06,0.88,0.29,0.54,0.45,1.3,1.3,0.14,5.19,0.4
4,新北國王,25|29|34|10876,林金榜/林書緯/沃許本/尚迪,1,8,10.0,156.0,2.6,02:36,156.0,2.6,02:36,2.0,2.0,20.0,27.69,3.0,3.0,30.0,41.54,5.0,5.0,50.0,69.23,1.0,1.0,10.0,13.85,1.0,1.0,10.0,13.85,1.0,1.0,10.0,13.85,4.0,4.0,40.0,55.38,0.0,0.0,0.0,0.0,0.0,0.0,0.0,0.0,0.0,0.0,0.0,0.0,2.0,2.0,20.0,27.69,2.0,2.0,20.0,27.69,1.0,1.0,10.0,13.85,2.0,2.0,20.0,27.69,0.0,0.0,0.0,0.0,1.0,1.0,10.0,13.85,0.0,0.0,0.0,0.0,0.0,0.0,0.0,0.0,0.0,0.0,0.0,0.0,0.0,0.0,0.0,0.0,20.0,30.0,-10.0,92.31,-1.0,-1.0,-10.0,2.6,2.6,0.2,0.2,1.0,0.0,,0.0,1.0,0.5,0.67,0.57,0.0,0.0,0.0,0.0,0.0
4,新北國王,25|34|10872|10876,林金榜/沃許本/林彥廷/尚迪,1,4,5.0,59.0,0.98,00:59,59.0,0.98,00:59,2.0,2.0,40.0,73.22,0.0,0.0,0.0,0.0,3.0,3.0,60.0,109.83,1.0,1.0,20.0,36.61,1.0,1.0,20.0,36.61,1.0,1.0,20.0,36.61,2.0,2.0,40.0,73.22,0.0,0.0,0.0,0.0,0.0,0.0,0.0,0.0,0.0,0.0,0.0,0.0,1.0,1.0,20.0,36.61,1.0,1.0,20.0,36.61,1.0,1.0,20.0,36.61,1.0,1.0,20.0,36.61,0.0,0.0,0.0,0.0,1.0,1.0,20.0,36.61,0.0,0.0,0.0,0.0,0.0,0.0,0.0,0.0,0.0,0.0,0.0,0.0,0.0,0.0,0.0,0.0,40.0,0.0,40.0,122.03,2.0,2.0,40.0,0.98,0.98,0.33,0.33,1.0,0.0,,0.0,1.0,0.5,0.5,0.5,0.0,0.0,0.0,0.0,0.0
4,新北國王,22|25|29|10876,簡祐哲/林金榜/林書緯/尚迪,1,2,2.0,49.0,0.82,00:49,49.0,0.82,00:49,0.0,0.0,0.0,0.0,3.0,3.0,150.0,132.24,1.0,1.0,50.0,44.08,0.0,0.0,0.0,0.0,0.0,0.0,0.0,0.0,0.0,0.0,0.0,0.0,1.0,1.0,50.0,44.08,0.0,0.0,0.0,0.0,0.0,0.0,0.0,0.0,0.0,0.0,0.0,0.0,0.0,0.0,0.0,0.0,1.0,1.0,50.0,44.08,0.0,0.0,0.0,0.0,0.0,0.0,0.0,0.0,0.0,0.0,0.0,0.0,0.0,0.0,0.0,0.0,0.0,0.0,0.0,0.0,0.0,0.0,0.0,0.0,0.0,0.0,0.0,0.0,0.0,0.0,0.0,0.0,0.0,150.0,-150.0,58.78,-3.0,-3.0,-150.0,0.82,0.82,0.0,0.0,,0.0,,0.0,,,1.0,1.0,0.0,0.0,0.0,0.0,0.0
4,新北國王,22|25|34|10876,簡祐哲/林金榜/沃許本/尚迪,1,2,2.0,49.0,0.82,00:49,49.0,0.82,00:49,0.0,0.0,0.0,0.0,3.0,3.0,150.0,132.24,1.0,1.0,50.0,44.08,0.0,0.0,0.0,0.0,0.0,0.0,0.0,0.0,0.0,0.0,0.0,0.0,1.0,1.0,50.0,44.08,0.0,0.0,0.0,0.0,0.0,0.0,0.0,0.0,0.0,0.0,0.0,0.0,0.0,0.0,0.0,0.0,1.0,1.0,50.0,44.08,0.0,0.0,0.0,0.0,0.0,0.0,0.0,0.0,0.0,0.0,0.0,0.0,0.0,0.0,0.0,0.0,0.0,0.0,0.0,0.0,0.0,0.0,0.0,0.0,0.0,0.0,0.0,0.0,0.0,0.0,0.0,0.0,0.0,150.0,-150.0,58.78,-3.0,-3.0,-150.0,0.82,0.82,0.0,0.0,,0.0,,0.0,,,1.0,1.0,0.0,0.0,0.0,0.0,0.0
4,新北國王,22|23|29|32,簡祐哲/王柏智/林書緯/奧帝,2,13,18.0,177.92,2.97,02:58,88.96,1.48,01:29,1.0,0.5,5.56,12.14,10.0,5.0,55.56,121.4,5.0,2.5,27.78,60.7,0.0,0.0,0.0,0.0,2.0,1.0,11.11,24.28,0.0,0.0,0.0,0.0,3.0,1.5,16.67,36.42,0.0,0.0,0.0,0.0,2.0,1.0,11.11,24.28,1.0,0.5,5.56,12.14,2.0,1.0,11.11,24.28,3.0,1.5,16.67,36.42,3.0,1.5,16.67,36.42,1.0,0.5,5.56,12.14,2.0,1.0,11.11,24.28,0.0,0.0,0.0,0.0,1.0,0.5,5.56,12.14,0.0,0.0,0.0,0.0,2.0,1.0,11.11,24.28,4.0,2.0,22.22,48.56,5.56,55.56,-50.0,145.68,-9.0,-4.5,-50.0,2.97,1.48,0.0,0.09,0.0,0.0,0.5,0.25,,0.67,0.5,0.56,5.56,0.0,0.11,22.22,0.4
4,新北國王,22|23|32|10876,簡祐哲/王柏智/奧帝/尚迪,1,10,12.0,123.92,2.07,02:04,123.92,2.07,02:04,3.0,3.0,25.0,52.29,9.0,9.0,75.0,156.87,4.0,4.0,33.33,69.72,1.0,1.0,8.33,17.43,2.0,2.0,16.67,34.86,0.0,0.0,0.0,0.0,2.0,2.0,16.67,34.86,1.0,1.0,8.33,17.43,0.0,0.0,0.0,0.0,0.0,0.0,0.0,0.0,1.0,1.0,8.33,17.43,2.0,2.0,16.67,34.86,1.0,1.0,8.33,17.43,0.0,0.0,0.0,0.0,1.0,1.0,8.33,17.43,1.0,1.0,8.33,17.43,1.0,1.0,8.33,17.43,1.0,1.0,8.33,17.43,2.0,2.0,16.67,34.86,6.0,6.0,50.0,104.58,25.0,75.0,-50.0,139.44,-6.0,-6.0,-50.0,2.07,2.07,0.38,0.38,0.0,0.5,,0.2,1.0,1.0,0.67,0.75,8.33,8.33,0.17,50.0,0.0
4,新北國王,22|29|32|10876,簡祐哲/林書緯/奧帝/尚迪,1,16,19.0,249.92,4.17,04:10,249.92,4.17,04:10,7.0,7.0,36.84,60.5,9.0,9.0,47.37,77.78,7.0,7.0,36.84,60.5,3.0,3.0,15.79,25.93,5.0,5.0,26.32,43.21,2.0,2.0,10.53,17.29,2.0,2.0,10.53,17.29,1.0,1.0,5.26,8.64,0.0,0.0,0.0,0.0,0.0,0.0,0.0,0.0,0.0,0.0,0.0,0.0,4.0,4.0,21.05,34.57,3.0,3.0,15.79,25.93,3.0,3.0,15.79,25.93,1.0,1.0,5.26,8.64,1.0,1.0,5.26,8.64,1.0,1.0,5.26,8.64,0.0,0.0,0.0,0.0,1.0,1.0,5.26,8.64,6.0,6.0,31.58,51.86,36.84,47.37,-10.53,109.47,-2.0,-2.0,-10.53,4.17,4.17,0.5,0.5,0.4,0.5,,0.12,0.33,0.0,0.57,0.4,5.26,0.0,0.05,31.58,0.0
4,新北國王,23|29|32|10876,王柏智/林書緯/奧帝/尚迪,1,7,8.0,68.92,1.15,01:09,68.92,1.15,01:09,0.0,0.0,0.0,0.0,6.0,6.0,75.0,188.04,2.0,2.0,25.0,62.68,0.0,0.0,0.0,0.0,1.0,1.0,12.5,31.34,0.0,0.0,0.0,0.0,1.0,1.0,12.5,31.34,0.0,0.0,0.0,0.0,0.0,0.0,0.0,0.0,0.0,0.0,0.0,0.0,0.0,0.0,0.0,0.0,2.0,2.0,25.0,62.68,1.0,1.0,12.5,31.34,0.0,0.0,0.0,0.0,1.0,1.0,12.5,31.34,0.0,0.0,0.0,0.0,1.0,1.0,12.5,31.34,0.0,0.0,0.0,0.0,1.0,1.0,12.5,31.34,4.0,4.0,50.0,125.36,0.0,75.0,-75.0,167.15,-6.0,-6.0,-75.0,1.15,1.15,0.0,0.0,0.0,0.0,,0.33,,,0.67,0.67,12.5,0.0,0.12,50.0,0.0
4,新北國王,22|23|32|10872,簡祐哲/王柏智/奧帝/林彥廷,2,14,19.0,241.0,4.02,04:01,120.5,2.01,02:00,6.0,3.0,31.58,53.78,9.0,4.5,47.37,80.66,7.0,3.5,36.84,62.74,2.0,1.0,10.53,17.93,4.0,2.0,21.05,35.85,1.0,0.5,5.26,8.96,3.0,1.5,15.79,26.89,1.0,0.5,5.26,8.96,2.0,1.0,10.53,17.93,1.0,0.5,5.26,8.96,3.0,1.5,15.79,26.89,2.0,1.0,10.53,17.93,2.0,1.0,10.53,17.93,2.0,1.0,10.53,17.93,1.0,0.5,5.26,8.96,2.0,1.0,10.53,17.93,0.0,0.0,0.0,0.0,1.0,0.5,5.26,8.96,2.0,1.0,10.53,17.93,2.0,1.0,10.53,17.93,31.58,47.37,-15.79,113.53,-3.0,-1.5,-15.79,4.02,2.01,0.36,0.38,0.25,0.33,0.5,0.11,1.0,0.6,0.5,0.56,0.0,5.26,0.11,10.53,0.29
4,新北國王,22|32|10872|10876,簡祐哲/奧帝/林彥廷/尚迪,1,20,24.0,364.0,6.07,06:04,364.0,6.07,06:04,11.0,11.0,45.83,65.27,11.0,11.0,45.83,65.27,11.0,11.0,45.83,65.27,4.0,4.0,16.67,23.74,7.0,7.0,29.17,41.54,2.0,2.0,8.33,11.87,4.0,4.0,16.67,23.74,2.0,2.0,8.33,11.87,0.0,0.0,0.0,0.0,0.0,0.0,0.0,0.0,2.0,2.0,8.33,11.87,5.0,5.0,20.83,29.67,2.0,2.0,8.33,11.87,5.0,5.0,20.83,29.67,0.0,0.0,0.0,0.0,2.0,2.0,8.33,11.87,0.0,0.0,0.0,0.0,1.0,1.0,4.17,5.93,2.0,2.0,8.33,11.87,6.0,6.0,25.0,35.6,45.83,45.83,0.0,94.95,0.0,0.0,0.0,6.07,6.07,0.45,0.5,0.29,0.5,,0.0,0.5,0.29,0.71,0.5,0.0,4.17,0.08,25.0,0.0
4,新北國王,23|32|10872|10876,王柏智/奧帝/林彥廷/尚迪,1,3,4.0,55.0,0.92,00:55,55.0,0.92,00:55,3.0,3.0,75.0,117.82,3.0,3.0,75.0,117.82,2.0,2.0,50.0,78.55,1.0,1.0,25.0,39.27,1.0,1.0,25.0,39.27,0.0,0.0,0.0,0.0,1.0,1.0,25.0,39.27,1.0,1.0,25.0,39.27,0.0,0.0,0.0,0.0,0.0,0.0,0.0,0.0,1.0,1.0,25.0,39.27,0.0,0.0,0.0,0.0,0.0,0.0,0.0,0.0,0.0,0.0,0.0,0.0,0.0,0.0,0.0,0.0,1.0,1.0,25.0,39.27,0.0,0.0,0.0,0.0,1.0,1.0,25.0,39.27,1.0,1.0,25.0,39.27,2.0,2.0,50.0,78.55,75.0,75.0,0.0,104.73,0.0,0.0,0.0,0.92,0.92,0.75,0.75,0.0,1.0,,0.0,1.0,1.0,,1.0,0.0,25.0,0.25,50.0,0.0
4,新北國王,22|24|34|10872,簡祐哲/蘇士軒/沃許本/林彥廷,1,2,4.0,56.0,0.93,00:56,56.0,0.93,00:56,0.0,0.0,0.0,0.0,2.0,2.0,50.0,77.14,2.0,2.0,50.0,77.14,0.0,0.0,0.0,0.0,0.0,0.0,0.0,0.0,0.0,0.0,0.0,0.0,2.0,2.0,50.0,77.14,0.0,0.0,0.0,0.0,0.0,0.0,0.0,0.0,0.0,0.0,0.0,0.0,1.0,1.0,25.0,38.57,1.0,1.0,25.0,38.57,2.0,2.0,50.0,77.14,1.0,1.0,25.0,38.57,0.0,0.0,0.0,0.0,0.0,0.0,0.0,0.0,0.0,0.0,0.0,0.0,0.0,0.0,0.0,0.0,0.0,0.0,0.0,0.0,1.0,1.0,25.0,38.57,0.0,50.0,-50.0,102.86,-2.0,-2.0,-50.0,0.93,0.93,0.0,0.0,,0.0,,0.0,,0.5,0.33,0.4,0.0,0.0,0.0,25.0,0.0
4,新北國王,22|24|10872|10876,簡祐哲/蘇士軒/林彥廷/尚迪,1,10,13.0,184.0,3.07,03:04,184.0,3.07,03:04,1.0,1.0,7.69,11.74,7.0,7.0,53.85,82.17,6.0,6.0,46.15,70.43,0.0,0.0,0.0,0.0,2.0,2.0,15.38,23.48,0.0,0.0,0.0,0.0,4.0,4.0,30.77,46.96,0.0,0.0,0.0,0.0,0.0,0.0,0.0,0.0,0.0,0.0,0.0,0.0,2.0,2.0,15.38,23.48,4.0,4.0,30.77,46.96,2.0,2.0,15.38,23.48,3.0,3.0,23.08,35.22,0.0,0.0,0.0,0.0,0.0,0.0,0.0,0.0,0.0,0.0,0.0,0.0,0.0,0.0,0.0,0.0,1.0,1.0,7.69,11.74,3.0,3.0,23.08,35.22,7.69,53.85,-46.15,101.74,-6.0,-6.0,-46.15,3.07,3.07,0.0,0.08,0.0,0.0,,0.0,,0.4,0.67,0.55,0.0,0.0,0.08,23.08,0.0
4,臺北台新戰神,10|10865|10867|10868,雷蒙恩/謝銘駿/威力斯/齊曼加,3,27,32.0,353.57,5.89,05:54,117.86,1.96,01:58,7.0,2.33,21.88,42.76,14.0,4.67,43.75,85.53,12.0,4.0,37.5,73.31,2.0,0.67,6.25,12.22,7.0,2.33,21.88,42.76,2.0,0.67,6.25,12.22,5.0,1.67,15.62,30.55,0.0,0.0,0.0,0.0,3.0,1.0,9.38,18.33,3.0,1.0,9.38,18.33,2.0,0.67,6.25,12.22,8.0,2.67,25.0,48.87,3.0,1.0,9.38,18.33,4.0,1.33,12.5,24.44,0.0,0.0,0.0,0.0,1.0,0.33,3.12,6.11,0.0,0.0,0.0,0.0,1.0,0.33,3.12,6.11,2.0,0.67,6.25,12.22,4.0,1.33,12.5,24.44,21.88,43.75,-21.88,130.33,-7.0,-2.33,-21.88,5.89,1.96,0.17,0.26,0.29,0.0,1.0,0.0,0.5,0.33,0.73,0.59,0.0,3.12,0.06,12.5,0.25
4,臺北台新戰神,10863|10865|10867|10868,魏芃禾/謝銘駿/威力斯/齊曼加,2,21,23.0,278.0,4.63,04:38,139.0,2.32,02:19,5.0,2.5,21.74,38.85,11.0,5.5,47.83,85.47,11.0,5.5,47.83,85.47,2.0,1.0,8.7,15.54,5.0,2.5,21.74,38.85,1.0,0.5,4.35,7.77,6.0,3.0,26.09,46.62,1.0,0.5,4.35,7.77,0.0,0.0,0.0,0.0,0.0,0.0,0.0,0.0,2.0,1.0,8.7,15.54,7.0,3.5,30.43,54.39,1.0,0.5,4.35,7.77,4.0,2.0,17.39,31.08,1.0,0.5,4.35,7.77,1.0,0.5,4.35,7.77,1.0,0.5,4.35,7.77,1.0,0.5,4.35,7.77,0.0,0.0,0.0,0.0,0.0,0.0,0.0,0.0,21.74,47.83,-26.09,119.14,-6.0,-3.0,-26.09,4.63,2.32,0.23,0.23,0.2,0.17,,0.08,0.5,0.33,0.88,0.64,4.35,4.35,0.0,0.0,0.0
4,臺北台新戰神,2|10|10865|10868,江均/雷蒙恩/謝銘駿/齊曼加,1,3,4.0,51.59,0.86,00:52,51.59,0.86,00:52,3.0,3.0,75.0,125.62,3.0,3.0,75.0,125.62,2.0,2.0,50.0,83.74,1.0,1.0,25.0,41.87,1.0,1.0,25.0,41.87,1.0,1.0,25.0,41.87,1.0,1.0,25.0,41.87,0.0,0.0,0.0,0.0,0.0,0.0,0.0,0.0,0.0,0.0,0.0,0.0,1.0,1.0,25.0,41.87,0.0,0.0,0.0,0.0,0.0,0.0,0.0,0.0,0.0,0.0,0.0,0.0,0.0,0.0,0.0,0.0,0.0,0.0,0.0,0.0,0.0,0.0,0.0,0.0,0.0,0.0,0.0,0.0,1.0,1.0,25.0,41.87,0.0,0.0,0.0,0.0,75.0,75.0,0.0,111.66,0.0,0.0,0.0,0.86,0.86,0.5,0.75,1.0,0.0,,0.0,0.0,1.0,,1.0,0.0,0.0,0.25,0.0,0.0
4,臺北台新戰神,2|10|10868|10870,江均/雷蒙恩/齊曼加/洛夫頓,1,3,4.0,51.59,0.86,00:52,51.59,0.86,00:52,3.0,3.0,75.0,125.62,3.0,3.0,75.0,125.62,2.0,2.0,50.0,83.74,1.0,1.0,25.0,41.87,1.0,1.0,25.0,41.87,1.0,1.0,25.0,41.87,1.0,1.0,25.0,41.87,0.0,0.0,0.0,0.0,0.0,0.0,0.0,0.0,0.0,0.0,0.0,0.0,1.0,1.0,25.0,41.87,0.0,0.0,0.0,0.0,0.0,0.0,0.0,0.0,0.0,0.0,0.0,0.0,0.0,0.0,0.0,0.0,0.0,0.0,0.0,0.0,0.0,0.0,0.0,0.0,0.0,0.0,0.0,0.0,1.0,1.0,25.0,41.87,0.0,0.0,0.0,0.0,75.0,75.0,0.0,111.66,0.0,0.0,0.0,0.86,0.86,0.5,0.75,1.0,0.0,,0.0,0.0,1.0,,1.0,0.0,0.0,0.25,0.0,0.0
4,臺北台新戰神,4|10|10863|10868,張兆辰/雷蒙恩/魏芃禾/齊曼加,1,1,2.0,1.23,0.02,00:01,1.23,0.02,00:01,0.0,0.0,0.0,0.0,0.0,0.0,0.0,0.0,1.0,1.0,50.0,1753.25,0.0,0.0,0.0,0.0,0.0,0.0,0.0,0.0,0.0,0.0,0.0,0.0,1.0,1.0,50.0,1753.25,0.0,0.0,0.0,0.0,0.0,0.0,0.0,0.0,0.0,0.0,0.0,0.0,0.0,0.0,0.0,0.0,0.0,0.0,0.0,0.0,0.0,0.0,0.0,0.0,0.0,0.0,0.0,0.0,0.0,0.0,0.0,0.0,0.0,0.0,0.0,0.0,0.0,0.0,0.0,0.0,0.0,0.0,0.0,0.0,0.0,0.0,0.0,0.0,0.0,0.0,0.0,0.0,0.0,0.0,0.0,2337.66,0.0,0.0,0.0,0.02,0.02,0.0,0.0,,0.0,,0.0,,,,,0.0,0.0,0.0,0.0,0.0
4,臺北台新戰神,4|10863|10865|10868,張兆辰/魏芃禾/謝銘駿/齊曼加,1,1,2.0,1.23,0.02,00:01,1.23,0.02,00:01,0.0,0.0,0.0,0.0,0.0,0.0,0.0,0.0,1.0,1.0,50.0,1753.25,0.0,0.0,0.0,0.0,0.0,0.0,0.0,0.0,0.0,0.0,0.0,0.0,1.0,1.0,50.0,1753.25,0.0,0.0,0.0,0.0,0.0,0.0,0.0,0.0,0.0,0.0,0.0,0.0,0.0,0.0,0.0,0.0,0.0,0.0,0.0,0.0,0.0,0.0,0.0,0.0,0.0,0.0,0.0,0.0,0.0,0.0,0.0,0.0,0.0,0.0,0.0,0.0,0.0,0.0,0.0,0.0,0.0,0.0,0.0,0.0,0.0,0.0,0.0,0.0,0.0,0.0,0.0,0.0,0.0,0.0,0.0,2337.66,0.0,0.0,0.0,0.02,0.02,0.0,0.0,,0.0,,0.0,,,,,0.0,0.0,0.0,0.0,0.0
4,新北國王,25|29|32|10872,林金榜/林書緯/奧帝/林彥廷,4,36,42.0,525.89,8.76,08:46,131.47,2.19,02:11,13.0,3.25,30.95,53.4,18.0,4.5,42.86,73.93,13.0,3.25,30.95,53.4,4.0,1.0,9.52,16.43,3.0,0.75,7.14,12.32,1.0,0.25,2.38,4.11,10.0,2.5,23.81,41.07,3.0,0.75,7.14,12.32,2.0,0.5,4.76,8.21,2.0,0.5,4.76,8.21,1.0,0.25,2.38,4.11,8.0,2.0,19.05,32.86,3.0,0.75,7.14,12.32,6.0,1.5,14.29,24.64,3.0,0.75,7.14,12.32,3.0,0.75,7.14,12.32,1.0,0.25,2.38,4.11,1.0,0.25,2.38,4.11,3.0,0.75,7.14,12.32,4.0,1.0,9.52,16.43,30.95,42.86,-11.9,115.01,-5.0,-1.25,-11.9,8.76,2.19,0.42,0.47,0.33,0.3,1.0,0.18,0.75,0.14,0.73,0.5,2.38,2.38,0.07,9.52,0.15
4,新北國王,25|32|34|10872,林金榜/奧帝/沃許本/林彥廷,4,39,50.0,620.0,10.33,10:20,155.0,2.58,02:35,17.0,4.25,34.0,59.23,18.0,4.5,36.0,62.71,18.0,4.5,36.0,62.71,5.0,1.25,10.0,17.42,5.0,1.25,10.0,17.42,2.0,0.5,4.0,6.97,13.0,3.25,26.0,45.29,3.0,0.75,6.0,10.45,4.0,1.0,8.0,13.94,4.0,1.0,8.0,13.94,2.0,0.5,4.0,6.97,11.0,2.75,22.0,38.32,4.0,1.0,8.0,13.94,9.0,2.25,18.0,31.35,1.0,0.25,2.0,3.48,3.0,0.75,6.0,10.45,0.0,0.0,0.0,0.0,2.0,0.5,4.0,6.97,4.0,1.0,8.0,13.94,6.0,1.5,12.0,20.9,34.0,36.0,-2.0,116.13,-1.0,-0.25,-2.0,10.33,2.58,0.36,0.43,0.4,0.23,1.0,0.05,0.6,0.18,0.73,0.5,0.0,4.0,0.08,12.0,0.22
4,臺北台新戰神,4|10|14|10865,張兆辰/雷蒙恩/錢肯尼/謝銘駿,1,1,1.0,0.96,0.02,00:01,0.96,0.02,00:01,0.0,0.0,0.0,0.0,2.0,2.0,200.0,4500.0,0.0,0.0,0.0,0.0,0.0,0.0,0.0,0.0,0.0,0.0,0.0,0.0,0.0,0.0,0.0,0.0,0.0,0.0,0.0,0.0,0.0,0.0,0.0,0.0,0.0,0.0,0.0,0.0,0.0,0.0,0.0,0.0,0.0,0.0,0.0,0.0,0.0,0.0,0.0,0.0,0.0,0.0,0.0,0.0,0.0,0.0,0.0,0.0,0.0,0.0,0.0,0.0,0.0,0.0,0.0,0.0,0.0,0.0,0.0,0.0,0.0,0.0,0.0,0.0,0.0,0.0,0.0,0.0,2.0,2.0,200.0,4500.0,0.0,200.0,-200.0,1500.0,-2.0,-2.0,-200.0,0.02,0.02,,,,,,,,,,,0.0,0.0,0.0,200.0,
4,臺北台新戰神,14|10863|10865|10867,錢肯尼/魏芃禾/謝銘駿/威力斯,2,20,24.0,338.69,5.64,05:39,169.35,2.82,02:49,12.0,6.0,50.0,76.53,12.0,6.0,50.0,76.53,12.0,6.0,50.0,76.53,4.0,2.0,16.67,25.51,6.0,3.0,25.0,38.26,2.0,1.0,8.33,12.75,6.0,3.0,25.0,38.26,2.0,1.0,8.33,12.75,2.0,1.0,8.33,12.75,2.0,1.0,8.33,12.75,3.0,1.5,12.5,19.13,5.0,2.5,20.83,31.89,1.0,0.5,4.17,6.38,5.0,2.5,20.83,31.89,1.0,0.5,4.17,6.38,3.0,1.5,12.5,19.13,1.0,0.5,4.17,6.38,0.0,0.0,0.0,0.0,1.0,0.5,4.17,6.38,0.0,0.0,0.0,0.0,50.0,50.0,0.0,102.04,0.0,0.0,0.0,5.64,2.82,0.42,0.47,0.33,0.33,1.0,0.07,0.75,0.38,0.83,0.57,4.17,0.0,0.04,0.0,0.17
4,臺北台新戰神,14|10865|10867|10868,錢肯尼/謝銘駿/威力斯/齊曼加,2,23,30.0,409.89,6.83,06:50,204.94,3.42,03:25,15.0,7.5,50.0,79.05,15.0,7.5,50.0,79.05,13.0,6.5,43.33,68.51,6.0,3.0,20.0,31.62,7.0,3.5,23.33,36.89,3.0,1.5,10.0,15.81,6.0,3.0,20.0,31.62,3.0,1.5,10.0,15.81,1.0,0.5,3.33,5.27,0.0,0.0,0.0,0.0,3.0,1.5,10.0,15.81,5.0,2.5,16.67,26.35,2.0,1.0,6.67,10.54,4.0,2.0,13.33,21.08,2.0,1.0,6.67,10.54,4.0,2.0,13.33,21.08,2.0,1.0,6.67,10.54,0.0,0.0,0.0,0.0,3.0,1.5,10.0,15.81,2.0,1.0,6.67,10.54,50.0,50.0,0.0,105.39,0.0,0.0,0.0,6.83,3.42,0.58,0.56,0.43,0.5,0.0,0.13,0.67,0.43,0.71,0.57,6.67,0.0,0.1,6.67,0.08
4,臺北台新戰神,4|14|10865|10867,張兆辰/錢肯尼/謝銘駿/威力斯,3,53,62.0,755.98,12.6,12:36,252.0,4.2,04:12,30.0,10.0,48.39,85.72,20.0,6.67,32.26,57.14,20.0,6.67,32.26,57.14,9.0,3.0,14.52,25.71,11.0,3.67,17.74,31.43,5.0,1.67,8.06,14.29,9.0,3.0,14.52,25.71,4.0,1.33,6.45,11.43,8.0,2.67,12.9,22.86,5.0,1.67,8.06,14.29,1.0,0.33,1.61,2.86,11.0,3.67,17.74,31.43,4.0,1.33,6.45,11.43,12.0,4.0,19.35,34.29,2.0,0.67,3.23,5.71,5.0,1.67,8.06,14.29,0.0,0.0,0.0,0.0,0.0,0.0,0.0,0.0,8.0,2.67,12.9,22.86,3.0,1.0,4.84,8.57,48.39,32.26,16.13,118.1,10.0,3.33,16.13,12.6,4.2,0.55,0.64,0.45,0.44,0.62,0.08,0.56,0.08,0.73,0.43,0.0,0.0,0.13,4.84,0.4
4,新北國王,24|29|32|10872,蘇士軒/林書緯/奧帝/林彥廷,5,57,66.0,921.09,15.35,15:21,184.22,3.07,03:04,31.0,6.2,46.97,72.7,34.0,6.8,51.52,79.73,24.0,4.8,36.36,56.28,13.0,2.6,19.7,30.49,13.0,2.6,19.7,30.49,8.0,1.6,12.12,18.76,11.0,2.2,16.67,25.8,5.0,1.0,7.58,11.73,0.0,0.0,0.0,0.0,0.0,0.0,0.0,0.0,4.0,0.8,6.06,9.38,7.0,1.4,10.61,16.42,3.0,0.6,4.55,7.04,14.0,2.8,21.21,32.83,8.0,1.6,12.12,18.76,6.0,1.2,9.09,14.07,5.0,1.0,7.58,11.73,1.0,0.2,1.52,2.35,2.0,0.4,3.03,4.69,11.0,2.2,16.67,25.8,46.97,51.52,-4.55,103.18,-3.0,-0.6,-4.55,15.35,3.07,0.65,0.65,0.62,0.45,,0.25,0.46,0.22,0.7,0.39,7.58,1.52,0.03,16.67,0.0
4,新北國王,24|29|32|10876,蘇士軒/林書緯/奧帝/尚迪,1,12,12.0,181.0,3.02,03:01,181.0,3.02,03:01,10.0,10.0,83.33,119.34,5.0,5.0,41.67,59.67,5.0,5.0,41.67,59.67,4.0,4.0,33.33,47.73,3.0,3.0,25.0,35.8,2.0,2.0,16.67,23.87,2.0,2.0,16.67,23.87,2.0,2.0,16.67,23.87,0.0,0.0,0.0,0.0,0.0,0.0,0.0,0.0,0.0,0.0,0.0,0.0,1.0,1.0,8.33,11.93,1.0,1.0,8.33,11.93,2.0,2.0,16.67,23.87,1.0,1.0,8.33,11.93,3.0,3.0,25.0,35.8,1.0,1.0,8.33,11.93,0.0,0.0,0.0,0.0,0.0,0.0,0.0,0.0,0.0,0.0,0.0,0.0,83.33,41.67,41.67,95.47,5.0,5.0,41.67,3.02,3.02,1.0,1.0,0.67,1.0,,0.17,0.75,0.0,0.5,0.25,8.33,0.0,0.0,0.0,0.0
4,新北國王,29|32|10872|10876,林書緯/奧帝/林彥廷/尚迪,1,18,20.0,312.0,5.2,05:12,312.0,5.2,05:12,14.0,14.0,70.0,96.92,6.0,6.0,30.0,41.54,9.0,9.0,45.0,62.31,6.0,6.0,30.0,41.54,7.0,7.0,35.0,48.46,4.0,4.0,20.0,27.69,2.0,2.0,10.0,13.85,2.0,2.0,10.0,13.85,0.0,0.0,0.0,0.0,0.0,0.0,0.0,0.0,0.0,0.0,0.0,0.0,3.0,3.0,15.0,20.77,3.0,3.0,15.0,20.77,5.0,5.0,25.0,34.62,0.0,0.0,0.0,0.0,3.0,3.0,15.0,20.77,0.0,0.0,0.0,0.0,0.0,0.0,0.0,0.0,0.0,0.0,0.0,0.0,2.0,2.0,10.0,13.85,70.0,30.0,40.0,92.31,8.0,8.0,40.0,5.2,5.2,0.78,0.78,0.57,1.0,,0.0,0.5,0.0,0.5,0.27,0.0,0.0,0.0,10.0,0.0
4,新北國王,22|24|32|10872,簡祐哲/蘇士軒/奧帝/林彥廷,2,23,27.0,373.05,6.22,06:13,186.52,3.11,03:07,6.0,3.0,22.22,34.74,16.0,8.0,59.26,92.64,13.0,6.5,48.15,75.27,2.0,1.0,7.41,11.58,7.0,3.5,25.93,40.53,1.0,0.5,3.7,5.79,6.0,3.0,22.22,34.74,1.0,0.5,3.7,5.79,0.0,0.0,0.0,0.0,0.0,0.0,0.0,0.0,3.0,1.5,11.11,17.37,8.0,4.0,29.63,46.32,0.0,0.0,0.0,0.0,4.0,2.0,14.81,23.16,1.0,0.5,3.7,5.79,1.0,0.5,3.7,5.79,1.0,0.5,3.7,5.79,2.0,1.0,7.41,11.58,2.0,1.0,7.41,11.58,4.0,2.0,14.81,23.16,22.22,59.26,-37.04,104.22,-10.0,-5.0,-37.04,6.22,3.11,0.19,0.23,0.14,0.17,,0.07,0.5,0.43,1.0,0.73,3.7,7.41,0.07,14.81,0.0
4,新北國王,22|24|32|10876,簡祐哲/蘇士軒/奧帝/尚迪,1,8,9.0,128.0,2.13,02:08,128.0,2.13,02:08,1.0,1.0,11.11,16.87,5.0,5.0,55.56,84.37,4.0,4.0,44.44,67.5,0.0,0.0,0.0,0.0,2.0,2.0,22.22,33.75,0.0,0.0,0.0,0.0,2.0,2.0,22.22,33.75,0.0,0.0,0.0,0.0,0.0,0.0,0.0,0.0,0.0,0.0,0.0,0.0,1.0,1.0,11.11,16.87,3.0,3.0,33.33,50.62,0.0,0.0,0.0,0.0,2.0,2.0,22.22,33.75,0.0,0.0,0.0,0.0,0.0,0.0,0.0,0.0,0.0,0.0,0.0,0.0,0.0,0.0,0.0,0.0,1.0,1.0,11.11,16.87,2.0,2.0,22.22,33.75,11.11,55.56,-44.44,101.25,-4.0,-4.0,-44.44,2.13,2.13,0.0,0.12,0.0,0.0,,0.0,,0.33,1.0,0.67,0.0,0.0,0.11,22.22,0.0
4,新北國王,24|25|29|34,蘇士軒/林金榜/林書緯/沃許本,2,12,14.0,187.94,3.13,03:08,93.97,1.57,01:34,5.0,2.5,35.71,57.47,2.0,1.0,14.29,22.99,4.0,2.0,28.57,45.97,1.0,0.5,7.14,11.49,1.0,0.5,7.14,11.49,0.0,0.0,0.0,0.0,3.0,1.5,21.43,34.48,1.0,0.5,7.14,11.49,2.0,1.0,14.29,22.99,2.0,1.0,14.29,22.99,1.0,0.5,7.14,11.49,2.0,1.0,14.29,22.99,1.0,0.5,7.14,11.49,5.0,2.5,35.71,57.47,1.0,0.5,7.14,11.49,1.0,0.5,7.14,11.49,0.0,0.0,0.0,0.0,0.0,0.0,0.0,0.0,1.0,0.5,7.14,11.49,0.0,0.0,0.0,0.0,35.71,14.29,21.43,107.27,3.0,1.5,21.43,3.13,1.57,0.38,0.51,0.0,0.33,1.0,0.17,1.0,0.17,0.67,0.33,0.0,0.0,0.07,0.0,0.5
4,新北國王,24|25|29|10876,蘇士軒/林金榜/林書緯/尚迪,1,2,3.0,48.0,0.8,00:48,48.0,0.8,00:48,0.0,0.0,0.0,0.0,0.0,0.0,0.0,0.0,1.0,1.0,33.33,45.0,0.0,0.0,0.0,0.0,0.0,0.0,0.0,0.0,0.0,0.0,0.0,0.0,1.0,1.0,33.33,45.0,0.0,0.0,0.0,0.0,0.0,0.0,0.0,0.0,0.0,0.0,0.0,0.0,1.0,1.0,33.33,45.0,0.0,0.0,0.0,0.0,0.0,0.0,0.0,0.0,1.0,1.0,33.33,45.0,0.0,0.0,0.0,0.0,0.0,0.0,0.0,0.0,0.0,0.0,0.0,0.0,0.0,0.0,0.0,0.0,0.0,0.0,0.0,0.0,0.0,0.0,0.0,0.0,0.0,0.0,0.0,90.0,0.0,0.0,0.0,0.8,0.8,0.0,0.0,,0.0,,0.0,,0.5,,0.5,0.0,0.0,0.0,0.0,0.0
4,新北國王,24|25|34|10876,蘇士軒/林金榜/沃許本/尚迪,1,2,3.0,48.0,0.8,00:48,48.0,0.8,00:48,0.0,0.0,0.0,0.0,0.0,0.0,0.0,0.0,1.0,1.0,33.33,45.0,0.0,0.0,0.0,0.0,0.0,0.0,0.0,0.0,0.0,0.0,0.0,0.0,1.0,1.0,33.33,45.0,0.0,0.0,0.0,0.0,0.0,0.0,0.0,0.0,0.0,0.0,0.0,0.0,1.0,1.0,33.33,45.0,0.0,0.0,0.0,0.0,0.0,0.0,0.0,0.0,1.0,1.0,33.33,45.0,0.0,0.0,0.0,0.0,0.0,0.0,0.0,0.0,0.0,0.0,0.0,0.0,0.0,0.0,0.0,0.0,0.0,0.0,0.0,0.0,0.0,0.0,0.0,0.0,0.0,0.0,0.0,90.0,0.0,0.0,0.0,0.8,0.8,0.0,0.0,,0.0,,0.0,,0.5,,0.5,0.0,0.0,0.0,0.0,0.0
4,新北國王,22|29|32|10872,簡祐哲/林書緯/奧帝/林彥廷,6,67,81.0,1186.14,19.77,19:46,197.69,3.29,03:18,40.0,6.67,49.38,72.84,30.0,5.0,37.04,54.63,30.0,5.0,37.04,54.63,14.0,2.33,17.28,25.49,15.0,2.5,18.52,27.32,5.0,0.83,6.17,9.11,15.0,2.5,18.52,27.32,9.0,1.5,11.11,16.39,6.0,1.0,7.41,10.93,3.0,0.5,3.7,5.46,4.0,0.67,4.94,7.28,13.0,2.17,16.05,23.67,10.0,1.67,12.35,18.21,15.0,2.5,18.52,27.32,4.0,0.67,4.94,7.28,8.0,1.33,9.88,14.57,1.0,0.17,1.23,1.82,1.0,0.17,1.23,1.82,4.0,0.67,4.94,7.28,9.0,1.5,11.11,16.39,49.38,37.04,12.35,98.34,10.0,1.67,12.35,19.77,3.29,0.62,0.61,0.33,0.6,0.5,0.11,0.57,0.21,0.57,0.4,1.23,1.23,0.05,11.11,0.2
4,臺北台新戰神,3|10|14|10868,陳文宏/雷蒙恩/錢肯尼/齊曼加,1,5,5.0,78.0,1.3,01:18,78.0,1.3,01:18,0.0,0.0,0.0,0.0,2.0,2.0,40.0,55.38,2.0,2.0,40.0,55.38,0.0,0.0,0.0,0.0,0.0,0.0,0.0,0.0,0.0,0.0,0.0,0.0,2.0,2.0,40.0,55.38,0.0,0.0,0.0,0.0,0.0,0.0,0.0,0.0,0.0,0.0,0.0,0.0,0.0,0.0,0.0,0.0,2.0,2.0,40.0,55.38,0.0,0.0,0.0,0.0,2.0,2.0,40.0,55.38,0.0,0.0,0.0,0.0,0.0,0.0,0.0,0.0,0.0,0.0,0.0,0.0,0.0,0.0,0.0,0.0,1.0,1.0,20.0,27.69,0.0,0.0,0.0,0.0,0.0,40.0,-40.0,92.31,-2.0,-2.0,-40.0,1.3,1.3,0.0,0.0,,0.0,,0.0,,0.0,1.0,0.5,0.0,0.0,0.2,0.0,0.0
4,臺北台新戰神,3|14|10868|10870,陳文宏/錢肯尼/齊曼加/洛夫頓,2,24,28.0,362.25,6.04,06:02,181.12,3.02,03:01,10.0,5.0,35.71,59.63,10.0,5.0,35.71,59.63,12.0,6.0,42.86,71.55,4.0,2.0,14.29,23.85,5.0,2.5,17.86,29.81,2.0,1.0,7.14,11.93,7.0,3.5,25.0,41.74,2.0,1.0,7.14,11.93,0.0,0.0,0.0,0.0,0.0,0.0,0.0,0.0,2.0,1.0,7.14,11.93,6.0,3.0,21.43,35.78,1.0,0.5,3.57,5.96,6.0,3.0,21.43,35.78,1.0,0.5,3.57,5.96,2.0,1.0,7.14,11.93,1.0,0.5,3.57,5.96,2.0,1.0,7.14,11.93,3.0,1.5,10.71,17.89,2.0,1.0,7.14,11.93,35.71,35.71,0.0,111.3,0.0,0.0,0.0,6.04,3.02,0.42,0.42,0.4,0.29,,0.08,0.5,0.25,0.86,0.53,3.57,7.14,0.11,7.14,0.0
4,新北國王,24|29|32|10874,蘇士軒/林書緯/奧帝/熊祥泰,5,34,37.0,482.3,8.04,08:02,96.46,1.61,01:36,22.0,4.4,59.46,98.53,20.0,4.0,54.05,89.57,15.0,3.0,40.54,67.18,8.0,1.6,21.62,35.83,6.0,1.2,16.22,26.87,3.0,0.6,8.11,13.44,9.0,1.8,24.32,40.31,5.0,1.0,13.51,22.39,1.0,0.2,2.7,4.48,1.0,0.2,2.7,4.48,1.0,0.2,2.7,4.48,6.0,1.2,16.22,26.87,2.0,0.4,5.41,8.96,4.0,0.8,10.81,17.91,1.0,0.2,2.7,4.48,6.0,1.2,16.22,26.87,1.0,0.2,2.7,4.48,0.0,0.0,0.0,0.0,1.0,0.2,2.7,4.48,9.0,1.8,24.32,40.31,59.46,54.05,5.41,110.47,2.0,0.4,5.41,8.04,1.61,0.7,0.71,0.5,0.56,1.0,0.06,0.75,0.2,0.75,0.54,2.7,0.0,0.03,24.32,0.07
4,新北國王,24|29|10874|10876,蘇士軒/林書緯/熊祥泰/尚迪,1,3,3.0,50.0,0.83,00:50,50.0,0.83,00:50,3.0,3.0,100.0,129.6,2.0,2.0,66.67,86.4,1.0,1.0,33.33,43.2,1.0,1.0,33.33,43.2,0.0,0.0,0.0,0.0,0.0,0.0,0.0,0.0,1.0,1.0,33.33,43.2,1.0,1.0,33.33,43.2,0.0,0.0,0.0,0.0,0.0,0.0,0.0,0.0,0.0,0.0,0.0,0.0,0.0,0.0,0.0,0.0,0.0,0.0,0.0,0.0,0.0,0.0,0.0,0.0,1.0,1.0,33.33,43.2,1.0,1.0,33.33,43.2,1.0,1.0,33.33,43.2,0.0,0.0,0.0,0.0,0.0,0.0,0.0,0.0,0.0,0.0,0.0,0.0,100.0,66.67,33.33,86.4,1.0,1.0,33.33,0.83,0.83,1.5,1.5,,1.0,,0.5,1.0,,,,33.33,0.0,0.0,0.0,0.0
4,新北國王,29|32|10874|10876,林書緯/奧帝/熊祥泰/尚迪,1,3,3.0,50.0,0.83,00:50,50.0,0.83,00:50,3.0,3.0,100.0,129.6,2.0,2.0,66.67,86.4,1.0,1.0,33.33,43.2,1.0,1.0,33.33,43.2,0.0,0.0,0.0,0.0,0.0,0.0,0.0,0.0,1.0,1.0,33.33,43.2,1.0,1.0,33.33,43.2,0.0,0.0,0.0,0.0,0.0,0.0,0.0,0.0,0.0,0.0,0.0,0.0,0.0,0.0,0.0,0.0,0.0,0.0,0.0,0.0,0.0,0.0,0.0,0.0,1.0,1.0,33.33,43.2,1.0,1.0,33.33,43.2,1.0,1.0,33.33,43.2,0.0,0.0,0.0,0.0,0.0,0.0,0.0,0.0,0.0,0.0,0.0,0.0,100.0,66.67,33.33,86.4,1.0,1.0,33.33,0.83,0.83,1.5,1.5,,1.0,,0.5,1.0,,,,33.33,0.0,0.0,0.0,0.0
4,新北國王,24|34|10874|10876,蘇士軒/沃許本/熊祥泰/尚迪,1,3,3.0,46.67,0.78,00:47,46.67,0.78,00:47,0.0,0.0,0.0,0.0,3.0,3.0,100.0,138.85,1.0,1.0,33.33,46.28,0.0,0.0,0.0,0.0,0.0,0.0,0.0,0.0,0.0,0.0,0.0,0.0,1.0,1.0,33.33,46.28,0.0,0.0,0.0,0.0,0.0,0.0,0.0,0.0,0.0,0.0,0.0,0.0,0.0,0.0,0.0,0.0,1.0,1.0,33.33,46.28,0.0,0.0,0.0,0.0,1.0,1.0,33.33,46.28,0.0,0.0,0.0,0.0,0.0,0.0,0.0,0.0,0.0,0.0,0.0,0.0,0.0,0.0,0.0,0.0,1.0,1.0,33.33,46.28,2.0,2.0,66.67,92.57,0.0,100.0,-100.0,92.57,-3.0,-3.0,-100.0,0.78,0.78,0.0,0.0,,0.0,,0.0,,0.0,1.0,0.5,0.0,0.0,0.33,66.67,0.0
4,新北國王,24|28|10872|10874,蘇士軒/呂政儒/林彥廷/熊祥泰,1,11,13.0,162.65,2.71,02:43,162.65,2.71,02:43,14.0,14.0,107.69,185.92,6.0,6.0,46.15,79.68,6.0,6.0,46.15,79.68,5.0,5.0,38.46,66.4,1.0,1.0,7.69,13.28,1.0,1.0,7.69,13.28,5.0,5.0,38.46,66.4,4.0,4.0,30.77,53.12,0.0,0.0,0.0,0.0,0.0,0.0,0.0,0.0,1.0,1.0,7.69,13.28,0.0,0.0,0.0,0.0,1.0,1.0,7.69,13.28,1.0,1.0,7.69,13.28,1.0,1.0,7.69,13.28,4.0,4.0,30.77,53.12,0.0,0.0,0.0,0.0,0.0,0.0,0.0,0.0,0.0,0.0,0.0,0.0,2.0,2.0,15.38,26.56,107.69,46.15,61.54,115.09,8.0,8.0,61.54,2.71,2.71,1.17,1.17,1.0,0.8,,0.14,0.8,0.5,0.0,0.33,0.0,0.0,0.0,15.38,0.0
4,新北國王,24|28|10874|10876,蘇士軒/呂政儒/熊祥泰/尚迪,1,11,13.0,162.65,2.71,02:43,162.65,2.71,02:43,14.0,14.0,107.69,185.92,6.0,6.0,46.15,79.68,6.0,6.0,46.15,79.68,5.0,5.0,38.46,66.4,1.0,1.0,7.69,13.28,1.0,1.0,7.69,13.28,5.0,5.0,38.46,66.4,4.0,4.0,30.77,53.12,0.0,0.0,0.0,0.0,0.0,0.0,0.0,0.0,1.0,1.0,7.69,13.28,0.0,0.0,0.0,0.0,1.0,1.0,7.69,13.28,1.0,1.0,7.69,13.28,1.0,1.0,7.69,13.28,4.0,4.0,30.77,53.12,0.0,0.0,0.0,0.0,0.0,0.0,0.0,0.0,0.0,0.0,0.0,0.0,2.0,2.0,15.38,26.56,107.69,46.15,61.54,115.09,8.0,8.0,61.54,2.71,2.71,1.17,1.17,1.0,0.8,,0.14,0.8,0.5,0.0,0.33,0.0,0.0,0.0,15.38,0.0
4,新北國王,28|10872|10874|10876,呂政儒/林彥廷/熊祥泰/尚迪,1,11,13.0,162.65,2.71,02:43,162.65,2.71,02:43,14.0,14.0,107.69,185.92,6.0,6.0,46.15,79.68,6.0,6.0,46.15,79.68,5.0,5.0,38.46,66.4,1.0,1.0,7.69,13.28,1.0,1.0,7.69,13.28,5.0,5.0,38.46,66.4,4.0,4.0,30.77,53.12,0.0,0.0,0.0,0.0,0.0,0.0,0.0,0.0,1.0,1.0,7.69,13.28,0.0,0.0,0.0,0.0,1.0,1.0,7.69,13.28,1.0,1.0,7.69,13.28,1.0,1.0,7.69,13.28,4.0,4.0,30.77,53.12,0.0,0.0,0.0,0.0,0.0,0.0,0.0,0.0,0.0,0.0,0.0,0.0,2.0,2.0,15.38,26.56,107.69,46.15,61.54,115.09,8.0,8.0,61.54,2.71,2.71,1.17,1.17,1.0,0.8,,0.14,0.8,0.5,0.0,0.33,0.0,0.0,0.0,15.38,0.0
4,臺北台新戰神,2|4|10|10867,江均/張兆辰/雷蒙恩/威力斯,1,5,5.0,71.0,1.18,01:11,71.0,1.18,01:11,4.0,4.0,80.0,121.69,5.0,5.0,100.0,152.11,2.0,2.0,40.0,60.85,2.0,2.0,40.0,60.85,2.0,2.0,40.0,60.85,2.0,2.0,40.0,60.85,0.0,0.0,0.0,0.0,0.0,0.0,0.0,0.0,0.0,0.0,0.0,0.0,0.0,0.0,0.0,0.0,0.0,0.0,0.0,0.0,0.0,0.0,0.0,0.0,0.0,0.0,0.0,0.0,0.0,0.0,0.0,0.0,1.0,1.0,20.0,30.42,0.0,0.0,0.0,0.0,0.0,0.0,0.0,0.0,0.0,0.0,0.0,0.0,0.0,0.0,0.0,0.0,0.0,0.0,0.0,0.0,80.0,100.0,-20.0,101.41,-1.0,-1.0,-20.0,1.18,1.18,1.0,1.0,1.0,,,0.33,0.0,,,,0.0,0.0,0.0,0.0,0.0
4,臺北台新戰神,2|4|10|10870,江均/張兆辰/雷蒙恩/洛夫頓,1,5,5.0,71.0,1.18,01:11,71.0,1.18,01:11,4.0,4.0,80.0,121.69,5.0,5.0,100.0,152.11,2.0,2.0,40.0,60.85,2.0,2.0,40.0,60.85,2.0,2.0,40.0,60.85,2.0,2.0,40.0,60.85,0.0,0.0,0.0,0.0,0.0,0.0,0.0,0.0,0.0,0.0,0.0,0.0,0.0,0.0,0.0,0.0,0.0,0.0,0.0,0.0,0.0,0.0,0.0,0.0,0.0,0.0,0.0,0.0,0.0,0.0,0.0,0.0,1.0,1.0,20.0,30.42,0.0,0.0,0.0,0.0,0.0,0.0,0.0,0.0,0.0,0.0,0.0,0.0,0.0,0.0,0.0,0.0,0.0,0.0,0.0,0.0,80.0,100.0,-20.0,101.41,-1.0,-1.0,-20.0,1.18,1.18,1.0,1.0,1.0,,,0.33,0.0,,,,0.0,0.0,0.0,0.0,0.0
4,臺北台新戰神,2|5|10863|10864,江均/黃聰翰/魏芃禾/劉彥廷,3,11,14.0,158.31,2.64,02:38,52.77,0.88,00:53,4.0,1.33,28.57,54.58,7.0,2.33,50.0,95.51,5.0,1.67,35.71,68.22,1.0,0.33,7.14,13.64,2.0,0.67,14.29,27.29,1.0,0.33,7.14,13.64,3.0,1.0,21.43,40.93,0.0,0.0,0.0,0.0,4.0,1.33,28.57,54.58,2.0,0.67,14.29,27.29,2.0,0.67,14.29,27.29,3.0,1.0,21.43,40.93,1.0,0.33,7.14,13.64,1.0,0.33,7.14,13.64,1.0,0.33,7.14,13.64,0.0,0.0,0.0,0.0,1.0,0.33,7.14,13.64,0.0,0.0,0.0,0.0,1.0,0.33,7.14,13.64,2.0,0.67,14.29,27.29,28.57,50.0,-21.43,127.34,-3.0,-1.0,-21.43,2.64,0.88,0.2,0.3,0.5,0.0,0.5,0.13,0.0,0.67,0.75,0.71,7.14,0.0,0.07,14.29,0.8
4,臺北台新戰神,2|5|10863|10867,江均/黃聰翰/魏芃禾/威力斯,1,1,1.0,0.14,0.0,00:00,0.14,0.0,00:00,0.0,0.0,0.0,0.0,0.0,0.0,0.0,0.0,0.0,0.0,0.0,0.0,0.0,0.0,0.0,0.0,0.0,0.0,0.0,0.0,0.0,0.0,0.0,0.0,0.0,0.0,0.0,0.0,0.0,0.0,0.0,0.0,0.0,0.0,0.0,0.0,0.0,0.0,0.0,0.0,0.0,0.0,0.0,0.0,0.0,0.0,0.0,0.0,0.0,0.0,0.0,0.0,0.0,0.0,0.0,0.0,0.0,0.0,0.0,0.0,0.0,0.0,0.0,0.0,0.0,0.0,0.0,0.0,0.0,0.0,0.0,0.0,0.0,0.0,0.0,0.0,0.0,0.0,0.0,0.0,0.0,0.0,0.0,10359.71,0.0,0.0,0.0,0.0,0.0,,,,,,,,,,,0.0,0.0,0.0,0.0,
4,臺北台新戰神,2|5|10864|10867,江均/黃聰翰/劉彥廷/威力斯,1,1,1.0,0.14,0.0,00:00,0.14,0.0,00:00,0.0,0.0,0.0,0.0,0.0,0.0,0.0,0.0,0.0,0.0,0.0,0.0,0.0,0.0,0.0,0.0,0.0,0.0,0.0,0.0,0.0,0.0,0.0,0.0,0.0,0.0,0.0,0.0,0.0,0.0,0.0,0.0,0.0,0.0,0.0,0.0,0.0,0.0,0.0,0.0,0.0,0.0,0.0,0.0,0.0,0.0,0.0,0.0,0.0,0.0,0.0,0.0,0.0,0.0,0.0,0.0,0.0,0.0,0.0,0.0,0.0,0.0,0.0,0.0,0.0,0.0,0.0,0.0,0.0,0.0,0.0,0.0,0.0,0.0,0.0,0.0,0.0,0.0,0.0,0.0,0.0,0.0,0.0,10359.71,0.0,0.0,0.0,0.0,0.0,,,,,,,,,,,0.0,0.0,0.0,0.0,
4,臺北台新戰神,2|10863|10864|10867,江均/魏芃禾/劉彥廷/威力斯,2,20,23.0,276.7,4.61,04:37,138.35,2.31,02:18,14.0,7.0,60.87,109.29,11.0,5.5,47.83,85.87,10.0,5.0,43.48,78.06,5.0,2.5,21.74,39.03,7.0,3.5,30.43,54.64,3.0,1.5,13.04,23.42,3.0,1.5,13.04,23.42,2.0,1.0,8.7,15.61,3.0,1.5,13.04,23.42,2.0,1.0,8.7,15.61,3.0,1.5,13.04,23.42,2.0,1.0,8.7,15.61,1.0,0.5,4.35,7.81,5.0,2.5,21.74,39.03,0.0,0.0,0.0,0.0,3.0,1.5,13.04,23.42,0.0,0.0,0.0,0.0,0.0,0.0,0.0,0.0,3.0,1.5,13.04,23.42,5.0,2.5,21.74,39.03,60.87,47.83,13.04,119.7,3.0,1.5,13.04,4.61,2.31,0.6,0.62,0.43,0.67,0.67,0.0,0.6,0.38,0.67,0.45,0.0,0.0,0.13,21.74,0.3
4,臺北台新戰神,5|10863|10864|10867,黃聰翰/魏芃禾/劉彥廷/威力斯,1,1,1.0,0.14,0.0,00:00,0.14,0.0,00:00,0.0,0.0,0.0,0.0,0.0,0.0,0.0,0.0,0.0,0.0,0.0,0.0,0.0,0.0,0.0,0.0,0.0,0.0,0.0,0.0,0.0,0.0,0.0,0.0,0.0,0.0,0.0,0.0,0.0,0.0,0.0,0.0,0.0,0.0,0.0,0.0,0.0,0.0,0.0,0.0,0.0,0.0,0.0,0.0,0.0,0.0,0.0,0.0,0.0,0.0,0.0,0.0,0.0,0.0,0.0,0.0,0.0,0.0,0.0,0.0,0.0,0.0,0.0,0.0,0.0,0.0,0.0,0.0,0.0,0.0,0.0,0.0,0.0,0.0,0.0,0.0,0.0,0.0,0.0,0.0,0.0,0.0,0.0,10359.71,0.0,0.0,0.0,0.0,0.0,,,,,,,,,,,0.0,0.0,0.0,0.0,
4,臺北台新戰神,2|5|7|10863,江均/黃聰翰/孫思堯/魏芃禾,1,2,4.0,45.7,0.76,00:46,45.7,0.76,00:46,0.0,0.0,0.0,0.0,3.0,3.0,75.0,141.79,1.0,1.0,25.0,47.26,0.0,0.0,0.0,0.0,0.0,0.0,0.0,0.0,0.0,0.0,0.0,0.0,1.0,1.0,25.0,47.26,0.0,0.0,0.0,0.0,2.0,2.0,50.0,94.53,0.0,0.0,0.0,0.0,1.0,1.0,25.0,47.26,1.0,1.0,25.0,47.26,1.0,1.0,25.0,47.26,0.0,0.0,0.0,0.0,0.0,0.0,0.0,0.0,0.0,0.0,0.0,0.0,0.0,0.0,0.0,0.0,0.0,0.0,0.0,0.0,1.0,1.0,25.0,47.26,0.0,0.0,0.0,0.0,0.0,75.0,-75.0,126.04,-3.0,-3.0,-75.0,0.76,0.76,0.0,0.0,,0.0,0.0,0.0,,1.0,0.5,0.67,0.0,0.0,0.25,0.0,2.0
4,臺北台新戰神,2|5|7|10864,江均/黃聰翰/孫思堯/劉彥廷,1,2,4.0,45.7,0.76,00:46,45.7,0.76,00:46,0.0,0.0,0.0,0.0,3.0,3.0,75.0,141.79,1.0,1.0,25.0,47.26,0.0,0.0,0.0,0.0,0.0,0.0,0.0,0.0,0.0,0.0,0.0,0.0,1.0,1.0,25.0,47.26,0.0,0.0,0.0,0.0,2.0,2.0,50.0,94.53,0.0,0.0,0.0,0.0,1.0,1.0,25.0,47.26,1.0,1.0,25.0,47.26,1.0,1.0,25.0,47.26,0.0,0.0,0.0,0.0,0.0,0.0,0.0,0.0,0.0,0.0,0.0,0.0,0.0,0.0,0.0,0.0,0.0,0.0,0.0,0.0,1.0,1.0,25.0,47.26,0.0,0.0,0.0,0.0,0.0,75.0,-75.0,126.04,-3.0,-3.0,-75.0,0.76,0.76,0.0,0.0,,0.0,0.0,0.0,,1.0,0.5,0.67,0.0,0.0,0.25,0.0,2.0
4,臺北台新戰神,2|7|10863|10864,江均/孫思堯/魏芃禾/劉彥廷,1,2,4.0,45.7,0.76,00:46,45.7,0.76,00:46,0.0,0.0,0.0,0.0,3.0,3.0,75.0,141.79,1.0,1.0,25.0,47.26,0.0,0.0,0.0,0.0,0.0,0.0,0.0,0.0,0.0,0.0,0.0,0.0,1.0,1.0,25.0,47.26,0.0,0.0,0.0,0.0,2.0,2.0,50.0,94.53,0.0,0.0,0.0,0.0,1.0,1.0,25.0,47.26,1.0,1.0,25.0,47.26,1.0,1.0,25.0,47.26,0.0,0.0,0.0,0.0,0.0,0.0,0.0,0.0,0.0,0.0,0.0,0.0,0.0,0.0,0.0,0.0,0.0,0.0,0.0,0.0,1.0,1.0,25.0,47.26,0.0,0.0,0.0,0.0,0.0,75.0,-75.0,126.04,-3.0,-3.0,-75.0,0.76,0.76,0.0,0.0,,0.0,0.0,0.0,,1.0,0.5,0.67,0.0,0.0,0.25,0.0,2.0
4,臺北台新戰神,5|7|10863|10864,黃聰翰/孫思堯/魏芃禾/劉彥廷,1,2,4.0,45.7,0.76,00:46,45.7,0.76,00:46,0.0,0.0,0.0,0.0,3.0,3.0,75.0,141.79,1.0,1.0,25.0,47.26,0.0,0.0,0.0,0.0,0.0,0.0,0.0,0.0,0.0,0.0,0.0,0.0,1.0,1.0,25.0,47.26,0.0,0.0,0.0,0.0,2.0,2.0,50.0,94.53,0.0,0.0,0.0,0.0,1.0,1.0,25.0,47.26,1.0,1.0,25.0,47.26,1.0,1.0,25.0,47.26,0.0,0.0,0.0,0.0,0.0,0.0,0.0,0.0,0.0,0.0,0.0,0.0,0.0,0.0,0.0,0.0,0.0,0.0,0.0,0.0,1.0,1.0,25.0,47.26,0.0,0.0,0.0,0.0,0.0,75.0,-75.0,126.04,-3.0,-3.0,-75.0,0.76,0.76,0.0,0.0,,0.0,0.0,0.0,,1.0,0.5,0.67,0.0,0.0,0.25,0.0,2.0
4,高雄全家海神,45|121|10893|12668,施晉堯/吳曉謹/崔維斯/歐提斯,1,48,54.0,742.57,12.38,12:23,742.57,12.38,12:23,27.0,27.0,50.0,78.54,31.0,31.0,57.41,90.17,20.0,20.0,37.04,58.18,10.0,10.0,18.52,29.09,8.0,8.0,14.81,23.27,4.0,4.0,7.41,11.64,12.0,12.0,22.22,34.91,6.0,6.0,11.11,17.45,2.0,2.0,3.7,5.82,1.0,1.0,1.85,2.91,0.0,0.0,0.0,0.0,11.0,11.0,20.37,32.0,3.0,3.0,5.56,8.73,7.0,7.0,12.96,20.36,3.0,3.0,5.56,8.73,5.0,5.0,9.26,14.54,1.0,1.0,1.85,2.91,0.0,0.0,0.0,0.0,4.0,4.0,7.41,11.64,5.0,5.0,9.26,14.54,50.0,57.41,-7.41,104.72,-4.0,-4.0,-7.41,12.38,12.38,0.65,0.65,0.5,0.5,0.5,0.13,0.5,0.0,0.79,0.52,1.85,0.0,0.07,9.26,0.1
4,高雄全家海神,118|121|10893|12668,蘇文儒/吳曉謹/崔維斯/歐提斯,1,29,32.0,422.0,7.03,07:02,422.0,7.03,07:02,19.0,19.0,59.38,97.25,23.0,23.0,71.88,117.73,13.0,13.0,40.62,66.54,7.0,7.0,21.88,35.83,5.0,5.0,15.62,25.59,3.0,3.0,9.38,15.36,8.0,8.0,25.0,40.95,4.0,4.0,12.5,20.47,1.0,1.0,3.12,5.12,1.0,1.0,3.12,5.12,0.0,0.0,0.0,0.0,6.0,6.0,18.75,30.71,2.0,2.0,6.25,10.24,3.0,3.0,9.38,15.36,0.0,0.0,0.0,0.0,3.0,3.0,9.38,15.36,0.0,0.0,0.0,0.0,0.0,0.0,0.0,0.0,2.0,2.0,6.25,10.24,3.0,3.0,9.38,15.36,59.38,71.88,-12.5,109.19,-4.0,-4.0,-12.5,7.03,7.03,0.69,0.71,0.6,0.5,1.0,0.0,0.43,0.0,0.75,0.55,0.0,0.0,0.06,9.38,0.08
4,高雄全家海神,45|118|119|10893,施晉堯/蘇文儒/余純安/崔維斯,1,18,20.0,290.36,4.84,04:50,290.36,4.84,04:50,9.0,9.0,45.0,66.95,10.0,10.0,50.0,74.39,10.0,10.0,50.0,74.39,4.0,4.0,20.0,29.76,6.0,6.0,30.0,44.63,3.0,3.0,15.0,22.32,4.0,4.0,20.0,29.76,1.0,1.0,5.0,7.44,0.0,0.0,0.0,0.0,0.0,0.0,0.0,0.0,1.0,1.0,5.0,7.44,5.0,5.0,25.0,37.19,1.0,1.0,5.0,7.44,4.0,4.0,20.0,29.76,0.0,0.0,0.0,0.0,4.0,4.0,20.0,29.76,0.0,0.0,0.0,0.0,1.0,1.0,5.0,7.44,1.0,1.0,5.0,7.44,2.0,2.0,10.0,14.88,45.0,50.0,-5.0,99.19,-1.0,-1.0,-5.0,4.84,4.84,0.45,0.45,0.5,0.25,,0.0,1.0,0.2,0.83,0.55,0.0,5.0,0.05,10.0,0.0
4,高雄全家海神,45|119|10893|12668,施晉堯/余純安/崔維斯/歐提斯,1,25,29.0,415.94,6.93,06:56,415.94,6.93,06:56,10.0,10.0,34.48,51.93,11.0,11.0,37.93,57.12,10.0,10.0,34.48,51.93,4.0,4.0,13.79,20.77,4.0,4.0,13.79,20.77,2.0,2.0,6.9,10.39,6.0,6.0,20.69,31.16,2.0,2.0,6.9,10.39,1.0,1.0,3.45,5.19,0.0,0.0,0.0,0.0,0.0,0.0,0.0,0.0,7.0,7.0,24.14,36.35,2.0,2.0,6.9,10.39,5.0,5.0,17.24,25.97,3.0,3.0,10.34,15.58,3.0,3.0,10.34,15.58,1.0,1.0,3.45,5.19,0.0,0.0,0.0,0.0,3.0,3.0,10.34,15.58,4.0,4.0,13.79,20.77,34.48,37.93,-3.45,100.4,-1.0,-1.0,-3.45,6.93,6.93,0.5,0.48,0.5,0.33,0.0,0.22,0.75,0.0,0.78,0.5,3.45,0.0,0.1,13.79,0.1
4,高雄全家海神,118|119|10893|12668,蘇文儒/余純安/崔維斯/歐提斯,1,6,7.0,95.36,1.59,01:35,95.36,1.59,01:35,2.0,2.0,28.57,45.3,3.0,3.0,42.86,67.95,3.0,3.0,42.86,67.95,1.0,1.0,14.29,22.65,1.0,1.0,14.29,22.65,1.0,1.0,14.29,22.65,2.0,2.0,28.57,45.3,0.0,0.0,0.0,0.0,0.0,0.0,0.0,0.0,0.0,0.0,0.0,0.0,0.0,0.0,0.0,0.0,2.0,2.0,28.57,45.3,1.0,1.0,14.29,22.65,1.0,1.0,14.29,22.65,0.0,0.0,0.0,0.0,1.0,1.0,14.29,22.65,0.0,0.0,0.0,0.0,0.0,0.0,0.0,0.0,1.0,1.0,14.29,22.65,2.0,2.0,28.57,45.3,28.57,42.86,-14.29,105.7,-1.0,-1.0,-14.29,1.59,1.59,0.33,0.33,1.0,0.0,,0.0,1.0,0.0,0.67,0.5,0.0,0.0,0.14,28.57,0.0
4,新竹御嵿攻城獅,75|76|5948|10888,高國豪/曾柏喻/克雷格/帕塞獅,1,12,13.0,195.0,3.25,03:15,195.0,3.25,03:15,7.0,7.0,53.85,77.54,7.0,7.0,53.85,77.54,6.0,6.0,46.15,66.46,3.0,3.0,23.08,33.23,3.0,3.0,23.08,33.23,2.0,2.0,15.38,22.15,3.0,3.0,23.08,33.23,1.0,1.0,7.69,11.08,0.0,0.0,0.0,0.0,0.0,0.0,0.0,0.0,0.0,0.0,0.0,0.0,3.0,3.0,23.08,33.23,1.0,1.0,7.69,11.08,3.0,3.0,23.08,33.23,0.0,0.0,0.0,0.0,1.0,1.0,7.69,11.08,0.0,0.0,0.0,0.0,0.0,0.0,0.0,0.0,0.0,0.0,0.0,0.0,0.0,0.0,0.0,0.0,53.85,53.85,0.0,96.0,0.0,0.0,0.0,3.25,3.25,0.58,0.58,0.67,0.33,,0.0,0.33,0.0,0.75,0.43,0.0,0.0,0.0,0.0,0.0
4,新竹御嵿攻城獅,75|82|5948|10888,高國豪/蕭順議/克雷格/帕塞獅,1,12,13.0,195.0,3.25,03:15,195.0,3.25,03:15,7.0,7.0,53.85,77.54,7.0,7.0,53.85,77.54,6.0,6.0,46.15,66.46,3.0,3.0,23.08,33.23,3.0,3.0,23.08,33.23,2.0,2.0,15.38,22.15,3.0,3.0,23.08,33.23,1.0,1.0,7.69,11.08,0.0,0.0,0.0,0.0,0.0,0.0,0.0,0.0,0.0,0.0,0.0,0.0,3.0,3.0,23.08,33.23,1.0,1.0,7.69,11.08,3.0,3.0,23.08,33.23,0.0,0.0,0.0,0.0,1.0,1.0,7.69,11.08,0.0,0.0,0.0,0.0,0.0,0.0,0.0,0.0,0.0,0.0,0.0,0.0,0.0,0.0,0.0,0.0,53.85,53.85,0.0,96.0,0.0,0.0,0.0,3.25,3.25,0.58,0.58,0.67,0.33,,0.0,0.33,0.0,0.75,0.43,0.0,0.0,0.0,0.0,0.0
4,新竹御嵿攻城獅,76|82|5948|10888,曾柏喻/蕭順議/克雷格/帕塞獅,1,23,30.0,411.23,6.85,06:51,411.23,6.85,06:51,11.0,11.0,36.67,57.78,14.0,14.0,46.67,73.53,12.0,12.0,40.0,63.03,4.0,4.0,13.33,21.01,6.0,6.0,20.0,31.51,2.0,2.0,6.67,10.5,6.0,6.0,20.0,31.51,2.0,2.0,6.67,10.5,2.0,2.0,6.67,10.5,1.0,1.0,3.33,5.25,3.0,3.0,10.0,15.76,6.0,6.0,20.0,31.51,3.0,3.0,10.0,15.76,6.0,6.0,20.0,31.51,1.0,1.0,3.33,5.25,2.0,2.0,6.67,10.5,0.0,0.0,0.0,0.0,0.0,0.0,0.0,0.0,2.0,2.0,6.67,10.5,1.0,1.0,3.33,5.25,36.67,46.67,-10.0,105.05,-3.0,-3.0,-10.0,6.85,6.85,0.42,0.43,0.33,0.33,0.5,0.07,0.5,0.33,0.67,0.5,0.0,0.0,0.07,3.33,0.17
4,高雄全家海神,45|118|119|12908,施晉堯/蘇文儒/余純安/布里茲克,1,12,13.0,195.0,3.25,03:15,195.0,3.25,03:15,7.0,7.0,53.85,77.54,7.0,7.0,53.85,77.54,7.0,7.0,53.85,77.54,3.0,3.0,23.08,33.23,5.0,5.0,38.46,55.38,2.0,2.0,15.38,22.15,2.0,2.0,15.38,22.15,1.0,1.0,7.69,11.08,0.0,0.0,0.0,0.0,0.0,0.0,0.0,0.0,1.0,1.0,7.69,11.08,3.0,3.0,23.08,33.23,0.0,0.0,0.0,0.0,3.0,3.0,23.08,33.23,0.0,0.0,0.0,0.0,3.0,3.0,23.08,33.23,0.0,0.0,0.0,0.0,1.0,1.0,7.69,11.08,0.0,0.0,0.0,0.0,0.0,0.0,0.0,0.0,53.85,53.85,0.0,96.0,0.0,0.0,0.0,3.25,3.25,0.5,0.5,0.4,0.5,,0.0,1.0,0.25,1.0,0.57,0.0,7.69,0.0,0.0,0.0
4,高雄全家海神,45|118|10893|12908,施晉堯/蘇文儒/崔維斯/布里茲克,1,44,50.0,654.88,10.91,10:55,654.88,10.91,10:55,22.0,22.0,44.0,72.56,17.0,17.0,34.0,56.07,25.0,25.0,50.0,82.46,10.0,10.0,20.0,32.98,18.0,18.0,36.0,59.37,8.0,8.0,16.0,26.39,7.0,7.0,14.0,23.09,2.0,2.0,4.0,6.6,1.0,1.0,2.0,3.3,0.0,0.0,0.0,0.0,5.0,5.0,10.0,16.49,10.0,10.0,20.0,32.98,0.0,0.0,0.0,0.0,9.0,9.0,18.0,29.68,3.0,3.0,6.0,9.89,7.0,7.0,14.0,23.09,1.0,1.0,2.0,3.3,3.0,3.0,6.0,9.89,1.0,1.0,2.0,3.3,4.0,4.0,8.0,13.19,44.0,34.0,10.0,109.94,5.0,5.0,10.0,10.91,10.91,0.44,0.43,0.44,0.29,0.0,0.11,0.7,0.36,1.0,0.62,2.0,6.0,0.02,8.0,0.04
4,高雄全家海神,45|119|10893|12908,施晉堯/余純安/崔維斯/布里茲克,1,19,21.0,331.0,5.52,05:31,331.0,5.52,05:31,12.0,12.0,57.14,78.31,13.0,13.0,61.9,84.83,10.0,10.0,47.62,65.26,5.0,5.0,23.81,32.63,7.0,7.0,33.33,45.68,3.0,3.0,14.29,19.58,3.0,3.0,14.29,19.58,2.0,2.0,9.52,13.05,0.0,0.0,0.0,0.0,0.0,0.0,0.0,0.0,1.0,1.0,4.76,6.53,4.0,4.0,19.05,26.1,0.0,0.0,0.0,0.0,3.0,3.0,14.29,19.58,0.0,0.0,0.0,0.0,4.0,4.0,19.05,26.1,0.0,0.0,0.0,0.0,1.0,1.0,4.76,6.53,1.0,1.0,4.76,6.53,0.0,0.0,0.0,0.0,57.14,61.9,-4.76,91.36,-1.0,-1.0,-4.76,5.52,5.52,0.6,0.6,0.43,0.67,,0.0,0.8,0.25,1.0,0.62,0.0,4.76,0.05,0.0,0.0
4,高雄全家海神,118|119|10893|12908,蘇文儒/余純安/崔維斯/布里茲克,1,12,13.0,195.0,3.25,03:15,195.0,3.25,03:15,7.0,7.0,53.85,77.54,7.0,7.0,53.85,77.54,7.0,7.0,53.85,77.54,3.0,3.0,23.08,33.23,5.0,5.0,38.46,55.38,2.0,2.0,15.38,22.15,2.0,2.0,15.38,22.15,1.0,1.0,7.69,11.08,0.0,0.0,0.0,0.0,0.0,0.0,0.0,0.0,1.0,1.0,7.69,11.08,3.0,3.0,23.08,33.23,0.0,0.0,0.0,0.0,3.0,3.0,23.08,33.23,0.0,0.0,0.0,0.0,3.0,3.0,23.08,33.23,0.0,0.0,0.0,0.0,1.0,1.0,7.69,11.08,0.0,0.0,0.0,0.0,0.0,0.0,0.0,0.0,53.85,53.85,0.0,96.0,0.0,0.0,0.0,3.25,3.25,0.5,0.5,0.4,0.5,,0.0,1.0,0.25,1.0,0.57,0.0,7.69,0.0,0.0,0.0
4,高雄全家海神,119|122|123|12668,余純安/陳懷安/勤明慶/歐提斯,2,27,34.0,372.46,6.21,06:12,186.23,3.1,03:06,9.0,4.5,26.47,52.19,12.0,6.0,35.29,69.59,9.0,4.5,26.47,52.19,4.0,2.0,11.76,23.2,5.0,2.5,14.71,29.0,3.0,1.5,8.82,17.4,4.0,2.0,11.76,23.2,1.0,0.5,2.94,5.8,0.0,0.0,0.0,0.0,0.0,0.0,0.0,0.0,1.0,0.5,2.94,5.8,4.0,2.0,11.76,23.2,6.0,3.0,17.65,34.8,3.0,1.5,8.82,17.4,6.0,3.0,17.65,34.8,1.0,0.5,2.94,5.8,4.0,2.0,11.76,23.2,0.0,0.0,0.0,0.0,2.0,1.0,5.88,11.6,10.0,5.0,29.41,57.99,26.47,35.29,-8.82,131.45,-3.0,-1.5,-8.82,6.21,3.1,0.5,0.5,0.6,0.25,,0.4,0.25,0.25,0.4,0.36,11.76,0.0,0.06,29.41,0.0
4,高雄全家海神,119|122|123|12908,余純安/陳懷安/勤明慶/布里茲克,1,22,29.0,350.97,5.85,05:51,350.97,5.85,05:51,9.0,9.0,31.03,55.39,9.0,9.0,31.03,55.39,9.0,9.0,31.03,55.39,4.0,4.0,13.79,24.62,5.0,5.0,17.24,30.77,3.0,3.0,10.34,18.46,4.0,4.0,13.79,24.62,1.0,1.0,3.45,6.15,0.0,0.0,0.0,0.0,0.0,0.0,0.0,0.0,1.0,1.0,3.45,6.15,4.0,4.0,13.79,24.62,6.0,6.0,20.69,36.93,3.0,3.0,10.34,18.46,4.0,4.0,13.79,24.62,1.0,1.0,3.45,6.15,2.0,2.0,6.9,12.31,0.0,0.0,0.0,0.0,2.0,2.0,6.9,12.31,6.0,6.0,20.69,36.93,31.03,31.03,0.0,118.98,0.0,0.0,0.0,5.85,5.85,0.5,0.5,0.6,0.25,,0.31,0.25,0.25,0.4,0.36,6.9,0.0,0.07,20.69,0.0
4,高雄全家海神,119|122|12668|12908,余純安/陳懷安/歐提斯/布里茲克,1,22,29.0,350.97,5.85,05:51,350.97,5.85,05:51,9.0,9.0,31.03,55.39,9.0,9.0,31.03,55.39,9.0,9.0,31.03,55.39,4.0,4.0,13.79,24.62,5.0,5.0,17.24,30.77,3.0,3.0,10.34,18.46,4.0,4.0,13.79,24.62,1.0,1.0,3.45,6.15,0.0,0.0,0.0,0.0,0.0,0.0,0.0,0.0,1.0,1.0,3.45,6.15,4.0,4.0,13.79,24.62,6.0,6.0,20.69,36.93,3.0,3.0,10.34,18.46,4.0,4.0,13.79,24.62,1.0,1.0,3.45,6.15,2.0,2.0,6.9,12.31,0.0,0.0,0.0,0.0,2.0,2.0,6.9,12.31,6.0,6.0,20.69,36.93,31.03,31.03,0.0,118.98,0.0,0.0,0.0,5.85,5.85,0.5,0.5,0.6,0.25,,0.31,0.25,0.25,0.4,0.36,6.9,0.0,0.07,20.69,0.0
4,高雄全家海神,119|123|12668|12908,余純安/勤明慶/歐提斯/布里茲克,1,25,34.0,422.2,7.04,07:02,422.2,7.04,07:02,14.0,14.0,41.18,71.62,9.0,9.0,26.47,46.04,12.0,12.0,35.29,61.39,6.0,6.0,17.65,30.7,6.0,6.0,17.65,30.7,4.0,4.0,11.76,20.46,6.0,6.0,17.65,30.7,2.0,2.0,5.88,10.23,1.0,1.0,2.94,5.12,0.0,0.0,0.0,0.0,2.0,2.0,5.88,10.23,5.0,5.0,14.71,25.58,6.0,6.0,17.65,30.7,4.0,4.0,11.76,20.46,4.0,4.0,11.76,20.46,3.0,3.0,8.82,15.35,2.0,2.0,5.88,10.23,0.0,0.0,0.0,0.0,3.0,3.0,8.82,15.35,6.0,6.0,17.65,30.7,41.18,26.47,14.71,115.96,5.0,5.0,14.71,7.04,7.04,0.58,0.56,0.67,0.33,0.0,0.24,0.5,0.33,0.45,0.41,5.88,0.0,0.09,17.65,0.08
4,高雄全家海神,122|123|12668|12908,陳懷安/勤明慶/歐提斯/布里茲克,4,69,82.0,1140.45,19.01,19:00,285.11,4.75,04:45,39.0,9.75,47.56,73.87,36.0,9.0,43.9,68.18,31.0,7.75,37.8,58.71,16.0,4.0,19.51,30.3,18.0,4.5,21.95,34.09,10.0,2.5,12.2,18.94,13.0,3.25,15.85,24.62,6.0,1.5,7.32,11.36,1.0,0.25,1.22,1.89,1.0,0.25,1.22,1.89,3.0,0.75,3.66,5.68,12.0,3.0,14.63,22.73,8.0,2.0,9.76,15.15,9.0,2.25,10.98,17.05,8.0,2.0,9.76,15.15,10.0,2.5,12.2,18.94,4.0,1.0,4.88,7.58,1.0,0.25,1.22,1.89,4.0,1.0,4.88,7.58,16.0,4.0,19.51,30.3,47.56,43.9,3.66,103.54,3.0,0.75,3.66,19.01,4.75,0.61,0.62,0.56,0.46,1.0,0.2,0.62,0.25,0.6,0.47,4.88,1.22,0.05,19.51,0.03
4,高雄全家海神,121|122|123|12908,吳曉謹/陳懷安/勤明慶/布里茲克,1,14,18.0,918.77,15.31,15:19,918.77,15.31,15:19,4.0,4.0,22.22,9.4,9.0,9.0,50.0,21.16,5.0,5.0,27.78,11.75,2.0,2.0,11.11,4.7,5.0,5.0,27.78,11.75,2.0,2.0,11.11,4.7,0.0,0.0,0.0,0.0,0.0,0.0,0.0,0.0,0.0,0.0,0.0,0.0,0.0,0.0,0.0,0.0,1.0,1.0,5.56,2.35,1.0,1.0,5.56,2.35,0.0,0.0,0.0,0.0,1.0,1.0,5.56,2.35,4.0,4.0,22.22,9.4,1.0,1.0,5.56,2.35,2.0,2.0,11.11,4.7,0.0,0.0,0.0,0.0,2.0,2.0,11.11,4.7,6.0,6.0,33.33,14.11,22.22,50.0,-27.78,28.21,-5.0,-5.0,-27.78,15.31,15.31,0.4,0.4,0.4,,,0.44,0.5,0.5,1.0,0.67,11.11,0.0,0.11,33.33,0.0
4,高雄全家海神,121|122|12668|12908,吳曉謹/陳懷安/歐提斯/布里茲克,1,3,3.0,58.1,0.97,00:58,58.1,0.97,00:58,2.0,2.0,66.67,74.35,4.0,4.0,133.33,148.7,1.0,1.0,33.33,37.17,1.0,1.0,33.33,37.17,1.0,1.0,33.33,37.17,1.0,1.0,33.33,37.17,0.0,0.0,0.0,0.0,0.0,0.0,0.0,0.0,0.0,0.0,0.0,0.0,0.0,0.0,0.0,0.0,0.0,0.0,0.0,0.0,0.0,0.0,0.0,0.0,0.0,0.0,0.0,0.0,0.0,0.0,0.0,0.0,0.0,0.0,0.0,0.0,1.0,1.0,33.33,37.17,0.0,0.0,0.0,0.0,0.0,0.0,0.0,0.0,0.0,0.0,0.0,0.0,2.0,2.0,66.67,74.35,66.67,133.33,-66.67,74.35,-2.0,-2.0,-66.67,0.97,0.97,1.0,1.0,1.0,,,0.0,1.0,,,,0.0,0.0,0.0,66.67,0.0
4,高雄全家海神,121|123|12668|12908,吳曉謹/勤明慶/歐提斯/布里茲克,3,12,12.0,209.08,3.48,03:29,69.69,1.16,01:10,4.0,1.33,33.33,41.32,9.0,3.0,75.0,92.98,5.0,1.67,41.67,51.65,2.0,0.67,16.67,20.66,4.0,1.33,33.33,41.32,2.0,0.67,16.67,20.66,1.0,0.33,8.33,10.33,0.0,0.0,0.0,0.0,0.0,0.0,0.0,0.0,0.0,0.0,0.0,0.0,0.0,0.0,0.0,0.0,3.0,1.0,25.0,30.99,1.0,0.33,8.33,10.33,1.0,0.33,8.33,10.33,0.0,0.0,0.0,0.0,1.0,0.33,8.33,10.33,0.0,0.0,0.0,0.0,0.0,0.0,0.0,0.0,0.0,0.0,0.0,0.0,2.0,0.67,16.67,20.66,33.33,75.0,-41.67,82.65,-5.0,-1.67,-41.67,3.48,1.16,0.4,0.4,0.5,0.0,,0.0,0.5,0.0,0.75,0.6,0.0,0.0,0.0,16.67,0.0
4,高雄全家海神,121|122|10893|12908,吳曉謹/陳懷安/崔維斯/布里茲克,1,24,32.0,1114.24,18.57,18:34,1114.24,18.57,18:34,2.0,2.0,6.25,3.88,16.0,16.0,50.0,31.02,10.0,10.0,31.25,19.39,1.0,1.0,3.12,1.94,7.0,7.0,21.88,13.57,1.0,1.0,3.12,1.94,3.0,3.0,9.38,5.82,0.0,0.0,0.0,0.0,0.0,0.0,0.0,0.0,0.0,0.0,0.0,0.0,2.0,2.0,6.25,3.88,5.0,5.0,15.62,9.69,1.0,1.0,3.12,1.94,3.0,3.0,9.38,5.82,6.0,6.0,18.75,11.63,0.0,0.0,0.0,0.0,3.0,3.0,9.38,5.82,0.0,0.0,0.0,0.0,4.0,4.0,12.5,7.75,9.0,9.0,28.12,17.45,6.25,50.0,-43.75,41.36,-14.0,-14.0,-43.75,18.57,18.57,0.1,0.1,0.14,0.0,,0.38,0.0,0.4,0.83,0.64,9.38,0.0,0.12,28.12,0.0
4,高雄全家海神,121|123|10893|12908,吳曉謹/勤明慶/崔維斯/布里茲克,1,13,17.0,881.98,14.7,14:42,881.98,14.7,14:42,2.0,2.0,11.76,4.9,7.0,7.0,41.18,17.14,4.0,4.0,23.53,9.8,1.0,1.0,5.88,2.45,4.0,4.0,23.53,9.8,1.0,1.0,5.88,2.45,0.0,0.0,0.0,0.0,0.0,0.0,0.0,0.0,0.0,0.0,0.0,0.0,0.0,0.0,0.0,0.0,1.0,1.0,5.88,2.45,1.0,1.0,5.88,2.45,0.0,0.0,0.0,0.0,2.0,2.0,11.76,4.9,4.0,4.0,23.53,9.8,0.0,0.0,0.0,0.0,2.0,2.0,11.76,4.9,0.0,0.0,0.0,0.0,3.0,3.0,17.65,7.35,6.0,6.0,35.29,14.69,11.76,41.18,-29.41,27.76,-5.0,-5.0,-29.41,14.7,14.7,0.25,0.25,0.25,,,0.5,0.0,0.33,1.0,0.5,11.76,0.0,0.18,35.29,0.0
4,高雄全家海神,122|123|10893|12908,陳懷安/勤明慶/崔維斯/布里茲克,1,12,16.0,860.98,14.35,14:21,860.98,14.35,14:21,2.0,2.0,12.5,5.02,7.0,7.0,43.75,17.56,4.0,4.0,25.0,10.04,1.0,1.0,6.25,2.51,4.0,4.0,25.0,10.04,1.0,1.0,6.25,2.51,0.0,0.0,0.0,0.0,0.0,0.0,0.0,0.0,0.0,0.0,0.0,0.0,0.0,0.0,0.0,0.0,1.0,1.0,6.25,2.51,1.0,1.0,6.25,2.51,0.0,0.0,0.0,0.0,1.0,1.0,6.25,2.51,4.0,4.0,25.0,10.04,0.0,0.0,0.0,0.0,2.0,2.0,12.5,5.02,0.0,0.0,0.0,0.0,2.0,2.0,12.5,5.02,6.0,6.0,37.5,15.05,12.5,43.75,-31.25,26.76,-5.0,-5.0,-31.25,14.35,14.35,0.25,0.25,0.25,,,0.5,0.0,0.5,1.0,0.67,12.5,0.0,0.12,37.5,0.0
4,高雄全家海神,45|121|123|10893,施晉堯/吳曉謹/勤明慶/崔維斯,1,1,1.0,21.0,0.35,00:21,21.0,0.35,00:21,0.0,0.0,0.0,0.0,0.0,0.0,0.0,0.0,0.0,0.0,0.0,0.0,0.0,0.0,0.0,0.0,0.0,0.0,0.0,0.0,0.0,0.0,0.0,0.0,0.0,0.0,0.0,0.0,0.0,0.0,0.0,0.0,0.0,0.0,0.0,0.0,0.0,0.0,0.0,0.0,0.0,0.0,0.0,0.0,0.0,0.0,0.0,0.0,0.0,0.0,0.0,0.0,1.0,1.0,100.0,102.86,0.0,0.0,0.0,0.0,0.0,0.0,0.0,0.0,0.0,0.0,0.0,0.0,0.0,0.0,0.0,0.0,1.0,1.0,100.0,102.86,0.0,0.0,0.0,0.0,0.0,0.0,0.0,68.57,0.0,0.0,0.0,0.35,0.35,,,,,,,,0.0,,0.0,0.0,0.0,1.0,0.0,
4,高雄全家海神,45|121|123|12908,施晉堯/吳曉謹/勤明慶/布里茲克,1,1,1.0,21.0,0.35,00:21,21.0,0.35,00:21,0.0,0.0,0.0,0.0,0.0,0.0,0.0,0.0,0.0,0.0,0.0,0.0,0.0,0.0,0.0,0.0,0.0,0.0,0.0,0.0,0.0,0.0,0.0,0.0,0.0,0.0,0.0,0.0,0.0,0.0,0.0,0.0,0.0,0.0,0.0,0.0,0.0,0.0,0.0,0.0,0.0,0.0,0.0,0.0,0.0,0.0,0.0,0.0,0.0,0.0,0.0,0.0,1.0,1.0,100.0,102.86,0.0,0.0,0.0,0.0,0.0,0.0,0.0,0.0,0.0,0.0,0.0,0.0,0.0,0.0,0.0,0.0,1.0,1.0,100.0,102.86,0.0,0.0,0.0,0.0,0.0,0.0,0.0,68.57,0.0,0.0,0.0,0.35,0.35,,,,,,,,0.0,,0.0,0.0,0.0,1.0,0.0,
4,高雄全家海神,45|121|10893|12908,施晉堯/吳曉謹/崔維斯/布里茲克,1,52,62.0,870.14,14.5,14:30,870.14,14.5,14:30,20.0,20.0,32.26,49.65,25.0,25.0,40.32,62.06,27.0,27.0,43.55,67.02,9.0,9.0,14.52,22.34,18.0,18.0,29.03,44.68,7.0,7.0,11.29,17.38,9.0,9.0,14.52,22.34,2.0,2.0,3.23,4.96,1.0,1.0,1.61,2.48,0.0,0.0,0.0,0.0,5.0,5.0,8.06,12.41,12.0,12.0,19.35,29.79,1.0,1.0,1.61,2.48,9.0,9.0,14.52,22.34,5.0,5.0,8.06,12.41,5.0,5.0,8.06,12.41,2.0,2.0,3.23,4.96,2.0,2.0,3.23,4.96,5.0,5.0,8.06,12.41,7.0,7.0,11.29,17.38,32.26,40.32,-8.06,102.6,-5.0,-5.0,-8.06,14.5,14.5,0.37,0.36,0.39,0.22,0.0,0.15,0.56,0.36,0.92,0.63,3.23,3.23,0.08,11.29,0.04
4,高雄全家海神,45|123|10893|12908,施晉堯/勤明慶/崔維斯/布里茲克,1,1,1.0,21.0,0.35,00:21,21.0,0.35,00:21,0.0,0.0,0.0,0.0,0.0,0.0,0.0,0.0,0.0,0.0,0.0,0.0,0.0,0.0,0.0,0.0,0.0,0.0,0.0,0.0,0.0,0.0,0.0,0.0,0.0,0.0,0.0,0.0,0.0,0.0,0.0,0.0,0.0,0.0,0.0,0.0,0.0,0.0,0.0,0.0,0.0,0.0,0.0,0.0,0.0,0.0,0.0,0.0,0.0,0.0,0.0,0.0,1.0,1.0,100.0,102.86,0.0,0.0,0.0,0.0,0.0,0.0,0.0,0.0,0.0,0.0,0.0,0.0,0.0,0.0,0.0,0.0,1.0,1.0,100.0,102.86,0.0,0.0,0.0,0.0,0.0,0.0,0.0,68.57,0.0,0.0,0.0,0.35,0.35,,,,,,,,0.0,,0.0,0.0,0.0,1.0,0.0,
4,高雄全家海神,45|118|121|12908,施晉堯/蘇文儒/吳曉謹/布里茲克,2,44,53.0,691.69,11.53,11:32,345.84,5.76,05:46,21.0,10.5,39.62,65.58,19.0,9.5,35.85,59.33,24.0,12.0,45.28,74.95,9.0,4.5,16.98,28.11,15.0,7.5,28.3,46.84,6.0,3.0,11.32,18.74,9.0,4.5,16.98,28.11,3.0,1.5,5.66,9.37,1.0,0.5,1.89,3.12,0.0,0.0,0.0,0.0,5.0,2.5,9.43,15.61,10.0,5.0,18.87,31.23,1.0,0.5,1.89,3.12,8.0,4.0,15.09,24.98,4.0,2.0,7.55,12.49,5.0,2.5,9.43,15.61,1.0,0.5,1.89,3.12,2.0,1.0,3.77,6.25,1.0,0.5,1.89,3.12,8.0,4.0,15.09,24.98,39.62,35.85,3.77,110.34,2.0,1.0,3.77,11.53,5.76,0.44,0.43,0.4,0.33,0.0,0.14,0.56,0.38,0.91,0.62,1.89,3.77,0.02,15.09,0.04
4,高雄全家海神,118|121|10893|12908,蘇文儒/吳曉謹/崔維斯/布里茲克,1,32,37.0,459.88,7.66,07:40,459.88,7.66,07:40,15.0,15.0,40.54,70.45,10.0,10.0,27.03,46.97,18.0,18.0,48.65,84.54,7.0,7.0,18.92,32.88,13.0,13.0,35.14,61.06,6.0,6.0,16.22,28.18,5.0,5.0,13.51,23.48,1.0,1.0,2.7,4.7,1.0,1.0,2.7,4.7,0.0,0.0,0.0,0.0,4.0,4.0,10.81,18.79,7.0,7.0,18.92,32.88,0.0,0.0,0.0,0.0,6.0,6.0,16.22,28.18,3.0,3.0,8.11,14.09,4.0,4.0,10.81,18.79,1.0,1.0,2.7,4.7,2.0,2.0,5.41,9.39,1.0,1.0,2.7,4.7,4.0,4.0,10.81,18.79,40.54,27.03,13.51,115.86,5.0,5.0,13.51,7.66,7.66,0.42,0.41,0.46,0.2,0.0,0.14,0.57,0.4,1.0,0.65,2.7,5.41,0.03,10.81,0.06
4,新竹御嵿攻城獅,87|88|90|5948,蔡宸綱/盧冠軒/李啓瑋/克雷格,1,7,7.0,57.0,0.95,00:57,57.0,0.95,00:57,0.0,0.0,0.0,0.0,2.0,2.0,28.57,75.79,2.0,2.0,28.57,75.79,0.0,0.0,0.0,0.0,1.0,1.0,14.29,37.89,0.0,0.0,0.0,0.0,1.0,1.0,14.29,37.89,0.0,0.0,0.0,0.0,0.0,0.0,0.0,0.0,0.0,0.0,0.0,0.0,0.0,0.0,0.0,0.0,2.0,2.0,28.57,75.79,0.0,0.0,0.0,0.0,1.0,1.0,14.29,37.89,1.0,1.0,14.29,37.89,0.0,0.0,0.0,0.0,0.0,0.0,0.0,0.0,0.0,0.0,0.0,0.0,0.0,0.0,0.0,0.0,0.0,0.0,0.0,0.0,0.0,28.57,-28.57,176.84,-2.0,-2.0,-28.57,0.95,0.95,0.0,0.0,0.0,0.0,,0.33,,0.0,1.0,0.67,0.0,0.0,0.0,0.0,0.0
4,新竹御嵿攻城獅,87|88|90|10887,蔡宸綱/盧冠軒/李啓瑋/德魯,1,7,7.0,57.0,0.95,00:57,57.0,0.95,00:57,0.0,0.0,0.0,0.0,2.0,2.0,28.57,75.79,2.0,2.0,28.57,75.79,0.0,0.0,0.0,0.0,1.0,1.0,14.29,37.89,0.0,0.0,0.0,0.0,1.0,1.0,14.29,37.89,0.0,0.0,0.0,0.0,0.0,0.0,0.0,0.0,0.0,0.0,0.0,0.0,0.0,0.0,0.0,0.0,2.0,2.0,28.57,75.79,0.0,0.0,0.0,0.0,1.0,1.0,14.29,37.89,1.0,1.0,14.29,37.89,0.0,0.0,0.0,0.0,0.0,0.0,0.0,0.0,0.0,0.0,0.0,0.0,0.0,0.0,0.0,0.0,0.0,0.0,0.0,0.0,0.0,28.57,-28.57,176.84,-2.0,-2.0,-28.57,0.95,0.95,0.0,0.0,0.0,0.0,,0.33,,0.0,1.0,0.67,0.0,0.0,0.0,0.0,0.0
4,新竹御嵿攻城獅,88|90|5948|10887,盧冠軒/李啓瑋/克雷格/德魯,2,19,22.0,219.8,3.66,03:40,109.9,1.83,01:50,6.0,3.0,27.27,58.96,15.0,7.5,68.18,147.41,8.0,4.0,36.36,78.62,3.0,1.5,13.64,29.48,7.0,3.5,31.82,68.79,3.0,1.5,13.64,29.48,1.0,0.5,4.55,9.83,0.0,0.0,0.0,0.0,0.0,0.0,0.0,0.0,0.0,0.0,0.0,0.0,1.0,0.5,4.55,9.83,4.0,2.0,18.18,39.31,2.0,1.0,9.09,19.65,2.0,1.0,9.09,19.65,2.0,1.0,9.09,19.65,1.0,0.5,4.55,9.83,1.0,0.5,4.55,9.83,0.0,0.0,0.0,0.0,0.0,0.0,0.0,0.0,6.0,3.0,27.27,58.96,27.27,68.18,-40.91,144.13,-9.0,-4.5,-40.91,3.66,1.83,0.38,0.38,0.43,0.0,,0.2,0.33,0.33,0.67,0.56,4.55,0.0,0.0,27.27,0.0
4,新竹御嵿攻城獅,76|87|90|10887,曾柏喻/蔡宸綱/李啓瑋/德魯,1,13,15.0,185.2,3.09,03:05,185.2,3.09,03:05,9.0,9.0,60.0,104.97,7.0,7.0,46.67,81.64,2.0,2.0,13.33,23.33,2.0,2.0,13.33,23.33,2.0,2.0,13.33,23.33,2.0,2.0,13.33,23.33,0.0,0.0,0.0,0.0,0.0,0.0,0.0,0.0,6.0,6.0,40.0,69.98,5.0,5.0,33.33,58.32,0.0,0.0,0.0,0.0,0.0,0.0,0.0,0.0,2.0,2.0,13.33,23.33,2.0,2.0,13.33,23.33,1.0,1.0,6.67,11.66,2.0,2.0,13.33,23.33,1.0,1.0,6.67,11.66,0.0,0.0,0.0,0.0,3.0,3.0,20.0,34.99,1.0,1.0,6.67,11.66,60.0,46.67,13.33,116.63,2.0,2.0,13.33,3.09,3.09,1.0,0.97,1.0,,0.83,0.18,1.0,0.0,0.0,0.0,6.67,0.0,0.2,6.67,3.0
4,新竹御嵿攻城獅,76|87|90|10888,曾柏喻/蔡宸綱/李啓瑋/帕塞獅,1,13,15.0,185.2,3.09,03:05,185.2,3.09,03:05,9.0,9.0,60.0,104.97,7.0,7.0,46.67,81.64,2.0,2.0,13.33,23.33,2.0,2.0,13.33,23.33,2.0,2.0,13.33,23.33,2.0,2.0,13.33,23.33,0.0,0.0,0.0,0.0,0.0,0.0,0.0,0.0,6.0,6.0,40.0,69.98,5.0,5.0,33.33,58.32,0.0,0.0,0.0,0.0,0.0,0.0,0.0,0.0,2.0,2.0,13.33,23.33,2.0,2.0,13.33,23.33,1.0,1.0,6.67,11.66,2.0,2.0,13.33,23.33,1.0,1.0,6.67,11.66,0.0,0.0,0.0,0.0,3.0,3.0,20.0,34.99,1.0,1.0,6.67,11.66,60.0,46.67,13.33,116.63,2.0,2.0,13.33,3.09,3.09,1.0,0.97,1.0,,0.83,0.18,1.0,0.0,0.0,0.0,6.67,0.0,0.2,6.67,3.0
4,新竹御嵿攻城獅,87|90|10887|10888,蔡宸綱/李啓瑋/德魯/帕塞獅,1,13,15.0,185.2,3.09,03:05,185.2,3.09,03:05,9.0,9.0,60.0,104.97,7.0,7.0,46.67,81.64,2.0,2.0,13.33,23.33,2.0,2.0,13.33,23.33,2.0,2.0,13.33,23.33,2.0,2.0,13.33,23.33,0.0,0.0,0.0,0.0,0.0,0.0,0.0,0.0,6.0,6.0,40.0,69.98,5.0,5.0,33.33,58.32,0.0,0.0,0.0,0.0,0.0,0.0,0.0,0.0,2.0,2.0,13.33,23.33,2.0,2.0,13.33,23.33,1.0,1.0,6.67,11.66,2.0,2.0,13.33,23.33,1.0,1.0,6.67,11.66,0.0,0.0,0.0,0.0,3.0,3.0,20.0,34.99,1.0,1.0,6.67,11.66,60.0,46.67,13.33,116.63,2.0,2.0,13.33,3.09,3.09,1.0,0.97,1.0,,0.83,0.18,1.0,0.0,0.0,0.0,6.67,0.0,0.2,6.67,3.0
4,高雄全家海神,45|119|121|10893,施晉堯/余純安/吳曉謹/崔維斯,1,26,30.0,456.57,7.61,07:37,456.57,7.61,07:37,13.0,13.0,43.33,61.5,14.0,14.0,46.67,66.23,10.0,10.0,33.33,47.31,5.0,5.0,16.67,23.65,5.0,5.0,16.67,23.65,2.0,2.0,6.67,9.46,5.0,5.0,16.67,23.65,3.0,3.0,10.0,14.19,1.0,1.0,3.33,4.73,0.0,0.0,0.0,0.0,0.0,0.0,0.0,0.0,6.0,6.0,20.0,28.39,1.0,1.0,3.33,4.73,4.0,4.0,13.33,18.92,3.0,3.0,10.0,14.19,3.0,3.0,10.0,14.19,1.0,1.0,3.33,4.73,0.0,0.0,0.0,0.0,3.0,3.0,10.0,14.19,2.0,2.0,6.67,9.46,43.33,46.67,-3.33,94.62,-1.0,-1.0,-3.33,7.61,7.61,0.65,0.62,0.4,0.6,0.0,0.22,0.6,0.0,0.86,0.55,3.33,0.0,0.1,6.67,0.1
4,高雄全家海神,45|119|121|12668,施晉堯/余純安/吳曉謹/歐提斯,1,21,24.0,333.91,5.57,05:34,333.91,5.57,05:34,8.0,8.0,33.33,51.75,8.0,8.0,33.33,51.75,7.0,7.0,29.17,45.28,3.0,3.0,12.5,19.41,3.0,3.0,12.5,19.41,1.0,1.0,4.17,6.47,4.0,4.0,16.67,25.88,2.0,2.0,8.33,12.94,3.0,3.0,12.5,19.41,0.0,0.0,0.0,0.0,0.0,0.0,0.0,0.0,5.0,5.0,20.83,32.34,1.0,1.0,4.17,6.47,4.0,4.0,16.67,25.88,3.0,3.0,12.5,19.41,2.0,2.0,8.33,12.94,1.0,1.0,4.17,6.47,0.0,0.0,0.0,0.0,3.0,3.0,12.5,19.41,2.0,2.0,8.33,12.94,33.33,33.33,0.0,103.5,0.0,0.0,0.0,5.57,5.57,0.57,0.48,0.33,0.5,0.0,0.27,0.67,0.0,0.83,0.5,4.17,0.0,0.12,8.33,0.43
4,高雄全家海神,119|121|10893|12668,余純安/吳曉謹/崔維斯/歐提斯,1,19,22.0,320.57,5.34,05:21,320.57,5.34,05:21,8.0,8.0,36.36,53.9,8.0,8.0,36.36,53.9,7.0,7.0,31.82,47.17,3.0,3.0,13.64,20.21,3.0,3.0,13.64,20.21,1.0,1.0,4.55,6.74,4.0,4.0,18.18,26.95,2.0,2.0,9.09,13.48,1.0,1.0,4.55,6.74,0.0,0.0,0.0,0.0,0.0,0.0,0.0,0.0,5.0,5.0,22.73,33.69,1.0,1.0,4.55,6.74,4.0,4.0,18.18,26.95,3.0,3.0,13.64,20.21,2.0,2.0,9.09,13.48,1.0,1.0,4.55,6.74,0.0,0.0,0.0,0.0,2.0,2.0,9.09,13.48,2.0,2.0,9.09,13.48,36.36,36.36,0.0,98.82,0.0,0.0,0.0,5.34,5.34,0.57,0.54,0.33,0.5,0.0,0.29,0.67,0.0,0.83,0.5,4.55,0.0,0.09,9.09,0.14
4,高雄全家海神,45|119|121|12908,施晉堯/余純安/吳曉謹/布里茲克,1,9,10.0,149.34,2.49,02:29,149.34,2.49,02:29,5.0,5.0,50.0,72.32,6.0,6.0,60.0,86.78,3.0,3.0,30.0,43.39,2.0,2.0,20.0,28.93,2.0,2.0,20.0,28.93,1.0,1.0,10.0,14.46,1.0,1.0,10.0,14.46,1.0,1.0,10.0,14.46,2.0,2.0,20.0,28.93,0.0,0.0,0.0,0.0,0.0,0.0,0.0,0.0,1.0,1.0,10.0,14.46,0.0,0.0,0.0,0.0,0.0,0.0,0.0,0.0,0.0,0.0,0.0,0.0,1.0,1.0,10.0,14.46,0.0,0.0,0.0,0.0,0.0,0.0,0.0,0.0,2.0,2.0,20.0,28.93,0.0,0.0,0.0,0.0,50.0,60.0,-10.0,96.43,-1.0,-1.0,-10.0,2.49,2.49,0.83,0.64,0.5,1.0,0.0,0.0,0.5,,1.0,1.0,0.0,0.0,0.2,0.0,0.67
4,高雄全家海神,45|119|12668|12908,施晉堯/余純安/歐提斯/布里茲克,1,5,7.0,84.57,1.41,01:25,84.57,1.41,01:25,5.0,5.0,71.43,127.7,0.0,0.0,0.0,0.0,3.0,3.0,42.86,76.62,2.0,2.0,28.57,51.08,1.0,1.0,14.29,25.54,1.0,1.0,14.29,25.54,2.0,2.0,28.57,51.08,1.0,1.0,14.29,25.54,3.0,3.0,42.86,76.62,0.0,0.0,0.0,0.0,1.0,1.0,14.29,25.54,1.0,1.0,14.29,25.54,0.0,0.0,0.0,0.0,1.0,1.0,14.29,25.54,0.0,0.0,0.0,0.0,2.0,2.0,28.57,51.08,0.0,0.0,0.0,0.0,0.0,0.0,0.0,0.0,2.0,2.0,28.57,51.08,0.0,0.0,0.0,0.0,71.43,0.0,71.43,119.19,5.0,5.0,71.43,1.41,1.41,0.83,0.58,1.0,0.5,0.0,0.0,1.0,0.5,1.0,0.67,0.0,0.0,0.29,0.0,1.0
4,高雄全家海神,45|121|12668|12908,施晉堯/吳曉謹/歐提斯/布里茲克,1,9,9.0,79.81,1.33,01:20,79.81,1.33,01:20,2.0,2.0,22.22,54.13,4.0,4.0,44.44,108.25,2.0,2.0,22.22,54.13,0.0,0.0,0.0,0.0,2.0,2.0,22.22,54.13,0.0,0.0,0.0,0.0,0.0,0.0,0.0,0.0,0.0,0.0,0.0,0.0,4.0,4.0,44.44,108.25,2.0,2.0,22.22,54.13,0.0,0.0,0.0,0.0,2.0,2.0,22.22,54.13,0.0,0.0,0.0,0.0,0.0,0.0,0.0,0.0,1.0,1.0,11.11,27.06,1.0,1.0,11.11,27.06,0.0,0.0,0.0,0.0,0.0,0.0,0.0,0.0,2.0,2.0,22.22,54.13,4.0,4.0,44.44,108.25,22.22,44.44,-22.22,162.38,-2.0,-2.0,-22.22,1.33,1.33,0.0,0.27,0.0,,0.5,0.21,,,1.0,1.0,0.0,0.0,0.22,44.44,2.0
4,高雄全家海神,119|121|12668|12908,余純安/吳曉謹/歐提斯/布里茲克,1,2,2.0,13.34,0.22,00:13,13.34,0.22,00:13,0.0,0.0,0.0,0.0,0.0,0.0,0.0,0.0,0.0,0.0,0.0,0.0,0.0,0.0,0.0,0.0,0.0,0.0,0.0,0.0,0.0,0.0,0.0,0.0,0.0,0.0,0.0,0.0,0.0,0.0,0.0,0.0,2.0,2.0,100.0,323.91,0.0,0.0,0.0,0.0,0.0,0.0,0.0,0.0,0.0,0.0,0.0,0.0,0.0,0.0,0.0,0.0,0.0,0.0,0.0,0.0,0.0,0.0,0.0,0.0,0.0,0.0,0.0,0.0,0.0,0.0,0.0,0.0,0.0,0.0,0.0,0.0,1.0,1.0,50.0,161.96,0.0,0.0,0.0,0.0,0.0,0.0,0.0,215.94,0.0,0.0,0.0,0.22,0.22,,0.0,,,0.0,0.0,,,,,0.0,0.0,0.5,0.0,
4,高雄全家海神,45|121|10891|12668,施晉堯/吳曉謹/廖偉皓/歐提斯,1,6,6.0,66.16,1.1,01:06,66.16,1.1,01:06,2.0,2.0,33.33,65.3,2.0,2.0,33.33,65.3,2.0,2.0,33.33,65.3,0.0,0.0,0.0,0.0,2.0,2.0,33.33,65.3,0.0,0.0,0.0,0.0,0.0,0.0,0.0,0.0,0.0,0.0,0.0,0.0,2.0,2.0,33.33,65.3,2.0,2.0,33.33,65.3,0.0,0.0,0.0,0.0,2.0,2.0,33.33,65.3,0.0,0.0,0.0,0.0,0.0,0.0,0.0,0.0,1.0,1.0,16.67,32.65,1.0,1.0,16.67,32.65,0.0,0.0,0.0,0.0,0.0,0.0,0.0,0.0,1.0,1.0,16.67,32.65,2.0,2.0,33.33,65.3,33.33,33.33,0.0,130.6,0.0,0.0,0.0,1.1,1.1,0.0,0.35,0.0,,1.0,0.26,,,1.0,1.0,0.0,0.0,0.17,33.33,1.0
4,高雄全家海神,45|121|10891|12908,施晉堯/吳曉謹/廖偉皓/布里茲克,1,6,6.0,66.16,1.1,01:06,66.16,1.1,01:06,2.0,2.0,33.33,65.3,2.0,2.0,33.33,65.3,2.0,2.0,33.33,65.3,0.0,0.0,0.0,0.0,2.0,2.0,33.33,65.3,0.0,0.0,0.0,0.0,0.0,0.0,0.0,0.0,0.0,0.0,0.0,0.0,2.0,2.0,33.33,65.3,2.0,2.0,33.33,65.3,0.0,0.0,0.0,0.0,2.0,2.0,33.33,65.3,0.0,0.0,0.0,0.0,0.0,0.0,0.0,0.0,1.0,1.0,16.67,32.65,1.0,1.0,16.67,32.65,0.0,0.0,0.0,0.0,0.0,0.0,0.0,0.0,1.0,1.0,16.67,32.65,2.0,2.0,33.33,65.3,33.33,33.33,0.0,130.6,0.0,0.0,0.0,1.1,1.1,0.0,0.35,0.0,,1.0,0.26,,,1.0,1.0,0.0,0.0,0.17,33.33,1.0
4,高雄全家海神,45|10891|12668|12908,施晉堯/廖偉皓/歐提斯/布里茲克,1,13,14.0,175.16,2.92,02:55,175.16,2.92,02:55,10.0,10.0,71.43,123.32,5.0,5.0,35.71,61.66,6.0,6.0,42.86,73.99,3.0,3.0,21.43,37.0,4.0,4.0,28.57,49.33,1.0,1.0,7.14,12.33,2.0,2.0,14.29,24.66,2.0,2.0,14.29,24.66,2.0,2.0,14.29,24.66,2.0,2.0,14.29,24.66,0.0,0.0,0.0,0.0,3.0,3.0,21.43,37.0,0.0,0.0,0.0,0.0,2.0,2.0,14.29,24.66,1.0,1.0,7.14,12.33,3.0,3.0,21.43,37.0,0.0,0.0,0.0,0.0,0.0,0.0,0.0,0.0,1.0,1.0,7.14,12.33,4.0,4.0,28.57,49.33,71.43,35.71,35.71,115.1,5.0,5.0,35.71,2.92,2.92,0.67,0.73,0.25,1.0,1.0,0.13,1.0,0.0,1.0,0.6,0.0,0.0,0.07,28.57,0.33
4,高雄全家海神,121|10891|12668|12908,吳曉謹/廖偉皓/歐提斯/布里茲克,1,6,6.0,66.16,1.1,01:06,66.16,1.1,01:06,2.0,2.0,33.33,65.3,2.0,2.0,33.33,65.3,2.0,2.0,33.33,65.3,0.0,0.0,0.0,0.0,2.0,2.0,33.33,65.3,0.0,0.0,0.0,0.0,0.0,0.0,0.0,0.0,0.0,0.0,0.0,0.0,2.0,2.0,33.33,65.3,2.0,2.0,33.33,65.3,0.0,0.0,0.0,0.0,2.0,2.0,33.33,65.3,0.0,0.0,0.0,0.0,0.0,0.0,0.0,0.0,1.0,1.0,16.67,32.65,1.0,1.0,16.67,32.65,0.0,0.0,0.0,0.0,0.0,0.0,0.0,0.0,1.0,1.0,16.67,32.65,2.0,2.0,33.33,65.3,33.33,33.33,0.0,130.6,0.0,0.0,0.0,1.1,1.1,0.0,0.35,0.0,,1.0,0.26,,,1.0,1.0,0.0,0.0,0.17,33.33,1.0
4,高雄全家海神,45|123|10891|12668,施晉堯/勤明慶/廖偉皓/歐提斯,1,7,8.0,109.0,1.82,01:49,109.0,1.82,01:49,8.0,8.0,100.0,158.53,3.0,3.0,37.5,59.45,4.0,4.0,50.0,79.27,3.0,3.0,37.5,59.45,2.0,2.0,25.0,39.63,1.0,1.0,12.5,19.82,2.0,2.0,25.0,39.63,2.0,2.0,25.0,39.63,0.0,0.0,0.0,0.0,0.0,0.0,0.0,0.0,0.0,0.0,0.0,0.0,1.0,1.0,12.5,19.82,0.0,0.0,0.0,0.0,2.0,2.0,25.0,39.63,0.0,0.0,0.0,0.0,2.0,2.0,25.0,39.63,0.0,0.0,0.0,0.0,0.0,0.0,0.0,0.0,0.0,0.0,0.0,0.0,2.0,2.0,25.0,39.63,100.0,37.5,62.5,105.69,5.0,5.0,62.5,1.82,1.82,1.0,1.0,0.5,1.0,,0.0,0.67,0.0,1.0,0.33,0.0,0.0,0.0,25.0,0.0
4,高雄全家海神,45|123|10891|12908,施晉堯/勤明慶/廖偉皓/布里茲克,1,7,8.0,109.0,1.82,01:49,109.0,1.82,01:49,8.0,8.0,100.0,158.53,3.0,3.0,37.5,59.45,4.0,4.0,50.0,79.27,3.0,3.0,37.5,59.45,2.0,2.0,25.0,39.63,1.0,1.0,12.5,19.82,2.0,2.0,25.0,39.63,2.0,2.0,25.0,39.63,0.0,0.0,0.0,0.0,0.0,0.0,0.0,0.0,0.0,0.0,0.0,0.0,1.0,1.0,12.5,19.82,0.0,0.0,0.0,0.0,2.0,2.0,25.0,39.63,0.0,0.0,0.0,0.0,2.0,2.0,25.0,39.63,0.0,0.0,0.0,0.0,0.0,0.0,0.0,0.0,0.0,0.0,0.0,0.0,2.0,2.0,25.0,39.63,100.0,37.5,62.5,105.69,5.0,5.0,62.5,1.82,1.82,1.0,1.0,0.5,1.0,,0.0,0.67,0.0,1.0,0.33,0.0,0.0,0.0,25.0,0.0
4,高雄全家海神,45|123|12668|12908,施晉堯/勤明慶/歐提斯/布里茲克,2,26,35.0,462.68,7.71,07:43,231.34,3.86,03:51,22.0,11.0,62.86,102.71,13.0,6.5,37.14,60.69,16.0,8.0,45.71,74.69,8.0,4.0,22.86,37.35,7.0,3.5,20.0,32.68,4.0,2.0,11.43,18.67,9.0,4.5,25.71,42.02,4.0,2.0,11.43,18.67,2.0,1.0,5.71,9.34,0.0,0.0,0.0,0.0,5.0,2.5,14.29,23.34,5.0,2.5,14.29,23.34,1.0,0.5,2.86,4.67,5.0,2.5,14.29,23.34,2.0,1.0,5.71,9.34,7.0,3.5,20.0,32.68,1.0,0.5,2.86,4.67,0.0,0.0,0.0,0.0,2.0,1.0,5.71,9.34,4.0,2.0,11.43,18.67,62.86,37.14,25.71,108.93,9.0,4.5,25.71,7.71,3.86,0.62,0.65,0.57,0.44,0.0,0.11,0.88,0.5,0.83,0.62,2.86,0.0,0.06,11.43,0.12
4,高雄全家海神,123|10891|12668|12908,勤明慶/廖偉皓/歐提斯/布里茲克,1,7,8.0,109.0,1.82,01:49,109.0,1.82,01:49,8.0,8.0,100.0,158.53,3.0,3.0,37.5,59.45,4.0,4.0,50.0,79.27,3.0,3.0,37.5,59.45,2.0,2.0,25.0,39.63,1.0,1.0,12.5,19.82,2.0,2.0,25.0,39.63,2.0,2.0,25.0,39.63,0.0,0.0,0.0,0.0,0.0,0.0,0.0,0.0,0.0,0.0,0.0,0.0,1.0,1.0,12.5,19.82,0.0,0.0,0.0,0.0,2.0,2.0,25.0,39.63,0.0,0.0,0.0,0.0,2.0,2.0,25.0,39.63,0.0,0.0,0.0,0.0,0.0,0.0,0.0,0.0,0.0,0.0,0.0,0.0,2.0,2.0,25.0,39.63,100.0,37.5,62.5,105.69,5.0,5.0,62.5,1.82,1.82,1.0,1.0,0.5,1.0,,0.0,0.67,0.0,1.0,0.33,0.0,0.0,0.0,25.0,0.0
4,高雄全家海神,119|121|10893|12908,余純安/吳曉謹/崔維斯/布里茲克,1,7,8.0,136.0,2.27,02:16,136.0,2.27,02:16,5.0,5.0,62.5,79.41,6.0,6.0,75.0,95.29,3.0,3.0,37.5,47.65,2.0,2.0,25.0,31.76,2.0,2.0,25.0,31.76,1.0,1.0,12.5,15.88,1.0,1.0,12.5,15.88,1.0,1.0,12.5,15.88,0.0,0.0,0.0,0.0,0.0,0.0,0.0,0.0,0.0,0.0,0.0,0.0,1.0,1.0,12.5,15.88,0.0,0.0,0.0,0.0,0.0,0.0,0.0,0.0,0.0,0.0,0.0,0.0,1.0,1.0,12.5,15.88,0.0,0.0,0.0,0.0,0.0,0.0,0.0,0.0,1.0,1.0,12.5,15.88,0.0,0.0,0.0,0.0,62.5,75.0,-12.5,84.71,-1.0,-1.0,-12.5,2.27,2.27,0.83,0.83,0.5,1.0,,0.0,0.5,,1.0,1.0,0.0,0.0,0.12,0.0,0.0
4,新竹御嵿攻城獅,76|82|90|5948,曾柏喻/蕭順議/李啓瑋/克雷格,1,3,5.0,72.23,1.2,01:12,72.23,1.2,01:12,0.0,0.0,0.0,0.0,5.0,5.0,100.0,149.51,1.0,1.0,20.0,29.9,0.0,0.0,0.0,0.0,1.0,1.0,20.0,29.9,0.0,0.0,0.0,0.0,0.0,0.0,0.0,0.0,0.0,0.0,0.0,0.0,0.0,0.0,0.0,0.0,0.0,0.0,0.0,0.0,0.0,0.0,0.0,0.0,1.0,1.0,20.0,29.9,1.0,1.0,20.0,29.9,1.0,1.0,20.0,29.9,0.0,0.0,0.0,0.0,0.0,0.0,0.0,0.0,0.0,0.0,0.0,0.0,0.0,0.0,0.0,0.0,1.0,1.0,20.0,29.9,1.0,1.0,20.0,29.9,0.0,100.0,-100.0,99.68,-5.0,-5.0,-100.0,1.2,1.2,0.0,0.0,0.0,,,0.0,,0.0,0.5,0.33,0.0,0.0,0.2,20.0,0.0
4,新竹御嵿攻城獅,76|82|90|10888,曾柏喻/蕭順議/李啓瑋/帕塞獅,1,3,5.0,72.23,1.2,01:12,72.23,1.2,01:12,0.0,0.0,0.0,0.0,5.0,5.0,100.0,149.51,1.0,1.0,20.0,29.9,0.0,0.0,0.0,0.0,1.0,1.0,20.0,29.9,0.0,0.0,0.0,0.0,0.0,0.0,0.0,0.0,0.0,0.0,0.0,0.0,0.0,0.0,0.0,0.0,0.0,0.0,0.0,0.0,0.0,0.0,0.0,0.0,1.0,1.0,20.0,29.9,1.0,1.0,20.0,29.9,1.0,1.0,20.0,29.9,0.0,0.0,0.0,0.0,0.0,0.0,0.0,0.0,0.0,0.0,0.0,0.0,0.0,0.0,0.0,0.0,1.0,1.0,20.0,29.9,1.0,1.0,20.0,29.9,0.0,100.0,-100.0,99.68,-5.0,-5.0,-100.0,1.2,1.2,0.0,0.0,0.0,,,0.0,,0.0,0.5,0.33,0.0,0.0,0.2,20.0,0.0
4,新竹御嵿攻城獅,76|90|5948|10888,曾柏喻/李啓瑋/克雷格/帕塞獅,1,3,5.0,72.23,1.2,01:12,72.23,1.2,01:12,0.0,0.0,0.0,0.0,5.0,5.0,100.0,149.51,1.0,1.0,20.0,29.9,0.0,0.0,0.0,0.0,1.0,1.0,20.0,29.9,0.0,0.0,0.0,0.0,0.0,0.0,0.0,0.0,0.0,0.0,0.0,0.0,0.0,0.0,0.0,0.0,0.0,0.0,0.0,0.0,0.0,0.0,0.0,0.0,1.0,1.0,20.0,29.9,1.0,1.0,20.0,29.9,1.0,1.0,20.0,29.9,0.0,0.0,0.0,0.0,0.0,0.0,0.0,0.0,0.0,0.0,0.0,0.0,0.0,0.0,0.0,0.0,1.0,1.0,20.0,29.9,1.0,1.0,20.0,29.9,0.0,100.0,-100.0,99.68,-5.0,-5.0,-100.0,1.2,1.2,0.0,0.0,0.0,,,0.0,,0.0,0.5,0.33,0.0,0.0,0.2,20.0,0.0
4,新竹御嵿攻城獅,82|90|5948|10888,蕭順議/李啓瑋/克雷格/帕塞獅,1,3,5.0,72.23,1.2,01:12,72.23,1.2,01:12,0.0,0.0,0.0,0.0,5.0,5.0,100.0,149.51,1.0,1.0,20.0,29.9,0.0,0.0,0.0,0.0,1.0,1.0,20.0,29.9,0.0,0.0,0.0,0.0,0.0,0.0,0.0,0.0,0.0,0.0,0.0,0.0,0.0,0.0,0.0,0.0,0.0,0.0,0.0,0.0,0.0,0.0,0.0,0.0,1.0,1.0,20.0,29.9,1.0,1.0,20.0,29.9,1.0,1.0,20.0,29.9,0.0,0.0,0.0,0.0,0.0,0.0,0.0,0.0,0.0,0.0,0.0,0.0,0.0,0.0,0.0,0.0,1.0,1.0,20.0,29.9,1.0,1.0,20.0,29.9,0.0,100.0,-100.0,99.68,-5.0,-5.0,-100.0,1.2,1.2,0.0,0.0,0.0,,,0.0,,0.0,0.5,0.33,0.0,0.0,0.2,20.0,0.0
4,高雄全家海神,45|119|123|12668,施晉堯/余純安/勤明慶/歐提斯,1,3,5.0,71.23,1.19,01:11,71.23,1.19,01:11,5.0,5.0,100.0,151.61,0.0,0.0,0.0,0.0,3.0,3.0,60.0,90.97,2.0,2.0,40.0,60.65,1.0,1.0,20.0,30.32,1.0,1.0,20.0,30.32,2.0,2.0,40.0,60.65,1.0,1.0,20.0,30.32,1.0,1.0,20.0,30.32,0.0,0.0,0.0,0.0,1.0,1.0,20.0,30.32,1.0,1.0,20.0,30.32,0.0,0.0,0.0,0.0,1.0,1.0,20.0,30.32,0.0,0.0,0.0,0.0,2.0,2.0,40.0,60.65,0.0,0.0,0.0,0.0,0.0,0.0,0.0,0.0,1.0,1.0,20.0,30.32,0.0,0.0,0.0,0.0,100.0,0.0,100.0,101.08,5.0,5.0,100.0,1.19,1.19,0.83,0.73,1.0,0.5,0.0,0.0,1.0,0.5,1.0,0.67,0.0,0.0,0.2,0.0,0.33
4,高雄全家海神,45|119|123|12908,施晉堯/余純安/勤明慶/布里茲克,1,3,5.0,71.23,1.19,01:11,71.23,1.19,01:11,5.0,5.0,100.0,151.61,0.0,0.0,0.0,0.0,3.0,3.0,60.0,90.97,2.0,2.0,40.0,60.65,1.0,1.0,20.0,30.32,1.0,1.0,20.0,30.32,2.0,2.0,40.0,60.65,1.0,1.0,20.0,30.32,1.0,1.0,20.0,30.32,0.0,0.0,0.0,0.0,1.0,1.0,20.0,30.32,1.0,1.0,20.0,30.32,0.0,0.0,0.0,0.0,1.0,1.0,20.0,30.32,0.0,0.0,0.0,0.0,2.0,2.0,40.0,60.65,0.0,0.0,0.0,0.0,0.0,0.0,0.0,0.0,1.0,1.0,20.0,30.32,0.0,0.0,0.0,0.0,100.0,0.0,100.0,101.08,5.0,5.0,100.0,1.19,1.19,0.83,0.73,1.0,0.5,0.0,0.0,1.0,0.5,1.0,0.67,0.0,0.0,0.2,0.0,0.33
4,新竹御嵿攻城獅,76|5948|10885|10888,曾柏喻/克雷格/劉丞勳/帕塞獅,1,8,12.0,144.0,2.4,02:24,144.0,2.4,02:24,4.0,4.0,33.33,60.0,2.0,2.0,16.67,30.0,5.0,5.0,41.67,75.0,1.0,1.0,8.33,15.0,2.0,2.0,16.67,30.0,0.0,0.0,0.0,0.0,3.0,3.0,25.0,45.0,1.0,1.0,8.33,15.0,2.0,2.0,16.67,30.0,1.0,1.0,8.33,15.0,3.0,3.0,25.0,45.0,2.0,2.0,16.67,30.0,1.0,1.0,8.33,15.0,2.0,2.0,16.67,30.0,1.0,1.0,8.33,15.0,1.0,1.0,8.33,15.0,0.0,0.0,0.0,0.0,0.0,0.0,0.0,0.0,1.0,1.0,8.33,15.0,0.0,0.0,0.0,0.0,33.33,16.67,16.67,120.0,2.0,2.0,16.67,2.4,2.4,0.3,0.34,0.0,0.33,0.5,0.15,1.0,0.6,0.67,0.62,0.0,0.0,0.08,0.0,0.4
4,新竹御嵿攻城獅,82|5948|10885|10888,蕭順議/克雷格/劉丞勳/帕塞獅,1,8,12.0,144.0,2.4,02:24,144.0,2.4,02:24,4.0,4.0,33.33,60.0,2.0,2.0,16.67,30.0,5.0,5.0,41.67,75.0,1.0,1.0,8.33,15.0,2.0,2.0,16.67,30.0,0.0,0.0,0.0,0.0,3.0,3.0,25.0,45.0,1.0,1.0,8.33,15.0,2.0,2.0,16.67,30.0,1.0,1.0,8.33,15.0,3.0,3.0,25.0,45.0,2.0,2.0,16.67,30.0,1.0,1.0,8.33,15.0,2.0,2.0,16.67,30.0,1.0,1.0,8.33,15.0,1.0,1.0,8.33,15.0,0.0,0.0,0.0,0.0,0.0,0.0,0.0,0.0,1.0,1.0,8.33,15.0,0.0,0.0,0.0,0.0,33.33,16.67,16.67,120.0,2.0,2.0,16.67,2.4,2.4,0.3,0.34,0.0,0.33,0.5,0.15,1.0,0.6,0.67,0.62,0.0,0.0,0.08,0.0,0.4
4,新竹御嵿攻城獅,76|82|88|10887,曾柏喻/蕭順議/盧冠軒/德魯,3,32,42.0,603.3,10.06,10:03,201.1,3.35,03:21,19.0,6.33,45.24,68.03,23.0,7.67,54.76,82.35,11.0,3.67,26.19,39.38,7.0,2.33,16.67,25.06,8.0,2.67,19.05,28.64,5.0,1.67,11.9,17.9,3.0,1.0,7.14,10.74,2.0,0.67,4.76,7.16,4.0,1.33,9.52,14.32,3.0,1.0,7.14,10.74,3.0,1.0,7.14,10.74,1.0,0.33,2.38,3.58,3.0,1.0,7.14,10.74,6.0,2.0,14.29,21.48,6.0,2.0,14.29,21.48,5.0,1.67,11.9,17.9,3.0,1.0,7.14,10.74,0.0,0.0,0.0,0.0,7.0,2.33,16.67,25.06,3.0,1.0,7.14,10.74,45.24,54.76,-9.52,100.25,-4.0,-1.33,-9.52,10.06,3.35,0.73,0.74,0.62,0.67,0.75,0.32,0.71,0.33,0.25,0.31,7.14,0.0,0.17,7.14,0.36
4,新竹御嵿攻城獅,76|82|88|10888,曾柏喻/蕭順議/盧冠軒/帕塞獅,3,43,57.0,812.18,13.54,13:32,270.73,4.51,04:31,30.0,10.0,52.63,79.78,31.0,10.33,54.39,82.44,20.0,6.67,35.09,53.19,12.0,4.0,21.05,31.91,15.0,5.0,26.32,39.89,9.0,3.0,15.79,23.94,5.0,1.67,8.77,13.3,3.0,1.0,5.26,7.98,4.0,1.33,7.02,10.64,3.0,1.0,5.26,7.98,5.0,1.67,8.77,13.3,3.0,1.0,5.26,7.98,6.0,2.0,10.53,15.96,5.0,1.67,8.77,13.3,5.0,1.67,8.77,13.3,5.0,1.67,8.77,13.3,3.0,1.0,5.26,7.98,0.0,0.0,0.0,0.0,7.0,2.33,12.28,18.62,8.0,2.67,14.04,21.28,52.63,54.39,-1.75,101.06,-1.0,-0.33,-1.75,13.54,4.51,0.68,0.69,0.6,0.6,0.75,0.19,0.42,0.5,0.33,0.42,5.26,0.0,0.12,14.04,0.2
4,新竹御嵿攻城獅,82|88|10887|10888,蕭順議/盧冠軒/德魯/帕塞獅,3,29,36.0,490.32,8.17,08:10,163.44,2.72,02:43,15.0,5.0,41.67,66.08,14.0,4.67,38.89,61.67,10.0,3.33,27.78,44.05,5.0,1.67,13.89,22.03,9.0,3.0,25.0,39.65,4.0,1.33,11.11,17.62,1.0,0.33,2.78,4.41,1.0,0.33,2.78,4.41,7.0,2.33,19.44,30.84,4.0,1.33,11.11,17.62,3.0,1.0,8.33,13.22,3.0,1.0,8.33,13.22,3.0,1.0,8.33,13.22,4.0,1.33,11.11,17.62,4.0,1.33,11.11,17.62,4.0,1.33,11.11,17.62,1.0,0.33,2.78,4.41,0.0,0.0,0.0,0.0,7.0,2.33,19.44,30.84,3.0,1.0,8.33,13.22,41.67,38.89,2.78,105.73,1.0,0.33,2.78,8.17,2.72,0.55,0.57,0.44,1.0,0.57,0.23,0.8,0.43,0.5,0.46,2.78,0.0,0.19,8.33,0.7
4,高雄全家海神,45|118|123|12668,施晉堯/蘇文儒/勤明慶/歐提斯,2,16,22.0,282.45,4.71,04:42,141.22,2.35,02:21,9.0,4.5,40.91,68.83,10.0,5.0,45.45,76.47,9.0,4.5,40.91,68.83,3.0,1.5,13.64,22.94,4.0,2.0,18.18,30.59,2.0,1.0,9.09,15.29,5.0,2.5,22.73,38.24,1.0,0.5,4.55,7.65,1.0,0.5,4.55,7.65,0.0,0.0,0.0,0.0,4.0,2.0,18.18,30.59,3.0,1.5,13.64,22.94,1.0,0.5,4.55,7.65,2.0,1.0,9.09,15.29,2.0,1.0,9.09,15.29,3.0,1.5,13.64,22.94,1.0,0.5,4.55,7.65,0.0,0.0,0.0,0.0,1.0,0.5,4.55,7.65,2.0,1.0,9.09,15.29,40.91,45.45,-4.55,112.16,-1.0,-0.5,-4.55,4.71,2.35,0.39,0.48,0.5,0.2,0.0,0.17,1.0,0.67,0.75,0.7,4.55,0.0,0.05,9.09,0.11
4,高雄全家海神,45|118|123|12908,施晉堯/蘇文儒/勤明慶/布里茲克,2,17,23.0,283.17,4.72,04:43,141.59,2.36,02:22,10.0,5.0,43.48,76.28,10.0,5.0,43.48,76.28,9.0,4.5,39.13,68.65,3.0,1.5,13.04,22.88,4.0,2.0,17.39,30.51,2.0,1.0,8.7,15.26,5.0,2.5,21.74,38.14,1.0,0.5,4.35,7.63,3.0,1.5,13.04,22.88,1.0,0.5,4.35,7.63,4.0,2.0,17.39,30.51,3.0,1.5,13.04,22.88,1.0,0.5,4.35,7.63,2.0,1.0,8.7,15.26,2.0,1.0,8.7,15.26,3.0,1.5,13.04,22.88,1.0,0.5,4.35,7.63,0.0,0.0,0.0,0.0,1.0,0.5,4.35,7.63,2.0,1.0,8.7,15.26,43.48,43.48,0.0,116.96,0.0,0.0,0.0,4.72,2.36,0.39,0.48,0.5,0.2,0.33,0.16,1.0,0.67,0.75,0.7,4.35,0.0,0.04,8.7,0.33
4,高雄全家海神,45|118|12668|12908,施晉堯/蘇文儒/歐提斯/布里茲克,2,16,22.0,282.45,4.71,04:42,141.22,2.35,02:21,9.0,4.5,40.91,68.83,10.0,5.0,45.45,76.47,9.0,4.5,40.91,68.83,3.0,1.5,13.64,22.94,4.0,2.0,18.18,30.59,2.0,1.0,9.09,15.29,5.0,2.5,22.73,38.24,1.0,0.5,4.55,7.65,1.0,0.5,4.55,7.65,0.0,0.0,0.0,0.0,4.0,2.0,18.18,30.59,3.0,1.5,13.64,22.94,1.0,0.5,4.55,7.65,2.0,1.0,9.09,15.29,2.0,1.0,9.09,15.29,3.0,1.5,13.64,22.94,1.0,0.5,4.55,7.65,0.0,0.0,0.0,0.0,1.0,0.5,4.55,7.65,2.0,1.0,9.09,15.29,40.91,45.45,-4.55,112.16,-1.0,-0.5,-4.55,4.71,2.35,0.39,0.48,0.5,0.2,0.0,0.17,1.0,0.67,0.75,0.7,4.55,0.0,0.05,9.09,0.11
4,高雄全家海神,118|123|12668|12908,蘇文儒/勤明慶/歐提斯/布里茲克,4,123,153.0,2053.59,34.23,34:14,513.4,8.56,08:33,66.0,16.5,43.14,69.42,63.0,15.75,41.18,66.26,58.0,14.5,37.91,61.01,24.0,6.0,15.69,25.24,33.0,8.25,21.57,34.71,15.0,3.75,9.8,15.78,25.0,6.25,16.34,26.3,9.0,2.25,5.88,9.47,10.0,2.5,6.54,10.52,7.0,1.75,4.58,7.36,9.0,2.25,5.88,9.47,28.0,7.0,18.3,29.45,10.0,2.5,6.54,10.52,16.0,4.0,10.46,16.83,10.0,2.5,6.54,10.52,17.0,4.25,11.11,17.88,4.0,1.0,2.61,4.21,2.0,0.5,1.31,2.1,9.0,2.25,5.88,9.47,19.0,4.75,12.42,19.98,43.14,41.18,1.96,107.29,3.0,0.75,1.96,34.23,8.56,0.49,0.53,0.45,0.36,0.7,0.14,0.71,0.36,0.74,0.59,2.61,1.31,0.06,12.42,0.17
4,高雄全家海神,45|118|122|12668,施晉堯/蘇文儒/陳懷安/歐提斯,1,1,2.0,31.11,0.52,00:31,31.11,0.52,00:31,0.0,0.0,0.0,0.0,0.0,0.0,0.0,0.0,0.0,0.0,0.0,0.0,0.0,0.0,0.0,0.0,0.0,0.0,0.0,0.0,0.0,0.0,0.0,0.0,0.0,0.0,0.0,0.0,0.0,0.0,0.0,0.0,2.0,2.0,100.0,138.88,2.0,2.0,100.0,138.88,0.0,0.0,0.0,0.0,0.0,0.0,0.0,0.0,1.0,1.0,50.0,69.44,0.0,0.0,0.0,0.0,0.0,0.0,0.0,0.0,0.0,0.0,0.0,0.0,0.0,0.0,0.0,0.0,0.0,0.0,0.0,0.0,0.0,0.0,0.0,0.0,0.0,0.0,0.0,0.0,0.0,0.0,0.0,92.59,0.0,0.0,0.0,0.52,0.52,,0.0,,,1.0,0.0,,,0.0,0.0,0.0,0.0,0.0,0.0,
4,新竹御嵿攻城獅,75|76|10885|10888,高國豪/曾柏喻/劉丞勳/帕塞獅,14,639,759.0,10845.2,180.75,180:45,774.66,12.91,12:55,351.0,25.07,46.25,69.91,294.0,21.0,38.74,58.55,297.0,21.21,39.13,59.15,134.0,9.57,17.65,26.69,194.0,13.86,25.56,38.64,98.0,7.0,12.91,19.52,103.0,7.36,13.57,20.51,36.0,2.57,4.74,7.17,69.0,4.93,9.09,13.74,44.0,3.14,5.8,8.76,45.0,3.21,5.93,8.96,134.0,9.57,17.65,26.69,42.0,3.0,5.53,8.36,134.0,9.57,17.65,26.69,40.0,2.86,5.27,7.97,77.0,5.5,10.14,15.34,18.0,1.29,2.37,3.58,11.0,0.79,1.45,2.19,74.0,5.29,9.75,14.74,55.0,3.93,7.25,10.95,46.25,38.74,7.51,100.78,57.0,4.07,7.51,180.75,12.91,0.51,0.54,0.51,0.35,0.64,0.11,0.57,0.25,0.76,0.5,2.37,1.45,0.1,7.25,0.23
4,高雄全家海神,118|122|10891|10893,蘇文儒/陳懷安/廖偉皓/崔維斯,1,2,4.0,39.87,0.66,00:40,39.87,0.66,00:40,3.0,3.0,75.0,162.52,1.0,1.0,25.0,54.17,1.0,1.0,25.0,54.17,1.0,1.0,25.0,54.17,0.0,0.0,0.0,0.0,0.0,0.0,0.0,0.0,1.0,1.0,25.0,54.17,1.0,1.0,25.0,54.17,0.0,0.0,0.0,0.0,0.0,0.0,0.0,0.0,0.0,0.0,0.0,0.0,0.0,0.0,0.0,0.0,2.0,2.0,50.0,108.34,0.0,0.0,0.0,0.0,0.0,0.0,0.0,0.0,0.0,0.0,0.0,0.0,0.0,0.0,0.0,0.0,0.0,0.0,0.0,0.0,0.0,0.0,0.0,0.0,0.0,0.0,0.0,0.0,75.0,25.0,50.0,144.46,2.0,2.0,50.0,0.66,0.66,1.5,1.5,,1.0,,0.0,0.0,,0.0,0.0,0.0,0.0,0.0,0.0,0.0
4,高雄全家海神,118|122|10891|12668,蘇文儒/陳懷安/廖偉皓/歐提斯,2,7,9.0,145.87,2.43,02:26,72.94,1.22,01:13,3.0,1.5,33.33,44.42,4.0,2.0,44.44,59.23,4.0,2.0,44.44,59.23,1.0,0.5,11.11,14.81,2.0,1.0,22.22,29.61,0.0,0.0,0.0,0.0,2.0,1.0,22.22,29.61,1.0,0.5,11.11,14.81,0.0,0.0,0.0,0.0,0.0,0.0,0.0,0.0,0.0,0.0,0.0,0.0,3.0,1.5,33.33,44.42,2.0,1.0,22.22,29.61,0.0,0.0,0.0,0.0,0.0,0.0,0.0,0.0,0.0,0.0,0.0,0.0,0.0,0.0,0.0,0.0,0.0,0.0,0.0,0.0,0.0,0.0,0.0,0.0,0.0,0.0,0.0,0.0,33.33,44.44,-11.11,88.84,-1.0,-0.5,-11.11,2.43,1.22,0.38,0.38,0.0,0.5,,0.0,0.0,,0.6,0.6,0.0,0.0,0.0,0.0,0.0
4,高雄全家海神,118|10891|10893|12668,蘇文儒/廖偉皓/崔維斯/歐提斯,1,2,4.0,39.87,0.66,00:40,39.87,0.66,00:40,3.0,3.0,75.0,162.52,1.0,1.0,25.0,54.17,1.0,1.0,25.0,54.17,1.0,1.0,25.0,54.17,0.0,0.0,0.0,0.0,0.0,0.0,0.0,0.0,1.0,1.0,25.0,54.17,1.0,1.0,25.0,54.17,0.0,0.0,0.0,0.0,0.0,0.0,0.0,0.0,0.0,0.0,0.0,0.0,0.0,0.0,0.0,0.0,2.0,2.0,50.0,108.34,0.0,0.0,0.0,0.0,0.0,0.0,0.0,0.0,0.0,0.0,0.0,0.0,0.0,0.0,0.0,0.0,0.0,0.0,0.0,0.0,0.0,0.0,0.0,0.0,0.0,0.0,0.0,0.0,75.0,25.0,50.0,144.46,2.0,2.0,50.0,0.66,0.66,1.5,1.5,,1.0,,0.0,0.0,,0.0,0.0,0.0,0.0,0.0,0.0,0.0
4,高雄全家海神,122|10891|10893|12668,陳懷安/廖偉皓/崔維斯/歐提斯,1,4,6.0,66.5,1.11,01:06,66.5,1.11,01:06,3.0,3.0,50.0,97.45,3.0,3.0,50.0,97.45,1.0,1.0,16.67,32.48,1.0,1.0,16.67,32.48,0.0,0.0,0.0,0.0,0.0,0.0,0.0,0.0,1.0,1.0,16.67,32.48,1.0,1.0,16.67,32.48,0.0,0.0,0.0,0.0,0.0,0.0,0.0,0.0,0.0,0.0,0.0,0.0,0.0,0.0,0.0,0.0,2.0,2.0,33.33,64.96,1.0,1.0,16.67,32.48,1.0,1.0,16.67,32.48,0.0,0.0,0.0,0.0,1.0,1.0,16.67,32.48,0.0,0.0,0.0,0.0,0.0,0.0,0.0,0.0,2.0,2.0,33.33,64.96,50.0,50.0,0.0,129.93,0.0,0.0,0.0,1.11,1.11,1.5,1.5,,1.0,,0.5,0.0,0.0,0.0,0.0,16.67,0.0,0.0,33.33,0.0
4,高雄全家海神,121|122|10891|10893,吳曉謹/陳懷安/廖偉皓/崔維斯,1,2,2.0,26.62,0.44,00:27,26.62,0.44,00:27,0.0,0.0,0.0,0.0,2.0,2.0,100.0,162.25,0.0,0.0,0.0,0.0,0.0,0.0,0.0,0.0,0.0,0.0,0.0,0.0,0.0,0.0,0.0,0.0,0.0,0.0,0.0,0.0,0.0,0.0,0.0,0.0,0.0,0.0,0.0,0.0,0.0,0.0,0.0,0.0,0.0,0.0,0.0,0.0,0.0,0.0,0.0,0.0,0.0,0.0,0.0,0.0,1.0,1.0,50.0,81.13,1.0,1.0,50.0,81.13,0.0,0.0,0.0,0.0,1.0,1.0,50.0,81.13,0.0,0.0,0.0,0.0,0.0,0.0,0.0,0.0,2.0,2.0,100.0,162.25,0.0,100.0,-100.0,108.17,-2.0,-2.0,-100.0,0.44,0.44,,,,,,1.0,,0.0,,0.0,50.0,0.0,0.0,100.0,
4,高雄全家海神,121|122|10891|12668,吳曉謹/陳懷安/廖偉皓/歐提斯,1,2,2.0,26.62,0.44,00:27,26.62,0.44,00:27,0.0,0.0,0.0,0.0,2.0,2.0,100.0,162.25,0.0,0.0,0.0,0.0,0.0,0.0,0.0,0.0,0.0,0.0,0.0,0.0,0.0,0.0,0.0,0.0,0.0,0.0,0.0,0.0,0.0,0.0,0.0,0.0,0.0,0.0,0.0,0.0,0.0,0.0,0.0,0.0,0.0,0.0,0.0,0.0,0.0,0.0,0.0,0.0,0.0,0.0,0.0,0.0,1.0,1.0,50.0,81.13,1.0,1.0,50.0,81.13,0.0,0.0,0.0,0.0,1.0,1.0,50.0,81.13,0.0,0.0,0.0,0.0,0.0,0.0,0.0,0.0,2.0,2.0,100.0,162.25,0.0,100.0,-100.0,108.17,-2.0,-2.0,-100.0,0.44,0.44,,,,,,1.0,,0.0,,0.0,50.0,0.0,0.0,100.0,
4,高雄全家海神,121|10891|10893|12668,吳曉謹/廖偉皓/崔維斯/歐提斯,1,2,2.0,26.62,0.44,00:27,26.62,0.44,00:27,0.0,0.0,0.0,0.0,2.0,2.0,100.0,162.25,0.0,0.0,0.0,0.0,0.0,0.0,0.0,0.0,0.0,0.0,0.0,0.0,0.0,0.0,0.0,0.0,0.0,0.0,0.0,0.0,0.0,0.0,0.0,0.0,0.0,0.0,0.0,0.0,0.0,0.0,0.0,0.0,0.0,0.0,0.0,0.0,0.0,0.0,0.0,0.0,0.0,0.0,0.0,0.0,1.0,1.0,50.0,81.13,1.0,1.0,50.0,81.13,0.0,0.0,0.0,0.0,1.0,1.0,50.0,81.13,0.0,0.0,0.0,0.0,0.0,0.0,0.0,0.0,2.0,2.0,100.0,162.25,0.0,100.0,-100.0,108.17,-2.0,-2.0,-100.0,0.44,0.44,,,,,,1.0,,0.0,,0.0,50.0,0.0,0.0,100.0,
4,高雄全家海神,45|121|122|10893,施晉堯/吳曉謹/陳懷安/崔維斯,1,12,16.0,253.26,4.22,04:13,253.26,4.22,04:13,0.0,0.0,0.0,0.0,9.0,9.0,56.25,76.76,6.0,6.0,37.5,51.17,0.0,0.0,0.0,0.0,3.0,3.0,18.75,25.59,0.0,0.0,0.0,0.0,3.0,3.0,18.75,25.59,0.0,0.0,0.0,0.0,0.0,0.0,0.0,0.0,0.0,0.0,0.0,0.0,1.0,1.0,6.25,8.53,4.0,4.0,25.0,34.12,1.0,1.0,6.25,8.53,2.0,2.0,12.5,17.06,2.0,2.0,12.5,17.06,0.0,0.0,0.0,0.0,1.0,1.0,6.25,8.53,0.0,0.0,0.0,0.0,2.0,2.0,12.5,17.06,3.0,3.0,18.75,25.59,0.0,56.25,-56.25,90.97,-9.0,-9.0,-56.25,4.22,4.22,0.0,0.0,0.0,0.0,,0.25,,0.33,0.8,0.62,6.25,0.0,0.12,18.75,0.0
4,高雄全家海神,45|121|122|12908,施晉堯/吳曉謹/陳懷安/布里茲克,1,13,17.0,253.58,4.23,04:14,253.58,4.23,04:14,0.0,0.0,0.0,0.0,11.0,11.0,64.71,93.7,6.0,6.0,35.29,51.11,0.0,0.0,0.0,0.0,3.0,3.0,17.65,25.55,0.0,0.0,0.0,0.0,3.0,3.0,17.65,25.55,0.0,0.0,0.0,0.0,0.0,0.0,0.0,0.0,0.0,0.0,0.0,0.0,1.0,1.0,5.88,8.52,4.0,4.0,23.53,34.07,1.0,1.0,5.88,8.52,2.0,2.0,11.76,17.04,2.0,2.0,11.76,17.04,0.0,0.0,0.0,0.0,1.0,1.0,5.88,8.52,0.0,0.0,0.0,0.0,2.0,2.0,11.76,17.04,5.0,5.0,29.41,42.59,0.0,64.71,-64.71,96.54,-11.0,-11.0,-64.71,4.23,4.23,0.0,0.0,0.0,0.0,,0.25,,0.33,0.8,0.62,5.88,0.0,0.12,29.41,0.0
4,高雄全家海神,45|122|10893|12908,施晉堯/陳懷安/崔維斯/布里茲克,1,12,16.0,253.26,4.22,04:13,253.26,4.22,04:13,0.0,0.0,0.0,0.0,9.0,9.0,56.25,76.76,6.0,6.0,37.5,51.17,0.0,0.0,0.0,0.0,3.0,3.0,18.75,25.59,0.0,0.0,0.0,0.0,3.0,3.0,18.75,25.59,0.0,0.0,0.0,0.0,0.0,0.0,0.0,0.0,0.0,0.0,0.0,0.0,1.0,1.0,6.25,8.53,4.0,4.0,25.0,34.12,1.0,1.0,6.25,8.53,2.0,2.0,12.5,17.06,2.0,2.0,12.5,17.06,0.0,0.0,0.0,0.0,1.0,1.0,6.25,8.53,0.0,0.0,0.0,0.0,2.0,2.0,12.5,17.06,3.0,3.0,18.75,25.59,0.0,56.25,-56.25,90.97,-9.0,-9.0,-56.25,4.22,4.22,0.0,0.0,0.0,0.0,,0.25,,0.33,0.8,0.62,6.25,0.0,0.12,18.75,0.0
4,新竹御嵿攻城獅,75|88|10885|10887,高國豪/盧冠軒/劉丞勳/德魯,8,82,95.0,1215.37,20.26,20:15,151.92,2.53,02:32,31.0,3.88,32.63,55.09,37.0,4.62,38.95,65.76,32.0,4.0,33.68,56.87,10.0,1.25,10.53,17.77,19.0,2.38,20.0,33.77,6.0,0.75,6.32,10.66,13.0,1.62,13.68,23.1,4.0,0.5,4.21,7.11,10.0,1.25,10.53,17.77,6.0,0.75,6.32,10.66,9.0,1.12,9.47,16.0,14.0,1.75,14.74,24.88,4.0,0.5,4.21,7.11,15.0,1.88,15.79,26.66,12.0,1.5,12.63,21.33,6.0,0.75,6.32,10.66,7.0,0.88,7.37,12.44,1.0,0.12,1.05,1.78,10.0,1.25,10.53,17.77,16.0,2.0,16.84,28.44,32.63,38.95,-6.32,112.56,-6.0,-0.75,-6.32,20.26,2.53,0.38,0.43,0.32,0.31,0.6,0.25,0.6,0.38,0.78,0.55,7.37,1.05,0.11,16.84,0.31
4,高雄全家海神,45|121|122|12668,施晉堯/吳曉謹/陳懷安/歐提斯,2,9,10.0,92.78,1.55,01:33,46.39,0.77,00:46,3.0,1.5,30.0,69.84,6.0,3.0,60.0,139.69,3.0,1.5,30.0,69.84,1.0,0.5,10.0,23.28,3.0,1.5,30.0,69.84,1.0,0.5,10.0,23.28,0.0,0.0,0.0,0.0,0.0,0.0,0.0,0.0,2.0,1.0,20.0,46.56,1.0,0.5,10.0,23.28,0.0,0.0,0.0,0.0,2.0,1.0,20.0,46.56,0.0,0.0,0.0,0.0,0.0,0.0,0.0,0.0,0.0,0.0,0.0,0.0,1.0,0.5,10.0,23.28,0.0,0.0,0.0,0.0,0.0,0.0,0.0,0.0,0.0,0.0,0.0,0.0,2.0,1.0,20.0,46.56,30.0,60.0,-30.0,155.21,-3.0,-1.5,-30.0,1.55,0.77,0.33,0.39,0.33,,0.5,0.0,1.0,,1.0,1.0,0.0,0.0,0.0,20.0,0.67
4,高雄全家海神,45|122|12668|12908,施晉堯/陳懷安/歐提斯/布里茲克,1,1,1.0,0.32,0.01,00:00,0.32,0.01,00:00,0.0,0.0,0.0,0.0,2.0,2.0,200.0,13627.76,0.0,0.0,0.0,0.0,0.0,0.0,0.0,0.0,0.0,0.0,0.0,0.0,0.0,0.0,0.0,0.0,0.0,0.0,0.0,0.0,0.0,0.0,0.0,0.0,0.0,0.0,0.0,0.0,0.0,0.0,0.0,0.0,0.0,0.0,0.0,0.0,0.0,0.0,0.0,0.0,0.0,0.0,0.0,0.0,0.0,0.0,0.0,0.0,0.0,0.0,0.0,0.0,0.0,0.0,0.0,0.0,0.0,0.0,0.0,0.0,0.0,0.0,0.0,0.0,0.0,0.0,0.0,0.0,2.0,2.0,200.0,13627.76,0.0,200.0,-200.0,4542.59,-2.0,-2.0,-200.0,0.01,0.01,,,,,,,,,,,0.0,0.0,0.0,200.0,
4,臺北台新戰神,1|10|10865|10868,丁聖儒/雷蒙恩/謝銘駿/齊曼加,3,42,56.0,695.73,11.6,11:36,231.91,3.87,03:52,20.0,6.67,35.71,62.09,26.0,8.67,46.43,80.72,18.0,6.0,32.14,55.88,6.0,2.0,10.71,18.63,14.0,4.67,25.0,43.47,6.0,2.0,10.71,18.63,4.0,1.33,7.14,12.42,0.0,0.0,0.0,0.0,9.0,3.0,16.07,27.94,8.0,2.67,14.29,24.84,4.0,1.33,7.14,12.42,8.0,2.67,14.29,24.84,9.0,3.0,16.07,27.94,5.0,1.67,8.93,15.52,1.0,0.33,1.79,3.1,7.0,2.33,12.5,21.73,0.0,0.0,0.0,0.0,0.0,0.0,0.0,0.0,6.0,2.0,10.71,18.63,5.0,1.67,8.93,15.52,35.71,46.43,-10.71,115.91,-6.0,-2.0,-10.71,11.6,3.87,0.33,0.46,0.43,0.0,0.89,0.04,1.17,0.44,0.47,0.46,0.0,0.0,0.11,8.93,0.5
4,臺北台新戰神,1|10|10865|10869,丁聖儒/雷蒙恩/謝銘駿/基德,12,230,286.0,3718.08,61.97,61:58,309.84,5.16,05:10,127.0,10.58,44.41,73.78,129.0,10.75,45.1,74.94,105.0,8.75,36.71,61.0,41.0,3.42,14.34,23.82,62.0,5.17,21.68,36.02,31.0,2.58,10.84,18.01,43.0,3.58,15.03,24.98,10.0,0.83,3.5,5.81,48.0,4.0,16.78,27.89,35.0,2.92,12.24,20.33,21.0,1.75,7.34,12.2,49.0,4.08,17.13,28.47,21.0,1.75,7.34,12.2,39.0,3.25,13.64,22.66,16.0,1.33,5.59,9.3,30.0,2.5,10.49,17.43,6.0,0.5,2.1,3.49,3.0,0.25,1.05,1.74,32.0,2.67,11.19,18.59,42.0,3.5,14.69,24.4,44.41,45.1,-0.7,110.77,-2.0,-0.17,-0.7,61.97,5.16,0.44,0.5,0.5,0.23,0.73,0.11,0.73,0.35,0.7,0.54,2.1,1.05,0.11,14.69,0.46
4,臺北台新戰神,1|10865|10868|10869,丁聖儒/謝銘駿/齊曼加/基德,3,39,51.0,743.18,12.39,12:23,247.73,4.13,04:08,26.0,8.67,50.98,75.57,22.0,7.33,43.14,63.94,19.0,6.33,37.25,55.22,8.0,2.67,15.69,23.25,12.0,4.0,23.53,34.88,5.0,1.67,9.8,14.53,7.0,2.33,13.73,20.35,3.0,1.0,5.88,8.72,8.0,2.67,15.69,23.25,7.0,2.33,13.73,20.35,3.0,1.0,5.88,8.72,6.0,2.0,11.76,17.44,6.0,2.0,11.76,17.44,6.0,2.0,11.76,17.44,1.0,0.33,1.96,2.91,9.0,3.0,17.65,26.16,1.0,0.33,1.96,2.91,0.0,0.0,0.0,0.0,5.0,1.67,9.8,14.53,4.0,1.33,7.84,11.63,50.98,43.14,7.84,98.82,4.0,1.33,7.84,12.39,4.13,0.5,0.58,0.42,0.43,0.88,0.04,1.12,0.33,0.5,0.43,1.96,0.0,0.1,7.84,0.42
4,桃園台啤永豐雲豹,12|57|10860|10861,曹薰襄/莊博元/麥卡洛/迪亞洛,6,35,46.0,520.11,8.67,08:40,86.69,1.44,01:27,19.0,3.17,41.3,78.91,22.0,3.67,47.83,91.36,14.0,2.33,30.43,58.14,8.0,1.33,17.39,33.22,10.0,1.67,21.74,41.53,4.0,0.67,8.7,16.61,4.0,0.67,8.7,16.61,4.0,0.67,8.7,16.61,2.0,0.33,4.35,8.31,1.0,0.17,2.17,4.15,2.0,0.33,4.35,8.31,3.0,0.5,6.52,12.46,5.0,0.83,10.87,20.76,5.0,0.83,10.87,20.76,6.0,1.0,13.04,24.92,6.0,1.0,13.04,24.92,2.0,0.33,4.35,8.31,2.0,0.33,4.35,8.31,3.0,0.5,6.52,12.46,3.0,0.5,6.52,12.46,41.3,47.83,-6.52,127.36,-3.0,-0.5,-6.52,8.67,1.44,0.71,0.64,0.4,1.0,0.5,0.29,0.75,0.29,0.38,0.33,4.35,4.35,0.07,6.52,0.14
4,桃園台啤永豐雲豹,57|58|10860|10861,莊博元/林信寬/麥卡洛/迪亞洛,4,76,100.0,1182.07,19.7,19:42,295.52,4.93,04:56,43.0,10.75,43.0,78.57,53.0,13.25,53.0,96.85,32.0,8.0,32.0,58.47,15.0,3.75,15.0,27.41,18.0,4.5,18.0,32.89,10.0,2.5,10.0,18.27,14.0,3.5,14.0,25.58,5.0,1.25,5.0,9.14,12.0,3.0,12.0,21.93,10.0,2.5,10.0,18.27,9.0,2.25,9.0,16.45,9.0,2.25,9.0,16.45,9.0,2.25,9.0,16.45,8.0,2.0,8.0,14.62,10.0,2.5,10.0,18.27,10.0,2.5,10.0,18.27,4.0,1.0,4.0,7.31,2.0,0.5,2.0,3.65,9.0,2.25,9.0,16.45,8.0,2.0,8.0,14.62,43.0,53.0,-10.0,121.82,-10.0,-2.5,-10.0,19.7,4.93,0.55,0.58,0.56,0.36,0.83,0.21,0.67,0.53,0.5,0.51,4.0,2.0,0.09,8.0,0.38
4,桃園台啤永豐雲豹,12|57|58|10884,曹薰襄/莊博元/林信寬/徐宏瑋,1,2,3.0,45.32,0.76,00:45,45.32,0.76,00:45,0.0,0.0,0.0,0.0,1.0,1.0,33.33,47.67,2.0,2.0,66.67,95.33,0.0,0.0,0.0,0.0,2.0,2.0,66.67,95.33,0.0,0.0,0.0,0.0,0.0,0.0,0.0,0.0,0.0,0.0,0.0,0.0,0.0,0.0,0.0,0.0,0.0,0.0,0.0,0.0,1.0,1.0,33.33,47.67,1.0,1.0,33.33,47.67,0.0,0.0,0.0,0.0,0.0,0.0,0.0,0.0,0.0,0.0,0.0,0.0,0.0,0.0,0.0,0.0,0.0,0.0,0.0,0.0,0.0,0.0,0.0,0.0,0.0,0.0,0.0,0.0,1.0,1.0,33.33,47.67,0.0,33.33,-33.33,95.33,-1.0,-1.0,-33.33,0.76,0.76,0.0,0.0,0.0,,,0.0,,1.0,1.0,1.0,0.0,0.0,0.0,33.33,0.0
4,桃園台啤永豐雲豹,12|57|10860|10884,曹薰襄/莊博元/麥卡洛/徐宏瑋,1,2,3.0,45.32,0.76,00:45,45.32,0.76,00:45,0.0,0.0,0.0,0.0,1.0,1.0,33.33,47.67,2.0,2.0,66.67,95.33,0.0,0.0,0.0,0.0,2.0,2.0,66.67,95.33,0.0,0.0,0.0,0.0,0.0,0.0,0.0,0.0,0.0,0.0,0.0,0.0,0.0,0.0,0.0,0.0,0.0,0.0,0.0,0.0,1.0,1.0,33.33,47.67,1.0,1.0,33.33,47.67,0.0,0.0,0.0,0.0,0.0,0.0,0.0,0.0,0.0,0.0,0.0,0.0,0.0,0.0,0.0,0.0,0.0,0.0,0.0,0.0,0.0,0.0,0.0,0.0,0.0,0.0,0.0,0.0,1.0,1.0,33.33,47.67,0.0,33.33,-33.33,95.33,-1.0,-1.0,-33.33,0.76,0.76,0.0,0.0,0.0,,,0.0,,1.0,1.0,1.0,0.0,0.0,0.0,33.33,0.0
4,桃園台啤永豐雲豹,57|58|10860|10884,莊博元/林信寬/麥卡洛/徐宏瑋,1,2,3.0,45.32,0.76,00:45,45.32,0.76,00:45,0.0,0.0,0.0,0.0,1.0,1.0,33.33,47.67,2.0,2.0,66.67,95.33,0.0,0.0,0.0,0.0,2.0,2.0,66.67,95.33,0.0,0.0,0.0,0.0,0.0,0.0,0.0,0.0,0.0,0.0,0.0,0.0,0.0,0.0,0.0,0.0,0.0,0.0,0.0,0.0,1.0,1.0,33.33,47.67,1.0,1.0,33.33,47.67,0.0,0.0,0.0,0.0,0.0,0.0,0.0,0.0,0.0,0.0,0.0,0.0,0.0,0.0,0.0,0.0,0.0,0.0,0.0,0.0,0.0,0.0,0.0,0.0,0.0,0.0,0.0,0.0,1.0,1.0,33.33,47.67,0.0,33.33,-33.33,95.33,-1.0,-1.0,-33.33,0.76,0.76,0.0,0.0,0.0,,,0.0,,1.0,1.0,1.0,0.0,0.0,0.0,33.33,0.0
4,桃園台啤永豐雲豹,12|62|68|10861,曹薰襄/王皓吉/克羅馬/迪亞洛,8,66,72.0,1062.39,17.71,17:42,132.8,2.21,02:13,42.0,5.25,58.33,85.39,46.0,5.75,63.89,93.53,24.0,3.0,33.33,48.8,15.0,1.88,20.83,30.5,17.0,2.12,23.61,34.56,12.0,1.5,16.67,24.4,7.0,0.88,9.72,14.23,3.0,0.38,4.17,6.1,11.0,1.38,15.28,22.36,7.0,0.88,9.72,14.23,2.0,0.25,2.78,4.07,8.0,1.0,11.11,16.27,1.0,0.12,1.39,2.03,6.0,0.75,8.33,12.2,4.0,0.5,5.56,8.13,12.0,1.5,16.67,24.4,2.0,0.25,2.78,4.07,0.0,0.0,0.0,0.0,10.0,1.25,13.89,20.33,4.0,0.5,5.56,8.13,58.33,63.89,-5.56,97.59,-4.0,-0.5,-5.56,17.71,2.21,0.69,0.73,0.71,0.43,0.64,0.12,0.8,0.25,0.89,0.59,2.78,0.0,0.14,5.56,0.46
4,桃園台啤永豐雲豹,12|62|68|10884,曹薰襄/王皓吉/克羅馬/徐宏瑋,2,7,7.0,112.0,1.87,01:52,56.0,0.93,00:56,5.0,2.5,71.43,96.43,6.0,3.0,85.71,115.71,3.0,1.5,42.86,57.86,2.0,1.0,28.57,38.57,2.0,1.0,28.57,38.57,1.0,0.5,14.29,19.29,1.0,0.5,14.29,19.29,1.0,0.5,14.29,19.29,0.0,0.0,0.0,0.0,0.0,0.0,0.0,0.0,0.0,0.0,0.0,0.0,1.0,0.5,14.29,19.29,0.0,0.0,0.0,0.0,1.0,0.5,14.29,19.29,0.0,0.0,0.0,0.0,2.0,1.0,28.57,38.57,0.0,0.0,0.0,0.0,0.0,0.0,0.0,0.0,0.0,0.0,0.0,0.0,2.0,1.0,28.57,38.57,71.43,85.71,-14.29,90.0,-1.0,-0.5,-14.29,1.87,0.93,0.83,0.83,0.5,1.0,,0.0,1.0,0.0,1.0,0.5,0.0,0.0,0.0,28.57,0.0
4,桃園台啤永豐雲豹,12|62|10861|10884,曹薰襄/王皓吉/迪亞洛/徐宏瑋,2,7,7.0,112.0,1.87,01:52,56.0,0.93,00:56,5.0,2.5,71.43,96.43,6.0,3.0,85.71,115.71,3.0,1.5,42.86,57.86,2.0,1.0,28.57,38.57,2.0,1.0,28.57,38.57,1.0,0.5,14.29,19.29,1.0,0.5,14.29,19.29,1.0,0.5,14.29,19.29,0.0,0.0,0.0,0.0,0.0,0.0,0.0,0.0,0.0,0.0,0.0,0.0,1.0,0.5,14.29,19.29,0.0,0.0,0.0,0.0,1.0,0.5,14.29,19.29,0.0,0.0,0.0,0.0,2.0,1.0,28.57,38.57,0.0,0.0,0.0,0.0,0.0,0.0,0.0,0.0,0.0,0.0,0.0,0.0,2.0,1.0,28.57,38.57,71.43,85.71,-14.29,90.0,-1.0,-0.5,-14.29,1.87,0.93,0.83,0.83,0.5,1.0,,0.0,1.0,0.0,1.0,0.5,0.0,0.0,0.0,28.57,0.0
4,桃園台啤永豐雲豹,62|68|10861|10884,王皓吉/克羅馬/迪亞洛/徐宏瑋,2,16,17.0,261.86,4.36,04:22,130.93,2.18,02:11,10.0,5.0,58.82,82.49,15.0,7.5,88.24,123.73,6.0,3.0,35.29,49.49,4.0,2.0,23.53,33.0,3.0,1.5,17.65,24.75,2.0,1.0,11.76,16.5,3.0,1.5,17.65,24.75,2.0,1.0,11.76,16.5,0.0,0.0,0.0,0.0,0.0,0.0,0.0,0.0,0.0,0.0,0.0,0.0,2.0,1.0,11.76,16.5,1.0,0.5,5.88,8.25,1.0,0.5,5.88,8.25,1.0,0.5,5.88,8.25,3.0,1.5,17.65,24.75,1.0,0.5,5.88,8.25,0.0,0.0,0.0,0.0,0.0,0.0,0.0,0.0,2.0,1.0,11.76,16.5,58.82,88.24,-29.41,93.49,-5.0,-2.5,-29.41,4.36,2.18,0.83,0.83,0.67,0.67,,0.14,0.75,0.0,0.67,0.5,5.88,0.0,0.0,11.76,0.0
4,桃園台啤永豐雲豹,12|62|68|3129,曹薰襄/王皓吉/克羅馬/董永全,3,15,15.0,198.94,3.32,03:19,66.31,1.11,01:06,8.0,2.67,53.33,86.86,10.0,3.33,66.67,108.57,5.0,1.67,33.33,54.29,3.0,1.0,20.0,32.57,2.0,0.67,13.33,21.71,2.0,0.67,13.33,21.71,3.0,1.0,20.0,32.57,1.0,0.33,6.67,10.86,2.0,0.67,13.33,21.71,1.0,0.33,6.67,10.86,0.0,0.0,0.0,0.0,3.0,1.0,20.0,32.57,0.0,0.0,0.0,0.0,1.0,0.33,6.67,10.86,1.0,0.33,6.67,10.86,3.0,1.0,20.0,32.57,1.0,0.33,6.67,10.86,0.0,0.0,0.0,0.0,3.0,1.0,20.0,32.57,3.0,1.0,20.0,32.57,53.33,66.67,-13.33,108.57,-2.0,-0.67,-13.33,3.32,1.11,0.7,0.68,1.0,0.33,0.5,0.15,1.0,0.0,1.0,0.75,6.67,0.0,0.2,20.0,0.4
4,桃園台啤永豐雲豹,12|68|3129|10861,曹薰襄/克羅馬/董永全/迪亞洛,6,27,33.0,443.32,7.39,07:23,73.89,1.23,01:14,22.0,3.67,66.67,107.19,11.0,1.83,33.33,53.6,11.0,1.83,33.33,53.6,8.0,1.33,24.24,38.98,8.0,1.33,24.24,38.98,6.0,1.0,18.18,29.23,3.0,0.5,9.09,14.62,2.0,0.33,6.06,9.74,6.0,1.0,18.18,29.23,4.0,0.67,12.12,19.49,1.0,0.17,3.03,4.87,4.0,0.67,12.12,19.49,5.0,0.83,15.15,24.36,6.0,1.0,18.18,29.23,0.0,0.0,0.0,0.0,6.0,1.0,18.18,29.23,0.0,0.0,0.0,0.0,0.0,0.0,0.0,0.0,4.0,0.67,12.12,19.49,4.0,0.67,12.12,19.49,66.67,33.33,33.33,107.19,11.0,1.83,33.33,7.39,1.23,0.82,0.81,0.75,0.67,0.67,0.0,0.75,0.14,0.44,0.31,0.0,0.0,0.12,12.12,0.55
4,桃園台啤永豐雲豹,62|68|3129|10861,王皓吉/克羅馬/董永全/迪亞洛,3,27,31.0,421.44,7.02,07:01,140.48,2.34,02:20,18.0,6.0,58.06,92.25,23.0,7.67,74.19,117.88,12.0,4.0,38.71,61.5,6.0,2.0,19.35,30.75,6.0,2.0,19.35,30.75,3.0,1.0,9.68,15.38,6.0,2.0,19.35,30.75,3.0,1.0,9.68,15.38,4.0,1.33,12.9,20.5,3.0,1.0,9.68,15.38,2.0,0.67,6.45,10.25,5.0,1.67,16.13,25.63,2.0,0.67,6.45,10.25,3.0,1.0,9.68,15.38,1.0,0.33,3.23,5.13,4.0,1.33,12.9,20.5,1.0,0.33,3.23,5.13,0.0,0.0,0.0,0.0,4.0,1.33,12.9,20.5,6.0,2.0,19.35,30.75,58.06,74.19,-16.13,105.92,-5.0,-1.67,-16.13,7.02,2.34,0.62,0.65,0.5,0.5,0.75,0.07,0.67,0.4,0.71,0.58,3.23,0.0,0.13,19.35,0.33
4,桃園台啤永豐雲豹,54|62|68|3129,高錦瑋/王皓吉/克羅馬/董永全,3,34,43.0,575.47,9.59,09:35,191.82,3.2,03:12,21.0,7.0,48.84,78.82,25.0,8.33,58.14,93.84,19.0,6.33,44.19,71.32,8.0,2.67,18.6,30.03,12.0,4.0,27.91,45.04,6.0,2.0,13.95,22.52,7.0,2.33,16.28,26.27,2.0,0.67,4.65,7.51,3.0,1.0,6.98,11.26,3.0,1.0,6.98,11.26,5.0,1.67,11.63,18.77,6.0,2.0,13.95,22.52,2.0,0.67,4.65,7.51,5.0,1.67,11.63,18.77,2.0,0.67,4.65,7.51,2.0,0.67,4.65,7.51,2.0,0.67,4.65,7.51,0.0,0.0,0.0,0.0,4.0,1.33,9.3,15.01,4.0,1.33,9.3,15.01,48.84,58.14,-9.3,107.6,-4.0,-1.33,-9.3,9.59,3.2,0.47,0.52,0.5,0.29,1.0,0.09,0.25,0.5,0.75,0.61,4.65,0.0,0.09,9.3,0.16
4,桃園台啤永豐雲豹,54|68|3129|10861,高錦瑋/克羅馬/董永全/迪亞洛,12,326,386.0,5076.7,84.61,84:37,423.06,7.05,07:03,193.0,16.08,50.0,82.12,170.0,14.17,44.04,72.33,147.0,12.25,38.08,62.54,69.0,5.75,17.88,29.36,95.0,7.92,24.61,40.42,47.0,3.92,12.18,20.0,52.0,4.33,13.47,22.12,22.0,1.83,5.7,9.36,41.0,3.42,10.62,17.44,33.0,2.75,8.55,14.04,24.0,2.0,6.22,10.21,55.0,4.58,14.25,23.4,30.0,2.5,7.77,12.76,57.0,4.75,14.77,24.25,19.0,1.58,4.92,8.08,47.0,3.92,12.18,20.0,13.0,1.08,3.37,5.53,4.0,0.33,1.04,1.7,34.0,2.83,8.81,14.47,40.0,3.33,10.36,17.02,50.0,44.04,5.96,109.49,23.0,1.92,5.96,84.61,7.05,0.54,0.58,0.49,0.42,0.8,0.1,0.68,0.3,0.65,0.48,3.37,1.04,0.09,10.36,0.28
4,桃園台啤永豐雲豹,54|62|3129|10860,高錦瑋/王皓吉/董永全/麥卡洛,1,4,5.0,105.0,1.75,01:45,105.0,1.75,01:45,4.0,4.0,80.0,82.29,2.0,2.0,40.0,41.14,3.0,3.0,60.0,61.71,2.0,2.0,40.0,41.14,3.0,3.0,60.0,61.71,2.0,2.0,40.0,41.14,0.0,0.0,0.0,0.0,0.0,0.0,0.0,0.0,0.0,0.0,0.0,0.0,0.0,0.0,0.0,0.0,1.0,1.0,20.0,20.57,0.0,0.0,0.0,0.0,0.0,0.0,0.0,0.0,1.0,1.0,20.0,20.57,0.0,0.0,0.0,0.0,1.0,1.0,20.0,20.57,0.0,0.0,0.0,0.0,0.0,0.0,0.0,0.0,0.0,0.0,0.0,0.0,0.0,0.0,0.0,0.0,80.0,40.0,40.0,68.57,2.0,2.0,40.0,1.75,1.75,0.67,0.67,0.67,,,0.0,0.5,0.5,,0.5,0.0,0.0,0.0,0.0,0.0
4,桃園台啤永豐雲豹,54|68|3129|10860,高錦瑋/克羅馬/董永全/麥卡洛,9,152,171.0,2454.74,40.91,40:55,272.75,4.55,04:33,92.0,10.22,53.8,80.95,76.0,8.44,44.44,66.87,65.0,7.22,38.01,57.2,35.0,3.89,20.47,30.8,47.0,5.22,27.49,41.36,26.0,2.89,15.2,22.88,18.0,2.0,10.53,15.84,9.0,1.0,5.26,7.92,19.0,2.11,11.11,16.72,15.0,1.67,8.77,13.2,10.0,1.11,5.85,8.8,24.0,2.67,14.04,21.12,5.0,0.56,2.92,4.4,31.0,3.44,18.13,27.28,11.0,1.22,6.43,9.68,20.0,2.22,11.7,17.6,8.0,0.89,4.68,7.04,3.0,0.33,1.75,2.64,17.0,1.89,9.94,14.96,21.0,2.33,12.28,18.48,53.8,44.44,9.36,100.31,16.0,1.78,9.36,40.91,4.55,0.61,0.63,0.55,0.5,0.79,0.13,0.57,0.24,0.83,0.49,4.68,1.75,0.1,12.28,0.29
4,桃園台啤永豐雲豹,62|68|3129|10860,王皓吉/克羅馬/董永全/麥卡洛,1,4,5.0,105.0,1.75,01:45,105.0,1.75,01:45,4.0,4.0,80.0,82.29,2.0,2.0,40.0,41.14,3.0,3.0,60.0,61.71,2.0,2.0,40.0,41.14,3.0,3.0,60.0,61.71,2.0,2.0,40.0,41.14,0.0,0.0,0.0,0.0,0.0,0.0,0.0,0.0,0.0,0.0,0.0,0.0,0.0,0.0,0.0,0.0,1.0,1.0,20.0,20.57,0.0,0.0,0.0,0.0,0.0,0.0,0.0,0.0,1.0,1.0,20.0,20.57,0.0,0.0,0.0,0.0,1.0,1.0,20.0,20.57,0.0,0.0,0.0,0.0,0.0,0.0,0.0,0.0,0.0,0.0,0.0,0.0,0.0,0.0,0.0,0.0,80.0,40.0,40.0,68.57,2.0,2.0,40.0,1.75,1.75,0.67,0.67,0.67,,,0.0,0.5,0.5,,0.5,0.0,0.0,0.0,0.0,0.0
4,臺北台新戰神,4|5|14|10869,張兆辰/黃聰翰/錢肯尼/基德,2,16,17.0,265.13,4.42,04:25,132.56,2.21,02:13,4.0,2.0,23.53,32.59,2.0,1.0,11.76,16.29,6.0,3.0,35.29,48.88,2.0,1.0,11.76,16.29,6.0,3.0,35.29,48.88,2.0,1.0,11.76,16.29,0.0,0.0,0.0,0.0,0.0,0.0,0.0,0.0,0.0,0.0,0.0,0.0,0.0,0.0,0.0,0.0,0.0,0.0,0.0,0.0,4.0,2.0,23.53,32.59,0.0,0.0,0.0,0.0,3.0,1.5,17.65,24.44,1.0,0.5,5.88,8.15,2.0,1.0,11.76,16.29,1.0,0.5,5.88,8.15,1.0,0.5,5.88,8.15,2.0,1.0,11.76,16.29,2.0,1.0,11.76,16.29,23.53,11.76,11.76,92.33,2.0,1.0,11.76,4.42,2.21,0.33,0.33,0.33,,,0.14,1.0,0.0,1.0,0.57,5.88,5.88,0.12,11.76,0.0
4,臺北台新戰神,5|11|14|10869,黃聰翰/蘇奕晉/錢肯尼/基德,1,2,2.0,19.45,0.32,00:19,19.45,0.32,00:19,4.0,4.0,200.0,444.12,2.0,2.0,100.0,222.06,1.0,1.0,50.0,111.03,1.0,1.0,50.0,111.03,0.0,0.0,0.0,0.0,0.0,0.0,0.0,0.0,1.0,1.0,50.0,111.03,1.0,1.0,50.0,111.03,2.0,2.0,100.0,222.06,1.0,1.0,50.0,111.03,0.0,0.0,0.0,0.0,0.0,0.0,0.0,0.0,0.0,0.0,0.0,0.0,0.0,0.0,0.0,0.0,0.0,0.0,0.0,0.0,0.0,0.0,0.0,0.0,0.0,0.0,0.0,0.0,0.0,0.0,0.0,0.0,0.0,0.0,0.0,0.0,0.0,0.0,0.0,0.0,200.0,100.0,100.0,148.04,2.0,2.0,100.0,0.32,0.32,1.5,1.06,,1.0,0.5,0.0,0.0,,,,0.0,0.0,0.0,0.0,2.0
4,臺北台新戰神,5|11|14|10870,黃聰翰/蘇奕晉/錢肯尼/洛夫頓,1,5,7.0,83.06,1.38,01:23,83.06,1.38,01:23,10.0,10.0,142.86,260.04,2.0,2.0,28.57,52.01,4.0,4.0,57.14,104.02,3.0,3.0,42.86,78.01,1.0,1.0,14.29,26.0,0.0,0.0,0.0,0.0,3.0,3.0,42.86,78.01,3.0,3.0,42.86,78.01,2.0,2.0,28.57,52.01,1.0,1.0,14.29,26.0,1.0,1.0,14.29,26.0,0.0,0.0,0.0,0.0,0.0,0.0,0.0,0.0,1.0,1.0,14.29,26.0,0.0,0.0,0.0,0.0,1.0,1.0,14.29,26.0,1.0,1.0,14.29,26.0,0.0,0.0,0.0,0.0,0.0,0.0,0.0,0.0,0.0,0.0,0.0,0.0,142.86,28.57,114.29,121.35,8.0,8.0,114.29,1.38,1.38,1.12,1.02,0.0,1.0,0.5,0.0,0.33,0.5,,0.5,14.29,0.0,0.0,0.0,0.5
4,臺北台新戰神,5|11|10869|10870,黃聰翰/蘇奕晉/基德/洛夫頓,1,3,3.0,82.45,1.37,01:22,82.45,1.37,01:22,4.0,4.0,133.33,104.79,2.0,2.0,66.67,52.39,1.0,1.0,33.33,26.2,1.0,1.0,33.33,26.2,0.0,0.0,0.0,0.0,0.0,0.0,0.0,0.0,1.0,1.0,33.33,26.2,1.0,1.0,33.33,26.2,2.0,2.0,66.67,52.39,1.0,1.0,33.33,26.2,0.0,0.0,0.0,0.0,0.0,0.0,0.0,0.0,0.0,0.0,0.0,0.0,1.0,1.0,33.33,26.2,1.0,1.0,33.33,26.2,0.0,0.0,0.0,0.0,0.0,0.0,0.0,0.0,0.0,0.0,0.0,0.0,0.0,0.0,0.0,0.0,0.0,0.0,0.0,0.0,133.33,66.67,66.67,52.39,2.0,2.0,66.67,1.37,1.37,1.5,1.06,,1.0,0.5,0.35,0.0,0.0,,0.0,0.0,0.0,0.0,0.0,2.0
4,臺北台新戰神,11|14|10869|10870,蘇奕晉/錢肯尼/基德/洛夫頓,1,12,13.0,167.04,2.78,02:47,167.04,2.78,02:47,8.0,8.0,61.54,103.45,5.0,5.0,38.46,64.66,7.0,7.0,53.85,90.52,3.0,3.0,23.08,38.79,5.0,5.0,38.46,64.66,2.0,2.0,15.38,25.86,2.0,2.0,15.38,25.86,1.0,1.0,7.69,12.93,2.0,2.0,15.38,25.86,1.0,1.0,7.69,12.93,1.0,1.0,7.69,12.93,3.0,3.0,23.08,38.79,0.0,0.0,0.0,0.0,2.0,2.0,15.38,25.86,0.0,0.0,0.0,0.0,2.0,2.0,15.38,25.86,0.0,0.0,0.0,0.0,1.0,1.0,7.69,12.93,0.0,0.0,0.0,0.0,2.0,2.0,15.38,25.86,61.54,38.46,23.08,112.07,3.0,3.0,23.08,2.78,2.78,0.5,0.51,0.4,0.5,0.5,0.0,0.67,0.33,1.0,0.67,0.0,7.69,0.0,15.38,0.29
4,桃園台啤永豐雲豹,54|57|58|64,高錦瑋/莊博元/林信寬/劉元凱,1,5,7.0,83.06,1.38,01:23,83.06,1.38,01:23,2.0,2.0,28.57,52.01,10.0,10.0,142.86,260.04,3.0,3.0,42.86,78.01,1.0,1.0,14.29,26.0,3.0,3.0,42.86,78.01,1.0,1.0,14.29,26.0,0.0,0.0,0.0,0.0,0.0,0.0,0.0,0.0,0.0,0.0,0.0,0.0,0.0,0.0,0.0,0.0,0.0,0.0,0.0,0.0,1.0,1.0,14.29,26.0,1.0,1.0,14.29,26.0,0.0,0.0,0.0,0.0,0.0,0.0,0.0,0.0,1.0,1.0,14.29,26.0,0.0,0.0,0.0,0.0,0.0,0.0,0.0,0.0,0.0,0.0,0.0,0.0,2.0,2.0,28.57,52.01,28.57,142.86,-114.29,121.35,-8.0,-8.0,-114.29,1.38,1.38,0.33,0.33,0.33,,,0.0,1.0,,0.5,0.5,0.0,0.0,0.0,28.57,0.0
4,桃園台啤永豐雲豹,54|57|64|68,高錦瑋/莊博元/劉元凱/克羅馬,1,5,7.0,83.06,1.38,01:23,83.06,1.38,01:23,2.0,2.0,28.57,52.01,10.0,10.0,142.86,260.04,3.0,3.0,42.86,78.01,1.0,1.0,14.29,26.0,3.0,3.0,42.86,78.01,1.0,1.0,14.29,26.0,0.0,0.0,0.0,0.0,0.0,0.0,0.0,0.0,0.0,0.0,0.0,0.0,0.0,0.0,0.0,0.0,0.0,0.0,0.0,0.0,1.0,1.0,14.29,26.0,1.0,1.0,14.29,26.0,0.0,0.0,0.0,0.0,0.0,0.0,0.0,0.0,1.0,1.0,14.29,26.0,0.0,0.0,0.0,0.0,0.0,0.0,0.0,0.0,0.0,0.0,0.0,0.0,2.0,2.0,28.57,52.01,28.57,142.86,-114.29,121.35,-8.0,-8.0,-114.29,1.38,1.38,0.33,0.33,0.33,,,0.0,1.0,,0.5,0.5,0.0,0.0,0.0,28.57,0.0
4,桃園台啤永豐雲豹,57|58|64|68,莊博元/林信寬/劉元凱/克羅馬,1,5,7.0,83.06,1.38,01:23,83.06,1.38,01:23,2.0,2.0,28.57,52.01,10.0,10.0,142.86,260.04,3.0,3.0,42.86,78.01,1.0,1.0,14.29,26.0,3.0,3.0,42.86,78.01,1.0,1.0,14.29,26.0,0.0,0.0,0.0,0.0,0.0,0.0,0.0,0.0,0.0,0.0,0.0,0.0,0.0,0.0,0.0,0.0,0.0,0.0,0.0,0.0,1.0,1.0,14.29,26.0,1.0,1.0,14.29,26.0,0.0,0.0,0.0,0.0,0.0,0.0,0.0,0.0,1.0,1.0,14.29,26.0,0.0,0.0,0.0,0.0,0.0,0.0,0.0,0.0,0.0,0.0,0.0,0.0,2.0,2.0,28.57,52.01,28.57,142.86,-114.29,121.35,-8.0,-8.0,-114.29,1.38,1.38,0.33,0.33,0.33,,,0.0,1.0,,0.5,0.5,0.0,0.0,0.0,28.57,0.0
4,臺北台新戰神,5|11|14|10865,黃聰翰/蘇奕晉/錢肯尼/謝銘駿,2,6,11.0,136.61,2.28,02:17,68.3,1.14,01:08,6.0,3.0,54.55,94.87,4.0,2.0,36.36,63.25,4.0,2.0,36.36,63.25,3.0,1.5,27.27,47.43,2.0,1.0,18.18,31.62,1.0,0.5,9.09,15.81,2.0,1.0,18.18,31.62,2.0,1.0,18.18,31.62,0.0,0.0,0.0,0.0,0.0,0.0,0.0,0.0,1.0,0.5,9.09,15.81,0.0,0.0,0.0,0.0,3.0,1.5,27.27,47.43,1.0,0.5,9.09,15.81,1.0,0.5,9.09,15.81,1.0,0.5,9.09,15.81,2.0,1.0,18.18,31.62,0.0,0.0,0.0,0.0,0.0,0.0,0.0,0.0,0.0,0.0,0.0,0.0,54.55,36.36,18.18,115.95,2.0,1.0,18.18,2.28,1.14,1.0,0.75,0.5,1.0,,0.2,0.33,0.5,0.0,0.2,18.18,0.0,0.0,0.0,0.0
4,臺北台新戰神,5|11|10865|10870,黃聰翰/蘇奕晉/謝銘駿/洛夫頓,1,4,6.0,126.61,2.11,02:07,126.61,2.11,02:07,6.0,6.0,100.0,102.36,0.0,0.0,0.0,0.0,3.0,3.0,50.0,51.18,2.0,2.0,33.33,34.12,1.0,1.0,16.67,17.06,0.0,0.0,0.0,0.0,2.0,2.0,33.33,34.12,2.0,2.0,33.33,34.12,0.0,0.0,0.0,0.0,0.0,0.0,0.0,0.0,1.0,1.0,16.67,17.06,0.0,0.0,0.0,0.0,0.0,0.0,0.0,0.0,2.0,2.0,33.33,34.12,1.0,1.0,16.67,17.06,1.0,1.0,16.67,17.06,1.0,1.0,16.67,17.06,0.0,0.0,0.0,0.0,0.0,0.0,0.0,0.0,0.0,0.0,0.0,0.0,100.0,0.0,100.0,68.24,6.0,6.0,100.0,2.11,2.11,1.0,1.0,0.0,1.0,,0.25,0.5,0.33,,0.33,16.67,0.0,0.0,0.0,0.0
4,臺北台新戰神,5|14|10865|10870,黃聰翰/錢肯尼/謝銘駿/洛夫頓,1,4,6.0,69.61,1.16,01:10,69.61,1.16,01:10,6.0,6.0,100.0,186.18,0.0,0.0,0.0,0.0,4.0,4.0,66.67,124.12,2.0,2.0,33.33,62.06,1.0,1.0,16.67,31.03,0.0,0.0,0.0,0.0,3.0,3.0,50.0,93.09,2.0,2.0,33.33,62.06,0.0,0.0,0.0,0.0,0.0,0.0,0.0,0.0,1.0,1.0,16.67,31.03,0.0,0.0,0.0,0.0,0.0,0.0,0.0,0.0,1.0,1.0,16.67,31.03,0.0,0.0,0.0,0.0,1.0,1.0,16.67,31.03,1.0,1.0,16.67,31.03,0.0,0.0,0.0,0.0,0.0,0.0,0.0,0.0,0.0,0.0,0.0,0.0,100.0,0.0,100.0,124.12,6.0,6.0,100.0,1.16,1.16,0.75,0.75,0.0,0.67,,0.0,0.5,0.5,,0.5,16.67,0.0,0.0,0.0,0.0
4,臺北台新戰神,11|14|10865|10870,蘇奕晉/錢肯尼/謝銘駿/洛夫頓,1,15,18.0,242.19,4.04,04:02,242.19,4.04,04:02,10.0,10.0,55.56,89.18,3.0,3.0,16.67,26.76,10.0,10.0,55.56,89.18,4.0,4.0,22.22,35.67,6.0,6.0,33.33,53.51,2.0,2.0,11.11,17.84,4.0,4.0,22.22,35.67,2.0,2.0,11.11,17.84,0.0,0.0,0.0,0.0,0.0,0.0,0.0,0.0,2.0,2.0,11.11,17.84,4.0,4.0,22.22,35.67,0.0,0.0,0.0,0.0,3.0,3.0,16.67,26.76,0.0,0.0,0.0,0.0,3.0,3.0,16.67,26.76,1.0,1.0,5.56,8.92,1.0,1.0,5.56,8.92,0.0,0.0,0.0,0.0,2.0,2.0,11.11,17.84,55.56,16.67,38.89,107.02,7.0,7.0,38.89,4.04,4.04,0.5,0.5,0.33,0.5,,0.0,0.75,0.4,1.0,0.67,5.56,5.56,0.0,11.11,0.0
4,臺北台新戰神,5|11|10865|10869,黃聰翰/蘇奕晉/謝銘駿/基德,1,1,1.0,63.0,1.05,01:03,63.0,1.05,01:03,0.0,0.0,0.0,0.0,0.0,0.0,0.0,0.0,0.0,0.0,0.0,0.0,0.0,0.0,0.0,0.0,0.0,0.0,0.0,0.0,0.0,0.0,0.0,0.0,0.0,0.0,0.0,0.0,0.0,0.0,0.0,0.0,0.0,0.0,0.0,0.0,0.0,0.0,0.0,0.0,0.0,0.0,0.0,0.0,0.0,0.0,0.0,0.0,0.0,0.0,0.0,0.0,1.0,1.0,100.0,34.29,1.0,1.0,100.0,34.29,0.0,0.0,0.0,0.0,0.0,0.0,0.0,0.0,0.0,0.0,0.0,0.0,0.0,0.0,0.0,0.0,0.0,0.0,0.0,0.0,0.0,0.0,0.0,22.86,0.0,0.0,0.0,1.05,1.05,,,,,,1.0,,0.0,,0.0,0.0,0.0,0.0,0.0,
4,臺北台新戰神,11|10865|10869|10870,蘇奕晉/謝銘駿/基德/洛夫頓,1,11,12.0,210.58,3.51,03:31,210.58,3.51,03:31,4.0,4.0,33.33,41.03,3.0,3.0,25.0,30.77,6.0,6.0,50.0,61.54,2.0,2.0,16.67,20.51,5.0,5.0,41.67,51.29,2.0,2.0,16.67,20.51,1.0,1.0,8.33,10.26,0.0,0.0,0.0,0.0,0.0,0.0,0.0,0.0,0.0,0.0,0.0,0.0,1.0,1.0,8.33,10.26,3.0,3.0,25.0,30.77,0.0,0.0,0.0,0.0,3.0,3.0,25.0,30.77,1.0,1.0,8.33,10.26,2.0,2.0,16.67,20.51,0.0,0.0,0.0,0.0,1.0,1.0,8.33,10.26,0.0,0.0,0.0,0.0,2.0,2.0,16.67,20.51,33.33,25.0,8.33,82.06,1.0,1.0,8.33,3.51,3.51,0.33,0.33,0.4,0.0,,0.14,1.0,0.25,1.0,0.57,0.0,8.33,0.0,16.67,0.0
4,桃園台啤永豐雲豹,57|58|68|3129,莊博元/林信寬/克羅馬/董永全,1,1,1.0,9.0,0.15,00:09,9.0,0.15,00:09,0.0,0.0,0.0,0.0,0.0,0.0,0.0,0.0,0.0,0.0,0.0,0.0,0.0,0.0,0.0,0.0,0.0,0.0,0.0,0.0,0.0,0.0,0.0,0.0,0.0,0.0,0.0,0.0,0.0,0.0,0.0,0.0,0.0,0.0,0.0,0.0,0.0,0.0,0.0,0.0,0.0,0.0,0.0,0.0,0.0,0.0,0.0,0.0,0.0,0.0,0.0,0.0,0.0,0.0,0.0,0.0,0.0,0.0,0.0,0.0,0.0,0.0,0.0,0.0,0.0,0.0,0.0,0.0,0.0,0.0,0.0,0.0,0.0,0.0,0.0,0.0,0.0,0.0,0.0,0.0,0.0,0.0,0.0,160.0,0.0,0.0,0.0,0.15,0.15,,,,,,,,,,,0.0,0.0,0.0,0.0,
4,桃園台啤永豐雲豹,57|58|3129|10861,莊博元/林信寬/董永全/迪亞洛,2,2,2.0,8.0,0.13,00:08,4.0,0.07,00:04,0.0,0.0,0.0,0.0,0.0,0.0,0.0,0.0,0.0,0.0,0.0,0.0,0.0,0.0,0.0,0.0,0.0,0.0,0.0,0.0,0.0,0.0,0.0,0.0,0.0,0.0,0.0,0.0,0.0,0.0,0.0,0.0,0.0,0.0,0.0,0.0,0.0,0.0,0.0,0.0,0.0,0.0,0.0,0.0,0.0,0.0,0.0,0.0,0.0,0.0,0.0,0.0,0.0,0.0,0.0,0.0,0.0,0.0,0.0,0.0,0.0,0.0,0.0,0.0,0.0,0.0,0.0,0.0,0.0,0.0,0.0,0.0,0.0,0.0,0.0,0.0,0.0,0.0,0.0,0.0,0.0,0.0,0.0,360.0,0.0,0.0,0.0,0.13,0.07,,,,,,,,,,,0.0,0.0,0.0,0.0,
4,桃園台啤永豐雲豹,57|68|3129|10861,莊博元/克羅馬/董永全/迪亞洛,10,265,309.0,4100.28,68.34,68:20,410.03,6.83,06:50,172.0,17.2,55.66,90.61,127.0,12.7,41.1,66.9,119.0,11.9,38.51,62.69,62.0,6.2,20.06,32.66,79.0,7.9,25.57,41.62,43.0,4.3,13.92,22.65,40.0,4.0,12.94,21.07,19.0,1.9,6.15,10.01,35.0,3.5,11.33,18.44,29.0,2.9,9.39,15.28,17.0,1.7,5.5,8.96,41.0,4.1,13.27,21.6,24.0,2.4,7.77,12.64,48.0,4.8,15.53,25.29,13.0,1.3,4.21,6.85,42.0,4.2,13.59,22.13,9.0,0.9,2.91,4.74,4.0,0.4,1.29,2.11,24.0,2.4,7.77,12.64,30.0,3.0,9.71,15.8,55.66,41.1,14.56,108.52,45.0,4.5,14.56,68.34,6.83,0.6,0.64,0.54,0.48,0.83,0.09,0.68,0.26,0.63,0.45,2.91,1.29,0.08,9.71,0.29
4,桃園台啤永豐雲豹,58|68|3129|10861,林信寬/克羅馬/董永全/迪亞洛,6,50,63.0,767.29,12.79,12:47,127.88,2.13,02:08,21.0,3.5,33.33,59.12,28.0,4.67,44.44,78.82,23.0,3.83,36.51,64.75,7.0,1.17,11.11,19.71,16.0,2.67,25.4,45.04,5.0,0.83,7.94,14.08,7.0,1.17,11.11,19.71,2.0,0.33,3.17,5.63,8.0,1.33,12.7,22.52,5.0,0.83,7.94,14.08,6.0,1.0,9.52,16.89,11.0,1.83,17.46,30.97,5.0,0.83,7.94,14.08,7.0,1.17,11.11,19.71,4.0,0.67,6.35,11.26,5.0,0.83,7.94,14.08,3.0,0.5,4.76,8.45,0.0,0.0,0.0,0.0,8.0,1.33,12.7,22.52,7.0,1.17,11.11,19.71,33.33,44.44,-11.11,118.23,-7.0,-1.17,-11.11,12.79,2.13,0.35,0.4,0.31,0.29,0.62,0.13,0.71,0.46,0.69,0.59,4.76,0.0,0.13,11.11,0.35
4,臺北台新戰神,10|11|14|10868,雷蒙恩/蘇奕晉/錢肯尼/齊曼加,1,4,4.0,56.92,0.95,00:57,56.92,0.95,00:57,2.0,2.0,50.0,75.9,4.0,4.0,100.0,151.79,2.0,2.0,50.0,75.9,1.0,1.0,25.0,37.95,1.0,1.0,25.0,37.95,1.0,1.0,25.0,37.95,1.0,1.0,25.0,37.95,0.0,0.0,0.0,0.0,0.0,0.0,0.0,0.0,0.0,0.0,0.0,0.0,0.0,0.0,0.0,0.0,1.0,1.0,25.0,37.95,0.0,0.0,0.0,0.0,0.0,0.0,0.0,0.0,0.0,0.0,0.0,0.0,0.0,0.0,0.0,0.0,0.0,0.0,0.0,0.0,0.0,0.0,0.0,0.0,1.0,1.0,25.0,37.95,0.0,0.0,0.0,0.0,50.0,100.0,-50.0,101.2,-2.0,-2.0,-50.0,0.95,0.95,0.5,0.5,1.0,0.0,,0.0,0.0,,1.0,1.0,0.0,0.0,0.25,0.0,0.0
4,臺北台新戰神,10|11|14|10870,雷蒙恩/蘇奕晉/錢肯尼/洛夫頓,2,14,14.0,219.92,3.67,03:40,109.96,1.83,01:50,4.0,2.0,28.57,39.29,9.0,4.5,64.29,88.4,4.0,2.0,28.57,39.29,2.0,1.0,14.29,19.64,2.0,1.0,14.29,19.64,2.0,1.0,14.29,19.64,2.0,1.0,14.29,19.64,0.0,0.0,0.0,0.0,0.0,0.0,0.0,0.0,0.0,0.0,0.0,0.0,0.0,0.0,0.0,0.0,2.0,1.0,14.29,19.64,0.0,0.0,0.0,0.0,1.0,0.5,7.14,9.82,3.0,1.5,21.43,29.47,0.0,0.0,0.0,0.0,1.0,0.5,7.14,9.82,0.0,0.0,0.0,0.0,1.0,0.5,7.14,9.82,2.0,1.0,14.29,19.64,28.57,64.29,-35.71,91.67,-5.0,-2.5,-35.71,3.67,1.83,0.5,0.5,1.0,0.0,,0.43,0.0,0.0,1.0,0.67,7.14,0.0,0.07,14.29,0.0
4,臺北台新戰神,10|11|10868|10870,雷蒙恩/蘇奕晉/齊曼加/洛夫頓,1,4,4.0,56.92,0.95,00:57,56.92,0.95,00:57,2.0,2.0,50.0,75.9,4.0,4.0,100.0,151.79,2.0,2.0,50.0,75.9,1.0,1.0,25.0,37.95,1.0,1.0,25.0,37.95,1.0,1.0,25.0,37.95,1.0,1.0,25.0,37.95,0.0,0.0,0.0,0.0,0.0,0.0,0.0,0.0,0.0,0.0,0.0,0.0,0.0,0.0,0.0,0.0,1.0,1.0,25.0,37.95,0.0,0.0,0.0,0.0,0.0,0.0,0.0,0.0,0.0,0.0,0.0,0.0,0.0,0.0,0.0,0.0,0.0,0.0,0.0,0.0,0.0,0.0,0.0,0.0,1.0,1.0,25.0,37.95,0.0,0.0,0.0,0.0,50.0,100.0,-50.0,101.2,-2.0,-2.0,-50.0,0.95,0.95,0.5,0.5,1.0,0.0,,0.0,0.0,,1.0,1.0,0.0,0.0,0.25,0.0,0.0
4,臺北台新戰神,11|14|10868|10870,蘇奕晉/錢肯尼/齊曼加/洛夫頓,2,12,14.0,156.92,2.62,02:37,78.46,1.31,01:18,4.0,2.0,28.57,55.06,4.0,2.0,28.57,55.06,6.0,3.0,42.86,82.59,2.0,1.0,14.29,27.53,3.0,1.5,21.43,41.3,2.0,1.0,14.29,27.53,3.0,1.5,21.43,41.3,0.0,0.0,0.0,0.0,0.0,0.0,0.0,0.0,0.0,0.0,0.0,0.0,1.0,0.5,7.14,13.77,3.0,1.5,21.43,41.3,0.0,0.0,0.0,0.0,1.0,0.5,7.14,13.77,1.0,0.5,7.14,13.77,0.0,0.0,0.0,0.0,1.0,0.5,7.14,13.77,1.0,0.5,7.14,13.77,3.0,1.5,21.43,41.3,0.0,0.0,0.0,0.0,28.57,28.57,0.0,128.47,0.0,0.0,0.0,2.62,1.31,0.33,0.33,0.67,0.0,,0.14,0.0,0.5,1.0,0.8,7.14,7.14,0.21,0.0,0.0
4,臺北台新戰神,11|14|10865|10868,蘇奕晉/錢肯尼/謝銘駿/齊曼加,1,2,2.0,31.0,0.52,00:31,31.0,0.52,00:31,0.0,0.0,0.0,0.0,0.0,0.0,0.0,0.0,1.0,1.0,50.0,69.68,0.0,0.0,0.0,0.0,0.0,0.0,0.0,0.0,0.0,0.0,0.0,0.0,1.0,1.0,50.0,69.68,0.0,0.0,0.0,0.0,0.0,0.0,0.0,0.0,0.0,0.0,0.0,0.0,0.0,0.0,0.0,0.0,1.0,1.0,50.0,69.68,0.0,0.0,0.0,0.0,0.0,0.0,0.0,0.0,0.0,0.0,0.0,0.0,0.0,0.0,0.0,0.0,0.0,0.0,0.0,0.0,0.0,0.0,0.0,0.0,0.0,0.0,0.0,0.0,0.0,0.0,0.0,0.0,0.0,0.0,0.0,92.9,0.0,0.0,0.0,0.52,0.52,0.0,0.0,,0.0,,0.0,,,1.0,1.0,0.0,0.0,0.0,0.0,0.0
4,臺北台新戰神,11|10865|10868|10870,蘇奕晉/謝銘駿/齊曼加/洛夫頓,2,7,7.0,108.0,1.8,01:48,54.0,0.9,00:54,6.0,3.0,85.71,120.0,0.0,0.0,0.0,0.0,3.0,1.5,42.86,60.0,2.0,1.0,28.57,40.0,0.0,0.0,0.0,0.0,0.0,0.0,0.0,0.0,3.0,1.5,42.86,60.0,2.0,1.0,28.57,40.0,0.0,0.0,0.0,0.0,0.0,0.0,0.0,0.0,0.0,0.0,0.0,0.0,1.0,0.5,14.29,20.0,0.0,0.0,0.0,0.0,1.0,0.5,14.29,20.0,0.0,0.0,0.0,0.0,0.0,0.0,0.0,0.0,0.0,0.0,0.0,0.0,0.0,0.0,0.0,0.0,0.0,0.0,0.0,0.0,0.0,0.0,0.0,0.0,85.71,0.0,85.71,93.33,6.0,3.0,85.71,1.8,0.9,1.0,1.0,,0.67,,0.0,0.0,0.0,1.0,0.5,0.0,0.0,0.0,0.0,0.0
4,臺北台新戰神,11|14|10865|10869,蘇奕晉/錢肯尼/謝銘駿/基德,2,12,13.0,177.43,2.96,02:57,88.71,1.48,01:29,4.0,2.0,30.77,48.7,5.0,2.5,38.46,60.87,6.0,3.0,46.15,73.04,2.0,1.0,15.38,24.35,5.0,2.5,38.46,60.87,2.0,1.0,15.38,24.35,1.0,0.5,7.69,12.17,0.0,0.0,0.0,0.0,0.0,0.0,0.0,0.0,0.0,0.0,0.0,0.0,1.0,0.5,7.69,12.17,3.0,1.5,23.08,36.52,0.0,0.0,0.0,0.0,2.0,1.0,15.38,24.35,1.0,0.5,7.69,12.17,2.0,1.0,15.38,24.35,1.0,0.5,7.69,12.17,1.0,0.5,7.69,12.17,0.0,0.0,0.0,0.0,2.0,1.0,15.38,24.35,30.77,38.46,-7.69,105.51,-1.0,-0.5,-7.69,2.96,1.48,0.33,0.33,0.4,0.0,,0.14,1.0,0.33,1.0,0.67,7.69,7.69,0.0,15.38,0.0
4,桃園台啤永豐雲豹,12|58|68|3129,曹薰襄/林信寬/克羅馬/董永全,7,54,73.0,874.65,14.58,14:35,124.95,2.08,02:05,24.0,3.43,32.88,59.27,20.0,2.86,27.4,49.39,27.0,3.86,36.99,66.68,9.0,1.29,12.33,22.23,20.0,2.86,27.4,49.39,8.0,1.14,10.96,19.76,7.0,1.0,9.59,17.29,1.0,0.14,1.37,2.47,7.0,1.0,9.59,17.29,5.0,0.71,6.85,12.35,8.0,1.14,10.96,19.76,11.0,1.57,15.07,27.17,9.0,1.29,12.33,22.23,12.0,1.71,16.44,29.63,5.0,0.71,6.85,12.35,4.0,0.57,5.48,9.88,3.0,0.43,4.11,7.41,1.0,0.14,1.37,2.47,6.0,0.86,8.22,14.82,4.0,0.57,5.48,9.88,32.88,27.4,5.48,120.18,4.0,0.57,5.48,14.58,2.08,0.35,0.4,0.4,0.14,0.71,0.14,0.44,0.4,0.55,0.48,4.11,1.37,0.08,5.48,0.26
4,桃園台啤永豐雲豹,12|68|3129|10860,曹薰襄/克羅馬/董永全/麥卡洛,5,83,101.0,1278.55,21.31,21:19,255.71,4.26,04:16,42.0,8.4,41.58,70.96,36.0,7.2,35.64,60.82,38.0,7.6,37.62,64.2,16.0,3.2,15.84,27.03,23.0,4.6,22.77,38.86,10.0,2.0,9.9,16.89,15.0,3.0,14.85,25.34,6.0,1.2,5.94,10.14,7.0,1.4,6.93,11.83,4.0,0.8,3.96,6.76,9.0,1.8,8.91,15.2,14.0,2.8,13.86,23.65,6.0,1.2,5.94,10.14,19.0,3.8,18.81,32.1,8.0,1.6,7.92,13.52,8.0,1.6,7.92,13.52,6.0,1.2,5.94,10.14,1.0,0.2,0.99,1.69,6.0,1.2,5.94,10.14,12.0,2.4,11.88,20.27,41.58,35.64,5.94,113.75,6.0,1.2,5.94,21.31,4.26,0.5,0.51,0.43,0.4,0.57,0.16,0.5,0.32,0.7,0.48,5.94,0.99,0.06,11.88,0.18
4,桃園台啤永豐雲豹,58|68|3129|10860,林信寬/克羅馬/董永全/麥卡洛,5,58,76.0,1025.37,17.09,17:05,205.07,3.42,03:25,27.0,5.4,35.53,56.88,30.0,6.0,39.47,63.2,26.0,5.2,34.21,54.77,10.0,2.0,13.16,21.07,19.0,3.8,25.0,40.02,8.0,1.6,10.53,16.85,7.0,1.4,9.21,14.75,2.0,0.4,2.63,4.21,8.0,1.6,10.53,16.85,5.0,1.0,6.58,10.53,7.0,1.4,9.21,14.75,11.0,2.2,14.47,23.17,7.0,1.4,9.21,14.75,9.0,1.8,11.84,18.96,6.0,1.2,7.89,12.64,4.0,0.8,5.26,8.43,4.0,0.8,5.26,8.43,2.0,0.4,2.63,4.21,7.0,1.4,9.21,14.75,6.0,1.2,7.89,12.64,35.53,39.47,-3.95,106.73,-3.0,-0.6,-3.95,17.09,3.42,0.42,0.46,0.42,0.29,0.62,0.17,0.4,0.44,0.61,0.53,5.26,2.63,0.09,7.89,0.31
4,桃園台啤永豐雲豹,58|3129|10860|10861,林信寬/董永全/麥卡洛/迪亞洛,3,48,54.0,824.77,13.75,13:45,274.92,4.58,04:35,22.0,7.33,40.74,57.62,23.0,7.67,42.59,60.23,17.0,5.67,31.48,44.52,10.0,3.33,18.52,26.19,13.0,4.33,24.07,34.05,9.0,3.0,16.67,23.57,4.0,1.33,7.41,10.48,1.0,0.33,1.85,2.62,4.0,1.33,7.41,10.48,1.0,0.33,1.85,2.62,2.0,0.67,3.7,5.24,7.0,2.33,12.96,18.33,1.0,0.33,1.85,2.62,12.0,4.0,22.22,31.43,8.0,2.67,14.81,20.95,3.0,1.0,5.56,7.86,6.0,2.0,11.11,15.71,0.0,0.0,0.0,0.0,3.0,1.0,5.56,7.86,7.0,2.33,12.96,18.33,40.74,42.59,-1.85,94.28,-1.0,-0.33,-1.85,13.75,4.58,0.62,0.59,0.69,0.25,0.25,0.3,0.3,0.14,0.88,0.41,11.11,0.0,0.06,12.96,0.24
4,臺北台新戰神,1|5|10865|10868,丁聖儒/黃聰翰/謝銘駿/齊曼加,2,10,12.0,218.02,3.63,03:38,109.01,1.82,01:49,6.0,3.0,50.0,59.44,2.0,1.0,16.67,19.81,6.0,3.0,50.0,59.44,2.0,1.0,16.67,19.81,2.0,1.0,16.67,19.81,0.0,0.0,0.0,0.0,4.0,2.0,33.33,39.63,2.0,1.0,16.67,19.81,0.0,0.0,0.0,0.0,0.0,0.0,0.0,0.0,0.0,0.0,0.0,0.0,2.0,1.0,16.67,19.81,0.0,0.0,0.0,0.0,3.0,1.5,25.0,29.72,0.0,0.0,0.0,0.0,1.0,0.5,8.33,9.91,0.0,0.0,0.0,0.0,0.0,0.0,0.0,0.0,1.0,0.5,8.33,9.91,3.0,1.5,25.0,29.72,50.0,16.67,33.33,79.26,4.0,2.0,33.33,3.63,1.82,0.5,0.5,0.0,0.5,,0.0,0.5,0.0,1.0,0.4,0.0,0.0,0.08,25.0,0.0
4,臺北台新戰神,1|5|10865|10869,丁聖儒/黃聰翰/謝銘駿/基德,7,100,127.0,1857.07,30.95,30:57,265.3,4.42,04:25,58.0,8.29,45.67,67.46,54.0,7.71,42.52,62.81,48.0,6.86,37.8,55.83,19.0,2.71,14.96,22.1,25.0,3.57,19.69,29.08,10.0,1.43,7.87,11.63,23.0,3.29,18.11,26.75,9.0,1.29,7.09,10.47,13.0,1.86,10.24,15.12,11.0,1.57,8.66,12.79,5.0,0.71,3.94,5.82,24.0,3.43,18.9,27.91,10.0,1.43,7.87,11.63,19.0,2.71,14.96,22.1,7.0,1.0,5.51,8.14,14.0,2.0,11.02,16.28,5.0,0.71,3.94,5.82,2.0,0.29,1.57,2.33,11.0,1.57,8.66,12.79,24.0,3.43,18.9,27.91,45.67,42.52,3.15,98.48,4.0,0.57,3.15,30.95,4.42,0.49,0.54,0.4,0.39,0.85,0.12,0.74,0.21,0.71,0.5,3.94,1.57,0.09,18.9,0.27
4,臺北台新戰神,1|5|10|10870,丁聖儒/黃聰翰/雷蒙恩/洛夫頓,1,18,23.0,236.16,3.94,03:56,236.16,3.94,03:56,6.0,6.0,26.09,54.88,10.0,10.0,43.48,91.46,7.0,7.0,30.43,64.03,2.0,2.0,8.7,18.29,1.0,1.0,4.35,9.15,0.0,0.0,0.0,0.0,6.0,6.0,26.09,54.88,2.0,2.0,8.7,18.29,0.0,0.0,0.0,0.0,0.0,0.0,0.0,0.0,1.0,1.0,4.35,9.15,4.0,4.0,17.39,36.59,0.0,0.0,0.0,0.0,1.0,1.0,4.35,9.15,4.0,4.0,17.39,36.59,1.0,1.0,4.35,9.15,2.0,2.0,8.7,18.29,0.0,0.0,0.0,0.0,4.0,4.0,17.39,36.59,6.0,6.0,26.09,54.88,26.09,43.48,-17.39,140.25,-4.0,-4.0,-17.39,3.94,3.94,0.43,0.43,0.0,0.33,,0.36,0.5,0.5,1.0,0.83,8.7,0.0,0.17,26.09,0.0
4,臺北台新戰神,1|5|10868|10870,丁聖儒/黃聰翰/齊曼加/洛夫頓,1,26,31.0,445.36,7.42,07:25,445.36,7.42,07:25,15.0,15.0,48.39,72.75,14.0,14.0,45.16,67.9,9.0,9.0,29.03,43.65,5.0,5.0,16.13,24.25,3.0,3.0,9.68,14.55,2.0,2.0,6.45,9.7,6.0,6.0,19.35,29.1,3.0,3.0,9.68,14.55,2.0,2.0,6.45,9.7,2.0,2.0,6.45,9.7,2.0,2.0,6.45,9.7,2.0,2.0,6.45,9.7,0.0,0.0,0.0,0.0,2.0,2.0,6.45,9.7,6.0,6.0,19.35,29.1,4.0,4.0,12.9,19.4,4.0,4.0,12.9,19.4,0.0,0.0,0.0,0.0,5.0,5.0,16.13,24.25,2.0,2.0,6.45,9.7,48.39,45.16,3.23,100.23,1.0,1.0,3.23,7.42,7.42,0.72,0.76,0.67,0.5,1.0,0.38,0.8,0.5,1.0,0.67,12.9,0.0,0.16,6.45,0.22
4,桃園台啤永豐雲豹,12|54|62|10861,曹薰襄/高錦瑋/王皓吉/迪亞洛,7,46,52.0,810.01,13.5,13:30,115.72,1.93,01:56,25.0,3.57,48.08,66.67,26.0,3.71,50.0,69.33,13.0,1.86,25.0,34.67,7.0,1.0,13.46,18.67,7.0,1.0,13.46,18.67,4.0,0.57,7.69,10.67,6.0,0.86,11.54,16.0,3.0,0.43,5.77,8.0,10.0,1.43,19.23,26.67,6.0,0.86,11.54,16.0,2.0,0.29,3.85,5.33,5.0,0.71,9.62,13.33,4.0,0.57,7.69,10.67,7.0,1.0,13.46,18.67,6.0,0.86,11.54,16.0,5.0,0.71,9.62,13.33,3.0,0.43,5.77,8.0,0.0,0.0,0.0,0.0,9.0,1.29,17.31,24.0,4.0,0.57,7.69,10.67,48.08,50.0,-1.92,92.44,-1.0,-0.14,-1.92,13.5,1.93,0.65,0.72,0.57,0.5,0.6,0.26,0.71,0.22,0.56,0.39,5.77,0.0,0.17,7.69,0.77
4,臺北台新戰神,1|5|14|10868,丁聖儒/黃聰翰/錢肯尼/齊曼加,2,14,16.0,243.04,4.05,04:03,121.52,2.03,02:02,14.0,7.0,87.5,124.42,8.0,4.0,50.0,71.1,5.0,2.5,31.25,44.44,4.0,2.0,25.0,35.55,2.0,1.0,12.5,17.77,2.0,1.0,12.5,17.77,3.0,1.5,18.75,26.66,2.0,1.0,12.5,17.77,4.0,2.0,25.0,35.55,4.0,2.0,25.0,35.55,1.0,0.5,6.25,8.89,0.0,0.0,0.0,0.0,0.0,0.0,0.0,0.0,1.0,0.5,6.25,8.89,2.0,1.0,12.5,17.77,3.0,1.5,18.75,26.66,2.0,1.0,12.5,17.77,0.0,0.0,0.0,0.0,2.0,1.0,12.5,17.77,0.0,0.0,0.0,0.0,87.5,50.0,37.5,94.8,6.0,3.0,37.5,4.05,2.03,1.0,1.04,1.0,0.67,1.0,0.23,0.75,0.5,,0.5,12.5,0.0,0.12,0.0,0.8
4,臺北台新戰神,1|5|14|10870,丁聖儒/黃聰翰/錢肯尼/洛夫頓,1,17,19.0,275.24,4.59,04:35,275.24,4.59,04:35,12.0,12.0,63.16,94.17,12.0,12.0,63.16,94.17,7.0,7.0,36.84,54.93,4.0,4.0,21.05,31.39,2.0,2.0,10.53,15.7,2.0,2.0,10.53,15.7,5.0,5.0,26.32,39.24,2.0,2.0,10.53,15.7,2.0,2.0,10.53,15.7,2.0,2.0,10.53,15.7,1.0,1.0,5.26,7.85,2.0,2.0,10.53,15.7,0.0,0.0,0.0,0.0,1.0,1.0,5.26,7.85,2.0,2.0,10.53,15.7,3.0,3.0,15.79,23.54,2.0,2.0,10.53,15.7,0.0,0.0,0.0,0.0,1.0,1.0,5.26,7.85,2.0,2.0,10.53,15.7,63.16,63.16,0.0,99.4,0.0,0.0,0.0,4.59,4.59,0.71,0.76,1.0,0.4,1.0,0.2,0.75,0.5,1.0,0.75,10.53,0.0,0.05,10.53,0.29
4,臺北台新戰神,1|5|14|10869,丁聖儒/黃聰翰/錢肯尼/基德,7,89,99.0,1476.39,24.61,24:36,210.91,3.52,03:31,43.0,6.14,43.43,62.91,50.0,7.14,50.51,73.15,38.0,5.43,38.38,55.6,13.0,1.86,13.13,19.02,18.0,2.57,18.18,26.33,7.0,1.0,7.07,10.24,20.0,2.86,20.2,29.26,6.0,0.86,6.06,8.78,14.0,2.0,14.14,20.48,12.0,1.71,12.12,17.56,4.0,0.57,4.04,5.85,20.0,2.86,20.2,29.26,3.0,0.43,3.03,4.39,10.0,1.43,10.1,14.63,8.0,1.14,8.08,11.7,8.0,1.14,8.08,11.7,5.0,0.71,5.05,7.32,2.0,0.29,2.02,2.93,10.0,1.43,10.1,14.63,14.0,2.0,14.14,20.48,43.43,50.51,-7.07,96.56,-7.0,-1.0,-7.07,24.61,3.52,0.42,0.49,0.39,0.3,0.86,0.15,0.62,0.29,0.87,0.65,5.05,2.02,0.1,14.14,0.37
4,臺北台新戰神,1|5|10869|10870,丁聖儒/黃聰翰/基德/洛夫頓,1,9,11.0,66.04,1.1,01:06,66.04,1.1,01:06,3.0,3.0,27.27,98.13,8.0,8.0,72.73,261.68,5.0,5.0,45.45,163.55,1.0,1.0,9.09,32.71,0.0,0.0,0.0,0.0,0.0,0.0,0.0,0.0,5.0,5.0,45.45,163.55,1.0,1.0,9.09,32.71,0.0,0.0,0.0,0.0,0.0,0.0,0.0,0.0,0.0,0.0,0.0,0.0,4.0,4.0,36.36,130.84,0.0,0.0,0.0,0.0,0.0,0.0,0.0,0.0,0.0,0.0,0.0,0.0,0.0,0.0,0.0,0.0,0.0,0.0,0.0,0.0,0.0,0.0,0.0,0.0,0.0,0.0,0.0,0.0,6.0,6.0,54.55,196.26,27.27,72.73,-45.45,239.87,-5.0,-5.0,-45.45,1.1,1.1,0.3,0.3,,0.2,,0.0,0.0,,1.0,1.0,0.0,0.0,0.0,54.55,0.0
4,高雄全家海神,45|110|118|12908,施晉堯/胡瓏貿/蘇文儒/布里茲克,3,232,263.0,3786.47,63.11,63:06,1262.16,21.04,21:02,131.0,43.67,49.81,74.73,108.0,36.0,41.06,61.61,95.0,31.67,36.12,54.19,51.0,17.0,19.39,29.09,59.0,19.67,22.43,33.66,40.0,13.33,15.21,22.82,36.0,12.0,13.69,20.54,11.0,3.67,4.18,6.27,25.0,8.33,9.51,14.26,18.0,6.0,6.84,10.27,10.0,3.33,3.8,5.7,35.0,11.67,13.31,19.97,11.0,3.67,4.18,6.27,40.0,13.33,15.21,22.82,23.0,7.67,8.75,13.12,29.0,9.67,11.03,16.54,13.0,4.33,4.94,7.42,2.0,0.67,0.76,1.14,20.0,6.67,7.6,11.41,23.0,7.67,8.75,13.12,49.81,41.06,8.75,100.02,23.0,7.67,8.75,63.11,21.04,0.59,0.62,0.68,0.31,0.72,0.18,0.57,0.2,0.76,0.47,4.94,0.76,0.08,8.75,0.26
4,高雄全家海神,45|110|10894|12908,施晉堯/胡瓏貿/凱帝/布里茲克,3,175,200.0,2866.15,47.77,47:46,955.38,15.92,15:55,98.0,32.67,49.0,73.86,84.0,28.0,42.0,63.3,71.0,23.67,35.5,53.51,39.0,13.0,19.5,29.39,44.0,14.67,22.0,33.16,29.0,9.67,14.5,21.86,27.0,9.0,13.5,20.35,10.0,3.33,5.0,7.54,14.0,4.67,7.0,10.55,10.0,3.33,5.0,7.54,8.0,2.67,4.0,6.03,26.0,8.67,13.0,19.59,11.0,3.67,5.5,8.29,31.0,10.33,15.5,23.36,18.0,6.0,9.0,13.57,26.0,8.67,13.0,19.59,9.0,3.0,4.5,6.78,1.0,0.33,0.5,0.75,18.0,6.0,9.0,13.57,15.0,5.0,7.5,11.3,49.0,42.0,7.0,100.48,14.0,4.67,7.0,47.77,15.92,0.62,0.64,0.66,0.37,0.71,0.19,0.67,0.21,0.7,0.45,4.5,0.5,0.09,7.5,0.2
4,高雄全家海神,45|118|10894|12908,施晉堯/蘇文儒/凱帝/布里茲克,3,157,177.0,2576.22,42.94,42:56,858.74,14.31,14:19,91.0,30.33,51.41,76.3,76.0,25.33,42.94,63.72,64.0,21.33,36.16,53.66,37.0,12.33,20.9,31.02,41.0,13.67,23.16,34.38,28.0,9.33,15.82,23.48,23.0,7.67,12.99,19.28,9.0,3.0,5.08,7.55,12.0,4.0,6.78,10.06,8.0,2.67,4.52,6.71,7.0,2.33,3.95,5.87,22.0,7.33,12.43,18.45,9.0,3.0,5.08,7.55,26.0,8.67,14.69,21.8,16.0,5.33,9.04,13.41,23.0,7.67,12.99,19.28,8.0,2.67,4.52,6.71,1.0,0.33,0.56,0.84,14.0,4.67,7.91,11.74,14.0,4.67,7.91,11.74,51.41,42.94,8.47,98.94,15.0,5.0,8.47,42.94,14.31,0.65,0.66,0.68,0.39,0.67,0.19,0.62,0.21,0.71,0.45,4.52,0.56,0.08,7.91,0.19
4,高雄全家海神,110|118|10894|12908,胡瓏貿/蘇文儒/凱帝/布里茲克,3,170,193.0,2784.31,46.41,46:24,928.1,15.47,15:28,94.0,31.33,48.7,72.92,80.0,26.67,41.45,62.06,71.0,23.67,36.79,55.08,37.0,12.33,19.17,28.7,46.0,15.33,23.83,35.69,28.0,9.33,14.51,21.72,25.0,8.33,12.95,19.39,9.0,3.0,4.66,6.98,15.0,5.0,7.77,11.64,11.0,3.67,5.7,8.53,10.0,3.33,5.18,7.76,26.0,8.67,13.47,20.17,9.0,3.0,4.66,6.98,29.0,9.67,15.03,22.5,17.0,5.67,8.81,13.19,23.0,7.67,11.92,17.84,9.0,3.0,4.66,6.98,1.0,0.33,0.52,0.78,16.0,5.33,8.29,12.41,16.0,5.33,8.29,12.41,48.7,41.45,7.25,99.82,14.0,4.67,7.25,46.41,15.47,0.58,0.61,0.61,0.36,0.73,0.18,0.62,0.26,0.74,0.49,4.66,0.52,0.08,8.29,0.21
4,高雄全家海神,118|122|123|12908,蘇文儒/陳懷安/勤明慶/布里茲克,3,50,56.0,834.7,13.91,13:55,278.23,4.64,04:38,34.0,11.33,60.71,87.98,31.0,10.33,55.36,80.22,23.0,7.67,41.07,59.52,13.0,4.33,23.21,33.64,12.0,4.0,21.43,31.05,6.0,2.0,10.71,15.53,11.0,3.67,19.64,28.47,7.0,2.33,12.5,18.11,1.0,0.33,1.79,2.59,1.0,0.33,1.79,2.59,2.0,0.67,3.57,5.18,8.0,2.67,14.29,20.7,2.0,0.67,3.57,5.18,6.0,2.0,10.71,15.53,4.0,1.33,7.14,10.35,10.0,3.33,17.86,25.88,2.0,0.67,3.57,5.18,1.0,0.33,1.79,2.59,3.0,1.0,5.36,7.76,10.0,3.33,17.86,25.88,60.71,55.36,5.36,96.61,3.0,1.0,5.36,13.91,4.64,0.72,0.73,0.5,0.64,1.0,0.15,0.77,0.25,0.8,0.56,3.57,1.79,0.05,17.86,0.04
4,高雄全家海神,118|122|12668|12908,蘇文儒/陳懷安/歐提斯/布里茲克,3,45,51.0,731.7,12.19,12:12,243.9,4.06,04:04,28.0,9.33,54.9,82.66,25.0,8.33,49.02,73.8,21.0,7.0,41.18,61.99,11.0,3.67,21.57,32.47,12.0,4.0,23.53,35.42,6.0,2.0,11.76,17.71,9.0,3.0,17.65,26.57,5.0,1.67,9.8,14.76,1.0,0.33,1.96,2.95,1.0,0.33,1.96,2.95,2.0,0.67,3.92,5.9,8.0,2.67,15.69,23.62,2.0,0.67,3.92,5.9,6.0,2.0,11.76,17.71,4.0,1.33,7.84,11.81,8.0,2.67,15.69,23.62,2.0,0.67,3.92,5.9,1.0,0.33,1.96,2.95,2.0,0.67,3.92,5.9,10.0,3.33,19.61,29.52,54.9,49.02,5.88,100.37,3.0,1.0,5.88,12.19,4.06,0.64,0.65,0.5,0.56,1.0,0.16,0.73,0.25,0.8,0.56,3.92,1.96,0.04,19.61,0.05
4,高雄全家海神,119|121|122|12668,余純安/吳曉謹/陳懷安/歐提斯,1,14,19.0,202.49,3.37,03:22,202.49,3.37,03:22,5.0,5.0,26.32,53.34,8.0,8.0,42.11,85.34,2.0,2.0,10.53,21.33,1.0,1.0,5.26,10.67,0.0,0.0,0.0,0.0,0.0,0.0,0.0,0.0,2.0,2.0,10.53,21.33,1.0,1.0,5.26,10.67,2.0,2.0,10.53,21.33,2.0,2.0,10.53,21.33,1.0,1.0,5.26,10.67,0.0,0.0,0.0,0.0,2.0,2.0,10.53,21.33,2.0,2.0,10.53,21.33,5.0,5.0,26.32,53.34,2.0,2.0,10.53,21.33,3.0,3.0,15.79,32.0,0.0,0.0,0.0,0.0,3.0,3.0,15.79,32.0,4.0,4.0,21.05,42.67,26.32,42.11,-15.79,135.12,-3.0,-3.0,-15.79,3.37,3.37,0.75,0.87,,0.5,1.0,0.63,2.0,0.33,0.0,0.2,15.79,0.0,0.16,21.05,1.0
4,高雄全家海神,119|121|10894|12668,余純安/吳曉謹/凱帝/歐提斯,1,9,14.0,181.0,3.02,03:01,181.0,3.02,03:01,5.0,5.0,35.71,59.67,5.0,5.0,35.71,59.67,2.0,2.0,14.29,23.87,1.0,1.0,7.14,11.93,0.0,0.0,0.0,0.0,0.0,0.0,0.0,0.0,2.0,2.0,14.29,23.87,1.0,1.0,7.14,11.93,2.0,2.0,14.29,23.87,2.0,2.0,14.29,23.87,1.0,1.0,7.14,11.93,0.0,0.0,0.0,0.0,2.0,2.0,14.29,23.87,2.0,2.0,14.29,23.87,3.0,3.0,21.43,35.8,2.0,2.0,14.29,23.87,1.0,1.0,7.14,11.93,0.0,0.0,0.0,0.0,3.0,3.0,21.43,35.8,0.0,0.0,0.0,0.0,35.71,35.71,0.0,111.38,0.0,0.0,0.0,3.02,3.02,0.75,0.87,,0.5,1.0,0.51,2.0,0.33,0.0,0.2,7.14,0.0,0.21,0.0,1.0
4,高雄全家海神,119|122|10894|12668,余純安/陳懷安/凱帝/歐提斯,1,9,14.0,181.0,3.02,03:01,181.0,3.02,03:01,5.0,5.0,35.71,59.67,5.0,5.0,35.71,59.67,2.0,2.0,14.29,23.87,1.0,1.0,7.14,11.93,0.0,0.0,0.0,0.0,0.0,0.0,0.0,0.0,2.0,2.0,14.29,23.87,1.0,1.0,7.14,11.93,2.0,2.0,14.29,23.87,2.0,2.0,14.29,23.87,1.0,1.0,7.14,11.93,0.0,0.0,0.0,0.0,2.0,2.0,14.29,23.87,2.0,2.0,14.29,23.87,3.0,3.0,21.43,35.8,2.0,2.0,14.29,23.87,1.0,1.0,7.14,11.93,0.0,0.0,0.0,0.0,3.0,3.0,21.43,35.8,0.0,0.0,0.0,0.0,35.71,35.71,0.0,111.38,0.0,0.0,0.0,3.02,3.02,0.75,0.87,,0.5,1.0,0.51,2.0,0.33,0.0,0.2,7.14,0.0,0.21,0.0,1.0
4,高雄全家海神,45|110|118|123,施晉堯/胡瓏貿/蘇文儒/勤明慶,1,1,1.0,4.72,0.08,00:05,4.72,0.08,00:05,1.0,1.0,100.0,457.34,0.0,0.0,0.0,0.0,0.0,0.0,0.0,0.0,0.0,0.0,0.0,0.0,0.0,0.0,0.0,0.0,0.0,0.0,0.0,0.0,0.0,0.0,0.0,0.0,0.0,0.0,0.0,0.0,2.0,2.0,200.0,914.67,1.0,1.0,100.0,457.34,0.0,0.0,0.0,0.0,0.0,0.0,0.0,0.0,0.0,0.0,0.0,0.0,0.0,0.0,0.0,0.0,0.0,0.0,0.0,0.0,0.0,0.0,0.0,0.0,0.0,0.0,0.0,0.0,0.0,0.0,0.0,0.0,0.0,0.0,0.0,0.0,0.0,0.0,0.0,0.0,100.0,0.0,100.0,304.89,1.0,1.0,100.0,0.08,0.08,,0.57,,,0.5,0.0,,,,,0.0,0.0,0.0,0.0,
4,高雄全家海神,45|110|123|12908,施晉堯/胡瓏貿/勤明慶/布里茲克,1,1,1.0,0.72,0.01,00:01,0.72,0.01,00:01,1.0,1.0,100.0,2987.55,0.0,0.0,0.0,0.0,0.0,0.0,0.0,0.0,0.0,0.0,0.0,0.0,0.0,0.0,0.0,0.0,0.0,0.0,0.0,0.0,0.0,0.0,0.0,0.0,0.0,0.0,0.0,0.0,2.0,2.0,200.0,5975.1,1.0,1.0,100.0,2987.55,0.0,0.0,0.0,0.0,0.0,0.0,0.0,0.0,0.0,0.0,0.0,0.0,0.0,0.0,0.0,0.0,0.0,0.0,0.0,0.0,0.0,0.0,0.0,0.0,0.0,0.0,0.0,0.0,0.0,0.0,0.0,0.0,0.0,0.0,0.0,0.0,0.0,0.0,0.0,0.0,100.0,0.0,100.0,1991.7,1.0,1.0,100.0,0.01,0.01,,0.57,,,0.5,0.0,,,,,0.0,0.0,0.0,0.0,
4,高雄全家海神,110|118|123|12908,胡瓏貿/蘇文儒/勤明慶/布里茲克,3,12,14.0,142.36,2.37,02:22,47.45,0.79,00:47,5.0,1.67,35.71,75.87,6.0,2.0,42.86,91.04,2.0,0.67,14.29,30.35,1.0,0.33,7.14,15.17,2.0,0.67,14.29,30.35,1.0,0.33,7.14,15.17,0.0,0.0,0.0,0.0,0.0,0.0,0.0,0.0,4.0,1.33,28.57,60.69,3.0,1.0,21.43,45.52,0.0,0.0,0.0,0.0,1.0,0.33,7.14,15.17,1.0,0.33,7.14,15.17,2.0,0.67,14.29,30.35,4.0,1.33,28.57,60.69,0.0,0.0,0.0,0.0,3.0,1.0,21.43,45.52,1.0,0.33,7.14,15.17,0.0,0.0,0.0,0.0,4.0,1.33,28.57,60.69,35.71,42.86,-7.14,141.62,-1.0,-0.33,-7.14,2.37,0.79,0.5,0.66,0.5,,0.75,0.52,0.0,0.0,0.5,0.25,21.43,7.14,0.0,28.57,2.0
4,高雄全家海神,108|118|123|12668,魏莨哲/蘇文儒/勤明慶/歐提斯,2,35,44.0,599.86,10.0,10:00,299.93,5.0,05:00,17.0,8.5,38.64,61.21,19.0,9.5,43.18,68.42,17.0,8.5,38.64,61.21,7.0,3.5,15.91,25.21,12.0,6.0,27.27,43.21,6.0,3.0,13.64,21.6,5.0,2.5,11.36,18.0,1.0,0.5,2.27,3.6,3.0,1.5,6.82,10.8,2.0,1.0,4.55,7.2,2.0,1.0,4.55,7.2,9.0,4.5,20.45,32.41,4.0,2.0,9.09,14.4,4.0,2.0,9.09,14.4,1.0,0.5,2.27,3.6,3.0,1.5,6.82,10.8,1.0,0.5,2.27,3.6,0.0,0.0,0.0,0.0,3.0,1.5,6.82,10.8,5.0,2.5,11.36,18.0,38.64,43.18,-4.55,105.62,-2.0,-1.0,-4.55,10.0,5.0,0.44,0.46,0.5,0.2,0.67,0.05,0.43,0.33,0.69,0.58,2.27,0.0,0.07,11.36,0.18
4,高雄全家海神,108|118|123|12908,魏莨哲/蘇文儒/勤明慶/布里茲克,2,35,44.0,599.86,10.0,10:00,299.93,5.0,05:00,17.0,8.5,38.64,61.21,19.0,9.5,43.18,68.42,17.0,8.5,38.64,61.21,7.0,3.5,15.91,25.21,12.0,6.0,27.27,43.21,6.0,3.0,13.64,21.6,5.0,2.5,11.36,18.0,1.0,0.5,2.27,3.6,3.0,1.5,6.82,10.8,2.0,1.0,4.55,7.2,2.0,1.0,4.55,7.2,9.0,4.5,20.45,32.41,4.0,2.0,9.09,14.4,4.0,2.0,9.09,14.4,1.0,0.5,2.27,3.6,3.0,1.5,6.82,10.8,1.0,0.5,2.27,3.6,0.0,0.0,0.0,0.0,3.0,1.5,6.82,10.8,5.0,2.5,11.36,18.0,38.64,43.18,-4.55,105.62,-2.0,-1.0,-4.55,10.0,5.0,0.44,0.46,0.5,0.2,0.67,0.05,0.43,0.33,0.69,0.58,2.27,0.0,0.07,11.36,0.18
4,高雄全家海神,108|118|12668|12908,魏莨哲/蘇文儒/歐提斯/布里茲克,2,39,51.0,677.98,11.3,11:18,338.99,5.65,05:39,20.0,10.0,39.22,63.72,22.0,11.0,43.14,70.09,19.0,9.5,37.25,60.53,8.0,4.0,15.69,25.49,12.0,6.0,23.53,38.23,6.0,3.0,11.76,19.12,7.0,3.5,13.73,22.3,2.0,1.0,3.92,6.37,3.0,1.5,5.88,9.56,2.0,1.0,3.92,6.37,2.0,1.0,3.92,6.37,10.0,5.0,19.61,31.86,5.0,2.5,9.8,15.93,6.0,3.0,11.76,19.12,1.0,0.5,1.96,3.19,4.0,2.0,7.84,12.74,1.0,0.5,1.96,3.19,0.0,0.0,0.0,0.0,4.0,2.0,7.84,12.74,8.0,4.0,15.69,25.49,39.22,43.14,-3.92,108.32,-2.0,-1.0,-3.92,11.3,5.65,0.47,0.49,0.5,0.29,0.67,0.05,0.5,0.25,0.67,0.52,1.96,0.0,0.08,15.69,0.16
4,高雄全家海神,108|123|12668|12908,魏莨哲/勤明慶/歐提斯/布里茲克,3,45,54.0,751.16,12.52,12:31,250.39,4.17,04:10,19.0,6.33,35.19,54.64,26.0,8.67,48.15,74.76,21.0,7.0,38.89,60.39,8.0,2.67,14.81,23.0,15.0,5.0,27.78,43.13,7.0,2.33,12.96,20.13,6.0,2.0,11.11,17.25,1.0,0.33,1.85,2.88,3.0,1.0,5.56,8.63,2.0,0.67,3.7,5.75,2.0,0.67,3.7,5.75,12.0,4.0,22.22,34.51,5.0,1.67,9.26,14.38,5.0,1.67,9.26,14.38,1.0,0.33,1.85,2.88,3.0,1.0,5.56,8.63,1.0,0.33,1.85,2.88,0.0,0.0,0.0,0.0,3.0,1.0,5.56,8.63,7.0,2.33,12.96,20.13,35.19,48.15,-12.96,103.52,-7.0,-2.33,-12.96,12.52,4.17,0.4,0.43,0.47,0.17,0.67,0.04,0.38,0.29,0.71,0.58,1.85,0.0,0.06,12.96,0.14
4,桃園台啤永豐雲豹,16|54|58|3129,米勒/高錦瑋/林信寬/董永全,8,69,89.0,1188.39,19.81,19:48,148.55,2.48,02:29,44.0,5.5,49.44,79.97,36.0,4.5,40.45,65.43,33.0,4.12,37.08,59.98,14.0,1.75,15.73,25.45,18.0,2.25,20.22,32.72,8.0,1.0,8.99,14.54,15.0,1.88,16.85,27.26,6.0,0.75,6.74,10.91,13.0,1.62,14.61,23.63,10.0,1.25,11.24,18.18,6.0,0.75,6.74,10.91,11.0,1.38,12.36,19.99,7.0,0.88,7.87,12.72,13.0,1.62,14.61,23.63,4.0,0.5,4.49,7.27,11.0,1.38,12.36,19.99,1.0,0.12,1.12,1.82,1.0,0.12,1.12,1.82,10.0,1.25,11.24,18.18,14.0,1.75,15.73,25.45,49.44,40.45,8.99,107.84,8.0,1.0,8.99,19.81,2.48,0.52,0.57,0.44,0.4,0.77,0.09,0.79,0.32,0.61,0.46,1.12,1.12,0.11,15.73,0.39
4,桃園台啤永豐雲豹,16|58|62|3129,米勒/林信寬/王皓吉/董永全,1,2,2.0,11.0,0.18,00:11,11.0,0.18,00:11,0.0,0.0,0.0,0.0,2.0,2.0,100.0,392.73,1.0,1.0,50.0,196.36,0.0,0.0,0.0,0.0,0.0,0.0,0.0,0.0,0.0,0.0,0.0,0.0,1.0,1.0,50.0,196.36,0.0,0.0,0.0,0.0,0.0,0.0,0.0,0.0,0.0,0.0,0.0,0.0,0.0,0.0,0.0,0.0,0.0,0.0,0.0,0.0,0.0,0.0,0.0,0.0,0.0,0.0,0.0,0.0,0.0,0.0,0.0,0.0,0.0,0.0,0.0,0.0,0.0,0.0,0.0,0.0,0.0,0.0,0.0,0.0,0.0,0.0,0.0,0.0,0.0,0.0,0.0,0.0,0.0,100.0,-100.0,261.82,-2.0,-2.0,-100.0,0.18,0.18,0.0,0.0,,0.0,,0.0,,,,,0.0,0.0,0.0,0.0,0.0
4,桃園台啤永豐雲豹,54|58|62|3129,高錦瑋/林信寬/王皓吉/董永全,1,2,2.0,11.0,0.18,00:11,11.0,0.18,00:11,0.0,0.0,0.0,0.0,2.0,2.0,100.0,392.73,1.0,1.0,50.0,196.36,0.0,0.0,0.0,0.0,0.0,0.0,0.0,0.0,0.0,0.0,0.0,0.0,1.0,1.0,50.0,196.36,0.0,0.0,0.0,0.0,0.0,0.0,0.0,0.0,0.0,0.0,0.0,0.0,0.0,0.0,0.0,0.0,0.0,0.0,0.0,0.0,0.0,0.0,0.0,0.0,0.0,0.0,0.0,0.0,0.0,0.0,0.0,0.0,0.0,0.0,0.0,0.0,0.0,0.0,0.0,0.0,0.0,0.0,0.0,0.0,0.0,0.0,0.0,0.0,0.0,0.0,0.0,0.0,0.0,100.0,-100.0,261.82,-2.0,-2.0,-100.0,0.18,0.18,0.0,0.0,,0.0,,0.0,,,,,0.0,0.0,0.0,0.0,0.0
4,高雄全家海神,118|121|122|12668,蘇文儒/吳曉謹/陳懷安/歐提斯,2,13,14.0,198.92,3.32,03:19,99.46,1.66,01:39,3.0,1.5,21.43,32.58,4.0,2.0,28.57,43.43,6.0,3.0,42.86,65.15,1.0,0.5,7.14,10.86,2.0,1.0,14.29,21.72,0.0,0.0,0.0,0.0,4.0,2.0,28.57,43.43,1.0,0.5,7.14,10.86,0.0,0.0,0.0,0.0,0.0,0.0,0.0,0.0,0.0,0.0,0.0,0.0,4.0,2.0,28.57,43.43,2.0,1.0,14.29,21.72,1.0,0.5,7.14,10.86,1.0,0.5,7.14,10.86,1.0,0.5,7.14,10.86,1.0,0.5,7.14,10.86,0.0,0.0,0.0,0.0,2.0,1.0,14.29,21.72,2.0,1.0,14.29,21.72,21.43,28.57,-7.14,101.35,-1.0,-0.5,-7.14,3.32,1.66,0.25,0.25,0.0,0.25,,0.14,1.0,0.0,0.67,0.57,7.14,0.0,0.14,14.29,0.0
4,高雄全家海神,118|121|123|12668,蘇文儒/吳曉謹/勤明慶/歐提斯,1,7,8.0,102.92,1.72,01:43,102.92,1.72,01:43,0.0,0.0,0.0,0.0,0.0,0.0,0.0,0.0,3.0,3.0,37.5,62.96,0.0,0.0,0.0,0.0,1.0,1.0,12.5,20.99,0.0,0.0,0.0,0.0,2.0,2.0,25.0,41.97,0.0,0.0,0.0,0.0,0.0,0.0,0.0,0.0,0.0,0.0,0.0,0.0,0.0,0.0,0.0,0.0,3.0,3.0,37.5,62.96,2.0,2.0,25.0,41.97,1.0,1.0,12.5,20.99,0.0,0.0,0.0,0.0,0.0,0.0,0.0,0.0,0.0,0.0,0.0,0.0,0.0,0.0,0.0,0.0,0.0,0.0,0.0,0.0,2.0,2.0,25.0,41.97,0.0,0.0,0.0,111.93,0.0,0.0,0.0,1.72,1.72,0.0,0.0,0.0,0.0,,0.0,,0.0,0.6,0.5,0.0,0.0,0.0,25.0,0.0
4,高雄全家海神,119|121|122|123,余純安/吳曉謹/陳懷安/勤明慶,1,5,5.0,21.49,0.36,00:21,21.49,0.36,00:21,0.0,0.0,0.0,0.0,3.0,3.0,60.0,301.58,0.0,0.0,0.0,0.0,0.0,0.0,0.0,0.0,0.0,0.0,0.0,0.0,0.0,0.0,0.0,0.0,0.0,0.0,0.0,0.0,0.0,0.0,0.0,0.0,0.0,0.0,0.0,0.0,0.0,0.0,0.0,0.0,0.0,0.0,0.0,0.0,0.0,0.0,0.0,0.0,0.0,0.0,0.0,0.0,0.0,0.0,0.0,0.0,2.0,2.0,40.0,201.05,0.0,0.0,0.0,0.0,2.0,2.0,40.0,201.05,0.0,0.0,0.0,0.0,0.0,0.0,0.0,0.0,4.0,4.0,80.0,402.1,0.0,60.0,-60.0,335.09,-3.0,-3.0,-60.0,0.36,0.36,,,,,,1.0,,,,,40.0,0.0,0.0,80.0,
4,高雄全家海神,110|119|121|12908,胡瓏貿/余純安/吳曉謹/布里茲克,1,1,1.0,17.0,0.28,00:17,17.0,0.28,00:17,0.0,0.0,0.0,0.0,0.0,0.0,0.0,0.0,0.0,0.0,0.0,0.0,0.0,0.0,0.0,0.0,0.0,0.0,0.0,0.0,0.0,0.0,0.0,0.0,0.0,0.0,0.0,0.0,0.0,0.0,0.0,0.0,0.0,0.0,0.0,0.0,0.0,0.0,0.0,0.0,0.0,0.0,0.0,0.0,0.0,0.0,0.0,0.0,0.0,0.0,0.0,0.0,0.0,0.0,0.0,0.0,1.0,1.0,100.0,127.06,0.0,0.0,0.0,0.0,1.0,1.0,100.0,127.06,0.0,0.0,0.0,0.0,0.0,0.0,0.0,0.0,0.0,0.0,0.0,0.0,0.0,0.0,0.0,84.71,0.0,0.0,0.0,0.28,0.28,,,,,,1.0,,,,,100.0,0.0,0.0,0.0,
4,高雄全家海神,110|119|122|12908,胡瓏貿/余純安/陳懷安/布里茲克,1,1,1.0,17.0,0.28,00:17,17.0,0.28,00:17,0.0,0.0,0.0,0.0,0.0,0.0,0.0,0.0,0.0,0.0,0.0,0.0,0.0,0.0,0.0,0.0,0.0,0.0,0.0,0.0,0.0,0.0,0.0,0.0,0.0,0.0,0.0,0.0,0.0,0.0,0.0,0.0,0.0,0.0,0.0,0.0,0.0,0.0,0.0,0.0,0.0,0.0,0.0,0.0,0.0,0.0,0.0,0.0,0.0,0.0,0.0,0.0,0.0,0.0,0.0,0.0,1.0,1.0,100.0,127.06,0.0,0.0,0.0,0.0,1.0,1.0,100.0,127.06,0.0,0.0,0.0,0.0,0.0,0.0,0.0,0.0,0.0,0.0,0.0,0.0,0.0,0.0,0.0,84.71,0.0,0.0,0.0,0.28,0.28,,,,,,1.0,,,,,100.0,0.0,0.0,0.0,
4,高雄全家海神,110|121|122|12908,胡瓏貿/吳曉謹/陳懷安/布里茲克,2,34,43.0,558.08,9.3,09:18,279.04,4.65,04:39,15.0,7.5,34.88,58.06,16.0,8.0,37.21,61.93,14.0,7.0,32.56,54.19,4.0,2.0,9.3,15.48,4.0,2.0,9.3,15.48,1.0,0.5,2.33,3.87,10.0,5.0,23.26,38.7,3.0,1.5,6.98,11.61,5.0,2.5,11.63,19.35,4.0,2.0,9.3,15.48,4.0,2.0,9.3,15.48,7.0,3.5,16.28,27.09,2.0,1.0,4.65,7.74,5.0,2.5,11.63,19.35,5.0,2.5,11.63,19.35,4.0,2.0,9.3,15.48,3.0,1.5,6.98,11.61,1.0,0.5,2.33,3.87,3.0,1.5,6.98,11.61,6.0,3.0,13.95,23.22,34.88,37.21,-2.33,110.95,-1.0,-0.5,-2.33,9.3,4.65,0.39,0.46,0.25,0.3,0.8,0.24,1.0,0.44,0.78,0.61,6.98,2.33,0.07,13.95,0.36
4,高雄全家海神,119|121|122|12908,余純安/吳曉謹/陳懷安/布里茲克,1,1,1.0,17.0,0.28,00:17,17.0,0.28,00:17,0.0,0.0,0.0,0.0,0.0,0.0,0.0,0.0,0.0,0.0,0.0,0.0,0.0,0.0,0.0,0.0,0.0,0.0,0.0,0.0,0.0,0.0,0.0,0.0,0.0,0.0,0.0,0.0,0.0,0.0,0.0,0.0,0.0,0.0,0.0,0.0,0.0,0.0,0.0,0.0,0.0,0.0,0.0,0.0,0.0,0.0,0.0,0.0,0.0,0.0,0.0,0.0,0.0,0.0,0.0,0.0,1.0,1.0,100.0,127.06,0.0,0.0,0.0,0.0,1.0,1.0,100.0,127.06,0.0,0.0,0.0,0.0,0.0,0.0,0.0,0.0,0.0,0.0,0.0,0.0,0.0,0.0,0.0,84.71,0.0,0.0,0.0,0.28,0.28,,,,,,1.0,,,,,100.0,0.0,0.0,0.0,
4,桃園台啤永豐雲豹,12|16|54|10884,曹薰襄/米勒/高錦瑋/徐宏瑋,1,6,7.0,128.55,2.14,02:09,128.55,2.14,02:09,2.0,2.0,28.57,33.61,5.0,5.0,71.43,84.02,4.0,4.0,57.14,67.21,1.0,1.0,14.29,16.8,2.0,2.0,28.57,33.61,1.0,1.0,14.29,16.8,2.0,2.0,28.57,33.61,0.0,0.0,0.0,0.0,0.0,0.0,0.0,0.0,0.0,0.0,0.0,0.0,1.0,1.0,14.29,16.8,2.0,2.0,28.57,33.61,0.0,0.0,0.0,0.0,1.0,1.0,14.29,16.8,0.0,0.0,0.0,0.0,1.0,1.0,14.29,16.8,0.0,0.0,0.0,0.0,1.0,1.0,14.29,16.8,2.0,2.0,28.57,33.61,0.0,0.0,0.0,0.0,28.57,71.43,-42.86,78.42,-3.0,-3.0,-42.86,2.14,2.14,0.25,0.25,0.5,0.0,,0.0,1.0,0.5,1.0,0.75,0.0,14.29,0.29,0.0,0.0
4,桃園台啤永豐雲豹,12|16|68|10884,曹薰襄/米勒/克羅馬/徐宏瑋,2,12,15.0,241.63,4.03,04:02,120.81,2.01,02:01,8.0,4.0,53.33,71.52,11.0,5.5,73.33,98.33,7.0,3.5,46.67,62.58,3.0,1.5,20.0,26.82,3.0,1.5,20.0,26.82,1.0,0.5,6.67,8.94,4.0,2.0,26.67,35.76,2.0,1.0,13.33,17.88,0.0,0.0,0.0,0.0,0.0,0.0,0.0,0.0,1.0,0.5,6.67,8.94,3.0,1.5,20.0,26.82,2.0,1.0,13.33,17.88,1.0,0.5,6.67,8.94,0.0,0.0,0.0,0.0,3.0,1.5,20.0,26.82,0.0,0.0,0.0,0.0,1.0,0.5,6.67,8.94,2.0,1.0,13.33,17.88,0.0,0.0,0.0,0.0,53.33,73.33,-20.0,89.39,-3.0,-1.5,-20.0,4.03,2.01,0.57,0.57,0.33,0.5,,0.0,1.0,0.5,0.6,0.57,0.0,6.67,0.13,0.0,0.0
4,桃園台啤永豐雲豹,12|54|68|10884,曹薰襄/高錦瑋/克羅馬/徐宏瑋,1,6,7.0,128.55,2.14,02:09,128.55,2.14,02:09,2.0,2.0,28.57,33.61,5.0,5.0,71.43,84.02,4.0,4.0,57.14,67.21,1.0,1.0,14.29,16.8,2.0,2.0,28.57,33.61,1.0,1.0,14.29,16.8,2.0,2.0,28.57,33.61,0.0,0.0,0.0,0.0,0.0,0.0,0.0,0.0,0.0,0.0,0.0,0.0,1.0,1.0,14.29,16.8,2.0,2.0,28.57,33.61,0.0,0.0,0.0,0.0,1.0,1.0,14.29,16.8,0.0,0.0,0.0,0.0,1.0,1.0,14.29,16.8,0.0,0.0,0.0,0.0,1.0,1.0,14.29,16.8,2.0,2.0,28.57,33.61,0.0,0.0,0.0,0.0,28.57,71.43,-42.86,78.42,-3.0,-3.0,-42.86,2.14,2.14,0.25,0.25,0.5,0.0,,0.0,1.0,0.5,1.0,0.75,0.0,14.29,0.29,0.0,0.0
4,桃園台啤永豐雲豹,54|58|10860|10884,高錦瑋/林信寬/麥卡洛/徐宏瑋,3,19,23.0,300.14,5.0,05:00,100.05,1.67,01:40,9.0,3.0,39.13,64.77,7.0,2.33,30.43,50.38,7.0,2.33,30.43,50.38,3.0,1.0,13.04,21.59,4.0,1.33,17.39,28.79,2.0,0.67,8.7,14.39,3.0,1.0,13.04,21.59,1.0,0.33,4.35,7.2,5.0,1.67,21.74,35.98,2.0,0.67,8.7,14.39,1.0,0.33,4.35,7.2,5.0,1.67,21.74,35.98,1.0,0.33,4.35,7.2,4.0,1.33,17.39,28.79,1.0,0.33,4.35,7.2,2.0,0.67,8.7,14.39,1.0,0.33,4.35,7.2,0.0,0.0,0.0,0.0,3.0,1.0,13.04,21.59,2.0,0.67,8.7,14.39,39.13,30.43,8.7,110.35,2.0,0.67,8.7,5.0,1.67,0.5,0.49,0.5,0.33,0.4,0.1,0.67,0.2,0.83,0.55,4.35,0.0,0.13,8.7,0.71
4,桃園台啤永豐雲豹,54|68|10860|10884,高錦瑋/克羅馬/麥卡洛/徐宏瑋,3,20,24.0,302.14,5.04,05:02,100.71,1.68,01:41,9.0,3.0,37.5,64.34,9.0,3.0,37.5,64.34,7.0,2.33,29.17,50.04,3.0,1.0,12.5,21.45,4.0,1.33,16.67,28.6,2.0,0.67,8.33,14.3,3.0,1.0,12.5,21.45,1.0,0.33,4.17,7.15,5.0,1.67,20.83,35.74,2.0,0.67,8.33,14.3,1.0,0.33,4.17,7.15,5.0,1.67,20.83,35.74,1.0,0.33,4.17,7.15,4.0,1.33,16.67,28.6,1.0,0.33,4.17,7.15,2.0,0.67,8.33,14.3,1.0,0.33,4.17,7.15,0.0,0.0,0.0,0.0,3.0,1.0,12.5,21.45,4.0,1.33,16.67,28.6,37.5,37.5,0.0,114.38,0.0,0.0,0.0,5.04,1.68,0.5,0.49,0.5,0.33,0.4,0.1,0.67,0.2,0.83,0.55,4.17,0.0,0.12,16.67,0.71
4,桃園台啤永豐雲豹,58|68|10860|10884,林信寬/克羅馬/麥卡洛/徐宏瑋,5,45,53.0,671.81,11.2,11:12,134.36,2.24,02:14,30.0,6.0,56.6,96.46,18.0,3.6,33.96,57.87,17.0,3.4,32.08,54.66,10.0,2.0,18.87,32.15,12.0,2.4,22.64,38.58,8.0,1.6,15.09,25.72,5.0,1.0,9.43,16.08,2.0,0.4,3.77,6.43,12.0,2.4,22.64,38.58,8.0,1.6,15.09,25.72,2.0,0.4,3.77,6.43,7.0,1.4,13.21,22.51,4.0,0.8,7.55,12.86,8.0,1.6,15.09,25.72,2.0,0.4,3.77,6.43,6.0,1.2,11.32,19.29,1.0,0.2,1.89,3.22,1.0,0.2,1.89,3.22,6.0,1.2,11.32,19.29,6.0,1.2,11.32,19.29,56.6,33.96,22.64,113.6,12.0,2.4,22.64,11.2,2.24,0.65,0.67,0.67,0.4,0.67,0.08,0.6,0.2,0.64,0.43,1.89,1.89,0.11,11.32,0.71
4,桃園台啤永豐雲豹,12|56|3129|10860,曹薰襄/丁冠皓/董永全/麥卡洛,1,4,7.0,87.12,1.45,01:27,87.12,1.45,01:27,3.0,3.0,42.86,74.38,3.0,3.0,42.86,74.38,2.0,2.0,28.57,49.59,1.0,1.0,14.29,24.79,1.0,1.0,14.29,24.79,1.0,1.0,14.29,24.79,1.0,1.0,14.29,24.79,0.0,0.0,0.0,0.0,3.0,3.0,42.86,74.38,1.0,1.0,14.29,24.79,1.0,1.0,14.29,24.79,2.0,2.0,28.57,49.59,0.0,0.0,0.0,0.0,1.0,1.0,14.29,24.79,0.0,0.0,0.0,0.0,0.0,0.0,0.0,0.0,0.0,0.0,0.0,0.0,0.0,0.0,0.0,0.0,2.0,2.0,28.57,49.59,0.0,0.0,0.0,0.0,42.86,42.86,0.0,115.71,0.0,0.0,0.0,1.45,1.45,0.5,0.45,1.0,0.0,0.33,0.0,0.0,0.5,1.0,0.75,0.0,0.0,0.29,0.0,1.5
4,桃園台啤永豐雲豹,12|56|3129|10884,曹薰襄/丁冠皓/董永全/徐宏瑋,1,13,17.0,238.65,3.98,03:59,238.65,3.98,03:59,9.0,9.0,52.94,81.46,5.0,5.0,29.41,45.25,6.0,6.0,35.29,54.3,3.0,3.0,17.65,27.15,3.0,3.0,17.65,27.15,2.0,2.0,11.76,18.1,3.0,3.0,17.65,27.15,1.0,1.0,5.88,9.05,5.0,5.0,29.41,45.25,2.0,2.0,11.76,18.1,1.0,1.0,5.88,9.05,5.0,5.0,29.41,45.25,0.0,0.0,0.0,0.0,1.0,1.0,5.88,9.05,0.0,0.0,0.0,0.0,2.0,2.0,11.76,18.1,0.0,0.0,0.0,0.0,0.0,0.0,0.0,0.0,3.0,3.0,17.65,27.15,0.0,0.0,0.0,0.0,52.94,29.41,23.53,102.57,4.0,4.0,23.53,3.98,3.98,0.58,0.55,0.67,0.33,0.4,0.0,0.67,0.5,1.0,0.86,0.0,0.0,0.18,0.0,0.83
4,桃園台啤永豐雲豹,12|56|10860|10884,曹薰襄/丁冠皓/麥卡洛/徐宏瑋,1,4,7.0,87.12,1.45,01:27,87.12,1.45,01:27,3.0,3.0,42.86,74.38,3.0,3.0,42.86,74.38,2.0,2.0,28.57,49.59,1.0,1.0,14.29,24.79,1.0,1.0,14.29,24.79,1.0,1.0,14.29,24.79,1.0,1.0,14.29,24.79,0.0,0.0,0.0,0.0,3.0,3.0,42.86,74.38,1.0,1.0,14.29,24.79,1.0,1.0,14.29,24.79,2.0,2.0,28.57,49.59,0.0,0.0,0.0,0.0,1.0,1.0,14.29,24.79,0.0,0.0,0.0,0.0,0.0,0.0,0.0,0.0,0.0,0.0,0.0,0.0,0.0,0.0,0.0,0.0,2.0,2.0,28.57,49.59,0.0,0.0,0.0,0.0,42.86,42.86,0.0,115.71,0.0,0.0,0.0,1.45,1.45,0.5,0.45,1.0,0.0,0.33,0.0,0.0,0.5,1.0,0.75,0.0,0.0,0.29,0.0,1.5
4,桃園台啤永豐雲豹,56|3129|10860|10884,丁冠皓/董永全/麥卡洛/徐宏瑋,1,4,7.0,87.12,1.45,01:27,87.12,1.45,01:27,3.0,3.0,42.86,74.38,3.0,3.0,42.86,74.38,2.0,2.0,28.57,49.59,1.0,1.0,14.29,24.79,1.0,1.0,14.29,24.79,1.0,1.0,14.29,24.79,1.0,1.0,14.29,24.79,0.0,0.0,0.0,0.0,3.0,3.0,42.86,74.38,1.0,1.0,14.29,24.79,1.0,1.0,14.29,24.79,2.0,2.0,28.57,49.59,0.0,0.0,0.0,0.0,1.0,1.0,14.29,24.79,0.0,0.0,0.0,0.0,0.0,0.0,0.0,0.0,0.0,0.0,0.0,0.0,0.0,0.0,0.0,0.0,2.0,2.0,28.57,49.59,0.0,0.0,0.0,0.0,42.86,42.86,0.0,115.71,0.0,0.0,0.0,1.45,1.45,0.5,0.45,1.0,0.0,0.33,0.0,0.0,0.5,1.0,0.75,0.0,0.0,0.29,0.0,1.5
4,高雄全家海神,108|116|118|12668,魏莨哲/呂威霆/蘇文儒/歐提斯,1,5,8.0,95.14,1.59,01:35,95.14,1.59,01:35,3.0,3.0,37.5,68.11,3.0,3.0,37.5,68.11,2.0,2.0,25.0,45.41,1.0,1.0,12.5,22.7,0.0,0.0,0.0,0.0,0.0,0.0,0.0,0.0,2.0,2.0,25.0,45.41,1.0,1.0,12.5,22.7,0.0,0.0,0.0,0.0,0.0,0.0,0.0,0.0,0.0,0.0,0.0,0.0,1.0,1.0,12.5,22.7,1.0,1.0,12.5,22.7,3.0,3.0,37.5,68.11,0.0,0.0,0.0,0.0,1.0,1.0,12.5,22.7,0.0,0.0,0.0,0.0,0.0,0.0,0.0,0.0,1.0,1.0,12.5,22.7,3.0,3.0,37.5,68.11,37.5,37.5,0.0,121.09,0.0,0.0,0.0,1.59,1.59,0.75,0.75,,0.5,,0.0,1.0,0.0,0.5,0.2,0.0,0.0,0.12,37.5,0.0
4,高雄全家海神,108|116|118|12908,魏莨哲/呂威霆/蘇文儒/布里茲克,1,4,7.0,78.12,1.3,01:18,78.12,1.3,01:18,3.0,3.0,42.86,82.95,3.0,3.0,42.86,82.95,2.0,2.0,28.57,55.3,1.0,1.0,14.29,27.65,0.0,0.0,0.0,0.0,0.0,0.0,0.0,0.0,2.0,2.0,28.57,55.3,1.0,1.0,14.29,27.65,0.0,0.0,0.0,0.0,0.0,0.0,0.0,0.0,0.0,0.0,0.0,0.0,1.0,1.0,14.29,27.65,1.0,1.0,14.29,27.65,2.0,2.0,28.57,55.3,0.0,0.0,0.0,0.0,1.0,1.0,14.29,27.65,0.0,0.0,0.0,0.0,0.0,0.0,0.0,0.0,1.0,1.0,14.29,27.65,3.0,3.0,42.86,82.95,42.86,42.86,0.0,129.04,0.0,0.0,0.0,1.3,1.3,0.75,0.75,,0.5,,0.0,1.0,0.0,0.5,0.25,0.0,0.0,0.14,42.86,0.0
4,高雄全家海神,108|116|12668|12908,魏莨哲/呂威霆/歐提斯/布里茲克,1,4,7.0,78.12,1.3,01:18,78.12,1.3,01:18,3.0,3.0,42.86,82.95,3.0,3.0,42.86,82.95,2.0,2.0,28.57,55.3,1.0,1.0,14.29,27.65,0.0,0.0,0.0,0.0,0.0,0.0,0.0,0.0,2.0,2.0,28.57,55.3,1.0,1.0,14.29,27.65,0.0,0.0,0.0,0.0,0.0,0.0,0.0,0.0,0.0,0.0,0.0,0.0,1.0,1.0,14.29,27.65,1.0,1.0,14.29,27.65,2.0,2.0,28.57,55.3,0.0,0.0,0.0,0.0,1.0,1.0,14.29,27.65,0.0,0.0,0.0,0.0,0.0,0.0,0.0,0.0,1.0,1.0,14.29,27.65,3.0,3.0,42.86,82.95,42.86,42.86,0.0,129.04,0.0,0.0,0.0,1.3,1.3,0.75,0.75,,0.5,,0.0,1.0,0.0,0.5,0.25,0.0,0.0,0.14,42.86,0.0
4,高雄全家海神,116|118|12668|12908,呂威霆/蘇文儒/歐提斯/布里茲克,1,4,7.0,78.12,1.3,01:18,78.12,1.3,01:18,3.0,3.0,42.86,82.95,3.0,3.0,42.86,82.95,2.0,2.0,28.57,55.3,1.0,1.0,14.29,27.65,0.0,0.0,0.0,0.0,0.0,0.0,0.0,0.0,2.0,2.0,28.57,55.3,1.0,1.0,14.29,27.65,0.0,0.0,0.0,0.0,0.0,0.0,0.0,0.0,0.0,0.0,0.0,0.0,1.0,1.0,14.29,27.65,1.0,1.0,14.29,27.65,2.0,2.0,28.57,55.3,0.0,0.0,0.0,0.0,1.0,1.0,14.29,27.65,0.0,0.0,0.0,0.0,0.0,0.0,0.0,0.0,1.0,1.0,14.29,27.65,3.0,3.0,42.86,82.95,42.86,42.86,0.0,129.04,0.0,0.0,0.0,1.3,1.3,0.75,0.75,,0.5,,0.0,1.0,0.0,0.5,0.25,0.0,0.0,0.14,42.86,0.0
4,桃園台啤永豐雲豹,12|56|64|3129,曹薰襄/丁冠皓/劉元凱/董永全,1,9,10.0,151.54,2.53,02:32,151.54,2.53,02:32,6.0,6.0,60.0,85.52,2.0,2.0,20.0,28.51,4.0,4.0,40.0,57.02,2.0,2.0,20.0,28.51,2.0,2.0,20.0,28.51,1.0,1.0,10.0,14.25,2.0,2.0,20.0,28.51,1.0,1.0,10.0,14.25,2.0,2.0,20.0,28.51,1.0,1.0,10.0,14.25,0.0,0.0,0.0,0.0,3.0,3.0,30.0,42.76,0.0,0.0,0.0,0.0,0.0,0.0,0.0,0.0,0.0,0.0,0.0,0.0,2.0,2.0,20.0,28.51,0.0,0.0,0.0,0.0,0.0,0.0,0.0,0.0,1.0,1.0,10.0,14.25,0.0,0.0,0.0,0.0,60.0,20.0,40.0,95.03,4.0,4.0,40.0,2.53,2.53,0.62,0.61,0.5,0.5,0.5,0.0,1.0,,1.0,1.0,0.0,0.0,0.1,0.0,0.5
4,桃園台啤永豐雲豹,12|56|64|10884,曹薰襄/丁冠皓/劉元凱/徐宏瑋,1,9,10.0,151.54,2.53,02:32,151.54,2.53,02:32,6.0,6.0,60.0,85.52,2.0,2.0,20.0,28.51,4.0,4.0,40.0,57.02,2.0,2.0,20.0,28.51,2.0,2.0,20.0,28.51,1.0,1.0,10.0,14.25,2.0,2.0,20.0,28.51,1.0,1.0,10.0,14.25,2.0,2.0,20.0,28.51,1.0,1.0,10.0,14.25,0.0,0.0,0.0,0.0,3.0,3.0,30.0,42.76,0.0,0.0,0.0,0.0,0.0,0.0,0.0,0.0,0.0,0.0,0.0,0.0,2.0,2.0,20.0,28.51,0.0,0.0,0.0,0.0,0.0,0.0,0.0,0.0,1.0,1.0,10.0,14.25,0.0,0.0,0.0,0.0,60.0,20.0,40.0,95.03,4.0,4.0,40.0,2.53,2.53,0.62,0.61,0.5,0.5,0.5,0.0,1.0,,1.0,1.0,0.0,0.0,0.1,0.0,0.5
4,桃園台啤永豐雲豹,12|64|3129|10884,曹薰襄/劉元凱/董永全/徐宏瑋,2,10,13.0,176.54,2.94,02:57,88.27,1.47,01:28,6.0,3.0,46.15,73.41,2.0,1.0,15.38,24.47,4.0,2.0,30.77,48.94,2.0,1.0,15.38,24.47,2.0,1.0,15.38,24.47,1.0,0.5,7.69,12.24,2.0,1.0,15.38,24.47,1.0,0.5,7.69,12.24,2.0,1.0,15.38,24.47,1.0,0.5,7.69,12.24,0.0,0.0,0.0,0.0,3.0,1.5,23.08,36.71,1.0,0.5,7.69,12.24,1.0,0.5,7.69,12.24,1.0,0.5,7.69,12.24,2.0,1.0,15.38,24.47,0.0,0.0,0.0,0.0,0.0,0.0,0.0,0.0,1.0,0.5,7.69,12.24,0.0,0.0,0.0,0.0,46.15,15.38,30.77,106.04,4.0,2.0,30.77,2.94,1.47,0.62,0.61,0.5,0.5,0.5,0.17,1.0,0.0,0.75,0.6,0.0,0.0,0.08,0.0,0.5
4,高雄全家海神,108|116|118|10891,魏莨哲/呂威霆/蘇文儒/廖偉皓,1,1,1.0,17.02,0.28,00:17,17.02,0.28,00:17,0.0,0.0,0.0,0.0,0.0,0.0,0.0,0.0,0.0,0.0,0.0,0.0,0.0,0.0,0.0,0.0,0.0,0.0,0.0,0.0,0.0,0.0,0.0,0.0,0.0,0.0,0.0,0.0,0.0,0.0,0.0,0.0,0.0,0.0,0.0,0.0,0.0,0.0,0.0,0.0,0.0,0.0,0.0,0.0,0.0,0.0,0.0,0.0,0.0,0.0,0.0,0.0,1.0,1.0,100.0,126.89,0.0,0.0,0.0,0.0,0.0,0.0,0.0,0.0,0.0,0.0,0.0,0.0,0.0,0.0,0.0,0.0,0.0,0.0,0.0,0.0,0.0,0.0,0.0,0.0,0.0,0.0,0.0,84.6,0.0,0.0,0.0,0.28,0.28,,,,,,,,0.0,,0.0,0.0,0.0,0.0,0.0,
4,高雄全家海神,108|116|10891|12668,魏莨哲/呂威霆/廖偉皓/歐提斯,1,9,10.0,151.54,2.53,02:32,151.54,2.53,02:32,2.0,2.0,20.0,28.51,6.0,6.0,60.0,85.52,1.0,1.0,10.0,14.25,1.0,1.0,10.0,14.25,1.0,1.0,10.0,14.25,1.0,1.0,10.0,14.25,0.0,0.0,0.0,0.0,0.0,0.0,0.0,0.0,0.0,0.0,0.0,0.0,0.0,0.0,0.0,0.0,0.0,0.0,0.0,0.0,0.0,0.0,0.0,0.0,0.0,0.0,0.0,0.0,3.0,3.0,30.0,42.76,3.0,3.0,30.0,42.76,1.0,1.0,10.0,14.25,0.0,0.0,0.0,0.0,0.0,0.0,0.0,0.0,0.0,0.0,0.0,0.0,2.0,2.0,20.0,28.51,20.0,60.0,-40.0,95.03,-4.0,-4.0,-40.0,2.53,2.53,1.0,1.0,1.0,,,0.75,1.0,0.0,,0.0,0.0,0.0,0.0,20.0,0.0
4,高雄全家海神,108|118|10891|12668,魏莨哲/蘇文儒/廖偉皓/歐提斯,1,1,1.0,17.02,0.28,00:17,17.02,0.28,00:17,0.0,0.0,0.0,0.0,0.0,0.0,0.0,0.0,0.0,0.0,0.0,0.0,0.0,0.0,0.0,0.0,0.0,0.0,0.0,0.0,0.0,0.0,0.0,0.0,0.0,0.0,0.0,0.0,0.0,0.0,0.0,0.0,0.0,0.0,0.0,0.0,0.0,0.0,0.0,0.0,0.0,0.0,0.0,0.0,0.0,0.0,0.0,0.0,0.0,0.0,0.0,0.0,1.0,1.0,100.0,126.89,0.0,0.0,0.0,0.0,0.0,0.0,0.0,0.0,0.0,0.0,0.0,0.0,0.0,0.0,0.0,0.0,0.0,0.0,0.0,0.0,0.0,0.0,0.0,0.0,0.0,0.0,0.0,84.6,0.0,0.0,0.0,0.28,0.28,,,,,,,,0.0,,0.0,0.0,0.0,0.0,0.0,
4,高雄全家海神,116|118|10891|12668,呂威霆/蘇文儒/廖偉皓/歐提斯,1,1,1.0,17.02,0.28,00:17,17.02,0.28,00:17,0.0,0.0,0.0,0.0,0.0,0.0,0.0,0.0,0.0,0.0,0.0,0.0,0.0,0.0,0.0,0.0,0.0,0.0,0.0,0.0,0.0,0.0,0.0,0.0,0.0,0.0,0.0,0.0,0.0,0.0,0.0,0.0,0.0,0.0,0.0,0.0,0.0,0.0,0.0,0.0,0.0,0.0,0.0,0.0,0.0,0.0,0.0,0.0,0.0,0.0,0.0,0.0,1.0,1.0,100.0,126.89,0.0,0.0,0.0,0.0,0.0,0.0,0.0,0.0,0.0,0.0,0.0,0.0,0.0,0.0,0.0,0.0,0.0,0.0,0.0,0.0,0.0,0.0,0.0,0.0,0.0,0.0,0.0,84.6,0.0,0.0,0.0,0.28,0.28,,,,,,,,0.0,,0.0,0.0,0.0,0.0,0.0,
4,高雄全家海神,108|116|122|10891,魏莨哲/呂威霆/陳懷安/廖偉皓,1,8,9.0,134.52,2.24,02:15,134.52,2.24,02:15,2.0,2.0,22.22,32.11,6.0,6.0,66.67,96.34,1.0,1.0,11.11,16.06,1.0,1.0,11.11,16.06,1.0,1.0,11.11,16.06,1.0,1.0,11.11,16.06,0.0,0.0,0.0,0.0,0.0,0.0,0.0,0.0,0.0,0.0,0.0,0.0,0.0,0.0,0.0,0.0,0.0,0.0,0.0,0.0,0.0,0.0,0.0,0.0,0.0,0.0,0.0,0.0,2.0,2.0,22.22,32.11,3.0,3.0,33.33,48.17,1.0,1.0,11.11,16.06,0.0,0.0,0.0,0.0,0.0,0.0,0.0,0.0,0.0,0.0,0.0,0.0,2.0,2.0,22.22,32.11,22.22,66.67,-44.44,96.34,-4.0,-4.0,-44.44,2.24,2.24,1.0,1.0,1.0,,,0.75,1.0,0.0,,0.0,0.0,0.0,0.0,22.22,0.0
4,高雄全家海神,108|116|122|12668,魏莨哲/呂威霆/陳懷安/歐提斯,1,8,9.0,134.52,2.24,02:15,134.52,2.24,02:15,2.0,2.0,22.22,32.11,6.0,6.0,66.67,96.34,1.0,1.0,11.11,16.06,1.0,1.0,11.11,16.06,1.0,1.0,11.11,16.06,1.0,1.0,11.11,16.06,0.0,0.0,0.0,0.0,0.0,0.0,0.0,0.0,0.0,0.0,0.0,0.0,0.0,0.0,0.0,0.0,0.0,0.0,0.0,0.0,0.0,0.0,0.0,0.0,0.0,0.0,0.0,0.0,2.0,2.0,22.22,32.11,3.0,3.0,33.33,48.17,1.0,1.0,11.11,16.06,0.0,0.0,0.0,0.0,0.0,0.0,0.0,0.0,0.0,0.0,0.0,0.0,2.0,2.0,22.22,32.11,22.22,66.67,-44.44,96.34,-4.0,-4.0,-44.44,2.24,2.24,1.0,1.0,1.0,,,0.75,1.0,0.0,,0.0,0.0,0.0,0.0,22.22,0.0
4,高雄全家海神,108|122|10891|12668,魏莨哲/陳懷安/廖偉皓/歐提斯,1,8,9.0,134.52,2.24,02:15,134.52,2.24,02:15,2.0,2.0,22.22,32.11,6.0,6.0,66.67,96.34,1.0,1.0,11.11,16.06,1.0,1.0,11.11,16.06,1.0,1.0,11.11,16.06,1.0,1.0,11.11,16.06,0.0,0.0,0.0,0.0,0.0,0.0,0.0,0.0,0.0,0.0,0.0,0.0,0.0,0.0,0.0,0.0,0.0,0.0,0.0,0.0,0.0,0.0,0.0,0.0,0.0,0.0,0.0,0.0,2.0,2.0,22.22,32.11,3.0,3.0,33.33,48.17,1.0,1.0,11.11,16.06,0.0,0.0,0.0,0.0,0.0,0.0,0.0,0.0,0.0,0.0,0.0,0.0,2.0,2.0,22.22,32.11,22.22,66.67,-44.44,96.34,-4.0,-4.0,-44.44,2.24,2.24,1.0,1.0,1.0,,,0.75,1.0,0.0,,0.0,0.0,0.0,0.0,22.22,0.0
4,高雄全家海神,116|122|10891|12668,呂威霆/陳懷安/廖偉皓/歐提斯,1,8,9.0,134.52,2.24,02:15,134.52,2.24,02:15,2.0,2.0,22.22,32.11,6.0,6.0,66.67,96.34,1.0,1.0,11.11,16.06,1.0,1.0,11.11,16.06,1.0,1.0,11.11,16.06,1.0,1.0,11.11,16.06,0.0,0.0,0.0,0.0,0.0,0.0,0.0,0.0,0.0,0.0,0.0,0.0,0.0,0.0,0.0,0.0,0.0,0.0,0.0,0.0,0.0,0.0,0.0,0.0,0.0,0.0,0.0,0.0,2.0,2.0,22.22,32.11,3.0,3.0,33.33,48.17,1.0,1.0,11.11,16.06,0.0,0.0,0.0,0.0,0.0,0.0,0.0,0.0,0.0,0.0,0.0,0.0,2.0,2.0,22.22,32.11,22.22,66.67,-44.44,96.34,-4.0,-4.0,-44.44,2.24,2.24,1.0,1.0,1.0,,,0.75,1.0,0.0,,0.0,0.0,0.0,0.0,22.22,0.0
4,福爾摩沙夢想家,89|103|10889|10890,蔣淯安/忻沃克/恩尼斯/湯普金斯,3,72,86.0,1087.77,18.13,18:08,362.59,6.04,06:03,41.0,13.67,47.67,81.41,30.0,10.0,34.88,59.57,33.0,11.0,38.37,65.53,15.0,5.0,17.44,29.79,18.0,6.0,20.93,35.74,11.0,3.67,12.79,21.84,15.0,5.0,17.44,29.79,4.0,1.33,4.65,7.94,10.0,3.33,11.63,19.86,7.0,2.33,8.14,13.9,6.0,2.0,6.98,11.91,14.0,4.67,16.28,27.8,3.0,1.0,3.49,5.96,15.0,5.0,17.44,29.79,6.0,2.0,6.98,11.91,10.0,3.33,11.63,19.86,6.0,2.0,6.98,11.91,0.0,0.0,0.0,0.0,9.0,3.0,10.47,17.87,7.0,2.33,8.14,13.9,47.67,34.88,12.79,113.85,11.0,3.67,12.79,18.13,6.04,0.52,0.55,0.61,0.27,0.7,0.14,0.67,0.29,0.82,0.53,6.98,0.0,0.1,8.14,0.3
4,福爾摩沙夢想家,99|103|10889|10890,盧冠良/忻沃克/恩尼斯/湯普金斯,3,71,83.0,1045.24,17.42,17:25,348.41,5.81,05:48,37.0,12.33,44.58,76.46,38.0,12.67,45.78,78.53,29.0,9.67,34.94,59.93,14.0,4.67,16.87,28.93,17.0,5.67,20.48,35.13,11.0,3.67,13.25,22.73,12.0,4.0,14.46,24.8,3.0,1.0,3.61,6.2,10.0,3.33,12.05,20.67,6.0,2.0,7.23,12.4,4.0,1.33,4.82,8.27,12.0,4.0,14.46,24.8,4.0,1.33,4.82,8.27,12.0,4.0,14.46,24.8,7.0,2.33,8.43,14.47,9.0,3.0,10.84,18.6,7.0,2.33,8.43,14.47,0.0,0.0,0.0,0.0,8.0,2.67,9.64,16.53,7.0,2.33,8.43,14.47,44.58,45.78,-1.2,114.35,-1.0,-0.33,-1.2,17.42,5.81,0.53,0.55,0.65,0.25,0.6,0.17,0.64,0.25,0.75,0.5,8.43,0.0,0.1,8.43,0.34
4,福爾摩沙夢想家,73|77|86|107,陳振傑/馬建豪/林俊吉/霍爾曼,4,82,97.0,1386.84,23.11,23:07,346.71,5.78,05:47,51.0,12.75,52.58,79.43,58.0,14.5,59.79,90.33,29.0,7.25,29.9,45.17,15.0,3.75,15.46,23.36,13.0,3.25,13.4,20.25,8.0,2.0,8.25,12.46,16.0,4.0,16.49,24.92,7.0,1.75,7.22,10.9,20.0,5.0,20.62,31.15,14.0,3.5,14.43,21.8,4.0,1.0,4.12,6.23,15.0,3.75,15.46,23.36,8.0,2.0,8.25,12.46,14.0,3.5,14.43,21.8,7.0,1.75,7.22,10.9,14.0,3.5,14.43,21.8,2.0,0.5,2.06,3.11,0.0,0.0,0.0,0.0,15.0,3.75,15.46,23.36,7.0,1.75,7.22,10.9,52.58,59.79,-7.22,100.72,-7.0,-1.75,-7.22,23.11,5.78,0.64,0.67,0.62,0.44,0.7,0.16,0.93,0.22,0.65,0.46,2.06,0.0,0.15,7.22,0.69
4,福爾摩沙夢想家,73|77|86|10890,陳振傑/馬建豪/林俊吉/湯普金斯,3,72,84.0,1177.81,19.63,19:38,392.6,6.54,06:33,48.0,16.0,57.14,88.03,39.0,13.0,46.43,71.52,29.0,9.67,34.52,53.18,16.0,5.33,19.05,29.34,15.0,5.0,17.86,27.51,10.0,3.33,11.9,18.34,14.0,4.67,16.67,25.67,6.0,2.0,7.14,11.0,14.0,4.67,16.67,25.67,10.0,3.33,11.9,18.34,3.0,1.0,3.57,5.5,13.0,4.33,15.48,23.84,7.0,2.33,8.33,12.84,15.0,5.0,17.86,27.51,4.0,1.33,4.76,7.34,13.0,4.33,15.48,23.84,1.0,0.33,1.19,1.83,0.0,0.0,0.0,0.0,9.0,3.0,10.71,16.51,7.0,2.33,8.33,12.84,57.14,46.43,10.71,102.7,9.0,3.0,10.71,19.63,6.54,0.66,0.68,0.67,0.43,0.71,0.1,0.81,0.17,0.65,0.42,1.19,0.0,0.11,8.33,0.48
4,福爾摩沙夢想家,73|77|107|10890,陳振傑/馬建豪/霍爾曼/湯普金斯,4,70,81.0,1904.86,31.75,31:45,476.22,7.94,07:56,51.0,12.75,62.96,57.83,44.0,11.0,54.32,49.89,25.0,6.25,30.86,28.35,16.0,4.0,19.75,18.14,11.0,2.75,13.58,12.47,7.0,1.75,8.64,7.94,14.0,3.5,17.28,15.88,9.0,2.25,11.11,10.21,15.0,3.75,18.52,17.01,10.0,2.5,12.35,11.34,3.0,0.75,3.7,3.4,9.0,2.25,11.11,10.21,7.0,1.75,8.64,7.94,11.0,2.75,13.58,12.47,5.0,1.25,6.17,5.67,14.0,3.5,17.28,15.88,2.0,0.5,2.47,2.27,0.0,0.0,0.0,0.0,10.0,2.5,12.35,11.34,5.0,1.25,6.17,5.67,62.96,54.32,8.64,61.23,7.0,1.75,8.64,31.75,7.94,0.82,0.81,0.64,0.64,0.67,0.14,0.88,0.21,0.56,0.4,2.47,0.0,0.12,6.17,0.6
4,福爾摩沙夢想家,73|86|107|10890,陳振傑/林俊吉/霍爾曼/湯普金斯,4,109,130.0,1673.99,27.9,27:54,418.5,6.97,06:58,67.0,16.75,51.54,86.45,67.0,16.75,51.54,86.45,48.0,12.0,36.92,61.94,22.0,5.5,16.92,28.39,22.0,5.5,16.92,28.39,13.0,3.25,10.0,16.77,26.0,6.5,20.0,33.55,9.0,2.25,6.92,11.61,21.0,5.25,16.15,27.1,16.0,4.0,12.31,20.65,10.0,2.5,7.69,12.9,17.0,4.25,13.08,21.94,7.0,1.75,5.38,9.03,19.0,4.75,14.62,24.52,9.0,2.25,6.92,11.61,14.0,3.5,10.77,18.06,5.0,1.25,3.85,6.45,2.0,0.5,1.54,2.58,15.0,3.75,11.54,19.35,20.0,5.0,15.38,25.81,51.54,51.54,0.0,111.83,0.0,0.0,0.0,27.9,6.97,0.55,0.59,0.59,0.35,0.76,0.14,0.64,0.34,0.71,0.51,3.85,1.54,0.12,15.38,0.44
4,新竹御嵿攻城獅,76|82|88|5948,曾柏喻/蕭順議/盧冠軒/克雷格,1,4,4.0,81.0,1.35,01:21,81.0,1.35,01:21,2.0,2.0,50.0,53.33,5.0,5.0,125.0,133.33,2.0,2.0,50.0,53.33,1.0,1.0,25.0,26.67,2.0,2.0,50.0,53.33,1.0,1.0,25.0,26.67,0.0,0.0,0.0,0.0,0.0,0.0,0.0,0.0,0.0,0.0,0.0,0.0,0.0,0.0,0.0,0.0,0.0,0.0,0.0,0.0,1.0,1.0,25.0,26.67,0.0,0.0,0.0,0.0,0.0,0.0,0.0,0.0,0.0,0.0,0.0,0.0,0.0,0.0,0.0,0.0,0.0,0.0,0.0,0.0,0.0,0.0,0.0,0.0,1.0,1.0,25.0,26.67,0.0,0.0,0.0,0.0,50.0,125.0,-75.0,71.11,-3.0,-3.0,-75.0,1.35,1.35,0.5,0.5,0.5,,,0.0,0.0,,1.0,1.0,0.0,0.0,0.25,0.0,0.0
4,新竹御嵿攻城獅,76|82|88|10862,曾柏喻/蕭順議/盧冠軒/提傑,4,47,59.0,843.28,14.05,14:03,210.82,3.51,03:31,33.0,8.25,55.93,84.53,34.0,8.5,57.63,87.09,22.0,5.5,37.29,56.35,14.0,3.5,23.73,35.86,15.0,3.75,25.42,38.42,11.0,2.75,18.64,28.18,7.0,1.75,11.86,17.93,3.0,0.75,5.08,7.68,4.0,1.0,6.78,10.25,2.0,0.5,3.39,5.12,4.0,1.0,6.78,10.25,4.0,1.0,6.78,10.25,3.0,0.75,5.08,7.68,7.0,1.75,11.86,17.93,5.0,1.25,8.47,12.81,6.0,1.5,10.17,15.37,4.0,1.0,6.78,10.25,0.0,0.0,0.0,0.0,5.0,1.25,8.47,12.81,5.0,1.25,8.47,12.81,55.93,57.63,-1.69,100.75,-1.0,-0.25,-1.69,14.05,3.51,0.7,0.69,0.73,0.43,0.5,0.17,0.43,0.36,0.57,0.44,6.78,0.0,0.08,8.47,0.18
4,新竹御嵿攻城獅,76|88|5948|10862,曾柏喻/盧冠軒/克雷格/提傑,3,11,11.0,196.46,3.27,03:16,65.49,1.09,01:05,4.0,1.33,36.36,43.98,6.0,2.0,54.55,65.97,6.0,2.0,54.55,65.97,2.0,0.67,18.18,21.99,5.0,1.67,45.45,54.97,2.0,0.67,18.18,21.99,1.0,0.33,9.09,10.99,0.0,0.0,0.0,0.0,2.0,0.67,18.18,21.99,1.0,0.33,9.09,10.99,1.0,0.33,9.09,10.99,4.0,1.33,36.36,43.98,0.0,0.0,0.0,0.0,3.0,1.0,27.27,32.98,0.0,0.0,0.0,0.0,0.0,0.0,0.0,0.0,0.0,0.0,0.0,0.0,0.0,0.0,0.0,0.0,2.0,0.67,18.18,21.99,2.0,0.67,18.18,21.99,36.36,54.55,-18.18,80.63,-2.0,-0.67,-18.18,3.27,1.09,0.33,0.29,0.4,0.0,0.5,0.0,0.0,0.25,1.0,0.62,0.0,0.0,0.18,18.18,0.33
4,新竹御嵿攻城獅,82|88|5948|10862,蕭順議/盧冠軒/克雷格/提傑,1,11,12.0,203.0,3.38,03:23,203.0,3.38,03:23,10.0,10.0,83.33,106.4,11.0,11.0,91.67,117.04,7.0,7.0,58.33,74.48,4.0,4.0,33.33,42.56,3.0,3.0,25.0,31.92,2.0,2.0,16.67,21.28,4.0,4.0,33.33,42.56,2.0,2.0,16.67,21.28,0.0,0.0,0.0,0.0,0.0,0.0,0.0,0.0,1.0,1.0,8.33,10.64,2.0,2.0,16.67,21.28,0.0,0.0,0.0,0.0,0.0,0.0,0.0,0.0,0.0,0.0,0.0,0.0,2.0,2.0,16.67,21.28,0.0,0.0,0.0,0.0,0.0,0.0,0.0,0.0,1.0,1.0,8.33,10.64,0.0,0.0,0.0,0.0,83.33,91.67,-8.33,85.12,-1.0,-1.0,-8.33,3.38,3.38,0.71,0.71,0.67,0.5,,0.0,0.5,1.0,1.0,1.0,0.0,0.0,0.08,0.0,0.0
4,新竹御嵿攻城獅,82|88|10862|10885,蕭順議/盧冠軒/提傑/劉丞勳,3,12,14.0,170.21,2.84,02:50,56.74,0.95,00:57,10.0,3.33,71.43,126.91,9.0,3.0,64.29,114.21,6.0,2.0,42.86,76.14,3.0,1.0,21.43,38.07,1.0,0.33,7.14,12.69,1.0,0.33,7.14,12.69,5.0,1.67,35.71,63.45,2.0,0.67,14.29,25.38,4.0,1.33,28.57,50.76,2.0,0.67,14.29,25.38,2.0,0.67,14.29,25.38,2.0,0.67,14.29,25.38,0.0,0.0,0.0,0.0,1.0,0.33,7.14,12.69,0.0,0.0,0.0,0.0,2.0,0.67,14.29,25.38,0.0,0.0,0.0,0.0,0.0,0.0,0.0,0.0,1.0,0.33,7.14,12.69,2.0,0.67,14.29,25.38,71.43,64.29,7.14,118.44,1.0,0.33,7.14,2.84,0.95,0.67,0.64,1.0,0.4,0.5,0.0,0.67,0.67,1.0,0.8,0.0,0.0,0.07,14.29,0.67
4,福爾摩沙夢想家,73|86|103|107,陳振傑/林俊吉/忻沃克/霍爾曼,3,73,91.0,1098.25,18.3,18:18,366.08,6.1,06:06,40.0,13.33,43.96,78.67,40.0,13.33,43.96,78.67,37.0,12.33,40.66,72.77,13.0,4.33,14.29,25.57,14.0,4.67,15.38,27.53,8.0,2.67,8.79,15.73,23.0,7.67,25.27,45.24,5.0,1.67,5.49,9.83,12.0,4.0,13.19,23.6,11.0,3.67,12.09,21.63,10.0,3.33,10.99,19.67,12.0,4.0,13.19,23.6,3.0,1.0,3.3,5.9,14.0,4.67,15.38,27.53,6.0,2.0,6.59,11.8,4.0,1.33,4.4,7.87,4.0,1.33,4.4,7.87,3.0,1.0,3.3,5.9,7.0,2.33,7.69,13.77,16.0,5.33,17.58,31.47,43.96,43.96,0.0,119.32,0.0,0.0,0.0,18.3,6.1,0.42,0.47,0.57,0.22,0.92,0.12,0.31,0.42,0.8,0.56,4.4,3.3,0.08,17.58,0.32
4,福爾摩沙夢想家,73|86|103|10890,陳振傑/林俊吉/忻沃克/湯普金斯,3,51,62.0,727.18,12.12,12:07,242.39,4.04,04:02,26.0,8.67,41.94,77.23,32.0,10.67,51.61,95.05,26.0,8.67,41.94,77.23,9.0,3.0,14.52,26.73,11.0,3.67,17.74,32.67,6.0,2.0,9.68,17.82,15.0,5.0,24.19,44.56,3.0,1.0,4.84,8.91,8.0,2.67,12.9,23.76,7.0,2.33,11.29,20.79,7.0,2.33,11.29,20.79,8.0,2.67,12.9,23.76,1.0,0.33,1.61,2.97,8.0,2.67,12.9,23.76,5.0,1.67,8.06,14.85,2.0,0.67,3.23,5.94,4.0,1.33,6.45,11.88,2.0,0.67,3.23,5.94,7.0,2.33,11.29,20.79,15.0,5.0,24.19,44.56,41.94,51.61,-9.68,122.78,-6.0,-2.0,-9.68,12.12,4.04,0.4,0.44,0.55,0.2,0.88,0.14,0.22,0.47,0.89,0.62,6.45,3.23,0.11,24.19,0.31
4,福爾摩沙夢想家,73|103|107|10890,陳振傑/忻沃克/霍爾曼/湯普金斯,3,62,79.0,927.18,15.45,15:27,309.06,5.15,05:09,30.0,10.0,37.97,69.89,41.0,13.67,51.9,95.52,36.0,12.0,45.57,83.87,11.0,3.67,13.92,25.63,16.0,5.33,20.25,37.27,8.0,2.67,10.13,18.64,20.0,6.67,25.32,46.59,3.0,1.0,3.8,6.99,8.0,2.67,10.13,18.64,7.0,2.33,8.86,16.31,12.0,4.0,15.19,27.96,10.0,3.33,12.66,23.3,1.0,0.33,1.27,2.33,8.0,2.67,10.13,18.64,5.0,1.67,6.33,11.65,2.0,0.67,2.53,4.66,4.0,1.33,5.06,9.32,4.0,1.33,5.06,9.32,8.0,2.67,10.13,18.64,19.0,6.33,24.05,44.26,37.97,51.9,-13.92,122.69,-11.0,-3.67,-13.92,15.45,5.15,0.35,0.38,0.5,0.15,0.88,0.11,0.18,0.6,0.91,0.71,5.06,5.06,0.1,24.05,0.22
4,福爾摩沙夢想家,73|77|89|107,陳振傑/馬建豪/蔣淯安/霍爾曼,5,49,59.0,1420.1,23.67,23:40,284.02,4.73,04:44,28.0,5.6,47.46,42.59,15.0,3.0,25.42,22.82,15.0,3.0,25.42,22.82,8.0,1.6,13.56,12.17,5.0,1.0,8.47,7.61,4.0,0.8,6.78,6.08,10.0,2.0,16.95,15.21,4.0,0.8,6.78,6.08,10.0,2.0,16.95,15.21,8.0,1.6,13.56,12.17,3.0,0.6,5.08,4.56,4.0,0.8,6.78,6.08,6.0,1.2,10.17,9.13,9.0,1.8,15.25,13.69,8.0,1.6,13.56,12.17,6.0,1.2,10.17,9.13,4.0,0.8,6.78,6.08,0.0,0.0,0.0,0.0,5.0,1.0,8.47,7.61,1.0,0.2,1.69,1.52,47.46,25.42,22.03,59.83,13.0,2.6,22.03,23.67,4.73,0.67,0.72,0.8,0.4,0.8,0.29,0.75,0.25,0.4,0.32,6.78,0.0,0.08,1.69,0.67
4,福爾摩沙夢想家,73|77|89|10889,陳振傑/馬建豪/蔣淯安/恩尼斯,3,38,45.0,515.27,8.59,08:35,171.76,2.86,02:52,17.0,5.67,37.78,71.26,13.0,4.33,28.89,54.5,16.0,5.33,35.56,67.07,7.0,2.33,15.56,29.34,10.0,3.33,22.22,41.92,6.0,2.0,13.33,25.15,6.0,2.0,13.33,25.15,1.0,0.33,2.22,4.19,5.0,1.67,11.11,20.96,2.0,0.67,4.44,8.38,2.0,0.67,4.44,8.38,9.0,3.0,20.0,37.73,3.0,1.0,6.67,12.58,8.0,2.67,17.78,33.54,3.0,1.0,6.67,12.58,6.0,2.0,13.33,25.15,0.0,0.0,0.0,0.0,1.0,0.33,2.22,4.19,2.0,0.67,4.44,8.38,2.0,0.67,4.44,8.38,37.78,28.89,8.89,125.76,4.0,1.33,8.89,8.59,2.86,0.47,0.47,0.6,0.17,0.4,0.14,0.86,0.2,0.75,0.5,0.0,2.22,0.04,4.44,0.31
4,福爾摩沙夢想家,73|77|107|10889,陳振傑/馬建豪/霍爾曼/恩尼斯,3,42,53.0,692.27,11.54,11:32,230.76,3.85,03:51,23.0,7.67,43.4,71.76,25.0,8.33,47.17,78.0,15.0,5.0,28.3,46.8,7.0,2.33,13.21,21.84,7.0,2.33,13.21,21.84,5.0,1.67,9.43,15.6,8.0,2.67,15.09,24.96,2.0,0.67,3.77,6.24,9.0,3.0,16.98,28.08,7.0,2.33,13.21,21.84,3.0,1.0,5.66,9.36,7.0,2.33,13.21,21.84,4.0,1.33,7.55,12.48,9.0,3.0,16.98,28.08,6.0,2.0,11.32,18.72,6.0,2.0,11.32,18.72,1.0,0.33,1.89,3.12,0.0,0.0,0.0,0.0,8.0,2.67,15.09,24.96,3.0,1.0,5.66,9.36,43.4,47.17,-3.77,110.25,-2.0,-0.67,-3.77,11.54,3.85,0.53,0.61,0.71,0.25,0.78,0.24,0.86,0.25,0.64,0.43,1.89,0.0,0.15,5.66,0.6
4,福爾摩沙夢想家,73|89|107|10889,陳振傑/蔣淯安/霍爾曼/恩尼斯,3,39,50.0,536.5,8.94,08:57,178.83,2.98,02:59,25.0,8.33,50.0,100.65,9.0,3.0,18.0,36.23,18.0,6.0,36.0,72.47,8.0,2.67,16.0,32.21,11.0,3.67,22.0,44.29,6.0,2.0,12.0,24.16,7.0,2.33,14.0,28.18,2.0,0.67,4.0,8.05,8.0,2.67,16.0,32.21,7.0,2.33,14.0,28.18,4.0,1.33,8.0,16.1,7.0,2.33,14.0,28.18,5.0,1.67,10.0,20.13,11.0,3.67,22.0,44.29,3.0,1.0,6.0,12.08,7.0,2.33,14.0,28.18,0.0,0.0,0.0,0.0,1.0,0.33,2.0,4.03,4.0,1.33,8.0,16.1,5.0,1.67,10.0,20.13,50.0,18.0,32.0,134.2,16.0,5.33,32.0,8.94,2.98,0.5,0.58,0.55,0.29,0.88,0.12,0.88,0.27,0.58,0.41,0.0,2.0,0.08,10.0,0.44
4,福爾摩沙夢想家,73|77|89|10890,陳振傑/馬建豪/蔣淯安/湯普金斯,3,26,28.0,1146.84,19.11,19:07,382.28,6.37,06:22,14.0,4.67,50.0,26.37,15.0,5.0,53.57,28.25,9.0,3.0,32.14,16.95,5.0,1.67,17.86,9.42,3.0,1.0,10.71,5.65,2.0,0.67,7.14,3.77,6.0,2.0,21.43,11.3,3.0,1.0,10.71,5.65,3.0,1.0,10.71,5.65,1.0,0.33,3.57,1.88,0.0,0.0,0.0,0.0,5.0,1.67,17.86,9.42,2.0,0.67,7.14,3.77,2.0,0.67,7.14,3.77,1.0,0.33,3.57,1.88,4.0,1.33,14.29,7.53,1.0,0.33,3.57,1.88,1.0,0.33,3.57,1.88,3.0,1.0,10.71,5.65,0.0,0.0,0.0,0.0,50.0,53.57,-3.57,35.16,-1.0,-0.33,-3.57,19.11,6.37,0.72,0.68,0.67,0.5,0.33,0.09,0.8,0.0,0.71,0.56,3.57,3.57,0.11,0.0,0.33
4,福爾摩沙夢想家,73|89|107|10890,陳振傑/蔣淯安/霍爾曼/湯普金斯,4,26,31.0,1224.76,20.41,20:25,306.19,5.1,05:06,10.0,2.5,32.26,17.64,21.0,5.25,67.74,37.04,12.0,3.0,38.71,21.16,3.0,0.75,9.68,5.29,5.0,1.25,16.13,8.82,0.0,0.0,0.0,0.0,7.0,1.75,22.58,12.35,3.0,0.75,9.68,5.29,2.0,0.5,6.45,3.53,1.0,0.25,3.23,1.76,2.0,0.5,6.45,3.53,6.0,1.5,19.35,10.58,2.0,0.5,6.45,3.53,2.0,0.5,6.45,3.53,1.0,0.25,3.23,1.76,2.0,0.5,6.45,3.53,1.0,0.25,3.23,1.76,3.0,0.75,9.68,5.29,4.0,1.0,12.9,7.05,2.0,0.5,6.45,3.53,32.26,67.74,-35.48,36.45,-11.0,-2.75,-35.48,20.41,5.1,0.38,0.39,0.0,0.43,0.5,0.07,0.67,0.5,0.75,0.67,3.23,9.68,0.13,6.45,0.17
4,新竹御嵿攻城獅,76|90|5948|10862,曾柏喻/李啓瑋/克雷格/提傑,1,21,25.0,257.05,4.28,04:17,257.05,4.28,04:17,15.0,15.0,60.0,126.04,7.0,7.0,28.0,58.82,11.0,11.0,44.0,92.43,6.0,6.0,24.0,50.42,8.0,8.0,32.0,67.22,5.0,5.0,20.0,42.01,3.0,3.0,12.0,25.21,1.0,1.0,4.0,8.4,2.0,2.0,8.0,16.81,2.0,2.0,8.0,16.81,2.0,2.0,8.0,16.81,3.0,3.0,12.0,25.21,0.0,0.0,0.0,0.0,2.0,2.0,8.0,16.81,2.0,2.0,8.0,16.81,2.0,2.0,8.0,16.81,2.0,2.0,8.0,16.81,2.0,2.0,8.0,16.81,2.0,2.0,8.0,16.81,4.0,4.0,16.0,33.61,60.0,28.0,32.0,140.05,8.0,8.0,32.0,4.28,4.28,0.59,0.63,0.62,0.33,1.0,0.14,0.33,0.5,1.0,0.71,8.0,8.0,0.08,16.0,0.18
4,福爾摩沙夢想家,73|77|10889|10890,陳振傑/馬建豪/恩尼斯/湯普金斯,2,14,15.0,188.79,3.15,03:09,94.39,1.57,01:34,4.0,2.0,26.67,45.77,6.0,3.0,40.0,68.65,6.0,3.0,40.0,68.65,2.0,1.0,13.33,22.88,3.0,1.5,20.0,34.32,2.0,1.0,13.33,22.88,3.0,1.5,20.0,34.32,0.0,0.0,0.0,0.0,1.0,0.5,6.67,11.44,0.0,0.0,0.0,0.0,0.0,0.0,0.0,0.0,5.0,2.5,33.33,57.21,1.0,0.5,6.67,11.44,2.0,1.0,13.33,22.88,0.0,0.0,0.0,0.0,2.0,1.0,13.33,22.88,0.0,0.0,0.0,0.0,1.0,0.5,6.67,11.44,1.0,0.5,6.67,11.44,0.0,0.0,0.0,0.0,26.67,40.0,-13.33,114.41,-2.0,-1.0,-13.33,3.15,1.57,0.33,0.31,0.67,0.0,0.0,0.0,1.0,0.0,0.83,0.62,0.0,6.67,0.07,0.0,0.17
4,福爾摩沙夢想家,73|89|10889|10890,陳振傑/蔣淯安/恩尼斯/湯普金斯,3,29,35.0,374.6,6.24,06:15,124.87,2.08,02:05,10.0,3.33,28.57,57.66,9.0,3.0,25.71,51.9,13.0,4.33,37.14,74.96,4.0,1.33,11.43,23.06,7.0,2.33,20.0,40.36,4.0,1.33,11.43,23.06,6.0,2.0,17.14,34.6,0.0,0.0,0.0,0.0,4.0,1.33,11.43,23.06,2.0,0.67,5.71,11.53,1.0,0.33,2.86,5.77,10.0,3.33,28.57,57.66,2.0,0.67,5.71,11.53,8.0,2.67,22.86,46.13,2.0,0.67,5.71,11.53,4.0,1.33,11.43,23.06,2.0,0.67,5.71,11.53,2.0,0.67,5.71,11.53,3.0,1.0,8.57,17.3,2.0,0.67,5.71,11.53,28.57,25.71,2.86,134.54,1.0,0.33,2.86,6.24,2.08,0.31,0.34,0.57,0.0,0.5,0.12,1.0,0.11,0.83,0.52,5.71,5.71,0.09,5.71,0.31
4,新竹御嵿攻城獅,71|76|5948|10862,李漢昇/曾柏喻/克雷格/提傑,1,4,4.0,42.0,0.7,00:42,42.0,0.7,00:42,0.0,0.0,0.0,0.0,2.0,2.0,50.0,102.86,1.0,1.0,25.0,51.43,0.0,0.0,0.0,0.0,1.0,1.0,25.0,51.43,0.0,0.0,0.0,0.0,0.0,0.0,0.0,0.0,0.0,0.0,0.0,0.0,0.0,0.0,0.0,0.0,0.0,0.0,0.0,0.0,0.0,0.0,0.0,0.0,1.0,1.0,25.0,51.43,0.0,0.0,0.0,0.0,1.0,1.0,25.0,51.43,0.0,0.0,0.0,0.0,0.0,0.0,0.0,0.0,0.0,0.0,0.0,0.0,0.0,0.0,0.0,0.0,1.0,1.0,25.0,51.43,3.0,3.0,75.0,154.29,0.0,50.0,-50.0,137.14,-2.0,-2.0,-50.0,0.7,0.7,0.0,0.0,0.0,,,0.0,,0.0,1.0,0.5,0.0,0.0,0.25,75.0,0.0
4,新竹御嵿攻城獅,71|76|5948|10885,李漢昇/曾柏喻/克雷格/劉丞勳,1,4,4.0,42.0,0.7,00:42,42.0,0.7,00:42,0.0,0.0,0.0,0.0,2.0,2.0,50.0,102.86,1.0,1.0,25.0,51.43,0.0,0.0,0.0,0.0,1.0,1.0,25.0,51.43,0.0,0.0,0.0,0.0,0.0,0.0,0.0,0.0,0.0,0.0,0.0,0.0,0.0,0.0,0.0,0.0,0.0,0.0,0.0,0.0,0.0,0.0,0.0,0.0,1.0,1.0,25.0,51.43,0.0,0.0,0.0,0.0,1.0,1.0,25.0,51.43,0.0,0.0,0.0,0.0,0.0,0.0,0.0,0.0,0.0,0.0,0.0,0.0,0.0,0.0,0.0,0.0,1.0,1.0,25.0,51.43,3.0,3.0,75.0,154.29,0.0,50.0,-50.0,137.14,-2.0,-2.0,-50.0,0.7,0.7,0.0,0.0,0.0,,,0.0,,0.0,1.0,0.5,0.0,0.0,0.25,75.0,0.0
4,新竹御嵿攻城獅,71|76|10862|10885,李漢昇/曾柏喻/提傑/劉丞勳,1,4,4.0,42.0,0.7,00:42,42.0,0.7,00:42,0.0,0.0,0.0,0.0,2.0,2.0,50.0,102.86,1.0,1.0,25.0,51.43,0.0,0.0,0.0,0.0,1.0,1.0,25.0,51.43,0.0,0.0,0.0,0.0,0.0,0.0,0.0,0.0,0.0,0.0,0.0,0.0,0.0,0.0,0.0,0.0,0.0,0.0,0.0,0.0,0.0,0.0,0.0,0.0,1.0,1.0,25.0,51.43,0.0,0.0,0.0,0.0,1.0,1.0,25.0,51.43,0.0,0.0,0.0,0.0,0.0,0.0,0.0,0.0,0.0,0.0,0.0,0.0,0.0,0.0,0.0,0.0,1.0,1.0,25.0,51.43,3.0,3.0,75.0,154.29,0.0,50.0,-50.0,137.14,-2.0,-2.0,-50.0,0.7,0.7,0.0,0.0,0.0,,,0.0,,0.0,1.0,0.5,0.0,0.0,0.25,75.0,0.0
4,新竹御嵿攻城獅,76|5948|10862|10885,曾柏喻/克雷格/提傑/劉丞勳,3,30,38.0,396.59,6.61,06:37,132.2,2.2,02:12,11.0,3.67,28.95,59.91,16.0,5.33,42.11,87.14,15.0,5.0,39.47,81.7,4.0,1.33,10.53,21.79,11.0,3.67,28.95,59.91,3.0,1.0,7.89,16.34,4.0,1.33,10.53,21.79,1.0,0.33,2.63,5.45,5.0,1.67,13.16,27.23,3.0,1.0,7.89,16.34,6.0,2.0,15.79,32.68,7.0,2.33,18.42,38.12,2.0,0.67,5.26,10.89,4.0,1.33,10.53,21.79,4.0,1.33,10.53,21.79,1.0,0.33,2.63,5.45,2.0,0.67,5.26,10.89,0.0,0.0,0.0,0.0,5.0,1.67,13.16,27.23,9.0,3.0,23.68,49.02,28.95,42.11,-13.16,137.97,-5.0,-1.67,-13.16,6.61,2.2,0.3,0.32,0.27,0.25,0.6,0.19,0.25,0.6,0.78,0.68,5.26,0.0,0.13,23.68,0.33
4,福爾摩沙夢想家,73|77|86|10889,陳振傑/馬建豪/林俊吉/恩尼斯,3,24,29.0,440.03,7.33,07:20,146.68,2.44,02:27,10.0,3.33,34.48,49.09,23.0,7.67,79.31,112.9,7.0,2.33,24.14,34.36,2.0,0.67,6.9,9.82,2.0,0.67,6.9,9.82,1.0,0.33,3.45,4.91,5.0,1.67,17.24,24.54,1.0,0.33,3.45,4.91,7.0,2.33,24.14,34.36,5.0,1.67,17.24,24.54,1.0,0.33,3.45,4.91,6.0,2.0,20.69,29.45,2.0,0.67,6.9,9.82,3.0,1.0,10.34,14.73,3.0,1.0,10.34,14.73,2.0,0.67,6.9,9.82,1.0,0.33,3.45,4.91,0.0,0.0,0.0,0.0,7.0,2.33,24.14,34.36,2.0,0.67,6.9,9.82,34.48,79.31,-44.83,94.9,-13.0,-4.33,-44.83,7.33,2.44,0.36,0.5,0.5,0.2,0.71,0.23,1.0,0.25,0.75,0.58,3.45,0.0,0.24,6.9,1.0
4,福爾摩沙夢想家,73|86|107|10889,陳振傑/林俊吉/霍爾曼/恩尼斯,3,46,58.0,811.09,13.52,13:31,270.36,4.51,04:30,24.0,8.0,41.38,63.91,31.0,10.33,53.45,82.56,18.0,6.0,31.03,47.94,6.0,2.0,10.34,15.98,5.0,1.67,8.62,13.32,3.0,1.0,5.17,7.99,13.0,4.33,22.41,34.62,3.0,1.0,5.17,7.99,11.0,3.67,18.97,29.29,9.0,3.0,15.52,23.97,4.0,1.33,6.9,10.65,10.0,3.33,17.24,26.63,4.0,1.33,6.9,10.65,9.0,3.0,15.52,23.97,4.0,1.33,6.9,10.65,4.0,1.33,6.9,10.65,1.0,0.33,1.72,2.66,1.0,0.33,1.72,2.66,7.0,2.33,12.07,18.64,3.0,1.0,5.17,7.99,41.38,53.45,-12.07,102.97,-7.0,-2.33,-12.07,13.52,4.51,0.42,0.53,0.6,0.23,0.82,0.15,0.67,0.31,0.71,0.52,1.72,1.72,0.12,5.17,0.61
4,新竹御嵿攻城獅,71|75|5948|10885,李漢昇/高國豪/克雷格/劉丞勳,1,9,11.0,205.42,3.42,03:25,205.42,3.42,03:25,8.0,8.0,72.73,84.12,8.0,8.0,72.73,84.12,5.0,5.0,45.45,52.58,4.0,4.0,36.36,42.06,5.0,5.0,45.45,52.58,4.0,4.0,36.36,42.06,0.0,0.0,0.0,0.0,0.0,0.0,0.0,0.0,0.0,0.0,0.0,0.0,0.0,0.0,0.0,0.0,0.0,0.0,0.0,0.0,1.0,1.0,9.09,10.52,2.0,2.0,18.18,21.03,2.0,2.0,18.18,21.03,0.0,0.0,0.0,0.0,0.0,0.0,0.0,0.0,0.0,0.0,0.0,0.0,0.0,0.0,0.0,0.0,1.0,1.0,9.09,10.52,2.0,2.0,18.18,21.03,72.73,72.73,0.0,77.11,0.0,0.0,0.0,3.42,3.42,0.8,0.8,0.8,,,0.0,0.0,0.0,0.33,0.2,0.0,0.0,0.09,18.18,0.0
4,新竹御嵿攻城獅,71|75|5948|10887,李漢昇/高國豪/克雷格/德魯,1,9,11.0,205.42,3.42,03:25,205.42,3.42,03:25,8.0,8.0,72.73,84.12,8.0,8.0,72.73,84.12,5.0,5.0,45.45,52.58,4.0,4.0,36.36,42.06,5.0,5.0,45.45,52.58,4.0,4.0,36.36,42.06,0.0,0.0,0.0,0.0,0.0,0.0,0.0,0.0,0.0,0.0,0.0,0.0,0.0,0.0,0.0,0.0,0.0,0.0,0.0,0.0,1.0,1.0,9.09,10.52,2.0,2.0,18.18,21.03,2.0,2.0,18.18,21.03,0.0,0.0,0.0,0.0,0.0,0.0,0.0,0.0,0.0,0.0,0.0,0.0,0.0,0.0,0.0,0.0,1.0,1.0,9.09,10.52,2.0,2.0,18.18,21.03,72.73,72.73,0.0,77.11,0.0,0.0,0.0,3.42,3.42,0.8,0.8,0.8,,,0.0,0.0,0.0,0.33,0.2,0.0,0.0,0.09,18.18,0.0
4,新竹御嵿攻城獅,71|75|10885|10887,李漢昇/高國豪/劉丞勳/德魯,1,18,24.0,389.74,6.5,06:30,389.74,6.5,06:30,15.0,15.0,62.5,83.13,12.0,12.0,50.0,66.51,12.0,12.0,50.0,66.51,7.0,7.0,29.17,38.8,8.0,8.0,33.33,44.34,6.0,6.0,25.0,33.25,4.0,4.0,16.67,22.17,1.0,1.0,4.17,5.54,0.0,0.0,0.0,0.0,0.0,0.0,0.0,0.0,3.0,3.0,12.5,16.63,2.0,2.0,8.33,11.08,2.0,2.0,8.33,11.08,3.0,3.0,12.5,16.63,0.0,0.0,0.0,0.0,1.0,1.0,4.17,5.54,0.0,0.0,0.0,0.0,0.0,0.0,0.0,0.0,2.0,2.0,8.33,11.08,4.0,4.0,16.67,22.17,62.5,50.0,12.5,88.68,3.0,3.0,12.5,6.5,6.5,0.62,0.62,0.75,0.25,,0.0,0.14,0.5,0.5,0.5,0.0,0.0,0.08,16.67,0.0
4,新竹御嵿攻城獅,71|75|10862|10885,李漢昇/高國豪/提傑/劉丞勳,1,9,13.0,184.32,3.07,03:04,184.32,3.07,03:04,7.0,7.0,53.85,82.03,4.0,4.0,30.77,46.87,7.0,7.0,53.85,82.03,3.0,3.0,23.08,35.16,3.0,3.0,23.08,35.16,2.0,2.0,15.38,23.44,4.0,4.0,30.77,46.87,1.0,1.0,7.69,11.72,0.0,0.0,0.0,0.0,0.0,0.0,0.0,0.0,3.0,3.0,23.08,35.16,1.0,1.0,7.69,11.72,0.0,0.0,0.0,0.0,1.0,1.0,7.69,11.72,0.0,0.0,0.0,0.0,1.0,1.0,7.69,11.72,0.0,0.0,0.0,0.0,0.0,0.0,0.0,0.0,1.0,1.0,7.69,11.72,2.0,2.0,15.38,23.44,53.85,30.77,23.08,101.56,3.0,3.0,23.08,3.07,3.07,0.5,0.5,0.67,0.25,,0.0,0.33,0.75,1.0,0.8,0.0,0.0,0.08,15.38,0.0
4,新竹御嵿攻城獅,75|76|5948|10885,高國豪/曾柏喻/克雷格/劉丞勳,1,10,12.0,120.13,2.0,02:00,120.13,2.0,02:00,7.0,7.0,58.33,125.86,5.0,5.0,41.67,89.9,4.0,4.0,33.33,71.92,2.0,2.0,16.67,35.96,3.0,3.0,25.0,53.94,1.0,1.0,8.33,17.98,1.0,1.0,8.33,17.98,1.0,1.0,8.33,17.98,3.0,3.0,25.0,53.94,2.0,2.0,16.67,35.96,2.0,2.0,16.67,35.96,1.0,1.0,8.33,17.98,0.0,0.0,0.0,0.0,1.0,1.0,8.33,17.98,2.0,2.0,16.67,35.96,1.0,1.0,8.33,17.98,2.0,2.0,16.67,35.96,0.0,0.0,0.0,0.0,2.0,2.0,16.67,35.96,4.0,4.0,33.33,71.92,58.33,41.67,16.67,143.84,2.0,2.0,16.67,2.0,2.0,0.62,0.66,0.33,1.0,0.67,0.27,0.5,0.67,1.0,0.75,16.67,0.0,0.17,33.33,0.75
4,福爾摩沙夢想家,77|86|89|107,馬建豪/林俊吉/蔣淯安/霍爾曼,2,19,21.0,241.94,4.03,04:02,120.97,2.02,02:01,18.0,9.0,85.71,160.7,9.0,4.5,42.86,80.35,10.0,5.0,47.62,89.28,7.0,3.5,33.33,62.5,8.0,4.0,38.1,71.42,6.0,3.0,28.57,53.57,2.0,1.0,9.52,17.86,1.0,0.5,4.76,8.93,3.0,1.5,14.29,26.78,3.0,1.5,14.29,26.78,1.0,0.5,4.76,8.93,1.0,0.5,4.76,8.93,1.0,0.5,4.76,8.93,2.0,1.0,9.52,17.86,0.0,0.0,0.0,0.0,4.0,2.0,19.05,35.71,0.0,0.0,0.0,0.0,0.0,0.0,0.0,0.0,1.0,0.5,4.76,8.93,3.0,1.5,14.29,26.78,85.71,42.86,42.86,124.99,9.0,4.5,42.86,4.03,2.02,0.75,0.8,0.75,0.5,1.0,0.0,0.57,0.33,0.5,0.4,0.0,0.0,0.05,14.29,0.3
4,福爾摩沙夢想家,86|89|107|10890,林俊吉/蔣淯安/霍爾曼/湯普金斯,8,169,195.0,2701.96,45.03,45:02,337.74,5.63,05:38,111.0,13.88,56.92,88.74,86.0,10.75,44.1,68.75,81.0,10.12,41.54,64.75,41.0,5.12,21.03,32.78,42.0,5.25,21.54,33.58,25.0,3.12,12.82,19.99,39.0,4.88,20.0,31.18,16.0,2.0,8.21,12.79,18.0,2.25,9.23,14.39,13.0,1.62,6.67,10.39,11.0,1.38,5.64,8.79,30.0,3.75,15.38,23.98,5.0,0.62,2.56,4.0,31.0,3.88,15.9,24.78,12.0,1.5,6.15,9.59,30.0,3.75,15.38,23.98,4.0,0.5,2.05,3.2,0.0,0.0,0.0,0.0,14.0,1.75,7.18,11.19,31.0,3.88,15.9,24.78,56.92,44.1,12.82,103.92,25.0,3.12,12.82,45.03,5.63,0.6,0.62,0.6,0.41,0.72,0.12,0.73,0.26,0.86,0.53,2.05,0.0,0.07,15.9,0.22
4,新竹御嵿攻城獅,75|88|5948|10862,高國豪/盧冠軒/克雷格/提傑,1,8,8.0,83.35,1.39,01:23,83.35,1.39,01:23,2.0,2.0,25.0,51.83,9.0,9.0,112.5,233.22,2.0,2.0,25.0,51.83,0.0,0.0,0.0,0.0,0.0,0.0,0.0,0.0,0.0,0.0,0.0,0.0,2.0,2.0,25.0,51.83,0.0,0.0,0.0,0.0,2.0,2.0,25.0,51.83,2.0,2.0,25.0,51.83,0.0,0.0,0.0,0.0,1.0,1.0,12.5,25.91,0.0,0.0,0.0,0.0,0.0,0.0,0.0,0.0,1.0,1.0,12.5,25.91,0.0,0.0,0.0,0.0,1.0,1.0,12.5,25.91,0.0,0.0,0.0,0.0,1.0,1.0,12.5,25.91,1.0,1.0,12.5,25.91,25.0,112.5,-87.5,138.21,-7.0,-7.0,-87.5,1.39,1.39,0.0,0.35,,0.0,1.0,0.26,,,1.0,1.0,12.5,0.0,0.12,12.5,1.0
4,新竹御嵿攻城獅,75|88|5948|10885,高國豪/盧冠軒/克雷格/劉丞勳,1,8,8.0,83.35,1.39,01:23,83.35,1.39,01:23,2.0,2.0,25.0,51.83,9.0,9.0,112.5,233.22,2.0,2.0,25.0,51.83,0.0,0.0,0.0,0.0,0.0,0.0,0.0,0.0,0.0,0.0,0.0,0.0,2.0,2.0,25.0,51.83,0.0,0.0,0.0,0.0,2.0,2.0,25.0,51.83,2.0,2.0,25.0,51.83,0.0,0.0,0.0,0.0,1.0,1.0,12.5,25.91,0.0,0.0,0.0,0.0,0.0,0.0,0.0,0.0,1.0,1.0,12.5,25.91,0.0,0.0,0.0,0.0,1.0,1.0,12.5,25.91,0.0,0.0,0.0,0.0,1.0,1.0,12.5,25.91,1.0,1.0,12.5,25.91,25.0,112.5,-87.5,138.21,-7.0,-7.0,-87.5,1.39,1.39,0.0,0.35,,0.0,1.0,0.26,,,1.0,1.0,12.5,0.0,0.12,12.5,1.0
4,新北國王,22|32|10872|10874,簡祐哲/奧帝/林彥廷/熊祥泰,5,25,31.0,431.25,7.19,07:11,86.25,1.44,01:26,17.0,3.4,54.84,85.15,15.0,3.0,48.39,75.13,15.0,3.0,48.39,75.13,7.0,1.4,22.58,35.06,8.0,1.6,25.81,40.07,5.0,1.0,16.13,25.04,7.0,1.4,22.58,35.06,2.0,0.4,6.45,10.02,2.0,0.4,6.45,10.02,1.0,0.2,3.23,5.01,3.0,0.6,9.68,15.03,5.0,1.0,16.13,25.04,3.0,0.6,9.68,15.03,5.0,1.0,16.13,25.04,0.0,0.0,0.0,0.0,2.0,0.4,6.45,10.02,0.0,0.0,0.0,0.0,0.0,0.0,0.0,0.0,2.0,0.4,6.45,10.02,7.0,1.4,22.58,35.06,54.84,48.39,6.45,103.51,2.0,0.4,6.45,7.19,1.44,0.53,0.54,0.62,0.29,0.5,0.0,0.29,0.38,0.62,0.5,0.0,0.0,0.06,22.58,0.13
4,新北國王,22|32|10874|10875,簡祐哲/奧帝/熊祥泰/傑登,3,15,20.0,215.23,3.59,03:35,71.74,1.2,01:12,4.0,1.33,20.0,40.14,7.0,2.33,35.0,70.25,8.0,2.67,40.0,80.29,2.0,0.67,10.0,20.07,5.0,1.67,25.0,50.18,2.0,0.67,10.0,20.07,3.0,1.0,15.0,30.11,0.0,0.0,0.0,0.0,0.0,0.0,0.0,0.0,0.0,0.0,0.0,0.0,4.0,1.33,20.0,40.14,2.0,0.67,10.0,20.07,2.0,0.67,10.0,20.07,2.0,0.67,10.0,20.07,2.0,0.67,10.0,20.07,0.0,0.0,0.0,0.0,2.0,0.67,10.0,20.07,0.0,0.0,0.0,0.0,1.0,0.33,5.0,10.04,6.0,2.0,30.0,60.22,20.0,35.0,-15.0,133.81,-3.0,-1.0,-15.0,3.59,1.2,0.25,0.25,0.4,0.0,,0.2,0.0,0.67,0.5,0.6,10.0,0.0,0.05,30.0,0.0
4,新北國王,32|10872|10874|10875,奧帝/林彥廷/熊祥泰/傑登,3,50,57.0,766.61,12.78,12:47,255.54,4.26,04:16,22.0,7.33,38.6,61.99,39.0,13.0,68.42,109.89,25.0,8.33,43.86,70.44,9.0,3.0,15.79,25.36,14.0,4.67,24.56,39.45,6.0,2.0,10.53,16.91,11.0,3.67,19.3,30.99,3.0,1.0,5.26,8.45,2.0,0.67,3.51,5.64,1.0,0.33,1.75,2.82,5.0,1.67,8.77,14.09,12.0,4.0,21.05,33.81,2.0,0.67,3.51,5.64,8.0,2.67,14.04,22.54,2.0,0.67,3.51,5.64,4.0,1.33,7.02,11.27,1.0,0.33,1.75,2.82,0.0,0.0,0.0,0.0,3.0,1.0,5.26,8.45,15.0,5.0,26.32,42.26,38.6,68.42,-29.82,107.07,-17.0,-5.67,-29.82,12.78,4.26,0.42,0.43,0.43,0.27,0.5,0.07,0.44,0.38,0.86,0.63,1.75,0.0,0.05,26.32,0.08
4,新北國王,22|32|867|10872,簡祐哲/奧帝/桑尼/林彥廷,1,20,25.0,314.88,5.25,05:15,314.88,5.25,05:15,13.0,13.0,52.0,89.18,14.0,14.0,56.0,96.04,8.0,8.0,32.0,54.88,4.0,4.0,16.0,27.44,2.0,2.0,8.0,13.72,2.0,2.0,8.0,13.72,6.0,6.0,24.0,41.16,2.0,2.0,8.0,13.72,6.0,6.0,24.0,41.16,3.0,3.0,12.0,20.58,1.0,1.0,4.0,6.86,3.0,3.0,12.0,20.58,2.0,2.0,8.0,13.72,3.0,3.0,12.0,20.58,1.0,1.0,4.0,6.86,3.0,3.0,12.0,20.58,0.0,0.0,0.0,0.0,0.0,0.0,0.0,0.0,3.0,3.0,12.0,20.58,6.0,6.0,24.0,41.16,52.0,56.0,-4.0,114.33,-1.0,-1.0,-4.0,5.25,5.25,0.62,0.61,1.0,0.33,0.5,0.09,0.75,0.25,0.6,0.44,0.0,0.0,0.12,24.0,0.75
4,新北國王,22|32|867|10874,簡祐哲/奧帝/桑尼/熊祥泰,1,13,16.0,218.0,3.63,03:38,218.0,3.63,03:38,10.0,10.0,62.5,99.08,6.0,6.0,37.5,59.45,6.0,6.0,37.5,59.45,4.0,4.0,25.0,39.63,2.0,2.0,12.5,19.82,2.0,2.0,12.5,19.82,4.0,4.0,25.0,39.63,2.0,2.0,12.5,19.82,0.0,0.0,0.0,0.0,0.0,0.0,0.0,0.0,0.0,0.0,0.0,0.0,2.0,2.0,12.5,19.82,1.0,1.0,6.25,9.91,1.0,1.0,6.25,9.91,1.0,1.0,6.25,9.91,2.0,2.0,12.5,19.82,0.0,0.0,0.0,0.0,0.0,0.0,0.0,0.0,2.0,2.0,12.5,19.82,0.0,0.0,0.0,0.0,62.5,37.5,25.0,105.69,4.0,4.0,25.0,3.63,3.63,0.83,0.83,1.0,0.5,,0.14,0.5,0.0,0.67,0.5,0.0,0.0,0.12,0.0,0.0
4,新北國王,32|867|10872|10874,奧帝/桑尼/林彥廷/熊祥泰,1,24,25.0,415.7,6.93,06:56,415.7,6.93,06:56,15.0,15.0,60.0,77.94,13.0,13.0,52.0,67.55,13.0,13.0,52.0,67.55,5.0,5.0,20.0,25.98,6.0,6.0,24.0,31.18,3.0,3.0,12.0,15.59,7.0,7.0,28.0,36.37,2.0,2.0,8.0,10.39,0.0,0.0,0.0,0.0,0.0,0.0,0.0,0.0,1.0,1.0,4.0,5.2,6.0,6.0,24.0,31.18,0.0,0.0,0.0,0.0,2.0,2.0,8.0,10.39,0.0,0.0,0.0,0.0,2.0,2.0,8.0,10.39,0.0,0.0,0.0,0.0,1.0,1.0,4.0,5.2,1.0,1.0,4.0,5.2,0.0,0.0,0.0,0.0,60.0,52.0,8.0,86.6,2.0,2.0,8.0,6.93,6.93,0.46,0.58,0.5,0.29,,0.0,0.4,0.33,1.0,0.78,0.0,4.0,0.04,0.0,0.0
4,新北國王,21|22|32|867,李愷諺/簡祐哲/奧帝/桑尼,1,42,54.0,615.25,10.25,10:15,615.25,10.25,10:15,27.0,27.0,50.0,94.79,14.0,14.0,25.93,49.15,17.0,17.0,31.48,59.68,10.0,10.0,18.52,35.11,11.0,11.0,20.37,38.62,7.0,7.0,12.96,24.58,6.0,6.0,11.11,21.06,3.0,3.0,5.56,10.53,8.0,8.0,14.81,28.09,4.0,4.0,7.41,14.04,2.0,2.0,3.7,7.02,4.0,4.0,7.41,14.04,6.0,6.0,11.11,21.06,10.0,10.0,18.52,35.11,3.0,3.0,5.56,10.53,7.0,7.0,12.96,24.58,2.0,2.0,3.7,7.02,1.0,1.0,1.85,3.51,4.0,4.0,7.41,14.04,9.0,9.0,16.67,31.6,50.0,25.93,24.07,126.39,13.0,13.0,24.07,10.25,10.25,0.68,0.66,0.64,0.5,0.5,0.13,0.7,0.17,0.4,0.27,3.7,1.85,0.07,16.67,0.47
4,新北國王,21|22|867|10874,李愷諺/簡祐哲/桑尼/熊祥泰,1,8,11.0,138.0,2.3,02:18,138.0,2.3,02:18,7.0,7.0,63.64,109.57,4.0,4.0,36.36,62.61,3.0,3.0,27.27,46.96,3.0,3.0,27.27,46.96,2.0,2.0,18.18,31.3,2.0,2.0,18.18,31.3,1.0,1.0,9.09,15.65,1.0,1.0,9.09,15.65,0.0,0.0,0.0,0.0,0.0,0.0,0.0,0.0,0.0,0.0,0.0,0.0,0.0,0.0,0.0,0.0,1.0,1.0,9.09,15.65,0.0,0.0,0.0,0.0,1.0,1.0,9.09,15.65,2.0,2.0,18.18,31.3,0.0,0.0,0.0,0.0,0.0,0.0,0.0,0.0,1.0,1.0,9.09,15.65,0.0,0.0,0.0,0.0,63.64,36.36,27.27,114.78,3.0,3.0,27.27,2.3,2.3,1.17,1.17,1.0,1.0,,0.25,0.67,,0.0,0.0,0.0,0.0,0.09,0.0,0.0
4,新北國王,21|32|867|10874,李愷諺/奧帝/桑尼/熊祥泰,1,27,31.0,473.7,7.9,07:54,473.7,7.9,07:54,19.0,19.0,61.29,86.64,15.0,15.0,48.39,68.4,13.0,13.0,41.94,59.28,7.0,7.0,22.58,31.92,8.0,8.0,25.81,36.48,5.0,5.0,16.13,22.8,5.0,5.0,16.13,22.8,2.0,2.0,6.45,9.12,0.0,0.0,0.0,0.0,0.0,0.0,0.0,0.0,1.0,1.0,3.23,4.56,4.0,4.0,12.9,18.24,1.0,1.0,3.23,4.56,1.0,1.0,3.23,4.56,1.0,1.0,3.23,4.56,4.0,4.0,12.9,18.24,0.0,0.0,0.0,0.0,1.0,1.0,3.23,4.56,1.0,1.0,3.23,4.56,0.0,0.0,0.0,0.0,61.29,48.39,12.9,94.24,4.0,4.0,12.9,7.9,7.9,0.62,0.73,0.62,0.4,,0.07,0.57,0.5,0.8,0.71,0.0,3.23,0.03,0.0,0.0
4,桃園台啤永豐雲豹,12|16|10861|10884,曹薰襄/米勒/迪亞洛/徐宏瑋,4,54,66.0,1548.68,25.81,25:49,387.17,6.45,06:27,29.0,7.25,43.94,40.45,27.0,6.75,40.91,37.66,23.0,5.75,34.85,32.08,13.0,3.25,19.7,18.13,18.0,4.5,27.27,25.11,12.0,3.0,18.18,16.74,5.0,1.25,7.58,6.97,1.0,0.25,1.52,1.39,4.0,1.0,6.06,5.58,2.0,0.5,3.03,2.79,6.0,1.5,9.09,8.37,5.0,1.25,7.58,6.97,4.0,1.0,6.06,5.58,12.0,3.0,18.18,16.74,8.0,2.0,12.12,11.16,6.0,1.5,9.09,8.37,6.0,1.5,9.09,8.37,3.0,0.75,4.55,4.18,8.0,2.0,12.12,11.16,6.0,1.5,9.09,8.37,43.94,40.91,3.03,61.37,2.0,0.5,3.03,25.81,6.45,0.59,0.59,0.67,0.2,0.5,0.24,0.46,0.33,0.56,0.41,9.09,4.55,0.12,9.09,0.17
4,新北國王,21|24|32|10874,李愷諺/蘇士軒/奧帝/熊祥泰,1,5,6.0,51.84,0.86,00:52,51.84,0.86,00:52,0.0,0.0,0.0,0.0,5.0,5.0,83.33,208.35,2.0,2.0,33.33,83.34,0.0,0.0,0.0,0.0,0.0,0.0,0.0,0.0,0.0,0.0,0.0,0.0,2.0,2.0,33.33,83.34,0.0,0.0,0.0,0.0,0.0,0.0,0.0,0.0,0.0,0.0,0.0,0.0,1.0,1.0,16.67,41.67,1.0,1.0,16.67,41.67,0.0,0.0,0.0,0.0,1.0,1.0,16.67,41.67,1.0,1.0,16.67,41.67,0.0,0.0,0.0,0.0,1.0,1.0,16.67,41.67,0.0,0.0,0.0,0.0,1.0,1.0,16.67,41.67,4.0,4.0,66.67,166.68,0.0,83.33,-83.33,166.68,-5.0,-5.0,-83.33,0.86,0.86,0.0,0.0,,0.0,,0.33,,0.5,1.0,0.67,16.67,0.0,0.17,66.67,0.0
4,新北國王,21|32|10874|10875,李愷諺/奧帝/熊祥泰/傑登,1,4,5.0,41.67,0.69,00:42,41.67,0.69,00:42,0.0,0.0,0.0,0.0,4.0,4.0,80.0,207.34,2.0,2.0,40.0,103.67,0.0,0.0,0.0,0.0,0.0,0.0,0.0,0.0,0.0,0.0,0.0,0.0,2.0,2.0,40.0,103.67,0.0,0.0,0.0,0.0,0.0,0.0,0.0,0.0,0.0,0.0,0.0,0.0,1.0,1.0,20.0,51.84,1.0,1.0,20.0,51.84,0.0,0.0,0.0,0.0,0.0,0.0,0.0,0.0,1.0,1.0,20.0,51.84,0.0,0.0,0.0,0.0,1.0,1.0,20.0,51.84,0.0,0.0,0.0,0.0,0.0,0.0,0.0,0.0,2.0,2.0,40.0,103.67,0.0,80.0,-80.0,172.79,-4.0,-4.0,-80.0,0.69,0.69,0.0,0.0,,0.0,,0.33,,1.0,1.0,1.0,20.0,0.0,0.0,40.0,0.0
4,新北國王,24|32|10874|10875,蘇士軒/奧帝/熊祥泰/傑登,1,4,5.0,41.67,0.69,00:42,41.67,0.69,00:42,0.0,0.0,0.0,0.0,4.0,4.0,80.0,207.34,2.0,2.0,40.0,103.67,0.0,0.0,0.0,0.0,0.0,0.0,0.0,0.0,0.0,0.0,0.0,0.0,2.0,2.0,40.0,103.67,0.0,0.0,0.0,0.0,0.0,0.0,0.0,0.0,0.0,0.0,0.0,0.0,1.0,1.0,20.0,51.84,1.0,1.0,20.0,51.84,0.0,0.0,0.0,0.0,0.0,0.0,0.0,0.0,1.0,1.0,20.0,51.84,0.0,0.0,0.0,0.0,1.0,1.0,20.0,51.84,0.0,0.0,0.0,0.0,0.0,0.0,0.0,0.0,2.0,2.0,40.0,103.67,0.0,80.0,-80.0,172.79,-4.0,-4.0,-80.0,0.69,0.69,0.0,0.0,,0.0,,0.33,,1.0,1.0,1.0,20.0,0.0,0.0,40.0,0.0
4,新北國王,19|21|24|32,蘇培凱/李愷諺/蘇士軒/奧帝,1,1,1.0,10.17,0.17,00:10,10.17,0.17,00:10,0.0,0.0,0.0,0.0,1.0,1.0,100.0,212.47,0.0,0.0,0.0,0.0,0.0,0.0,0.0,0.0,0.0,0.0,0.0,0.0,0.0,0.0,0.0,0.0,0.0,0.0,0.0,0.0,0.0,0.0,0.0,0.0,0.0,0.0,0.0,0.0,0.0,0.0,0.0,0.0,0.0,0.0,0.0,0.0,0.0,0.0,0.0,0.0,0.0,0.0,0.0,0.0,1.0,1.0,100.0,212.47,0.0,0.0,0.0,0.0,0.0,0.0,0.0,0.0,0.0,0.0,0.0,0.0,0.0,0.0,0.0,0.0,1.0,1.0,100.0,212.47,2.0,2.0,200.0,424.95,0.0,100.0,-100.0,141.65,-1.0,-1.0,-100.0,0.17,0.17,,,,,,,,0.0,,0.0,0.0,0.0,1.0,200.0,
4,新北國王,19|21|24|10874,蘇培凱/李愷諺/蘇士軒/熊祥泰,1,1,1.0,10.17,0.17,00:10,10.17,0.17,00:10,0.0,0.0,0.0,0.0,1.0,1.0,100.0,212.47,0.0,0.0,0.0,0.0,0.0,0.0,0.0,0.0,0.0,0.0,0.0,0.0,0.0,0.0,0.0,0.0,0.0,0.0,0.0,0.0,0.0,0.0,0.0,0.0,0.0,0.0,0.0,0.0,0.0,0.0,0.0,0.0,0.0,0.0,0.0,0.0,0.0,0.0,0.0,0.0,0.0,0.0,0.0,0.0,1.0,1.0,100.0,212.47,0.0,0.0,0.0,0.0,0.0,0.0,0.0,0.0,0.0,0.0,0.0,0.0,0.0,0.0,0.0,0.0,1.0,1.0,100.0,212.47,2.0,2.0,200.0,424.95,0.0,100.0,-100.0,141.65,-1.0,-1.0,-100.0,0.17,0.17,,,,,,,,0.0,,0.0,0.0,0.0,1.0,200.0,
4,新北國王,19|21|32|10874,蘇培凱/李愷諺/奧帝/熊祥泰,1,2,2.0,11.15,0.19,00:11,11.15,0.19,00:11,2.0,2.0,100.0,387.58,1.0,1.0,50.0,193.79,0.0,0.0,0.0,0.0,0.0,0.0,0.0,0.0,0.0,0.0,0.0,0.0,0.0,0.0,0.0,0.0,0.0,0.0,0.0,0.0,0.0,0.0,0.0,0.0,2.0,2.0,100.0,387.58,2.0,2.0,100.0,387.58,0.0,0.0,0.0,0.0,0.0,0.0,0.0,0.0,0.0,0.0,0.0,0.0,1.0,1.0,50.0,193.79,0.0,0.0,0.0,0.0,0.0,0.0,0.0,0.0,0.0,0.0,0.0,0.0,0.0,0.0,0.0,0.0,1.0,1.0,50.0,193.79,2.0,2.0,100.0,387.58,100.0,50.0,50.0,258.39,1.0,1.0,50.0,0.19,0.19,,1.14,,,1.0,0.0,,0.0,,0.0,0.0,0.0,0.5,100.0,
4,新北國王,19|24|32|10874,蘇培凱/蘇士軒/奧帝/熊祥泰,1,1,1.0,10.17,0.17,00:10,10.17,0.17,00:10,0.0,0.0,0.0,0.0,1.0,1.0,100.0,212.47,0.0,0.0,0.0,0.0,0.0,0.0,0.0,0.0,0.0,0.0,0.0,0.0,0.0,0.0,0.0,0.0,0.0,0.0,0.0,0.0,0.0,0.0,0.0,0.0,0.0,0.0,0.0,0.0,0.0,0.0,0.0,0.0,0.0,0.0,0.0,0.0,0.0,0.0,0.0,0.0,0.0,0.0,0.0,0.0,1.0,1.0,100.0,212.47,0.0,0.0,0.0,0.0,0.0,0.0,0.0,0.0,0.0,0.0,0.0,0.0,0.0,0.0,0.0,0.0,1.0,1.0,100.0,212.47,2.0,2.0,200.0,424.95,0.0,100.0,-100.0,141.65,-1.0,-1.0,-100.0,0.17,0.17,,,,,,,,0.0,,0.0,0.0,0.0,1.0,200.0,
4,新北國王,19|21|25|32,蘇培凱/李愷諺/林金榜/奧帝,1,1,1.0,0.98,0.02,00:01,0.98,0.02,00:01,2.0,2.0,200.0,4408.16,0.0,0.0,0.0,0.0,0.0,0.0,0.0,0.0,0.0,0.0,0.0,0.0,0.0,0.0,0.0,0.0,0.0,0.0,0.0,0.0,0.0,0.0,0.0,0.0,0.0,0.0,0.0,0.0,2.0,2.0,200.0,4408.16,2.0,2.0,200.0,4408.16,0.0,0.0,0.0,0.0,0.0,0.0,0.0,0.0,0.0,0.0,0.0,0.0,0.0,0.0,0.0,0.0,0.0,0.0,0.0,0.0,0.0,0.0,0.0,0.0,0.0,0.0,0.0,0.0,0.0,0.0,0.0,0.0,0.0,0.0,0.0,0.0,0.0,0.0,0.0,0.0,200.0,0.0,200.0,1469.39,2.0,2.0,200.0,0.02,0.02,,1.14,,,1.0,0.0,,,,,0.0,0.0,0.0,0.0,
4,新北國王,19|21|25|10874,蘇培凱/李愷諺/林金榜/熊祥泰,1,1,1.0,0.98,0.02,00:01,0.98,0.02,00:01,2.0,2.0,200.0,4408.16,0.0,0.0,0.0,0.0,0.0,0.0,0.0,0.0,0.0,0.0,0.0,0.0,0.0,0.0,0.0,0.0,0.0,0.0,0.0,0.0,0.0,0.0,0.0,0.0,0.0,0.0,0.0,0.0,2.0,2.0,200.0,4408.16,2.0,2.0,200.0,4408.16,0.0,0.0,0.0,0.0,0.0,0.0,0.0,0.0,0.0,0.0,0.0,0.0,0.0,0.0,0.0,0.0,0.0,0.0,0.0,0.0,0.0,0.0,0.0,0.0,0.0,0.0,0.0,0.0,0.0,0.0,0.0,0.0,0.0,0.0,0.0,0.0,0.0,0.0,0.0,0.0,200.0,0.0,200.0,1469.39,2.0,2.0,200.0,0.02,0.02,,1.14,,,1.0,0.0,,,,,0.0,0.0,0.0,0.0,
4,新北國王,19|25|32|10874,蘇培凱/林金榜/奧帝/熊祥泰,1,1,1.0,8.98,0.15,00:09,8.98,0.15,00:09,2.0,2.0,200.0,481.07,0.0,0.0,0.0,0.0,0.0,0.0,0.0,0.0,0.0,0.0,0.0,0.0,0.0,0.0,0.0,0.0,0.0,0.0,0.0,0.0,0.0,0.0,0.0,0.0,0.0,0.0,0.0,0.0,2.0,2.0,200.0,481.07,2.0,2.0,200.0,481.07,0.0,0.0,0.0,0.0,0.0,0.0,0.0,0.0,0.0,0.0,0.0,0.0,0.0,0.0,0.0,0.0,0.0,0.0,0.0,0.0,0.0,0.0,0.0,0.0,0.0,0.0,0.0,0.0,0.0,0.0,0.0,0.0,0.0,0.0,0.0,0.0,0.0,0.0,0.0,0.0,200.0,0.0,200.0,160.36,2.0,2.0,200.0,0.15,0.15,,1.14,,,1.0,0.0,,,,,0.0,0.0,0.0,0.0,
4,新北國王,21|25|32|10874,李愷諺/林金榜/奧帝/熊祥泰,1,1,1.0,0.98,0.02,00:01,0.98,0.02,00:01,2.0,2.0,200.0,4408.16,0.0,0.0,0.0,0.0,0.0,0.0,0.0,0.0,0.0,0.0,0.0,0.0,0.0,0.0,0.0,0.0,0.0,0.0,0.0,0.0,0.0,0.0,0.0,0.0,0.0,0.0,0.0,0.0,2.0,2.0,200.0,4408.16,2.0,2.0,200.0,4408.16,0.0,0.0,0.0,0.0,0.0,0.0,0.0,0.0,0.0,0.0,0.0,0.0,0.0,0.0,0.0,0.0,0.0,0.0,0.0,0.0,0.0,0.0,0.0,0.0,0.0,0.0,0.0,0.0,0.0,0.0,0.0,0.0,0.0,0.0,0.0,0.0,0.0,0.0,0.0,0.0,200.0,0.0,200.0,1469.39,2.0,2.0,200.0,0.02,0.02,,1.14,,,1.0,0.0,,,,,0.0,0.0,0.0,0.0,
4,新北國王,28|867|10872|10874,呂政儒/桑尼/林彥廷/熊祥泰,1,4,4.0,68.0,1.13,01:08,68.0,1.13,01:08,2.0,2.0,50.0,63.53,2.0,2.0,50.0,63.53,2.0,2.0,50.0,63.53,1.0,1.0,25.0,31.76,1.0,1.0,25.0,31.76,1.0,1.0,25.0,31.76,1.0,1.0,25.0,31.76,0.0,0.0,0.0,0.0,0.0,0.0,0.0,0.0,0.0,0.0,0.0,0.0,0.0,0.0,0.0,0.0,1.0,1.0,25.0,31.76,0.0,0.0,0.0,0.0,1.0,1.0,25.0,31.76,0.0,0.0,0.0,0.0,1.0,1.0,25.0,31.76,0.0,0.0,0.0,0.0,0.0,0.0,0.0,0.0,0.0,0.0,0.0,0.0,0.0,0.0,0.0,0.0,50.0,50.0,0.0,84.71,0.0,0.0,0.0,1.13,1.13,0.5,0.5,1.0,0.0,,0.0,1.0,0.0,1.0,0.5,0.0,0.0,0.0,0.0,0.0
4,新北國王,28|867|10872|10875,呂政儒/桑尼/林彥廷/傑登,1,14,16.0,186.76,3.11,03:07,186.76,3.11,03:07,7.0,7.0,43.75,80.96,8.0,8.0,50.0,92.52,7.0,7.0,43.75,80.96,3.0,3.0,18.75,34.7,3.0,3.0,18.75,34.7,2.0,2.0,12.5,23.13,4.0,4.0,25.0,46.26,1.0,1.0,6.25,11.57,0.0,0.0,0.0,0.0,0.0,0.0,0.0,0.0,1.0,1.0,6.25,11.57,3.0,3.0,18.75,34.7,1.0,1.0,6.25,11.57,2.0,2.0,12.5,23.13,1.0,1.0,6.25,11.57,2.0,2.0,12.5,23.13,1.0,1.0,6.25,11.57,0.0,0.0,0.0,0.0,1.0,1.0,6.25,11.57,3.0,3.0,18.75,34.7,43.75,50.0,-6.25,123.36,-1.0,-1.0,-6.25,3.11,3.11,0.5,0.5,0.67,0.25,,0.12,0.67,0.33,0.75,0.57,6.25,0.0,0.06,18.75,0.0
4,新北國王,28|867|10874|10875,呂政儒/桑尼/熊祥泰/傑登,1,4,4.0,68.0,1.13,01:08,68.0,1.13,01:08,2.0,2.0,50.0,63.53,2.0,2.0,50.0,63.53,2.0,2.0,50.0,63.53,1.0,1.0,25.0,31.76,1.0,1.0,25.0,31.76,1.0,1.0,25.0,31.76,1.0,1.0,25.0,31.76,0.0,0.0,0.0,0.0,0.0,0.0,0.0,0.0,0.0,0.0,0.0,0.0,0.0,0.0,0.0,0.0,1.0,1.0,25.0,31.76,0.0,0.0,0.0,0.0,1.0,1.0,25.0,31.76,0.0,0.0,0.0,0.0,1.0,1.0,25.0,31.76,0.0,0.0,0.0,0.0,0.0,0.0,0.0,0.0,0.0,0.0,0.0,0.0,0.0,0.0,0.0,0.0,50.0,50.0,0.0,84.71,0.0,0.0,0.0,1.13,1.13,0.5,0.5,1.0,0.0,,0.0,1.0,0.0,1.0,0.5,0.0,0.0,0.0,0.0,0.0
4,新北國王,22|28|32|10872,簡祐哲/呂政儒/奧帝/林彥廷,2,13,13.0,169.3,2.82,02:49,84.65,1.41,01:25,9.0,4.5,69.23,114.83,10.0,5.0,76.92,127.58,4.0,2.0,30.77,51.03,3.0,1.5,23.08,38.28,2.0,1.0,15.38,25.52,2.0,1.0,15.38,25.52,2.0,1.0,15.38,25.52,1.0,0.5,7.69,12.76,2.0,1.0,15.38,25.52,2.0,1.0,15.38,25.52,0.0,0.0,0.0,0.0,1.0,0.5,7.69,12.76,0.0,0.0,0.0,0.0,0.0,0.0,0.0,0.0,1.0,0.5,7.69,12.76,3.0,1.5,23.08,38.28,0.0,0.0,0.0,0.0,0.0,0.0,0.0,0.0,2.0,1.0,15.38,25.52,1.0,0.5,7.69,12.76,69.23,76.92,-7.69,110.57,-1.0,-0.5,-7.69,2.82,1.41,0.88,0.92,1.0,0.5,1.0,0.17,1.0,,1.0,1.0,0.0,0.0,0.15,7.69,0.5
4,新北國王,22|28|32|10875,簡祐哲/呂政儒/奧帝/傑登,2,9,11.0,120.46,2.01,02:00,60.23,1.0,01:00,2.0,1.0,18.18,35.86,7.0,3.5,63.64,125.52,3.0,1.5,27.27,53.8,1.0,0.5,9.09,17.93,1.0,0.5,9.09,17.93,1.0,0.5,9.09,17.93,2.0,1.0,18.18,35.86,0.0,0.0,0.0,0.0,0.0,0.0,0.0,0.0,0.0,0.0,0.0,0.0,0.0,0.0,0.0,0.0,2.0,1.0,18.18,35.86,1.0,0.5,9.09,17.93,1.0,0.5,9.09,17.93,1.0,0.5,9.09,17.93,1.0,0.5,9.09,17.93,0.0,0.0,0.0,0.0,0.0,0.0,0.0,0.0,1.0,0.5,9.09,17.93,2.0,1.0,18.18,35.86,18.18,63.64,-45.45,131.5,-5.0,-2.5,-45.45,2.01,1.0,0.33,0.33,1.0,0.0,,0.25,1.0,0.0,0.67,0.5,0.0,0.0,0.09,18.18,0.0
4,新北國王,22|28|10872|10875,簡祐哲/呂政儒/林彥廷/傑登,1,7,8.0,86.76,1.45,01:27,86.76,1.45,01:27,3.0,3.0,37.5,74.69,7.0,7.0,87.5,174.27,4.0,4.0,50.0,99.58,1.0,1.0,12.5,24.9,0.0,0.0,0.0,0.0,0.0,0.0,0.0,0.0,4.0,4.0,50.0,99.58,1.0,1.0,12.5,24.9,0.0,0.0,0.0,0.0,0.0,0.0,0.0,0.0,1.0,1.0,12.5,24.9,2.0,2.0,25.0,49.79,0.0,0.0,0.0,0.0,0.0,0.0,0.0,0.0,0.0,0.0,0.0,0.0,0.0,0.0,0.0,0.0,0.0,0.0,0.0,0.0,0.0,0.0,0.0,0.0,1.0,1.0,12.5,24.9,1.0,1.0,12.5,24.9,37.5,87.5,-50.0,132.78,-4.0,-4.0,-50.0,1.45,1.45,0.38,0.38,,0.25,,0.0,0.0,1.0,1.0,1.0,0.0,0.0,0.12,12.5,0.0
4,新北國王,28|32|10872|10875,呂政儒/奧帝/林彥廷/傑登,1,6,6.0,71.84,1.2,01:12,71.84,1.2,01:12,0.0,0.0,0.0,0.0,7.0,7.0,116.67,210.46,2.0,2.0,33.33,60.13,0.0,0.0,0.0,0.0,1.0,1.0,16.67,30.07,0.0,0.0,0.0,0.0,1.0,1.0,16.67,30.07,0.0,0.0,0.0,0.0,0.0,0.0,0.0,0.0,0.0,0.0,0.0,0.0,0.0,0.0,0.0,0.0,2.0,2.0,33.33,60.13,0.0,0.0,0.0,0.0,1.0,1.0,16.67,30.07,0.0,0.0,0.0,0.0,0.0,0.0,0.0,0.0,0.0,0.0,0.0,0.0,0.0,0.0,0.0,0.0,0.0,0.0,0.0,0.0,2.0,2.0,33.33,60.13,0.0,116.67,-116.67,120.26,-7.0,-7.0,-116.67,1.2,1.2,0.0,0.0,0.0,0.0,,0.0,,0.0,1.0,0.67,0.0,0.0,0.0,33.33,0.0
4,新北國王,22|28|867|10872,簡祐哲/呂政儒/桑尼/林彥廷,1,4,5.0,54.76,0.91,00:55,54.76,0.91,00:55,3.0,3.0,60.0,118.33,3.0,3.0,60.0,118.33,3.0,3.0,60.0,118.33,1.0,1.0,20.0,39.44,0.0,0.0,0.0,0.0,0.0,0.0,0.0,0.0,3.0,3.0,60.0,118.33,1.0,1.0,20.0,39.44,0.0,0.0,0.0,0.0,0.0,0.0,0.0,0.0,1.0,1.0,20.0,39.44,1.0,1.0,20.0,39.44,0.0,0.0,0.0,0.0,0.0,0.0,0.0,0.0,0.0,0.0,0.0,0.0,0.0,0.0,0.0,0.0,0.0,0.0,0.0,0.0,0.0,0.0,0.0,0.0,1.0,1.0,20.0,39.44,1.0,1.0,20.0,39.44,60.0,60.0,0.0,131.48,0.0,0.0,0.0,0.91,0.91,0.5,0.5,,0.33,,0.0,0.0,1.0,1.0,1.0,0.0,0.0,0.2,20.0,0.0
4,桃園台啤永豐雲豹,54|58|68|3129,高錦瑋/林信寬/克羅馬/董永全,10,116,145.0,1939.77,32.33,32:20,193.98,3.23,03:14,66.0,6.6,45.52,73.49,63.0,6.3,43.45,70.15,53.0,5.3,36.55,59.02,21.0,2.1,14.48,23.38,31.0,3.1,21.38,34.52,12.0,1.2,8.28,13.36,22.0,2.2,15.17,24.5,9.0,0.9,6.21,10.02,22.0,2.2,15.17,24.5,15.0,1.5,10.34,16.7,12.0,1.2,8.28,13.36,22.0,2.2,15.17,24.5,10.0,1.0,6.9,11.14,17.0,1.7,11.72,18.93,8.0,0.8,5.52,8.91,14.0,1.4,9.66,15.59,4.0,0.4,2.76,4.45,2.0,0.2,1.38,2.23,19.0,1.9,13.1,21.16,21.0,2.1,14.48,23.38,45.52,43.45,2.07,107.64,3.0,0.3,2.07,32.33,3.23,0.48,0.53,0.39,0.41,0.68,0.11,0.67,0.41,0.69,0.56,2.76,1.38,0.13,14.48,0.42
4,桃園台啤永豐雲豹,54|58|3129|10861,高錦瑋/林信寬/董永全/迪亞洛,6,62,76.0,986.27,16.44,16:26,164.38,2.74,02:44,26.0,4.33,34.21,56.94,42.0,7.0,55.26,91.98,29.0,4.83,38.16,63.51,9.0,1.5,11.84,19.71,19.0,3.17,25.0,41.61,7.0,1.17,9.21,15.33,10.0,1.67,13.16,21.9,2.0,0.33,2.63,4.38,8.0,1.33,10.53,17.52,6.0,1.0,7.89,13.14,6.0,1.0,7.89,13.14,13.0,2.17,17.11,28.47,2.0,0.33,2.63,4.38,7.0,1.17,9.21,15.33,6.0,1.0,7.89,13.14,7.0,1.17,9.21,15.33,5.0,0.83,6.58,10.95,0.0,0.0,0.0,0.0,8.0,1.33,10.53,17.52,10.0,1.67,13.16,21.9,34.21,55.26,-21.05,110.96,-16.0,-2.67,-21.05,16.44,2.74,0.34,0.4,0.37,0.2,0.75,0.16,0.78,0.46,0.87,0.68,6.58,0.0,0.11,13.16,0.28
4,新北國王,22|25|32|867,簡祐哲/林金榜/奧帝/桑尼,1,21,25.0,309.0,5.15,05:09,309.0,5.15,05:09,10.0,10.0,40.0,69.9,2.0,2.0,8.0,13.98,8.0,8.0,32.0,55.92,4.0,4.0,16.0,27.96,6.0,6.0,24.0,41.94,3.0,3.0,12.0,20.97,2.0,2.0,8.0,13.98,1.0,1.0,4.0,6.99,2.0,2.0,8.0,13.98,1.0,1.0,4.0,6.99,1.0,1.0,4.0,6.99,3.0,3.0,12.0,20.97,3.0,3.0,12.0,20.97,7.0,7.0,28.0,48.93,3.0,3.0,12.0,20.97,2.0,2.0,8.0,13.98,2.0,2.0,8.0,13.98,0.0,0.0,0.0,0.0,1.0,1.0,4.0,6.99,2.0,2.0,8.0,13.98,40.0,8.0,32.0,116.51,8.0,8.0,32.0,5.15,5.15,0.56,0.56,0.5,0.5,0.5,0.25,0.5,0.12,0.5,0.29,8.0,0.0,0.04,8.0,0.25
4,新北國王,22|25|32|10872,簡祐哲/林金榜/奧帝/林彥廷,1,2,2.0,38.0,0.63,00:38,38.0,0.63,00:38,0.0,0.0,0.0,0.0,2.0,2.0,100.0,113.68,0.0,0.0,0.0,0.0,0.0,0.0,0.0,0.0,0.0,0.0,0.0,0.0,0.0,0.0,0.0,0.0,0.0,0.0,0.0,0.0,0.0,0.0,0.0,0.0,0.0,0.0,0.0,0.0,0.0,0.0,0.0,0.0,0.0,0.0,0.0,0.0,0.0,0.0,0.0,0.0,0.0,0.0,0.0,0.0,0.0,0.0,0.0,0.0,1.0,1.0,50.0,56.84,0.0,0.0,0.0,0.0,0.0,0.0,0.0,0.0,0.0,0.0,0.0,0.0,0.0,0.0,0.0,0.0,0.0,0.0,0.0,0.0,0.0,100.0,-100.0,75.79,-2.0,-2.0,-100.0,0.63,0.63,,,,,,1.0,,,,,0.0,0.0,0.0,0.0,
4,新北國王,25|32|867|10872,林金榜/奧帝/桑尼/林彥廷,1,14,15.0,209.27,3.49,03:29,209.27,3.49,03:29,10.0,10.0,66.67,103.21,8.0,8.0,53.33,82.57,5.0,5.0,33.33,51.61,4.0,4.0,26.67,41.29,3.0,3.0,20.0,30.96,2.0,2.0,13.33,20.64,2.0,2.0,13.33,20.64,2.0,2.0,13.33,20.64,0.0,0.0,0.0,0.0,0.0,0.0,0.0,0.0,0.0,0.0,0.0,0.0,1.0,1.0,6.67,10.32,1.0,1.0,6.67,10.32,3.0,3.0,20.0,30.96,2.0,2.0,13.33,20.64,3.0,3.0,20.0,30.96,1.0,1.0,6.67,10.32,0.0,0.0,0.0,0.0,0.0,0.0,0.0,0.0,2.0,2.0,13.33,20.64,66.67,53.33,13.33,103.21,2.0,2.0,13.33,3.49,3.49,1.0,1.0,0.67,1.0,,0.29,0.75,0.0,0.5,0.2,6.67,0.0,0.0,13.33,0.0
4,新北國王,21|22|25|32,李愷諺/簡祐哲/林金榜/奧帝,1,19,23.0,271.0,4.52,04:31,271.0,4.52,04:31,10.0,10.0,43.48,79.71,0.0,0.0,0.0,0.0,8.0,8.0,34.78,63.76,4.0,4.0,17.39,31.88,6.0,6.0,26.09,47.82,3.0,3.0,13.04,23.91,2.0,2.0,8.7,15.94,1.0,1.0,4.35,7.97,2.0,2.0,8.7,15.94,1.0,1.0,4.35,7.97,1.0,1.0,4.35,7.97,3.0,3.0,13.04,23.91,3.0,3.0,13.04,23.91,7.0,7.0,30.43,55.79,2.0,2.0,8.7,15.94,2.0,2.0,8.7,15.94,2.0,2.0,8.7,15.94,0.0,0.0,0.0,0.0,1.0,1.0,4.35,7.97,2.0,2.0,8.7,15.94,43.48,0.0,43.48,122.22,10.0,10.0,43.48,4.52,4.52,0.56,0.56,0.5,0.5,0.5,0.18,0.5,0.12,0.5,0.29,8.7,0.0,0.04,8.7,0.25
4,新北國王,21|25|32|867,李愷諺/林金榜/奧帝/桑尼,1,31,36.0,442.27,7.37,07:22,442.27,7.37,07:22,20.0,20.0,55.56,97.68,6.0,6.0,16.67,29.3,13.0,13.0,36.11,63.49,8.0,8.0,22.22,39.07,9.0,9.0,25.0,43.96,5.0,5.0,13.89,24.42,4.0,4.0,11.11,19.54,3.0,3.0,8.33,14.65,2.0,2.0,5.56,9.77,1.0,1.0,2.78,4.88,1.0,1.0,2.78,4.88,4.0,4.0,11.11,19.54,4.0,4.0,11.11,19.54,10.0,10.0,27.78,48.84,3.0,3.0,8.33,14.65,5.0,5.0,13.89,24.42,3.0,3.0,8.33,14.65,0.0,0.0,0.0,0.0,1.0,1.0,2.78,4.88,4.0,4.0,11.11,19.54,55.56,16.67,38.89,117.21,14.0,14.0,38.89,7.37,7.37,0.73,0.72,0.56,0.75,0.5,0.18,0.62,0.09,0.5,0.26,8.33,0.0,0.03,11.11,0.15
4,新北國王,21|32|867|10872,李愷諺/奧帝/桑尼/林彥廷,1,54,61.0,821.72,13.7,13:42,821.72,13.7,13:42,34.0,34.0,55.74,89.37,33.0,33.0,54.1,86.74,25.0,25.0,40.98,65.72,12.0,12.0,19.67,31.54,14.0,14.0,22.95,36.8,7.0,7.0,11.48,18.4,11.0,11.0,18.03,28.91,5.0,5.0,8.2,13.14,8.0,8.0,13.11,21.03,5.0,5.0,8.2,13.14,2.0,2.0,3.28,5.26,9.0,9.0,14.75,23.66,3.0,3.0,4.92,7.89,8.0,8.0,13.11,21.03,1.0,1.0,1.64,2.63,9.0,9.0,14.75,23.66,1.0,1.0,1.64,2.63,1.0,1.0,1.64,2.63,4.0,4.0,6.56,10.51,9.0,9.0,14.75,23.66,55.74,54.1,1.64,106.9,1.0,1.0,1.64,13.7,13.7,0.58,0.6,0.5,0.45,0.62,0.03,0.75,0.2,0.75,0.5,1.64,1.64,0.07,14.75,0.32
4,桃園台啤永豐雲豹,16|54|68|3129,米勒/高錦瑋/克羅馬/董永全,15,412,505.0,7113.35,118.56,118:33,474.22,7.9,07:54,229.0,15.27,45.35,69.54,221.0,14.73,43.76,67.11,184.0,12.27,36.44,55.87,82.0,5.47,16.24,24.9,101.0,6.73,20.0,30.67,55.0,3.67,10.89,16.7,83.0,5.53,16.44,25.2,27.0,1.8,5.35,8.2,51.0,3.4,10.1,15.49,38.0,2.53,7.52,11.54,23.0,1.53,4.55,6.98,83.0,5.53,16.44,25.2,43.0,2.87,8.51,13.06,74.0,4.93,14.65,22.47,25.0,1.67,4.95,7.59,46.0,3.07,9.11,13.97,11.0,0.73,2.18,3.34,6.0,0.4,1.19,1.82,43.0,2.87,8.51,13.06,54.0,3.6,10.69,16.4,45.35,43.76,1.58,102.23,8.0,0.53,1.58,118.56,7.9,0.52,0.55,0.54,0.33,0.75,0.11,0.56,0.24,0.66,0.48,2.18,1.19,0.09,10.69,0.28
4,桃園台啤永豐雲豹,16|57|68|3129,米勒/莊博元/克羅馬/董永全,13,314,387.0,5560.91,92.68,92:41,427.76,7.13,07:08,172.0,13.23,44.44,66.81,180.0,13.85,46.51,69.92,140.0,10.77,36.18,54.38,64.0,4.92,16.54,24.86,80.0,6.15,20.67,31.07,44.0,3.38,11.37,17.09,60.0,4.62,15.5,23.31,20.0,1.54,5.17,7.77,34.0,2.62,8.79,13.21,24.0,1.85,6.2,9.32,15.0,1.15,3.88,5.83,65.0,5.0,16.8,25.25,36.0,2.77,9.3,13.98,54.0,4.15,13.95,20.97,19.0,1.46,4.91,7.38,34.0,2.62,8.79,13.21,9.0,0.69,2.33,3.5,5.0,0.38,1.29,1.94,31.0,2.38,8.01,12.04,40.0,3.08,10.34,15.54,44.44,46.51,-2.07,100.21,-8.0,-0.62,-2.07,92.68,7.13,0.53,0.55,0.55,0.33,0.71,0.11,0.53,0.22,0.64,0.47,2.33,1.29,0.08,10.34,0.24
4,桃園台啤永豐雲豹,54|57|68|3129,高錦瑋/莊博元/克羅馬/董永全,17,661,787.0,10902.65,181.71,181:43,641.33,10.69,10:41,379.0,22.29,48.16,75.09,352.0,20.71,44.73,69.74,291.0,17.12,36.98,57.65,139.0,8.18,17.66,27.54,185.0,10.88,23.51,36.65,99.0,5.82,12.58,19.61,106.0,6.24,13.47,21.0,40.0,2.35,5.08,7.92,81.0,4.76,10.29,16.05,63.0,3.71,8.01,12.48,37.0,2.18,4.7,7.33,122.0,7.18,15.5,24.17,64.0,3.76,8.13,12.68,118.0,6.94,14.99,23.38,39.0,2.29,4.96,7.73,84.0,4.94,10.67,16.64,22.0,1.29,2.8,4.36,11.0,0.65,1.4,2.18,68.0,4.0,8.64,13.47,81.0,4.76,10.29,16.05,48.16,44.73,3.43,103.95,27.0,1.59,3.43,181.71,10.69,0.55,0.58,0.54,0.38,0.78,0.11,0.6,0.24,0.66,0.47,2.8,1.4,0.09,10.29,0.28
4,新北國王,21|25|32|10872,李愷諺/林金榜/奧帝/林彥廷,5,23,30.0,356.32,5.94,05:56,71.26,1.19,01:11,18.0,3.6,60.0,109.11,8.0,1.6,26.67,48.5,11.0,2.2,36.67,66.68,6.0,1.2,20.0,36.37,5.0,1.0,16.67,30.31,3.0,0.6,10.0,18.19,6.0,1.2,20.0,36.37,3.0,0.6,10.0,18.19,4.0,0.8,13.33,24.25,4.0,0.8,13.33,24.25,1.0,0.2,3.33,6.06,4.0,0.8,13.33,24.25,2.0,0.4,6.67,12.12,8.0,1.6,26.67,48.5,1.0,0.2,3.33,6.06,3.0,0.6,10.0,18.19,1.0,0.2,3.33,6.06,1.0,0.2,3.33,6.06,1.0,0.2,3.33,6.06,4.0,0.8,13.33,24.25,60.0,26.67,33.33,121.24,10.0,2.0,33.33,5.94,1.19,0.68,0.71,0.6,0.5,1.0,0.07,0.5,0.11,0.67,0.33,3.33,3.33,0.03,13.33,0.36
4,新北國王,23|25|28|10872,王柏智/林金榜/呂政儒/林彥廷,1,3,3.0,39.0,0.65,00:39,39.0,0.65,00:39,2.0,2.0,66.67,110.77,0.0,0.0,0.0,0.0,2.0,2.0,66.67,110.77,1.0,1.0,33.33,55.38,1.0,1.0,33.33,55.38,1.0,1.0,33.33,55.38,1.0,1.0,33.33,55.38,0.0,0.0,0.0,0.0,0.0,0.0,0.0,0.0,0.0,0.0,0.0,0.0,0.0,0.0,0.0,0.0,1.0,1.0,33.33,55.38,0.0,0.0,0.0,0.0,0.0,0.0,0.0,0.0,0.0,0.0,0.0,0.0,1.0,1.0,33.33,55.38,0.0,0.0,0.0,0.0,0.0,0.0,0.0,0.0,0.0,0.0,0.0,0.0,0.0,0.0,0.0,0.0,66.67,0.0,66.67,110.77,2.0,2.0,66.67,0.65,0.65,0.5,0.5,1.0,0.0,,0.0,1.0,,1.0,1.0,0.0,0.0,0.0,0.0,0.0
4,新北國王,23|25|28|10875,王柏智/林金榜/呂政儒/傑登,1,3,3.0,39.0,0.65,00:39,39.0,0.65,00:39,2.0,2.0,66.67,110.77,0.0,0.0,0.0,0.0,2.0,2.0,66.67,110.77,1.0,1.0,33.33,55.38,1.0,1.0,33.33,55.38,1.0,1.0,33.33,55.38,1.0,1.0,33.33,55.38,0.0,0.0,0.0,0.0,0.0,0.0,0.0,0.0,0.0,0.0,0.0,0.0,0.0,0.0,0.0,0.0,1.0,1.0,33.33,55.38,0.0,0.0,0.0,0.0,0.0,0.0,0.0,0.0,0.0,0.0,0.0,0.0,1.0,1.0,33.33,55.38,0.0,0.0,0.0,0.0,0.0,0.0,0.0,0.0,0.0,0.0,0.0,0.0,0.0,0.0,0.0,0.0,66.67,0.0,66.67,110.77,2.0,2.0,66.67,0.65,0.65,0.5,0.5,1.0,0.0,,0.0,1.0,,1.0,1.0,0.0,0.0,0.0,0.0,0.0
4,新北國王,23|25|10872|10875,王柏智/林金榜/林彥廷/傑登,1,3,3.0,39.0,0.65,00:39,39.0,0.65,00:39,2.0,2.0,66.67,110.77,0.0,0.0,0.0,0.0,2.0,2.0,66.67,110.77,1.0,1.0,33.33,55.38,1.0,1.0,33.33,55.38,1.0,1.0,33.33,55.38,1.0,1.0,33.33,55.38,0.0,0.0,0.0,0.0,0.0,0.0,0.0,0.0,0.0,0.0,0.0,0.0,0.0,0.0,0.0,0.0,1.0,1.0,33.33,55.38,0.0,0.0,0.0,0.0,0.0,0.0,0.0,0.0,0.0,0.0,0.0,0.0,1.0,1.0,33.33,55.38,0.0,0.0,0.0,0.0,0.0,0.0,0.0,0.0,0.0,0.0,0.0,0.0,0.0,0.0,0.0,0.0,66.67,0.0,66.67,110.77,2.0,2.0,66.67,0.65,0.65,0.5,0.5,1.0,0.0,,0.0,1.0,,1.0,1.0,0.0,0.0,0.0,0.0,0.0
4,新北國王,23|28|10872|10875,王柏智/呂政儒/林彥廷/傑登,3,25,29.0,401.77,6.7,06:42,133.92,2.23,02:14,14.0,4.67,48.28,75.27,15.0,5.0,51.72,80.64,13.0,4.33,44.83,69.89,6.0,2.0,20.69,32.26,8.0,2.67,27.59,43.01,5.0,1.67,17.24,26.88,5.0,1.67,17.24,26.88,1.0,0.33,3.45,5.38,0.0,0.0,0.0,0.0,0.0,0.0,0.0,0.0,2.0,0.67,6.9,10.75,5.0,1.67,17.24,26.88,1.0,0.33,3.45,5.38,2.0,0.67,6.9,10.75,2.0,0.67,6.9,10.75,1.0,0.33,3.45,5.38,1.0,0.33,3.45,5.38,0.0,0.0,0.0,0.0,2.0,0.67,6.9,10.75,4.0,1.33,13.79,21.5,48.28,51.72,-3.45,103.94,-1.0,-0.33,-3.45,6.7,2.23,0.5,0.54,0.62,0.2,,0.13,0.17,0.5,0.83,0.7,3.45,0.0,0.07,13.79,0.0
4,新北國王,25|28|10872|10875,林金榜/呂政儒/林彥廷/傑登,2,25,27.0,308.0,5.13,05:08,154.0,2.57,02:34,6.0,3.0,22.22,42.08,16.0,8.0,59.26,112.21,8.0,4.0,29.63,56.1,2.0,1.0,7.41,14.03,4.0,2.0,14.81,28.05,1.0,0.5,3.7,7.01,4.0,2.0,14.81,28.05,1.0,0.5,3.7,7.01,2.0,1.0,7.41,14.03,1.0,0.5,3.7,7.01,1.0,0.5,3.7,7.01,6.0,3.0,22.22,42.08,1.0,0.5,3.7,7.01,3.0,1.5,11.11,21.04,4.0,2.0,14.81,28.05,2.0,1.0,7.41,14.03,3.0,1.5,11.11,21.04,0.0,0.0,0.0,0.0,1.0,0.5,3.7,7.01,2.0,1.0,7.41,14.03,22.22,59.26,-37.04,126.23,-10.0,-5.0,-37.04,5.13,2.57,0.31,0.34,0.25,0.25,0.5,0.31,1.0,0.25,0.86,0.64,11.11,0.0,0.04,7.41,0.25
4,新北國王,24|25|28|10872,蘇士軒/林金榜/呂政儒/林彥廷,1,11,12.0,133.0,2.22,02:13,133.0,2.22,02:13,1.0,1.0,8.33,16.24,6.0,6.0,50.0,97.44,3.0,3.0,25.0,48.72,0.0,0.0,0.0,0.0,2.0,2.0,16.67,32.48,0.0,0.0,0.0,0.0,1.0,1.0,8.33,16.24,0.0,0.0,0.0,0.0,2.0,2.0,16.67,32.48,1.0,1.0,8.33,16.24,1.0,1.0,8.33,16.24,3.0,3.0,25.0,48.72,0.0,0.0,0.0,0.0,1.0,1.0,8.33,16.24,2.0,2.0,16.67,32.48,0.0,0.0,0.0,0.0,2.0,2.0,16.67,32.48,0.0,0.0,0.0,0.0,1.0,1.0,8.33,16.24,0.0,0.0,0.0,0.0,8.33,50.0,-41.67,129.92,-5.0,-5.0,-41.67,2.22,2.22,0.0,0.13,0.0,0.0,0.5,0.34,,0.5,1.0,0.8,16.67,0.0,0.08,0.0,0.67
4,新北國王,24|25|28|10875,蘇士軒/林金榜/呂政儒/傑登,1,11,12.0,133.0,2.22,02:13,133.0,2.22,02:13,1.0,1.0,8.33,16.24,6.0,6.0,50.0,97.44,3.0,3.0,25.0,48.72,0.0,0.0,0.0,0.0,2.0,2.0,16.67,32.48,0.0,0.0,0.0,0.0,1.0,1.0,8.33,16.24,0.0,0.0,0.0,0.0,2.0,2.0,16.67,32.48,1.0,1.0,8.33,16.24,1.0,1.0,8.33,16.24,3.0,3.0,25.0,48.72,0.0,0.0,0.0,0.0,1.0,1.0,8.33,16.24,2.0,2.0,16.67,32.48,0.0,0.0,0.0,0.0,2.0,2.0,16.67,32.48,0.0,0.0,0.0,0.0,1.0,1.0,8.33,16.24,0.0,0.0,0.0,0.0,8.33,50.0,-41.67,129.92,-5.0,-5.0,-41.67,2.22,2.22,0.0,0.13,0.0,0.0,0.5,0.34,,0.5,1.0,0.8,16.67,0.0,0.08,0.0,0.67
4,新北國王,24|25|10872|10875,蘇士軒/林金榜/林彥廷/傑登,1,11,12.0,133.0,2.22,02:13,133.0,2.22,02:13,1.0,1.0,8.33,16.24,6.0,6.0,50.0,97.44,3.0,3.0,25.0,48.72,0.0,0.0,0.0,0.0,2.0,2.0,16.67,32.48,0.0,0.0,0.0,0.0,1.0,1.0,8.33,16.24,0.0,0.0,0.0,0.0,2.0,2.0,16.67,32.48,1.0,1.0,8.33,16.24,1.0,1.0,8.33,16.24,3.0,3.0,25.0,48.72,0.0,0.0,0.0,0.0,1.0,1.0,8.33,16.24,2.0,2.0,16.67,32.48,0.0,0.0,0.0,0.0,2.0,2.0,16.67,32.48,0.0,0.0,0.0,0.0,1.0,1.0,8.33,16.24,0.0,0.0,0.0,0.0,8.33,50.0,-41.67,129.92,-5.0,-5.0,-41.67,2.22,2.22,0.0,0.13,0.0,0.0,0.5,0.34,,0.5,1.0,0.8,16.67,0.0,0.08,0.0,0.67
4,新北國王,21|22|28|32,李愷諺/簡祐哲/呂政儒/奧帝,2,8,11.0,99.34,1.66,01:39,49.67,0.83,00:50,0.0,0.0,0.0,0.0,7.0,3.5,63.64,152.2,3.0,1.5,27.27,65.23,0.0,0.0,0.0,0.0,3.0,1.5,27.27,65.23,0.0,0.0,0.0,0.0,0.0,0.0,0.0,0.0,0.0,0.0,0.0,0.0,2.0,1.0,18.18,43.49,0.0,0.0,0.0,0.0,1.0,0.5,9.09,21.74,2.0,1.0,18.18,43.49,2.0,1.0,18.18,43.49,1.0,0.5,9.09,21.74,1.0,0.5,9.09,21.74,0.0,0.0,0.0,0.0,1.0,0.5,9.09,21.74,1.0,0.5,9.09,21.74,0.0,0.0,0.0,0.0,1.0,0.5,9.09,21.74,0.0,63.64,-63.64,159.45,-7.0,-3.5,-63.64,1.66,0.83,0.0,0.0,0.0,,0.0,0.2,,0.5,0.5,0.5,9.09,9.09,0.0,9.09,0.67
4,新北國王,21|22|28|867,李愷諺/簡祐哲/呂政儒/桑尼,1,2,2.0,9.38,0.16,00:09,9.38,0.16,00:09,0.0,0.0,0.0,0.0,0.0,0.0,0.0,0.0,1.0,1.0,50.0,230.3,0.0,0.0,0.0,0.0,1.0,1.0,50.0,230.3,0.0,0.0,0.0,0.0,0.0,0.0,0.0,0.0,0.0,0.0,0.0,0.0,0.0,0.0,0.0,0.0,0.0,0.0,0.0,0.0,0.0,0.0,0.0,0.0,0.0,0.0,0.0,0.0,0.0,0.0,0.0,0.0,1.0,1.0,50.0,230.3,0.0,0.0,0.0,0.0,0.0,0.0,0.0,0.0,0.0,0.0,0.0,0.0,1.0,1.0,50.0,230.3,0.0,0.0,0.0,0.0,1.0,1.0,50.0,230.3,0.0,0.0,0.0,307.07,0.0,0.0,0.0,0.16,0.16,0.0,0.0,0.0,,,0.0,,0.0,,0.0,0.0,50.0,0.0,50.0,0.0
4,新北國王,21|28|32|867,李愷諺/呂政儒/奧帝/桑尼,1,12,12.0,127.24,2.12,02:07,127.24,2.12,02:07,2.0,2.0,16.67,33.95,6.0,6.0,50.0,101.85,6.0,6.0,50.0,101.85,1.0,1.0,8.33,16.98,4.0,4.0,33.33,67.9,0.0,0.0,0.0,0.0,2.0,2.0,16.67,33.95,1.0,1.0,8.33,16.98,2.0,2.0,16.67,33.95,2.0,2.0,16.67,33.95,0.0,0.0,0.0,0.0,3.0,3.0,25.0,50.93,0.0,0.0,0.0,0.0,3.0,3.0,25.0,50.93,0.0,0.0,0.0,0.0,1.0,1.0,8.33,16.98,0.0,0.0,0.0,0.0,1.0,1.0,8.33,16.98,2.0,2.0,16.67,33.95,2.0,2.0,16.67,33.95,16.67,50.0,-33.33,135.8,-4.0,-4.0,-33.33,2.12,2.12,0.25,0.15,0.0,0.5,1.0,0.0,1.0,0.0,1.0,0.5,0.0,8.33,0.17,16.67,0.33
4,新北國王,22|28|32|867,簡祐哲/呂政儒/奧帝/桑尼,1,2,2.0,9.38,0.16,00:09,9.38,0.16,00:09,0.0,0.0,0.0,0.0,0.0,0.0,0.0,0.0,1.0,1.0,50.0,230.3,0.0,0.0,0.0,0.0,1.0,1.0,50.0,230.3,0.0,0.0,0.0,0.0,0.0,0.0,0.0,0.0,0.0,0.0,0.0,0.0,0.0,0.0,0.0,0.0,0.0,0.0,0.0,0.0,0.0,0.0,0.0,0.0,0.0,0.0,0.0,0.0,0.0,0.0,0.0,0.0,1.0,1.0,50.0,230.3,0.0,0.0,0.0,0.0,0.0,0.0,0.0,0.0,0.0,0.0,0.0,0.0,1.0,1.0,50.0,230.3,0.0,0.0,0.0,0.0,1.0,1.0,50.0,230.3,0.0,0.0,0.0,307.07,0.0,0.0,0.0,0.16,0.16,0.0,0.0,0.0,,,0.0,,0.0,,0.0,0.0,50.0,0.0,50.0,0.0
4,桃園台啤永豐雲豹,12|16|68|3129,曹薰襄/米勒/克羅馬/董永全,6,61,66.0,883.31,14.72,14:43,147.22,2.45,02:27,37.0,6.17,56.06,90.48,21.0,3.5,31.82,51.35,25.0,4.17,37.88,61.13,12.0,2.0,18.18,29.34,12.0,2.0,18.18,29.34,6.0,1.0,9.09,14.67,13.0,2.17,19.7,31.79,6.0,1.0,9.09,14.67,7.0,1.17,10.61,17.12,7.0,1.17,10.61,17.12,3.0,0.5,4.55,7.34,10.0,1.67,15.15,24.45,1.0,0.17,1.52,2.45,14.0,2.33,21.21,34.23,4.0,0.67,6.06,9.78,7.0,1.17,10.61,17.12,2.0,0.33,3.03,4.89,0.0,0.0,0.0,0.0,5.0,0.83,7.58,12.23,5.0,0.83,7.58,12.23,56.06,31.82,24.24,107.6,16.0,2.67,24.24,14.72,2.45,0.6,0.66,0.5,0.46,1.0,0.12,0.58,0.18,0.91,0.46,3.03,0.0,0.08,7.58,0.28
4,桃園台啤永豐雲豹,16|58|68|3129,米勒/林信寬/克羅馬/董永全,7,64,82.0,1045.76,17.43,17:26,149.39,2.49,02:29,42.0,6.0,51.22,86.75,26.0,3.71,31.71,53.7,31.0,4.43,37.8,64.03,13.0,1.86,15.85,26.85,16.0,2.29,19.51,33.05,7.0,1.0,8.54,14.46,15.0,2.14,18.29,30.98,6.0,0.86,7.32,12.39,13.0,1.86,15.85,26.85,10.0,1.43,12.2,20.65,7.0,1.0,8.54,14.46,11.0,1.57,13.41,22.72,8.0,1.14,9.76,16.52,13.0,1.86,15.85,26.85,3.0,0.43,3.66,6.2,9.0,1.29,10.98,18.59,0.0,0.0,0.0,0.0,1.0,0.14,1.22,2.07,10.0,1.43,12.2,20.65,14.0,2.0,17.07,28.92,51.22,31.71,19.51,112.91,16.0,2.29,19.51,17.43,2.49,0.52,0.57,0.44,0.4,0.77,0.08,0.69,0.35,0.58,0.46,0.0,1.22,0.12,17.07,0.42
4,新北國王,21|23|32|10872,李愷諺/王柏智/奧帝/林彥廷,2,3,3.0,59.97,1.0,01:00,29.99,0.5,00:30,2.0,1.0,66.67,72.03,4.0,2.0,133.33,144.07,1.0,0.5,33.33,36.02,1.0,0.5,33.33,36.02,1.0,0.5,33.33,36.02,1.0,0.5,33.33,36.02,0.0,0.0,0.0,0.0,0.0,0.0,0.0,0.0,2.0,1.0,66.67,72.03,2.0,1.0,66.67,72.03,0.0,0.0,0.0,0.0,0.0,0.0,0.0,0.0,0.0,0.0,0.0,0.0,0.0,0.0,0.0,0.0,0.0,0.0,0.0,0.0,1.0,0.5,33.33,36.02,0.0,0.0,0.0,0.0,0.0,0.0,0.0,0.0,1.0,0.5,33.33,36.02,0.0,0.0,0.0,0.0,66.67,133.33,-66.67,72.03,-2.0,-1.0,-66.67,1.0,0.5,1.0,0.53,1.0,,1.0,0.0,1.0,,,,0.0,0.0,0.33,0.0,2.0
4,新北國王,21|23|32|10875,李愷諺/王柏智/奧帝/傑登,2,14,14.0,207.61,3.46,03:28,103.8,1.73,01:44,5.0,2.5,35.71,52.02,10.0,5.0,71.43,104.04,5.0,2.5,35.71,52.02,2.0,1.0,14.29,20.81,2.0,1.0,14.29,20.81,1.0,0.5,7.14,10.4,3.0,1.5,21.43,31.21,1.0,0.5,7.14,10.4,2.0,1.0,14.29,20.81,2.0,1.0,14.29,20.81,0.0,0.0,0.0,0.0,3.0,1.5,21.43,31.21,0.0,0.0,0.0,0.0,1.0,0.5,7.14,10.4,2.0,1.0,14.29,20.81,2.0,1.0,14.29,20.81,2.0,1.0,14.29,20.81,0.0,0.0,0.0,0.0,1.0,0.5,7.14,10.4,3.0,1.5,21.43,31.21,35.71,71.43,-35.71,97.11,-5.0,-2.5,-35.71,3.46,1.73,0.5,0.43,0.5,0.33,1.0,0.25,1.0,0.0,1.0,0.75,14.29,0.0,0.07,21.43,0.4
4,新北國王,21|23|10872|10875,李愷諺/王柏智/林彥廷/傑登,1,2,2.0,38.97,0.65,00:39,38.97,0.65,00:39,2.0,2.0,100.0,110.85,2.0,2.0,100.0,110.85,1.0,1.0,50.0,55.43,1.0,1.0,50.0,55.43,1.0,1.0,50.0,55.43,1.0,1.0,50.0,55.43,0.0,0.0,0.0,0.0,0.0,0.0,0.0,0.0,2.0,2.0,100.0,110.85,2.0,2.0,100.0,110.85,0.0,0.0,0.0,0.0,0.0,0.0,0.0,0.0,0.0,0.0,0.0,0.0,0.0,0.0,0.0,0.0,0.0,0.0,0.0,0.0,1.0,1.0,50.0,55.43,0.0,0.0,0.0,0.0,0.0,0.0,0.0,0.0,1.0,1.0,50.0,55.43,0.0,0.0,0.0,0.0,100.0,100.0,0.0,73.9,0.0,0.0,0.0,0.65,0.65,1.0,0.53,1.0,,1.0,0.0,1.0,,,,0.0,0.0,0.5,0.0,2.0
4,新北國王,23|32|10872|10875,王柏智/奧帝/林彥廷/傑登,1,2,2.0,38.97,0.65,00:39,38.97,0.65,00:39,2.0,2.0,100.0,110.85,2.0,2.0,100.0,110.85,1.0,1.0,50.0,55.43,1.0,1.0,50.0,55.43,1.0,1.0,50.0,55.43,1.0,1.0,50.0,55.43,0.0,0.0,0.0,0.0,0.0,0.0,0.0,0.0,2.0,2.0,100.0,110.85,2.0,2.0,100.0,110.85,0.0,0.0,0.0,0.0,0.0,0.0,0.0,0.0,0.0,0.0,0.0,0.0,0.0,0.0,0.0,0.0,0.0,0.0,0.0,0.0,1.0,1.0,50.0,55.43,0.0,0.0,0.0,0.0,0.0,0.0,0.0,0.0,1.0,1.0,50.0,55.43,0.0,0.0,0.0,0.0,100.0,100.0,0.0,73.9,0.0,0.0,0.0,0.65,0.65,1.0,0.53,1.0,,1.0,0.0,1.0,,,,0.0,0.0,0.5,0.0,2.0
4,新北國王,21|23|28|32,李愷諺/王柏智/呂政儒/奧帝,1,6,6.0,107.0,1.78,01:47,107.0,1.78,01:47,3.0,3.0,50.0,60.56,5.0,5.0,83.33,100.93,2.0,2.0,33.33,40.37,1.0,1.0,16.67,20.19,0.0,0.0,0.0,0.0,0.0,0.0,0.0,0.0,2.0,2.0,33.33,40.37,1.0,1.0,16.67,20.19,0.0,0.0,0.0,0.0,0.0,0.0,0.0,0.0,0.0,0.0,0.0,0.0,1.0,1.0,16.67,20.19,0.0,0.0,0.0,0.0,1.0,1.0,16.67,20.19,1.0,1.0,16.67,20.19,1.0,1.0,16.67,20.19,1.0,1.0,16.67,20.19,0.0,0.0,0.0,0.0,0.0,0.0,0.0,0.0,2.0,2.0,33.33,40.37,50.0,83.33,-33.33,80.75,-2.0,-2.0,-33.33,1.78,1.78,0.75,0.75,,0.5,,0.33,1.0,0.0,1.0,0.5,16.67,0.0,0.0,33.33,0.0
4,新北國王,21|23|28|10875,李愷諺/王柏智/呂政儒/傑登,1,6,6.0,107.0,1.78,01:47,107.0,1.78,01:47,3.0,3.0,50.0,60.56,5.0,5.0,83.33,100.93,2.0,2.0,33.33,40.37,1.0,1.0,16.67,20.19,0.0,0.0,0.0,0.0,0.0,0.0,0.0,0.0,2.0,2.0,33.33,40.37,1.0,1.0,16.67,20.19,0.0,0.0,0.0,0.0,0.0,0.0,0.0,0.0,0.0,0.0,0.0,0.0,1.0,1.0,16.67,20.19,0.0,0.0,0.0,0.0,1.0,1.0,16.67,20.19,1.0,1.0,16.67,20.19,1.0,1.0,16.67,20.19,1.0,1.0,16.67,20.19,0.0,0.0,0.0,0.0,0.0,0.0,0.0,0.0,2.0,2.0,33.33,40.37,50.0,83.33,-33.33,80.75,-2.0,-2.0,-33.33,1.78,1.78,0.75,0.75,,0.5,,0.33,1.0,0.0,1.0,0.5,16.67,0.0,0.0,33.33,0.0
4,新北國王,21|28|32|10875,李愷諺/呂政儒/奧帝/傑登,1,6,6.0,108.0,1.8,01:48,108.0,1.8,01:48,3.0,3.0,50.0,60.0,5.0,5.0,83.33,100.0,2.0,2.0,33.33,40.0,1.0,1.0,16.67,20.0,0.0,0.0,0.0,0.0,0.0,0.0,0.0,0.0,2.0,2.0,33.33,40.0,1.0,1.0,16.67,20.0,0.0,0.0,0.0,0.0,0.0,0.0,0.0,0.0,0.0,0.0,0.0,0.0,1.0,1.0,16.67,20.0,0.0,0.0,0.0,0.0,2.0,2.0,33.33,40.0,1.0,1.0,16.67,20.0,1.0,1.0,16.67,20.0,1.0,1.0,16.67,20.0,0.0,0.0,0.0,0.0,0.0,0.0,0.0,0.0,2.0,2.0,33.33,40.0,50.0,83.33,-33.33,80.0,-2.0,-2.0,-33.33,1.8,1.8,0.75,0.75,,0.5,,0.33,1.0,0.0,1.0,0.33,16.67,0.0,0.0,33.33,0.0
4,新北國王,23|28|32|10875,王柏智/呂政儒/奧帝/傑登,1,6,6.0,107.0,1.78,01:47,107.0,1.78,01:47,3.0,3.0,50.0,60.56,5.0,5.0,83.33,100.93,2.0,2.0,33.33,40.37,1.0,1.0,16.67,20.19,0.0,0.0,0.0,0.0,0.0,0.0,0.0,0.0,2.0,2.0,33.33,40.37,1.0,1.0,16.67,20.19,0.0,0.0,0.0,0.0,0.0,0.0,0.0,0.0,0.0,0.0,0.0,0.0,1.0,1.0,16.67,20.19,0.0,0.0,0.0,0.0,1.0,1.0,16.67,20.19,1.0,1.0,16.67,20.19,1.0,1.0,16.67,20.19,1.0,1.0,16.67,20.19,0.0,0.0,0.0,0.0,0.0,0.0,0.0,0.0,2.0,2.0,33.33,40.37,50.0,83.33,-33.33,80.75,-2.0,-2.0,-33.33,1.78,1.78,0.75,0.75,,0.5,,0.33,1.0,0.0,1.0,0.5,16.67,0.0,0.0,33.33,0.0
4,新北國王,28|32|10872|10874,呂政儒/奧帝/林彥廷/熊祥泰,1,3,3.0,26.5,0.44,00:27,26.5,0.44,00:27,0.0,0.0,0.0,0.0,3.0,3.0,100.0,244.5,1.0,1.0,33.33,81.5,0.0,0.0,0.0,0.0,1.0,1.0,33.33,81.5,0.0,0.0,0.0,0.0,0.0,0.0,0.0,0.0,0.0,0.0,0.0,0.0,0.0,0.0,0.0,0.0,0.0,0.0,0.0,0.0,0.0,0.0,0.0,0.0,1.0,1.0,33.33,81.5,0.0,0.0,0.0,0.0,1.0,1.0,33.33,81.5,0.0,0.0,0.0,0.0,0.0,0.0,0.0,0.0,0.0,0.0,0.0,0.0,0.0,0.0,0.0,0.0,0.0,0.0,0.0,0.0,2.0,2.0,66.67,163.0,0.0,100.0,-100.0,163.0,-3.0,-3.0,-100.0,0.44,0.44,0.0,0.0,0.0,,,0.0,,0.0,1.0,0.5,0.0,0.0,0.0,66.67,0.0
4,新北國王,28|32|10874|10875,呂政儒/奧帝/熊祥泰/傑登,2,4,4.0,51.7,0.86,00:52,25.85,0.43,00:26,2.0,1.0,50.0,83.55,3.0,1.5,75.0,125.33,2.0,1.0,50.0,83.55,1.0,0.5,25.0,41.78,2.0,1.0,50.0,83.55,1.0,0.5,25.0,41.78,0.0,0.0,0.0,0.0,0.0,0.0,0.0,0.0,0.0,0.0,0.0,0.0,0.0,0.0,0.0,0.0,0.0,0.0,0.0,0.0,1.0,0.5,25.0,41.78,0.0,0.0,0.0,0.0,1.0,0.5,25.0,41.78,0.0,0.0,0.0,0.0,1.0,0.5,25.0,41.78,0.0,0.0,0.0,0.0,0.0,0.0,0.0,0.0,1.0,0.5,25.0,41.78,2.0,1.0,50.0,83.55,50.0,75.0,-25.0,111.41,-1.0,-0.5,-25.0,0.86,0.43,0.5,0.5,0.5,,,0.0,1.0,0.0,1.0,0.5,0.0,0.0,0.25,50.0,0.0
4,新北國王,21|28|32|10872,李愷諺/呂政儒/奧帝/林彥廷,3,41,46.0,621.21,10.35,10:21,207.07,3.45,03:27,11.0,3.67,23.91,38.25,26.0,8.67,56.52,90.4,16.0,5.33,34.78,55.63,3.0,1.0,6.52,10.43,8.0,2.67,17.39,27.82,1.0,0.33,2.17,3.48,8.0,2.67,17.39,27.82,2.0,0.67,4.35,6.95,8.0,2.67,17.39,27.82,6.0,2.0,13.04,20.86,1.0,0.33,2.17,3.48,11.0,3.67,23.91,38.25,4.0,1.33,8.7,13.91,8.0,2.67,17.39,27.82,2.0,0.67,4.35,6.95,5.0,1.67,10.87,17.39,1.0,0.33,2.17,3.48,1.0,0.33,2.17,3.48,6.0,2.0,13.04,20.86,3.0,1.0,6.52,10.43,23.91,56.52,-32.61,106.63,-15.0,-5.0,-32.61,10.35,3.45,0.25,0.28,0.12,0.25,0.75,0.09,1.67,0.11,0.73,0.5,2.17,2.17,0.13,6.52,0.5
4,新北國王,21|28|867|10872,李愷諺/呂政儒/桑尼/林彥廷,1,16,17.0,181.86,3.03,03:02,181.86,3.03,03:02,4.0,4.0,23.53,47.51,9.0,9.0,52.94,106.89,7.0,7.0,41.18,83.14,2.0,2.0,11.76,23.75,5.0,5.0,29.41,59.39,1.0,1.0,5.88,11.88,2.0,2.0,11.76,23.75,1.0,1.0,5.88,11.88,2.0,2.0,11.76,23.75,2.0,2.0,11.76,23.75,0.0,0.0,0.0,0.0,4.0,4.0,23.53,47.51,1.0,1.0,5.88,11.88,3.0,3.0,17.65,35.63,1.0,1.0,5.88,11.88,2.0,2.0,11.76,23.75,1.0,1.0,5.88,11.88,0.0,0.0,0.0,0.0,2.0,2.0,11.76,23.75,3.0,3.0,17.65,35.63,23.53,52.94,-29.41,134.61,-5.0,-5.0,-29.41,3.03,3.03,0.36,0.25,0.2,0.5,1.0,0.11,1.0,0.0,0.8,0.5,5.88,0.0,0.12,17.65,0.29
4,新北國王,28|32|867|10872,呂政儒/奧帝/桑尼/林彥廷,1,10,10.0,117.86,1.96,01:58,117.86,1.96,01:58,2.0,2.0,20.0,36.65,6.0,6.0,60.0,109.96,5.0,5.0,50.0,91.63,1.0,1.0,10.0,18.33,3.0,3.0,30.0,54.98,0.0,0.0,0.0,0.0,2.0,2.0,20.0,36.65,1.0,1.0,10.0,18.33,2.0,2.0,20.0,36.65,2.0,2.0,20.0,36.65,0.0,0.0,0.0,0.0,3.0,3.0,30.0,54.98,0.0,0.0,0.0,0.0,2.0,2.0,20.0,36.65,0.0,0.0,0.0,0.0,1.0,1.0,10.0,18.33,0.0,0.0,0.0,0.0,0.0,0.0,0.0,0.0,2.0,2.0,20.0,36.65,1.0,1.0,10.0,18.33,20.0,60.0,-40.0,122.17,-4.0,-4.0,-40.0,1.96,1.96,0.3,0.17,0.0,0.5,1.0,0.0,1.0,0.0,1.0,0.6,0.0,0.0,0.2,10.0,0.4
4,新北國王,21|28|10872|10875,李愷諺/呂政儒/林彥廷/傑登,5,57,64.0,820.55,13.68,13:41,164.11,2.74,02:44,34.0,6.8,53.12,89.5,23.0,4.6,35.94,60.54,20.0,4.0,31.25,52.65,11.0,2.2,17.19,28.96,14.0,2.8,21.88,36.85,7.0,1.4,10.94,18.43,6.0,1.2,9.38,15.79,4.0,0.8,6.25,10.53,11.0,2.2,17.19,28.96,8.0,1.6,12.5,21.06,0.0,0.0,0.0,0.0,10.0,2.0,15.62,26.32,6.0,1.2,9.38,15.79,15.0,3.0,23.44,39.49,4.0,0.8,6.25,10.53,10.0,2.0,15.62,26.32,3.0,0.6,4.69,7.9,2.0,0.4,3.12,5.26,7.0,1.4,10.94,18.43,5.0,1.0,7.81,13.16,53.12,35.94,17.19,112.31,11.0,2.2,17.19,13.68,2.74,0.65,0.68,0.5,0.67,0.73,0.14,0.91,0.0,0.62,0.32,4.69,3.12,0.11,7.81,0.55
4,臺北台新戰神,5|13|14|10867,黃聰翰/陳冠全/錢肯尼/威力斯,1,20,25.0,359.0,5.98,05:59,359.0,5.98,05:59,14.0,14.0,56.0,84.23,21.0,21.0,84.0,126.35,10.0,10.0,40.0,60.17,5.0,5.0,20.0,30.08,7.0,7.0,28.0,42.12,3.0,3.0,12.0,18.05,3.0,3.0,12.0,18.05,2.0,2.0,8.0,12.03,3.0,3.0,12.0,18.05,2.0,2.0,8.0,12.03,1.0,1.0,4.0,6.02,5.0,5.0,20.0,30.08,0.0,0.0,0.0,0.0,2.0,2.0,8.0,12.03,2.0,2.0,8.0,12.03,1.0,1.0,4.0,6.02,2.0,2.0,8.0,12.03,1.0,1.0,4.0,6.02,2.0,2.0,8.0,12.03,2.0,2.0,8.0,12.03,56.0,84.0,-28.0,100.28,-7.0,-7.0,-28.0,5.98,5.98,0.6,0.62,0.43,0.67,0.67,0.15,0.2,0.33,1.0,0.75,8.0,4.0,0.08,8.0,0.3
4,臺北台新戰神,5|13|14|10870,黃聰翰/陳冠全/錢肯尼/洛夫頓,1,20,25.0,359.0,5.98,05:59,359.0,5.98,05:59,14.0,14.0,56.0,84.23,21.0,21.0,84.0,126.35,10.0,10.0,40.0,60.17,5.0,5.0,20.0,30.08,7.0,7.0,28.0,42.12,3.0,3.0,12.0,18.05,3.0,3.0,12.0,18.05,2.0,2.0,8.0,12.03,3.0,3.0,12.0,18.05,2.0,2.0,8.0,12.03,1.0,1.0,4.0,6.02,5.0,5.0,20.0,30.08,0.0,0.0,0.0,0.0,2.0,2.0,8.0,12.03,2.0,2.0,8.0,12.03,1.0,1.0,4.0,6.02,2.0,2.0,8.0,12.03,1.0,1.0,4.0,6.02,2.0,2.0,8.0,12.03,2.0,2.0,8.0,12.03,56.0,84.0,-28.0,100.28,-7.0,-7.0,-28.0,5.98,5.98,0.6,0.62,0.43,0.67,0.67,0.15,0.2,0.33,1.0,0.75,8.0,4.0,0.08,8.0,0.3
4,臺北台新戰神,5|13|10867|10870,黃聰翰/陳冠全/威力斯/洛夫頓,1,20,25.0,359.0,5.98,05:59,359.0,5.98,05:59,14.0,14.0,56.0,84.23,21.0,21.0,84.0,126.35,10.0,10.0,40.0,60.17,5.0,5.0,20.0,30.08,7.0,7.0,28.0,42.12,3.0,3.0,12.0,18.05,3.0,3.0,12.0,18.05,2.0,2.0,8.0,12.03,3.0,3.0,12.0,18.05,2.0,2.0,8.0,12.03,1.0,1.0,4.0,6.02,5.0,5.0,20.0,30.08,0.0,0.0,0.0,0.0,2.0,2.0,8.0,12.03,2.0,2.0,8.0,12.03,1.0,1.0,4.0,6.02,2.0,2.0,8.0,12.03,1.0,1.0,4.0,6.02,2.0,2.0,8.0,12.03,2.0,2.0,8.0,12.03,56.0,84.0,-28.0,100.28,-7.0,-7.0,-28.0,5.98,5.98,0.6,0.62,0.43,0.67,0.67,0.15,0.2,0.33,1.0,0.75,8.0,4.0,0.08,8.0,0.3
4,福爾摩沙夢想家,73|86|103|10889,陳振傑/林俊吉/忻沃克/恩尼斯,2,22,29.0,371.07,6.18,06:11,185.53,3.09,03:06,14.0,7.0,48.28,81.49,8.0,4.0,27.59,46.57,11.0,5.5,37.93,64.03,4.0,2.0,13.79,23.28,3.0,1.5,10.34,17.46,2.0,1.0,6.9,11.64,8.0,4.0,27.59,46.57,2.0,1.0,6.9,11.64,4.0,2.0,13.79,23.28,4.0,2.0,13.79,23.28,3.0,1.5,10.34,17.46,4.0,2.0,13.79,23.28,2.0,1.0,6.9,11.64,6.0,3.0,20.69,34.93,1.0,0.5,3.45,5.82,2.0,1.0,6.9,11.64,0.0,0.0,0.0,0.0,1.0,0.5,3.45,5.82,0.0,0.0,0.0,0.0,1.0,0.5,3.45,5.82,48.28,27.59,20.69,112.54,6.0,3.0,20.69,6.18,3.09,0.45,0.55,0.67,0.25,1.0,0.07,0.5,0.33,0.67,0.47,0.0,3.45,0.0,3.45,0.36
4,福爾摩沙夢想家,73|103|107|10889,陳振傑/忻沃克/霍爾曼/恩尼斯,2,38,49.0,578.62,9.64,09:39,289.31,4.82,04:49,26.0,13.0,53.06,97.06,13.0,6.5,26.53,48.53,18.0,9.0,36.73,67.19,7.0,3.5,14.29,26.13,7.0,3.5,14.29,26.13,4.0,2.0,8.16,14.93,11.0,5.5,22.45,41.06,3.0,1.5,6.12,11.2,10.0,5.0,20.41,37.33,9.0,4.5,18.37,33.6,5.0,2.5,10.2,18.67,7.0,3.5,14.29,26.13,4.0,2.0,8.16,14.93,9.0,4.5,18.37,33.6,1.0,0.5,2.04,3.73,5.0,2.5,10.2,18.67,0.0,0.0,0.0,0.0,1.0,0.5,2.04,3.73,3.0,1.5,6.12,11.2,5.0,2.5,10.2,18.67,53.06,26.53,26.53,121.95,13.0,6.5,26.53,9.64,4.82,0.47,0.58,0.57,0.27,0.9,0.04,0.71,0.36,0.64,0.48,0.0,2.04,0.06,10.2,0.56
4,臺北台新戰神,4|5|14|10867,張兆辰/黃聰翰/錢肯尼/威力斯,1,15,21.0,274.48,4.57,04:34,274.48,4.57,04:34,11.0,11.0,52.38,86.56,15.0,15.0,71.43,118.04,10.0,10.0,47.62,78.69,5.0,5.0,23.81,39.35,8.0,8.0,38.1,62.95,4.0,4.0,19.05,31.48,2.0,2.0,9.52,15.74,1.0,1.0,4.76,7.87,0.0,0.0,0.0,0.0,0.0,0.0,0.0,0.0,3.0,3.0,14.29,23.61,2.0,2.0,9.52,15.74,2.0,2.0,9.52,15.74,2.0,2.0,9.52,15.74,0.0,0.0,0.0,0.0,0.0,0.0,0.0,0.0,0.0,0.0,0.0,0.0,0.0,0.0,0.0,0.0,2.0,2.0,9.52,15.74,4.0,4.0,19.05,31.48,52.38,71.43,-19.05,110.17,-4.0,-4.0,-19.05,4.57,4.57,0.55,0.55,0.5,0.5,,0.0,0.0,0.6,0.5,0.56,0.0,0.0,0.1,19.05,0.0
4,臺北台新戰神,4|5|10867|10870,張兆辰/黃聰翰/威力斯/洛夫頓,1,16,22.0,279.48,4.66,04:39,279.48,4.66,04:39,11.0,11.0,50.0,85.01,15.0,15.0,68.18,115.93,10.0,10.0,45.45,77.29,5.0,5.0,22.73,38.64,8.0,8.0,36.36,61.83,4.0,4.0,18.18,30.91,2.0,2.0,9.09,15.46,1.0,1.0,4.55,7.73,0.0,0.0,0.0,0.0,0.0,0.0,0.0,0.0,3.0,3.0,13.64,23.19,2.0,2.0,9.09,15.46,2.0,2.0,9.09,15.46,2.0,2.0,9.09,15.46,0.0,0.0,0.0,0.0,0.0,0.0,0.0,0.0,0.0,0.0,0.0,0.0,0.0,0.0,0.0,0.0,2.0,2.0,9.09,15.46,4.0,4.0,18.18,30.91,50.0,68.18,-18.18,113.35,-4.0,-4.0,-18.18,4.66,4.66,0.55,0.55,0.5,0.5,,0.0,0.0,0.6,0.5,0.56,0.0,0.0,0.09,18.18,0.0
4,臺北台新戰神,1|2|10865|10867,丁聖儒/江均/謝銘駿/威力斯,1,16,17.0,270.09,4.5,04:30,270.09,4.5,04:30,9.0,9.0,52.94,71.97,10.0,10.0,58.82,79.97,5.0,5.0,29.41,39.99,3.0,3.0,17.65,23.99,1.0,1.0,5.88,8.0,1.0,1.0,5.88,8.0,4.0,4.0,23.53,31.99,2.0,2.0,11.76,15.99,2.0,2.0,11.76,15.99,1.0,1.0,5.88,8.0,0.0,0.0,0.0,0.0,2.0,2.0,11.76,15.99,1.0,1.0,5.88,8.0,3.0,3.0,17.65,23.99,2.0,2.0,11.76,15.99,3.0,3.0,17.65,23.99,2.0,2.0,11.76,15.99,0.0,0.0,0.0,0.0,1.0,1.0,5.88,8.0,2.0,2.0,11.76,15.99,52.94,58.82,-5.88,90.64,-1.0,-1.0,-5.88,4.5,4.5,0.8,0.77,1.0,0.5,0.5,0.25,1.0,0.0,0.67,0.33,11.76,0.0,0.06,11.76,0.4
4,臺北台新戰神,1|2|10865|10868,丁聖儒/江均/謝銘駿/齊曼加,1,16,17.0,270.09,4.5,04:30,270.09,4.5,04:30,9.0,9.0,52.94,71.97,10.0,10.0,58.82,79.97,5.0,5.0,29.41,39.99,3.0,3.0,17.65,23.99,1.0,1.0,5.88,8.0,1.0,1.0,5.88,8.0,4.0,4.0,23.53,31.99,2.0,2.0,11.76,15.99,2.0,2.0,11.76,15.99,1.0,1.0,5.88,8.0,0.0,0.0,0.0,0.0,2.0,2.0,11.76,15.99,1.0,1.0,5.88,8.0,3.0,3.0,17.65,23.99,2.0,2.0,11.76,15.99,3.0,3.0,17.65,23.99,2.0,2.0,11.76,15.99,0.0,0.0,0.0,0.0,1.0,1.0,5.88,8.0,2.0,2.0,11.76,15.99,52.94,58.82,-5.88,90.64,-1.0,-1.0,-5.88,4.5,4.5,0.8,0.77,1.0,0.5,0.5,0.25,1.0,0.0,0.67,0.33,11.76,0.0,0.06,11.76,0.4
4,臺北台新戰神,1|2|10867|10868,丁聖儒/江均/威力斯/齊曼加,1,24,28.0,390.49,6.51,06:30,390.49,6.51,06:30,13.0,13.0,46.43,71.91,19.0,19.0,67.86,105.1,9.0,9.0,32.14,49.78,5.0,5.0,17.86,27.66,5.0,5.0,17.86,27.66,3.0,3.0,10.71,16.59,4.0,4.0,14.29,22.13,2.0,2.0,7.14,11.06,2.0,2.0,7.14,11.06,1.0,1.0,3.57,5.53,2.0,2.0,7.14,11.06,2.0,2.0,7.14,11.06,1.0,1.0,3.57,5.53,4.0,4.0,14.29,22.13,4.0,4.0,14.29,22.13,3.0,3.0,10.71,16.59,4.0,4.0,14.29,22.13,0.0,0.0,0.0,0.0,1.0,1.0,3.57,5.53,4.0,4.0,14.29,22.13,46.43,67.86,-21.43,103.25,-6.0,-6.0,-21.43,6.51,6.51,0.67,0.66,0.6,0.5,0.5,0.29,0.6,0.33,0.67,0.44,14.29,0.0,0.04,14.29,0.22
4,臺北台新戰神,1|10865|10867|10868,丁聖儒/謝銘駿/威力斯/齊曼加,3,45,56.0,755.55,12.59,12:36,251.85,4.2,04:12,26.0,8.67,46.43,74.33,28.0,9.33,50.0,80.05,19.0,6.33,33.93,54.32,9.0,3.0,16.07,25.73,10.0,3.33,17.86,28.59,5.0,1.67,8.93,14.29,9.0,3.0,16.07,25.73,4.0,1.33,7.14,11.44,6.0,2.0,10.71,17.15,4.0,1.33,7.14,11.44,3.0,1.0,5.36,8.58,8.0,2.67,14.29,22.87,5.0,1.67,8.93,14.29,7.0,2.33,12.5,20.01,3.0,1.0,5.36,8.58,7.0,2.33,12.5,20.01,3.0,1.0,5.36,8.58,0.0,0.0,0.0,0.0,6.0,2.0,10.71,17.15,8.0,2.67,14.29,22.87,46.43,50.0,-3.57,106.73,-2.0,-0.67,-3.57,12.59,4.2,0.58,0.6,0.5,0.44,0.67,0.12,0.78,0.3,0.62,0.48,5.36,0.0,0.11,14.29,0.32
4,臺北台新戰神,2|10865|10867|10868,江均/謝銘駿/威力斯/齊曼加,1,16,17.0,270.09,4.5,04:30,270.09,4.5,04:30,9.0,9.0,52.94,71.97,10.0,10.0,58.82,79.97,5.0,5.0,29.41,39.99,3.0,3.0,17.65,23.99,1.0,1.0,5.88,8.0,1.0,1.0,5.88,8.0,4.0,4.0,23.53,31.99,2.0,2.0,11.76,15.99,2.0,2.0,11.76,15.99,1.0,1.0,5.88,8.0,0.0,0.0,0.0,0.0,2.0,2.0,11.76,15.99,1.0,1.0,5.88,8.0,3.0,3.0,17.65,23.99,2.0,2.0,11.76,15.99,3.0,3.0,17.65,23.99,2.0,2.0,11.76,15.99,0.0,0.0,0.0,0.0,1.0,1.0,5.88,8.0,2.0,2.0,11.76,15.99,52.94,58.82,-5.88,90.64,-1.0,-1.0,-5.88,4.5,4.5,0.8,0.77,1.0,0.5,0.5,0.25,1.0,0.0,0.67,0.33,11.76,0.0,0.06,11.76,0.4
4,福爾摩沙夢想家,77|89|99|101,馬建豪/蔣淯安/盧冠良/周柏臣,1,8,8.0,110.0,1.83,01:50,110.0,1.83,01:50,6.0,6.0,75.0,117.82,9.0,9.0,112.5,176.73,2.0,2.0,25.0,39.27,2.0,2.0,25.0,39.27,0.0,0.0,0.0,0.0,0.0,0.0,0.0,0.0,2.0,2.0,25.0,39.27,2.0,2.0,25.0,39.27,0.0,0.0,0.0,0.0,0.0,0.0,0.0,0.0,0.0,0.0,0.0,0.0,0.0,0.0,0.0,0.0,0.0,0.0,0.0,0.0,0.0,0.0,0.0,0.0,2.0,2.0,25.0,39.27,2.0,2.0,25.0,39.27,1.0,1.0,12.5,19.64,0.0,0.0,0.0,0.0,1.0,1.0,12.5,19.64,1.0,1.0,12.5,19.64,75.0,112.5,-37.5,104.73,-3.0,-3.0,-37.5,1.83,1.83,1.5,1.5,,1.0,,0.5,1.0,,,,12.5,0.0,0.12,12.5,0.0
4,福爾摩沙夢想家,77|99|101|107,馬建豪/盧冠良/周柏臣/霍爾曼,1,8,8.0,110.0,1.83,01:50,110.0,1.83,01:50,6.0,6.0,75.0,117.82,9.0,9.0,112.5,176.73,2.0,2.0,25.0,39.27,2.0,2.0,25.0,39.27,0.0,0.0,0.0,0.0,0.0,0.0,0.0,0.0,2.0,2.0,25.0,39.27,2.0,2.0,25.0,39.27,0.0,0.0,0.0,0.0,0.0,0.0,0.0,0.0,0.0,0.0,0.0,0.0,0.0,0.0,0.0,0.0,0.0,0.0,0.0,0.0,0.0,0.0,0.0,0.0,2.0,2.0,25.0,39.27,2.0,2.0,25.0,39.27,1.0,1.0,12.5,19.64,0.0,0.0,0.0,0.0,1.0,1.0,12.5,19.64,1.0,1.0,12.5,19.64,75.0,112.5,-37.5,104.73,-3.0,-3.0,-37.5,1.83,1.83,1.5,1.5,,1.0,,0.5,1.0,,,,12.5,0.0,0.12,12.5,0.0
4,臺北台新戰神,1|4|5|10867,丁聖儒/張兆辰/黃聰翰/威力斯,1,1,1.0,5.0,0.08,00:05,5.0,0.08,00:05,0.0,0.0,0.0,0.0,0.0,0.0,0.0,0.0,0.0,0.0,0.0,0.0,0.0,0.0,0.0,0.0,0.0,0.0,0.0,0.0,0.0,0.0,0.0,0.0,0.0,0.0,0.0,0.0,0.0,0.0,0.0,0.0,0.0,0.0,0.0,0.0,0.0,0.0,0.0,0.0,0.0,0.0,0.0,0.0,0.0,0.0,0.0,0.0,0.0,0.0,0.0,0.0,0.0,0.0,0.0,0.0,0.0,0.0,0.0,0.0,0.0,0.0,0.0,0.0,0.0,0.0,0.0,0.0,0.0,0.0,0.0,0.0,0.0,0.0,0.0,0.0,0.0,0.0,0.0,0.0,0.0,0.0,0.0,288.0,0.0,0.0,0.0,0.08,0.08,,,,,,,,,,,0.0,0.0,0.0,0.0,
4,臺北台新戰神,1|4|5|10870,丁聖儒/張兆辰/黃聰翰/洛夫頓,1,1,1.0,5.0,0.08,00:05,5.0,0.08,00:05,0.0,0.0,0.0,0.0,0.0,0.0,0.0,0.0,0.0,0.0,0.0,0.0,0.0,0.0,0.0,0.0,0.0,0.0,0.0,0.0,0.0,0.0,0.0,0.0,0.0,0.0,0.0,0.0,0.0,0.0,0.0,0.0,0.0,0.0,0.0,0.0,0.0,0.0,0.0,0.0,0.0,0.0,0.0,0.0,0.0,0.0,0.0,0.0,0.0,0.0,0.0,0.0,0.0,0.0,0.0,0.0,0.0,0.0,0.0,0.0,0.0,0.0,0.0,0.0,0.0,0.0,0.0,0.0,0.0,0.0,0.0,0.0,0.0,0.0,0.0,0.0,0.0,0.0,0.0,0.0,0.0,0.0,0.0,288.0,0.0,0.0,0.0,0.08,0.08,,,,,,,,,,,0.0,0.0,0.0,0.0,
4,臺北台新戰神,1|4|10867|10870,丁聖儒/張兆辰/威力斯/洛夫頓,1,8,8.0,110.0,1.83,01:50,110.0,1.83,01:50,9.0,9.0,112.5,176.73,6.0,6.0,75.0,117.82,4.0,4.0,50.0,78.55,4.0,4.0,50.0,78.55,4.0,4.0,50.0,78.55,4.0,4.0,50.0,78.55,0.0,0.0,0.0,0.0,0.0,0.0,0.0,0.0,1.0,1.0,12.5,19.64,1.0,1.0,12.5,19.64,0.0,0.0,0.0,0.0,0.0,0.0,0.0,0.0,0.0,0.0,0.0,0.0,0.0,0.0,0.0,0.0,0.0,0.0,0.0,0.0,1.0,1.0,12.5,19.64,0.0,0.0,0.0,0.0,0.0,0.0,0.0,0.0,1.0,1.0,12.5,19.64,0.0,0.0,0.0,0.0,112.5,75.0,37.5,104.73,3.0,3.0,37.5,1.83,1.83,1.0,1.01,1.0,,1.0,0.0,0.25,,,,0.0,0.0,0.12,0.0,0.25
4,臺北台新戰神,1|5|10867|10870,丁聖儒/黃聰翰/威力斯/洛夫頓,1,1,1.0,5.0,0.08,00:05,5.0,0.08,00:05,0.0,0.0,0.0,0.0,0.0,0.0,0.0,0.0,0.0,0.0,0.0,0.0,0.0,0.0,0.0,0.0,0.0,0.0,0.0,0.0,0.0,0.0,0.0,0.0,0.0,0.0,0.0,0.0,0.0,0.0,0.0,0.0,0.0,0.0,0.0,0.0,0.0,0.0,0.0,0.0,0.0,0.0,0.0,0.0,0.0,0.0,0.0,0.0,0.0,0.0,0.0,0.0,0.0,0.0,0.0,0.0,0.0,0.0,0.0,0.0,0.0,0.0,0.0,0.0,0.0,0.0,0.0,0.0,0.0,0.0,0.0,0.0,0.0,0.0,0.0,0.0,0.0,0.0,0.0,0.0,0.0,0.0,0.0,288.0,0.0,0.0,0.0,0.08,0.08,,,,,,,,,,,0.0,0.0,0.0,0.0,
4,臺北台新戰神,1|4|10865|10867,丁聖儒/張兆辰/謝銘駿/威力斯,2,12,16.0,199.08,3.32,03:19,99.54,1.66,01:40,10.0,5.0,62.5,108.5,10.0,5.0,62.5,108.5,9.0,4.5,56.25,97.65,4.0,2.0,25.0,43.4,9.0,4.5,56.25,97.65,4.0,2.0,25.0,43.4,0.0,0.0,0.0,0.0,0.0,0.0,0.0,0.0,4.0,2.0,25.0,43.4,2.0,1.0,12.5,21.7,4.0,2.0,25.0,43.4,2.0,1.0,12.5,21.7,0.0,0.0,0.0,0.0,0.0,0.0,0.0,0.0,0.0,0.0,0.0,0.0,1.0,0.5,6.25,10.85,0.0,0.0,0.0,0.0,0.0,0.0,0.0,0.0,2.0,1.0,12.5,21.7,0.0,0.0,0.0,0.0,62.5,62.5,0.0,115.73,0.0,0.0,0.0,3.32,1.66,0.44,0.46,0.44,,0.5,0.0,0.25,1.0,1.0,1.0,0.0,0.0,0.12,0.0,0.44
4,臺北台新戰神,1|4|10865|10870,丁聖儒/張兆辰/謝銘駿/洛夫頓,1,7,7.0,105.0,1.75,01:45,105.0,1.75,01:45,9.0,9.0,128.57,185.14,6.0,6.0,85.71,123.43,4.0,4.0,57.14,82.29,4.0,4.0,57.14,82.29,4.0,4.0,57.14,82.29,4.0,4.0,57.14,82.29,0.0,0.0,0.0,0.0,0.0,0.0,0.0,0.0,1.0,1.0,14.29,20.57,1.0,1.0,14.29,20.57,0.0,0.0,0.0,0.0,0.0,0.0,0.0,0.0,0.0,0.0,0.0,0.0,0.0,0.0,0.0,0.0,0.0,0.0,0.0,0.0,1.0,1.0,14.29,20.57,0.0,0.0,0.0,0.0,0.0,0.0,0.0,0.0,1.0,1.0,14.29,20.57,0.0,0.0,0.0,0.0,128.57,85.71,42.86,96.0,3.0,3.0,42.86,1.75,1.75,1.0,1.01,1.0,,1.0,0.0,0.25,,,,0.0,0.0,0.14,0.0,0.25
4,臺北台新戰神,1|10865|10867|10870,丁聖儒/謝銘駿/威力斯/洛夫頓,3,14,17.0,900.61,15.01,15:01,300.2,5.0,05:00,13.0,4.33,76.47,31.18,8.0,2.67,47.06,19.19,6.0,2.0,35.29,14.39,5.0,1.67,29.41,11.99,5.0,1.67,29.41,11.99,4.0,1.33,23.53,9.59,1.0,0.33,5.88,2.4,1.0,0.33,5.88,2.4,3.0,1.0,17.65,7.2,2.0,0.67,11.76,4.8,1.0,0.33,5.88,2.4,0.0,0.0,0.0,0.0,0.0,0.0,0.0,0.0,1.0,0.33,5.88,2.4,2.0,0.67,11.76,4.8,2.0,0.67,11.76,4.8,0.0,0.0,0.0,0.0,1.0,0.33,5.88,2.4,2.0,0.67,11.76,4.8,2.0,0.67,11.76,4.8,76.47,47.06,29.41,27.18,5.0,1.67,29.41,15.01,5.0,0.92,0.89,0.8,1.0,0.67,0.21,0.4,0.5,,0.5,0.0,5.88,0.12,11.76,0.5
4,臺北台新戰神,1|4|14|10868,丁聖儒/張兆辰/錢肯尼/齊曼加,1,15,19.0,212.05,3.53,03:32,212.05,3.53,03:32,9.0,9.0,47.37,91.68,15.0,15.0,78.95,152.79,6.0,6.0,31.58,61.12,4.0,4.0,21.05,40.75,3.0,3.0,15.79,30.56,3.0,3.0,15.79,30.56,3.0,3.0,15.79,30.56,1.0,1.0,5.26,10.19,0.0,0.0,0.0,0.0,0.0,0.0,0.0,0.0,1.0,1.0,5.26,10.19,1.0,1.0,5.26,10.19,1.0,1.0,5.26,10.19,1.0,1.0,5.26,10.19,3.0,3.0,15.79,30.56,2.0,2.0,10.53,20.37,3.0,3.0,15.79,30.56,0.0,0.0,0.0,0.0,1.0,1.0,5.26,10.19,3.0,3.0,15.79,30.56,47.37,78.95,-31.58,129.03,-6.0,-6.0,-31.58,3.53,3.53,0.75,0.75,1.0,0.33,,0.33,0.5,0.5,0.5,0.5,15.79,0.0,0.05,15.79,0.0
4,臺北台新戰神,1|4|14|10870,丁聖儒/張兆辰/錢肯尼/洛夫頓,1,15,19.0,212.05,3.53,03:32,212.05,3.53,03:32,9.0,9.0,47.37,91.68,15.0,15.0,78.95,152.79,6.0,6.0,31.58,61.12,4.0,4.0,21.05,40.75,3.0,3.0,15.79,30.56,3.0,3.0,15.79,30.56,3.0,3.0,15.79,30.56,1.0,1.0,5.26,10.19,0.0,0.0,0.0,0.0,0.0,0.0,0.0,0.0,1.0,1.0,5.26,10.19,1.0,1.0,5.26,10.19,1.0,1.0,5.26,10.19,1.0,1.0,5.26,10.19,3.0,3.0,15.79,30.56,2.0,2.0,10.53,20.37,3.0,3.0,15.79,30.56,0.0,0.0,0.0,0.0,1.0,1.0,5.26,10.19,3.0,3.0,15.79,30.56,47.37,78.95,-31.58,129.03,-6.0,-6.0,-31.58,3.53,3.53,0.75,0.75,1.0,0.33,,0.33,0.5,0.5,0.5,0.5,15.79,0.0,0.05,15.79,0.0
4,福爾摩沙夢想家,73|77|89|95,陳振傑/馬建豪/蔣淯安/李德威,1,6,6.0,74.24,1.24,01:14,74.24,1.24,01:14,0.0,0.0,0.0,0.0,5.0,5.0,83.33,145.48,2.0,2.0,33.33,58.19,0.0,0.0,0.0,0.0,2.0,2.0,33.33,58.19,0.0,0.0,0.0,0.0,0.0,0.0,0.0,0.0,0.0,0.0,0.0,0.0,2.0,2.0,33.33,58.19,0.0,0.0,0.0,0.0,0.0,0.0,0.0,0.0,3.0,3.0,50.0,87.29,0.0,0.0,0.0,0.0,0.0,0.0,0.0,0.0,0.0,0.0,0.0,0.0,0.0,0.0,0.0,0.0,0.0,0.0,0.0,0.0,0.0,0.0,0.0,0.0,0.0,0.0,0.0,0.0,1.0,1.0,16.67,29.1,0.0,83.33,-83.33,116.38,-5.0,-5.0,-83.33,1.24,1.24,0.0,0.0,0.0,,0.0,0.0,,,1.0,1.0,0.0,0.0,0.0,16.67,1.0
4,福爾摩沙夢想家,73|77|95|10889,陳振傑/馬建豪/李德威/恩尼斯,1,6,6.0,74.24,1.24,01:14,74.24,1.24,01:14,0.0,0.0,0.0,0.0,5.0,5.0,83.33,145.48,2.0,2.0,33.33,58.19,0.0,0.0,0.0,0.0,2.0,2.0,33.33,58.19,0.0,0.0,0.0,0.0,0.0,0.0,0.0,0.0,0.0,0.0,0.0,0.0,2.0,2.0,33.33,58.19,0.0,0.0,0.0,0.0,0.0,0.0,0.0,0.0,3.0,3.0,50.0,87.29,0.0,0.0,0.0,0.0,0.0,0.0,0.0,0.0,0.0,0.0,0.0,0.0,0.0,0.0,0.0,0.0,0.0,0.0,0.0,0.0,0.0,0.0,0.0,0.0,0.0,0.0,0.0,0.0,1.0,1.0,16.67,29.1,0.0,83.33,-83.33,116.38,-5.0,-5.0,-83.33,1.24,1.24,0.0,0.0,0.0,,0.0,0.0,,,1.0,1.0,0.0,0.0,0.0,16.67,1.0
4,福爾摩沙夢想家,73|89|95|10889,陳振傑/蔣淯安/李德威/恩尼斯,1,6,6.0,74.24,1.24,01:14,74.24,1.24,01:14,0.0,0.0,0.0,0.0,5.0,5.0,83.33,145.48,2.0,2.0,33.33,58.19,0.0,0.0,0.0,0.0,2.0,2.0,33.33,58.19,0.0,0.0,0.0,0.0,0.0,0.0,0.0,0.0,0.0,0.0,0.0,0.0,2.0,2.0,33.33,58.19,0.0,0.0,0.0,0.0,0.0,0.0,0.0,0.0,3.0,3.0,50.0,87.29,0.0,0.0,0.0,0.0,0.0,0.0,0.0,0.0,0.0,0.0,0.0,0.0,0.0,0.0,0.0,0.0,0.0,0.0,0.0,0.0,0.0,0.0,0.0,0.0,0.0,0.0,0.0,0.0,1.0,1.0,16.67,29.1,0.0,83.33,-83.33,116.38,-5.0,-5.0,-83.33,1.24,1.24,0.0,0.0,0.0,,0.0,0.0,,,1.0,1.0,0.0,0.0,0.0,16.67,1.0
4,臺北台新戰神,13|14|10865|10867,陳冠全/錢肯尼/謝銘駿/威力斯,1,2,2.0,2.48,0.04,00:02,2.48,0.04,00:02,1.0,1.0,50.0,871.67,0.0,0.0,0.0,0.0,0.0,0.0,0.0,0.0,0.0,0.0,0.0,0.0,0.0,0.0,0.0,0.0,0.0,0.0,0.0,0.0,0.0,0.0,0.0,0.0,0.0,0.0,0.0,0.0,2.0,2.0,100.0,1743.34,1.0,1.0,50.0,871.67,0.0,0.0,0.0,0.0,1.0,1.0,50.0,871.67,0.0,0.0,0.0,0.0,0.0,0.0,0.0,0.0,0.0,0.0,0.0,0.0,0.0,0.0,0.0,0.0,0.0,0.0,0.0,0.0,0.0,0.0,0.0,0.0,0.0,0.0,0.0,0.0,0.0,0.0,0.0,0.0,50.0,0.0,50.0,1162.23,1.0,1.0,50.0,0.04,0.04,,0.57,,,0.5,0.0,,,1.0,1.0,0.0,0.0,0.0,0.0,
4,臺北台新戰神,13|10865|10867|10870,陳冠全/謝銘駿/威力斯/洛夫頓,1,2,2.0,2.48,0.04,00:02,2.48,0.04,00:02,1.0,1.0,50.0,871.67,0.0,0.0,0.0,0.0,0.0,0.0,0.0,0.0,0.0,0.0,0.0,0.0,0.0,0.0,0.0,0.0,0.0,0.0,0.0,0.0,0.0,0.0,0.0,0.0,0.0,0.0,0.0,0.0,2.0,2.0,100.0,1743.34,1.0,1.0,50.0,871.67,0.0,0.0,0.0,0.0,1.0,1.0,50.0,871.67,0.0,0.0,0.0,0.0,0.0,0.0,0.0,0.0,0.0,0.0,0.0,0.0,0.0,0.0,0.0,0.0,0.0,0.0,0.0,0.0,0.0,0.0,0.0,0.0,0.0,0.0,0.0,0.0,0.0,0.0,0.0,0.0,50.0,0.0,50.0,1162.23,1.0,1.0,50.0,0.04,0.04,,0.57,,,0.5,0.0,,,1.0,1.0,0.0,0.0,0.0,0.0,
4,臺北台新戰神,1|14|10865|10867,丁聖儒/錢肯尼/謝銘駿/威力斯,6,73,90.0,1935.07,32.25,32:15,322.51,5.38,05:23,44.0,7.33,48.89,49.11,28.0,4.67,31.11,31.25,22.0,3.67,24.44,24.56,13.0,2.17,14.44,14.51,13.0,2.17,14.44,14.51,9.0,1.5,10.0,10.05,9.0,1.5,10.0,10.05,4.0,0.67,4.44,4.46,18.0,3.0,20.0,20.09,14.0,2.33,15.56,15.63,3.0,0.5,3.33,3.35,8.0,1.33,8.89,8.93,6.0,1.0,6.67,6.7,13.0,2.17,14.44,14.51,10.0,1.67,11.11,11.16,10.0,1.67,11.11,11.16,5.0,0.83,5.56,5.58,1.0,0.17,1.11,1.12,11.0,1.83,12.22,12.28,15.0,2.5,16.67,16.74,48.89,31.11,17.78,66.97,16.0,2.67,17.78,32.25,5.38,0.68,0.74,0.69,0.44,0.78,0.25,0.77,0.19,0.57,0.37,5.56,1.11,0.12,16.67,0.82
4,臺北台新戰神,1|14|10865|10870,丁聖儒/錢肯尼/謝銘駿/洛夫頓,3,7,10.0,795.61,13.26,13:16,265.2,4.42,04:25,4.0,1.33,40.0,10.86,2.0,0.67,20.0,5.43,2.0,0.67,20.0,5.43,1.0,0.33,10.0,2.71,1.0,0.33,10.0,2.71,0.0,0.0,0.0,0.0,1.0,0.33,10.0,2.71,1.0,0.33,10.0,2.71,2.0,0.67,20.0,5.43,1.0,0.33,10.0,2.71,1.0,0.33,10.0,2.71,0.0,0.0,0.0,0.0,0.0,0.0,0.0,0.0,1.0,0.33,10.0,2.71,2.0,0.67,20.0,5.43,1.0,0.33,10.0,2.71,0.0,0.0,0.0,0.0,1.0,0.33,10.0,2.71,1.0,0.33,10.0,2.71,2.0,0.67,20.0,5.43,40.0,20.0,20.0,18.1,2.0,0.67,20.0,13.26,4.42,0.75,0.69,0.0,1.0,0.5,0.41,1.0,0.5,,0.5,0.0,10.0,0.1,20.0,1.0
4,臺北台新戰神,1|14|10867|10870,丁聖儒/錢肯尼/威力斯/洛夫頓,3,30,39.0,1227.14,20.45,20:27,409.05,6.82,06:49,23.0,7.67,58.97,40.48,19.0,6.33,48.72,33.44,19.0,6.33,48.72,33.44,10.0,3.33,25.64,17.6,12.0,4.0,30.77,21.12,8.0,2.67,20.51,14.08,7.0,2.33,17.95,12.32,2.0,0.67,5.13,3.52,2.0,0.67,5.13,3.52,1.0,0.33,2.56,1.76,6.0,2.0,15.38,10.56,3.0,1.0,7.69,5.28,0.0,0.0,0.0,0.0,3.0,1.0,7.69,5.28,2.0,0.67,5.13,3.52,3.0,1.0,7.69,5.28,0.0,0.0,0.0,0.0,1.0,0.33,2.56,1.76,2.0,0.67,5.13,3.52,6.0,2.0,15.38,10.56,58.97,48.72,10.26,45.77,4.0,1.33,10.26,20.45,6.82,0.58,0.58,0.67,0.29,0.5,0.09,0.3,0.67,1.0,0.75,0.0,2.56,0.05,15.38,0.11
4,福爾摩沙夢想家,73|89|103|10889,陳振傑/蔣淯安/忻沃克/恩尼斯,1,26,34.0,316.65,5.28,05:17,316.65,5.28,05:17,18.0,18.0,52.94,122.79,6.0,6.0,17.65,40.93,11.0,11.0,32.35,75.04,5.0,5.0,14.71,34.11,6.0,6.0,17.65,40.93,4.0,4.0,11.76,27.29,5.0,5.0,14.71,34.11,1.0,1.0,2.94,6.82,9.0,9.0,26.47,61.39,7.0,7.0,20.59,47.75,3.0,3.0,8.82,20.46,5.0,5.0,14.71,34.11,2.0,2.0,5.88,13.64,7.0,7.0,20.59,47.75,2.0,2.0,5.88,13.64,5.0,5.0,14.71,34.11,2.0,2.0,5.88,13.64,0.0,0.0,0.0,0.0,5.0,5.0,14.71,34.11,6.0,6.0,17.65,40.93,52.94,17.65,35.29,154.62,12.0,12.0,35.29,5.28,5.28,0.5,0.6,0.67,0.2,0.78,0.12,1.0,0.3,0.71,0.47,5.88,0.0,0.15,17.65,0.82
4,福爾摩沙夢想家,73|89|103|10890,陳振傑/蔣淯安/忻沃克/湯普金斯,2,16,23.0,226.1,3.77,03:46,113.05,1.88,01:53,6.0,3.0,26.09,57.32,6.0,3.0,26.09,57.32,9.0,4.5,39.13,85.98,2.0,1.0,8.7,19.11,4.0,2.0,17.39,38.21,2.0,1.0,8.7,19.11,5.0,2.5,21.74,47.77,0.0,0.0,0.0,0.0,3.0,1.5,13.04,28.66,2.0,1.0,8.7,19.11,3.0,1.5,13.04,28.66,4.0,2.0,17.39,38.21,0.0,0.0,0.0,0.0,4.0,2.0,17.39,38.21,2.0,1.0,8.7,19.11,2.0,1.0,8.7,19.11,2.0,1.0,8.7,19.11,2.0,1.0,8.7,19.11,3.0,1.5,13.04,28.66,2.0,1.0,8.7,19.11,26.09,26.09,0.0,146.48,0.0,0.0,0.0,3.77,1.88,0.22,0.29,0.5,0.0,0.67,0.16,1.0,0.43,1.0,0.64,8.7,8.7,0.13,8.7,0.33
4,福爾摩沙夢想家,73|103|10889|10890,陳振傑/忻沃克/恩尼斯/湯普金斯,1,10,14.0,109.1,1.82,01:49,109.1,1.82,01:49,6.0,6.0,42.86,118.79,1.0,1.0,7.14,19.8,4.0,4.0,28.57,79.19,2.0,2.0,14.29,39.6,2.0,2.0,14.29,39.6,2.0,2.0,14.29,39.6,2.0,2.0,14.29,39.6,0.0,0.0,0.0,0.0,3.0,3.0,21.43,59.4,2.0,2.0,14.29,39.6,1.0,1.0,7.14,19.8,2.0,2.0,14.29,39.6,0.0,0.0,0.0,0.0,4.0,4.0,28.57,79.19,2.0,2.0,14.29,39.6,2.0,2.0,14.29,39.6,2.0,2.0,14.29,39.6,0.0,0.0,0.0,0.0,2.0,2.0,14.29,39.6,2.0,2.0,14.29,39.6,42.86,7.14,35.71,184.78,5.0,5.0,35.71,1.82,1.82,0.5,0.56,1.0,0.0,0.67,0.27,1.0,0.2,1.0,0.43,14.29,0.0,0.14,14.29,0.75
4,臺北台新戰神,2|14|10865|10867,江均/錢肯尼/謝銘駿/威力斯,1,10,13.0,96.91,1.62,01:37,96.91,1.62,01:37,0.0,0.0,0.0,0.0,6.0,6.0,46.15,133.73,3.0,3.0,23.08,66.86,0.0,0.0,0.0,0.0,3.0,3.0,23.08,66.86,0.0,0.0,0.0,0.0,0.0,0.0,0.0,0.0,0.0,0.0,0.0,0.0,2.0,2.0,15.38,44.58,0.0,0.0,0.0,0.0,0.0,0.0,0.0,0.0,4.0,4.0,30.77,89.15,1.0,1.0,7.69,22.29,1.0,1.0,7.69,22.29,2.0,2.0,15.38,44.58,0.0,0.0,0.0,0.0,2.0,2.0,15.38,44.58,2.0,2.0,15.38,44.58,1.0,1.0,7.69,22.29,1.0,1.0,7.69,22.29,0.0,46.15,-46.15,193.16,-6.0,-6.0,-46.15,1.62,1.62,0.0,0.0,0.0,,0.0,0.34,,0.0,0.8,0.67,15.38,15.38,0.08,7.69,0.67
4,臺北台新戰神,2|14|10865|10870,江均/錢肯尼/謝銘駿/洛夫頓,1,10,13.0,96.91,1.62,01:37,96.91,1.62,01:37,0.0,0.0,0.0,0.0,6.0,6.0,46.15,133.73,3.0,3.0,23.08,66.86,0.0,0.0,0.0,0.0,3.0,3.0,23.08,66.86,0.0,0.0,0.0,0.0,0.0,0.0,0.0,0.0,0.0,0.0,0.0,0.0,2.0,2.0,15.38,44.58,0.0,0.0,0.0,0.0,0.0,0.0,0.0,0.0,4.0,4.0,30.77,89.15,1.0,1.0,7.69,22.29,1.0,1.0,7.69,22.29,2.0,2.0,15.38,44.58,0.0,0.0,0.0,0.0,2.0,2.0,15.38,44.58,2.0,2.0,15.38,44.58,1.0,1.0,7.69,22.29,1.0,1.0,7.69,22.29,0.0,46.15,-46.15,193.16,-6.0,-6.0,-46.15,1.62,1.62,0.0,0.0,0.0,,0.0,0.34,,0.0,0.8,0.67,15.38,15.38,0.08,7.69,0.67
4,福爾摩沙夢想家,73|89|103|107,陳振傑/蔣淯安/忻沃克/霍爾曼,3,28,35.0,412.9,6.88,06:53,137.63,2.29,02:18,17.0,5.67,48.57,88.93,17.0,5.67,48.57,88.93,15.0,5.0,42.86,78.47,5.0,1.67,14.29,26.16,7.0,2.33,20.0,36.62,3.0,1.0,8.57,15.69,8.0,2.67,22.86,41.85,2.0,0.67,5.71,10.46,6.0,2.0,17.14,31.39,5.0,1.67,14.29,26.16,4.0,1.33,11.43,20.93,6.0,2.0,17.14,31.39,2.0,0.67,5.71,10.46,3.0,1.0,8.57,15.69,0.0,0.0,0.0,0.0,4.0,1.33,11.43,20.93,0.0,0.0,0.0,0.0,2.0,0.67,5.71,10.46,4.0,1.33,11.43,20.93,8.0,2.67,22.86,41.85,48.57,48.57,0.0,122.06,0.0,0.0,0.0,6.88,2.29,0.4,0.48,0.43,0.25,0.83,0.0,0.8,0.57,0.75,0.67,0.0,5.71,0.11,22.86,0.4
4,臺北台新戰神,1|2|14|10868,丁聖儒/江均/錢肯尼/齊曼加,1,12,15.0,159.55,2.66,02:40,159.55,2.66,02:40,5.0,5.0,33.33,67.69,11.0,11.0,73.33,148.92,5.0,5.0,33.33,67.69,2.0,2.0,13.33,27.08,5.0,5.0,33.33,67.69,2.0,2.0,13.33,27.08,0.0,0.0,0.0,0.0,0.0,0.0,0.0,0.0,2.0,2.0,13.33,27.08,1.0,1.0,6.67,13.54,2.0,2.0,13.33,27.08,1.0,1.0,6.67,13.54,1.0,1.0,6.67,13.54,2.0,2.0,13.33,27.08,2.0,2.0,13.33,27.08,0.0,0.0,0.0,0.0,2.0,2.0,13.33,27.08,0.0,0.0,0.0,0.0,1.0,1.0,6.67,13.54,6.0,6.0,40.0,81.23,33.33,73.33,-40.0,135.38,-6.0,-6.0,-40.0,2.66,2.66,0.4,0.43,0.4,,0.5,0.25,0.0,0.5,0.5,0.5,13.33,0.0,0.07,40.0,0.4
4,臺北台新戰神,1|2|14|10870,丁聖儒/江均/錢肯尼/洛夫頓,1,4,4.0,39.15,0.65,00:39,39.15,0.65,00:39,1.0,1.0,25.0,55.17,2.0,2.0,50.0,110.33,1.0,1.0,25.0,55.17,0.0,0.0,0.0,0.0,1.0,1.0,25.0,55.17,0.0,0.0,0.0,0.0,0.0,0.0,0.0,0.0,0.0,0.0,0.0,0.0,2.0,2.0,50.0,110.33,1.0,1.0,25.0,55.17,0.0,0.0,0.0,0.0,1.0,1.0,25.0,55.17,1.0,1.0,25.0,55.17,1.0,1.0,25.0,55.17,0.0,0.0,0.0,0.0,0.0,0.0,0.0,0.0,0.0,0.0,0.0,0.0,0.0,0.0,0.0,0.0,1.0,1.0,25.0,55.17,4.0,4.0,100.0,220.67,25.0,50.0,-25.0,147.11,-1.0,-1.0,-25.0,0.65,0.65,0.0,0.27,0.0,,0.5,0.0,,0.0,0.5,0.33,0.0,0.0,0.25,100.0,2.0
4,臺北台新戰神,1|2|10868|10870,丁聖儒/江均/齊曼加/洛夫頓,1,4,4.0,39.15,0.65,00:39,39.15,0.65,00:39,1.0,1.0,25.0,55.17,2.0,2.0,50.0,110.33,1.0,1.0,25.0,55.17,0.0,0.0,0.0,0.0,1.0,1.0,25.0,55.17,0.0,0.0,0.0,0.0,0.0,0.0,0.0,0.0,0.0,0.0,0.0,0.0,2.0,2.0,50.0,110.33,1.0,1.0,25.0,55.17,0.0,0.0,0.0,0.0,1.0,1.0,25.0,55.17,1.0,1.0,25.0,55.17,1.0,1.0,25.0,55.17,0.0,0.0,0.0,0.0,0.0,0.0,0.0,0.0,0.0,0.0,0.0,0.0,0.0,0.0,0.0,0.0,1.0,1.0,25.0,55.17,4.0,4.0,100.0,220.67,25.0,50.0,-25.0,147.11,-1.0,-1.0,-25.0,0.65,0.65,0.0,0.27,0.0,,0.5,0.0,,0.0,0.5,0.33,0.0,0.0,0.25,100.0,2.0
4,臺北台新戰神,2|14|10868|10870,江均/錢肯尼/齊曼加/洛夫頓,1,4,4.0,39.15,0.65,00:39,39.15,0.65,00:39,1.0,1.0,25.0,55.17,2.0,2.0,50.0,110.33,1.0,1.0,25.0,55.17,0.0,0.0,0.0,0.0,1.0,1.0,25.0,55.17,0.0,0.0,0.0,0.0,0.0,0.0,0.0,0.0,0.0,0.0,0.0,0.0,2.0,2.0,50.0,110.33,1.0,1.0,25.0,55.17,0.0,0.0,0.0,0.0,1.0,1.0,25.0,55.17,1.0,1.0,25.0,55.17,1.0,1.0,25.0,55.17,0.0,0.0,0.0,0.0,0.0,0.0,0.0,0.0,0.0,0.0,0.0,0.0,0.0,0.0,0.0,0.0,1.0,1.0,25.0,55.17,4.0,4.0,100.0,220.67,25.0,50.0,-25.0,147.11,-1.0,-1.0,-25.0,0.65,0.65,0.0,0.27,0.0,,0.5,0.0,,0.0,0.5,0.33,0.0,0.0,0.25,100.0,2.0
4,臺北台新戰神,1|2|14|10867,丁聖儒/江均/錢肯尼/威力斯,2,20,26.0,320.06,5.33,05:20,160.03,2.67,02:40,16.0,8.0,61.54,107.98,16.0,8.0,61.54,107.98,8.0,4.0,30.77,53.99,6.0,3.0,23.08,40.49,6.0,3.0,23.08,40.49,4.0,2.0,15.38,26.99,2.0,1.0,7.69,13.5,2.0,1.0,7.69,13.5,4.0,2.0,15.38,26.99,2.0,1.0,7.69,13.5,2.0,1.0,7.69,13.5,1.0,0.5,3.85,6.75,0.0,0.0,0.0,0.0,2.0,1.0,7.69,13.5,4.0,2.0,15.38,26.99,3.0,1.5,11.54,20.25,3.0,1.5,11.54,20.25,0.0,0.0,0.0,0.0,4.0,2.0,15.38,26.99,6.0,3.0,23.08,40.49,61.54,61.54,0.0,116.98,0.0,0.0,0.0,5.33,2.67,0.88,0.82,0.67,1.0,0.5,0.29,0.5,0.5,1.0,0.6,11.54,0.0,0.15,23.08,0.5
4,臺北台新戰神,1|14|10867|10868,丁聖儒/錢肯尼/威力斯/齊曼加,3,71,88.0,1292.5,21.54,21:33,430.83,7.18,07:11,43.0,14.33,48.86,71.86,36.0,12.0,40.91,60.16,32.0,10.67,36.36,53.48,17.0,5.67,19.32,28.41,25.0,8.33,28.41,41.78,12.0,4.0,13.64,20.05,7.0,2.33,7.95,11.7,5.0,1.67,5.68,8.36,6.0,2.0,6.82,10.03,4.0,1.33,4.55,6.68,8.0,2.67,9.09,13.37,8.0,2.67,9.09,13.37,3.0,1.0,3.41,5.01,12.0,4.0,13.64,20.05,12.0,4.0,13.64,20.05,7.0,2.33,7.95,11.7,7.0,2.33,7.95,11.7,0.0,0.0,0.0,0.0,11.0,3.67,12.5,18.38,4.0,1.33,4.55,6.68,48.86,40.91,7.95,98.04,7.0,2.33,7.95,21.54,7.18,0.61,0.62,0.48,0.71,0.67,0.26,0.41,0.4,0.73,0.52,7.95,0.0,0.12,4.55,0.19
4,臺北台新戰神,2|14|10867|10868,江均/錢肯尼/威力斯/齊曼加,1,8,11.0,120.4,2.01,02:00,120.4,2.01,02:00,4.0,4.0,36.36,71.76,9.0,9.0,81.82,161.47,4.0,4.0,36.36,71.76,2.0,2.0,18.18,35.88,4.0,4.0,36.36,71.76,2.0,2.0,18.18,35.88,0.0,0.0,0.0,0.0,0.0,0.0,0.0,0.0,0.0,0.0,0.0,0.0,0.0,0.0,0.0,0.0,2.0,2.0,18.18,35.88,0.0,0.0,0.0,0.0,0.0,0.0,0.0,0.0,1.0,1.0,9.09,17.94,2.0,2.0,18.18,35.88,0.0,0.0,0.0,0.0,2.0,2.0,18.18,35.88,0.0,0.0,0.0,0.0,0.0,0.0,0.0,0.0,2.0,2.0,18.18,35.88,36.36,81.82,-45.45,131.57,-5.0,-5.0,-45.45,2.01,2.01,0.5,0.5,0.5,,,0.33,0.0,0.67,,0.67,18.18,0.0,0.0,18.18,0.0
4,臺北台新戰神,1|3|14|10867,丁聖儒/陳文宏/錢肯尼/威力斯,6,53,62.0,1031.05,17.18,17:11,171.84,2.86,02:52,27.0,4.5,43.55,56.56,38.0,6.33,61.29,79.61,26.0,4.33,41.94,54.47,10.0,1.67,16.13,20.95,14.0,2.33,22.58,29.33,7.0,1.17,11.29,14.66,12.0,2.0,19.35,25.14,3.0,0.5,4.84,6.28,6.0,1.0,9.68,12.57,4.0,0.67,6.45,8.38,5.0,0.83,8.06,10.47,12.0,2.0,19.35,25.14,2.0,0.33,3.23,4.19,10.0,1.67,16.13,20.95,2.0,0.33,3.23,4.19,6.0,1.0,9.68,12.57,2.0,0.33,3.23,4.19,0.0,0.0,0.0,0.0,4.0,0.67,6.45,8.38,4.0,0.67,6.45,8.38,43.55,61.29,-17.74,86.59,-11.0,-1.83,-17.74,17.18,2.86,0.44,0.47,0.5,0.25,0.67,0.07,0.6,0.33,0.86,0.59,3.23,0.0,0.06,6.45,0.23
4,臺北台新戰神,1|3|10867|10868,丁聖儒/陳文宏/威力斯/齊曼加,2,10,12.0,199.06,3.32,03:19,99.53,1.66,01:40,7.0,3.5,58.33,75.96,5.0,2.5,41.67,54.26,3.0,1.5,25.0,32.55,2.0,1.0,16.67,21.7,1.0,0.5,8.33,10.85,1.0,0.5,8.33,10.85,2.0,1.0,16.67,21.7,1.0,0.5,8.33,10.85,2.0,1.0,16.67,21.7,2.0,1.0,16.67,21.7,1.0,0.5,8.33,10.85,0.0,0.0,0.0,0.0,1.0,0.5,8.33,10.85,1.0,0.5,8.33,10.85,2.0,1.0,16.67,21.7,2.0,1.0,16.67,21.7,1.0,0.5,8.33,10.85,0.0,0.0,0.0,0.0,1.0,0.5,8.33,10.85,0.0,0.0,0.0,0.0,58.33,41.67,16.67,86.81,2.0,1.0,16.67,3.32,1.66,0.83,0.9,1.0,0.5,1.0,0.34,1.0,0.5,0.0,0.33,8.33,0.0,0.08,0.0,0.67
4,臺北台新戰神,3|14|10867|10868,陳文宏/錢肯尼/威力斯/齊曼加,1,2,2.0,59.0,0.98,00:59,59.0,0.98,00:59,3.0,3.0,150.0,109.83,0.0,0.0,0.0,0.0,1.0,1.0,50.0,36.61,1.0,1.0,50.0,36.61,0.0,0.0,0.0,0.0,0.0,0.0,0.0,0.0,1.0,1.0,50.0,36.61,1.0,1.0,50.0,36.61,0.0,0.0,0.0,0.0,0.0,0.0,0.0,0.0,0.0,0.0,0.0,0.0,0.0,0.0,0.0,0.0,0.0,0.0,0.0,0.0,0.0,0.0,0.0,0.0,0.0,0.0,0.0,0.0,1.0,1.0,50.0,36.61,0.0,0.0,0.0,0.0,0.0,0.0,0.0,0.0,0.0,0.0,0.0,0.0,0.0,0.0,0.0,0.0,150.0,0.0,150.0,48.81,3.0,3.0,150.0,0.98,0.98,1.5,1.5,,1.0,,0.0,1.0,,,,0.0,0.0,0.0,0.0,0.0
4,臺北台新戰神,1|3|14|10870,丁聖儒/陳文宏/錢肯尼/洛夫頓,2,26,32.0,472.74,7.88,07:53,236.37,3.94,03:56,21.0,10.5,65.62,95.95,16.0,8.0,50.0,73.11,18.0,9.0,56.25,82.24,9.0,4.5,28.12,41.12,11.0,5.5,34.38,50.26,6.0,3.0,18.75,27.41,7.0,3.5,21.88,31.98,3.0,1.5,9.38,13.71,0.0,0.0,0.0,0.0,0.0,0.0,0.0,0.0,4.0,2.0,12.5,18.28,5.0,2.5,15.62,22.85,1.0,0.5,3.12,4.57,4.0,2.0,12.5,18.28,0.0,0.0,0.0,0.0,3.0,1.5,9.38,13.71,0.0,0.0,0.0,0.0,1.0,0.5,3.12,4.57,0.0,0.0,0.0,0.0,2.0,1.0,6.25,9.14,65.62,50.0,15.62,97.47,5.0,2.5,15.62,7.88,3.94,0.58,0.58,0.55,0.43,,0.0,0.33,0.5,0.83,0.64,0.0,3.12,0.0,6.25,0.0
4,臺北台新戰神,1|3|10868|10870,丁聖儒/陳文宏/齊曼加/洛夫頓,1,14,20.0,238.2,3.97,03:58,238.2,3.97,03:58,8.0,8.0,40.0,72.54,10.0,10.0,50.0,90.68,10.0,10.0,50.0,90.68,3.0,3.0,15.0,27.2,5.0,5.0,25.0,45.34,1.0,1.0,5.0,9.07,5.0,5.0,25.0,45.34,2.0,2.0,10.0,18.14,0.0,0.0,0.0,0.0,0.0,0.0,0.0,0.0,4.0,4.0,20.0,36.27,3.0,3.0,15.0,27.2,1.0,1.0,5.0,9.07,2.0,2.0,10.0,18.14,1.0,1.0,5.0,9.07,2.0,2.0,10.0,18.14,0.0,0.0,0.0,0.0,1.0,1.0,5.0,9.07,1.0,1.0,5.0,9.07,4.0,4.0,20.0,36.27,40.0,50.0,-10.0,120.91,-2.0,-2.0,-10.0,3.97,3.97,0.4,0.4,0.2,0.4,,0.09,0.67,0.67,0.75,0.7,0.0,5.0,0.05,20.0,0.0
4,臺北台新戰神,1|3|10865|10868,丁聖儒/陳文宏/謝銘駿/齊曼加,1,4,8.0,76.47,1.27,01:16,76.47,1.27,01:16,0.0,0.0,0.0,0.0,5.0,5.0,62.5,141.24,4.0,4.0,50.0,112.99,0.0,0.0,0.0,0.0,2.0,2.0,25.0,56.49,0.0,0.0,0.0,0.0,2.0,2.0,25.0,56.49,0.0,0.0,0.0,0.0,0.0,0.0,0.0,0.0,0.0,0.0,0.0,0.0,3.0,3.0,37.5,84.74,1.0,1.0,12.5,28.25,0.0,0.0,0.0,0.0,0.0,0.0,0.0,0.0,1.0,1.0,12.5,28.25,0.0,0.0,0.0,0.0,0.0,0.0,0.0,0.0,0.0,0.0,0.0,0.0,1.0,1.0,12.5,28.25,2.0,2.0,25.0,56.49,0.0,62.5,-62.5,150.65,-5.0,-5.0,-62.5,1.27,1.27,0.0,0.0,0.0,0.0,,0.2,,1.0,1.0,1.0,0.0,0.0,0.12,25.0,0.0
4,臺北台新戰神,1|3|10865|10870,丁聖儒/陳文宏/謝銘駿/洛夫頓,1,4,8.0,75.47,1.26,01:15,75.47,1.26,01:15,0.0,0.0,0.0,0.0,5.0,5.0,62.5,143.11,4.0,4.0,50.0,114.49,0.0,0.0,0.0,0.0,2.0,2.0,25.0,57.24,0.0,0.0,0.0,0.0,2.0,2.0,25.0,57.24,0.0,0.0,0.0,0.0,0.0,0.0,0.0,0.0,0.0,0.0,0.0,0.0,3.0,3.0,37.5,85.87,1.0,1.0,12.5,28.62,0.0,0.0,0.0,0.0,0.0,0.0,0.0,0.0,1.0,1.0,12.5,28.62,0.0,0.0,0.0,0.0,0.0,0.0,0.0,0.0,0.0,0.0,0.0,0.0,1.0,1.0,12.5,28.62,2.0,2.0,25.0,57.24,0.0,62.5,-62.5,152.65,-5.0,-5.0,-62.5,1.26,1.26,0.0,0.0,0.0,0.0,,0.2,,1.0,1.0,1.0,0.0,0.0,0.12,25.0,0.0
4,臺北台新戰神,1|10865|10868|10870,丁聖儒/謝銘駿/齊曼加/洛夫頓,1,4,8.0,75.47,1.26,01:15,75.47,1.26,01:15,0.0,0.0,0.0,0.0,5.0,5.0,62.5,143.11,4.0,4.0,50.0,114.49,0.0,0.0,0.0,0.0,2.0,2.0,25.0,57.24,0.0,0.0,0.0,0.0,2.0,2.0,25.0,57.24,0.0,0.0,0.0,0.0,0.0,0.0,0.0,0.0,0.0,0.0,0.0,0.0,3.0,3.0,37.5,85.87,1.0,1.0,12.5,28.62,0.0,0.0,0.0,0.0,0.0,0.0,0.0,0.0,1.0,1.0,12.5,28.62,0.0,0.0,0.0,0.0,0.0,0.0,0.0,0.0,0.0,0.0,0.0,0.0,1.0,1.0,12.5,28.62,2.0,2.0,25.0,57.24,0.0,62.5,-62.5,152.65,-5.0,-5.0,-62.5,1.26,1.26,0.0,0.0,0.0,0.0,,0.2,,1.0,1.0,1.0,0.0,0.0,0.12,25.0,0.0
4,臺北台新戰神,3|14|10865|10868,陳文宏/錢肯尼/謝銘駿/齊曼加,1,3,3.0,52.52,0.88,00:53,52.52,0.88,00:53,0.0,0.0,0.0,0.0,3.0,3.0,100.0,123.39,1.0,1.0,33.33,41.13,0.0,0.0,0.0,0.0,0.0,0.0,0.0,0.0,0.0,0.0,0.0,0.0,1.0,1.0,33.33,41.13,0.0,0.0,0.0,0.0,0.0,0.0,0.0,0.0,0.0,0.0,0.0,0.0,0.0,0.0,0.0,0.0,1.0,1.0,33.33,41.13,0.0,0.0,0.0,0.0,1.0,1.0,33.33,41.13,0.0,0.0,0.0,0.0,0.0,0.0,0.0,0.0,0.0,0.0,0.0,0.0,0.0,0.0,0.0,0.0,0.0,0.0,0.0,0.0,0.0,0.0,0.0,0.0,0.0,100.0,-100.0,82.26,-3.0,-3.0,-100.0,0.88,0.88,0.0,0.0,,0.0,,0.0,,0.0,1.0,0.5,0.0,0.0,0.0,0.0,0.0
4,臺北台新戰神,3|14|10865|10870,陳文宏/錢肯尼/謝銘駿/洛夫頓,2,9,10.0,117.51,1.96,01:58,58.76,0.98,00:59,2.0,1.0,20.0,36.76,11.0,5.5,110.0,202.19,1.0,0.5,10.0,18.38,0.0,0.0,0.0,0.0,0.0,0.0,0.0,0.0,0.0,0.0,0.0,0.0,1.0,0.5,10.0,18.38,0.0,0.0,0.0,0.0,2.0,1.0,20.0,36.76,2.0,1.0,20.0,36.76,0.0,0.0,0.0,0.0,1.0,0.5,10.0,18.38,1.0,0.5,10.0,18.38,1.0,0.5,10.0,18.38,2.0,1.0,20.0,36.76,0.0,0.0,0.0,0.0,2.0,1.0,20.0,36.76,0.0,0.0,0.0,0.0,1.0,0.5,10.0,18.38,0.0,0.0,0.0,0.0,20.0,110.0,-90.0,122.54,-9.0,-4.5,-90.0,1.96,0.98,0.0,0.53,,0.0,1.0,0.52,,0.0,0.5,0.33,20.0,0.0,0.1,0.0,2.0
4,臺北台新戰神,3|14|10865|10867,陳文宏/錢肯尼/謝銘駿/威力斯,4,15,16.0,193.19,3.22,03:13,48.3,0.8,00:48,5.0,1.25,31.25,55.9,17.0,4.25,106.25,190.07,2.0,0.5,12.5,22.36,1.0,0.25,6.25,11.18,1.0,0.25,6.25,11.18,0.0,0.0,0.0,0.0,1.0,0.25,6.25,11.18,1.0,0.25,6.25,11.18,2.0,0.5,12.5,22.36,2.0,0.5,12.5,22.36,0.0,0.0,0.0,0.0,1.0,0.25,6.25,11.18,1.0,0.25,6.25,11.18,1.0,0.25,6.25,11.18,4.0,1.0,25.0,44.72,0.0,0.0,0.0,0.0,3.0,0.75,18.75,33.54,0.0,0.0,0.0,0.0,2.0,0.5,12.5,22.36,2.0,0.5,12.5,22.36,31.25,106.25,-75.0,119.26,-12.0,-3.0,-75.0,3.22,0.8,0.75,0.87,0.0,1.0,1.0,0.58,0.0,0.0,0.5,0.33,18.75,0.0,0.12,12.5,1.0
4,臺北台新戰神,3|10865|10867|10870,陳文宏/謝銘駿/威力斯/洛夫頓,2,7,8.0,109.0,1.82,01:49,54.5,0.91,00:54,5.0,2.5,62.5,99.08,8.0,4.0,100.0,158.53,1.0,0.5,12.5,19.82,1.0,0.5,12.5,19.82,0.0,0.0,0.0,0.0,0.0,0.0,0.0,0.0,1.0,0.5,12.5,19.82,1.0,0.5,12.5,19.82,2.0,1.0,25.0,39.63,2.0,1.0,25.0,39.63,0.0,0.0,0.0,0.0,0.0,0.0,0.0,0.0,1.0,0.5,12.5,19.82,0.0,0.0,0.0,0.0,2.0,1.0,25.0,39.63,0.0,0.0,0.0,0.0,2.0,1.0,25.0,39.63,0.0,0.0,0.0,0.0,1.0,0.5,12.5,19.82,0.0,0.0,0.0,0.0,62.5,100.0,-37.5,105.69,-3.0,-1.5,-37.5,1.82,0.91,1.5,1.33,,1.0,1.0,0.52,0.0,,0.0,0.0,25.0,0.0,0.12,0.0,2.0
4,臺北台新戰神,3|4|14|10867,陳文宏/張兆辰/錢肯尼/威力斯,2,46,57.0,681.96,11.37,11:22,340.98,5.68,05:41,15.0,7.5,26.32,47.51,31.0,15.5,54.39,98.19,21.0,10.5,36.84,66.51,5.0,2.5,8.77,15.84,11.0,5.5,19.3,34.84,3.0,1.5,5.26,9.5,10.0,5.0,17.54,31.67,2.0,1.0,3.51,6.33,4.0,2.0,7.02,12.67,3.0,1.5,5.26,9.5,6.0,3.0,10.53,19.0,11.0,5.5,19.3,34.84,4.0,2.0,7.02,12.67,5.0,2.5,8.77,15.84,7.0,3.5,12.28,22.17,3.0,1.5,5.26,9.5,5.0,2.5,8.77,15.84,1.0,0.5,1.75,3.17,3.0,1.5,5.26,9.5,13.0,6.5,22.81,41.18,26.32,54.39,-28.07,120.36,-16.0,-8.0,-28.07,11.37,5.68,0.29,0.33,0.27,0.2,0.75,0.24,0.6,0.55,0.73,0.65,8.77,1.75,0.05,22.81,0.19
4,臺北台新戰神,3|4|14|10870,陳文宏/張兆辰/錢肯尼/洛夫頓,2,46,57.0,681.96,11.37,11:22,340.98,5.68,05:41,15.0,7.5,26.32,47.51,31.0,15.5,54.39,98.19,21.0,10.5,36.84,66.51,5.0,2.5,8.77,15.84,11.0,5.5,19.3,34.84,3.0,1.5,5.26,9.5,10.0,5.0,17.54,31.67,2.0,1.0,3.51,6.33,4.0,2.0,7.02,12.67,3.0,1.5,5.26,9.5,6.0,3.0,10.53,19.0,11.0,5.5,19.3,34.84,4.0,2.0,7.02,12.67,5.0,2.5,8.77,15.84,7.0,3.5,12.28,22.17,3.0,1.5,5.26,9.5,5.0,2.5,8.77,15.84,1.0,0.5,1.75,3.17,3.0,1.5,5.26,9.5,13.0,6.5,22.81,41.18,26.32,54.39,-28.07,120.36,-16.0,-8.0,-28.07,11.37,5.68,0.29,0.33,0.27,0.2,0.75,0.24,0.6,0.55,0.73,0.65,8.77,1.75,0.05,22.81,0.19
4,臺北台新戰神,3|4|10867|10870,陳文宏/張兆辰/威力斯/洛夫頓,2,48,59.0,726.96,12.12,12:07,363.48,6.06,06:03,18.0,9.0,30.51,53.48,31.0,15.5,52.54,92.11,22.0,11.0,37.29,65.37,6.0,3.0,10.17,17.83,11.0,5.5,18.64,32.68,3.0,1.5,5.08,8.91,11.0,5.5,18.64,32.68,3.0,1.5,5.08,8.91,4.0,2.0,6.78,11.89,3.0,1.5,5.08,8.91,6.0,3.0,10.17,17.83,11.0,5.5,18.64,32.68,4.0,2.0,6.78,11.89,5.0,2.5,8.47,14.86,7.0,3.5,11.86,20.8,3.0,1.5,5.08,8.91,5.0,2.5,8.47,14.86,1.0,0.5,1.69,2.97,3.0,1.5,5.08,8.91,13.0,6.5,22.03,38.63,30.51,52.54,-22.03,116.87,-13.0,-6.5,-22.03,12.12,6.06,0.34,0.38,0.27,0.27,0.75,0.23,0.5,0.55,0.73,0.65,8.47,1.69,0.05,22.03,0.18
4,臺北台新戰神,3|4|10865|10867,陳文宏/張兆辰/謝銘駿/威力斯,1,1,1.0,44.0,0.73,00:44,44.0,0.73,00:44,3.0,3.0,300.0,147.27,0.0,0.0,0.0,0.0,1.0,1.0,100.0,49.09,1.0,1.0,100.0,49.09,0.0,0.0,0.0,0.0,0.0,0.0,0.0,0.0,1.0,1.0,100.0,49.09,1.0,1.0,100.0,49.09,0.0,0.0,0.0,0.0,0.0,0.0,0.0,0.0,0.0,0.0,0.0,0.0,0.0,0.0,0.0,0.0,0.0,0.0,0.0,0.0,0.0,0.0,0.0,0.0,0.0,0.0,0.0,0.0,0.0,0.0,0.0,0.0,0.0,0.0,0.0,0.0,0.0,0.0,0.0,0.0,0.0,0.0,0.0,0.0,0.0,0.0,0.0,0.0,300.0,0.0,300.0,32.73,3.0,3.0,300.0,0.73,0.73,1.5,1.5,,1.0,,0.0,0.0,,,,0.0,0.0,0.0,0.0,0.0
4,臺北台新戰神,3|4|10865|10870,陳文宏/張兆辰/謝銘駿/洛夫頓,1,7,9.0,141.01,2.35,02:21,141.01,2.35,02:21,8.0,8.0,88.89,122.55,3.0,3.0,33.33,45.96,4.0,4.0,44.44,61.27,3.0,3.0,33.33,45.96,2.0,2.0,22.22,30.64,1.0,1.0,11.11,15.32,2.0,2.0,22.22,30.64,2.0,2.0,22.22,30.64,2.0,2.0,22.22,30.64,0.0,0.0,0.0,0.0,1.0,1.0,11.11,15.32,1.0,1.0,11.11,15.32,0.0,0.0,0.0,0.0,1.0,1.0,11.11,15.32,0.0,0.0,0.0,0.0,1.0,1.0,11.11,15.32,0.0,0.0,0.0,0.0,1.0,1.0,11.11,15.32,1.0,1.0,11.11,15.32,3.0,3.0,33.33,45.96,88.89,33.33,55.56,91.91,5.0,5.0,55.56,2.35,2.35,1.0,0.82,0.5,1.0,0.0,0.0,0.33,0.5,1.0,0.67,0.0,11.11,0.11,33.33,0.5
4,臺北台新戰神,3|4|10865|10868,陳文宏/張兆辰/謝銘駿/齊曼加,1,6,8.0,97.01,1.62,01:37,97.01,1.62,01:37,5.0,5.0,62.5,111.33,3.0,3.0,37.5,66.8,3.0,3.0,37.5,66.8,2.0,2.0,25.0,44.53,2.0,2.0,25.0,44.53,1.0,1.0,12.5,22.27,1.0,1.0,12.5,22.27,1.0,1.0,12.5,22.27,2.0,2.0,25.0,44.53,0.0,0.0,0.0,0.0,1.0,1.0,12.5,22.27,1.0,1.0,12.5,22.27,0.0,0.0,0.0,0.0,1.0,1.0,12.5,22.27,0.0,0.0,0.0,0.0,1.0,1.0,12.5,22.27,0.0,0.0,0.0,0.0,1.0,1.0,12.5,22.27,1.0,1.0,12.5,22.27,3.0,3.0,37.5,66.8,62.5,37.5,25.0,118.76,2.0,2.0,25.0,1.62,1.62,0.83,0.64,0.5,1.0,0.0,0.0,0.5,0.5,1.0,0.67,0.0,12.5,0.12,37.5,0.67
4,臺北台新戰神,3|4|10868|10870,陳文宏/張兆辰/齊曼加/洛夫頓,1,6,8.0,97.01,1.62,01:37,97.01,1.62,01:37,5.0,5.0,62.5,111.33,3.0,3.0,37.5,66.8,3.0,3.0,37.5,66.8,2.0,2.0,25.0,44.53,2.0,2.0,25.0,44.53,1.0,1.0,12.5,22.27,1.0,1.0,12.5,22.27,1.0,1.0,12.5,22.27,2.0,2.0,25.0,44.53,0.0,0.0,0.0,0.0,1.0,1.0,12.5,22.27,1.0,1.0,12.5,22.27,0.0,0.0,0.0,0.0,1.0,1.0,12.5,22.27,0.0,0.0,0.0,0.0,1.0,1.0,12.5,22.27,0.0,0.0,0.0,0.0,1.0,1.0,12.5,22.27,1.0,1.0,12.5,22.27,3.0,3.0,37.5,66.8,62.5,37.5,25.0,118.76,2.0,2.0,25.0,1.62,1.62,0.83,0.64,0.5,1.0,0.0,0.0,0.5,0.5,1.0,0.67,0.0,12.5,0.12,37.5,0.67
4,福爾摩沙夢想家,89|91|97|107,蔣淯安/簡偉儒/史承平/霍爾曼,1,12,16.0,180.72,3.01,03:01,180.72,3.01,03:01,1.0,1.0,6.25,11.95,9.0,9.0,56.25,107.57,2.0,2.0,12.5,23.9,0.0,0.0,0.0,0.0,0.0,0.0,0.0,0.0,0.0,0.0,0.0,0.0,2.0,2.0,12.5,23.9,0.0,0.0,0.0,0.0,1.0,1.0,6.25,11.95,1.0,1.0,6.25,11.95,0.0,0.0,0.0,0.0,2.0,2.0,12.5,23.9,1.0,1.0,6.25,11.95,2.0,2.0,12.5,23.9,4.0,4.0,25.0,47.81,0.0,0.0,0.0,0.0,3.0,3.0,18.75,35.86,0.0,0.0,0.0,0.0,0.0,0.0,0.0,0.0,2.0,2.0,12.5,23.9,6.25,56.25,-50.0,127.49,-8.0,-8.0,-50.0,3.01,3.01,0.0,0.2,,0.0,1.0,0.62,,0.0,0.67,0.4,18.75,0.0,0.0,12.5,0.5
4,福爾摩沙夢想家,89|91|97|10889,蔣淯安/簡偉儒/史承平/恩尼斯,1,12,16.0,180.72,3.01,03:01,180.72,3.01,03:01,1.0,1.0,6.25,11.95,9.0,9.0,56.25,107.57,2.0,2.0,12.5,23.9,0.0,0.0,0.0,0.0,0.0,0.0,0.0,0.0,0.0,0.0,0.0,0.0,2.0,2.0,12.5,23.9,0.0,0.0,0.0,0.0,1.0,1.0,6.25,11.95,1.0,1.0,6.25,11.95,0.0,0.0,0.0,0.0,2.0,2.0,12.5,23.9,1.0,1.0,6.25,11.95,2.0,2.0,12.5,23.9,4.0,4.0,25.0,47.81,0.0,0.0,0.0,0.0,3.0,3.0,18.75,35.86,0.0,0.0,0.0,0.0,0.0,0.0,0.0,0.0,2.0,2.0,12.5,23.9,6.25,56.25,-50.0,127.49,-8.0,-8.0,-50.0,3.01,3.01,0.0,0.2,,0.0,1.0,0.62,,0.0,0.67,0.4,18.75,0.0,0.0,12.5,0.5
4,福爾摩沙夢想家,89|97|107|10889,蔣淯安/史承平/霍爾曼/恩尼斯,1,12,16.0,180.72,3.01,03:01,180.72,3.01,03:01,1.0,1.0,6.25,11.95,9.0,9.0,56.25,107.57,2.0,2.0,12.5,23.9,0.0,0.0,0.0,0.0,0.0,0.0,0.0,0.0,0.0,0.0,0.0,0.0,2.0,2.0,12.5,23.9,0.0,0.0,0.0,0.0,1.0,1.0,6.25,11.95,1.0,1.0,6.25,11.95,0.0,0.0,0.0,0.0,2.0,2.0,12.5,23.9,1.0,1.0,6.25,11.95,2.0,2.0,12.5,23.9,4.0,4.0,25.0,47.81,0.0,0.0,0.0,0.0,3.0,3.0,18.75,35.86,0.0,0.0,0.0,0.0,0.0,0.0,0.0,0.0,2.0,2.0,12.5,23.9,6.25,56.25,-50.0,127.49,-8.0,-8.0,-50.0,3.01,3.01,0.0,0.2,,0.0,1.0,0.62,,0.0,0.67,0.4,18.75,0.0,0.0,12.5,0.5
4,福爾摩沙夢想家,91|97|107|10889,簡偉儒/史承平/霍爾曼/恩尼斯,1,12,16.0,180.72,3.01,03:01,180.72,3.01,03:01,1.0,1.0,6.25,11.95,9.0,9.0,56.25,107.57,2.0,2.0,12.5,23.9,0.0,0.0,0.0,0.0,0.0,0.0,0.0,0.0,0.0,0.0,0.0,0.0,2.0,2.0,12.5,23.9,0.0,0.0,0.0,0.0,1.0,1.0,6.25,11.95,1.0,1.0,6.25,11.95,0.0,0.0,0.0,0.0,2.0,2.0,12.5,23.9,1.0,1.0,6.25,11.95,2.0,2.0,12.5,23.9,4.0,4.0,25.0,47.81,0.0,0.0,0.0,0.0,3.0,3.0,18.75,35.86,0.0,0.0,0.0,0.0,0.0,0.0,0.0,0.0,2.0,2.0,12.5,23.9,6.25,56.25,-50.0,127.49,-8.0,-8.0,-50.0,3.01,3.01,0.0,0.2,,0.0,1.0,0.62,,0.0,0.67,0.4,18.75,0.0,0.0,12.5,0.5
4,臺北台新戰神,3|11|10865|10868,陳文宏/蘇奕晉/謝銘駿/齊曼加,1,5,5.0,77.0,1.28,01:17,77.0,1.28,01:17,6.0,6.0,120.0,168.31,0.0,0.0,0.0,0.0,2.0,2.0,40.0,56.1,2.0,2.0,40.0,56.1,0.0,0.0,0.0,0.0,0.0,0.0,0.0,0.0,2.0,2.0,40.0,56.1,2.0,2.0,40.0,56.1,0.0,0.0,0.0,0.0,0.0,0.0,0.0,0.0,0.0,0.0,0.0,0.0,0.0,0.0,0.0,0.0,0.0,0.0,0.0,0.0,1.0,1.0,20.0,28.05,0.0,0.0,0.0,0.0,0.0,0.0,0.0,0.0,0.0,0.0,0.0,0.0,0.0,0.0,0.0,0.0,0.0,0.0,0.0,0.0,0.0,0.0,0.0,0.0,120.0,0.0,120.0,93.51,6.0,6.0,120.0,1.28,1.28,1.5,1.5,,1.0,,0.0,0.0,0.0,,0.0,0.0,0.0,0.0,0.0,0.0
4,臺北台新戰神,3|11|10865|10870,陳文宏/蘇奕晉/謝銘駿/洛夫頓,1,5,5.0,77.0,1.28,01:17,77.0,1.28,01:17,6.0,6.0,120.0,168.31,0.0,0.0,0.0,0.0,2.0,2.0,40.0,56.1,2.0,2.0,40.0,56.1,0.0,0.0,0.0,0.0,0.0,0.0,0.0,0.0,2.0,2.0,40.0,56.1,2.0,2.0,40.0,56.1,0.0,0.0,0.0,0.0,0.0,0.0,0.0,0.0,0.0,0.0,0.0,0.0,0.0,0.0,0.0,0.0,0.0,0.0,0.0,0.0,1.0,1.0,20.0,28.05,0.0,0.0,0.0,0.0,0.0,0.0,0.0,0.0,0.0,0.0,0.0,0.0,0.0,0.0,0.0,0.0,0.0,0.0,0.0,0.0,0.0,0.0,0.0,0.0,120.0,0.0,120.0,93.51,6.0,6.0,120.0,1.28,1.28,1.5,1.5,,1.0,,0.0,0.0,0.0,,0.0,0.0,0.0,0.0,0.0,0.0
4,臺北台新戰神,3|11|10868|10870,陳文宏/蘇奕晉/齊曼加/洛夫頓,1,11,13.0,146.0,2.43,02:26,146.0,2.43,02:26,8.0,8.0,61.54,118.36,0.0,0.0,0.0,0.0,5.0,5.0,38.46,73.97,3.0,3.0,23.08,44.38,2.0,2.0,15.38,29.59,1.0,1.0,7.69,14.79,3.0,3.0,23.08,44.38,2.0,2.0,15.38,29.59,0.0,0.0,0.0,0.0,0.0,0.0,0.0,0.0,1.0,1.0,7.69,14.79,1.0,1.0,7.69,14.79,0.0,0.0,0.0,0.0,2.0,2.0,15.38,29.59,1.0,1.0,7.69,14.79,0.0,0.0,0.0,0.0,1.0,1.0,7.69,14.79,1.0,1.0,7.69,14.79,2.0,2.0,15.38,29.59,0.0,0.0,0.0,0.0,61.54,0.0,61.54,128.22,8.0,8.0,61.54,2.43,2.43,0.8,0.8,0.5,0.67,,0.17,0.0,0.33,1.0,0.5,7.69,7.69,0.15,0.0,0.0
4,臺北台新戰神,3|11|14|10868,陳文宏/蘇奕晉/錢肯尼/齊曼加,1,7,11.0,103.72,1.73,01:44,103.72,1.73,01:44,3.0,3.0,27.27,62.47,1.0,1.0,9.09,20.82,4.0,4.0,36.36,83.3,1.0,1.0,9.09,20.82,3.0,3.0,27.27,62.47,1.0,1.0,9.09,20.82,1.0,1.0,9.09,20.82,0.0,0.0,0.0,0.0,2.0,2.0,18.18,41.65,1.0,1.0,9.09,20.82,1.0,1.0,9.09,20.82,2.0,2.0,18.18,41.65,0.0,0.0,0.0,0.0,1.0,1.0,9.09,20.82,1.0,1.0,9.09,20.82,0.0,0.0,0.0,0.0,1.0,1.0,9.09,20.82,1.0,1.0,9.09,20.82,3.0,3.0,27.27,62.47,1.0,1.0,9.09,20.82,27.27,9.09,18.18,152.71,2.0,2.0,18.18,1.73,1.73,0.25,0.31,0.33,0.0,0.5,0.17,0.0,0.5,1.0,0.75,9.09,9.09,0.27,9.09,0.5
4,臺北台新戰神,3|11|14|10870,陳文宏/蘇奕晉/錢肯尼/洛夫頓,1,6,8.0,69.0,1.15,01:09,69.0,1.15,01:09,2.0,2.0,25.0,62.61,0.0,0.0,0.0,0.0,3.0,3.0,37.5,93.91,1.0,1.0,12.5,31.3,2.0,2.0,25.0,62.61,1.0,1.0,12.5,31.3,1.0,1.0,12.5,31.3,0.0,0.0,0.0,0.0,0.0,0.0,0.0,0.0,0.0,0.0,0.0,0.0,1.0,1.0,12.5,31.3,1.0,1.0,12.5,31.3,0.0,0.0,0.0,0.0,1.0,1.0,12.5,31.3,1.0,1.0,12.5,31.3,0.0,0.0,0.0,0.0,1.0,1.0,12.5,31.3,1.0,1.0,12.5,31.3,2.0,2.0,25.0,62.61,0.0,0.0,0.0,0.0,25.0,0.0,25.0,166.96,2.0,2.0,25.0,1.15,1.15,0.33,0.33,0.5,0.0,,0.25,0.0,0.5,1.0,0.67,12.5,12.5,0.25,0.0,0.0
4,臺北台新戰神,3|11|14|10863,陳文宏/蘇奕晉/錢肯尼/魏芃禾,1,1,3.0,34.72,0.58,00:35,34.72,0.58,00:35,1.0,1.0,33.33,62.21,1.0,1.0,33.33,62.21,1.0,1.0,33.33,62.21,0.0,0.0,0.0,0.0,1.0,1.0,33.33,62.21,0.0,0.0,0.0,0.0,0.0,0.0,0.0,0.0,0.0,0.0,0.0,0.0,2.0,2.0,66.67,124.41,1.0,1.0,33.33,62.21,0.0,0.0,0.0,0.0,1.0,1.0,33.33,62.21,0.0,0.0,0.0,0.0,0.0,0.0,0.0,0.0,0.0,0.0,0.0,0.0,0.0,0.0,0.0,0.0,0.0,0.0,0.0,0.0,0.0,0.0,0.0,0.0,1.0,1.0,33.33,62.21,1.0,1.0,33.33,62.21,33.33,33.33,0.0,124.41,0.0,0.0,0.0,0.58,0.58,0.0,0.27,0.0,,0.5,0.0,,,1.0,1.0,0.0,0.0,0.33,33.33,2.0
4,臺北台新戰神,3|11|10863|10868,陳文宏/蘇奕晉/魏芃禾/齊曼加,1,1,3.0,34.72,0.58,00:35,34.72,0.58,00:35,1.0,1.0,33.33,62.21,1.0,1.0,33.33,62.21,1.0,1.0,33.33,62.21,0.0,0.0,0.0,0.0,1.0,1.0,33.33,62.21,0.0,0.0,0.0,0.0,0.0,0.0,0.0,0.0,0.0,0.0,0.0,0.0,2.0,2.0,66.67,124.41,1.0,1.0,33.33,62.21,0.0,0.0,0.0,0.0,1.0,1.0,33.33,62.21,0.0,0.0,0.0,0.0,0.0,0.0,0.0,0.0,0.0,0.0,0.0,0.0,0.0,0.0,0.0,0.0,0.0,0.0,0.0,0.0,0.0,0.0,0.0,0.0,1.0,1.0,33.33,62.21,1.0,1.0,33.33,62.21,33.33,33.33,0.0,124.41,0.0,0.0,0.0,0.58,0.58,0.0,0.27,0.0,,0.5,0.0,,,1.0,1.0,0.0,0.0,0.33,33.33,2.0
4,臺北台新戰神,3|14|10863|10868,陳文宏/錢肯尼/魏芃禾/齊曼加,1,1,3.0,34.72,0.58,00:35,34.72,0.58,00:35,1.0,1.0,33.33,62.21,1.0,1.0,33.33,62.21,1.0,1.0,33.33,62.21,0.0,0.0,0.0,0.0,1.0,1.0,33.33,62.21,0.0,0.0,0.0,0.0,0.0,0.0,0.0,0.0,0.0,0.0,0.0,0.0,2.0,2.0,66.67,124.41,1.0,1.0,33.33,62.21,0.0,0.0,0.0,0.0,1.0,1.0,33.33,62.21,0.0,0.0,0.0,0.0,0.0,0.0,0.0,0.0,0.0,0.0,0.0,0.0,0.0,0.0,0.0,0.0,0.0,0.0,0.0,0.0,0.0,0.0,0.0,0.0,1.0,1.0,33.33,62.21,1.0,1.0,33.33,62.21,33.33,33.33,0.0,124.41,0.0,0.0,0.0,0.58,0.58,0.0,0.27,0.0,,0.5,0.0,,,1.0,1.0,0.0,0.0,0.33,33.33,2.0
4,臺北台新戰神,11|14|10863|10868,蘇奕晉/錢肯尼/魏芃禾/齊曼加,1,1,3.0,34.72,0.58,00:35,34.72,0.58,00:35,1.0,1.0,33.33,62.21,1.0,1.0,33.33,62.21,1.0,1.0,33.33,62.21,0.0,0.0,0.0,0.0,1.0,1.0,33.33,62.21,0.0,0.0,0.0,0.0,0.0,0.0,0.0,0.0,0.0,0.0,0.0,0.0,2.0,2.0,66.67,124.41,1.0,1.0,33.33,62.21,0.0,0.0,0.0,0.0,1.0,1.0,33.33,62.21,0.0,0.0,0.0,0.0,0.0,0.0,0.0,0.0,0.0,0.0,0.0,0.0,0.0,0.0,0.0,0.0,0.0,0.0,0.0,0.0,0.0,0.0,0.0,0.0,1.0,1.0,33.33,62.21,1.0,1.0,33.33,62.21,33.33,33.33,0.0,124.41,0.0,0.0,0.0,0.58,0.58,0.0,0.27,0.0,,0.5,0.0,,,1.0,1.0,0.0,0.0,0.33,33.33,2.0
4,桃園台啤永豐雲豹,12|54|3129|10860,曹薰襄/高錦瑋/董永全/麥卡洛,6,60,71.0,898.72,14.98,14:59,149.79,2.5,02:30,31.0,5.17,43.66,74.51,23.0,3.83,32.39,55.28,25.0,4.17,35.21,60.09,13.0,2.17,18.31,31.24,17.0,2.83,23.94,40.86,10.0,1.67,14.08,24.03,8.0,1.33,11.27,19.23,3.0,0.5,4.23,7.21,2.0,0.33,2.82,4.81,2.0,0.33,2.82,4.81,5.0,0.83,7.04,12.02,7.0,1.17,9.86,16.82,2.0,0.33,2.82,4.81,16.0,2.67,22.54,38.45,10.0,1.67,14.08,24.03,9.0,1.5,12.68,21.63,6.0,1.0,8.45,14.42,0.0,0.0,0.0,0.0,3.0,0.5,4.23,7.21,6.0,1.0,8.45,14.42,43.66,32.39,11.27,113.76,8.0,1.33,11.27,14.98,2.5,0.58,0.6,0.59,0.38,1.0,0.28,0.69,0.24,0.78,0.4,8.45,0.0,0.04,8.45,0.08
4,桃園台啤永豐雲豹,12|54|3129|10861,曹薰襄/高錦瑋/董永全/迪亞洛,5,25,35.0,417.92,6.97,06:58,83.58,1.39,01:24,12.0,2.4,34.29,62.02,5.0,1.0,14.29,25.84,10.0,2.0,28.57,51.68,4.0,0.8,11.43,20.67,9.0,1.8,25.71,46.52,4.0,0.8,11.43,20.67,1.0,0.2,2.86,5.17,0.0,0.0,0.0,0.0,5.0,1.0,14.29,25.84,4.0,0.8,11.43,20.67,4.0,0.8,11.43,20.67,2.0,0.4,5.71,10.34,4.0,0.8,11.43,20.67,8.0,1.6,22.86,41.35,4.0,0.8,11.43,20.67,3.0,0.6,8.57,15.51,2.0,0.4,5.71,10.34,0.0,0.0,0.0,0.0,6.0,1.2,17.14,31.01,0.0,0.0,0.0,0.0,34.29,14.29,20.0,120.6,7.0,1.4,20.0,6.97,1.39,0.4,0.49,0.44,0.0,0.8,0.25,0.75,0.33,0.33,0.33,5.71,0.0,0.17,0.0,0.5
4,桃園台啤永豐雲豹,12|54|10860|10861,曹薰襄/高錦瑋/麥卡洛/迪亞洛,5,65,87.0,1030.31,17.17,17:10,206.06,3.43,03:26,33.0,6.6,37.93,69.18,21.0,4.2,24.14,44.03,36.0,7.2,41.38,75.47,11.0,2.2,12.64,23.06,25.0,5.0,28.74,52.41,8.0,1.6,9.2,16.77,11.0,2.2,12.64,23.06,3.0,0.6,3.45,6.29,11.0,2.2,12.64,23.06,7.0,1.4,8.05,14.68,11.0,2.2,12.64,23.06,13.0,2.6,14.94,27.25,6.0,1.2,6.9,12.58,16.0,3.2,18.39,33.54,5.0,1.0,5.75,10.48,8.0,1.6,9.2,16.77,0.0,0.0,0.0,0.0,1.0,0.2,1.15,2.1,10.0,2.0,11.49,20.96,3.0,0.6,3.45,6.29,37.93,24.14,13.79,121.59,12.0,2.4,13.79,17.17,3.43,0.35,0.4,0.32,0.27,0.64,0.11,0.73,0.41,0.68,0.52,0.0,1.15,0.11,3.45,0.31
4,桃園台啤永豐雲豹,54|3129|10860|10861,高錦瑋/董永全/麥卡洛/迪亞洛,3,48,59.0,705.66,11.76,11:46,235.22,3.92,03:55,26.0,8.67,44.07,79.58,31.0,10.33,52.54,94.89,20.0,6.67,33.9,61.22,10.0,3.33,16.95,30.61,16.0,5.33,27.12,48.98,10.0,3.33,16.95,30.61,4.0,1.33,6.78,12.24,0.0,0.0,0.0,0.0,6.0,2.0,10.17,18.37,5.0,1.67,8.47,15.3,4.0,1.33,6.78,12.24,7.0,2.33,11.86,21.43,5.0,1.67,8.47,15.3,8.0,2.67,13.56,24.49,4.0,1.33,6.78,12.24,6.0,2.0,10.17,18.37,1.0,0.33,1.69,3.06,1.0,0.33,1.69,3.06,6.0,2.0,10.17,18.37,9.0,3.0,15.25,27.55,44.07,52.54,-8.47,120.4,-5.0,-1.67,-8.47,11.76,3.92,0.5,0.57,0.62,0.0,0.83,0.15,0.6,0.33,0.58,0.46,1.69,1.69,0.1,15.25,0.3
4,新北中信特攻,40|10879|10881|10882,謝亞軒/簡廷兆/飛克/霸夫,1,6,9.0,95.0,1.58,01:35,95.0,1.58,01:35,3.0,3.0,33.33,68.21,0.0,0.0,0.0,0.0,3.0,3.0,33.33,68.21,1.0,1.0,11.11,22.74,1.0,1.0,11.11,22.74,0.0,0.0,0.0,0.0,2.0,2.0,22.22,45.47,1.0,1.0,11.11,22.74,0.0,0.0,0.0,0.0,0.0,0.0,0.0,0.0,1.0,1.0,11.11,22.74,1.0,1.0,11.11,22.74,1.0,1.0,11.11,22.74,2.0,2.0,22.22,45.47,1.0,1.0,11.11,22.74,1.0,1.0,11.11,22.74,0.0,0.0,0.0,0.0,0.0,0.0,0.0,0.0,1.0,1.0,11.11,22.74,0.0,0.0,0.0,0.0,33.33,0.0,33.33,136.42,3.0,3.0,33.33,1.58,1.58,0.5,0.5,0.0,0.5,,0.25,1.0,0.33,0.5,0.4,0.0,0.0,0.11,0.0,0.0
4,新北中信特攻,47|10879|10880|10882,曾文鼎/簡廷兆/內馬/霸夫,1,19,25.0,343.54,5.73,05:44,343.54,5.73,05:44,8.0,8.0,32.0,50.3,5.0,5.0,20.0,31.44,10.0,10.0,40.0,62.87,3.0,3.0,12.0,18.86,4.0,4.0,16.0,25.15,1.0,1.0,4.0,6.29,6.0,6.0,24.0,37.72,2.0,2.0,8.0,12.57,2.0,2.0,8.0,12.57,0.0,0.0,0.0,0.0,2.0,2.0,8.0,12.57,6.0,6.0,24.0,37.72,4.0,4.0,16.0,25.15,5.0,5.0,20.0,31.44,1.0,1.0,4.0,6.29,1.0,1.0,4.0,6.29,0.0,0.0,0.0,0.0,0.0,0.0,0.0,0.0,4.0,4.0,16.0,25.15,4.0,4.0,16.0,25.15,32.0,20.0,12.0,104.79,3.0,3.0,12.0,5.73,5.73,0.4,0.37,0.25,0.33,0.0,0.08,0.33,0.29,0.6,0.47,0.0,0.0,0.16,16.0,0.2
4,桃園台啤永豐雲豹,12|16|3129|10884,曹薰襄/米勒/董永全/徐宏瑋,2,13,14.0,214.1,3.57,03:34,107.05,1.78,01:47,4.0,2.0,28.57,40.36,4.0,2.0,28.57,40.36,4.0,2.0,28.57,40.36,2.0,1.0,14.29,20.18,3.0,1.5,21.43,30.27,2.0,1.0,14.29,20.18,1.0,0.5,7.14,10.09,0.0,0.0,0.0,0.0,0.0,0.0,0.0,0.0,0.0,0.0,0.0,0.0,0.0,0.0,0.0,0.0,2.0,1.0,14.29,20.18,0.0,0.0,0.0,0.0,5.0,2.5,35.71,50.44,3.0,1.5,21.43,30.27,0.0,0.0,0.0,0.0,2.0,1.0,14.29,20.18,1.0,0.5,7.14,10.09,1.0,0.5,7.14,10.09,3.0,1.5,21.43,30.27,28.57,28.57,0.0,94.16,0.0,0.0,0.0,3.57,1.78,0.5,0.5,0.67,0.0,,0.43,0.0,0.0,1.0,0.29,14.29,7.14,0.07,21.43,0.0
4,桃園台啤永豐雲豹,16|3129|10861|10884,米勒/董永全/迪亞洛/徐宏瑋,3,26,30.0,390.55,6.51,06:31,130.18,2.17,02:10,4.0,1.33,13.33,22.12,8.0,2.67,26.67,44.25,8.0,2.67,26.67,44.25,2.0,0.67,6.67,11.06,6.0,2.0,20.0,33.18,2.0,0.67,6.67,11.06,2.0,0.67,6.67,11.06,0.0,0.0,0.0,0.0,2.0,0.67,6.67,11.06,0.0,0.0,0.0,0.0,1.0,0.33,3.33,5.53,6.0,2.0,20.0,33.18,1.0,0.33,3.33,5.53,8.0,2.67,26.67,44.25,5.0,1.67,16.67,27.65,0.0,0.0,0.0,0.0,3.0,1.0,10.0,16.59,1.0,0.33,3.33,5.53,2.0,0.67,6.67,11.06,3.0,1.0,10.0,16.59,13.33,26.67,-13.33,110.61,-4.0,-1.33,-13.33,6.51,2.17,0.25,0.23,0.33,0.0,0.0,0.36,0.0,0.11,0.86,0.44,10.0,3.33,0.07,10.0,0.25
4,新北中信特攻,47|113|10879|10880,曾文鼎/林任鴻/簡廷兆/內馬,1,6,7.0,88.0,1.47,01:28,88.0,1.47,01:28,5.0,5.0,71.43,122.73,2.0,2.0,28.57,49.09,3.0,3.0,42.86,73.64,2.0,2.0,28.57,49.09,2.0,2.0,28.57,49.09,1.0,1.0,14.29,24.55,1.0,1.0,14.29,24.55,1.0,1.0,14.29,24.55,0.0,0.0,0.0,0.0,0.0,0.0,0.0,0.0,0.0,0.0,0.0,0.0,1.0,1.0,14.29,24.55,1.0,1.0,14.29,24.55,2.0,2.0,28.57,49.09,0.0,0.0,0.0,0.0,1.0,1.0,14.29,24.55,0.0,0.0,0.0,0.0,0.0,0.0,0.0,0.0,0.0,0.0,0.0,0.0,0.0,0.0,0.0,0.0,71.43,28.57,42.86,114.55,3.0,3.0,42.86,1.47,1.47,0.83,0.83,0.5,1.0,,0.0,0.5,0.0,0.5,0.25,0.0,0.0,0.0,0.0,0.0
4,新北中信特攻,47|113|10879|10882,曾文鼎/林任鴻/簡廷兆/霸夫,1,6,7.0,88.0,1.47,01:28,88.0,1.47,01:28,5.0,5.0,71.43,122.73,2.0,2.0,28.57,49.09,3.0,3.0,42.86,73.64,2.0,2.0,28.57,49.09,2.0,2.0,28.57,49.09,1.0,1.0,14.29,24.55,1.0,1.0,14.29,24.55,1.0,1.0,14.29,24.55,0.0,0.0,0.0,0.0,0.0,0.0,0.0,0.0,0.0,0.0,0.0,0.0,1.0,1.0,14.29,24.55,1.0,1.0,14.29,24.55,2.0,2.0,28.57,49.09,0.0,0.0,0.0,0.0,1.0,1.0,14.29,24.55,0.0,0.0,0.0,0.0,0.0,0.0,0.0,0.0,0.0,0.0,0.0,0.0,0.0,0.0,0.0,0.0,71.43,28.57,42.86,114.55,3.0,3.0,42.86,1.47,1.47,0.83,0.83,0.5,1.0,,0.0,0.5,0.0,0.5,0.25,0.0,0.0,0.0,0.0,0.0
4,新北中信特攻,47|113|10880|10882,曾文鼎/林任鴻/內馬/霸夫,1,6,7.0,88.0,1.47,01:28,88.0,1.47,01:28,5.0,5.0,71.43,122.73,2.0,2.0,28.57,49.09,3.0,3.0,42.86,73.64,2.0,2.0,28.57,49.09,2.0,2.0,28.57,49.09,1.0,1.0,14.29,24.55,1.0,1.0,14.29,24.55,1.0,1.0,14.29,24.55,0.0,0.0,0.0,0.0,0.0,0.0,0.0,0.0,0.0,0.0,0.0,0.0,1.0,1.0,14.29,24.55,1.0,1.0,14.29,24.55,2.0,2.0,28.57,49.09,0.0,0.0,0.0,0.0,1.0,1.0,14.29,24.55,0.0,0.0,0.0,0.0,0.0,0.0,0.0,0.0,0.0,0.0,0.0,0.0,0.0,0.0,0.0,0.0,71.43,28.57,42.86,114.55,3.0,3.0,42.86,1.47,1.47,0.83,0.83,0.5,1.0,,0.0,0.5,0.0,0.5,0.25,0.0,0.0,0.0,0.0,0.0
4,新北中信特攻,113|10879|10880|10882,林任鴻/簡廷兆/內馬/霸夫,1,15,19.0,253.0,4.22,04:13,253.0,4.22,04:13,9.0,9.0,47.37,76.84,13.0,13.0,68.42,110.99,7.0,7.0,36.84,59.76,3.0,3.0,15.79,25.61,2.0,2.0,10.53,17.08,1.0,1.0,5.26,8.54,5.0,5.0,26.32,42.69,2.0,2.0,10.53,17.08,1.0,1.0,5.26,8.54,1.0,1.0,5.26,8.54,0.0,0.0,0.0,0.0,4.0,4.0,21.05,34.15,2.0,2.0,10.53,17.08,3.0,3.0,15.79,25.61,0.0,0.0,0.0,0.0,1.0,1.0,5.26,8.54,0.0,0.0,0.0,0.0,0.0,0.0,0.0,0.0,2.0,2.0,10.53,17.08,1.0,1.0,5.26,8.54,47.37,68.42,-21.05,108.14,-4.0,-4.0,-21.05,4.22,4.22,0.57,0.6,0.5,0.4,1.0,0.0,0.33,0.0,0.67,0.44,0.0,0.0,0.11,5.26,0.14
4,新北中信特攻,44|113|10879|10880,黃泓瀚/林任鴻/簡廷兆/內馬,2,6,7.0,106.0,1.77,01:46,53.0,0.88,00:53,0.0,0.0,0.0,0.0,5.0,2.5,71.43,101.89,4.0,2.0,57.14,81.51,0.0,0.0,0.0,0.0,1.0,0.5,14.29,20.38,0.0,0.0,0.0,0.0,3.0,1.5,42.86,61.13,0.0,0.0,0.0,0.0,0.0,0.0,0.0,0.0,0.0,0.0,0.0,0.0,1.0,0.5,14.29,20.38,2.0,1.0,28.57,40.75,0.0,0.0,0.0,0.0,1.0,0.5,14.29,20.38,0.0,0.0,0.0,0.0,0.0,0.0,0.0,0.0,0.0,0.0,0.0,0.0,0.0,0.0,0.0,0.0,0.0,0.0,0.0,0.0,0.0,0.0,0.0,0.0,0.0,71.43,-71.43,95.09,-5.0,-2.5,-71.43,1.77,0.88,0.0,0.0,0.0,0.0,,0.0,,0.5,1.0,0.75,0.0,0.0,0.0,0.0,0.0
4,新北中信特攻,44|113|10879|10882,黃泓瀚/林任鴻/簡廷兆/霸夫,1,1,1.0,12.0,0.2,00:12,12.0,0.2,00:12,0.0,0.0,0.0,0.0,3.0,3.0,300.0,540.0,0.0,0.0,0.0,0.0,0.0,0.0,0.0,0.0,0.0,0.0,0.0,0.0,0.0,0.0,0.0,0.0,0.0,0.0,0.0,0.0,0.0,0.0,0.0,0.0,0.0,0.0,0.0,0.0,0.0,0.0,0.0,0.0,0.0,0.0,0.0,0.0,0.0,0.0,0.0,0.0,0.0,0.0,0.0,0.0,0.0,0.0,0.0,0.0,0.0,0.0,0.0,0.0,0.0,0.0,0.0,0.0,0.0,0.0,0.0,0.0,0.0,0.0,0.0,0.0,0.0,0.0,0.0,0.0,0.0,0.0,0.0,0.0,0.0,300.0,-300.0,120.0,-3.0,-3.0,-300.0,0.2,0.2,,,,,,,,,,,0.0,0.0,0.0,0.0,
4,新北中信特攻,44|10879|10880|10882,黃泓瀚/簡廷兆/內馬/霸夫,1,8,9.0,103.0,1.72,01:43,103.0,1.72,01:43,2.0,2.0,22.22,41.94,6.0,6.0,66.67,125.83,3.0,3.0,33.33,62.91,1.0,1.0,11.11,20.97,3.0,3.0,33.33,62.91,1.0,1.0,11.11,20.97,0.0,0.0,0.0,0.0,0.0,0.0,0.0,0.0,0.0,0.0,0.0,0.0,0.0,0.0,0.0,0.0,1.0,1.0,11.11,20.97,1.0,1.0,11.11,20.97,0.0,0.0,0.0,0.0,1.0,1.0,11.11,20.97,1.0,1.0,11.11,20.97,0.0,0.0,0.0,0.0,1.0,1.0,11.11,20.97,0.0,0.0,0.0,0.0,0.0,0.0,0.0,0.0,0.0,0.0,0.0,0.0,22.22,66.67,-44.44,125.83,-4.0,-4.0,-44.44,1.72,1.72,0.33,0.33,0.33,,,0.25,0.0,0.5,1.0,0.67,11.11,0.0,0.0,0.0,0.0
4,新北中信特攻,40|113|10879|10882,謝亞軒/林任鴻/簡廷兆/霸夫,1,8,11.0,153.0,2.55,02:33,153.0,2.55,02:33,4.0,4.0,36.36,56.47,8.0,8.0,72.73,112.94,4.0,4.0,36.36,56.47,1.0,1.0,9.09,14.12,0.0,0.0,0.0,0.0,0.0,0.0,0.0,0.0,4.0,4.0,36.36,56.47,1.0,1.0,9.09,14.12,1.0,1.0,9.09,14.12,1.0,1.0,9.09,14.12,0.0,0.0,0.0,0.0,3.0,3.0,27.27,42.35,1.0,1.0,9.09,14.12,1.0,1.0,9.09,14.12,0.0,0.0,0.0,0.0,0.0,0.0,0.0,0.0,0.0,0.0,0.0,0.0,0.0,0.0,0.0,0.0,2.0,2.0,18.18,28.24,1.0,1.0,9.09,14.12,36.36,72.73,-36.36,103.53,-4.0,-4.0,-36.36,2.55,2.55,0.38,0.45,,0.25,1.0,0.0,0.0,0.0,0.75,0.6,0.0,0.0,0.18,9.09,0.25
4,新北中信特攻,40|113|10880|10882,謝亞軒/林任鴻/內馬/霸夫,1,8,11.0,153.0,2.55,02:33,153.0,2.55,02:33,4.0,4.0,36.36,56.47,8.0,8.0,72.73,112.94,4.0,4.0,36.36,56.47,1.0,1.0,9.09,14.12,0.0,0.0,0.0,0.0,0.0,0.0,0.0,0.0,4.0,4.0,36.36,56.47,1.0,1.0,9.09,14.12,1.0,1.0,9.09,14.12,1.0,1.0,9.09,14.12,0.0,0.0,0.0,0.0,3.0,3.0,27.27,42.35,1.0,1.0,9.09,14.12,1.0,1.0,9.09,14.12,0.0,0.0,0.0,0.0,0.0,0.0,0.0,0.0,0.0,0.0,0.0,0.0,0.0,0.0,0.0,0.0,2.0,2.0,18.18,28.24,1.0,1.0,9.09,14.12,36.36,72.73,-36.36,103.53,-4.0,-4.0,-36.36,2.55,2.55,0.38,0.45,,0.25,1.0,0.0,0.0,0.0,0.75,0.6,0.0,0.0,0.18,9.09,0.25
4,桃園台啤永豐雲豹,54|57|10860|10861,高錦瑋/莊博元/麥卡洛/迪亞洛,5,92,117.0,1375.57,22.93,22:56,275.11,4.59,04:35,52.0,10.4,44.44,81.65,51.0,10.2,43.59,80.08,40.0,8.0,34.19,62.81,16.0,3.2,13.68,25.12,23.0,4.6,19.66,36.12,10.0,2.0,8.55,15.7,17.0,3.4,14.53,26.69,6.0,1.2,5.13,9.42,17.0,3.4,14.53,26.69,13.0,2.6,11.11,20.41,12.0,2.4,10.26,18.84,13.0,2.6,11.11,20.41,7.0,1.4,5.98,10.99,12.0,2.4,10.26,18.84,10.0,2.0,8.55,15.7,9.0,1.8,7.69,14.13,2.0,0.4,1.71,3.14,3.0,0.6,2.56,4.71,12.0,2.4,10.26,18.84,8.0,1.6,6.84,12.56,44.44,43.59,0.85,122.48,1.0,0.2,0.85,22.93,4.59,0.48,0.55,0.43,0.35,0.76,0.17,0.56,0.5,0.65,0.57,1.71,2.56,0.1,6.84,0.42
4,新北中信特攻,40|43|113|10881,謝亞軒/林韋翰/林任鴻/飛克,2,14,18.0,210.18,3.5,03:30,105.09,1.75,01:45,3.0,1.5,16.67,30.83,8.0,4.0,44.44,82.22,7.0,3.5,38.89,71.94,1.0,0.5,5.56,10.28,6.0,3.0,33.33,61.66,1.0,0.5,5.56,10.28,1.0,0.5,5.56,10.28,0.0,0.0,0.0,0.0,3.0,1.5,16.67,30.83,1.0,0.5,5.56,10.28,3.0,1.5,16.67,30.83,4.0,2.0,22.22,41.11,1.0,0.5,5.56,10.28,2.0,1.0,11.11,20.55,2.0,1.0,11.11,20.55,0.0,0.0,0.0,0.0,2.0,1.0,11.11,20.55,0.0,0.0,0.0,0.0,2.0,1.0,11.11,20.55,2.0,1.0,11.11,20.55,16.67,44.44,-27.78,123.32,-5.0,-2.5,-27.78,3.5,1.75,0.14,0.18,0.17,0.0,0.33,0.19,0.0,0.6,0.8,0.7,11.11,0.0,0.11,11.11,0.43
4,新北中信特攻,38|40|43|10880,余維豪/謝亞軒/林韋翰/內馬,1,8,10.0,158.9,2.65,02:39,158.9,2.65,02:39,4.0,4.0,40.0,54.37,7.0,7.0,70.0,95.15,3.0,3.0,30.0,40.78,2.0,2.0,20.0,27.19,2.0,2.0,20.0,27.19,2.0,2.0,20.0,27.19,1.0,1.0,10.0,13.59,0.0,0.0,0.0,0.0,0.0,0.0,0.0,0.0,0.0,0.0,0.0,0.0,0.0,0.0,0.0,0.0,1.0,1.0,10.0,13.59,2.0,2.0,20.0,27.19,1.0,1.0,10.0,13.59,1.0,1.0,10.0,13.59,1.0,1.0,10.0,13.59,0.0,0.0,0.0,0.0,0.0,0.0,0.0,0.0,0.0,0.0,0.0,0.0,2.0,2.0,20.0,27.19,40.0,70.0,-30.0,90.62,-3.0,-3.0,-30.0,2.65,2.65,0.67,0.67,1.0,0.0,,0.25,0.5,0.0,0.33,0.25,0.0,0.0,0.0,20.0,0.0
4,新北中信特攻,38|40|43|10881,余維豪/謝亞軒/林韋翰/飛克,1,8,10.0,158.9,2.65,02:39,158.9,2.65,02:39,4.0,4.0,40.0,54.37,7.0,7.0,70.0,95.15,3.0,3.0,30.0,40.78,2.0,2.0,20.0,27.19,2.0,2.0,20.0,27.19,2.0,2.0,20.0,27.19,1.0,1.0,10.0,13.59,0.0,0.0,0.0,0.0,0.0,0.0,0.0,0.0,0.0,0.0,0.0,0.0,0.0,0.0,0.0,0.0,1.0,1.0,10.0,13.59,2.0,2.0,20.0,27.19,1.0,1.0,10.0,13.59,1.0,1.0,10.0,13.59,1.0,1.0,10.0,13.59,0.0,0.0,0.0,0.0,0.0,0.0,0.0,0.0,0.0,0.0,0.0,0.0,2.0,2.0,20.0,27.19,40.0,70.0,-30.0,90.62,-3.0,-3.0,-30.0,2.65,2.65,0.67,0.67,1.0,0.0,,0.25,0.5,0.0,0.33,0.25,0.0,0.0,0.0,20.0,0.0
4,新北中信特攻,38|40|10880|10881,余維豪/謝亞軒/內馬/飛克,1,8,10.0,158.9,2.65,02:39,158.9,2.65,02:39,4.0,4.0,40.0,54.37,7.0,7.0,70.0,95.15,3.0,3.0,30.0,40.78,2.0,2.0,20.0,27.19,2.0,2.0,20.0,27.19,2.0,2.0,20.0,27.19,1.0,1.0,10.0,13.59,0.0,0.0,0.0,0.0,0.0,0.0,0.0,0.0,0.0,0.0,0.0,0.0,0.0,0.0,0.0,0.0,1.0,1.0,10.0,13.59,2.0,2.0,20.0,27.19,1.0,1.0,10.0,13.59,1.0,1.0,10.0,13.59,1.0,1.0,10.0,13.59,0.0,0.0,0.0,0.0,0.0,0.0,0.0,0.0,0.0,0.0,0.0,0.0,2.0,2.0,20.0,27.19,40.0,70.0,-30.0,90.62,-3.0,-3.0,-30.0,2.65,2.65,0.67,0.67,1.0,0.0,,0.25,0.5,0.0,0.33,0.25,0.0,0.0,0.0,20.0,0.0
4,新北中信特攻,38|43|10880|10881,余維豪/林韋翰/內馬/飛克,1,8,10.0,158.9,2.65,02:39,158.9,2.65,02:39,4.0,4.0,40.0,54.37,7.0,7.0,70.0,95.15,3.0,3.0,30.0,40.78,2.0,2.0,20.0,27.19,2.0,2.0,20.0,27.19,2.0,2.0,20.0,27.19,1.0,1.0,10.0,13.59,0.0,0.0,0.0,0.0,0.0,0.0,0.0,0.0,0.0,0.0,0.0,0.0,0.0,0.0,0.0,0.0,1.0,1.0,10.0,13.59,2.0,2.0,20.0,27.19,1.0,1.0,10.0,13.59,1.0,1.0,10.0,13.59,1.0,1.0,10.0,13.59,0.0,0.0,0.0,0.0,0.0,0.0,0.0,0.0,0.0,0.0,0.0,0.0,2.0,2.0,20.0,27.19,40.0,70.0,-30.0,90.62,-3.0,-3.0,-30.0,2.65,2.65,0.67,0.67,1.0,0.0,,0.25,0.5,0.0,0.33,0.25,0.0,0.0,0.0,20.0,0.0
4,桃園台啤永豐雲豹,12|16|54|3129,曹薰襄/米勒/高錦瑋/董永全,6,68,77.0,1024.79,17.08,17:05,170.8,2.85,02:51,33.0,5.5,42.86,69.56,22.0,3.67,28.57,46.37,23.0,3.83,29.87,48.48,10.0,1.67,12.99,21.08,12.0,2.0,15.58,25.29,6.0,1.0,7.79,12.65,11.0,1.83,14.29,23.19,4.0,0.67,5.19,8.43,10.0,1.67,12.99,21.08,9.0,1.5,11.69,18.97,3.0,0.5,3.9,6.32,10.0,1.67,12.99,21.08,4.0,0.67,5.19,8.43,16.0,2.67,20.78,33.72,9.0,1.5,11.69,18.97,6.0,1.0,7.79,12.65,6.0,1.0,7.79,12.65,0.0,0.0,0.0,0.0,6.0,1.0,7.79,12.65,2.0,0.33,2.6,4.22,42.86,28.57,14.29,108.2,11.0,1.83,14.29,17.08,2.85,0.52,0.6,0.5,0.36,0.9,0.25,0.6,0.16,0.71,0.39,7.79,0.0,0.08,2.6,0.43
4,新北中信特攻,43|47|10880|10882,林韋翰/曾文鼎/內馬/霸夫,1,8,11.0,127.0,2.12,02:07,127.0,2.12,02:07,5.0,5.0,45.45,85.04,5.0,5.0,45.45,85.04,1.0,1.0,9.09,17.01,1.0,1.0,9.09,17.01,1.0,1.0,9.09,17.01,1.0,1.0,9.09,17.01,0.0,0.0,0.0,0.0,0.0,0.0,0.0,0.0,4.0,4.0,36.36,68.03,3.0,3.0,27.27,51.02,0.0,0.0,0.0,0.0,1.0,1.0,9.09,17.01,3.0,3.0,27.27,51.02,1.0,1.0,9.09,17.01,1.0,1.0,9.09,17.01,1.0,1.0,9.09,17.01,0.0,0.0,0.0,0.0,0.0,0.0,0.0,0.0,2.0,2.0,18.18,34.02,4.0,4.0,36.36,68.03,45.45,45.45,0.0,124.72,0.0,0.0,0.0,2.12,2.12,1.0,0.91,1.0,,0.75,0.27,1.0,0.0,0.25,0.2,0.0,0.0,0.18,36.36,4.0
4,新北中信特攻,40|43|10878|10881,謝亞軒/林韋翰/曾信武/飛克,1,1,1.0,97.0,1.62,01:37,97.0,1.62,01:37,0.0,0.0,0.0,0.0,1.0,1.0,100.0,22.27,0.0,0.0,0.0,0.0,0.0,0.0,0.0,0.0,0.0,0.0,0.0,0.0,0.0,0.0,0.0,0.0,0.0,0.0,0.0,0.0,0.0,0.0,0.0,0.0,0.0,0.0,0.0,0.0,0.0,0.0,0.0,0.0,0.0,0.0,0.0,0.0,0.0,0.0,0.0,0.0,0.0,0.0,0.0,0.0,0.0,0.0,0.0,0.0,0.0,0.0,0.0,0.0,0.0,0.0,0.0,0.0,0.0,0.0,0.0,0.0,0.0,0.0,0.0,0.0,0.0,0.0,0.0,0.0,2.0,2.0,200.0,44.54,0.0,100.0,-100.0,14.85,-1.0,-1.0,-100.0,1.62,1.62,,,,,,,,,,,0.0,0.0,0.0,200.0,
4,新北中信特攻,40|43|10878|10882,謝亞軒/林韋翰/曾信武/霸夫,1,7,10.0,185.0,3.08,03:05,185.0,3.08,03:05,5.0,5.0,50.0,58.38,1.0,1.0,10.0,11.68,2.0,2.0,20.0,23.35,2.0,2.0,20.0,23.35,1.0,1.0,10.0,11.68,1.0,1.0,10.0,11.68,1.0,1.0,10.0,11.68,1.0,1.0,10.0,11.68,0.0,0.0,0.0,0.0,0.0,0.0,0.0,0.0,0.0,0.0,0.0,0.0,0.0,0.0,0.0,0.0,4.0,4.0,40.0,46.7,3.0,3.0,30.0,35.03,0.0,0.0,0.0,0.0,0.0,0.0,0.0,0.0,0.0,0.0,0.0,0.0,0.0,0.0,0.0,0.0,1.0,1.0,10.0,11.68,6.0,6.0,60.0,70.06,50.0,10.0,40.0,77.84,4.0,4.0,40.0,3.08,3.08,1.25,1.25,1.0,1.0,,0.0,0.0,0.0,0.0,0.0,0.0,0.0,0.1,60.0,0.0
4,新北中信特攻,40|10878|10881|10882,謝亞軒/曾信武/飛克/霸夫,1,1,1.0,97.0,1.62,01:37,97.0,1.62,01:37,0.0,0.0,0.0,0.0,1.0,1.0,100.0,22.27,0.0,0.0,0.0,0.0,0.0,0.0,0.0,0.0,0.0,0.0,0.0,0.0,0.0,0.0,0.0,0.0,0.0,0.0,0.0,0.0,0.0,0.0,0.0,0.0,0.0,0.0,0.0,0.0,0.0,0.0,0.0,0.0,0.0,0.0,0.0,0.0,0.0,0.0,0.0,0.0,0.0,0.0,0.0,0.0,0.0,0.0,0.0,0.0,0.0,0.0,0.0,0.0,0.0,0.0,0.0,0.0,0.0,0.0,0.0,0.0,0.0,0.0,0.0,0.0,0.0,0.0,0.0,0.0,2.0,2.0,200.0,44.54,0.0,100.0,-100.0,14.85,-1.0,-1.0,-100.0,1.62,1.62,,,,,,,,,,,0.0,0.0,0.0,200.0,
4,新北中信特攻,43|10878|10881|10882,林韋翰/曾信武/飛克/霸夫,1,1,1.0,97.0,1.62,01:37,97.0,1.62,01:37,0.0,0.0,0.0,0.0,1.0,1.0,100.0,22.27,0.0,0.0,0.0,0.0,0.0,0.0,0.0,0.0,0.0,0.0,0.0,0.0,0.0,0.0,0.0,0.0,0.0,0.0,0.0,0.0,0.0,0.0,0.0,0.0,0.0,0.0,0.0,0.0,0.0,0.0,0.0,0.0,0.0,0.0,0.0,0.0,0.0,0.0,0.0,0.0,0.0,0.0,0.0,0.0,0.0,0.0,0.0,0.0,0.0,0.0,0.0,0.0,0.0,0.0,0.0,0.0,0.0,0.0,0.0,0.0,0.0,0.0,0.0,0.0,0.0,0.0,0.0,0.0,2.0,2.0,200.0,44.54,0.0,100.0,-100.0,14.85,-1.0,-1.0,-100.0,1.62,1.62,,,,,,,,,,,0.0,0.0,0.0,200.0,
4,桃園台啤永豐雲豹,16|57|58|3129,米勒/莊博元/林信寬/董永全,1,1,1.0,5.0,0.08,00:05,5.0,0.08,00:05,0.0,0.0,0.0,0.0,0.0,0.0,0.0,0.0,0.0,0.0,0.0,0.0,0.0,0.0,0.0,0.0,0.0,0.0,0.0,0.0,0.0,0.0,0.0,0.0,0.0,0.0,0.0,0.0,0.0,0.0,0.0,0.0,0.0,0.0,0.0,0.0,0.0,0.0,0.0,0.0,0.0,0.0,0.0,0.0,0.0,0.0,0.0,0.0,0.0,0.0,0.0,0.0,0.0,0.0,0.0,0.0,0.0,0.0,0.0,0.0,0.0,0.0,0.0,0.0,0.0,0.0,0.0,0.0,0.0,0.0,0.0,0.0,0.0,0.0,0.0,0.0,0.0,0.0,0.0,0.0,0.0,0.0,0.0,288.0,0.0,0.0,0.0,0.08,0.08,,,,,,,,,,,0.0,0.0,0.0,0.0,
4,新北中信特攻,40|43|10879|10882,謝亞軒/林韋翰/簡廷兆/霸夫,1,1,1.0,2.0,0.03,00:02,2.0,0.03,00:02,0.0,0.0,0.0,0.0,0.0,0.0,0.0,0.0,0.0,0.0,0.0,0.0,0.0,0.0,0.0,0.0,0.0,0.0,0.0,0.0,0.0,0.0,0.0,0.0,0.0,0.0,0.0,0.0,0.0,0.0,0.0,0.0,0.0,0.0,0.0,0.0,0.0,0.0,0.0,0.0,0.0,0.0,0.0,0.0,0.0,0.0,0.0,0.0,0.0,0.0,0.0,0.0,0.0,0.0,0.0,0.0,1.0,1.0,100.0,1080.0,0.0,0.0,0.0,0.0,0.0,0.0,0.0,0.0,0.0,0.0,0.0,0.0,0.0,0.0,0.0,0.0,0.0,0.0,0.0,0.0,0.0,0.0,0.0,720.0,0.0,0.0,0.0,0.03,0.03,,,,,,1.0,,,,,0.0,0.0,0.0,0.0,
4,新北中信特攻,43|10879|10881|10882,林韋翰/簡廷兆/飛克/霸夫,1,1,1.0,2.0,0.03,00:02,2.0,0.03,00:02,0.0,0.0,0.0,0.0,0.0,0.0,0.0,0.0,0.0,0.0,0.0,0.0,0.0,0.0,0.0,0.0,0.0,0.0,0.0,0.0,0.0,0.0,0.0,0.0,0.0,0.0,0.0,0.0,0.0,0.0,0.0,0.0,0.0,0.0,0.0,0.0,0.0,0.0,0.0,0.0,0.0,0.0,0.0,0.0,0.0,0.0,0.0,0.0,0.0,0.0,0.0,0.0,0.0,0.0,0.0,0.0,1.0,1.0,100.0,1080.0,0.0,0.0,0.0,0.0,0.0,0.0,0.0,0.0,0.0,0.0,0.0,0.0,0.0,0.0,0.0,0.0,0.0,0.0,0.0,0.0,0.0,0.0,0.0,720.0,0.0,0.0,0.0,0.03,0.03,,,,,,1.0,,,,,0.0,0.0,0.0,0.0,
4,新北中信特攻,35|44|113|10881,李睿麒/黃泓瀚/林任鴻/飛克,1,1,1.0,5.0,0.08,00:05,5.0,0.08,00:05,0.0,0.0,0.0,0.0,0.0,0.0,0.0,0.0,0.0,0.0,0.0,0.0,0.0,0.0,0.0,0.0,0.0,0.0,0.0,0.0,0.0,0.0,0.0,0.0,0.0,0.0,0.0,0.0,0.0,0.0,0.0,0.0,0.0,0.0,0.0,0.0,0.0,0.0,0.0,0.0,0.0,0.0,0.0,0.0,0.0,0.0,0.0,0.0,0.0,0.0,0.0,0.0,0.0,0.0,0.0,0.0,0.0,0.0,0.0,0.0,0.0,0.0,0.0,0.0,0.0,0.0,0.0,0.0,0.0,0.0,0.0,0.0,0.0,0.0,0.0,0.0,0.0,0.0,0.0,0.0,0.0,0.0,0.0,288.0,0.0,0.0,0.0,0.08,0.08,,,,,,,,,,,0.0,0.0,0.0,0.0,
4,新北中信特攻,35|44|113|10882,李睿麒/黃泓瀚/林任鴻/霸夫,1,1,1.0,5.0,0.08,00:05,5.0,0.08,00:05,0.0,0.0,0.0,0.0,0.0,0.0,0.0,0.0,0.0,0.0,0.0,0.0,0.0,0.0,0.0,0.0,0.0,0.0,0.0,0.0,0.0,0.0,0.0,0.0,0.0,0.0,0.0,0.0,0.0,0.0,0.0,0.0,0.0,0.0,0.0,0.0,0.0,0.0,0.0,0.0,0.0,0.0,0.0,0.0,0.0,0.0,0.0,0.0,0.0,0.0,0.0,0.0,0.0,0.0,0.0,0.0,0.0,0.0,0.0,0.0,0.0,0.0,0.0,0.0,0.0,0.0,0.0,0.0,0.0,0.0,0.0,0.0,0.0,0.0,0.0,0.0,0.0,0.0,0.0,0.0,0.0,0.0,0.0,288.0,0.0,0.0,0.0,0.08,0.08,,,,,,,,,,,0.0,0.0,0.0,0.0,
4,新北中信特攻,35|44|10881|10882,李睿麒/黃泓瀚/飛克/霸夫,1,1,1.0,5.0,0.08,00:05,5.0,0.08,00:05,0.0,0.0,0.0,0.0,0.0,0.0,0.0,0.0,0.0,0.0,0.0,0.0,0.0,0.0,0.0,0.0,0.0,0.0,0.0,0.0,0.0,0.0,0.0,0.0,0.0,0.0,0.0,0.0,0.0,0.0,0.0,0.0,0.0,0.0,0.0,0.0,0.0,0.0,0.0,0.0,0.0,0.0,0.0,0.0,0.0,0.0,0.0,0.0,0.0,0.0,0.0,0.0,0.0,0.0,0.0,0.0,0.0,0.0,0.0,0.0,0.0,0.0,0.0,0.0,0.0,0.0,0.0,0.0,0.0,0.0,0.0,0.0,0.0,0.0,0.0,0.0,0.0,0.0,0.0,0.0,0.0,0.0,0.0,288.0,0.0,0.0,0.0,0.08,0.08,,,,,,,,,,,0.0,0.0,0.0,0.0,
4,新北中信特攻,35|113|10881|10882,李睿麒/林任鴻/飛克/霸夫,1,1,1.0,5.0,0.08,00:05,5.0,0.08,00:05,0.0,0.0,0.0,0.0,0.0,0.0,0.0,0.0,0.0,0.0,0.0,0.0,0.0,0.0,0.0,0.0,0.0,0.0,0.0,0.0,0.0,0.0,0.0,0.0,0.0,0.0,0.0,0.0,0.0,0.0,0.0,0.0,0.0,0.0,0.0,0.0,0.0,0.0,0.0,0.0,0.0,0.0,0.0,0.0,0.0,0.0,0.0,0.0,0.0,0.0,0.0,0.0,0.0,0.0,0.0,0.0,0.0,0.0,0.0,0.0,0.0,0.0,0.0,0.0,0.0,0.0,0.0,0.0,0.0,0.0,0.0,0.0,0.0,0.0,0.0,0.0,0.0,0.0,0.0,0.0,0.0,0.0,0.0,288.0,0.0,0.0,0.0,0.08,0.08,,,,,,,,,,,0.0,0.0,0.0,0.0,
4,新北中信特攻,44|113|10881|10882,黃泓瀚/林任鴻/飛克/霸夫,1,1,1.0,5.0,0.08,00:05,5.0,0.08,00:05,0.0,0.0,0.0,0.0,0.0,0.0,0.0,0.0,0.0,0.0,0.0,0.0,0.0,0.0,0.0,0.0,0.0,0.0,0.0,0.0,0.0,0.0,0.0,0.0,0.0,0.0,0.0,0.0,0.0,0.0,0.0,0.0,0.0,0.0,0.0,0.0,0.0,0.0,0.0,0.0,0.0,0.0,0.0,0.0,0.0,0.0,0.0,0.0,0.0,0.0,0.0,0.0,0.0,0.0,0.0,0.0,0.0,0.0,0.0,0.0,0.0,0.0,0.0,0.0,0.0,0.0,0.0,0.0,0.0,0.0,0.0,0.0,0.0,0.0,0.0,0.0,0.0,0.0,0.0,0.0,0.0,0.0,0.0,288.0,0.0,0.0,0.0,0.08,0.08,,,,,,,,,,,0.0,0.0,0.0,0.0,
4,新北中信特攻,39|40|43|10880,魏嘉豪/謝亞軒/林韋翰/內馬,1,21,23.0,377.0,6.28,06:17,377.0,6.28,06:17,7.0,7.0,30.43,40.11,12.0,12.0,52.17,68.75,9.0,9.0,39.13,51.56,3.0,3.0,13.04,17.19,5.0,5.0,21.74,28.65,2.0,2.0,8.7,11.46,4.0,4.0,17.39,22.92,1.0,1.0,4.35,5.73,0.0,0.0,0.0,0.0,0.0,0.0,0.0,0.0,0.0,0.0,0.0,0.0,6.0,6.0,26.09,34.38,2.0,2.0,8.7,11.46,4.0,4.0,17.39,22.92,2.0,2.0,8.7,11.46,3.0,3.0,13.04,17.19,0.0,0.0,0.0,0.0,1.0,1.0,4.35,5.73,0.0,0.0,0.0,0.0,0.0,0.0,0.0,0.0,30.43,52.17,-21.74,87.85,-5.0,-5.0,-21.74,6.28,6.28,0.39,0.39,0.4,0.25,,0.18,1.0,0.0,0.75,0.5,0.0,4.35,0.0,0.0,0.0
4,新北中信特攻,39|40|43|10881,魏嘉豪/謝亞軒/林韋翰/飛克,1,21,23.0,377.0,6.28,06:17,377.0,6.28,06:17,7.0,7.0,30.43,40.11,12.0,12.0,52.17,68.75,9.0,9.0,39.13,51.56,3.0,3.0,13.04,17.19,5.0,5.0,21.74,28.65,2.0,2.0,8.7,11.46,4.0,4.0,17.39,22.92,1.0,1.0,4.35,5.73,0.0,0.0,0.0,0.0,0.0,0.0,0.0,0.0,0.0,0.0,0.0,0.0,6.0,6.0,26.09,34.38,2.0,2.0,8.7,11.46,4.0,4.0,17.39,22.92,2.0,2.0,8.7,11.46,3.0,3.0,13.04,17.19,0.0,0.0,0.0,0.0,1.0,1.0,4.35,5.73,0.0,0.0,0.0,0.0,0.0,0.0,0.0,0.0,30.43,52.17,-21.74,87.85,-5.0,-5.0,-21.74,6.28,6.28,0.39,0.39,0.4,0.25,,0.18,1.0,0.0,0.75,0.5,0.0,4.35,0.0,0.0,0.0
4,新北中信特攻,39|43|10880|10881,魏嘉豪/林韋翰/內馬/飛克,1,21,23.0,377.0,6.28,06:17,377.0,6.28,06:17,7.0,7.0,30.43,40.11,12.0,12.0,52.17,68.75,9.0,9.0,39.13,51.56,3.0,3.0,13.04,17.19,5.0,5.0,21.74,28.65,2.0,2.0,8.7,11.46,4.0,4.0,17.39,22.92,1.0,1.0,4.35,5.73,0.0,0.0,0.0,0.0,0.0,0.0,0.0,0.0,0.0,0.0,0.0,0.0,6.0,6.0,26.09,34.38,2.0,2.0,8.7,11.46,4.0,4.0,17.39,22.92,2.0,2.0,8.7,11.46,3.0,3.0,13.04,17.19,0.0,0.0,0.0,0.0,1.0,1.0,4.35,5.73,0.0,0.0,0.0,0.0,0.0,0.0,0.0,0.0,30.43,52.17,-21.74,87.85,-5.0,-5.0,-21.74,6.28,6.28,0.39,0.39,0.4,0.25,,0.18,1.0,0.0,0.75,0.5,0.0,4.35,0.0,0.0,0.0
4,新北中信特攻,39|44|10879|10880,魏嘉豪/黃泓瀚/簡廷兆/內馬,5,35,39.0,508.28,8.47,08:28,101.66,1.69,01:42,16.0,3.2,41.03,67.99,19.0,3.8,48.72,80.74,18.0,3.6,46.15,76.49,6.0,1.2,15.38,25.5,11.0,2.2,28.21,46.75,4.0,0.8,10.26,17.0,7.0,1.4,17.95,29.75,2.0,0.4,5.13,8.5,2.0,0.4,5.13,8.5,2.0,0.4,5.13,8.5,4.0,0.8,10.26,17.0,7.0,1.4,17.95,29.75,1.0,0.2,2.56,4.25,3.0,0.6,7.69,12.75,2.0,0.4,5.13,8.5,3.0,0.6,7.69,12.75,1.0,0.2,2.56,4.25,0.0,0.0,0.0,0.0,1.0,0.2,2.56,4.25,4.0,0.8,10.26,17.0,41.03,48.72,-7.69,110.49,-3.0,-0.6,-7.69,8.47,1.69,0.39,0.42,0.36,0.29,1.0,0.1,0.5,0.57,0.88,0.73,2.56,0.0,0.03,10.26,0.11
4,新北中信特攻,39|44|10879|10882,魏嘉豪/黃泓瀚/簡廷兆/霸夫,1,7,8.0,91.0,1.52,01:31,91.0,1.52,01:31,2.0,2.0,25.0,47.47,3.0,3.0,37.5,71.21,3.0,3.0,37.5,71.21,1.0,1.0,12.5,23.74,3.0,3.0,37.5,71.21,1.0,1.0,12.5,23.74,0.0,0.0,0.0,0.0,0.0,0.0,0.0,0.0,0.0,0.0,0.0,0.0,0.0,0.0,0.0,0.0,1.0,1.0,12.5,23.74,1.0,1.0,12.5,23.74,0.0,0.0,0.0,0.0,1.0,1.0,12.5,23.74,1.0,1.0,12.5,23.74,0.0,0.0,0.0,0.0,1.0,1.0,12.5,23.74,0.0,0.0,0.0,0.0,0.0,0.0,0.0,0.0,0.0,0.0,0.0,0.0,25.0,37.5,-12.5,126.59,-1.0,-1.0,-12.5,1.52,1.52,0.33,0.33,0.33,,,0.25,0.0,0.5,1.0,0.67,12.5,0.0,0.0,0.0,0.0
4,桃園台啤永豐雲豹,12|57|62|10861,曹薰襄/莊博元/王皓吉/迪亞洛,3,18,20.0,319.33,5.32,05:19,106.44,1.77,01:46,14.0,4.67,70.0,94.7,8.0,2.67,40.0,54.11,8.0,2.67,40.0,54.11,5.0,1.67,25.0,33.82,7.0,2.33,35.0,47.35,4.0,1.33,20.0,27.06,1.0,0.33,5.0,6.76,1.0,0.33,5.0,6.76,4.0,1.33,20.0,27.06,3.0,1.0,15.0,20.29,0.0,0.0,0.0,0.0,3.0,1.0,15.0,20.29,1.0,0.33,5.0,6.76,4.0,1.33,20.0,27.06,1.0,0.33,5.0,6.76,6.0,2.0,30.0,40.59,0.0,0.0,0.0,0.0,1.0,0.33,5.0,6.76,1.0,0.33,5.0,6.76,0.0,0.0,0.0,0.0,70.0,40.0,30.0,90.19,6.0,2.0,30.0,5.32,1.77,0.69,0.72,0.57,1.0,0.75,0.09,1.2,0.0,0.75,0.38,0.0,5.0,0.05,0.0,0.5
4,桃園台啤永豐雲豹,16|57|62|10861,米勒/莊博元/王皓吉/迪亞洛,4,18,21.0,321.77,5.36,05:22,80.44,1.34,01:20,13.0,3.25,61.9,87.27,7.0,1.75,33.33,46.99,9.0,2.25,42.86,60.42,5.0,1.25,23.81,33.56,8.0,2.0,38.1,53.7,5.0,1.25,23.81,33.56,1.0,0.25,4.76,6.71,0.0,0.0,0.0,0.0,4.0,1.0,19.05,26.85,3.0,0.75,14.29,20.14,1.0,0.25,4.76,6.71,3.0,0.75,14.29,20.14,1.0,0.25,4.76,6.71,3.0,0.75,14.29,20.14,1.0,0.25,4.76,6.71,5.0,1.25,23.81,33.56,1.0,0.25,4.76,6.71,1.0,0.25,4.76,6.71,2.0,0.5,9.52,13.43,0.0,0.0,0.0,0.0,61.9,33.33,28.57,93.98,6.0,1.5,28.57,5.36,1.34,0.56,0.6,0.62,0.0,0.75,0.09,1.0,0.25,0.75,0.5,4.76,4.76,0.1,0.0,0.44
4,新北中信特攻,43|47|10880|10881,林韋翰/曾文鼎/內馬/飛克,4,51,65.0,852.46,14.21,14:12,213.12,3.55,03:33,36.0,9.0,55.38,91.22,24.0,6.0,36.92,60.81,28.0,7.0,43.08,70.95,14.0,3.5,21.54,35.47,17.0,4.25,26.15,43.08,10.0,2.5,15.38,25.34,11.0,2.75,16.92,27.87,4.0,1.0,6.15,10.14,6.0,1.5,9.23,15.2,4.0,1.0,6.15,10.14,6.0,1.5,9.23,15.2,9.0,2.25,13.85,22.8,6.0,1.5,9.23,15.2,9.0,2.25,13.85,22.8,1.0,0.25,1.54,2.53,8.0,2.0,12.31,20.27,0.0,0.0,0.0,0.0,3.0,0.75,4.62,7.6,6.0,1.5,9.23,15.2,4.0,1.0,6.15,10.14,55.38,36.92,18.46,109.8,12.0,3.0,18.46,14.21,3.55,0.57,0.59,0.59,0.36,0.67,0.03,0.57,0.4,0.6,0.5,0.0,4.62,0.09,6.15,0.21
4,桃園台啤永豐雲豹,12|62|10860|10861,曹薰襄/王皓吉/麥卡洛/迪亞洛,4,80,101.0,1184.74,19.75,19:45,296.19,4.94,04:56,37.0,9.25,36.63,67.46,26.0,6.5,25.74,47.4,30.0,7.5,29.7,54.7,12.0,3.0,11.88,21.88,22.0,5.5,21.78,40.11,10.0,2.5,9.9,18.23,8.0,2.0,7.92,14.59,2.0,0.5,1.98,3.65,14.0,3.5,13.86,25.52,11.0,2.75,10.89,20.05,4.0,1.0,3.96,7.29,12.0,3.0,11.88,21.88,8.0,2.0,7.92,14.59,18.0,4.5,17.82,32.82,10.0,2.5,9.9,18.23,7.0,1.75,6.93,12.76,4.0,1.0,3.96,7.29,0.0,0.0,0.0,0.0,10.0,2.5,9.9,18.23,4.0,1.0,3.96,7.29,36.63,25.74,10.89,122.76,11.0,2.75,10.89,19.75,4.94,0.43,0.51,0.45,0.25,0.79,0.22,0.58,0.18,0.6,0.38,3.96,0.0,0.1,3.96,0.47
4,桃園台啤永豐雲豹,57|62|10860|10861,莊博元/王皓吉/麥卡洛/迪亞洛,1,4,4.0,76.0,1.27,01:16,76.0,1.27,01:16,3.0,3.0,75.0,85.26,0.0,0.0,0.0,0.0,2.0,2.0,50.0,56.84,1.0,1.0,25.0,28.42,1.0,1.0,25.0,28.42,0.0,0.0,0.0,0.0,1.0,1.0,25.0,28.42,1.0,1.0,25.0,28.42,0.0,0.0,0.0,0.0,0.0,0.0,0.0,0.0,0.0,0.0,0.0,0.0,1.0,1.0,25.0,28.42,0.0,0.0,0.0,0.0,2.0,2.0,50.0,56.84,0.0,0.0,0.0,0.0,1.0,1.0,25.0,28.42,0.0,0.0,0.0,0.0,0.0,0.0,0.0,0.0,0.0,0.0,0.0,0.0,0.0,0.0,0.0,0.0,75.0,0.0,75.0,75.79,3.0,3.0,75.0,1.27,1.27,0.75,0.75,0.0,1.0,,0.0,1.0,0.0,1.0,0.33,0.0,0.0,0.0,0.0,0.0
4,新北中信特攻,39|40|47|10880,魏嘉豪/謝亞軒/曾文鼎/內馬,2,22,26.0,360.0,6.0,06:00,180.0,3.0,03:00,17.0,8.5,65.38,102.0,15.0,7.5,57.69,90.0,13.0,6.5,50.0,78.0,7.0,3.5,26.92,42.0,8.0,4.0,30.77,48.0,4.0,2.0,15.38,24.0,5.0,2.5,19.23,30.0,3.0,1.5,11.54,18.0,0.0,0.0,0.0,0.0,0.0,0.0,0.0,0.0,2.0,1.0,7.69,12.0,4.0,2.0,15.38,24.0,1.0,0.5,3.85,6.0,3.0,1.5,11.54,18.0,0.0,0.0,0.0,0.0,6.0,3.0,23.08,36.0,0.0,0.0,0.0,0.0,1.0,0.5,3.85,6.0,0.0,0.0,0.0,0.0,1.0,0.5,3.85,6.0,65.38,57.69,7.69,104.0,2.0,1.0,7.69,6.0,3.0,0.65,0.65,0.5,0.6,,0.0,0.86,0.4,0.8,0.6,0.0,3.85,0.0,3.85,0.0
4,新北中信特攻,39|40|10878|10880,魏嘉豪/謝亞軒/曾信武/內馬,1,2,2.0,33.0,0.55,00:33,33.0,0.55,00:33,0.0,0.0,0.0,0.0,2.0,2.0,100.0,130.91,0.0,0.0,0.0,0.0,0.0,0.0,0.0,0.0,0.0,0.0,0.0,0.0,0.0,0.0,0.0,0.0,0.0,0.0,0.0,0.0,0.0,0.0,0.0,0.0,0.0,0.0,0.0,0.0,0.0,0.0,0.0,0.0,0.0,0.0,0.0,0.0,0.0,0.0,0.0,0.0,0.0,0.0,0.0,0.0,0.0,0.0,0.0,0.0,2.0,2.0,100.0,130.91,0.0,0.0,0.0,0.0,2.0,2.0,100.0,130.91,0.0,0.0,0.0,0.0,0.0,0.0,0.0,0.0,2.0,2.0,100.0,130.91,0.0,100.0,-100.0,87.27,-2.0,-2.0,-100.0,0.55,0.55,,,,,,1.0,,,,,100.0,0.0,0.0,100.0,
4,新北中信特攻,39|40|10878|10882,魏嘉豪/謝亞軒/曾信武/霸夫,1,2,2.0,33.0,0.55,00:33,33.0,0.55,00:33,0.0,0.0,0.0,0.0,2.0,2.0,100.0,130.91,0.0,0.0,0.0,0.0,0.0,0.0,0.0,0.0,0.0,0.0,0.0,0.0,0.0,0.0,0.0,0.0,0.0,0.0,0.0,0.0,0.0,0.0,0.0,0.0,0.0,0.0,0.0,0.0,0.0,0.0,0.0,0.0,0.0,0.0,0.0,0.0,0.0,0.0,0.0,0.0,0.0,0.0,0.0,0.0,0.0,0.0,0.0,0.0,2.0,2.0,100.0,130.91,0.0,0.0,0.0,0.0,2.0,2.0,100.0,130.91,0.0,0.0,0.0,0.0,0.0,0.0,0.0,0.0,2.0,2.0,100.0,130.91,0.0,100.0,-100.0,87.27,-2.0,-2.0,-100.0,0.55,0.55,,,,,,1.0,,,,,100.0,0.0,0.0,100.0,
4,新北中信特攻,39|10878|10880|10882,魏嘉豪/曾信武/內馬/霸夫,1,2,2.0,33.0,0.55,00:33,33.0,0.55,00:33,0.0,0.0,0.0,0.0,2.0,2.0,100.0,130.91,0.0,0.0,0.0,0.0,0.0,0.0,0.0,0.0,0.0,0.0,0.0,0.0,0.0,0.0,0.0,0.0,0.0,0.0,0.0,0.0,0.0,0.0,0.0,0.0,0.0,0.0,0.0,0.0,0.0,0.0,0.0,0.0,0.0,0.0,0.0,0.0,0.0,0.0,0.0,0.0,0.0,0.0,0.0,0.0,0.0,0.0,0.0,0.0,2.0,2.0,100.0,130.91,0.0,0.0,0.0,0.0,2.0,2.0,100.0,130.91,0.0,0.0,0.0,0.0,0.0,0.0,0.0,0.0,2.0,2.0,100.0,130.91,0.0,100.0,-100.0,87.27,-2.0,-2.0,-100.0,0.55,0.55,,,,,,1.0,,,,,100.0,0.0,0.0,100.0,
4,新北中信特攻,40|10878|10880|10882,謝亞軒/曾信武/內馬/霸夫,1,8,11.0,120.99,2.02,02:01,120.99,2.02,02:01,5.0,5.0,45.45,89.26,2.0,2.0,18.18,35.7,2.0,2.0,18.18,35.7,2.0,2.0,18.18,35.7,1.0,1.0,9.09,17.85,1.0,1.0,9.09,17.85,1.0,1.0,9.09,17.85,1.0,1.0,9.09,17.85,0.0,0.0,0.0,0.0,0.0,0.0,0.0,0.0,0.0,0.0,0.0,0.0,0.0,0.0,0.0,0.0,4.0,4.0,36.36,71.41,3.0,3.0,27.27,53.56,2.0,2.0,18.18,35.7,0.0,0.0,0.0,0.0,2.0,2.0,18.18,35.7,0.0,0.0,0.0,0.0,1.0,1.0,9.09,17.85,6.0,6.0,54.55,107.11,45.45,18.18,27.27,130.91,3.0,3.0,27.27,2.02,2.02,1.25,1.25,1.0,1.0,,0.5,0.0,0.0,0.0,0.0,18.18,0.0,0.09,54.55,0.0
4,新北中信特攻,40|43|10878|10880,謝亞軒/林韋翰/曾信武/內馬,1,6,9.0,87.99,1.47,01:28,87.99,1.47,01:28,5.0,5.0,55.56,122.73,0.0,0.0,0.0,0.0,2.0,2.0,22.22,49.09,2.0,2.0,22.22,49.09,1.0,1.0,11.11,24.55,1.0,1.0,11.11,24.55,1.0,1.0,11.11,24.55,1.0,1.0,11.11,24.55,0.0,0.0,0.0,0.0,0.0,0.0,0.0,0.0,0.0,0.0,0.0,0.0,0.0,0.0,0.0,0.0,4.0,4.0,44.44,98.19,3.0,3.0,33.33,73.64,0.0,0.0,0.0,0.0,0.0,0.0,0.0,0.0,0.0,0.0,0.0,0.0,0.0,0.0,0.0,0.0,1.0,1.0,11.11,24.55,4.0,4.0,44.44,98.19,55.56,0.0,55.56,147.28,5.0,5.0,55.56,1.47,1.47,1.25,1.25,1.0,1.0,,0.0,0.0,0.0,0.0,0.0,0.0,0.0,0.11,44.44,0.0
4,新北中信特攻,43|10878|10880|10882,林韋翰/曾信武/內馬/霸夫,1,6,9.0,87.99,1.47,01:28,87.99,1.47,01:28,5.0,5.0,55.56,122.73,0.0,0.0,0.0,0.0,2.0,2.0,22.22,49.09,2.0,2.0,22.22,49.09,1.0,1.0,11.11,24.55,1.0,1.0,11.11,24.55,1.0,1.0,11.11,24.55,1.0,1.0,11.11,24.55,0.0,0.0,0.0,0.0,0.0,0.0,0.0,0.0,0.0,0.0,0.0,0.0,0.0,0.0,0.0,0.0,4.0,4.0,44.44,98.19,3.0,3.0,33.33,73.64,0.0,0.0,0.0,0.0,0.0,0.0,0.0,0.0,0.0,0.0,0.0,0.0,0.0,0.0,0.0,0.0,1.0,1.0,11.11,24.55,4.0,4.0,44.44,98.19,55.56,0.0,55.56,147.28,5.0,5.0,55.56,1.47,1.47,1.25,1.25,1.0,1.0,,0.0,0.0,0.0,0.0,0.0,0.0,0.0,0.11,44.44,0.0
4,新北中信特攻,35|43|113|10879,李睿麒/林韋翰/林任鴻/簡廷兆,1,3,4.0,59.79,1.0,01:00,59.79,1.0,01:00,0.0,0.0,0.0,0.0,0.0,0.0,0.0,0.0,2.0,2.0,50.0,72.25,0.0,0.0,0.0,0.0,0.0,0.0,0.0,0.0,0.0,0.0,0.0,0.0,2.0,2.0,50.0,72.25,0.0,0.0,0.0,0.0,0.0,0.0,0.0,0.0,0.0,0.0,0.0,0.0,1.0,1.0,25.0,36.13,1.0,1.0,25.0,36.13,0.0,0.0,0.0,0.0,0.0,0.0,0.0,0.0,0.0,0.0,0.0,0.0,0.0,0.0,0.0,0.0,0.0,0.0,0.0,0.0,0.0,0.0,0.0,0.0,0.0,0.0,0.0,0.0,0.0,0.0,0.0,0.0,0.0,0.0,0.0,96.34,0.0,0.0,0.0,1.0,1.0,0.0,0.0,,0.0,,0.0,,1.0,1.0,1.0,0.0,0.0,0.0,0.0,0.0
4,新北中信特攻,35|43|113|10880,李睿麒/林韋翰/林任鴻/內馬,1,3,4.0,29.79,0.5,00:30,29.79,0.5,00:30,0.0,0.0,0.0,0.0,0.0,0.0,0.0,0.0,2.0,2.0,50.0,145.02,0.0,0.0,0.0,0.0,0.0,0.0,0.0,0.0,0.0,0.0,0.0,0.0,2.0,2.0,50.0,145.02,0.0,0.0,0.0,0.0,0.0,0.0,0.0,0.0,0.0,0.0,0.0,0.0,1.0,1.0,25.0,72.51,1.0,1.0,25.0,72.51,0.0,0.0,0.0,0.0,0.0,0.0,0.0,0.0,0.0,0.0,0.0,0.0,0.0,0.0,0.0,0.0,0.0,0.0,0.0,0.0,0.0,0.0,0.0,0.0,0.0,0.0,0.0,0.0,0.0,0.0,0.0,0.0,0.0,0.0,0.0,193.35,0.0,0.0,0.0,0.5,0.5,0.0,0.0,,0.0,,0.0,,1.0,1.0,1.0,0.0,0.0,0.0,0.0,0.0
4,新北中信特攻,35|43|10879|10880,李睿麒/林韋翰/簡廷兆/內馬,1,3,4.0,29.79,0.5,00:30,29.79,0.5,00:30,0.0,0.0,0.0,0.0,0.0,0.0,0.0,0.0,2.0,2.0,50.0,145.02,0.0,0.0,0.0,0.0,0.0,0.0,0.0,0.0,0.0,0.0,0.0,0.0,2.0,2.0,50.0,145.02,0.0,0.0,0.0,0.0,0.0,0.0,0.0,0.0,0.0,0.0,0.0,0.0,1.0,1.0,25.0,72.51,1.0,1.0,25.0,72.51,0.0,0.0,0.0,0.0,0.0,0.0,0.0,0.0,0.0,0.0,0.0,0.0,0.0,0.0,0.0,0.0,0.0,0.0,0.0,0.0,0.0,0.0,0.0,0.0,0.0,0.0,0.0,0.0,0.0,0.0,0.0,0.0,0.0,0.0,0.0,193.35,0.0,0.0,0.0,0.5,0.5,0.0,0.0,,0.0,,0.0,,1.0,1.0,1.0,0.0,0.0,0.0,0.0,0.0
4,新北中信特攻,35|113|10879|10880,李睿麒/林任鴻/簡廷兆/內馬,1,3,4.0,29.79,0.5,00:30,29.79,0.5,00:30,0.0,0.0,0.0,0.0,0.0,0.0,0.0,0.0,2.0,2.0,50.0,145.02,0.0,0.0,0.0,0.0,0.0,0.0,0.0,0.0,0.0,0.0,0.0,0.0,2.0,2.0,50.0,145.02,0.0,0.0,0.0,0.0,0.0,0.0,0.0,0.0,0.0,0.0,0.0,0.0,1.0,1.0,25.0,72.51,1.0,1.0,25.0,72.51,0.0,0.0,0.0,0.0,0.0,0.0,0.0,0.0,0.0,0.0,0.0,0.0,0.0,0.0,0.0,0.0,0.0,0.0,0.0,0.0,0.0,0.0,0.0,0.0,0.0,0.0,0.0,0.0,0.0,0.0,0.0,0.0,0.0,0.0,0.0,193.35,0.0,0.0,0.0,0.5,0.5,0.0,0.0,,0.0,,0.0,,1.0,1.0,1.0,0.0,0.0,0.0,0.0,0.0
4,新北中信特攻,35|38|113|10879,李睿麒/余維豪/林任鴻/簡廷兆,2,17,21.0,307.0,5.12,05:07,153.5,2.56,02:34,11.0,5.5,52.38,77.39,10.0,5.0,47.62,70.36,10.0,5.0,47.62,70.36,5.0,2.5,23.81,35.18,6.0,3.0,28.57,42.21,4.0,2.0,19.05,28.14,4.0,2.0,19.05,28.14,1.0,0.5,4.76,7.04,0.0,0.0,0.0,0.0,0.0,0.0,0.0,0.0,2.0,1.0,9.52,14.07,3.0,1.5,14.29,21.11,2.0,1.0,9.52,14.07,3.0,1.5,14.29,21.11,1.0,0.5,4.76,7.04,3.0,1.5,14.29,21.11,0.0,0.0,0.0,0.0,1.0,0.5,4.76,7.04,1.0,0.5,4.76,7.04,4.0,2.0,19.05,28.14,52.38,47.62,4.76,98.5,1.0,0.5,4.76,5.12,2.56,0.55,0.55,0.67,0.25,,0.09,0.6,0.4,0.6,0.5,0.0,4.76,0.05,19.05,0.0
4,新北中信特攻,35|38|113|10881,李睿麒/余維豪/林任鴻/飛克,1,6,7.0,92.0,1.53,01:32,92.0,1.53,01:32,2.0,2.0,28.57,46.96,7.0,7.0,100.0,164.35,2.0,2.0,28.57,46.96,1.0,1.0,14.29,23.48,2.0,2.0,28.57,46.96,1.0,1.0,14.29,23.48,0.0,0.0,0.0,0.0,0.0,0.0,0.0,0.0,0.0,0.0,0.0,0.0,0.0,0.0,0.0,0.0,0.0,0.0,0.0,0.0,1.0,1.0,14.29,23.48,1.0,1.0,14.29,23.48,0.0,0.0,0.0,0.0,1.0,1.0,14.29,23.48,1.0,1.0,14.29,23.48,0.0,0.0,0.0,0.0,0.0,0.0,0.0,0.0,0.0,0.0,0.0,0.0,2.0,2.0,28.57,46.96,28.57,100.0,-71.43,109.57,-5.0,-5.0,-71.43,1.53,1.53,0.5,0.5,0.5,,,0.33,1.0,,0.5,0.5,0.0,0.0,0.0,28.57,0.0
4,新北中信特攻,35|38|10879|10881,李睿麒/余維豪/簡廷兆/飛克,1,4,5.0,75.0,1.25,01:15,75.0,1.25,01:15,2.0,2.0,40.0,57.6,4.0,4.0,80.0,115.2,2.0,2.0,40.0,57.6,1.0,1.0,20.0,28.8,2.0,2.0,40.0,57.6,1.0,1.0,20.0,28.8,0.0,0.0,0.0,0.0,0.0,0.0,0.0,0.0,0.0,0.0,0.0,0.0,0.0,0.0,0.0,0.0,0.0,0.0,0.0,0.0,1.0,1.0,20.0,28.8,1.0,1.0,20.0,28.8,0.0,0.0,0.0,0.0,0.0,0.0,0.0,0.0,1.0,1.0,20.0,28.8,0.0,0.0,0.0,0.0,0.0,0.0,0.0,0.0,0.0,0.0,0.0,0.0,2.0,2.0,40.0,57.6,40.0,80.0,-40.0,96.0,-2.0,-2.0,-40.0,1.25,1.25,0.5,0.5,0.5,,,0.0,1.0,,0.5,0.5,0.0,0.0,0.0,40.0,0.0
4,新北中信特攻,35|113|10879|10881,李睿麒/林任鴻/簡廷兆/飛克,1,4,5.0,105.0,1.75,01:45,105.0,1.75,01:45,2.0,2.0,40.0,41.14,4.0,4.0,80.0,82.29,2.0,2.0,40.0,41.14,1.0,1.0,20.0,20.57,2.0,2.0,40.0,41.14,1.0,1.0,20.0,20.57,0.0,0.0,0.0,0.0,0.0,0.0,0.0,0.0,0.0,0.0,0.0,0.0,0.0,0.0,0.0,0.0,0.0,0.0,0.0,0.0,1.0,1.0,20.0,20.57,1.0,1.0,20.0,20.57,0.0,0.0,0.0,0.0,0.0,0.0,0.0,0.0,1.0,1.0,20.0,20.57,0.0,0.0,0.0,0.0,0.0,0.0,0.0,0.0,0.0,0.0,0.0,0.0,2.0,2.0,40.0,41.14,40.0,80.0,-40.0,68.57,-2.0,-2.0,-40.0,1.75,1.75,0.5,0.5,0.5,,,0.0,1.0,,0.5,0.5,0.0,0.0,0.0,40.0,0.0
4,新北中信特攻,38|113|10879|10881,余維豪/林任鴻/簡廷兆/飛克,1,4,5.0,75.0,1.25,01:15,75.0,1.25,01:15,2.0,2.0,40.0,57.6,4.0,4.0,80.0,115.2,2.0,2.0,40.0,57.6,1.0,1.0,20.0,28.8,2.0,2.0,40.0,57.6,1.0,1.0,20.0,28.8,0.0,0.0,0.0,0.0,0.0,0.0,0.0,0.0,0.0,0.0,0.0,0.0,0.0,0.0,0.0,0.0,0.0,0.0,0.0,0.0,1.0,1.0,20.0,28.8,1.0,1.0,20.0,28.8,0.0,0.0,0.0,0.0,0.0,0.0,0.0,0.0,1.0,1.0,20.0,28.8,0.0,0.0,0.0,0.0,0.0,0.0,0.0,0.0,0.0,0.0,0.0,0.0,2.0,2.0,40.0,57.6,40.0,80.0,-40.0,96.0,-2.0,-2.0,-40.0,1.25,1.25,0.5,0.5,0.5,,,0.0,1.0,,0.5,0.5,0.0,0.0,0.0,40.0,0.0
4,桃園台啤永豐雲豹,55|56|60|10884,汪哲宇/丁冠皓/黃鎮/徐宏瑋,7,49,70.0,761.94,12.7,12:42,108.85,1.81,01:49,27.0,3.86,38.57,76.54,23.0,3.29,32.86,65.2,21.0,3.0,30.0,59.53,8.0,1.14,11.43,22.68,9.0,1.29,12.86,25.51,3.0,0.43,4.29,8.5,12.0,1.71,17.14,34.02,5.0,0.71,7.14,14.17,8.0,1.14,11.43,22.68,6.0,0.86,8.57,17.01,8.0,1.14,11.43,22.68,5.0,0.71,7.14,14.17,10.0,1.43,14.29,28.35,7.0,1.0,10.0,19.84,7.0,1.0,10.0,19.84,6.0,0.86,8.57,17.01,5.0,0.71,7.14,14.17,1.0,0.14,1.43,2.83,8.0,1.14,11.43,22.68,11.0,1.57,15.71,31.18,38.57,32.86,5.71,132.29,4.0,0.57,5.71,12.7,1.81,0.5,0.55,0.33,0.42,0.75,0.22,0.75,0.53,0.33,0.43,7.14,1.43,0.11,15.71,0.38
4,桃園台啤永豐雲豹,56|60|64|10884,丁冠皓/黃鎮/劉元凱/徐宏瑋,7,49,70.0,761.94,12.7,12:42,108.85,1.81,01:49,27.0,3.86,38.57,76.54,23.0,3.29,32.86,65.2,21.0,3.0,30.0,59.53,8.0,1.14,11.43,22.68,9.0,1.29,12.86,25.51,3.0,0.43,4.29,8.5,12.0,1.71,17.14,34.02,5.0,0.71,7.14,14.17,8.0,1.14,11.43,22.68,6.0,0.86,8.57,17.01,8.0,1.14,11.43,22.68,5.0,0.71,7.14,14.17,10.0,1.43,14.29,28.35,7.0,1.0,10.0,19.84,7.0,1.0,10.0,19.84,6.0,0.86,8.57,17.01,5.0,0.71,7.14,14.17,1.0,0.14,1.43,2.83,8.0,1.14,11.43,22.68,11.0,1.57,15.71,31.18,38.57,32.86,5.71,132.29,4.0,0.57,5.71,12.7,1.81,0.5,0.55,0.33,0.42,0.75,0.22,0.75,0.53,0.33,0.43,7.14,1.43,0.11,15.71,0.38
4,新北中信特攻,35|38|113|10883,李睿麒/余維豪/林任鴻/林安龍,1,8,8.0,105.0,1.75,01:45,105.0,1.75,01:45,3.0,3.0,37.5,61.71,5.0,5.0,62.5,102.86,3.0,3.0,37.5,61.71,1.0,1.0,12.5,20.57,1.0,1.0,12.5,20.57,1.0,1.0,12.5,20.57,2.0,2.0,25.0,41.14,0.0,0.0,0.0,0.0,1.0,1.0,12.5,20.57,1.0,1.0,12.5,20.57,0.0,0.0,0.0,0.0,1.0,1.0,12.5,20.57,0.0,0.0,0.0,0.0,0.0,0.0,0.0,0.0,1.0,1.0,12.5,20.57,0.0,0.0,0.0,0.0,0.0,0.0,0.0,0.0,0.0,0.0,0.0,0.0,1.0,1.0,12.5,20.57,0.0,0.0,0.0,0.0,37.5,62.5,-25.0,109.71,-2.0,-2.0,-25.0,1.75,1.75,0.33,0.44,1.0,0.0,1.0,0.23,0.0,,1.0,1.0,0.0,0.0,0.12,0.0,0.33
4,新北中信特攻,35|38|10881|10883,李睿麒/余維豪/飛克/林安龍,1,2,2.0,17.0,0.28,00:17,17.0,0.28,00:17,0.0,0.0,0.0,0.0,3.0,3.0,150.0,381.18,0.0,0.0,0.0,0.0,0.0,0.0,0.0,0.0,0.0,0.0,0.0,0.0,0.0,0.0,0.0,0.0,0.0,0.0,0.0,0.0,0.0,0.0,0.0,0.0,0.0,0.0,0.0,0.0,0.0,0.0,0.0,0.0,0.0,0.0,0.0,0.0,0.0,0.0,0.0,0.0,0.0,0.0,0.0,0.0,0.0,0.0,0.0,0.0,1.0,1.0,50.0,127.06,0.0,0.0,0.0,0.0,0.0,0.0,0.0,0.0,0.0,0.0,0.0,0.0,0.0,0.0,0.0,0.0,0.0,0.0,0.0,0.0,0.0,150.0,-150.0,169.41,-3.0,-3.0,-150.0,0.28,0.28,,,,,,1.0,,,,,0.0,0.0,0.0,0.0,
4,新北中信特攻,35|113|10881|10883,李睿麒/林任鴻/飛克/林安龍,1,2,2.0,17.0,0.28,00:17,17.0,0.28,00:17,0.0,0.0,0.0,0.0,3.0,3.0,150.0,381.18,0.0,0.0,0.0,0.0,0.0,0.0,0.0,0.0,0.0,0.0,0.0,0.0,0.0,0.0,0.0,0.0,0.0,0.0,0.0,0.0,0.0,0.0,0.0,0.0,0.0,0.0,0.0,0.0,0.0,0.0,0.0,0.0,0.0,0.0,0.0,0.0,0.0,0.0,0.0,0.0,0.0,0.0,0.0,0.0,0.0,0.0,0.0,0.0,1.0,1.0,50.0,127.06,0.0,0.0,0.0,0.0,0.0,0.0,0.0,0.0,0.0,0.0,0.0,0.0,0.0,0.0,0.0,0.0,0.0,0.0,0.0,0.0,0.0,150.0,-150.0,169.41,-3.0,-3.0,-150.0,0.28,0.28,,,,,,1.0,,,,,0.0,0.0,0.0,0.0,
4,新北中信特攻,38|113|10881|10883,余維豪/林任鴻/飛克/林安龍,1,2,2.0,17.0,0.28,00:17,17.0,0.28,00:17,0.0,0.0,0.0,0.0,3.0,3.0,150.0,381.18,0.0,0.0,0.0,0.0,0.0,0.0,0.0,0.0,0.0,0.0,0.0,0.0,0.0,0.0,0.0,0.0,0.0,0.0,0.0,0.0,0.0,0.0,0.0,0.0,0.0,0.0,0.0,0.0,0.0,0.0,0.0,0.0,0.0,0.0,0.0,0.0,0.0,0.0,0.0,0.0,0.0,0.0,0.0,0.0,0.0,0.0,0.0,0.0,1.0,1.0,50.0,127.06,0.0,0.0,0.0,0.0,0.0,0.0,0.0,0.0,0.0,0.0,0.0,0.0,0.0,0.0,0.0,0.0,0.0,0.0,0.0,0.0,0.0,150.0,-150.0,169.41,-3.0,-3.0,-150.0,0.28,0.28,,,,,,1.0,,,,,0.0,0.0,0.0,0.0,
4,新北中信特攻,35|38|113|10878,李睿麒/余維豪/林任鴻/曾信武,1,6,6.0,88.0,1.47,01:28,88.0,1.47,01:28,3.0,3.0,50.0,73.64,2.0,2.0,33.33,49.09,3.0,3.0,50.0,73.64,1.0,1.0,16.67,24.55,1.0,1.0,16.67,24.55,1.0,1.0,16.67,24.55,2.0,2.0,33.33,49.09,0.0,0.0,0.0,0.0,1.0,1.0,16.67,24.55,1.0,1.0,16.67,24.55,0.0,0.0,0.0,0.0,1.0,1.0,16.67,24.55,0.0,0.0,0.0,0.0,0.0,0.0,0.0,0.0,0.0,0.0,0.0,0.0,0.0,0.0,0.0,0.0,0.0,0.0,0.0,0.0,0.0,0.0,0.0,0.0,1.0,1.0,16.67,24.55,0.0,0.0,0.0,0.0,50.0,33.33,16.67,98.18,1.0,1.0,16.67,1.47,1.47,0.33,0.44,1.0,0.0,1.0,0.0,0.0,,1.0,1.0,0.0,0.0,0.17,0.0,0.33
4,新北中信特攻,35|38|10878|10883,李睿麒/余維豪/曾信武/林安龍,1,6,6.0,88.0,1.47,01:28,88.0,1.47,01:28,3.0,3.0,50.0,73.64,2.0,2.0,33.33,49.09,3.0,3.0,50.0,73.64,1.0,1.0,16.67,24.55,1.0,1.0,16.67,24.55,1.0,1.0,16.67,24.55,2.0,2.0,33.33,49.09,0.0,0.0,0.0,0.0,1.0,1.0,16.67,24.55,1.0,1.0,16.67,24.55,0.0,0.0,0.0,0.0,1.0,1.0,16.67,24.55,0.0,0.0,0.0,0.0,0.0,0.0,0.0,0.0,0.0,0.0,0.0,0.0,0.0,0.0,0.0,0.0,0.0,0.0,0.0,0.0,0.0,0.0,0.0,0.0,1.0,1.0,16.67,24.55,0.0,0.0,0.0,0.0,50.0,33.33,16.67,98.18,1.0,1.0,16.67,1.47,1.47,0.33,0.44,1.0,0.0,1.0,0.0,0.0,,1.0,1.0,0.0,0.0,0.17,0.0,0.33
4,新北中信特攻,35|113|10878|10883,李睿麒/林任鴻/曾信武/林安龍,1,6,6.0,88.0,1.47,01:28,88.0,1.47,01:28,3.0,3.0,50.0,73.64,2.0,2.0,33.33,49.09,3.0,3.0,50.0,73.64,1.0,1.0,16.67,24.55,1.0,1.0,16.67,24.55,1.0,1.0,16.67,24.55,2.0,2.0,33.33,49.09,0.0,0.0,0.0,0.0,1.0,1.0,16.67,24.55,1.0,1.0,16.67,24.55,0.0,0.0,0.0,0.0,1.0,1.0,16.67,24.55,0.0,0.0,0.0,0.0,0.0,0.0,0.0,0.0,0.0,0.0,0.0,0.0,0.0,0.0,0.0,0.0,0.0,0.0,0.0,0.0,0.0,0.0,0.0,0.0,1.0,1.0,16.67,24.55,0.0,0.0,0.0,0.0,50.0,33.33,16.67,98.18,1.0,1.0,16.67,1.47,1.47,0.33,0.44,1.0,0.0,1.0,0.0,0.0,,1.0,1.0,0.0,0.0,0.17,0.0,0.33
4,新北中信特攻,38|113|10878|10883,余維豪/林任鴻/曾信武/林安龍,1,6,6.0,88.0,1.47,01:28,88.0,1.47,01:28,3.0,3.0,50.0,73.64,2.0,2.0,33.33,49.09,3.0,3.0,50.0,73.64,1.0,1.0,16.67,24.55,1.0,1.0,16.67,24.55,1.0,1.0,16.67,24.55,2.0,2.0,33.33,49.09,0.0,0.0,0.0,0.0,1.0,1.0,16.67,24.55,1.0,1.0,16.67,24.55,0.0,0.0,0.0,0.0,1.0,1.0,16.67,24.55,0.0,0.0,0.0,0.0,0.0,0.0,0.0,0.0,0.0,0.0,0.0,0.0,0.0,0.0,0.0,0.0,0.0,0.0,0.0,0.0,0.0,0.0,0.0,0.0,1.0,1.0,16.67,24.55,0.0,0.0,0.0,0.0,50.0,33.33,16.67,98.18,1.0,1.0,16.67,1.47,1.47,0.33,0.44,1.0,0.0,1.0,0.0,0.0,,1.0,1.0,0.0,0.0,0.17,0.0,0.33
4,新竹御嵿攻城獅,76|90|10862|10885,曾柏喻/李啓瑋/提傑/劉丞勳,2,58,68.0,787.38,13.12,13:07,393.69,6.56,06:34,32.0,16.0,47.06,87.79,20.0,10.0,29.41,54.87,22.0,11.0,32.35,60.35,10.0,5.0,14.71,27.43,15.0,7.5,22.06,41.15,8.0,4.0,11.76,21.95,7.0,3.5,10.29,19.2,2.0,1.0,2.94,5.49,11.0,5.5,16.18,30.18,10.0,5.0,14.71,27.43,3.0,1.5,4.41,8.23,9.0,4.5,13.24,24.69,6.0,3.0,8.82,16.46,13.0,6.5,19.12,35.66,5.0,2.5,7.35,13.72,8.0,4.0,11.76,21.95,3.0,1.5,4.41,8.23,0.0,0.0,0.0,0.0,7.0,3.5,10.29,19.2,6.0,3.0,8.82,16.46,47.06,29.41,17.65,124.36,12.0,6.0,17.65,13.12,6.56,0.5,0.6,0.53,0.29,0.91,0.16,0.8,0.19,0.6,0.39,4.41,0.0,0.1,8.82,0.5
4,新竹御嵿攻城獅,76|88|90|10862,曾柏喻/盧冠軒/李啓瑋/提傑,3,39,52.0,1435.23,23.92,23:55,478.41,7.97,07:58,21.0,7.0,40.38,31.6,23.0,7.67,44.23,34.61,20.0,6.67,38.46,30.1,8.0,2.67,15.38,12.04,10.0,3.33,19.23,15.05,5.0,1.67,9.62,7.52,10.0,3.33,19.23,15.05,3.0,1.0,5.77,4.51,2.0,0.67,3.85,3.01,2.0,0.67,3.85,3.01,3.0,1.0,5.77,4.51,9.0,3.0,17.31,13.54,8.0,2.67,15.38,12.04,6.0,2.0,11.54,9.03,3.0,1.0,5.77,4.51,4.0,1.33,7.69,6.02,1.0,0.33,1.92,1.5,1.0,0.33,1.92,1.5,5.0,1.67,9.62,7.52,3.0,1.0,5.77,4.51,40.38,44.23,-3.85,52.17,-2.0,-0.67,-3.85,23.92,7.97,0.48,0.5,0.5,0.3,1.0,0.13,0.5,0.33,0.53,0.46,1.92,1.92,0.1,5.77,0.1
4,新竹御嵿攻城獅,76|88|90|10887,曾柏喻/盧冠軒/李啓瑋/德魯,1,43,53.0,745.58,12.43,12:26,745.58,12.43,12:26,26.0,26.0,49.06,75.32,30.0,30.0,56.6,86.91,18.0,18.0,33.96,52.15,9.0,9.0,16.98,26.07,8.0,8.0,15.09,23.18,5.0,5.0,9.43,14.49,10.0,10.0,18.87,28.97,4.0,4.0,7.55,11.59,4.0,4.0,7.55,11.59,4.0,4.0,7.55,11.59,2.0,2.0,3.77,5.79,7.0,7.0,13.21,20.28,6.0,6.0,11.32,17.38,7.0,7.0,13.21,20.28,4.0,4.0,7.55,11.59,6.0,6.0,11.32,17.38,2.0,2.0,3.77,5.79,0.0,0.0,0.0,0.0,6.0,6.0,11.32,17.38,11.0,11.0,20.75,31.87,49.06,56.6,-7.55,102.36,-4.0,-4.0,-7.55,12.43,12.43,0.61,0.66,0.62,0.4,1.0,0.17,0.67,0.22,0.54,0.41,3.77,0.0,0.11,20.75,0.22
4,臺北台新戰神,1|10|10865|10867,丁聖儒/雷蒙恩/謝銘駿/威力斯,7,104,133.0,1603.41,26.72,26:43,229.06,3.82,03:49,58.0,8.29,43.61,78.13,59.0,8.43,44.36,79.48,49.0,7.0,36.84,66.01,16.0,2.29,12.03,21.55,28.0,4.0,21.05,37.72,10.0,1.43,7.52,13.47,21.0,3.0,15.79,28.29,6.0,0.86,4.51,8.08,23.0,3.29,17.29,30.98,20.0,2.86,15.04,26.94,12.0,1.71,9.02,16.17,22.0,3.14,16.54,29.64,8.0,1.14,6.02,10.78,17.0,2.43,12.78,22.9,7.0,1.0,5.26,9.43,12.0,1.71,9.02,16.17,1.0,0.14,0.75,1.35,0.0,0.0,0.0,0.0,16.0,2.29,12.03,21.55,24.0,3.43,18.05,32.33,43.61,44.36,-0.75,119.45,-1.0,-0.14,-0.75,26.72,3.82,0.39,0.49,0.36,0.29,0.87,0.11,0.75,0.41,0.73,0.58,0.75,0.0,0.12,18.05,0.47
4,臺北台新戰神,1|10|10867|10869,丁聖儒/雷蒙恩/威力斯/基德,7,298,365.0,4531.47,75.52,75:31,647.35,10.79,10:47,167.0,23.86,45.75,79.6,159.0,22.71,43.56,75.79,125.0,17.86,34.25,59.58,52.0,7.43,14.25,24.79,80.0,11.43,21.92,38.13,35.0,5.0,9.59,16.68,45.0,6.43,12.33,21.45,17.0,2.43,4.66,8.1,60.0,8.57,16.44,28.6,46.0,6.57,12.6,21.93,26.0,3.71,7.12,12.39,49.0,7.0,13.42,23.36,21.0,3.0,5.75,10.01,45.0,6.43,12.33,21.45,30.0,4.29,8.22,14.3,33.0,4.71,9.04,15.73,15.0,2.14,4.11,7.15,3.0,0.43,0.82,1.43,39.0,5.57,10.68,18.59,56.0,8.0,15.34,26.69,45.75,43.56,2.19,115.99,8.0,1.14,2.19,75.52,10.79,0.48,0.55,0.44,0.38,0.77,0.17,0.63,0.37,0.7,0.53,4.11,0.82,0.11,15.34,0.48
4,臺北台新戰神,1|10865|10867|10869,丁聖儒/謝銘駿/威力斯/基德,7,208,255.0,3427.9,57.13,57:08,489.7,8.16,08:10,124.0,17.71,48.63,78.14,104.0,14.86,40.78,65.53,92.0,13.14,36.08,57.97,39.0,5.57,15.29,24.57,58.0,8.29,22.75,36.55,26.0,3.71,10.2,16.38,34.0,4.86,13.33,21.42,13.0,1.86,5.1,8.19,41.0,5.86,16.08,25.84,33.0,4.71,12.94,20.79,19.0,2.71,7.45,11.97,37.0,5.29,14.51,23.31,11.0,1.57,4.31,6.93,41.0,5.86,16.08,25.84,17.0,2.43,6.67,10.71,27.0,3.86,10.59,17.01,4.0,0.57,1.57,2.52,2.0,0.29,0.78,1.26,29.0,4.14,11.37,18.27,41.0,5.86,16.08,25.84,48.63,40.78,7.84,107.12,20.0,2.86,7.84,57.13,8.16,0.49,0.56,0.45,0.38,0.8,0.13,0.69,0.32,0.77,0.52,1.57,0.78,0.11,16.08,0.45
4,新竹御嵿攻城獅,76|87|88|10862,曾柏喻/蔡宸綱/盧冠軒/提傑,11,136,158.0,2834.42,47.24,47:14,257.67,4.29,04:18,58.0,5.27,36.71,44.2,72.0,6.55,45.57,54.87,49.0,4.45,31.01,37.34,18.0,1.64,11.39,13.72,27.0,2.45,17.09,20.58,14.0,1.27,8.86,10.67,22.0,2.0,13.92,16.77,4.0,0.36,2.53,3.05,24.0,2.18,15.19,18.29,18.0,1.64,11.39,13.72,5.0,0.45,3.16,3.81,27.0,2.45,17.09,20.58,13.0,1.18,8.23,9.91,24.0,2.18,15.19,18.29,13.0,1.18,8.23,9.91,11.0,1.0,6.96,8.38,5.0,0.45,3.16,3.81,3.0,0.27,1.9,2.29,18.0,1.64,11.39,13.72,19.0,1.73,12.03,14.48,36.71,45.57,-8.86,80.27,-14.0,-1.27,-8.86,47.24,4.29,0.41,0.49,0.52,0.18,0.75,0.18,0.61,0.17,0.68,0.46,3.16,1.9,0.11,12.03,0.49
4,新竹御嵿攻城獅,76|87|88|10887,曾柏喻/蔡宸綱/盧冠軒/德魯,10,127,141.0,2683.08,44.72,44:43,268.31,4.47,04:28,58.0,5.8,41.13,46.69,78.0,7.8,55.32,62.79,45.0,4.5,31.91,36.23,18.0,1.8,12.77,14.49,22.0,2.2,15.6,17.71,12.0,1.2,8.51,9.66,23.0,2.3,16.31,18.52,6.0,0.6,4.26,4.83,18.0,1.8,12.77,14.49,15.0,1.5,10.64,12.08,3.0,0.3,2.13,2.42,24.0,2.4,17.02,19.32,7.0,0.7,4.96,5.64,20.0,2.0,14.18,16.1,11.0,1.1,7.8,8.86,15.0,1.5,10.64,12.08,6.0,0.6,4.26,4.83,2.0,0.2,1.42,1.61,14.0,1.4,9.93,11.27,21.0,2.1,14.89,16.91,41.13,55.32,-14.18,75.67,-20.0,-2.0,-14.18,44.72,4.47,0.47,0.55,0.55,0.26,0.83,0.17,0.83,0.13,0.77,0.5,4.26,1.42,0.1,14.89,0.4
4,新竹御嵿攻城獅,87|88|10862|10887,蔡宸綱/盧冠軒/提傑/德魯,14,311,378.0,5101.44,85.02,85:01,364.39,6.07,06:04,170.0,12.14,44.97,71.98,147.0,10.5,38.89,62.24,131.0,9.36,34.66,55.47,51.0,3.64,13.49,21.59,71.0,5.07,18.78,30.06,32.0,2.29,8.47,13.55,60.0,4.29,15.87,25.4,19.0,1.36,5.03,8.04,59.0,4.21,15.61,24.98,47.0,3.36,12.43,19.9,24.0,1.71,6.35,10.16,59.0,4.21,15.61,24.98,29.0,2.07,7.67,12.28,62.0,4.43,16.4,26.25,20.0,1.43,5.29,8.47,42.0,3.0,11.11,17.78,8.0,0.57,2.12,3.39,6.0,0.43,1.59,2.54,46.0,3.29,12.17,19.48,36.0,2.57,9.52,15.24,44.97,38.89,6.08,106.7,23.0,1.64,6.08,85.02,6.07,0.46,0.54,0.45,0.32,0.8,0.11,0.82,0.28,0.67,0.48,2.12,1.59,0.12,9.52,0.45
4,新竹御嵿攻城獅,76|87|88|5948,曾柏喻/蔡宸綱/盧冠軒/克雷格,1,20,21.0,283.94,4.73,04:44,283.94,4.73,04:44,9.0,9.0,42.86,68.47,10.0,10.0,47.62,76.07,8.0,8.0,38.1,60.86,3.0,3.0,14.29,22.82,4.0,4.0,19.05,30.43,2.0,2.0,9.52,15.21,4.0,4.0,19.05,30.43,1.0,1.0,4.76,7.61,3.0,3.0,14.29,22.82,2.0,2.0,9.52,15.21,1.0,1.0,4.76,7.61,5.0,5.0,23.81,38.04,0.0,0.0,0.0,0.0,4.0,4.0,19.05,30.43,2.0,2.0,9.52,15.21,2.0,2.0,9.52,15.21,2.0,2.0,9.52,15.21,0.0,0.0,0.0,0.0,3.0,3.0,14.29,22.82,2.0,2.0,9.52,15.21,42.86,47.62,-4.76,106.5,-1.0,-1.0,-4.76,4.73,4.73,0.44,0.48,0.5,0.25,0.67,0.18,0.67,0.2,1.0,0.6,9.52,0.0,0.14,9.52,0.38
4,臺北台新戰神,1|10|10865|10870,丁聖儒/雷蒙恩/謝銘駿/洛夫頓,1,9,12.0,123.42,2.06,02:03,123.42,2.06,02:03,4.0,4.0,33.33,70.01,5.0,5.0,41.67,87.51,3.0,3.0,25.0,52.51,1.0,1.0,8.33,17.5,1.0,1.0,8.33,17.5,1.0,1.0,8.33,17.5,2.0,2.0,16.67,35.0,0.0,0.0,0.0,0.0,4.0,4.0,33.33,70.01,2.0,2.0,16.67,35.0,0.0,0.0,0.0,0.0,3.0,3.0,25.0,52.51,2.0,2.0,16.67,35.0,3.0,3.0,25.0,52.51,0.0,0.0,0.0,0.0,1.0,1.0,8.33,17.5,0.0,0.0,0.0,0.0,0.0,0.0,0.0,0.0,1.0,1.0,8.33,17.5,3.0,3.0,25.0,52.51,33.33,41.67,-8.33,140.02,-1.0,-1.0,-8.33,2.06,2.06,0.33,0.42,1.0,0.0,0.5,0.0,1.0,0.0,0.6,0.38,0.0,0.0,0.08,25.0,1.33
4,臺北台新戰神,1|10865|10869|10870,丁聖儒/謝銘駿/基德/洛夫頓,1,9,12.0,123.42,2.06,02:03,123.42,2.06,02:03,4.0,4.0,33.33,70.01,5.0,5.0,41.67,87.51,3.0,3.0,25.0,52.51,1.0,1.0,8.33,17.5,1.0,1.0,8.33,17.5,1.0,1.0,8.33,17.5,2.0,2.0,16.67,35.0,0.0,0.0,0.0,0.0,4.0,4.0,33.33,70.01,2.0,2.0,16.67,35.0,0.0,0.0,0.0,0.0,3.0,3.0,25.0,52.51,2.0,2.0,16.67,35.0,3.0,3.0,25.0,52.51,0.0,0.0,0.0,0.0,1.0,1.0,8.33,17.5,0.0,0.0,0.0,0.0,0.0,0.0,0.0,0.0,1.0,1.0,8.33,17.5,3.0,3.0,25.0,52.51,33.33,41.67,-8.33,140.02,-1.0,-1.0,-8.33,2.06,2.06,0.33,0.42,1.0,0.0,0.5,0.0,1.0,0.0,0.6,0.38,0.0,0.0,0.08,25.0,1.33
4,新竹御嵿攻城獅,71|87|88|5948,李漢昇/蔡宸綱/盧冠軒/克雷格,1,21,25.0,343.77,5.73,05:44,343.77,5.73,05:44,12.0,12.0,48.0,75.4,15.0,15.0,60.0,94.25,11.0,11.0,44.0,69.12,4.0,4.0,16.0,25.13,6.0,6.0,24.0,37.7,2.0,2.0,8.0,12.57,5.0,5.0,20.0,31.42,2.0,2.0,8.0,12.57,3.0,3.0,12.0,18.85,2.0,2.0,8.0,12.57,3.0,3.0,12.0,18.85,5.0,5.0,20.0,31.42,0.0,0.0,0.0,0.0,3.0,3.0,12.0,18.85,2.0,2.0,8.0,12.57,3.0,3.0,12.0,18.85,2.0,2.0,8.0,12.57,0.0,0.0,0.0,0.0,1.0,1.0,4.0,6.28,4.0,4.0,16.0,25.13,48.0,60.0,-12.0,104.72,-3.0,-3.0,-12.0,5.73,5.73,0.45,0.49,0.33,0.4,0.67,0.14,0.75,0.5,1.0,0.73,8.0,0.0,0.04,16.0,0.27
4,新竹御嵿攻城獅,71|87|88|10862,李漢昇/蔡宸綱/盧冠軒/提傑,1,5,8.0,54.83,0.91,00:55,54.83,0.91,00:55,2.0,2.0,25.0,78.79,3.0,3.0,37.5,118.19,3.0,3.0,37.5,118.19,0.0,0.0,0.0,0.0,3.0,3.0,37.5,118.19,0.0,0.0,0.0,0.0,0.0,0.0,0.0,0.0,0.0,0.0,0.0,0.0,3.0,3.0,37.5,118.19,2.0,2.0,25.0,78.79,2.0,2.0,25.0,78.79,2.0,2.0,25.0,78.79,0.0,0.0,0.0,0.0,1.0,1.0,12.5,39.4,1.0,1.0,12.5,39.4,1.0,1.0,12.5,39.4,1.0,1.0,12.5,39.4,0.0,0.0,0.0,0.0,0.0,0.0,0.0,0.0,2.0,2.0,25.0,78.79,25.0,37.5,-12.5,210.12,-1.0,-1.0,-12.5,0.91,0.91,0.0,0.23,0.0,,0.67,0.19,,0.67,1.0,0.8,12.5,0.0,0.0,25.0,1.0
4,新竹御嵿攻城獅,71|87|5948|10862,李漢昇/蔡宸綱/克雷格/提傑,1,5,8.0,52.83,0.88,00:53,52.83,0.88,00:53,2.0,2.0,25.0,81.78,3.0,3.0,37.5,122.66,3.0,3.0,37.5,122.66,0.0,0.0,0.0,0.0,3.0,3.0,37.5,122.66,0.0,0.0,0.0,0.0,0.0,0.0,0.0,0.0,0.0,0.0,0.0,0.0,3.0,3.0,37.5,122.66,2.0,2.0,25.0,81.78,2.0,2.0,25.0,81.78,2.0,2.0,25.0,81.78,0.0,0.0,0.0,0.0,1.0,1.0,12.5,40.89,1.0,1.0,12.5,40.89,1.0,1.0,12.5,40.89,1.0,1.0,12.5,40.89,0.0,0.0,0.0,0.0,0.0,0.0,0.0,0.0,2.0,2.0,25.0,81.78,25.0,37.5,-12.5,218.07,-1.0,-1.0,-12.5,0.88,0.88,0.0,0.23,0.0,,0.67,0.19,,0.67,1.0,0.8,12.5,0.0,0.0,25.0,1.0
4,新竹御嵿攻城獅,71|88|5948|10862,李漢昇/盧冠軒/克雷格/提傑,1,5,8.0,52.83,0.88,00:53,52.83,0.88,00:53,2.0,2.0,25.0,81.78,3.0,3.0,37.5,122.66,3.0,3.0,37.5,122.66,0.0,0.0,0.0,0.0,3.0,3.0,37.5,122.66,0.0,0.0,0.0,0.0,0.0,0.0,0.0,0.0,0.0,0.0,0.0,0.0,3.0,3.0,37.5,122.66,2.0,2.0,25.0,81.78,2.0,2.0,25.0,81.78,2.0,2.0,25.0,81.78,0.0,0.0,0.0,0.0,1.0,1.0,12.5,40.89,1.0,1.0,12.5,40.89,1.0,1.0,12.5,40.89,1.0,1.0,12.5,40.89,0.0,0.0,0.0,0.0,0.0,0.0,0.0,0.0,2.0,2.0,25.0,81.78,25.0,37.5,-12.5,218.07,-1.0,-1.0,-12.5,0.88,0.88,0.0,0.23,0.0,,0.67,0.19,,0.67,1.0,0.8,12.5,0.0,0.0,25.0,1.0
4,新竹御嵿攻城獅,71|87|88|10887,李漢昇/蔡宸綱/盧冠軒/德魯,1,16,17.0,292.95,4.88,04:53,292.95,4.88,04:53,10.0,10.0,58.82,73.73,12.0,12.0,70.59,88.48,8.0,8.0,47.06,58.99,4.0,4.0,23.53,29.49,3.0,3.0,17.65,22.12,2.0,2.0,11.76,14.75,5.0,5.0,29.41,36.87,2.0,2.0,11.76,14.75,0.0,0.0,0.0,0.0,0.0,0.0,0.0,0.0,1.0,1.0,5.88,7.37,3.0,3.0,17.65,22.12,0.0,0.0,0.0,0.0,2.0,2.0,11.76,14.75,1.0,1.0,5.88,7.37,2.0,2.0,11.76,14.75,1.0,1.0,5.88,7.37,0.0,0.0,0.0,0.0,1.0,1.0,5.88,7.37,2.0,2.0,11.76,14.75,58.82,70.59,-11.76,83.56,-2.0,-2.0,-11.76,4.88,4.88,0.62,0.62,0.67,0.4,,0.11,0.5,0.33,1.0,0.67,5.88,0.0,0.06,11.76,0.0
4,新竹御嵿攻城獅,71|87|5948|10887,李漢昇/蔡宸綱/克雷格/德魯,1,16,17.0,290.95,4.85,04:51,290.95,4.85,04:51,10.0,10.0,58.82,74.24,12.0,12.0,70.59,89.09,8.0,8.0,47.06,59.39,4.0,4.0,23.53,29.7,3.0,3.0,17.65,22.27,2.0,2.0,11.76,14.85,5.0,5.0,29.41,37.12,2.0,2.0,11.76,14.85,0.0,0.0,0.0,0.0,0.0,0.0,0.0,0.0,1.0,1.0,5.88,7.42,3.0,3.0,17.65,22.27,0.0,0.0,0.0,0.0,2.0,2.0,11.76,14.85,1.0,1.0,5.88,7.42,2.0,2.0,11.76,14.85,1.0,1.0,5.88,7.42,0.0,0.0,0.0,0.0,1.0,1.0,5.88,7.42,2.0,2.0,11.76,14.85,58.82,70.59,-11.76,84.14,-2.0,-2.0,-11.76,4.85,4.85,0.62,0.62,0.67,0.4,,0.11,0.5,0.33,1.0,0.67,5.88,0.0,0.06,11.76,0.0
4,新竹御嵿攻城獅,71|88|5948|10887,李漢昇/盧冠軒/克雷格/德魯,1,16,17.0,290.95,4.85,04:51,290.95,4.85,04:51,10.0,10.0,58.82,74.24,12.0,12.0,70.59,89.09,8.0,8.0,47.06,59.39,4.0,4.0,23.53,29.7,3.0,3.0,17.65,22.27,2.0,2.0,11.76,14.85,5.0,5.0,29.41,37.12,2.0,2.0,11.76,14.85,0.0,0.0,0.0,0.0,0.0,0.0,0.0,0.0,1.0,1.0,5.88,7.42,3.0,3.0,17.65,22.27,0.0,0.0,0.0,0.0,2.0,2.0,11.76,14.85,1.0,1.0,5.88,7.42,2.0,2.0,11.76,14.85,1.0,1.0,5.88,7.42,0.0,0.0,0.0,0.0,1.0,1.0,5.88,7.42,2.0,2.0,11.76,14.85,58.82,70.59,-11.76,84.14,-2.0,-2.0,-11.76,4.85,4.85,0.62,0.62,0.67,0.4,,0.11,0.5,0.33,1.0,0.67,5.88,0.0,0.06,11.76,0.0
4,新竹御嵿攻城獅,76|88|5948|10887,曾柏喻/盧冠軒/克雷格/德魯,1,28,32.0,379.74,6.33,06:20,379.74,6.33,06:20,15.0,15.0,46.88,85.32,22.0,22.0,68.75,125.14,12.0,12.0,37.5,68.26,6.0,6.0,18.75,34.13,9.0,9.0,28.12,51.19,5.0,5.0,15.62,28.44,3.0,3.0,9.38,17.06,1.0,1.0,3.12,5.69,3.0,3.0,9.38,17.06,2.0,2.0,6.25,11.38,2.0,2.0,6.25,11.38,5.0,5.0,15.62,28.44,2.0,2.0,6.25,11.38,3.0,3.0,9.38,17.06,3.0,3.0,9.38,17.06,3.0,3.0,9.38,17.06,3.0,3.0,9.38,17.06,0.0,0.0,0.0,0.0,2.0,2.0,6.25,11.38,6.0,6.0,18.75,34.13,46.88,68.75,-21.88,121.35,-7.0,-7.0,-21.88,6.33,6.33,0.54,0.56,0.56,0.33,0.67,0.18,0.5,0.4,0.71,0.58,9.38,0.0,0.06,18.75,0.25
4,新竹御嵿攻城獅,76|87|5948|10885,曾柏喻/蔡宸綱/克雷格/劉丞勳,1,24,31.0,354.0,5.9,05:54,354.0,5.9,05:54,5.0,5.0,16.13,30.51,13.0,13.0,41.94,79.32,13.0,13.0,41.94,79.32,2.0,2.0,6.45,12.2,9.0,9.0,29.03,54.92,2.0,2.0,6.45,12.2,4.0,4.0,12.9,24.41,0.0,0.0,0.0,0.0,2.0,2.0,6.45,12.2,1.0,1.0,3.23,6.1,4.0,4.0,12.9,24.41,8.0,8.0,25.81,48.81,2.0,2.0,6.45,12.2,5.0,5.0,16.13,30.51,2.0,2.0,6.45,12.2,1.0,1.0,3.23,6.1,0.0,0.0,0.0,0.0,1.0,1.0,3.23,6.1,3.0,3.0,9.68,18.31,4.0,4.0,12.9,24.41,16.13,41.94,-25.81,126.1,-8.0,-8.0,-25.81,5.9,5.9,0.15,0.18,0.22,0.0,0.5,0.13,0.5,0.44,0.8,0.63,0.0,3.23,0.1,12.9,0.15
4,新竹御嵿攻城獅,80|90|10862|10885,田浩/李啓瑋/提傑/劉丞勳,2,37,41.0,534.31,8.91,08:54,267.16,4.45,04:27,20.0,10.0,48.78,80.85,21.0,10.5,51.22,84.89,15.0,7.5,36.59,60.64,6.0,3.0,14.63,24.26,6.0,3.0,14.63,24.26,4.0,2.0,9.76,16.17,9.0,4.5,21.95,36.38,2.0,1.0,4.88,8.09,6.0,3.0,14.63,24.26,6.0,3.0,14.63,24.26,3.0,1.5,7.32,12.13,6.0,3.0,14.63,24.26,1.0,0.5,2.44,4.04,5.0,2.5,12.2,20.21,3.0,1.5,7.32,12.13,5.0,2.5,12.2,20.21,2.0,1.0,4.88,8.09,0.0,0.0,0.0,0.0,4.0,2.0,9.76,16.17,6.0,3.0,14.63,24.26,48.78,51.22,-2.44,110.5,-1.0,-0.5,-2.44,8.91,4.45,0.47,0.57,0.67,0.22,1.0,0.15,0.83,0.38,0.86,0.6,4.88,0.0,0.1,14.63,0.4
4,新竹御嵿攻城獅,80|90|10862|10887,田浩/李啓瑋/提傑/德魯,2,27,29.0,406.39,6.77,06:46,203.2,3.39,03:23,17.0,8.5,58.62,90.36,13.0,6.5,44.83,69.1,12.0,6.0,41.38,63.78,6.0,3.0,20.69,31.89,5.0,2.5,17.24,26.58,4.0,2.0,13.79,21.26,7.0,3.5,24.14,37.21,2.0,1.0,6.9,10.63,3.0,1.5,10.34,15.95,3.0,1.5,10.34,15.95,2.0,1.0,6.9,10.63,4.0,2.0,13.79,21.26,0.0,0.0,0.0,0.0,5.0,2.5,17.24,26.58,2.0,1.0,6.9,10.63,5.0,2.5,17.24,26.58,1.0,0.5,3.45,5.32,0.0,0.0,0.0,0.0,3.0,1.5,10.34,15.95,6.0,3.0,20.69,31.89,58.62,44.83,13.79,102.76,4.0,2.0,13.79,6.77,3.39,0.58,0.64,0.8,0.29,1.0,0.13,0.83,0.29,1.0,0.55,3.45,0.0,0.1,20.69,0.25
4,新竹御嵿攻城獅,80|90|10885|10887,田浩/李啓瑋/劉丞勳/德魯,3,45,48.0,604.98,10.08,10:05,201.66,3.36,03:22,29.0,9.67,60.42,103.54,18.0,6.0,37.5,64.27,18.0,6.0,37.5,64.27,10.0,3.33,20.83,35.7,9.0,3.0,18.75,32.13,7.0,2.33,14.58,24.99,9.0,3.0,18.75,32.13,3.0,1.0,6.25,10.71,8.0,2.67,16.67,28.56,6.0,2.0,12.5,21.42,3.0,1.0,6.25,10.71,6.0,2.0,12.5,21.42,0.0,0.0,0.0,0.0,9.0,3.0,18.75,32.13,3.0,1.0,6.25,10.71,8.0,2.67,16.67,28.56,1.0,0.33,2.08,3.57,0.0,0.0,0.0,0.0,6.0,2.0,12.5,21.42,7.0,2.33,14.58,24.99,60.42,37.5,22.92,114.25,11.0,3.67,22.92,10.08,3.36,0.64,0.67,0.78,0.33,0.75,0.12,0.8,0.25,1.0,0.5,2.08,0.0,0.12,14.58,0.44
4,新竹御嵿攻城獅,80|10862|10885|10887,田浩/提傑/劉丞勳/德魯,2,40,47.0,656.48,10.94,10:56,328.24,5.47,05:28,23.0,11.5,48.94,75.68,23.0,11.5,48.94,75.68,23.0,11.5,48.94,75.68,9.0,4.5,19.15,29.61,15.0,7.5,31.91,49.35,7.0,3.5,14.89,23.03,8.0,4.0,17.02,26.32,2.0,1.0,4.26,6.58,3.0,1.5,6.38,9.87,3.0,1.5,6.38,9.87,6.0,3.0,12.77,19.74,8.0,4.0,17.02,26.32,1.0,0.5,2.13,3.29,7.0,3.5,14.89,23.03,2.0,1.0,4.26,6.58,7.0,3.5,14.89,23.03,1.0,0.5,2.13,3.29,2.0,1.0,4.26,6.58,5.0,2.5,10.64,16.45,7.0,3.5,14.89,23.03,48.94,48.94,0.0,103.09,0.0,0.0,0.0,10.94,5.47,0.43,0.47,0.47,0.25,1.0,0.08,0.78,0.46,0.89,0.64,2.13,4.26,0.11,14.89,0.13
4,臺北台新戰神,1|10|14|10867,丁聖儒/雷蒙恩/錢肯尼/威力斯,13,620,733.0,9990.38,166.51,166:30,768.49,12.81,12:48,307.0,23.62,41.88,66.38,348.0,26.77,47.48,75.24,276.0,21.23,37.65,59.67,118.0,9.08,16.1,25.51,185.0,14.23,25.24,40.0,91.0,7.0,12.41,19.67,91.0,7.0,12.41,19.67,27.0,2.08,3.68,5.84,66.0,5.08,9.0,14.27,43.0,3.31,5.87,9.3,51.0,3.92,6.96,11.03,115.0,8.85,15.69,24.86,39.0,3.0,5.32,8.43,112.0,8.62,15.28,24.22,61.0,4.69,8.32,13.19,62.0,4.77,8.46,13.4,38.0,2.92,5.18,8.22,8.0,0.62,1.09,1.73,71.0,5.46,9.69,15.35,72.0,5.54,9.82,15.57,41.88,47.48,-5.59,105.65,-41.0,-3.15,-5.59,166.51,12.81,0.48,0.5,0.49,0.3,0.65,0.17,0.53,0.31,0.75,0.52,5.18,1.09,0.1,9.82,0.24
4,臺北台新戰神,1|10|10867|10870,丁聖儒/雷蒙恩/威力斯/洛夫頓,2,7,9.0,121.52,2.03,02:02,60.76,1.01,01:01,6.0,3.0,66.67,106.65,6.0,3.0,66.67,106.65,5.0,2.5,55.56,88.87,3.0,1.5,33.33,53.32,3.0,1.5,33.33,53.32,3.0,1.5,33.33,53.32,2.0,1.0,22.22,35.55,0.0,0.0,0.0,0.0,0.0,0.0,0.0,0.0,0.0,0.0,0.0,0.0,2.0,1.0,22.22,35.55,0.0,0.0,0.0,0.0,0.0,0.0,0.0,0.0,0.0,0.0,0.0,0.0,0.0,0.0,0.0,0.0,1.0,0.5,11.11,17.77,0.0,0.0,0.0,0.0,0.0,0.0,0.0,0.0,1.0,0.5,11.11,17.77,4.0,2.0,44.44,71.1,66.67,66.67,0.0,106.65,0.0,0.0,0.0,2.03,1.01,0.6,0.6,1.0,0.0,,0.0,0.33,1.0,,1.0,0.0,0.0,0.11,44.44,0.0
4,臺北台新戰神,1|3|10|10867,丁聖儒/陳文宏/雷蒙恩/威力斯,5,41,47.0,638.73,10.65,10:39,127.75,2.13,02:08,21.0,4.2,44.68,71.02,29.0,5.8,61.7,98.07,13.0,2.6,27.66,43.96,5.0,1.0,10.64,16.91,6.0,1.2,12.77,20.29,3.0,0.6,6.38,10.15,7.0,1.4,14.89,23.67,2.0,0.4,4.26,6.76,13.0,2.6,27.66,43.96,10.0,2.0,21.28,33.82,3.0,0.6,6.38,10.15,6.0,1.2,12.77,20.29,3.0,0.6,6.38,10.15,4.0,0.8,8.51,13.53,4.0,0.8,8.51,13.53,4.0,0.8,8.51,13.53,3.0,0.6,6.38,10.15,0.0,0.0,0.0,0.0,3.0,0.6,6.38,10.15,2.0,0.4,4.26,6.76,44.68,61.7,-17.02,105.96,-8.0,-1.6,-17.02,10.65,2.13,0.46,0.56,0.5,0.29,0.77,0.18,0.8,0.43,0.67,0.56,6.38,0.0,0.06,4.26,1.0
4,臺北台新戰神,1|3|10867|10869,丁聖儒/陳文宏/威力斯/基德,4,32,37.0,489.87,8.16,08:10,122.47,2.04,02:02,19.0,4.75,51.35,83.78,22.0,5.5,59.46,97.01,12.0,3.0,32.43,52.91,5.0,1.25,13.51,22.05,7.0,1.75,18.92,30.87,3.0,0.75,8.11,13.23,5.0,1.25,13.51,22.05,2.0,0.5,5.41,8.82,8.0,2.0,21.62,35.27,7.0,1.75,18.92,30.87,2.0,0.5,5.41,8.82,4.0,1.0,10.81,17.64,3.0,0.75,8.11,13.23,4.0,1.0,10.81,17.64,2.0,0.5,5.41,8.82,3.0,0.75,8.11,13.23,1.0,0.25,2.7,4.41,0.0,0.0,0.0,0.0,2.0,0.5,5.41,8.82,4.0,1.0,10.81,17.64,51.35,59.46,-8.11,108.76,-3.0,-0.75,-8.11,8.16,2.04,0.5,0.61,0.43,0.4,0.88,0.11,0.6,0.33,0.57,0.46,2.7,0.0,0.05,10.81,0.67
4,臺北台新戰神,1|3|10|10870,丁聖儒/陳文宏/雷蒙恩/洛夫頓,2,19,19.0,262.34,4.37,04:22,131.17,2.19,02:11,12.0,6.0,63.16,98.8,6.0,3.0,31.58,49.4,7.0,3.5,36.84,57.64,4.0,2.0,21.05,32.93,5.0,2.5,26.32,41.17,3.0,1.5,15.79,24.7,2.0,1.0,10.53,16.47,1.0,0.5,5.26,8.23,6.0,3.0,31.58,49.4,3.0,1.5,15.79,24.7,0.0,0.0,0.0,0.0,5.0,2.5,26.32,41.17,0.0,0.0,0.0,0.0,4.0,2.0,21.05,32.93,0.0,0.0,0.0,0.0,5.0,2.5,26.32,41.17,0.0,0.0,0.0,0.0,0.0,0.0,0.0,0.0,3.0,1.5,15.79,24.7,6.0,3.0,31.58,49.4,63.16,31.58,31.58,104.29,6.0,3.0,31.58,4.37,2.19,0.64,0.62,0.6,0.5,0.5,0.0,1.25,0.0,1.0,0.56,0.0,0.0,0.16,31.58,0.86
4,臺北台新戰神,1|3|4|10869,丁聖儒/陳文宏/張兆辰/基德,1,2,3.0,12.0,0.2,00:12,12.0,0.2,00:12,0.0,0.0,0.0,0.0,1.0,1.0,33.33,180.0,1.0,1.0,33.33,180.0,0.0,0.0,0.0,0.0,0.0,0.0,0.0,0.0,0.0,0.0,0.0,0.0,1.0,1.0,33.33,180.0,0.0,0.0,0.0,0.0,0.0,0.0,0.0,0.0,0.0,0.0,0.0,0.0,0.0,0.0,0.0,0.0,1.0,1.0,33.33,180.0,0.0,0.0,0.0,0.0,0.0,0.0,0.0,0.0,0.0,0.0,0.0,0.0,0.0,0.0,0.0,0.0,0.0,0.0,0.0,0.0,0.0,0.0,0.0,0.0,0.0,0.0,0.0,0.0,2.0,2.0,66.67,360.0,0.0,33.33,-33.33,360.0,-1.0,-1.0,-33.33,0.2,0.2,0.0,0.0,,0.0,,0.0,,,1.0,1.0,0.0,0.0,0.0,66.67,0.0
4,臺北台新戰神,1|3|4|10870,丁聖儒/陳文宏/張兆辰/洛夫頓,1,2,3.0,12.0,0.2,00:12,12.0,0.2,00:12,0.0,0.0,0.0,0.0,1.0,1.0,33.33,180.0,1.0,1.0,33.33,180.0,0.0,0.0,0.0,0.0,0.0,0.0,0.0,0.0,0.0,0.0,0.0,0.0,1.0,1.0,33.33,180.0,0.0,0.0,0.0,0.0,0.0,0.0,0.0,0.0,0.0,0.0,0.0,0.0,0.0,0.0,0.0,0.0,1.0,1.0,33.33,180.0,0.0,0.0,0.0,0.0,0.0,0.0,0.0,0.0,0.0,0.0,0.0,0.0,0.0,0.0,0.0,0.0,0.0,0.0,0.0,0.0,0.0,0.0,0.0,0.0,0.0,0.0,0.0,0.0,2.0,2.0,66.67,360.0,0.0,33.33,-33.33,360.0,-1.0,-1.0,-33.33,0.2,0.2,0.0,0.0,,0.0,,0.0,,,1.0,1.0,0.0,0.0,0.0,66.67,0.0
4,新竹御嵿攻城獅,71|87|90|10887,李漢昇/蔡宸綱/李啓瑋/德魯,1,2,3.0,12.0,0.2,00:12,12.0,0.2,00:12,1.0,1.0,33.33,180.0,0.0,0.0,0.0,0.0,1.0,1.0,33.33,180.0,0.0,0.0,0.0,0.0,1.0,1.0,33.33,180.0,0.0,0.0,0.0,0.0,0.0,0.0,0.0,0.0,0.0,0.0,0.0,0.0,2.0,2.0,66.67,360.0,1.0,1.0,33.33,180.0,0.0,0.0,0.0,0.0,0.0,0.0,0.0,0.0,0.0,0.0,0.0,0.0,1.0,1.0,33.33,180.0,0.0,0.0,0.0,0.0,0.0,0.0,0.0,0.0,0.0,0.0,0.0,0.0,0.0,0.0,0.0,0.0,1.0,1.0,33.33,180.0,0.0,0.0,0.0,0.0,33.33,0.0,33.33,360.0,1.0,1.0,33.33,0.2,0.2,0.0,0.27,0.0,,0.5,0.0,,0.0,,0.0,0.0,0.0,0.33,0.0,2.0
4,新竹御嵿攻城獅,87|90|10862|10887,蔡宸綱/李啓瑋/提傑/德魯,1,2,3.0,12.0,0.2,00:12,12.0,0.2,00:12,1.0,1.0,33.33,180.0,0.0,0.0,0.0,0.0,1.0,1.0,33.33,180.0,0.0,0.0,0.0,0.0,1.0,1.0,33.33,180.0,0.0,0.0,0.0,0.0,0.0,0.0,0.0,0.0,0.0,0.0,0.0,0.0,2.0,2.0,66.67,360.0,1.0,1.0,33.33,180.0,0.0,0.0,0.0,0.0,0.0,0.0,0.0,0.0,0.0,0.0,0.0,0.0,1.0,1.0,33.33,180.0,0.0,0.0,0.0,0.0,0.0,0.0,0.0,0.0,0.0,0.0,0.0,0.0,0.0,0.0,0.0,0.0,1.0,1.0,33.33,180.0,0.0,0.0,0.0,0.0,33.33,0.0,33.33,360.0,1.0,1.0,33.33,0.2,0.2,0.0,0.27,0.0,,0.5,0.0,,0.0,,0.0,0.0,0.0,0.33,0.0,2.0
4,臺北台新戰神,3|4|10|10867,陳文宏/張兆辰/雷蒙恩/威力斯,1,1,1.0,1.0,0.02,00:01,1.0,0.02,00:01,0.0,0.0,0.0,0.0,0.0,0.0,0.0,0.0,0.0,0.0,0.0,0.0,0.0,0.0,0.0,0.0,0.0,0.0,0.0,0.0,0.0,0.0,0.0,0.0,0.0,0.0,0.0,0.0,0.0,0.0,0.0,0.0,0.0,0.0,0.0,0.0,0.0,0.0,0.0,0.0,0.0,0.0,0.0,0.0,0.0,0.0,0.0,0.0,0.0,0.0,0.0,0.0,0.0,0.0,0.0,0.0,0.0,0.0,0.0,0.0,0.0,0.0,0.0,0.0,0.0,0.0,0.0,0.0,0.0,0.0,0.0,0.0,0.0,0.0,0.0,0.0,0.0,0.0,0.0,0.0,0.0,0.0,0.0,1440.0,0.0,0.0,0.0,0.02,0.02,,,,,,,,,,,0.0,0.0,0.0,0.0,
4,臺北台新戰神,3|10|11|10867,陳文宏/雷蒙恩/蘇奕晉/威力斯,1,1,2.0,31.0,0.52,00:31,31.0,0.52,00:31,2.0,2.0,100.0,139.35,0.0,0.0,0.0,0.0,2.0,2.0,100.0,139.35,1.0,1.0,50.0,69.68,1.0,1.0,50.0,69.68,1.0,1.0,50.0,69.68,1.0,1.0,50.0,69.68,0.0,0.0,0.0,0.0,0.0,0.0,0.0,0.0,0.0,0.0,0.0,0.0,1.0,1.0,50.0,69.68,0.0,0.0,0.0,0.0,0.0,0.0,0.0,0.0,0.0,0.0,0.0,0.0,0.0,0.0,0.0,0.0,0.0,0.0,0.0,0.0,0.0,0.0,0.0,0.0,0.0,0.0,0.0,0.0,0.0,0.0,0.0,0.0,0.0,0.0,0.0,0.0,100.0,0.0,100.0,92.9,2.0,2.0,100.0,0.52,0.52,0.5,0.5,1.0,0.0,,0.0,0.0,1.0,,1.0,0.0,0.0,0.0,0.0,0.0
4,臺北台新戰神,3|10|11|10870,陳文宏/雷蒙恩/蘇奕晉/洛夫頓,1,21,28.0,322.0,5.37,05:22,322.0,5.37,05:22,12.0,12.0,42.86,80.5,5.0,5.0,17.86,33.54,11.0,11.0,39.29,73.79,4.0,4.0,14.29,26.83,4.0,4.0,14.29,26.83,2.0,2.0,7.14,13.42,7.0,7.0,25.0,46.96,2.0,2.0,7.14,13.42,2.0,2.0,7.14,13.42,2.0,2.0,7.14,13.42,2.0,2.0,7.14,13.42,5.0,5.0,17.86,33.54,4.0,4.0,14.29,26.83,7.0,7.0,25.0,46.96,1.0,1.0,3.57,6.71,0.0,0.0,0.0,0.0,1.0,1.0,3.57,6.71,0.0,0.0,0.0,0.0,2.0,2.0,7.14,13.42,2.0,2.0,7.14,13.42,42.86,17.86,25.0,125.22,7.0,7.0,25.0,5.37,5.37,0.45,0.51,0.5,0.29,1.0,0.08,0.0,0.22,0.56,0.39,3.57,0.0,0.07,7.14,0.18
4,臺北台新戰神,3|11|10867|10870,陳文宏/蘇奕晉/威力斯/洛夫頓,1,1,2.0,31.0,0.52,00:31,31.0,0.52,00:31,2.0,2.0,100.0,139.35,0.0,0.0,0.0,0.0,2.0,2.0,100.0,139.35,1.0,1.0,50.0,69.68,1.0,1.0,50.0,69.68,1.0,1.0,50.0,69.68,1.0,1.0,50.0,69.68,0.0,0.0,0.0,0.0,0.0,0.0,0.0,0.0,0.0,0.0,0.0,0.0,1.0,1.0,50.0,69.68,0.0,0.0,0.0,0.0,0.0,0.0,0.0,0.0,0.0,0.0,0.0,0.0,0.0,0.0,0.0,0.0,0.0,0.0,0.0,0.0,0.0,0.0,0.0,0.0,0.0,0.0,0.0,0.0,0.0,0.0,0.0,0.0,0.0,0.0,0.0,0.0,100.0,0.0,100.0,92.9,2.0,2.0,100.0,0.52,0.52,0.5,0.5,1.0,0.0,,0.0,0.0,1.0,,1.0,0.0,0.0,0.0,0.0,0.0
4,臺北台新戰神,10|11|10867|10870,雷蒙恩/蘇奕晉/威力斯/洛夫頓,2,15,17.0,260.0,4.33,04:20,130.0,2.17,02:10,4.0,2.0,23.53,33.23,9.0,4.5,52.94,74.77,6.0,3.0,35.29,49.85,2.0,1.0,11.76,16.62,2.0,1.0,11.76,16.62,2.0,1.0,11.76,16.62,4.0,2.0,23.53,33.23,0.0,0.0,0.0,0.0,0.0,0.0,0.0,0.0,0.0,0.0,0.0,0.0,2.0,1.0,11.76,16.62,2.0,1.0,11.76,16.62,0.0,0.0,0.0,0.0,1.0,0.5,5.88,8.31,3.0,1.5,17.65,24.92,0.0,0.0,0.0,0.0,1.0,0.5,5.88,8.31,0.0,0.0,0.0,0.0,2.0,1.0,11.76,16.62,2.0,1.0,11.76,16.62,23.53,52.94,-29.41,94.15,-5.0,-2.5,-29.41,4.33,2.17,0.33,0.33,1.0,0.0,,0.33,0.0,0.67,1.0,0.8,5.88,0.0,0.12,11.76,0.0
4,臺北台新戰神,3|10|11|10869,陳文宏/雷蒙恩/蘇奕晉/基德,1,20,26.0,291.0,4.85,04:51,291.0,4.85,04:51,10.0,10.0,38.46,74.23,5.0,5.0,19.23,37.11,9.0,9.0,34.62,66.8,3.0,3.0,11.54,22.27,3.0,3.0,11.54,22.27,1.0,1.0,3.85,7.42,6.0,6.0,23.08,44.54,2.0,2.0,7.69,14.85,2.0,2.0,7.69,14.85,2.0,2.0,7.69,14.85,1.0,1.0,3.85,7.42,5.0,5.0,19.23,37.11,4.0,4.0,15.38,29.69,7.0,7.0,26.92,51.96,1.0,1.0,3.85,7.42,0.0,0.0,0.0,0.0,1.0,1.0,3.85,7.42,0.0,0.0,0.0,0.0,2.0,2.0,7.69,14.85,2.0,2.0,7.69,14.85,38.46,19.23,19.23,128.66,5.0,5.0,19.23,4.85,4.85,0.44,0.51,0.33,0.33,1.0,0.09,0.0,0.12,0.56,0.35,3.85,0.0,0.08,7.69,0.22
4,臺北台新戰神,3|11|10869|10870,陳文宏/蘇奕晉/基德/洛夫頓,1,20,26.0,291.0,4.85,04:51,291.0,4.85,04:51,10.0,10.0,38.46,74.23,5.0,5.0,19.23,37.11,9.0,9.0,34.62,66.8,3.0,3.0,11.54,22.27,3.0,3.0,11.54,22.27,1.0,1.0,3.85,7.42,6.0,6.0,23.08,44.54,2.0,2.0,7.69,14.85,2.0,2.0,7.69,14.85,2.0,2.0,7.69,14.85,1.0,1.0,3.85,7.42,5.0,5.0,19.23,37.11,4.0,4.0,15.38,29.69,7.0,7.0,26.92,51.96,1.0,1.0,3.85,7.42,0.0,0.0,0.0,0.0,1.0,1.0,3.85,7.42,0.0,0.0,0.0,0.0,2.0,2.0,7.69,14.85,2.0,2.0,7.69,14.85,38.46,19.23,19.23,128.66,5.0,5.0,19.23,4.85,4.85,0.44,0.51,0.33,0.33,1.0,0.09,0.0,0.12,0.56,0.35,3.85,0.0,0.08,7.69,0.22
4,臺北台新戰神,10|11|10869|10870,雷蒙恩/蘇奕晉/基德/洛夫頓,1,20,26.0,291.0,4.85,04:51,291.0,4.85,04:51,10.0,10.0,38.46,74.23,5.0,5.0,19.23,37.11,9.0,9.0,34.62,66.8,3.0,3.0,11.54,22.27,3.0,3.0,11.54,22.27,1.0,1.0,3.85,7.42,6.0,6.0,23.08,44.54,2.0,2.0,7.69,14.85,2.0,2.0,7.69,14.85,2.0,2.0,7.69,14.85,1.0,1.0,3.85,7.42,5.0,5.0,19.23,37.11,4.0,4.0,15.38,29.69,7.0,7.0,26.92,51.96,1.0,1.0,3.85,7.42,0.0,0.0,0.0,0.0,1.0,1.0,3.85,7.42,0.0,0.0,0.0,0.0,2.0,2.0,7.69,14.85,2.0,2.0,7.69,14.85,38.46,19.23,19.23,128.66,5.0,5.0,19.23,4.85,4.85,0.44,0.51,0.33,0.33,1.0,0.09,0.0,0.12,0.56,0.35,3.85,0.0,0.08,7.69,0.22
4,臺北台新戰神,1|11|10865|10867,丁聖儒/蘇奕晉/謝銘駿/威力斯,5,57,62.0,849.53,14.16,14:10,169.91,2.83,02:50,33.0,6.6,53.23,83.9,23.0,4.6,37.1,58.48,26.0,5.2,41.94,66.11,13.0,2.6,20.97,33.05,18.0,3.6,29.03,45.77,10.0,2.0,16.13,25.43,8.0,1.6,12.9,20.34,3.0,0.6,4.84,7.63,5.0,1.0,8.06,12.71,4.0,0.8,6.45,10.17,3.0,0.6,4.84,7.63,10.0,2.0,16.13,25.43,1.0,0.2,1.61,2.54,14.0,2.8,22.58,35.6,2.0,0.4,3.23,5.09,7.0,1.4,11.29,17.8,0.0,0.0,0.0,0.0,2.0,0.4,3.23,5.09,6.0,1.2,9.68,15.26,6.0,1.2,9.68,15.26,53.23,37.1,16.13,105.09,10.0,2.0,16.13,14.16,2.83,0.56,0.59,0.56,0.38,0.8,0.07,0.54,0.18,0.91,0.46,0.0,3.23,0.1,9.68,0.19
4,臺北台新戰神,1|11|10865|10869,丁聖儒/蘇奕晉/謝銘駿/基德,5,59,64.0,879.37,14.66,14:39,175.87,2.93,02:56,33.0,6.6,51.56,81.06,25.0,5.0,39.06,61.41,26.0,5.2,40.62,63.86,13.0,2.6,20.31,31.93,18.0,3.6,28.12,44.21,10.0,2.0,15.62,24.56,8.0,1.6,12.5,19.65,3.0,0.6,4.69,7.37,5.0,1.0,7.81,12.28,4.0,0.8,6.25,9.83,3.0,0.6,4.69,7.37,10.0,2.0,15.62,24.56,1.0,0.2,1.56,2.46,14.0,2.8,21.88,34.39,3.0,0.6,4.69,7.37,7.0,1.4,10.94,17.19,1.0,0.2,1.56,2.46,2.0,0.4,3.12,4.91,6.0,1.2,9.38,14.74,6.0,1.2,9.38,14.74,51.56,39.06,12.5,104.8,8.0,1.6,12.5,14.66,2.93,0.56,0.59,0.56,0.38,0.8,0.1,0.54,0.18,0.91,0.46,1.56,3.12,0.09,9.38,0.19
4,臺北台新戰神,1|11|10867|10869,丁聖儒/蘇奕晉/威力斯/基德,5,109,121.0,1644.81,27.41,27:25,328.96,5.48,05:29,60.0,12.0,49.59,78.79,42.0,8.4,34.71,55.16,42.0,8.4,34.71,55.16,22.0,4.4,18.18,28.89,26.0,5.2,21.49,34.14,16.0,3.2,13.22,21.01,16.0,3.2,13.22,21.01,6.0,1.2,4.96,7.88,13.0,2.6,10.74,17.07,10.0,2.0,8.26,13.13,6.0,1.2,4.96,7.88,15.0,3.0,12.4,19.7,3.0,0.6,2.48,3.94,27.0,5.4,22.31,35.46,11.0,2.2,9.09,14.45,13.0,2.6,10.74,17.07,6.0,1.2,4.96,7.88,4.0,0.8,3.31,5.25,12.0,2.4,9.92,15.76,17.0,3.4,14.05,22.32,49.59,34.71,14.88,105.93,18.0,3.6,14.88,27.41,5.48,0.6,0.63,0.62,0.38,0.77,0.19,0.59,0.18,0.83,0.41,4.96,3.31,0.1,14.05,0.31
4,臺北台新戰神,11|10865|10867|10869,蘇奕晉/謝銘駿/威力斯/基德,5,60,65.0,892.6,14.88,14:53,178.52,2.98,02:59,35.0,7.0,53.85,84.7,23.0,4.6,35.38,55.66,27.0,5.4,41.54,65.34,14.0,2.8,21.54,33.88,19.0,3.8,29.23,45.98,11.0,2.2,16.92,26.62,8.0,1.6,12.31,19.36,3.0,0.6,4.62,7.26,7.0,1.4,10.77,16.94,4.0,0.8,6.15,9.68,3.0,0.6,4.62,7.26,10.0,2.0,15.38,24.2,1.0,0.2,1.54,2.42,14.0,2.8,21.54,33.88,2.0,0.4,3.08,4.84,7.0,1.4,10.77,16.94,0.0,0.0,0.0,0.0,2.0,0.4,3.08,4.84,7.0,1.4,10.77,16.94,8.0,1.6,12.31,19.36,53.85,35.38,18.46,104.86,12.0,2.4,18.46,14.88,2.98,0.57,0.58,0.58,0.38,0.57,0.06,0.5,0.18,0.91,0.46,0.0,3.08,0.11,12.31,0.26
4,新竹御嵿攻城獅,76|87|88|10885,曾柏喻/蔡宸綱/盧冠軒/劉丞勳,2,18,21.0,254.12,4.24,04:14,127.06,2.12,02:07,2.0,1.0,9.52,17.0,14.0,7.0,66.67,119.0,7.0,3.5,33.33,59.5,1.0,0.5,4.76,8.5,1.0,0.5,4.76,8.5,1.0,0.5,4.76,8.5,6.0,3.0,28.57,51.0,0.0,0.0,0.0,0.0,0.0,0.0,0.0,0.0,0.0,0.0,0.0,0.0,0.0,0.0,0.0,0.0,5.0,2.5,23.81,42.5,3.0,1.5,14.29,25.5,2.0,1.0,9.52,17.0,2.0,1.0,9.52,17.0,1.0,0.5,4.76,8.5,2.0,1.0,9.52,17.0,1.0,0.5,4.76,8.5,1.0,0.5,4.76,8.5,2.0,1.0,9.52,17.0,9.52,66.67,-57.14,119.0,-12.0,-6.0,-57.14,4.24,2.12,0.14,0.14,1.0,0.0,,0.22,1.0,0.0,0.62,0.5,9.52,4.76,0.05,9.52,0.0
4,臺北台新戰神,1|14|10865|10869,丁聖儒/錢肯尼/謝銘駿/基德,9,144,167.0,2364.13,39.4,39:24,262.68,4.38,04:23,77.0,8.56,46.11,70.35,53.0,5.89,31.74,48.42,59.0,6.56,35.33,53.91,25.0,2.78,14.97,22.84,30.0,3.33,17.96,27.41,15.0,1.67,8.98,13.7,29.0,3.22,17.37,26.5,10.0,1.11,5.99,9.14,21.0,2.33,12.57,19.19,17.0,1.89,10.18,15.53,9.0,1.0,5.39,8.22,27.0,3.0,16.17,24.67,11.0,1.22,6.59,10.05,24.0,2.67,14.37,21.93,14.0,1.56,8.38,12.79,16.0,1.78,9.58,14.62,7.0,0.78,4.19,6.4,2.0,0.22,1.2,1.83,11.0,1.22,6.59,10.05,14.0,1.56,8.38,12.79,46.11,31.74,14.37,101.72,24.0,2.67,14.37,39.4,4.38,0.51,0.56,0.5,0.34,0.81,0.17,0.64,0.27,0.71,0.51,4.19,1.2,0.07,8.38,0.36
4,臺北台新戰神,1|14|10867|10869,丁聖儒/錢肯尼/威力斯/基德,7,260,312.0,4227.3,70.45,70:27,603.9,10.06,10:04,133.0,19.0,42.63,67.96,116.0,16.57,37.18,59.27,94.0,13.43,30.13,48.03,42.0,6.0,13.46,21.46,61.0,8.71,19.55,31.17,31.0,4.43,9.94,15.84,33.0,4.71,10.58,16.86,11.0,1.57,3.53,5.62,51.0,7.29,16.35,26.06,37.0,5.29,11.86,18.91,18.0,2.57,5.77,9.2,38.0,5.43,12.18,19.42,19.0,2.71,6.09,9.71,50.0,7.14,16.03,25.55,33.0,4.71,10.58,16.86,25.0,3.57,8.01,12.77,17.0,2.43,5.45,8.69,1.0,0.14,0.32,0.51,38.0,5.43,12.18,19.42,39.0,5.57,12.5,19.93,42.63,37.18,5.45,106.28,17.0,2.43,5.45,70.45,10.06,0.51,0.57,0.51,0.33,0.73,0.22,0.6,0.26,0.67,0.45,5.45,0.32,0.12,12.5,0.54
4,新竹御嵿攻城獅,76|88|90|5948,曾柏喻/盧冠軒/李啓瑋/克雷格,1,12,15.0,162.8,2.71,02:43,162.8,2.71,02:43,6.0,6.0,40.0,79.61,13.0,13.0,86.67,172.48,6.0,6.0,40.0,79.61,3.0,3.0,20.0,39.8,6.0,6.0,40.0,79.61,3.0,3.0,20.0,39.8,0.0,0.0,0.0,0.0,0.0,0.0,0.0,0.0,0.0,0.0,0.0,0.0,0.0,0.0,0.0,0.0,1.0,1.0,6.67,13.27,2.0,2.0,13.33,26.54,2.0,2.0,13.33,26.54,1.0,1.0,6.67,13.27,1.0,1.0,6.67,13.27,1.0,1.0,6.67,13.27,1.0,1.0,6.67,13.27,0.0,0.0,0.0,0.0,0.0,0.0,0.0,0.0,6.0,6.0,40.0,79.61,40.0,86.67,-46.67,132.68,-7.0,-7.0,-46.67,2.71,2.71,0.5,0.5,0.5,,,0.14,0.33,0.5,0.5,0.5,6.67,0.0,0.0,40.0,0.0
4,新竹御嵿攻城獅,76|88|90|10885,曾柏喻/盧冠軒/李啓瑋/劉丞勳,1,19,21.0,347.18,5.79,05:47,347.18,5.79,05:47,13.0,13.0,61.9,80.88,10.0,10.0,47.62,62.22,6.0,6.0,28.57,37.33,4.0,4.0,19.05,24.89,1.0,1.0,4.76,6.22,1.0,1.0,4.76,6.22,5.0,5.0,23.81,31.11,3.0,3.0,14.29,18.66,2.0,2.0,9.52,12.44,2.0,2.0,9.52,12.44,0.0,0.0,0.0,0.0,2.0,2.0,9.52,12.44,1.0,1.0,4.76,6.22,3.0,3.0,14.29,18.66,2.0,2.0,9.52,12.44,3.0,3.0,14.29,18.66,1.0,1.0,4.76,6.22,0.0,0.0,0.0,0.0,4.0,4.0,19.05,24.89,4.0,4.0,19.05,24.89,61.9,47.62,14.29,87.1,3.0,3.0,14.29,5.79,5.79,0.92,0.94,1.0,0.6,1.0,0.23,0.75,0.0,0.67,0.33,4.76,0.0,0.19,19.05,0.33
4,新竹御嵿攻城獅,88|90|10885|10887,盧冠軒/李啓瑋/劉丞勳/德魯,3,27,30.0,447.47,7.46,07:27,149.16,2.49,02:29,13.0,4.33,43.33,62.75,18.0,6.0,60.0,86.89,8.0,2.67,26.67,38.62,4.0,1.33,13.33,19.31,2.0,0.67,6.67,9.65,1.0,0.33,3.33,4.83,6.0,2.0,20.0,28.96,3.0,1.0,10.0,14.48,2.0,0.67,6.67,9.65,2.0,0.67,6.67,9.65,0.0,0.0,0.0,0.0,4.0,1.33,13.33,19.31,1.0,0.33,3.33,4.83,4.0,1.33,13.33,19.31,4.0,1.33,13.33,19.31,3.0,1.0,10.0,14.48,2.0,0.67,6.67,9.65,0.0,0.0,0.0,0.0,5.0,1.67,16.67,24.14,6.0,2.0,20.0,28.96,43.33,60.0,-16.67,96.54,-5.0,-1.67,-16.67,7.46,2.49,0.69,0.73,0.5,0.5,1.0,0.31,0.75,0.0,0.8,0.44,6.67,0.0,0.17,20.0,0.25
4,臺北台新戰神,1|3|10867|10870,丁聖儒/陳文宏/威力斯/洛夫頓,1,16,20.0,310.0,5.17,05:10,310.0,5.17,05:10,13.0,13.0,65.0,90.58,11.0,11.0,55.0,76.64,12.0,12.0,60.0,83.61,6.0,6.0,30.0,41.81,8.0,8.0,40.0,55.74,5.0,5.0,25.0,34.84,4.0,4.0,20.0,27.87,1.0,1.0,5.0,6.97,0.0,0.0,0.0,0.0,0.0,0.0,0.0,0.0,3.0,3.0,15.0,20.9,3.0,3.0,15.0,20.9,0.0,0.0,0.0,0.0,2.0,2.0,10.0,13.94,0.0,0.0,0.0,0.0,1.0,1.0,5.0,6.97,0.0,0.0,0.0,0.0,0.0,0.0,0.0,0.0,0.0,0.0,0.0,0.0,0.0,0.0,0.0,0.0,65.0,55.0,10.0,92.9,2.0,2.0,10.0,5.17,5.17,0.54,0.54,0.62,0.25,,0.0,0.17,0.6,1.0,0.75,0.0,0.0,0.0,0.0,0.0
4,新竹御嵿攻城獅,80|82|10862|10887,田浩/蕭順議/提傑/德魯,2,26,33.0,449.08,7.48,07:29,224.54,3.74,03:45,8.0,4.0,24.24,38.48,16.0,8.0,48.48,76.96,14.0,7.0,42.42,67.34,3.0,1.5,9.09,14.43,11.0,5.5,33.33,52.91,3.0,1.5,9.09,14.43,3.0,1.5,9.09,14.43,0.0,0.0,0.0,0.0,2.0,1.0,6.06,9.62,2.0,1.0,6.06,9.62,5.0,2.5,15.15,24.05,6.0,3.0,18.18,28.86,2.0,1.0,6.06,9.62,3.0,1.5,9.09,14.43,4.0,2.0,12.12,19.24,2.0,1.0,6.06,9.62,2.0,1.0,6.06,9.62,3.0,1.5,9.09,14.43,3.0,1.5,9.09,14.43,2.0,1.0,6.06,9.62,24.24,48.48,-24.24,105.82,-8.0,-4.0,-24.24,7.48,3.74,0.21,0.27,0.27,0.0,1.0,0.21,0.67,0.62,0.75,0.69,6.06,9.09,0.09,6.06,0.14
4,新竹御嵿攻城獅,80|82|10885|10887,田浩/蕭順議/劉丞勳/德魯,1,16,21.0,308.09,5.13,05:08,308.09,5.13,05:08,6.0,6.0,28.57,42.07,12.0,12.0,57.14,84.13,13.0,13.0,61.9,91.14,3.0,3.0,14.29,21.03,11.0,11.0,52.38,77.12,3.0,3.0,14.29,21.03,2.0,2.0,9.52,14.02,0.0,0.0,0.0,0.0,0.0,0.0,0.0,0.0,0.0,0.0,0.0,0.0,4.0,4.0,19.05,28.04,6.0,6.0,28.57,42.07,1.0,1.0,4.76,7.01,2.0,2.0,9.52,14.02,0.0,0.0,0.0,0.0,2.0,2.0,9.52,14.02,0.0,0.0,0.0,0.0,2.0,2.0,9.52,14.02,3.0,3.0,14.29,21.03,3.0,3.0,14.29,21.03,28.57,57.14,-28.57,98.15,-6.0,-6.0,-28.57,5.13,5.13,0.23,0.23,0.27,0.0,,0.0,0.67,0.67,0.86,0.77,0.0,9.52,0.14,14.29,0.0
4,新竹御嵿攻城獅,80|87|90|10862,田浩/蔡宸綱/李啓瑋/提傑,2,25,28.0,346.42,5.77,05:46,173.21,2.89,02:53,9.0,4.5,32.14,56.12,16.0,8.0,57.14,99.76,8.0,4.0,28.57,49.88,2.0,1.0,7.14,12.47,5.0,2.5,17.86,31.18,1.0,0.5,3.57,6.24,3.0,1.5,10.71,18.71,1.0,0.5,3.57,6.24,5.0,2.5,17.86,31.18,4.0,2.0,14.29,24.94,1.0,0.5,3.57,6.24,6.0,3.0,21.43,37.41,1.0,0.5,3.57,6.24,3.0,1.5,10.71,18.71,3.0,1.5,10.71,18.71,1.0,0.5,3.57,6.24,1.0,0.5,3.57,6.24,0.0,0.0,0.0,0.0,3.0,1.5,10.71,18.71,3.0,1.5,10.71,18.71,32.14,57.14,-25.0,116.39,-7.0,-3.5,-25.0,5.77,2.89,0.31,0.44,0.2,0.33,0.8,0.23,0.5,0.25,0.86,0.64,3.57,0.0,0.11,10.71,0.62
4,新竹御嵿攻城獅,80|87|90|10885,田浩/蔡宸綱/李啓瑋/劉丞勳,1,10,12.0,127.92,2.13,02:08,127.92,2.13,02:08,3.0,3.0,25.0,50.66,8.0,8.0,66.67,135.08,3.0,3.0,25.0,50.66,0.0,0.0,0.0,0.0,1.0,1.0,8.33,16.89,0.0,0.0,0.0,0.0,2.0,2.0,16.67,33.77,0.0,0.0,0.0,0.0,3.0,3.0,25.0,50.66,3.0,3.0,25.0,50.66,1.0,1.0,8.33,16.89,2.0,2.0,16.67,33.77,1.0,1.0,8.33,16.89,0.0,0.0,0.0,0.0,1.0,1.0,8.33,16.89,0.0,0.0,0.0,0.0,1.0,1.0,8.33,16.89,0.0,0.0,0.0,0.0,1.0,1.0,8.33,16.89,0.0,0.0,0.0,0.0,25.0,66.67,-41.67,135.08,-5.0,-5.0,-41.67,2.13,2.13,0.0,0.35,0.0,0.0,1.0,0.19,,1.0,0.67,0.75,8.33,0.0,0.08,0.0,1.0
4,新竹御嵿攻城獅,80|87|10862|10885,田浩/蔡宸綱/提傑/劉丞勳,1,10,12.0,127.92,2.13,02:08,127.92,2.13,02:08,3.0,3.0,25.0,50.66,8.0,8.0,66.67,135.08,3.0,3.0,25.0,50.66,0.0,0.0,0.0,0.0,1.0,1.0,8.33,16.89,0.0,0.0,0.0,0.0,2.0,2.0,16.67,33.77,0.0,0.0,0.0,0.0,3.0,3.0,25.0,50.66,3.0,3.0,25.0,50.66,1.0,1.0,8.33,16.89,2.0,2.0,16.67,33.77,1.0,1.0,8.33,16.89,0.0,0.0,0.0,0.0,1.0,1.0,8.33,16.89,0.0,0.0,0.0,0.0,1.0,1.0,8.33,16.89,0.0,0.0,0.0,0.0,1.0,1.0,8.33,16.89,0.0,0.0,0.0,0.0,25.0,66.67,-41.67,135.08,-5.0,-5.0,-41.67,2.13,2.13,0.0,0.35,0.0,0.0,1.0,0.19,,1.0,0.67,0.75,8.33,0.0,0.08,0.0,1.0
4,新竹御嵿攻城獅,87|90|10862|10885,蔡宸綱/李啓瑋/提傑/劉丞勳,1,10,12.0,127.92,2.13,02:08,127.92,2.13,02:08,3.0,3.0,25.0,50.66,8.0,8.0,66.67,135.08,3.0,3.0,25.0,50.66,0.0,0.0,0.0,0.0,1.0,1.0,8.33,16.89,0.0,0.0,0.0,0.0,2.0,2.0,16.67,33.77,0.0,0.0,0.0,0.0,3.0,3.0,25.0,50.66,3.0,3.0,25.0,50.66,1.0,1.0,8.33,16.89,2.0,2.0,16.67,33.77,1.0,1.0,8.33,16.89,0.0,0.0,0.0,0.0,1.0,1.0,8.33,16.89,0.0,0.0,0.0,0.0,1.0,1.0,8.33,16.89,0.0,0.0,0.0,0.0,1.0,1.0,8.33,16.89,0.0,0.0,0.0,0.0,25.0,66.67,-41.67,135.08,-5.0,-5.0,-41.67,2.13,2.13,0.0,0.35,0.0,0.0,1.0,0.19,,1.0,0.67,0.75,8.33,0.0,0.08,0.0,1.0
4,新竹御嵿攻城獅,76|87|88|90,曾柏喻/蔡宸綱/盧冠軒/李啓瑋,2,19,29.0,1051.79,17.53,17:32,525.89,8.76,08:46,11.0,5.5,37.93,22.59,12.0,6.0,41.38,24.64,13.0,6.5,44.83,26.7,5.0,2.5,17.24,10.27,9.0,4.5,31.03,18.48,4.0,2.0,13.79,8.21,4.0,2.0,13.79,8.21,1.0,0.5,3.45,2.05,0.0,0.0,0.0,0.0,0.0,0.0,0.0,0.0,3.0,1.5,10.34,6.16,5.0,2.5,17.24,10.27,7.0,3.5,24.14,14.38,3.0,1.5,10.34,6.16,0.0,0.0,0.0,0.0,2.0,1.0,6.9,4.11,0.0,0.0,0.0,0.0,1.0,0.5,3.45,2.05,2.0,1.0,6.9,4.11,4.0,2.0,13.79,8.21,37.93,41.38,-3.45,39.7,-1.0,-0.5,-3.45,17.53,8.76,0.42,0.42,0.44,0.25,,0.0,0.4,0.5,0.42,0.44,0.0,3.45,0.07,13.79,0.0
4,新竹御嵿攻城獅,76|87|90|10862,曾柏喻/蔡宸綱/李啓瑋/提傑,2,8,12.0,879.0,14.65,14:39,439.5,7.33,07:20,4.0,2.0,33.33,9.83,6.0,3.0,50.0,14.74,6.0,3.0,50.0,14.74,2.0,1.0,16.67,4.91,5.0,2.5,41.67,12.29,2.0,1.0,16.67,4.91,1.0,0.5,8.33,2.46,0.0,0.0,0.0,0.0,0.0,0.0,0.0,0.0,0.0,0.0,0.0,0.0,1.0,0.5,8.33,2.46,3.0,1.5,25.0,7.37,3.0,1.5,25.0,7.37,0.0,0.0,0.0,0.0,0.0,0.0,0.0,0.0,0.0,0.0,0.0,0.0,0.0,0.0,0.0,0.0,1.0,0.5,8.33,2.46,0.0,0.0,0.0,0.0,2.0,1.0,16.67,4.91,33.33,50.0,-16.67,19.66,-2.0,-1.0,-16.67,14.65,7.33,0.33,0.33,0.4,0.0,,0.0,0.0,1.0,0.5,0.57,0.0,8.33,0.0,16.67,0.0
4,新竹御嵿攻城獅,87|88|90|10862,蔡宸綱/盧冠軒/李啓瑋/提傑,2,38,52.0,1429.28,23.82,23:49,714.64,11.91,11:55,22.0,11.0,42.31,33.25,18.0,9.0,34.62,27.2,15.0,7.5,28.85,22.67,9.0,4.5,17.31,13.6,9.0,4.5,17.31,13.6,7.0,3.5,13.46,10.58,6.0,3.0,11.54,9.07,2.0,1.0,3.85,3.02,2.0,1.0,3.85,3.02,2.0,1.0,3.85,3.02,2.0,1.0,3.85,3.02,4.0,2.0,7.69,6.04,12.0,6.0,23.08,18.13,7.0,3.5,13.46,10.58,4.0,2.0,7.69,6.04,4.0,2.0,7.69,6.04,3.0,1.5,5.77,4.53,1.0,0.5,1.92,1.51,4.0,2.0,7.69,6.04,2.0,1.0,3.85,3.02,42.31,34.62,7.69,52.39,4.0,2.0,7.69,23.82,11.91,0.67,0.69,0.78,0.33,1.0,0.2,0.44,0.22,0.25,0.24,5.77,1.92,0.08,3.85,0.13
4,新竹御嵿攻城獅,76|88|90|10888,曾柏喻/盧冠軒/李啓瑋/帕塞獅,2,20,24.0,337.09,5.62,05:37,168.54,2.81,02:49,10.0,5.0,41.67,64.08,10.0,5.0,41.67,64.08,9.0,4.5,37.5,57.67,4.0,2.0,16.67,25.63,5.0,2.5,20.83,32.04,2.0,1.0,8.33,12.82,4.0,2.0,16.67,25.63,2.0,1.0,8.33,12.82,0.0,0.0,0.0,0.0,0.0,0.0,0.0,0.0,1.0,0.5,4.17,6.41,4.0,2.0,16.67,25.63,2.0,1.0,8.33,12.82,3.0,1.5,12.5,19.22,2.0,1.0,8.33,12.82,2.0,1.0,8.33,12.82,1.0,0.5,4.17,6.41,0.0,0.0,0.0,0.0,3.0,1.5,12.5,19.22,2.0,1.0,8.33,12.82,41.67,41.67,0.0,102.53,0.0,0.0,0.0,5.62,2.81,0.56,0.56,0.4,0.5,,0.18,0.5,0.25,0.67,0.5,4.17,0.0,0.12,8.33,0.0
4,新竹御嵿攻城獅,80|82|10862|10888,田浩/蕭順議/提傑/帕塞獅,2,19,22.0,290.45,4.84,04:50,145.23,2.42,02:25,10.0,5.0,45.45,74.37,9.0,4.5,40.91,66.93,9.0,4.5,40.91,66.93,4.0,2.0,18.18,29.75,5.0,2.5,22.73,37.18,3.0,1.5,13.64,22.31,4.0,2.0,18.18,29.75,1.0,0.5,4.55,7.44,2.0,1.0,9.09,14.87,1.0,0.5,4.55,7.44,1.0,0.5,4.55,7.44,4.0,2.0,18.18,29.75,2.0,1.0,9.09,14.87,3.0,1.5,13.64,22.31,0.0,0.0,0.0,0.0,3.0,1.5,13.64,22.31,0.0,0.0,0.0,0.0,0.0,0.0,0.0,0.0,1.0,0.5,4.55,7.44,2.0,1.0,9.09,14.87,45.45,40.91,4.55,109.07,1.0,0.5,4.55,4.84,2.42,0.5,0.51,0.6,0.25,0.5,0.0,0.75,0.25,0.67,0.5,0.0,0.0,0.05,9.09,0.22
4,新竹御嵿攻城獅,80|82|10885|10888,田浩/蕭順議/劉丞勳/帕塞獅,1,7,7.0,124.78,2.08,02:05,124.78,2.08,02:05,2.0,2.0,28.57,34.62,6.0,6.0,85.71,103.86,4.0,4.0,57.14,69.24,1.0,1.0,14.29,17.31,2.0,2.0,28.57,34.62,1.0,1.0,14.29,17.31,2.0,2.0,28.57,34.62,0.0,0.0,0.0,0.0,0.0,0.0,0.0,0.0,0.0,0.0,0.0,0.0,0.0,0.0,0.0,0.0,3.0,3.0,42.86,51.93,0.0,0.0,0.0,0.0,0.0,0.0,0.0,0.0,0.0,0.0,0.0,0.0,0.0,0.0,0.0,0.0,0.0,0.0,0.0,0.0,0.0,0.0,0.0,0.0,1.0,1.0,14.29,17.31,4.0,4.0,57.14,69.24,28.57,85.71,-57.14,80.78,-4.0,-4.0,-57.14,2.08,2.08,0.25,0.25,0.5,0.0,,0.0,0.0,,1.0,1.0,0.0,0.0,0.14,57.14,0.0
4,新竹御嵿攻城獅,80|10862|10885|10888,田浩/提傑/劉丞勳/帕塞獅,1,4,4.0,66.78,1.11,01:07,66.78,1.11,01:07,2.0,2.0,50.0,64.69,4.0,4.0,100.0,129.37,2.0,2.0,50.0,64.69,1.0,1.0,25.0,32.34,1.0,1.0,25.0,32.34,1.0,1.0,25.0,32.34,1.0,1.0,25.0,32.34,0.0,0.0,0.0,0.0,0.0,0.0,0.0,0.0,0.0,0.0,0.0,0.0,0.0,0.0,0.0,0.0,1.0,1.0,25.0,32.34,0.0,0.0,0.0,0.0,0.0,0.0,0.0,0.0,0.0,0.0,0.0,0.0,0.0,0.0,0.0,0.0,0.0,0.0,0.0,0.0,0.0,0.0,0.0,0.0,0.0,0.0,0.0,0.0,2.0,2.0,50.0,64.69,50.0,100.0,-50.0,86.25,-2.0,-2.0,-50.0,1.11,1.11,0.5,0.5,1.0,0.0,,0.0,0.0,,1.0,1.0,0.0,0.0,0.0,50.0,0.0
4,桃園台啤永豐雲豹,12|16|54|57,曹薰襄/米勒/高錦瑋/莊博元,9,95,110.0,1594.16,26.57,26:34,177.13,2.95,02:57,59.0,6.56,53.64,79.94,49.0,5.44,44.55,66.39,45.0,5.0,40.91,60.97,22.0,2.44,20.0,29.81,21.0,2.33,19.09,28.45,11.0,1.22,10.0,14.9,24.0,2.67,21.82,32.52,11.0,1.22,10.0,14.9,5.0,0.56,4.55,6.77,4.0,0.44,3.64,5.42,5.0,0.56,4.55,6.77,17.0,1.89,15.45,23.03,10.0,1.11,9.09,13.55,17.0,1.89,15.45,23.03,6.0,0.67,5.45,8.13,18.0,2.0,16.36,24.39,5.0,0.56,4.55,6.77,0.0,0.0,0.0,0.0,4.0,0.44,3.64,5.42,12.0,1.33,10.91,16.26,53.64,44.55,9.09,99.36,10.0,1.11,9.09,26.57,2.95,0.61,0.62,0.52,0.46,0.8,0.11,0.82,0.23,0.63,0.45,4.55,0.0,0.04,10.91,0.11
4,桃園台啤永豐雲豹,12|54|57|10861,曹薰襄/高錦瑋/莊博元/迪亞洛,6,71,85.0,947.88,15.8,15:48,157.98,2.63,02:38,35.0,5.83,41.18,79.76,30.0,5.0,35.29,68.36,31.0,5.17,36.47,70.64,12.0,2.0,14.12,27.35,21.0,3.5,24.71,47.85,6.0,1.0,7.06,13.67,10.0,1.67,11.76,22.79,6.0,1.0,7.06,13.67,9.0,1.5,10.59,20.51,5.0,0.83,5.88,11.39,7.0,1.17,8.24,15.95,11.0,1.83,12.94,25.07,4.0,0.67,4.71,9.12,12.0,2.0,14.12,27.35,9.0,1.5,10.59,20.51,7.0,1.17,8.24,15.95,4.0,0.67,4.71,9.12,1.0,0.17,1.18,2.28,5.0,0.83,5.88,11.39,7.0,1.17,8.24,15.95,41.18,35.29,5.88,129.13,5.0,0.83,5.88,15.8,2.63,0.48,0.5,0.29,0.6,0.56,0.2,0.58,0.37,0.73,0.53,4.71,1.18,0.06,8.24,0.29
4,新竹御嵿攻城獅,80|82|10887|10888,田浩/蕭順議/德魯/帕塞獅,1,3,3.0,58.0,0.97,00:58,58.0,0.97,00:58,0.0,0.0,0.0,0.0,2.0,2.0,66.67,74.48,2.0,2.0,66.67,74.48,0.0,0.0,0.0,0.0,1.0,1.0,33.33,37.24,0.0,0.0,0.0,0.0,1.0,1.0,33.33,37.24,0.0,0.0,0.0,0.0,0.0,0.0,0.0,0.0,0.0,0.0,0.0,0.0,0.0,0.0,0.0,0.0,2.0,2.0,66.67,74.48,0.0,0.0,0.0,0.0,0.0,0.0,0.0,0.0,0.0,0.0,0.0,0.0,0.0,0.0,0.0,0.0,0.0,0.0,0.0,0.0,0.0,0.0,0.0,0.0,1.0,1.0,33.33,37.24,2.0,2.0,66.67,74.48,0.0,66.67,-66.67,74.48,-2.0,-2.0,-66.67,0.97,0.97,0.0,0.0,0.0,0.0,,0.0,,,1.0,1.0,0.0,0.0,0.33,66.67,0.0
4,新竹御嵿攻城獅,80|10885|10887|10888,田浩/劉丞勳/德魯/帕塞獅,3,28,31.0,355.05,5.92,05:55,118.35,1.97,01:58,17.0,5.67,54.84,103.42,9.0,3.0,29.03,54.75,11.0,3.67,35.48,66.92,5.0,1.67,16.13,30.42,8.0,2.67,25.81,48.67,4.0,1.33,12.9,24.33,3.0,1.0,9.68,18.25,1.0,0.33,3.23,6.08,9.0,3.0,29.03,54.75,6.0,2.0,19.35,36.5,2.0,0.67,6.45,12.17,5.0,1.67,16.13,30.42,0.0,0.0,0.0,0.0,5.0,1.67,16.13,30.42,1.0,0.33,3.23,6.08,3.0,1.0,9.68,18.25,0.0,0.0,0.0,0.0,0.0,0.0,0.0,0.0,5.0,1.67,16.13,30.42,3.0,1.0,9.68,18.25,54.84,29.03,25.81,125.73,8.0,2.67,25.81,5.92,1.97,0.5,0.57,0.5,0.33,0.67,0.06,0.6,0.29,1.0,0.58,0.0,0.0,0.16,9.68,0.82
4,新竹御嵿攻城獅,80|82|88|10862,田浩/蕭順議/盧冠軒/提傑,1,9,10.0,109.94,1.83,01:50,109.94,1.83,01:50,2.0,2.0,20.0,39.29,2.0,2.0,20.0,39.29,2.0,2.0,20.0,39.29,0.0,0.0,0.0,0.0,1.0,1.0,10.0,19.65,0.0,0.0,0.0,0.0,1.0,1.0,10.0,19.65,0.0,0.0,0.0,0.0,2.0,2.0,20.0,39.29,2.0,2.0,20.0,39.29,1.0,1.0,10.0,19.65,1.0,1.0,10.0,19.65,0.0,0.0,0.0,0.0,1.0,1.0,10.0,19.65,3.0,3.0,30.0,58.94,0.0,0.0,0.0,0.0,2.0,2.0,20.0,39.29,1.0,1.0,10.0,19.65,1.0,1.0,10.0,19.65,0.0,0.0,0.0,0.0,20.0,20.0,0.0,130.98,0.0,0.0,0.0,1.83,1.83,0.0,0.35,0.0,0.0,1.0,0.51,,0.5,1.0,0.67,20.0,10.0,0.1,0.0,1.0
4,新竹御嵿攻城獅,80|82|88|10887,田浩/蕭順議/盧冠軒/德魯,1,9,10.0,109.94,1.83,01:50,109.94,1.83,01:50,2.0,2.0,20.0,39.29,2.0,2.0,20.0,39.29,2.0,2.0,20.0,39.29,0.0,0.0,0.0,0.0,1.0,1.0,10.0,19.65,0.0,0.0,0.0,0.0,1.0,1.0,10.0,19.65,0.0,0.0,0.0,0.0,2.0,2.0,20.0,39.29,2.0,2.0,20.0,39.29,1.0,1.0,10.0,19.65,1.0,1.0,10.0,19.65,0.0,0.0,0.0,0.0,1.0,1.0,10.0,19.65,3.0,3.0,30.0,58.94,0.0,0.0,0.0,0.0,2.0,2.0,20.0,39.29,1.0,1.0,10.0,19.65,1.0,1.0,10.0,19.65,0.0,0.0,0.0,0.0,20.0,20.0,0.0,130.98,0.0,0.0,0.0,1.83,1.83,0.0,0.35,0.0,0.0,1.0,0.51,,0.5,1.0,0.67,20.0,10.0,0.1,0.0,1.0
4,新竹御嵿攻城獅,80|88|10862|10887,田浩/盧冠軒/提傑/德魯,4,71,84.0,1131.06,18.85,18:51,282.77,4.71,04:43,27.0,6.75,32.14,51.56,31.0,7.75,36.9,59.2,30.0,7.5,35.71,57.29,9.0,2.25,10.71,17.19,10.0,2.5,11.9,19.1,5.0,1.25,5.95,9.55,20.0,5.0,23.81,38.19,4.0,1.0,4.76,7.64,7.0,1.75,8.33,13.37,5.0,1.25,5.95,9.55,4.0,1.0,4.76,7.64,19.0,4.75,22.62,36.28,7.0,1.75,8.33,13.37,15.0,3.75,17.86,28.65,6.0,1.5,7.14,11.46,8.0,2.0,9.52,15.28,3.0,0.75,3.57,5.73,1.0,0.25,1.19,1.91,6.0,1.5,7.14,11.46,4.0,1.0,4.76,7.64,32.14,36.9,-4.76,106.94,-4.0,-1.0,-4.76,18.85,4.71,0.37,0.41,0.5,0.2,0.71,0.15,0.89,0.21,0.73,0.51,3.57,1.19,0.07,4.76,0.23
4,新竹御嵿攻城獅,82|87|10862|10887,蕭順議/蔡宸綱/提傑/德魯,2,12,14.0,238.41,3.97,03:58,119.21,1.99,01:59,4.0,2.0,28.57,36.24,8.0,4.0,57.14,72.48,3.0,1.5,21.43,27.18,2.0,1.0,14.29,18.12,2.0,1.0,14.29,18.12,2.0,1.0,14.29,18.12,1.0,0.5,7.14,9.06,0.0,0.0,0.0,0.0,1.0,0.5,7.14,9.06,0.0,0.0,0.0,0.0,0.0,0.0,0.0,0.0,2.0,1.0,14.29,18.12,1.0,0.5,7.14,9.06,3.0,1.5,21.43,27.18,2.0,1.0,14.29,18.12,0.0,0.0,0.0,0.0,1.0,0.5,7.14,9.06,0.0,0.0,0.0,0.0,1.0,0.5,7.14,9.06,2.0,1.0,14.29,18.12,28.57,57.14,-28.57,84.56,-4.0,-2.0,-28.57,3.97,1.99,0.67,0.58,1.0,0.0,0.0,0.37,0.0,0.0,0.67,0.33,7.14,0.0,0.07,14.29,0.33
4,臺北台新戰神,1|10|10867|10868,丁聖儒/雷蒙恩/威力斯/齊曼加,2,83,99.0,1384.87,23.08,23:05,692.43,11.54,11:32,37.0,18.5,37.37,57.71,40.0,20.0,40.4,62.39,34.0,17.0,34.34,53.03,14.0,7.0,14.14,21.84,26.0,13.0,26.26,40.55,12.0,6.0,12.12,18.72,8.0,4.0,8.08,12.48,2.0,1.0,2.02,3.12,9.0,4.5,9.09,14.04,7.0,3.5,7.07,10.92,8.0,4.0,8.08,12.48,12.0,6.0,12.12,18.72,6.0,3.0,6.06,9.36,15.0,7.5,15.15,23.4,11.0,5.5,11.11,17.16,5.0,2.5,5.05,7.8,5.0,2.5,5.05,7.8,0.0,0.0,0.0,0.0,10.0,5.0,10.1,15.6,4.0,2.0,4.04,6.24,37.37,40.4,-3.03,102.94,-3.0,-1.5,-3.03,23.08,11.54,0.44,0.49,0.46,0.25,0.78,0.22,0.36,0.35,0.67,0.49,5.05,0.0,0.1,4.04,0.26
4,臺北台新戰神,1|3|10865|10867,丁聖儒/陳文宏/謝銘駿/威力斯,2,9,11.0,162.0,2.7,02:42,81.0,1.35,01:21,7.0,3.5,63.64,93.33,5.0,2.5,45.45,66.67,4.0,2.0,36.36,53.33,3.0,1.5,27.27,40.0,3.0,1.5,27.27,40.0,2.0,1.0,18.18,26.67,1.0,0.5,9.09,13.33,1.0,0.5,9.09,13.33,0.0,0.0,0.0,0.0,0.0,0.0,0.0,0.0,1.0,0.5,9.09,13.33,0.0,0.0,0.0,0.0,1.0,0.5,9.09,13.33,3.0,1.5,27.27,40.0,1.0,0.5,9.09,13.33,2.0,1.0,18.18,26.67,0.0,0.0,0.0,0.0,0.0,0.0,0.0,0.0,1.0,0.5,9.09,13.33,2.0,1.0,18.18,26.67,63.64,45.45,18.18,97.78,2.0,1.0,18.18,2.7,1.35,0.88,0.88,0.67,1.0,,0.2,0.67,0.25,0.0,0.2,0.0,0.0,0.09,18.18,0.0
4,臺北台新戰神,1|3|10865|10869,丁聖儒/陳文宏/謝銘駿/基德,2,8,10.0,155.73,2.6,02:36,77.86,1.3,01:18,7.0,3.5,70.0,97.09,5.0,2.5,50.0,69.35,4.0,2.0,40.0,55.48,3.0,1.5,30.0,41.61,3.0,1.5,30.0,41.61,2.0,1.0,20.0,27.74,1.0,0.5,10.0,13.87,1.0,0.5,10.0,13.87,0.0,0.0,0.0,0.0,0.0,0.0,0.0,0.0,1.0,0.5,10.0,13.87,0.0,0.0,0.0,0.0,1.0,0.5,10.0,13.87,2.0,1.0,20.0,27.74,1.0,0.5,10.0,13.87,2.0,1.0,20.0,27.74,0.0,0.0,0.0,0.0,1.0,0.5,10.0,13.87,2.0,1.0,20.0,27.74,2.0,1.0,20.0,27.74,70.0,50.0,20.0,92.47,2.0,1.0,20.0,2.6,1.3,0.88,0.88,0.67,1.0,,0.2,0.67,0.33,0.0,0.25,0.0,10.0,0.2,20.0,0.0
4,臺北台新戰神,3|14|10865|10869,陳文宏/錢肯尼/謝銘駿/基德,2,11,11.0,160.4,2.67,02:40,80.2,1.34,01:20,5.0,2.5,45.45,67.33,11.0,5.5,100.0,148.13,2.0,1.0,18.18,26.93,1.0,0.5,9.09,13.47,1.0,0.5,9.09,13.47,0.0,0.0,0.0,0.0,1.0,0.5,9.09,13.47,1.0,0.5,9.09,13.47,2.0,1.0,18.18,26.93,2.0,1.0,18.18,26.93,0.0,0.0,0.0,0.0,1.0,0.5,9.09,13.47,0.0,0.0,0.0,0.0,1.0,0.5,9.09,13.47,2.0,1.0,18.18,26.93,0.0,0.0,0.0,0.0,1.0,0.5,9.09,13.47,0.0,0.0,0.0,0.0,2.0,1.0,18.18,26.93,2.0,1.0,18.18,26.93,45.45,100.0,-54.55,98.76,-6.0,-3.0,-54.55,2.67,1.34,0.75,0.87,0.0,1.0,1.0,0.41,0.0,0.0,1.0,0.5,9.09,0.0,0.18,18.18,1.0
4,臺北台新戰神,3|14|10867|10869,陳文宏/錢肯尼/威力斯/基德,3,26,29.0,355.22,5.92,05:55,118.41,1.97,01:58,8.0,2.67,27.59,48.65,12.0,4.0,41.38,72.97,9.0,3.0,31.03,54.73,2.0,0.67,6.9,12.16,6.0,2.0,20.69,36.48,0.0,0.0,0.0,0.0,3.0,1.0,10.34,18.24,2.0,0.67,6.9,12.16,4.0,1.33,13.79,24.32,2.0,0.67,6.9,12.16,1.0,0.33,3.45,6.08,7.0,2.33,24.14,42.57,2.0,0.67,6.9,12.16,4.0,1.33,13.79,24.32,2.0,0.67,6.9,12.16,2.0,0.67,6.9,12.16,1.0,0.33,3.45,6.08,0.0,0.0,0.0,0.0,4.0,1.33,13.79,24.32,4.0,1.33,13.79,24.32,27.59,41.38,-13.79,117.56,-4.0,-1.33,-13.79,5.92,1.97,0.33,0.37,0.0,0.67,0.5,0.16,1.0,0.2,0.78,0.57,3.45,0.0,0.14,13.79,0.44
4,臺北台新戰神,3|5|14|10867,陳文宏/黃聰翰/錢肯尼/威力斯,2,13,17.0,179.07,2.98,02:59,89.54,1.49,01:30,2.0,1.0,11.76,24.12,3.0,1.5,17.65,36.19,6.0,3.0,35.29,72.37,0.0,0.0,0.0,0.0,5.0,2.5,29.41,60.31,0.0,0.0,0.0,0.0,1.0,0.5,5.88,12.06,0.0,0.0,0.0,0.0,2.0,1.0,11.76,24.12,2.0,1.0,11.76,24.12,1.0,0.5,5.88,12.06,5.0,2.5,29.41,60.31,3.0,1.5,17.65,36.19,1.0,0.5,5.88,12.06,0.0,0.0,0.0,0.0,1.0,0.5,5.88,12.06,0.0,0.0,0.0,0.0,0.0,0.0,0.0,0.0,2.0,1.0,11.76,24.12,2.0,1.0,11.76,24.12,11.76,17.65,-5.88,136.71,-1.0,-0.5,-5.88,2.98,1.49,0.0,0.15,0.0,0.0,1.0,0.0,,0.5,0.62,0.6,0.0,0.0,0.12,11.76,0.33
4,臺北台新戰神,3|5|14|10869,陳文宏/黃聰翰/錢肯尼/基德,1,13,17.0,188.44,3.14,03:08,188.44,3.14,03:08,4.0,4.0,23.53,45.85,3.0,3.0,17.65,34.39,8.0,8.0,47.06,91.7,1.0,1.0,5.88,11.46,7.0,7.0,41.18,80.24,1.0,1.0,5.88,11.46,1.0,1.0,5.88,11.46,0.0,0.0,0.0,0.0,2.0,2.0,11.76,22.92,2.0,2.0,11.76,22.92,2.0,2.0,11.76,22.92,5.0,5.0,29.41,57.31,2.0,2.0,11.76,22.92,1.0,1.0,5.88,11.46,0.0,0.0,0.0,0.0,1.0,1.0,5.88,11.46,0.0,0.0,0.0,0.0,0.0,0.0,0.0,0.0,3.0,3.0,17.65,34.39,2.0,2.0,11.76,22.92,23.53,17.65,5.88,129.91,1.0,1.0,5.88,3.14,3.14,0.12,0.23,0.14,0.0,1.0,0.0,1.0,0.67,0.71,0.7,0.0,0.0,0.18,11.76,0.25
4,臺北台新戰神,5|14|10867|10869,黃聰翰/錢肯尼/威力斯/基德,2,25,32.0,458.09,7.63,07:38,229.04,3.82,03:49,4.0,2.0,12.5,18.86,9.0,4.5,28.12,42.44,12.0,6.0,37.5,56.58,0.0,0.0,0.0,0.0,8.0,4.0,25.0,37.72,0.0,0.0,0.0,0.0,4.0,2.0,12.5,18.86,0.0,0.0,0.0,0.0,4.0,2.0,12.5,18.86,4.0,2.0,12.5,18.86,4.0,2.0,12.5,18.86,8.0,4.0,25.0,37.72,3.0,1.5,9.38,14.15,4.0,2.0,12.5,18.86,2.0,1.0,6.25,9.43,1.0,0.5,3.12,4.72,1.0,0.5,3.12,4.72,1.0,0.5,3.12,4.72,4.0,2.0,12.5,18.86,2.0,1.0,6.25,9.43,12.5,28.12,-15.62,100.59,-5.0,-2.5,-15.62,7.63,3.82,0.0,0.15,0.0,0.0,1.0,0.13,,0.5,0.73,0.63,3.12,3.12,0.12,6.25,0.33
4,新北中信特攻,43|44|8889|10883,林韋翰/黃泓瀚/馬可/林安龍,1,6,7.0,75.26,1.25,01:15,75.26,1.25,01:15,3.0,3.0,42.86,86.1,2.0,2.0,28.57,57.4,2.0,2.0,28.57,57.4,1.0,1.0,14.29,28.7,1.0,1.0,14.29,28.7,1.0,1.0,14.29,28.7,1.0,1.0,14.29,28.7,0.0,0.0,0.0,0.0,2.0,2.0,28.57,57.4,1.0,1.0,14.29,28.7,1.0,1.0,14.29,28.7,0.0,0.0,0.0,0.0,0.0,0.0,0.0,0.0,2.0,2.0,28.57,57.4,1.0,1.0,14.29,28.7,0.0,0.0,0.0,0.0,0.0,0.0,0.0,0.0,0.0,0.0,0.0,0.0,1.0,1.0,14.29,28.7,2.0,2.0,28.57,57.4,42.86,28.57,14.29,133.93,1.0,1.0,14.29,1.25,1.25,0.5,0.52,1.0,0.0,0.5,0.26,0.0,0.33,,0.33,0.0,0.0,0.14,28.57,1.0
4,新北中信特攻,43|44|10881|10883,林韋翰/黃泓瀚/飛克/林安龍,1,6,7.0,75.26,1.25,01:15,75.26,1.25,01:15,3.0,3.0,42.86,86.1,2.0,2.0,28.57,57.4,2.0,2.0,28.57,57.4,1.0,1.0,14.29,28.7,1.0,1.0,14.29,28.7,1.0,1.0,14.29,28.7,1.0,1.0,14.29,28.7,0.0,0.0,0.0,0.0,2.0,2.0,28.57,57.4,1.0,1.0,14.29,28.7,1.0,1.0,14.29,28.7,0.0,0.0,0.0,0.0,0.0,0.0,0.0,0.0,2.0,2.0,28.57,57.4,1.0,1.0,14.29,28.7,0.0,0.0,0.0,0.0,0.0,0.0,0.0,0.0,0.0,0.0,0.0,0.0,1.0,1.0,14.29,28.7,2.0,2.0,28.57,57.4,42.86,28.57,14.29,133.93,1.0,1.0,14.29,1.25,1.25,0.5,0.52,1.0,0.0,0.5,0.26,0.0,0.33,,0.33,0.0,0.0,0.14,28.57,1.0
4,新北中信特攻,43|8889|10881|10883,林韋翰/馬可/飛克/林安龍,1,6,7.0,75.26,1.25,01:15,75.26,1.25,01:15,3.0,3.0,42.86,86.1,2.0,2.0,28.57,57.4,2.0,2.0,28.57,57.4,1.0,1.0,14.29,28.7,1.0,1.0,14.29,28.7,1.0,1.0,14.29,28.7,1.0,1.0,14.29,28.7,0.0,0.0,0.0,0.0,2.0,2.0,28.57,57.4,1.0,1.0,14.29,28.7,1.0,1.0,14.29,28.7,0.0,0.0,0.0,0.0,0.0,0.0,0.0,0.0,2.0,2.0,28.57,57.4,1.0,1.0,14.29,28.7,0.0,0.0,0.0,0.0,0.0,0.0,0.0,0.0,0.0,0.0,0.0,0.0,1.0,1.0,14.29,28.7,2.0,2.0,28.57,57.4,42.86,28.57,14.29,133.93,1.0,1.0,14.29,1.25,1.25,0.5,0.52,1.0,0.0,0.5,0.26,0.0,0.33,,0.33,0.0,0.0,0.14,28.57,1.0
4,新北中信特攻,44|8889|10881|10883,黃泓瀚/馬可/飛克/林安龍,1,6,7.0,75.26,1.25,01:15,75.26,1.25,01:15,3.0,3.0,42.86,86.1,2.0,2.0,28.57,57.4,2.0,2.0,28.57,57.4,1.0,1.0,14.29,28.7,1.0,1.0,14.29,28.7,1.0,1.0,14.29,28.7,1.0,1.0,14.29,28.7,0.0,0.0,0.0,0.0,2.0,2.0,28.57,57.4,1.0,1.0,14.29,28.7,1.0,1.0,14.29,28.7,0.0,0.0,0.0,0.0,0.0,0.0,0.0,0.0,2.0,2.0,28.57,57.4,1.0,1.0,14.29,28.7,0.0,0.0,0.0,0.0,0.0,0.0,0.0,0.0,0.0,0.0,0.0,0.0,1.0,1.0,14.29,28.7,2.0,2.0,28.57,57.4,42.86,28.57,14.29,133.93,1.0,1.0,14.29,1.25,1.25,0.5,0.52,1.0,0.0,0.5,0.26,0.0,0.33,,0.33,0.0,0.0,0.14,28.57,1.0
4,新北中信特攻,43|44|8889|10877,林韋翰/黃泓瀚/馬可/阿巴西,10,241,283.0,4095.45,68.26,68:15,409.54,6.83,06:50,139.0,13.9,49.12,73.31,114.0,11.4,40.28,60.13,108.0,10.8,38.16,56.96,54.0,5.4,19.08,28.48,60.0,6.0,21.2,31.64,37.0,3.7,13.07,19.51,48.0,4.8,16.96,25.32,17.0,1.7,6.01,8.97,20.0,2.0,7.07,10.55,16.0,1.6,5.65,8.44,17.0,1.7,6.01,8.97,40.0,4.0,14.13,21.1,17.0,1.7,6.01,8.97,53.0,5.3,18.73,27.95,22.0,2.2,7.77,11.6,33.0,3.3,11.66,17.4,13.0,1.3,4.59,6.86,2.0,0.2,0.71,1.05,30.0,3.0,10.6,15.82,20.0,2.0,7.07,10.55,49.12,40.28,8.83,99.51,25.0,2.5,8.83,68.26,6.83,0.58,0.6,0.62,0.35,0.8,0.16,0.61,0.24,0.7,0.45,4.59,0.71,0.11,7.07,0.19
4,新北中信特攻,43|44|10877|10881,林韋翰/黃泓瀚/阿巴西/飛克,10,208,252.0,3589.14,59.82,59:49,358.91,5.98,05:59,111.0,11.1,44.05,66.8,110.0,11.0,43.65,66.2,98.0,9.8,38.89,58.98,44.0,4.4,17.46,26.48,58.0,5.8,23.02,34.91,32.0,3.2,12.7,19.26,40.0,4.0,15.87,24.07,12.0,1.2,4.76,7.22,18.0,1.8,7.14,10.83,13.0,1.3,5.16,7.82,18.0,1.8,7.14,10.83,39.0,3.9,15.48,23.47,17.0,1.7,6.75,10.23,45.0,4.5,17.86,27.08,15.0,1.5,5.95,9.03,27.0,2.7,10.71,16.25,8.0,0.8,3.17,4.81,2.0,0.2,0.79,1.2,28.0,2.8,11.11,16.85,20.0,2.0,7.94,12.04,44.05,43.65,0.4,101.1,1.0,0.1,0.4,59.82,5.98,0.51,0.52,0.55,0.3,0.72,0.12,0.61,0.29,0.7,0.48,3.17,0.79,0.11,7.94,0.18
4,臺北台新戰神,3|5|14|10868,陳文宏/黃聰翰/錢肯尼/齊曼加,1,1,2.0,13.37,0.22,00:13,13.37,0.22,00:13,2.0,2.0,100.0,323.04,0.0,0.0,0.0,0.0,2.0,2.0,100.0,323.04,1.0,1.0,50.0,161.52,2.0,2.0,100.0,323.04,1.0,1.0,50.0,161.52,0.0,0.0,0.0,0.0,0.0,0.0,0.0,0.0,0.0,0.0,0.0,0.0,0.0,0.0,0.0,0.0,1.0,1.0,50.0,161.52,0.0,0.0,0.0,0.0,0.0,0.0,0.0,0.0,0.0,0.0,0.0,0.0,0.0,0.0,0.0,0.0,0.0,0.0,0.0,0.0,0.0,0.0,0.0,0.0,0.0,0.0,0.0,0.0,1.0,1.0,50.0,161.52,0.0,0.0,0.0,0.0,100.0,0.0,100.0,215.36,2.0,2.0,100.0,0.22,0.22,0.5,0.5,0.5,,,0.0,0.0,1.0,,1.0,0.0,0.0,0.5,0.0,0.0
4,臺北台新戰神,3|5|10868|10869,陳文宏/黃聰翰/齊曼加/基德,1,1,2.0,13.37,0.22,00:13,13.37,0.22,00:13,2.0,2.0,100.0,323.04,0.0,0.0,0.0,0.0,2.0,2.0,100.0,323.04,1.0,1.0,50.0,161.52,2.0,2.0,100.0,323.04,1.0,1.0,50.0,161.52,0.0,0.0,0.0,0.0,0.0,0.0,0.0,0.0,0.0,0.0,0.0,0.0,0.0,0.0,0.0,0.0,1.0,1.0,50.0,161.52,0.0,0.0,0.0,0.0,0.0,0.0,0.0,0.0,0.0,0.0,0.0,0.0,0.0,0.0,0.0,0.0,0.0,0.0,0.0,0.0,0.0,0.0,0.0,0.0,0.0,0.0,0.0,0.0,1.0,1.0,50.0,161.52,0.0,0.0,0.0,0.0,100.0,0.0,100.0,215.36,2.0,2.0,100.0,0.22,0.22,0.5,0.5,0.5,,,0.0,0.0,1.0,,1.0,0.0,0.0,0.5,0.0,0.0
4,臺北台新戰神,1|5|10|10867,丁聖儒/黃聰翰/雷蒙恩/威力斯,8,181,206.0,3029.89,50.5,50:30,378.74,6.31,06:19,106.0,13.25,51.46,75.57,102.0,12.75,49.51,72.72,71.0,8.88,34.47,50.62,37.0,4.62,17.96,26.38,48.0,6.0,23.3,34.22,28.0,3.5,13.59,19.96,23.0,2.88,11.17,16.4,9.0,1.12,4.37,6.42,34.0,4.25,16.5,24.24,23.0,2.88,11.17,16.4,7.0,0.88,3.4,4.99,31.0,3.88,15.05,22.1,10.0,1.25,4.85,7.13,36.0,4.5,17.48,25.66,13.0,1.62,6.31,9.27,24.0,3.0,11.65,17.11,6.0,0.75,2.91,4.28,1.0,0.12,0.49,0.71,27.0,3.38,13.11,19.25,22.0,2.75,10.68,15.68,51.46,49.51,1.94,97.9,4.0,0.5,1.94,50.5,6.31,0.58,0.62,0.58,0.39,0.68,0.13,0.65,0.16,0.76,0.45,2.91,0.49,0.13,10.68,0.48
4,臺北台新戰神,1|5|10867|10869,丁聖儒/黃聰翰/威力斯/基德,2,14,25.0,404.82,6.75,06:45,202.41,3.37,03:22,13.0,6.5,52.0,69.36,10.0,5.0,40.0,53.36,8.0,4.0,32.0,42.69,4.0,2.0,16.0,21.34,3.0,1.5,12.0,16.01,1.0,0.5,4.0,5.34,5.0,2.5,20.0,26.68,3.0,1.5,12.0,16.01,2.0,1.0,8.0,10.67,2.0,1.0,8.0,10.67,1.0,0.5,4.0,5.34,3.0,1.5,12.0,16.01,3.0,1.5,12.0,16.01,3.0,1.5,12.0,16.01,2.0,1.0,8.0,10.67,3.0,1.5,12.0,16.01,1.0,0.5,4.0,5.34,0.0,0.0,0.0,0.0,2.0,1.0,8.0,10.67,5.0,2.5,20.0,26.68,52.0,40.0,12.0,88.93,3.0,1.5,12.0,6.75,3.37,0.69,0.73,0.33,0.6,1.0,0.18,0.75,0.25,0.5,0.4,4.0,0.0,0.08,20.0,0.25
4,臺北台新戰神,5|10|10867|10869,黃聰翰/雷蒙恩/威力斯/基德,1,5,8.0,106.0,1.77,01:46,106.0,1.77,01:46,5.0,5.0,62.5,101.89,5.0,5.0,62.5,101.89,2.0,2.0,25.0,40.75,2.0,2.0,25.0,40.75,1.0,1.0,12.5,20.38,1.0,1.0,12.5,20.38,1.0,1.0,12.5,20.38,1.0,1.0,12.5,20.38,0.0,0.0,0.0,0.0,0.0,0.0,0.0,0.0,0.0,0.0,0.0,0.0,0.0,0.0,0.0,0.0,2.0,2.0,25.0,40.75,0.0,0.0,0.0,0.0,1.0,1.0,12.5,20.38,1.0,1.0,12.5,20.38,1.0,1.0,12.5,20.38,0.0,0.0,0.0,0.0,1.0,1.0,12.5,20.38,1.0,1.0,12.5,20.38,62.5,62.5,0.0,108.68,0.0,0.0,0.0,1.77,1.77,1.25,1.25,1.0,1.0,,0.33,0.5,,0.0,0.0,12.5,0.0,0.12,12.5,0.0
4,臺北台新戰神,1|5|10867|10868,丁聖儒/黃聰翰/威力斯/齊曼加,1,5,5.0,62.11,1.04,01:02,62.11,1.04,01:02,4.0,4.0,80.0,139.11,2.0,2.0,40.0,69.56,1.0,1.0,20.0,34.78,1.0,1.0,20.0,34.78,1.0,1.0,20.0,34.78,1.0,1.0,20.0,34.78,0.0,0.0,0.0,0.0,0.0,0.0,0.0,0.0,3.0,3.0,60.0,104.34,2.0,2.0,40.0,69.56,0.0,0.0,0.0,0.0,0.0,0.0,0.0,0.0,0.0,0.0,0.0,0.0,1.0,1.0,20.0,34.78,0.0,0.0,0.0,0.0,0.0,0.0,0.0,0.0,0.0,0.0,0.0,0.0,0.0,0.0,0.0,0.0,1.0,1.0,20.0,34.78,0.0,0.0,0.0,0.0,80.0,40.0,40.0,115.93,2.0,2.0,40.0,1.04,1.04,1.0,0.86,1.0,,0.67,0.0,0.0,0.0,,0.0,0.0,0.0,0.2,0.0,3.0
4,臺北台新戰神,5|10|10867|10868,黃聰翰/雷蒙恩/威力斯/齊曼加,1,4,4.0,50.06,0.83,00:50,50.06,0.83,00:50,2.0,2.0,50.0,86.29,2.0,2.0,50.0,86.29,1.0,1.0,25.0,43.15,1.0,1.0,25.0,43.15,1.0,1.0,25.0,43.15,1.0,1.0,25.0,43.15,0.0,0.0,0.0,0.0,0.0,0.0,0.0,0.0,1.0,1.0,25.0,43.15,0.0,0.0,0.0,0.0,0.0,0.0,0.0,0.0,0.0,0.0,0.0,0.0,0.0,0.0,0.0,0.0,1.0,1.0,25.0,43.15,0.0,0.0,0.0,0.0,0.0,0.0,0.0,0.0,0.0,0.0,0.0,0.0,0.0,0.0,0.0,0.0,0.0,0.0,0.0,0.0,0.0,0.0,0.0,0.0,50.0,50.0,0.0,115.06,0.0,0.0,0.0,0.83,0.83,1.0,0.69,1.0,,0.0,0.0,0.0,0.0,,0.0,0.0,0.0,0.0,0.0,1.0
4,臺北台新戰神,1|5|14|10867,丁聖儒/黃聰翰/錢肯尼/威力斯,10,185,219.0,2897.08,48.28,48:17,289.71,4.83,04:50,108.0,10.8,49.32,80.52,99.0,9.9,45.21,73.81,72.0,7.2,32.88,53.68,34.0,3.4,15.53,25.35,34.0,3.4,15.53,25.35,18.0,1.8,8.22,13.42,38.0,3.8,17.35,28.33,16.0,1.6,7.31,11.93,30.0,3.0,13.7,22.37,24.0,2.4,10.96,17.89,10.0,1.0,4.57,7.46,30.0,3.0,13.7,22.37,15.0,1.5,6.85,11.18,38.0,3.8,17.35,28.33,17.0,1.7,7.76,12.67,23.0,2.3,10.5,17.15,12.0,1.2,5.48,8.95,2.0,0.2,0.91,1.49,25.0,2.5,11.42,18.64,15.0,1.5,6.85,11.18,49.32,45.21,4.11,108.85,9.0,0.9,4.11,48.28,4.83,0.58,0.63,0.53,0.42,0.8,0.17,0.68,0.21,0.67,0.43,5.48,0.91,0.11,6.85,0.42
4,臺北台新戰神,5|14|10867|10868,黃聰翰/錢肯尼/威力斯/齊曼加,1,4,4.0,60.14,1.0,01:00,60.14,1.0,01:00,2.0,2.0,50.0,71.83,4.0,4.0,100.0,143.66,0.0,0.0,0.0,0.0,0.0,0.0,0.0,0.0,0.0,0.0,0.0,0.0,0.0,0.0,0.0,0.0,0.0,0.0,0.0,0.0,0.0,0.0,0.0,0.0,2.0,2.0,50.0,71.83,2.0,2.0,50.0,71.83,0.0,0.0,0.0,0.0,0.0,0.0,0.0,0.0,0.0,0.0,0.0,0.0,0.0,0.0,0.0,0.0,1.0,1.0,25.0,35.91,0.0,0.0,0.0,0.0,1.0,1.0,25.0,35.91,0.0,0.0,0.0,0.0,1.0,1.0,25.0,35.91,0.0,0.0,0.0,0.0,50.0,100.0,-50.0,95.77,-2.0,-2.0,-50.0,1.0,1.0,,1.14,,,1.0,0.53,,,,,25.0,0.0,0.25,0.0,
4,臺北台新戰神,5|10867|10868|10869,黃聰翰/威力斯/齊曼加/基德,1,3,3.0,48.1,0.8,00:48,48.1,0.8,00:48,0.0,0.0,0.0,0.0,4.0,4.0,133.33,179.63,0.0,0.0,0.0,0.0,0.0,0.0,0.0,0.0,0.0,0.0,0.0,0.0,0.0,0.0,0.0,0.0,0.0,0.0,0.0,0.0,0.0,0.0,0.0,0.0,0.0,0.0,0.0,0.0,0.0,0.0,0.0,0.0,0.0,0.0,0.0,0.0,0.0,0.0,0.0,0.0,0.0,0.0,0.0,0.0,0.0,0.0,0.0,0.0,1.0,1.0,33.33,44.91,0.0,0.0,0.0,0.0,1.0,1.0,33.33,44.91,0.0,0.0,0.0,0.0,0.0,0.0,0.0,0.0,0.0,0.0,0.0,0.0,0.0,133.33,-133.33,89.81,-4.0,-4.0,-133.33,0.8,0.8,,,,,,1.0,,,,,33.33,0.0,0.0,0.0,
4,臺北台新戰神,14|10867|10868|10869,錢肯尼/威力斯/齊曼加/基德,1,3,3.0,48.1,0.8,00:48,48.1,0.8,00:48,0.0,0.0,0.0,0.0,4.0,4.0,133.33,179.63,0.0,0.0,0.0,0.0,0.0,0.0,0.0,0.0,0.0,0.0,0.0,0.0,0.0,0.0,0.0,0.0,0.0,0.0,0.0,0.0,0.0,0.0,0.0,0.0,0.0,0.0,0.0,0.0,0.0,0.0,0.0,0.0,0.0,0.0,0.0,0.0,0.0,0.0,0.0,0.0,0.0,0.0,0.0,0.0,0.0,0.0,0.0,0.0,1.0,1.0,33.33,44.91,0.0,0.0,0.0,0.0,1.0,1.0,33.33,44.91,0.0,0.0,0.0,0.0,0.0,0.0,0.0,0.0,0.0,0.0,0.0,0.0,0.0,133.33,-133.33,89.81,-4.0,-4.0,-133.33,0.8,0.8,,,,,,1.0,,,,,33.33,0.0,0.0,0.0,
4,新北中信特攻,40|44|113|8889,謝亞軒/黃泓瀚/林任鴻/馬可,1,1,1.0,18.0,0.3,00:18,18.0,0.3,00:18,0.0,0.0,0.0,0.0,0.0,0.0,0.0,0.0,0.0,0.0,0.0,0.0,0.0,0.0,0.0,0.0,0.0,0.0,0.0,0.0,0.0,0.0,0.0,0.0,0.0,0.0,0.0,0.0,0.0,0.0,0.0,0.0,0.0,0.0,0.0,0.0,0.0,0.0,0.0,0.0,0.0,0.0,0.0,0.0,0.0,0.0,0.0,0.0,0.0,0.0,0.0,0.0,0.0,0.0,0.0,0.0,0.0,0.0,0.0,0.0,0.0,0.0,0.0,0.0,0.0,0.0,0.0,0.0,0.0,0.0,0.0,0.0,0.0,0.0,0.0,0.0,0.0,0.0,0.0,0.0,0.0,0.0,0.0,80.0,0.0,0.0,0.0,0.3,0.3,,,,,,,,,,,0.0,0.0,0.0,0.0,
4,新北中信特攻,40|44|113|10881,謝亞軒/黃泓瀚/林任鴻/飛克,1,1,1.0,18.0,0.3,00:18,18.0,0.3,00:18,0.0,0.0,0.0,0.0,0.0,0.0,0.0,0.0,0.0,0.0,0.0,0.0,0.0,0.0,0.0,0.0,0.0,0.0,0.0,0.0,0.0,0.0,0.0,0.0,0.0,0.0,0.0,0.0,0.0,0.0,0.0,0.0,0.0,0.0,0.0,0.0,0.0,0.0,0.0,0.0,0.0,0.0,0.0,0.0,0.0,0.0,0.0,0.0,0.0,0.0,0.0,0.0,0.0,0.0,0.0,0.0,0.0,0.0,0.0,0.0,0.0,0.0,0.0,0.0,0.0,0.0,0.0,0.0,0.0,0.0,0.0,0.0,0.0,0.0,0.0,0.0,0.0,0.0,0.0,0.0,0.0,0.0,0.0,80.0,0.0,0.0,0.0,0.3,0.3,,,,,,,,,,,0.0,0.0,0.0,0.0,
4,臺北台新戰神,1|5|10|10865,丁聖儒/黃聰翰/雷蒙恩/謝銘駿,5,49,56.0,842.71,14.05,14:03,168.54,2.81,02:49,19.0,3.8,33.93,48.7,28.0,5.6,50.0,71.77,21.0,4.2,37.5,53.83,5.0,1.0,8.93,12.82,10.0,2.0,17.86,25.63,3.0,0.6,5.36,7.69,11.0,2.2,19.64,28.19,2.0,0.4,3.57,5.13,8.0,1.6,14.29,20.51,7.0,1.4,12.5,17.94,4.0,0.8,7.14,10.25,12.0,2.4,21.43,30.76,4.0,0.8,7.14,10.25,10.0,2.0,17.86,25.63,4.0,0.8,7.14,10.25,2.0,0.4,3.57,5.13,4.0,0.8,7.14,10.25,0.0,0.0,0.0,0.0,4.0,0.8,7.14,10.25,8.0,1.6,14.29,20.51,33.93,50.0,-16.07,95.69,-9.0,-1.8,-16.07,14.05,2.81,0.29,0.39,0.3,0.18,0.88,0.14,0.4,0.29,0.75,0.53,7.14,0.0,0.07,14.29,0.38
4,臺北台新戰神,3|10|10867|10868,陳文宏/雷蒙恩/威力斯/齊曼加,1,8,10.0,140.06,2.33,02:20,140.06,2.33,02:20,4.0,4.0,40.0,61.69,5.0,5.0,50.0,77.11,2.0,2.0,20.0,30.84,1.0,1.0,10.0,15.42,1.0,1.0,10.0,15.42,1.0,1.0,10.0,15.42,1.0,1.0,10.0,15.42,0.0,0.0,0.0,0.0,2.0,2.0,20.0,30.84,2.0,2.0,20.0,30.84,1.0,1.0,10.0,15.42,0.0,0.0,0.0,0.0,1.0,1.0,10.0,15.42,1.0,1.0,10.0,15.42,2.0,2.0,20.0,30.84,1.0,1.0,10.0,15.42,1.0,1.0,10.0,15.42,0.0,0.0,0.0,0.0,1.0,1.0,10.0,15.42,0.0,0.0,0.0,0.0,40.0,50.0,-10.0,102.81,-1.0,-1.0,-10.0,2.33,2.33,0.5,0.69,1.0,0.0,1.0,0.41,1.0,0.5,0.0,0.33,10.0,0.0,0.1,0.0,1.0
4,新北中信特攻,39|44|8889|10877,魏嘉豪/黃泓瀚/馬可/阿巴西,3,6,8.0,48.24,0.8,00:48,16.08,0.27,00:16,6.0,2.0,75.0,268.66,8.0,2.67,100.0,358.22,0.0,0.0,0.0,0.0,0.0,0.0,0.0,0.0,0.0,0.0,0.0,0.0,0.0,0.0,0.0,0.0,0.0,0.0,0.0,0.0,0.0,0.0,0.0,0.0,6.0,2.0,75.0,268.66,6.0,2.0,75.0,268.66,0.0,0.0,0.0,0.0,0.0,0.0,0.0,0.0,1.0,0.33,12.5,44.78,1.0,0.33,12.5,44.78,0.0,0.0,0.0,0.0,0.0,0.0,0.0,0.0,0.0,0.0,0.0,0.0,0.0,0.0,0.0,0.0,2.0,0.67,25.0,89.55,0.0,0.0,0.0,0.0,75.0,100.0,-25.0,238.81,-2.0,-0.67,-25.0,0.8,0.27,,1.14,,,1.0,0.0,,0.0,0.0,0.0,0.0,0.0,0.25,0.0,
4,臺北台新戰神,1|10|11|10867,丁聖儒/雷蒙恩/蘇奕晉/威力斯,4,35,36.0,496.06,8.27,08:16,124.01,2.07,02:04,21.0,5.25,58.33,91.44,11.0,2.75,30.56,47.9,14.0,3.5,38.89,60.96,8.0,2.0,22.22,34.83,11.0,2.75,30.56,47.9,7.0,1.75,19.44,30.48,3.0,0.75,8.33,13.06,1.0,0.25,2.78,4.35,4.0,1.0,11.11,17.42,4.0,1.0,11.11,17.42,1.0,0.25,2.78,4.35,5.0,1.25,13.89,21.77,0.0,0.0,0.0,0.0,6.0,1.5,16.67,26.13,3.0,0.75,8.33,13.06,5.0,1.25,13.89,21.77,2.0,0.5,5.56,8.71,3.0,0.75,8.33,13.06,3.0,0.75,8.33,13.06,8.0,2.0,22.22,34.83,58.33,30.56,27.78,104.5,10.0,2.5,27.78,8.27,2.07,0.61,0.67,0.64,0.33,1.0,0.16,0.62,0.14,1.0,0.5,5.56,8.33,0.08,22.22,0.29
4,臺北台新戰神,1|10|11|10869,丁聖儒/雷蒙恩/蘇奕晉/基德,5,36,38.0,438.83,7.31,07:19,87.77,1.46,01:28,18.0,3.6,47.37,88.6,17.0,3.4,44.74,83.68,9.0,1.8,23.68,44.3,5.0,1.0,13.16,24.61,6.0,1.2,15.79,29.53,4.0,0.8,10.53,19.69,3.0,0.6,7.89,14.77,1.0,0.2,2.63,4.92,7.0,1.4,18.42,34.45,7.0,1.4,18.42,34.45,1.0,0.2,2.63,4.92,3.0,0.6,7.89,14.77,0.0,0.0,0.0,0.0,6.0,1.2,15.79,29.53,7.0,1.4,18.42,34.45,3.0,0.6,7.89,14.77,6.0,1.2,15.79,29.53,2.0,0.4,5.26,9.84,2.0,0.4,5.26,9.84,8.0,1.6,21.05,39.38,47.37,44.74,2.63,124.69,1.0,0.2,2.63,7.31,1.46,0.61,0.75,0.67,0.33,1.0,0.37,0.6,0.14,1.0,0.4,15.79,5.26,0.05,21.05,0.78
4,臺北台新戰神,10|11|10867|10869,雷蒙恩/蘇奕晉/威力斯/基德,2,16,17.0,191.06,3.18,03:11,95.53,1.59,01:36,11.0,5.5,64.71,124.36,7.0,3.5,41.18,79.14,6.0,3.0,35.29,67.83,4.0,2.0,23.53,45.22,4.0,2.0,23.53,45.22,3.0,1.5,17.65,33.92,2.0,1.0,11.76,22.61,1.0,0.5,5.88,11.31,2.0,1.0,11.76,22.61,2.0,1.0,11.76,22.61,1.0,0.5,5.88,11.31,1.0,0.5,5.88,11.31,0.0,0.0,0.0,0.0,2.0,1.0,11.76,22.61,2.0,1.0,11.76,22.61,3.0,1.5,17.65,33.92,2.0,1.0,11.76,22.61,2.0,1.0,11.76,22.61,0.0,0.0,0.0,0.0,8.0,4.0,47.06,90.44,64.71,41.18,23.53,128.13,4.0,2.0,23.53,3.18,1.59,0.75,0.8,0.75,0.5,1.0,0.23,0.75,0.33,1.0,0.5,11.76,11.76,0.0,47.06,0.33
4,桃園台啤永豐雲豹,12|68|10860|10884,曹薰襄/克羅馬/麥卡洛/徐宏瑋,3,25,28.0,356.67,5.94,05:57,118.89,1.98,01:59,21.0,7.0,75.0,127.18,10.0,3.33,35.71,60.56,10.0,3.33,35.71,60.56,7.0,2.33,25.0,42.39,8.0,2.67,28.57,48.45,6.0,2.0,21.43,36.34,2.0,0.67,7.14,12.11,1.0,0.33,3.57,6.06,7.0,2.33,25.0,42.39,6.0,2.0,21.43,36.34,1.0,0.33,3.57,6.06,2.0,0.67,7.14,12.11,2.0,0.67,7.14,12.11,4.0,1.33,14.29,24.22,1.0,0.33,3.57,6.06,4.0,1.33,14.29,24.22,0.0,0.0,0.0,0.0,1.0,0.33,3.57,6.06,3.0,1.0,10.71,18.17,2.0,0.67,7.14,12.11,75.0,35.71,39.29,113.05,11.0,3.67,39.29,5.94,1.98,0.75,0.8,0.75,0.5,0.86,0.07,0.57,0.2,0.5,0.33,0.0,3.57,0.11,7.14,0.7
4,桃園台啤永豐雲豹,58|68|3129|10884,林信寬/克羅馬/董永全/徐宏瑋,1,1,2.0,15.0,0.25,00:15,15.0,0.25,00:15,0.0,0.0,0.0,0.0,1.0,1.0,50.0,144.0,0.0,0.0,0.0,0.0,0.0,0.0,0.0,0.0,0.0,0.0,0.0,0.0,0.0,0.0,0.0,0.0,0.0,0.0,0.0,0.0,0.0,0.0,0.0,0.0,0.0,0.0,0.0,0.0,0.0,0.0,0.0,0.0,0.0,0.0,0.0,0.0,0.0,0.0,0.0,0.0,1.0,1.0,50.0,144.0,0.0,0.0,0.0,0.0,0.0,0.0,0.0,0.0,0.0,0.0,0.0,0.0,0.0,0.0,0.0,0.0,0.0,0.0,0.0,0.0,0.0,0.0,0.0,0.0,2.0,2.0,100.0,288.0,0.0,50.0,-50.0,192.0,-1.0,-1.0,-50.0,0.25,0.25,,,,,,,,,0.0,0.0,0.0,0.0,0.0,100.0,
4,桃園台啤永豐雲豹,58|3129|10860|10884,林信寬/董永全/麥卡洛/徐宏瑋,1,1,2.0,15.0,0.25,00:15,15.0,0.25,00:15,0.0,0.0,0.0,0.0,1.0,1.0,50.0,144.0,0.0,0.0,0.0,0.0,0.0,0.0,0.0,0.0,0.0,0.0,0.0,0.0,0.0,0.0,0.0,0.0,0.0,0.0,0.0,0.0,0.0,0.0,0.0,0.0,0.0,0.0,0.0,0.0,0.0,0.0,0.0,0.0,0.0,0.0,0.0,0.0,0.0,0.0,0.0,0.0,1.0,1.0,50.0,144.0,0.0,0.0,0.0,0.0,0.0,0.0,0.0,0.0,0.0,0.0,0.0,0.0,0.0,0.0,0.0,0.0,0.0,0.0,0.0,0.0,0.0,0.0,0.0,0.0,2.0,2.0,100.0,288.0,0.0,50.0,-50.0,192.0,-1.0,-1.0,-50.0,0.25,0.25,,,,,,,,,0.0,0.0,0.0,0.0,0.0,100.0,
4,桃園台啤永豐雲豹,68|3129|10860|10884,克羅馬/董永全/麥卡洛/徐宏瑋,1,1,2.0,15.0,0.25,00:15,15.0,0.25,00:15,0.0,0.0,0.0,0.0,1.0,1.0,50.0,144.0,0.0,0.0,0.0,0.0,0.0,0.0,0.0,0.0,0.0,0.0,0.0,0.0,0.0,0.0,0.0,0.0,0.0,0.0,0.0,0.0,0.0,0.0,0.0,0.0,0.0,0.0,0.0,0.0,0.0,0.0,0.0,0.0,0.0,0.0,0.0,0.0,0.0,0.0,0.0,0.0,1.0,1.0,50.0,144.0,0.0,0.0,0.0,0.0,0.0,0.0,0.0,0.0,0.0,0.0,0.0,0.0,0.0,0.0,0.0,0.0,0.0,0.0,0.0,0.0,0.0,0.0,0.0,0.0,2.0,2.0,100.0,288.0,0.0,50.0,-50.0,192.0,-1.0,-1.0,-50.0,0.25,0.25,,,,,,,,,0.0,0.0,0.0,0.0,0.0,100.0,
4,桃園台啤永豐雲豹,12|54|68|3129,曹薰襄/高錦瑋/克羅馬/董永全,6,71,77.0,1063.9,17.73,17:44,177.32,2.96,02:57,46.0,7.67,59.74,93.39,24.0,4.0,31.17,48.73,28.0,4.67,36.36,56.85,17.0,2.83,22.08,34.51,14.0,2.33,18.18,28.42,10.0,1.67,12.99,20.3,14.0,2.33,18.18,28.42,7.0,1.17,9.09,14.21,5.0,0.83,6.49,10.15,5.0,0.83,6.49,10.15,2.0,0.33,2.6,4.06,9.0,1.5,11.69,18.27,2.0,0.33,2.6,4.06,20.0,3.33,25.97,40.61,5.0,0.83,6.49,10.15,12.0,2.0,15.58,24.36,4.0,0.67,5.19,8.12,0.0,0.0,0.0,0.0,3.0,0.5,3.9,6.09,8.0,1.33,10.39,16.24,59.74,31.17,28.57,104.22,22.0,3.67,28.57,17.73,2.96,0.73,0.76,0.71,0.5,1.0,0.14,0.71,0.09,0.82,0.33,5.19,0.0,0.04,10.39,0.18
4,福爾摩沙夢想家,73|107|10889|10890,陳振傑/霍爾曼/恩尼斯/湯普金斯,1,5,6.0,76.71,1.28,01:17,76.71,1.28,01:17,0.0,0.0,0.0,0.0,2.0,2.0,33.33,56.31,3.0,3.0,50.0,84.47,0.0,0.0,0.0,0.0,2.0,2.0,33.33,56.31,0.0,0.0,0.0,0.0,1.0,1.0,16.67,28.16,0.0,0.0,0.0,0.0,0.0,0.0,0.0,0.0,0.0,0.0,0.0,0.0,0.0,0.0,0.0,0.0,3.0,3.0,50.0,84.47,1.0,1.0,16.67,28.16,2.0,2.0,33.33,56.31,0.0,0.0,0.0,0.0,0.0,0.0,0.0,0.0,0.0,0.0,0.0,0.0,1.0,1.0,16.67,28.16,0.0,0.0,0.0,0.0,0.0,0.0,0.0,0.0,0.0,33.33,-33.33,112.63,-2.0,-2.0,-33.33,1.28,1.28,0.0,0.0,0.0,0.0,,0.0,,0.0,0.75,0.5,0.0,16.67,0.0,0.0,0.0
4,福爾摩沙夢想家,89|107|10889|10890,蔣淯安/霍爾曼/恩尼斯/湯普金斯,1,5,6.0,76.71,1.28,01:17,76.71,1.28,01:17,0.0,0.0,0.0,0.0,2.0,2.0,33.33,56.31,3.0,3.0,50.0,84.47,0.0,0.0,0.0,0.0,2.0,2.0,33.33,56.31,0.0,0.0,0.0,0.0,1.0,1.0,16.67,28.16,0.0,0.0,0.0,0.0,0.0,0.0,0.0,0.0,0.0,0.0,0.0,0.0,0.0,0.0,0.0,0.0,3.0,3.0,50.0,84.47,1.0,1.0,16.67,28.16,2.0,2.0,33.33,56.31,0.0,0.0,0.0,0.0,0.0,0.0,0.0,0.0,0.0,0.0,0.0,0.0,1.0,1.0,16.67,28.16,0.0,0.0,0.0,0.0,0.0,0.0,0.0,0.0,0.0,33.33,-33.33,112.63,-2.0,-2.0,-33.33,1.28,1.28,0.0,0.0,0.0,0.0,,0.0,,0.0,0.75,0.5,0.0,16.67,0.0,0.0,0.0
4,福爾摩沙夢想家,73|83|103|107,陳振傑/吳家駿/忻沃克/霍爾曼,1,5,8.0,83.0,1.38,01:23,83.0,1.38,01:23,4.0,4.0,50.0,104.1,4.0,4.0,50.0,104.1,5.0,5.0,62.5,130.12,2.0,2.0,25.0,52.05,3.0,3.0,37.5,78.07,2.0,2.0,25.0,52.05,2.0,2.0,25.0,52.05,0.0,0.0,0.0,0.0,0.0,0.0,0.0,0.0,0.0,0.0,0.0,0.0,3.0,3.0,37.5,78.07,0.0,0.0,0.0,0.0,0.0,0.0,0.0,0.0,0.0,0.0,0.0,0.0,0.0,0.0,0.0,0.0,0.0,0.0,0.0,0.0,0.0,0.0,0.0,0.0,0.0,0.0,0.0,0.0,0.0,0.0,0.0,0.0,4.0,4.0,50.0,104.1,50.0,50.0,0.0,138.8,0.0,0.0,0.0,1.38,1.38,0.4,0.4,0.67,0.0,,0.0,0.0,1.0,,1.0,0.0,0.0,0.0,50.0,0.0
4,福爾摩沙夢想家,73|83|103|10890,陳振傑/吳家駿/忻沃克/湯普金斯,1,5,8.0,83.0,1.38,01:23,83.0,1.38,01:23,4.0,4.0,50.0,104.1,4.0,4.0,50.0,104.1,5.0,5.0,62.5,130.12,2.0,2.0,25.0,52.05,3.0,3.0,37.5,78.07,2.0,2.0,25.0,52.05,2.0,2.0,25.0,52.05,0.0,0.0,0.0,0.0,0.0,0.0,0.0,0.0,0.0,0.0,0.0,0.0,3.0,3.0,37.5,78.07,0.0,0.0,0.0,0.0,0.0,0.0,0.0,0.0,0.0,0.0,0.0,0.0,0.0,0.0,0.0,0.0,0.0,0.0,0.0,0.0,0.0,0.0,0.0,0.0,0.0,0.0,0.0,0.0,0.0,0.0,0.0,0.0,4.0,4.0,50.0,104.1,50.0,50.0,0.0,138.8,0.0,0.0,0.0,1.38,1.38,0.4,0.4,0.67,0.0,,0.0,0.0,1.0,,1.0,0.0,0.0,0.0,50.0,0.0
4,福爾摩沙夢想家,73|83|107|10890,陳振傑/吳家駿/霍爾曼/湯普金斯,1,5,8.0,83.0,1.38,01:23,83.0,1.38,01:23,4.0,4.0,50.0,104.1,4.0,4.0,50.0,104.1,5.0,5.0,62.5,130.12,2.0,2.0,25.0,52.05,3.0,3.0,37.5,78.07,2.0,2.0,25.0,52.05,2.0,2.0,25.0,52.05,0.0,0.0,0.0,0.0,0.0,0.0,0.0,0.0,0.0,0.0,0.0,0.0,3.0,3.0,37.5,78.07,0.0,0.0,0.0,0.0,0.0,0.0,0.0,0.0,0.0,0.0,0.0,0.0,0.0,0.0,0.0,0.0,0.0,0.0,0.0,0.0,0.0,0.0,0.0,0.0,0.0,0.0,0.0,0.0,0.0,0.0,0.0,0.0,4.0,4.0,50.0,104.1,50.0,50.0,0.0,138.8,0.0,0.0,0.0,1.38,1.38,0.4,0.4,0.67,0.0,,0.0,0.0,1.0,,1.0,0.0,0.0,0.0,50.0,0.0
4,高雄全家海神,45|110|121|12908,施晉堯/胡瓏貿/吳曉謹/布里茲克,4,58,69.0,984.84,16.41,16:25,246.21,4.1,04:06,32.0,8.0,46.38,70.18,33.0,8.25,47.83,72.38,29.0,7.25,42.03,63.6,13.0,3.25,18.84,28.51,14.0,3.5,20.29,30.71,9.0,2.25,13.04,19.74,15.0,3.75,21.74,32.9,4.0,1.0,5.8,8.77,3.0,0.75,4.35,6.58,2.0,0.5,2.9,4.39,5.0,1.25,7.25,10.97,10.0,2.5,14.49,21.93,4.0,1.0,5.8,8.77,6.0,1.5,8.7,13.16,6.0,1.5,8.7,13.16,8.0,2.0,11.59,17.55,1.0,0.25,1.45,2.19,0.0,0.0,0.0,0.0,11.0,2.75,15.94,24.13,2.0,0.5,2.9,4.39,46.38,47.83,-1.45,100.89,-1.0,-0.25,-1.45,16.41,4.1,0.52,0.53,0.64,0.27,0.67,0.17,0.62,0.45,0.71,0.6,1.45,0.0,0.16,2.9,0.1
4,高雄全家海神,45|121|10894|12908,施晉堯/吳曉謹/凱帝/布里茲克,2,20,23.0,295.46,4.92,04:55,147.73,2.46,02:28,8.0,4.0,34.78,58.48,9.0,4.5,39.13,65.79,8.0,4.0,34.78,58.48,2.0,1.0,8.7,14.62,3.0,1.5,13.04,21.93,1.0,0.5,4.35,7.31,5.0,2.5,21.74,36.55,1.0,0.5,4.35,7.31,4.0,2.0,17.39,29.24,3.0,1.5,13.04,21.93,1.0,0.5,4.35,7.31,6.0,3.0,26.09,43.86,1.0,0.5,4.35,7.31,4.0,2.0,17.39,29.24,2.0,1.0,8.7,14.62,3.0,1.5,13.04,21.93,1.0,0.5,4.35,7.31,0.0,0.0,0.0,0.0,4.0,2.0,17.39,29.24,0.0,0.0,0.0,0.0,34.78,39.13,-4.35,112.09,-1.0,-0.5,-4.35,4.92,2.46,0.31,0.41,0.33,0.2,0.75,0.17,1.5,0.2,0.86,0.58,4.35,0.0,0.17,0.0,0.5
4,高雄全家海神,110|121|10894|12908,胡瓏貿/吳曉謹/凱帝/布里茲克,2,50,61.0,840.58,14.01,14:01,420.29,7.0,07:00,20.0,10.0,32.79,51.39,27.0,13.5,44.26,69.38,24.0,12.0,39.34,61.67,8.0,4.0,13.11,20.56,12.0,6.0,19.67,30.84,6.0,3.0,9.84,15.42,12.0,6.0,19.67,30.84,2.0,1.0,3.28,5.14,2.0,1.0,3.28,5.14,2.0,1.0,3.28,5.14,5.0,2.5,8.2,12.85,10.0,5.0,16.39,25.7,5.0,2.5,8.2,12.85,10.0,5.0,16.39,25.7,5.0,2.5,8.2,12.85,6.0,3.0,9.84,15.42,2.0,1.0,3.28,5.14,2.0,1.0,3.28,5.14,6.0,3.0,9.84,15.42,2.0,1.0,3.28,5.14,32.79,44.26,-11.48,104.5,-7.0,-3.5,-11.48,14.01,7.0,0.38,0.4,0.5,0.17,1.0,0.17,0.75,0.33,0.67,0.5,3.28,3.28,0.1,3.28,0.08
4,臺北台新戰神,1|11|14|10867,丁聖儒/蘇奕晉/錢肯尼/威力斯,4,64,75.0,1002.99,16.72,16:43,250.75,4.18,04:11,30.0,7.5,40.0,64.61,21.0,5.25,28.0,45.22,22.0,5.5,29.33,47.38,10.0,2.5,13.33,21.54,13.0,3.25,17.33,28.0,8.0,2.0,10.67,17.23,9.0,2.25,12.0,19.38,2.0,0.5,2.67,4.31,10.0,2.5,13.33,21.54,8.0,2.0,10.67,17.23,4.0,1.0,5.33,8.61,9.0,2.25,12.0,19.38,3.0,0.75,4.0,6.46,16.0,4.0,21.33,34.46,10.0,2.5,13.33,21.54,6.0,1.5,8.0,12.92,5.0,1.25,6.67,10.77,1.0,0.25,1.33,2.15,10.0,2.5,13.33,21.54,5.0,1.25,6.67,10.77,40.0,28.0,12.0,107.68,9.0,2.25,12.0,16.72,4.18,0.5,0.57,0.62,0.22,0.8,0.27,0.6,0.2,0.75,0.41,6.67,1.33,0.13,6.67,0.45
4,臺北台新戰神,1|11|14|10869,丁聖儒/蘇奕晉/錢肯尼/基德,4,58,66.0,923.71,15.4,15:24,230.93,3.85,03:51,25.0,6.25,37.88,58.46,25.0,6.25,37.88,58.46,15.0,3.75,22.73,35.08,8.0,2.0,12.12,18.71,8.0,2.0,12.12,18.71,6.0,1.5,9.09,14.03,7.0,1.75,10.61,16.37,2.0,0.5,3.03,4.68,11.0,2.75,16.67,25.72,7.0,1.75,10.61,16.37,3.0,0.75,4.55,7.02,6.0,1.5,9.09,14.03,3.0,0.75,4.55,7.02,14.0,3.5,21.21,32.74,11.0,2.75,16.67,25.72,4.0,1.0,6.06,9.35,6.0,1.5,9.09,14.03,0.0,0.0,0.0,0.0,8.0,2.0,12.12,18.71,4.0,1.0,6.06,9.35,37.88,37.88,0.0,102.89,0.0,0.0,0.0,15.4,3.85,0.6,0.63,0.75,0.29,0.64,0.36,0.5,0.18,0.67,0.35,9.09,0.0,0.12,6.06,0.73
4,臺北台新戰神,11|14|10867|10869,蘇奕晉/錢肯尼/威力斯/基德,2,36,42.0,604.22,10.07,10:04,302.11,5.04,05:02,16.0,8.0,38.1,57.2,12.0,6.0,28.57,42.9,10.0,5.0,23.81,35.75,5.0,2.5,11.9,17.87,4.0,2.0,9.52,14.3,3.0,1.5,7.14,10.72,6.0,3.0,14.29,21.45,2.0,1.0,4.76,7.15,6.0,3.0,14.29,21.45,4.0,2.0,9.52,14.3,2.0,1.0,4.76,7.15,4.0,2.0,9.52,14.3,2.0,1.0,4.76,7.15,11.0,5.5,26.19,39.32,7.0,3.5,16.67,25.02,3.0,1.5,7.14,10.72,4.0,2.0,9.52,14.3,0.0,0.0,0.0,0.0,6.0,3.0,14.29,21.45,3.0,1.5,7.14,10.72,38.1,28.57,9.52,100.1,4.0,2.0,9.52,10.07,5.04,0.6,0.63,0.75,0.33,0.67,0.36,0.6,0.15,0.67,0.32,9.52,0.0,0.14,7.14,0.6
4,高雄全家海神,45|51|110|121,施晉堯/克力斯/胡瓏貿/吳曉謹,8,96,117.0,1713.96,28.57,28:34,214.24,3.57,03:34,46.0,5.75,39.32,57.97,55.0,6.88,47.01,69.31,45.0,5.62,38.46,56.71,17.0,2.12,14.53,21.42,22.0,2.75,18.8,27.73,11.0,1.38,9.4,13.86,23.0,2.88,19.66,28.99,6.0,0.75,5.13,7.56,7.0,0.88,5.98,8.82,6.0,0.75,5.13,7.56,10.0,1.25,8.55,12.6,18.0,2.25,15.38,22.68,8.0,1.0,6.84,10.08,13.0,1.62,11.11,16.38,11.0,1.38,9.4,13.86,8.0,1.0,6.84,10.08,5.0,0.62,4.27,6.3,2.0,0.25,1.71,2.52,12.0,1.5,10.26,15.12,5.0,0.62,4.27,6.3,39.32,47.01,-7.69,98.3,-9.0,-1.12,-7.69,28.57,3.57,0.44,0.48,0.5,0.26,0.86,0.19,0.47,0.43,0.69,0.57,4.27,1.71,0.1,4.27,0.16
4,高雄全家海神,45|51|110|12908,施晉堯/克力斯/胡瓏貿/布里茲克,5,197,234.0,3262.05,54.37,54:22,652.41,10.87,10:52,109.0,21.8,46.58,72.18,97.0,19.4,41.45,64.23,93.0,18.6,39.74,61.58,42.0,8.4,17.95,27.81,58.0,11.6,24.79,38.41,32.0,6.4,13.68,21.19,35.0,7.0,14.96,23.18,10.0,2.0,4.27,6.62,20.0,4.0,8.55,13.24,15.0,3.0,6.41,9.93,13.0,2.6,5.56,8.61,36.0,7.2,15.38,23.84,11.0,2.2,4.7,7.28,27.0,5.4,11.54,17.88,16.0,3.2,6.84,10.59,22.0,4.4,9.4,14.57,7.0,1.4,2.99,4.64,5.0,1.0,2.14,3.31,21.0,4.2,8.97,13.91,22.0,4.4,9.4,14.57,46.58,41.45,5.13,103.3,12.0,2.4,5.13,54.37,10.87,0.51,0.54,0.55,0.29,0.75,0.14,0.52,0.32,0.77,0.56,2.99,2.14,0.09,9.4,0.22
4,高雄全家海神,45|51|121|12908,施晉堯/克力斯/吳曉謹/布里茲克,3,50,61.0,918.37,15.31,15:18,306.12,5.1,05:06,29.0,9.67,47.54,68.21,34.0,11.33,55.74,79.97,26.0,8.67,42.62,61.15,12.0,4.0,19.67,28.22,11.0,3.67,18.03,25.87,7.0,2.33,11.48,16.46,15.0,5.0,24.59,35.28,5.0,1.67,8.2,11.76,1.0,0.33,1.64,2.35,0.0,0.0,0.0,0.0,5.0,1.67,8.2,11.76,9.0,3.0,14.75,21.17,3.0,1.0,4.92,7.06,4.0,1.33,6.56,9.41,5.0,1.67,8.2,11.76,6.0,2.0,9.84,14.11,0.0,0.0,0.0,0.0,0.0,0.0,0.0,0.0,7.0,2.33,11.48,16.46,6.0,2.0,9.84,14.11,47.54,55.74,-8.2,95.65,-5.0,-1.67,-8.2,15.31,5.1,0.56,0.55,0.64,0.33,0.0,0.16,0.5,0.56,0.75,0.67,0.0,0.0,0.11,9.84,0.04
4,高雄全家海神,51|110|121|12908,克力斯/胡瓏貿/吳曉謹/布里茲克,5,152,184.0,2492.66,41.54,41:33,498.53,8.31,08:19,77.0,15.4,41.85,66.72,86.0,17.2,46.74,74.52,72.0,14.4,39.13,62.39,30.0,6.0,16.3,26.0,32.0,6.4,17.39,27.73,23.0,4.6,12.5,19.93,40.0,8.0,21.74,34.66,7.0,1.4,3.8,6.07,13.0,2.6,7.07,11.27,10.0,2.0,5.43,8.67,15.0,3.0,8.15,13.0,28.0,5.6,15.22,24.26,11.0,2.2,5.98,9.53,20.0,4.0,10.87,17.33,14.0,2.8,7.61,12.13,13.0,2.6,7.07,11.27,6.0,1.2,3.26,5.2,2.0,0.4,1.09,1.73,16.0,3.2,8.7,13.86,16.0,3.2,8.7,13.86,41.85,46.74,-4.89,106.3,-9.0,-1.8,-4.89,41.54,8.31,0.47,0.5,0.72,0.18,0.77,0.15,0.43,0.43,0.72,0.58,3.26,1.09,0.09,8.7,0.18
4,臺北台新戰神,1|11|14|10868,丁聖儒/蘇奕晉/錢肯尼/齊曼加,1,7,9.0,117.87,1.96,01:58,117.87,1.96,01:58,4.0,4.0,44.44,73.3,5.0,5.0,55.56,91.62,2.0,2.0,22.22,36.65,2.0,2.0,22.22,36.65,2.0,2.0,22.22,36.65,2.0,2.0,22.22,36.65,0.0,0.0,0.0,0.0,0.0,0.0,0.0,0.0,2.0,2.0,22.22,36.65,0.0,0.0,0.0,0.0,1.0,1.0,11.11,18.32,0.0,0.0,0.0,0.0,1.0,1.0,11.11,18.32,1.0,1.0,11.11,18.32,1.0,1.0,11.11,18.32,1.0,1.0,11.11,18.32,0.0,0.0,0.0,0.0,0.0,0.0,0.0,0.0,1.0,1.0,11.11,18.32,1.0,1.0,11.11,18.32,44.44,55.56,-11.11,109.95,-1.0,-1.0,-11.11,1.96,1.96,1.0,0.69,1.0,,0.0,0.26,0.5,0.5,0.0,0.33,0.0,0.0,0.11,11.11,1.0
4,臺北台新戰神,1|11|10868|10869,丁聖儒/蘇奕晉/齊曼加/基德,1,14,17.0,193.87,3.23,03:14,193.87,3.23,03:14,6.0,6.0,35.29,66.85,9.0,9.0,52.94,100.27,2.0,2.0,11.76,22.28,2.0,2.0,11.76,22.28,2.0,2.0,11.76,22.28,2.0,2.0,11.76,22.28,0.0,0.0,0.0,0.0,0.0,0.0,0.0,0.0,4.0,4.0,23.53,44.57,2.0,2.0,11.76,22.28,1.0,1.0,5.88,11.14,0.0,0.0,0.0,0.0,1.0,1.0,5.88,11.14,3.0,3.0,17.65,33.42,4.0,4.0,23.53,44.57,1.0,1.0,5.88,11.14,3.0,3.0,17.65,33.42,0.0,0.0,0.0,0.0,2.0,2.0,11.76,22.28,1.0,1.0,5.88,11.14,35.29,52.94,-17.65,126.27,-3.0,-3.0,-17.65,3.23,3.23,1.0,0.8,1.0,,0.5,0.52,0.5,0.25,0.0,0.2,17.65,0.0,0.12,5.88,2.0
4,臺北台新戰神,11|14|10868|10869,蘇奕晉/錢肯尼/齊曼加/基德,1,7,9.0,117.87,1.96,01:58,117.87,1.96,01:58,4.0,4.0,44.44,73.3,5.0,5.0,55.56,91.62,2.0,2.0,22.22,36.65,2.0,2.0,22.22,36.65,2.0,2.0,22.22,36.65,2.0,2.0,22.22,36.65,0.0,0.0,0.0,0.0,0.0,0.0,0.0,0.0,2.0,2.0,22.22,36.65,0.0,0.0,0.0,0.0,1.0,1.0,11.11,18.32,0.0,0.0,0.0,0.0,1.0,1.0,11.11,18.32,1.0,1.0,11.11,18.32,1.0,1.0,11.11,18.32,1.0,1.0,11.11,18.32,0.0,0.0,0.0,0.0,0.0,0.0,0.0,0.0,1.0,1.0,11.11,18.32,1.0,1.0,11.11,18.32,44.44,55.56,-11.11,109.95,-1.0,-1.0,-11.11,1.96,1.96,1.0,0.69,1.0,,0.0,0.26,0.5,0.5,0.0,0.33,0.0,0.0,0.11,11.11,1.0
4,高雄全家海神,51|110|121|122,克力斯/胡瓏貿/吳曉謹/陳懷安,4,69,84.0,1199.16,19.99,19:59,299.79,5.0,05:00,38.0,9.5,45.24,68.45,40.0,10.0,47.62,72.05,29.0,7.25,34.52,52.24,11.0,2.75,13.1,19.81,10.0,2.5,11.9,18.01,4.0,1.0,4.76,7.21,19.0,4.75,22.62,34.22,7.0,1.75,8.33,12.61,8.0,2.0,9.52,14.41,6.0,1.5,7.14,10.81,6.0,1.5,7.14,10.81,13.0,3.25,15.48,23.42,4.0,1.0,4.76,7.21,8.0,2.0,9.52,14.41,8.0,2.0,9.52,14.41,9.0,2.25,10.71,16.21,6.0,1.5,7.14,10.81,1.0,0.25,1.19,1.8,9.0,2.25,10.71,16.21,13.0,3.25,15.48,23.42,45.24,47.62,-2.38,100.87,-2.0,-0.5,-2.38,19.99,5.0,0.5,0.58,0.4,0.37,0.75,0.2,0.82,0.43,0.76,0.61,7.14,1.19,0.11,15.48,0.28
4,高雄全家海神,51|110|122|12908,克力斯/胡瓏貿/陳懷安/布里茲克,4,64,79.0,1079.15,17.99,17:59,269.79,4.5,04:30,32.0,8.0,40.51,64.05,29.0,7.25,36.71,58.05,28.0,7.0,35.44,56.04,11.0,2.75,13.92,22.02,15.0,3.75,18.99,30.02,8.0,2.0,10.13,16.01,13.0,3.25,16.46,26.02,3.0,0.75,3.8,6.0,10.0,2.5,12.66,20.02,7.0,1.75,8.86,14.01,6.0,1.5,7.59,12.01,12.0,3.0,15.19,24.02,3.0,0.75,3.8,6.0,10.0,2.5,12.66,20.02,7.0,1.75,8.86,14.01,6.0,1.5,7.59,12.01,3.0,0.75,3.8,6.0,2.0,0.5,2.53,4.0,7.0,1.75,8.86,14.01,12.0,3.0,15.19,24.02,40.51,36.71,3.8,105.42,3.0,0.75,3.8,17.99,4.5,0.45,0.49,0.53,0.23,0.7,0.18,0.55,0.38,0.8,0.58,3.8,2.53,0.09,15.19,0.36
4,高雄全家海神,51|121|122|12908,克力斯/吳曉謹/陳懷安/布里茲克,1,50,63.0,766.55,12.78,12:47,766.55,12.78,12:47,26.0,26.0,41.27,73.26,21.0,21.0,33.33,59.17,22.0,22.0,34.92,61.99,8.0,8.0,12.7,22.54,9.0,9.0,14.29,25.36,5.0,5.0,7.94,14.09,13.0,13.0,20.63,36.63,3.0,3.0,4.76,8.45,9.0,9.0,14.29,25.36,7.0,7.0,11.11,19.72,5.0,5.0,7.94,14.09,10.0,10.0,15.87,28.18,3.0,3.0,4.76,8.45,7.0,7.0,11.11,19.72,5.0,5.0,7.94,14.09,4.0,4.0,6.35,11.27,2.0,2.0,3.17,5.64,2.0,2.0,3.17,5.64,5.0,5.0,7.94,14.09,8.0,8.0,12.7,22.54,41.27,33.33,7.94,118.35,5.0,5.0,7.94,12.78,12.78,0.43,0.5,0.56,0.23,0.78,0.16,0.5,0.42,0.77,0.6,3.17,3.17,0.08,12.7,0.41
4,臺北台新戰神,1|10|11|10868,丁聖儒/雷蒙恩/蘇奕晉/齊曼加,1,7,8.0,76.0,1.27,01:16,76.0,1.27,01:16,2.0,2.0,25.0,56.84,4.0,4.0,50.0,113.68,0.0,0.0,0.0,0.0,0.0,0.0,0.0,0.0,0.0,0.0,0.0,0.0,0.0,0.0,0.0,0.0,0.0,0.0,0.0,0.0,0.0,0.0,0.0,0.0,2.0,2.0,25.0,56.84,2.0,2.0,25.0,56.84,0.0,0.0,0.0,0.0,0.0,0.0,0.0,0.0,0.0,0.0,0.0,0.0,2.0,2.0,25.0,56.84,3.0,3.0,37.5,85.26,0.0,0.0,0.0,0.0,3.0,3.0,37.5,85.26,0.0,0.0,0.0,0.0,1.0,1.0,12.5,28.42,0.0,0.0,0.0,0.0,25.0,50.0,-25.0,151.58,-2.0,-2.0,-25.0,1.27,1.27,,1.14,,,1.0,0.77,,0.0,,0.0,37.5,0.0,0.12,0.0,
4,臺北台新戰神,10|11|10868|10869,雷蒙恩/蘇奕晉/齊曼加/基德,1,12,13.0,177.0,2.95,02:57,177.0,2.95,02:57,5.0,5.0,38.46,61.02,8.0,8.0,61.54,97.63,2.0,2.0,15.38,24.41,1.0,1.0,7.69,12.2,1.0,1.0,7.69,12.2,0.0,0.0,0.0,0.0,1.0,1.0,7.69,12.2,1.0,1.0,7.69,12.2,2.0,2.0,15.38,24.41,2.0,2.0,15.38,24.41,0.0,0.0,0.0,0.0,1.0,1.0,7.69,12.2,0.0,0.0,0.0,0.0,3.0,3.0,23.08,36.61,3.0,3.0,23.08,36.61,1.0,1.0,7.69,12.2,3.0,3.0,23.08,36.61,0.0,0.0,0.0,0.0,1.0,1.0,7.69,12.2,0.0,0.0,0.0,0.0,38.46,61.54,-23.08,105.76,-3.0,-3.0,-23.08,2.95,2.95,0.75,0.87,0.0,1.0,1.0,0.51,1.0,0.0,1.0,0.25,23.08,0.0,0.08,0.0,1.0
4,高雄全家海神,51|116|121|122,克力斯/呂威霆/吳曉謹/陳懷安,3,60,73.0,854.57,14.24,14:15,284.86,4.75,04:45,26.0,8.67,35.62,65.72,31.0,10.33,42.47,78.35,24.0,8.0,32.88,60.66,8.0,2.67,10.96,20.22,14.0,4.67,19.18,35.39,7.0,2.33,9.59,17.69,10.0,3.33,13.7,25.28,1.0,0.33,1.37,2.53,10.0,3.33,13.7,25.28,9.0,3.0,12.33,22.75,8.0,2.67,10.96,20.22,8.0,2.67,10.96,20.22,5.0,1.67,6.85,12.64,11.0,3.67,15.07,27.8,7.0,2.33,9.59,17.69,2.0,0.67,2.74,5.06,6.0,2.0,8.22,15.17,2.0,0.67,2.74,5.06,10.0,3.33,13.7,25.28,5.0,1.67,6.85,12.64,35.62,42.47,-6.85,123.01,-5.0,-1.67,-6.85,14.24,4.75,0.35,0.46,0.5,0.1,0.9,0.2,0.25,0.42,0.62,0.5,8.22,2.74,0.14,6.85,0.42
4,高雄全家海神,51|116|121|12908,克力斯/呂威霆/吳曉謹/布里茲克,4,50,60.0,827.3,13.79,13:47,206.82,3.45,03:27,38.0,9.5,63.33,99.21,26.0,6.5,43.33,67.88,25.0,6.25,41.67,65.27,15.0,3.75,25.0,39.16,15.0,3.75,25.0,39.16,11.0,2.75,18.33,28.72,10.0,2.5,16.67,26.11,4.0,1.0,6.67,10.44,5.0,1.25,8.33,13.05,4.0,1.0,6.67,10.44,3.0,0.75,5.0,7.83,7.0,1.75,11.67,18.28,4.0,1.0,6.67,10.44,11.0,2.75,18.33,28.72,2.0,0.5,3.33,5.22,6.0,1.5,10.0,15.67,1.0,0.25,1.67,2.61,1.0,0.25,1.67,2.61,7.0,1.75,11.67,18.28,6.0,1.5,10.0,15.67,63.33,43.33,20.0,104.44,12.0,3.0,20.0,13.79,3.45,0.68,0.7,0.73,0.4,0.8,0.07,0.4,0.21,0.64,0.4,1.67,1.67,0.12,10.0,0.2
4,高雄全家海神,51|116|122|12908,克力斯/呂威霆/陳懷安/布里茲克,3,35,42.0,477.33,7.96,07:57,159.11,2.65,02:39,16.0,5.33,38.1,72.4,13.0,4.33,30.95,58.83,14.0,4.67,33.33,63.35,6.0,2.0,14.29,27.15,9.0,3.0,21.43,40.73,6.0,2.0,14.29,27.15,5.0,1.67,11.9,22.63,0.0,0.0,0.0,0.0,6.0,2.0,14.29,27.15,4.0,1.33,9.52,18.1,1.0,0.33,2.38,4.53,7.0,2.33,16.67,31.68,2.0,0.67,4.76,9.05,7.0,2.33,16.67,31.68,3.0,1.0,7.14,13.58,0.0,0.0,0.0,0.0,1.0,0.33,2.38,4.53,1.0,0.33,2.38,4.53,3.0,1.0,7.14,13.58,3.0,1.0,7.14,13.58,38.1,30.95,7.14,126.71,3.0,1.0,7.14,7.96,2.65,0.43,0.48,0.67,0.0,0.67,0.15,0.0,0.12,0.78,0.47,2.38,2.38,0.07,7.14,0.43
4,高雄全家海神,116|121|122|12908,呂威霆/吳曉謹/陳懷安/布里茲克,1,16,20.0,220.3,3.67,03:40,220.3,3.67,03:40,11.0,11.0,55.0,107.85,5.0,5.0,25.0,49.02,8.0,8.0,40.0,78.44,4.0,4.0,20.0,39.22,5.0,5.0,25.0,49.02,4.0,4.0,20.0,39.22,3.0,3.0,15.0,29.41,0.0,0.0,0.0,0.0,4.0,4.0,20.0,39.22,3.0,3.0,15.0,29.41,1.0,1.0,5.0,9.8,3.0,3.0,15.0,29.41,1.0,1.0,5.0,9.8,2.0,2.0,10.0,19.61,0.0,0.0,0.0,0.0,0.0,0.0,0.0,0.0,0.0,0.0,0.0,0.0,1.0,1.0,5.0,9.8,2.0,2.0,10.0,19.61,2.0,2.0,10.0,19.61,55.0,25.0,30.0,130.73,6.0,6.0,30.0,3.67,3.67,0.5,0.56,0.8,0.0,0.75,0.0,0.0,0.33,0.75,0.57,0.0,5.0,0.1,10.0,0.5
4,臺北台新戰神,10|11|10863|10868,雷蒙恩/蘇奕晉/魏芃禾/齊曼加,1,5,5.0,101.0,1.68,01:41,101.0,1.68,01:41,3.0,3.0,60.0,64.16,4.0,4.0,80.0,85.54,2.0,2.0,40.0,42.77,1.0,1.0,20.0,21.39,1.0,1.0,20.0,21.39,0.0,0.0,0.0,0.0,1.0,1.0,20.0,21.39,1.0,1.0,20.0,21.39,0.0,0.0,0.0,0.0,0.0,0.0,0.0,0.0,0.0,0.0,0.0,0.0,1.0,1.0,20.0,21.39,0.0,0.0,0.0,0.0,1.0,1.0,20.0,21.39,0.0,0.0,0.0,0.0,1.0,1.0,20.0,21.39,0.0,0.0,0.0,0.0,0.0,0.0,0.0,0.0,0.0,0.0,0.0,0.0,0.0,0.0,0.0,0.0,60.0,80.0,-20.0,71.29,-1.0,-1.0,-20.0,1.68,1.68,0.75,0.75,0.0,1.0,,0.0,1.0,0.0,1.0,0.5,0.0,0.0,0.0,0.0,0.0
4,臺北台新戰神,10|11|10863|10869,雷蒙恩/蘇奕晉/魏芃禾/基德,2,7,7.0,141.0,2.35,02:21,70.5,1.18,01:10,3.0,1.5,42.86,45.96,6.0,3.0,85.71,91.91,3.0,1.5,42.86,45.96,1.0,0.5,14.29,15.32,1.0,0.5,14.29,15.32,0.0,0.0,0.0,0.0,2.0,1.0,28.57,30.64,1.0,0.5,14.29,15.32,0.0,0.0,0.0,0.0,0.0,0.0,0.0,0.0,0.0,0.0,0.0,0.0,2.0,1.0,28.57,30.64,0.0,0.0,0.0,0.0,1.0,0.5,14.29,15.32,0.0,0.0,0.0,0.0,1.0,0.5,14.29,15.32,0.0,0.0,0.0,0.0,0.0,0.0,0.0,0.0,0.0,0.0,0.0,0.0,0.0,0.0,0.0,0.0,42.86,85.71,-42.86,71.49,-3.0,-1.5,-42.86,2.35,1.18,0.5,0.5,0.0,0.5,,0.0,1.0,0.0,1.0,0.67,0.0,0.0,0.0,0.0,0.0
4,臺北台新戰神,11|10863|10868|10869,蘇奕晉/魏芃禾/齊曼加/基德,1,5,5.0,101.0,1.68,01:41,101.0,1.68,01:41,3.0,3.0,60.0,64.16,4.0,4.0,80.0,85.54,2.0,2.0,40.0,42.77,1.0,1.0,20.0,21.39,1.0,1.0,20.0,21.39,0.0,0.0,0.0,0.0,1.0,1.0,20.0,21.39,1.0,1.0,20.0,21.39,0.0,0.0,0.0,0.0,0.0,0.0,0.0,0.0,0.0,0.0,0.0,0.0,1.0,1.0,20.0,21.39,0.0,0.0,0.0,0.0,1.0,1.0,20.0,21.39,0.0,0.0,0.0,0.0,1.0,1.0,20.0,21.39,0.0,0.0,0.0,0.0,0.0,0.0,0.0,0.0,0.0,0.0,0.0,0.0,0.0,0.0,0.0,0.0,60.0,80.0,-20.0,71.29,-1.0,-1.0,-20.0,1.68,1.68,0.75,0.75,0.0,1.0,,0.0,1.0,0.0,1.0,0.5,0.0,0.0,0.0,0.0,0.0
4,臺北台新戰神,14|10863|10867|10869,錢肯尼/魏芃禾/威力斯/基德,3,22,29.0,390.95,6.52,06:31,130.32,2.17,02:10,12.0,4.0,41.38,66.3,13.0,4.33,44.83,71.83,13.0,4.33,44.83,71.83,4.0,1.33,13.79,22.1,7.0,2.33,24.14,38.68,2.0,0.67,6.9,11.05,6.0,2.0,20.69,33.15,2.0,0.67,6.9,11.05,2.0,0.67,6.9,11.05,2.0,0.67,6.9,11.05,4.0,1.33,13.79,22.1,4.0,1.33,13.79,22.1,2.0,0.67,6.9,11.05,5.0,1.67,17.24,27.63,1.0,0.33,3.45,5.53,4.0,1.33,13.79,22.1,0.0,0.0,0.0,0.0,2.0,0.67,6.9,11.05,3.0,1.0,10.34,16.58,4.0,1.33,13.79,22.1,41.38,44.83,-3.45,106.82,-1.0,-0.33,-3.45,6.52,2.17,0.38,0.43,0.29,0.33,1.0,0.07,1.0,0.44,0.67,0.53,0.0,6.9,0.1,13.79,0.15
4,高雄全家海神,45|51|118|10891,施晉堯/克力斯/蘇文儒/廖偉皓,3,83,94.0,1499.08,24.98,24:59,499.69,8.33,08:20,45.0,15.0,47.87,64.84,58.0,19.33,61.7,83.57,39.0,13.0,41.49,56.19,18.0,6.0,19.15,25.94,19.0,6.33,20.21,27.38,13.0,4.33,13.83,18.73,20.0,6.67,21.28,28.82,5.0,1.67,5.32,7.2,5.0,1.67,5.32,7.2,4.0,1.33,4.26,5.76,3.0,1.0,3.19,4.32,19.0,6.33,20.21,27.38,3.0,1.0,3.19,4.32,12.0,4.0,12.77,17.29,4.0,1.33,4.26,5.76,11.0,3.67,11.7,15.85,3.0,1.0,3.19,4.32,2.0,0.67,2.13,2.88,5.0,1.67,5.32,7.2,8.0,2.67,8.51,11.53,47.87,61.7,-13.83,90.3,-13.0,-4.33,-13.83,24.98,8.33,0.53,0.55,0.68,0.25,0.8,0.09,0.61,0.2,0.86,0.59,3.19,2.13,0.05,8.51,0.13
4,高雄全家海神,45|51|118|10894,施晉堯/克力斯/蘇文儒/凱帝,1,3,4.0,74.0,1.23,01:14,74.0,1.23,01:14,4.0,4.0,100.0,116.76,2.0,2.0,50.0,58.38,2.0,2.0,50.0,58.38,1.0,1.0,25.0,29.19,1.0,1.0,25.0,29.19,1.0,1.0,25.0,29.19,1.0,1.0,25.0,29.19,0.0,0.0,0.0,0.0,2.0,2.0,50.0,58.38,2.0,2.0,50.0,58.38,1.0,1.0,25.0,29.19,0.0,0.0,0.0,0.0,0.0,0.0,0.0,0.0,0.0,0.0,0.0,0.0,0.0,0.0,0.0,0.0,2.0,2.0,50.0,58.38,0.0,0.0,0.0,0.0,0.0,0.0,0.0,0.0,1.0,1.0,25.0,29.19,0.0,0.0,0.0,0.0,100.0,50.0,50.0,77.84,2.0,2.0,50.0,1.23,1.23,0.5,0.69,1.0,0.0,1.0,0.0,2.0,1.0,,1.0,0.0,0.0,0.25,0.0,1.0
4,高雄全家海神,45|51|10891|10894,施晉堯/克力斯/廖偉皓/凱帝,1,7,10.0,141.69,2.36,02:22,141.69,2.36,02:22,7.0,7.0,70.0,106.71,9.0,9.0,90.0,137.2,4.0,4.0,40.0,60.98,2.0,2.0,20.0,30.49,1.0,1.0,10.0,15.24,1.0,1.0,10.0,15.24,3.0,3.0,30.0,45.73,1.0,1.0,10.0,15.24,2.0,2.0,20.0,30.49,2.0,2.0,20.0,30.49,1.0,1.0,10.0,15.24,1.0,1.0,10.0,15.24,1.0,1.0,10.0,15.24,0.0,0.0,0.0,0.0,0.0,0.0,0.0,0.0,3.0,3.0,30.0,45.73,0.0,0.0,0.0,0.0,0.0,0.0,0.0,0.0,1.0,1.0,10.0,15.24,2.0,2.0,20.0,30.49,70.0,90.0,-20.0,101.63,-2.0,-2.0,-20.0,2.36,2.36,0.62,0.72,1.0,0.33,1.0,0.0,1.5,1.0,0.5,0.67,0.0,0.0,0.1,20.0,0.5
4,高雄全家海神,45|118|10891|10894,施晉堯/蘇文儒/廖偉皓/凱帝,1,3,4.0,74.0,1.23,01:14,74.0,1.23,01:14,4.0,4.0,100.0,116.76,2.0,2.0,50.0,58.38,2.0,2.0,50.0,58.38,1.0,1.0,25.0,29.19,1.0,1.0,25.0,29.19,1.0,1.0,25.0,29.19,1.0,1.0,25.0,29.19,0.0,0.0,0.0,0.0,2.0,2.0,50.0,58.38,2.0,2.0,50.0,58.38,1.0,1.0,25.0,29.19,0.0,0.0,0.0,0.0,0.0,0.0,0.0,0.0,0.0,0.0,0.0,0.0,0.0,0.0,0.0,0.0,2.0,2.0,50.0,58.38,0.0,0.0,0.0,0.0,0.0,0.0,0.0,0.0,1.0,1.0,25.0,29.19,0.0,0.0,0.0,0.0,100.0,50.0,50.0,77.84,2.0,2.0,50.0,1.23,1.23,0.5,0.69,1.0,0.0,1.0,0.0,2.0,1.0,,1.0,0.0,0.0,0.25,0.0,1.0
4,高雄全家海神,51|118|10891|10894,克力斯/蘇文儒/廖偉皓/凱帝,1,3,4.0,74.0,1.23,01:14,74.0,1.23,01:14,4.0,4.0,100.0,116.76,2.0,2.0,50.0,58.38,2.0,2.0,50.0,58.38,1.0,1.0,25.0,29.19,1.0,1.0,25.0,29.19,1.0,1.0,25.0,29.19,1.0,1.0,25.0,29.19,0.0,0.0,0.0,0.0,2.0,2.0,50.0,58.38,2.0,2.0,50.0,58.38,1.0,1.0,25.0,29.19,0.0,0.0,0.0,0.0,0.0,0.0,0.0,0.0,0.0,0.0,0.0,0.0,0.0,0.0,0.0,0.0,2.0,2.0,50.0,58.38,0.0,0.0,0.0,0.0,0.0,0.0,0.0,0.0,1.0,1.0,25.0,29.19,0.0,0.0,0.0,0.0,100.0,50.0,50.0,77.84,2.0,2.0,50.0,1.23,1.23,0.5,0.69,1.0,0.0,1.0,0.0,2.0,1.0,,1.0,0.0,0.0,0.25,0.0,1.0
4,高雄全家海神,45|51|121|10891,施晉堯/克力斯/吳曉謹/廖偉皓,1,4,6.0,67.69,1.13,01:08,67.69,1.13,01:08,3.0,3.0,50.0,95.73,7.0,7.0,116.67,223.36,2.0,2.0,33.33,63.82,1.0,1.0,16.67,31.91,0.0,0.0,0.0,0.0,0.0,0.0,0.0,0.0,2.0,2.0,33.33,63.82,1.0,1.0,16.67,31.91,0.0,0.0,0.0,0.0,0.0,0.0,0.0,0.0,0.0,0.0,0.0,0.0,1.0,1.0,16.67,31.91,1.0,1.0,16.67,31.91,0.0,0.0,0.0,0.0,0.0,0.0,0.0,0.0,1.0,1.0,16.67,31.91,0.0,0.0,0.0,0.0,0.0,0.0,0.0,0.0,0.0,0.0,0.0,0.0,2.0,2.0,33.33,63.82,50.0,116.67,-66.67,127.64,-4.0,-4.0,-66.67,1.13,1.13,0.75,0.75,,0.5,,0.0,1.0,,0.5,0.5,0.0,0.0,0.0,33.33,0.0
4,高雄全家海神,45|51|121|10894,施晉堯/克力斯/吳曉謹/凱帝,1,4,6.0,67.69,1.13,01:08,67.69,1.13,01:08,3.0,3.0,50.0,95.73,7.0,7.0,116.67,223.36,2.0,2.0,33.33,63.82,1.0,1.0,16.67,31.91,0.0,0.0,0.0,0.0,0.0,0.0,0.0,0.0,2.0,2.0,33.33,63.82,1.0,1.0,16.67,31.91,0.0,0.0,0.0,0.0,0.0,0.0,0.0,0.0,0.0,0.0,0.0,0.0,1.0,1.0,16.67,31.91,1.0,1.0,16.67,31.91,0.0,0.0,0.0,0.0,0.0,0.0,0.0,0.0,1.0,1.0,16.67,31.91,0.0,0.0,0.0,0.0,0.0,0.0,0.0,0.0,0.0,0.0,0.0,0.0,2.0,2.0,33.33,63.82,50.0,116.67,-66.67,127.64,-4.0,-4.0,-66.67,1.13,1.13,0.75,0.75,,0.5,,0.0,1.0,,0.5,0.5,0.0,0.0,0.0,33.33,0.0
4,高雄全家海神,45|121|10891|10894,施晉堯/吳曉謹/廖偉皓/凱帝,1,4,6.0,67.69,1.13,01:08,67.69,1.13,01:08,3.0,3.0,50.0,95.73,7.0,7.0,116.67,223.36,2.0,2.0,33.33,63.82,1.0,1.0,16.67,31.91,0.0,0.0,0.0,0.0,0.0,0.0,0.0,0.0,2.0,2.0,33.33,63.82,1.0,1.0,16.67,31.91,0.0,0.0,0.0,0.0,0.0,0.0,0.0,0.0,0.0,0.0,0.0,0.0,1.0,1.0,16.67,31.91,1.0,1.0,16.67,31.91,0.0,0.0,0.0,0.0,0.0,0.0,0.0,0.0,1.0,1.0,16.67,31.91,0.0,0.0,0.0,0.0,0.0,0.0,0.0,0.0,0.0,0.0,0.0,0.0,2.0,2.0,33.33,63.82,50.0,116.67,-66.67,127.64,-4.0,-4.0,-66.67,1.13,1.13,0.75,0.75,,0.5,,0.0,1.0,,0.5,0.5,0.0,0.0,0.0,33.33,0.0
4,高雄全家海神,51|121|10891|10894,克力斯/吳曉謹/廖偉皓/凱帝,1,4,6.0,67.69,1.13,01:08,67.69,1.13,01:08,3.0,3.0,50.0,95.73,7.0,7.0,116.67,223.36,2.0,2.0,33.33,63.82,1.0,1.0,16.67,31.91,0.0,0.0,0.0,0.0,0.0,0.0,0.0,0.0,2.0,2.0,33.33,63.82,1.0,1.0,16.67,31.91,0.0,0.0,0.0,0.0,0.0,0.0,0.0,0.0,0.0,0.0,0.0,0.0,1.0,1.0,16.67,31.91,1.0,1.0,16.67,31.91,0.0,0.0,0.0,0.0,0.0,0.0,0.0,0.0,1.0,1.0,16.67,31.91,0.0,0.0,0.0,0.0,0.0,0.0,0.0,0.0,0.0,0.0,0.0,0.0,2.0,2.0,33.33,63.82,50.0,116.67,-66.67,127.64,-4.0,-4.0,-66.67,1.13,1.13,0.75,0.75,,0.5,,0.0,1.0,,0.5,0.5,0.0,0.0,0.0,33.33,0.0
4,臺北台新戰神,1|14|10865|10868,丁聖儒/錢肯尼/謝銘駿/齊曼加,1,20,28.0,405.89,6.76,06:46,405.89,6.76,06:46,17.0,17.0,60.71,90.47,12.0,12.0,42.86,63.86,9.0,9.0,32.14,47.9,6.0,6.0,21.43,31.93,5.0,5.0,17.86,26.61,3.0,3.0,10.71,15.97,4.0,4.0,14.29,21.29,3.0,3.0,10.71,15.97,3.0,3.0,10.71,15.97,2.0,2.0,7.14,10.64,2.0,2.0,7.14,10.64,2.0,2.0,7.14,10.64,3.0,3.0,10.71,15.97,4.0,4.0,14.29,21.29,3.0,3.0,10.71,15.97,5.0,5.0,17.86,26.61,2.0,2.0,7.14,10.64,0.0,0.0,0.0,0.0,5.0,5.0,17.86,26.61,2.0,2.0,7.14,10.64,60.71,42.86,17.86,99.34,5.0,5.0,17.86,6.76,6.76,0.83,0.82,0.6,0.75,0.67,0.23,0.83,0.33,0.4,0.36,7.14,0.0,0.18,7.14,0.33
4,高雄全家海神,45|110|122|12908,施晉堯/胡瓏貿/陳懷安/布里茲克,3,27,35.0,457.97,7.63,07:38,152.66,2.54,02:33,13.0,4.33,37.14,61.31,14.0,4.67,40.0,66.03,11.0,3.67,31.43,51.88,5.0,1.67,14.29,23.58,9.0,3.0,25.71,42.45,5.0,1.67,14.29,23.58,2.0,0.67,5.71,9.43,0.0,0.0,0.0,0.0,5.0,1.67,14.29,23.58,3.0,1.0,8.57,14.15,2.0,0.67,5.71,9.43,4.0,1.33,11.43,18.87,2.0,0.67,5.71,9.43,5.0,1.67,14.29,23.58,3.0,1.0,8.57,14.15,1.0,0.33,2.86,4.72,1.0,0.33,2.86,4.72,1.0,0.33,2.86,4.72,4.0,1.33,11.43,18.87,5.0,1.67,14.29,23.58,37.14,40.0,-2.86,110.05,-1.0,-0.33,-2.86,7.63,2.54,0.45,0.49,0.56,0.0,0.6,0.19,0.2,0.29,0.67,0.46,2.86,2.86,0.11,14.29,0.45
4,高雄全家海神,45|122|10894|12908,施晉堯/陳懷安/凱帝/布里茲克,1,1,3.0,46.65,0.78,00:47,46.65,0.78,00:47,0.0,0.0,0.0,0.0,2.0,2.0,66.67,92.61,0.0,0.0,0.0,0.0,0.0,0.0,0.0,0.0,0.0,0.0,0.0,0.0,0.0,0.0,0.0,0.0,0.0,0.0,0.0,0.0,0.0,0.0,0.0,0.0,0.0,0.0,0.0,0.0,0.0,0.0,0.0,0.0,0.0,0.0,0.0,0.0,0.0,0.0,0.0,0.0,1.0,1.0,33.33,46.31,1.0,1.0,33.33,46.31,0.0,0.0,0.0,0.0,0.0,0.0,0.0,0.0,0.0,0.0,0.0,0.0,0.0,0.0,0.0,0.0,0.0,0.0,0.0,0.0,1.0,1.0,33.33,46.31,0.0,66.67,-66.67,92.61,-2.0,-2.0,-66.67,0.78,0.78,,,,,,,,0.0,0.0,0.0,0.0,0.0,0.0,33.33,
4,高雄全家海神,110|122|10894|12908,胡瓏貿/陳懷安/凱帝/布里茲克,2,9,13.0,171.74,2.86,02:52,85.87,1.43,01:26,1.0,0.5,7.69,12.58,3.0,1.5,23.08,37.73,4.0,2.0,30.77,50.31,0.0,0.0,0.0,0.0,3.0,1.5,23.08,37.73,0.0,0.0,0.0,0.0,1.0,0.5,7.69,12.58,0.0,0.0,0.0,0.0,1.0,0.5,7.69,12.58,1.0,0.5,7.69,12.58,2.0,1.0,15.38,25.15,2.0,1.0,15.38,25.15,1.0,0.5,7.69,12.58,3.0,1.5,23.08,37.73,1.0,0.5,7.69,12.58,0.0,0.0,0.0,0.0,1.0,0.5,7.69,12.58,0.0,0.0,0.0,0.0,1.0,0.5,7.69,12.58,3.0,1.5,23.08,37.73,7.69,23.08,-15.38,109.0,-2.0,-1.0,-15.38,2.86,1.43,0.0,0.11,0.0,0.0,1.0,0.18,,0.4,0.67,0.5,7.69,0.0,0.08,23.08,0.25
4,高雄全家海神,45|51|110|122,施晉堯/克力斯/胡瓏貿/陳懷安,4,27,33.0,411.49,6.86,06:51,102.87,1.71,01:43,13.0,3.25,39.39,68.24,13.0,3.25,39.39,68.24,11.0,2.75,33.33,57.74,5.0,1.25,15.15,26.25,9.0,2.25,27.27,47.24,5.0,1.25,15.15,26.25,2.0,0.5,6.06,10.5,0.0,0.0,0.0,0.0,5.0,1.25,15.15,26.25,3.0,0.75,9.09,15.75,2.0,0.5,6.06,10.5,4.0,1.0,12.12,21.0,1.0,0.25,3.03,5.25,4.0,1.0,12.12,21.0,3.0,0.75,9.09,15.75,1.0,0.25,3.03,5.25,1.0,0.25,3.03,5.25,1.0,0.25,3.03,5.25,4.0,1.0,12.12,21.0,6.0,1.5,18.18,31.5,39.39,39.39,0.0,115.48,0.0,0.0,0.0,6.86,1.71,0.45,0.49,0.56,0.0,0.6,0.19,0.2,0.33,0.8,0.55,3.03,3.03,0.12,18.18,0.45
4,高雄全家海神,45|51|122|12908,施晉堯/克力斯/陳懷安/布里茲克,3,26,32.0,411.33,6.86,06:51,137.11,2.29,02:17,13.0,4.33,40.62,68.27,12.0,4.0,37.5,63.02,11.0,3.67,34.38,57.76,5.0,1.67,15.62,26.26,9.0,3.0,28.12,47.26,5.0,1.67,15.62,26.26,2.0,0.67,6.25,10.5,0.0,0.0,0.0,0.0,5.0,1.67,15.62,26.26,3.0,1.0,9.38,15.75,2.0,0.67,6.25,10.5,4.0,1.33,12.5,21.01,1.0,0.33,3.12,5.25,4.0,1.33,12.5,21.01,3.0,1.0,9.38,15.75,1.0,0.33,3.12,5.25,1.0,0.33,3.12,5.25,1.0,0.33,3.12,5.25,4.0,1.33,12.5,21.01,4.0,1.33,12.5,21.01,40.62,37.5,3.12,112.03,1.0,0.33,3.12,6.86,2.29,0.45,0.49,0.56,0.0,0.6,0.19,0.2,0.33,0.8,0.55,3.12,3.12,0.12,12.5,0.45
4,高雄全家海神,45|51|110|118,施晉堯/克力斯/胡瓏貿/蘇文儒,5,127,150.0,2221.82,37.03,37:02,444.36,7.41,07:24,68.0,13.6,45.33,66.11,72.0,14.4,48.0,70.0,56.0,11.2,37.33,54.44,25.0,5.0,16.67,24.3,34.0,6.8,22.67,33.05,16.0,3.2,10.67,15.55,22.0,4.4,14.67,21.39,9.0,1.8,6.0,8.75,13.0,2.6,8.67,12.64,9.0,1.8,6.0,8.75,7.0,1.4,4.67,6.81,24.0,4.8,16.0,23.33,6.0,1.2,4.0,5.83,22.0,4.4,14.67,21.39,12.0,2.4,8.0,11.67,13.0,2.6,8.67,12.64,9.0,1.8,6.0,8.75,4.0,0.8,2.67,3.89,10.0,2.0,6.67,9.72,17.0,3.4,11.33,16.53,45.33,48.0,-2.67,97.22,-4.0,-0.8,-2.67,37.03,7.41,0.53,0.55,0.47,0.41,0.69,0.16,0.52,0.24,0.8,0.53,6.0,2.67,0.07,11.33,0.23
4,高雄全家海神,45|51|118|12908,施晉堯/克力斯/蘇文儒/布里茲克,2,90,108.0,1526.41,25.44,25:26,763.21,12.72,12:43,45.0,22.5,41.67,63.68,44.0,22.0,40.74,62.26,39.0,19.5,36.11,55.19,16.0,8.0,14.81,22.64,21.0,10.5,19.44,29.72,12.0,6.0,11.11,16.98,18.0,9.0,16.67,25.47,4.0,2.0,3.7,5.66,11.0,5.5,10.19,15.57,9.0,4.5,8.33,12.74,5.0,2.5,4.63,7.08,17.0,8.5,15.74,24.06,5.0,2.5,4.63,7.08,17.0,8.5,15.74,24.06,9.0,4.5,8.33,12.74,7.0,3.5,6.48,9.91,5.0,2.5,4.63,7.08,2.0,1.0,1.85,2.83,6.0,3.0,5.56,8.49,15.0,7.5,13.89,21.23,41.67,40.74,0.93,101.89,1.0,0.5,0.93,25.44,12.72,0.46,0.51,0.57,0.22,0.82,0.17,0.44,0.23,0.77,0.5,4.63,1.85,0.06,13.89,0.28
4,高雄全家海神,51|110|118|12908,克力斯/胡瓏貿/蘇文儒/布里茲克,4,258,308.0,4464.66,74.41,74:25,1116.17,18.6,18:36,127.0,31.75,41.23,61.44,134.0,33.5,43.51,64.83,117.0,29.25,37.99,56.6,50.0,12.5,16.23,24.19,72.0,18.0,23.38,34.83,38.0,9.5,12.34,18.38,45.0,11.25,14.61,21.77,12.0,3.0,3.9,5.81,19.0,4.75,6.17,9.19,15.0,3.75,4.87,7.26,17.0,4.25,5.52,8.22,50.0,12.5,16.23,24.19,15.0,3.75,4.87,7.26,49.0,12.25,15.91,23.71,23.0,5.75,7.47,11.13,26.0,6.5,8.44,12.58,15.0,3.75,4.87,7.26,11.0,2.75,3.57,5.32,25.0,6.25,8.12,12.09,21.0,5.25,6.82,10.16,41.23,43.51,-2.27,99.34,-7.0,-1.75,-2.27,74.41,18.6,0.48,0.51,0.53,0.27,0.79,0.16,0.52,0.26,0.77,0.51,4.87,3.57,0.08,6.82,0.16
4,高雄全家海神,51|116|118|122,克力斯/呂威霆/蘇文儒/陳懷安,2,19,22.0,283.0,4.72,04:43,141.5,2.36,02:21,5.0,2.5,22.73,38.16,6.0,3.0,27.27,45.8,8.0,4.0,36.36,61.06,2.0,1.0,9.09,15.27,5.0,2.5,22.73,38.16,2.0,1.0,9.09,15.27,3.0,1.5,13.64,22.9,0.0,0.0,0.0,0.0,2.0,1.0,9.09,15.27,1.0,0.5,4.55,7.63,1.0,0.5,4.55,7.63,5.0,2.5,22.73,38.16,0.0,0.0,0.0,0.0,6.0,3.0,27.27,45.8,2.0,1.0,9.09,15.27,0.0,0.0,0.0,0.0,1.0,0.5,4.55,7.63,0.0,0.0,0.0,0.0,1.0,0.5,4.55,7.63,1.0,0.5,4.55,7.63,22.73,27.27,-4.55,111.94,-1.0,-0.5,-4.55,4.72,2.36,0.25,0.28,0.4,0.0,0.5,0.18,0.0,0.14,1.0,0.5,4.55,0.0,0.05,4.55,0.25
4,高雄全家海神,51|116|118|12908,克力斯/呂威霆/蘇文儒/布里茲克,3,31,39.0,476.42,7.94,07:56,158.81,2.65,02:39,10.0,3.33,25.64,45.34,15.0,5.0,38.46,68.01,13.0,4.33,33.33,58.94,4.0,1.33,10.26,18.14,6.0,2.0,15.38,27.2,3.0,1.0,7.69,13.6,7.0,2.33,17.95,31.74,1.0,0.33,2.56,4.53,2.0,0.67,5.13,9.07,1.0,0.33,2.56,4.53,3.0,1.0,7.69,13.6,6.0,2.0,15.38,27.2,3.0,1.0,7.69,13.6,8.0,2.67,20.51,36.27,5.0,1.67,12.82,22.67,2.0,0.67,5.13,9.07,2.0,0.67,5.13,9.07,1.0,0.33,2.56,4.53,2.0,0.67,5.13,9.07,5.0,1.67,12.82,22.67,25.64,38.46,-12.82,117.88,-5.0,-1.67,-12.82,7.94,2.65,0.35,0.36,0.5,0.14,0.5,0.26,0.5,0.27,0.67,0.45,5.13,2.56,0.05,12.82,0.15
4,高雄全家海神,51|118|122|12908,克力斯/蘇文儒/陳懷安/布里茲克,3,22,24.0,348.91,5.82,05:49,116.3,1.94,01:56,9.0,3.0,37.5,55.72,7.0,2.33,29.17,43.33,9.0,3.0,37.5,55.72,4.0,1.33,16.67,24.76,6.0,2.0,25.0,37.14,4.0,1.33,16.67,24.76,3.0,1.0,12.5,18.57,0.0,0.0,0.0,0.0,2.0,0.67,8.33,12.38,1.0,0.33,4.17,6.19,0.0,0.0,0.0,0.0,5.0,1.67,20.83,30.95,0.0,0.0,0.0,0.0,6.0,2.0,25.0,37.14,3.0,1.0,12.5,18.57,1.0,0.33,4.17,6.19,1.0,0.33,4.17,6.19,0.0,0.0,0.0,0.0,1.0,0.33,4.17,6.19,3.0,1.0,12.5,18.57,37.5,29.17,8.33,99.05,2.0,0.67,8.33,5.82,1.94,0.44,0.46,0.67,0.0,0.5,0.23,0.25,0.0,1.0,0.45,4.17,0.0,0.04,12.5,0.22
4,高雄全家海神,116|118|122|12908,呂威霆/蘇文儒/陳懷安/布里茲克,2,21,23.0,320.0,5.33,05:20,160.0,2.67,02:40,11.0,5.5,47.83,74.25,12.0,6.0,52.17,81.0,8.0,4.0,34.78,54.0,4.0,2.0,17.39,27.0,4.0,2.0,17.39,27.0,2.0,1.0,8.7,13.5,4.0,2.0,17.39,27.0,2.0,1.0,8.7,13.5,2.0,1.0,8.7,13.5,1.0,0.5,4.35,6.75,0.0,0.0,0.0,0.0,4.0,2.0,17.39,27.0,0.0,0.0,0.0,0.0,5.0,2.5,21.74,33.75,2.0,1.0,8.7,13.5,2.0,1.0,8.7,13.5,1.0,0.5,4.35,6.75,0.0,0.0,0.0,0.0,2.0,1.0,8.7,13.5,1.0,0.5,4.35,6.75,47.83,52.17,-4.35,103.5,-1.0,-0.5,-4.35,5.33,2.67,0.62,0.62,0.5,0.5,0.5,0.18,0.5,0.0,1.0,0.44,4.35,0.0,0.09,4.35,0.25
4,臺北台新戰神,1|10|14|10865,丁聖儒/雷蒙恩/錢肯尼/謝銘駿,3,23,26.0,410.81,6.85,06:51,136.94,2.28,02:17,10.0,3.33,38.46,52.58,1.0,0.33,3.85,5.26,11.0,3.67,42.31,57.84,4.0,1.33,15.38,21.03,5.0,1.67,19.23,26.29,2.0,0.67,7.69,10.52,6.0,2.0,23.08,31.55,2.0,0.67,7.69,10.52,0.0,0.0,0.0,0.0,0.0,0.0,0.0,0.0,1.0,0.33,3.85,5.26,6.0,2.0,23.08,31.55,2.0,0.67,7.69,10.52,8.0,2.67,30.77,42.06,2.0,0.67,7.69,10.52,4.0,1.33,15.38,21.03,1.0,0.33,3.85,5.26,0.0,0.0,0.0,0.0,3.0,1.0,11.54,15.77,2.0,0.67,7.69,10.52,38.46,3.85,34.62,91.14,9.0,3.0,34.62,6.85,2.28,0.45,0.45,0.4,0.33,,0.15,1.0,0.11,0.75,0.41,3.85,0.0,0.12,7.69,0.0
4,高雄全家海神,51|116|118|10894,克力斯/呂威霆/蘇文儒/凱帝,1,2,3.0,46.0,0.77,00:46,46.0,0.77,00:46,0.0,0.0,0.0,0.0,0.0,0.0,0.0,0.0,2.0,2.0,66.67,93.91,0.0,0.0,0.0,0.0,1.0,1.0,33.33,46.96,0.0,0.0,0.0,0.0,1.0,1.0,33.33,46.96,0.0,0.0,0.0,0.0,0.0,0.0,0.0,0.0,0.0,0.0,0.0,0.0,1.0,1.0,33.33,46.96,1.0,1.0,33.33,46.96,0.0,0.0,0.0,0.0,0.0,0.0,0.0,0.0,0.0,0.0,0.0,0.0,0.0,0.0,0.0,0.0,0.0,0.0,0.0,0.0,0.0,0.0,0.0,0.0,0.0,0.0,0.0,0.0,0.0,0.0,0.0,0.0,0.0,0.0,0.0,93.91,0.0,0.0,0.0,0.77,0.77,0.0,0.0,0.0,0.0,,0.0,,1.0,1.0,1.0,0.0,0.0,0.0,0.0,0.0
4,高雄全家海神,51|116|122|10894,克力斯/呂威霆/陳懷安/凱帝,1,2,3.0,46.0,0.77,00:46,46.0,0.77,00:46,0.0,0.0,0.0,0.0,0.0,0.0,0.0,0.0,2.0,2.0,66.67,93.91,0.0,0.0,0.0,0.0,1.0,1.0,33.33,46.96,0.0,0.0,0.0,0.0,1.0,1.0,33.33,46.96,0.0,0.0,0.0,0.0,0.0,0.0,0.0,0.0,0.0,0.0,0.0,0.0,1.0,1.0,33.33,46.96,1.0,1.0,33.33,46.96,0.0,0.0,0.0,0.0,0.0,0.0,0.0,0.0,0.0,0.0,0.0,0.0,0.0,0.0,0.0,0.0,0.0,0.0,0.0,0.0,0.0,0.0,0.0,0.0,0.0,0.0,0.0,0.0,0.0,0.0,0.0,0.0,0.0,0.0,0.0,93.91,0.0,0.0,0.0,0.77,0.77,0.0,0.0,0.0,0.0,,0.0,,1.0,1.0,1.0,0.0,0.0,0.0,0.0,0.0
4,高雄全家海神,51|118|122|10894,克力斯/蘇文儒/陳懷安/凱帝,1,2,3.0,46.0,0.77,00:46,46.0,0.77,00:46,0.0,0.0,0.0,0.0,0.0,0.0,0.0,0.0,2.0,2.0,66.67,93.91,0.0,0.0,0.0,0.0,1.0,1.0,33.33,46.96,0.0,0.0,0.0,0.0,1.0,1.0,33.33,46.96,0.0,0.0,0.0,0.0,0.0,0.0,0.0,0.0,0.0,0.0,0.0,0.0,1.0,1.0,33.33,46.96,1.0,1.0,33.33,46.96,0.0,0.0,0.0,0.0,0.0,0.0,0.0,0.0,0.0,0.0,0.0,0.0,0.0,0.0,0.0,0.0,0.0,0.0,0.0,0.0,0.0,0.0,0.0,0.0,0.0,0.0,0.0,0.0,0.0,0.0,0.0,0.0,0.0,0.0,0.0,93.91,0.0,0.0,0.0,0.77,0.77,0.0,0.0,0.0,0.0,,0.0,,1.0,1.0,1.0,0.0,0.0,0.0,0.0,0.0
4,臺北台新戰神,1|10|11|14,丁聖儒/雷蒙恩/蘇奕晉/錢肯尼,5,86,94.0,1490.46,24.84,24:50,298.09,4.97,04:58,36.0,7.2,38.3,52.17,49.0,9.8,52.13,71.01,32.0,6.4,34.04,46.37,12.0,2.4,12.77,17.39,19.0,3.8,20.21,27.54,9.0,1.8,9.57,13.04,13.0,2.6,13.83,18.84,3.0,0.6,3.19,4.35,13.0,2.6,13.83,18.84,9.0,1.8,9.57,13.04,1.0,0.2,1.06,1.45,19.0,3.8,20.21,27.54,3.0,0.6,3.19,4.35,16.0,3.2,17.02,23.19,6.0,1.2,6.38,8.7,7.0,1.4,7.45,10.14,3.0,0.6,3.19,4.35,1.0,0.2,1.06,1.45,11.0,2.2,11.7,15.94,3.0,0.6,3.19,4.35,38.3,52.13,-13.83,90.82,-13.0,-2.6,-13.83,24.84,4.97,0.42,0.48,0.47,0.23,0.69,0.14,0.58,0.06,0.86,0.51,3.19,1.06,0.12,3.19,0.41
4,臺北台新戰神,1|10|11|10865,丁聖儒/雷蒙恩/蘇奕晉/謝銘駿,4,37,52.0,670.18,11.17,11:10,167.55,2.79,02:48,22.0,5.5,42.31,70.91,19.0,4.75,36.54,61.24,21.0,5.25,40.38,67.68,8.0,2.0,15.38,25.78,9.0,2.25,17.31,29.01,4.0,1.0,7.69,12.89,12.0,3.0,23.08,38.68,4.0,1.0,7.69,12.89,6.0,1.5,11.54,19.34,2.0,0.5,3.85,6.45,6.0,1.5,11.54,19.34,9.0,2.25,17.31,29.01,6.0,1.5,11.54,19.34,8.0,2.0,15.38,25.78,1.0,0.25,1.92,3.22,2.0,0.5,3.85,6.45,0.0,0.0,0.0,0.0,0.0,0.0,0.0,0.0,7.0,1.75,13.46,22.56,9.0,2.25,17.31,29.01,42.31,36.54,5.77,111.73,3.0,0.75,5.77,11.17,2.79,0.48,0.47,0.44,0.33,0.33,0.04,0.25,0.43,0.6,0.52,0.0,0.0,0.13,17.31,0.29
4,臺北台新戰神,1|11|14|10865,丁聖儒/蘇奕晉/錢肯尼/謝銘駿,2,3,3.0,49.84,0.83,00:50,24.92,0.42,00:25,0.0,0.0,0.0,0.0,2.0,1.0,66.67,86.68,1.0,0.5,33.33,43.34,0.0,0.0,0.0,0.0,0.0,0.0,0.0,0.0,0.0,0.0,0.0,0.0,1.0,0.5,33.33,43.34,0.0,0.0,0.0,0.0,0.0,0.0,0.0,0.0,0.0,0.0,0.0,0.0,0.0,0.0,0.0,0.0,1.0,0.5,33.33,43.34,0.0,0.0,0.0,0.0,0.0,0.0,0.0,0.0,1.0,0.5,33.33,43.34,0.0,0.0,0.0,0.0,1.0,0.5,33.33,43.34,0.0,0.0,0.0,0.0,0.0,0.0,0.0,0.0,0.0,0.0,0.0,0.0,0.0,66.67,-66.67,86.68,-2.0,-1.0,-66.67,0.83,0.42,0.0,0.0,,0.0,,0.5,,,1.0,1.0,33.33,0.0,0.0,0.0,0.0
4,臺北台新戰神,10|11|14|10865,雷蒙恩/蘇奕晉/錢肯尼/謝銘駿,1,1,1.0,20.0,0.33,00:20,20.0,0.33,00:20,0.0,0.0,0.0,0.0,0.0,0.0,0.0,0.0,1.0,1.0,100.0,108.0,0.0,0.0,0.0,0.0,0.0,0.0,0.0,0.0,0.0,0.0,0.0,0.0,1.0,1.0,100.0,108.0,0.0,0.0,0.0,0.0,0.0,0.0,0.0,0.0,0.0,0.0,0.0,0.0,0.0,0.0,0.0,0.0,1.0,1.0,100.0,108.0,0.0,0.0,0.0,0.0,0.0,0.0,0.0,0.0,0.0,0.0,0.0,0.0,0.0,0.0,0.0,0.0,0.0,0.0,0.0,0.0,0.0,0.0,0.0,0.0,0.0,0.0,0.0,0.0,0.0,0.0,0.0,0.0,0.0,0.0,0.0,72.0,0.0,0.0,0.0,0.33,0.33,0.0,0.0,,0.0,,0.0,,,1.0,1.0,0.0,0.0,0.0,0.0,0.0
4,高雄全家海神,51|116|118|123,克力斯/呂威霆/蘇文儒/勤明慶,1,1,1.0,20.0,0.33,00:20,20.0,0.33,00:20,0.0,0.0,0.0,0.0,0.0,0.0,0.0,0.0,0.0,0.0,0.0,0.0,0.0,0.0,0.0,0.0,0.0,0.0,0.0,0.0,0.0,0.0,0.0,0.0,0.0,0.0,0.0,0.0,0.0,0.0,0.0,0.0,0.0,0.0,0.0,0.0,0.0,0.0,0.0,0.0,0.0,0.0,0.0,0.0,0.0,0.0,0.0,0.0,0.0,0.0,0.0,0.0,1.0,1.0,100.0,108.0,0.0,0.0,0.0,0.0,0.0,0.0,0.0,0.0,0.0,0.0,0.0,0.0,0.0,0.0,0.0,0.0,0.0,0.0,0.0,0.0,0.0,0.0,0.0,0.0,0.0,0.0,0.0,72.0,0.0,0.0,0.0,0.33,0.33,,,,,,,,0.0,,0.0,0.0,0.0,0.0,0.0,
4,高雄全家海神,51|116|122|123,克力斯/呂威霆/陳懷安/勤明慶,1,1,1.0,20.0,0.33,00:20,20.0,0.33,00:20,0.0,0.0,0.0,0.0,0.0,0.0,0.0,0.0,0.0,0.0,0.0,0.0,0.0,0.0,0.0,0.0,0.0,0.0,0.0,0.0,0.0,0.0,0.0,0.0,0.0,0.0,0.0,0.0,0.0,0.0,0.0,0.0,0.0,0.0,0.0,0.0,0.0,0.0,0.0,0.0,0.0,0.0,0.0,0.0,0.0,0.0,0.0,0.0,0.0,0.0,0.0,0.0,1.0,1.0,100.0,108.0,0.0,0.0,0.0,0.0,0.0,0.0,0.0,0.0,0.0,0.0,0.0,0.0,0.0,0.0,0.0,0.0,0.0,0.0,0.0,0.0,0.0,0.0,0.0,0.0,0.0,0.0,0.0,72.0,0.0,0.0,0.0,0.33,0.33,,,,,,,,0.0,,0.0,0.0,0.0,0.0,0.0,
4,高雄全家海神,51|118|122|123,克力斯/蘇文儒/陳懷安/勤明慶,1,1,1.0,20.0,0.33,00:20,20.0,0.33,00:20,0.0,0.0,0.0,0.0,0.0,0.0,0.0,0.0,0.0,0.0,0.0,0.0,0.0,0.0,0.0,0.0,0.0,0.0,0.0,0.0,0.0,0.0,0.0,0.0,0.0,0.0,0.0,0.0,0.0,0.0,0.0,0.0,0.0,0.0,0.0,0.0,0.0,0.0,0.0,0.0,0.0,0.0,0.0,0.0,0.0,0.0,0.0,0.0,0.0,0.0,0.0,0.0,1.0,1.0,100.0,108.0,0.0,0.0,0.0,0.0,0.0,0.0,0.0,0.0,0.0,0.0,0.0,0.0,0.0,0.0,0.0,0.0,0.0,0.0,0.0,0.0,0.0,0.0,0.0,0.0,0.0,0.0,0.0,72.0,0.0,0.0,0.0,0.33,0.33,,,,,,,,0.0,,0.0,0.0,0.0,0.0,0.0,
4,高雄全家海神,51|110|118|122,克力斯/胡瓏貿/蘇文儒/陳懷安,2,5,5.0,126.74,2.11,02:07,63.37,1.06,01:03,4.0,2.0,80.0,68.17,1.0,0.5,20.0,17.04,3.0,1.5,60.0,51.13,2.0,1.0,40.0,34.09,2.0,1.0,40.0,34.09,2.0,1.0,40.0,34.09,1.0,0.5,20.0,17.04,0.0,0.0,0.0,0.0,0.0,0.0,0.0,0.0,0.0,0.0,0.0,0.0,0.0,0.0,0.0,0.0,1.0,0.5,20.0,17.04,0.0,0.0,0.0,0.0,1.0,0.5,20.0,17.04,0.0,0.0,0.0,0.0,1.0,0.5,20.0,17.04,0.0,0.0,0.0,0.0,0.0,0.0,0.0,0.0,0.0,0.0,0.0,0.0,2.0,1.0,40.0,34.09,80.0,20.0,60.0,56.81,3.0,1.5,60.0,2.11,1.06,0.67,0.67,1.0,0.0,,0.0,0.5,0.0,1.0,0.5,0.0,0.0,0.0,40.0,0.0
4,高雄全家海神,110|118|122|12908,胡瓏貿/蘇文儒/陳懷安/布里茲克,3,13,15.0,251.83,4.2,04:12,83.94,1.4,01:24,5.0,1.67,33.33,42.89,2.0,0.67,13.33,17.15,7.0,2.33,46.67,60.04,2.0,0.67,13.33,17.15,5.0,1.67,33.33,42.89,2.0,0.67,13.33,17.15,2.0,0.67,13.33,17.15,0.0,0.0,0.0,0.0,1.0,0.33,6.67,8.58,1.0,0.33,6.67,8.58,2.0,0.67,13.33,17.15,3.0,1.0,20.0,25.73,0.0,0.0,0.0,0.0,3.0,1.0,20.0,25.73,1.0,0.33,6.67,8.58,1.0,0.33,6.67,8.58,1.0,0.33,6.67,8.58,0.0,0.0,0.0,0.0,1.0,0.33,6.67,8.58,4.0,1.33,26.67,34.31,33.33,13.33,20.0,85.77,3.0,1.0,20.0,4.2,1.4,0.29,0.34,0.4,0.0,1.0,0.12,0.5,0.4,1.0,0.62,6.67,0.0,0.07,26.67,0.14
4,高雄全家海神,45|51|118|121,施晉堯/克力斯/蘇文儒/吳曉謹,3,31,39.0,609.57,10.16,10:10,203.19,3.39,03:23,11.0,3.67,28.21,38.98,17.0,5.67,43.59,60.24,16.0,5.33,41.03,56.7,4.0,1.33,10.26,14.17,10.0,3.33,25.64,35.43,2.0,0.67,5.13,7.09,6.0,2.0,15.38,21.26,2.0,0.67,5.13,7.09,2.0,0.67,5.13,7.09,1.0,0.33,2.56,3.54,3.0,1.0,7.69,10.63,9.0,3.0,23.08,31.89,4.0,1.33,10.26,14.17,6.0,2.0,15.38,21.26,3.0,1.0,7.69,10.63,1.0,0.33,2.56,3.54,2.0,0.67,5.13,7.09,1.0,0.33,2.56,3.54,1.0,0.33,2.56,3.54,4.0,1.33,10.26,14.17,28.21,43.59,-15.38,92.13,-6.0,-2.0,-15.38,10.16,3.39,0.31,0.33,0.2,0.33,0.5,0.15,0.25,0.33,0.69,0.55,5.13,2.56,0.03,10.26,0.12
4,高雄全家海神,51|118|121|12908,克力斯/蘇文儒/吳曉謹/布里茲克,2,16,20.0,277.41,4.62,04:37,138.7,2.31,02:19,8.0,4.0,40.0,62.29,9.0,4.5,45.0,70.08,6.0,3.0,30.0,46.72,2.0,1.0,10.0,15.57,2.0,1.0,10.0,15.57,0.0,0.0,0.0,0.0,4.0,2.0,20.0,31.15,2.0,1.0,10.0,15.57,2.0,1.0,10.0,15.57,2.0,1.0,10.0,15.57,1.0,0.5,5.0,7.79,3.0,1.5,15.0,23.36,1.0,0.5,5.0,7.79,3.0,1.5,15.0,23.36,3.0,1.5,15.0,23.36,1.0,0.5,5.0,7.79,1.0,0.5,5.0,7.79,0.0,0.0,0.0,0.0,1.0,0.5,5.0,7.79,4.0,2.0,20.0,31.15,40.0,45.0,-5.0,103.82,-1.0,-0.5,-5.0,4.62,2.31,0.5,0.58,0.0,0.5,1.0,0.3,0.5,0.25,0.75,0.5,5.0,0.0,0.05,20.0,0.33
4,高雄全家海神,51|118|121|122,克力斯/蘇文儒/吳曉謹/陳懷安,4,15,16.0,224.71,3.75,03:45,56.18,0.94,00:56,8.0,2.0,50.0,76.9,12.0,3.0,75.0,115.35,5.0,1.25,31.25,48.06,2.0,0.5,12.5,19.23,2.0,0.5,12.5,19.23,0.0,0.0,0.0,0.0,3.0,0.75,18.75,28.84,2.0,0.5,12.5,19.23,2.0,0.5,12.5,19.23,2.0,0.5,12.5,19.23,0.0,0.0,0.0,0.0,2.0,0.5,12.5,19.23,1.0,0.25,6.25,9.61,0.0,0.0,0.0,0.0,4.0,1.0,25.0,38.45,2.0,0.5,12.5,19.23,1.0,0.25,6.25,9.61,0.0,0.0,0.0,0.0,2.0,0.5,12.5,19.23,6.0,1.5,37.5,57.68,50.0,75.0,-25.0,102.53,-4.0,-1.0,-25.0,3.75,0.94,0.6,0.68,0.0,0.67,1.0,0.4,1.0,,0.67,0.67,6.25,0.0,0.12,37.5,0.4
4,高雄全家海神,118|121|122|12908,蘇文儒/吳曉謹/陳懷安/布里茲克,1,1,1.0,5.17,0.09,00:05,5.17,0.09,00:05,0.0,0.0,0.0,0.0,0.0,0.0,0.0,0.0,0.0,0.0,0.0,0.0,0.0,0.0,0.0,0.0,0.0,0.0,0.0,0.0,0.0,0.0,0.0,0.0,0.0,0.0,0.0,0.0,0.0,0.0,0.0,0.0,0.0,0.0,0.0,0.0,0.0,0.0,0.0,0.0,0.0,0.0,0.0,0.0,0.0,0.0,0.0,0.0,0.0,0.0,0.0,0.0,0.0,0.0,0.0,0.0,1.0,1.0,100.0,417.88,0.0,0.0,0.0,0.0,0.0,0.0,0.0,0.0,0.0,0.0,0.0,0.0,0.0,0.0,0.0,0.0,0.0,0.0,0.0,0.0,0.0,0.0,0.0,278.58,0.0,0.0,0.0,0.09,0.09,,,,,,1.0,,,,,0.0,0.0,0.0,0.0,
4,高雄全家海神,51|110|118|13275,克力斯/胡瓏貿/蘇文儒/吳彥侖,4,215,258.0,3691.94,61.53,61:32,922.98,15.38,15:23,103.0,25.75,39.92,60.26,118.0,29.5,45.74,69.04,103.0,25.75,39.92,60.26,42.0,10.5,16.28,24.57,65.0,16.25,25.19,38.03,29.0,7.25,11.24,16.97,38.0,9.5,14.73,22.23,13.0,3.25,5.04,7.61,8.0,2.0,3.1,4.68,6.0,1.5,2.33,3.51,17.0,4.25,6.59,9.95,45.0,11.25,17.44,26.33,13.0,3.25,5.04,7.61,42.0,10.5,16.28,24.57,17.0,4.25,6.59,9.95,24.0,6.0,9.3,14.04,11.0,2.75,4.26,6.44,11.0,2.75,4.26,6.44,21.0,5.25,8.14,12.29,12.0,3.0,4.65,7.02,39.92,45.74,-5.81,100.63,-15.0,-3.75,-5.81,61.53,15.38,0.47,0.48,0.45,0.34,0.75,0.14,0.57,0.29,0.78,0.53,4.26,4.26,0.08,4.65,0.08
4,高雄全家海神,51|110|12908|13275,克力斯/胡瓏貿/布里茲克/吳彥侖,7,309,367.0,5207.13,86.79,86:47,743.88,12.4,12:24,155.0,22.14,42.23,64.3,164.0,23.43,44.69,68.03,145.0,20.71,39.51,60.15,62.0,8.86,16.89,25.72,85.0,12.14,23.16,35.26,46.0,6.57,12.53,19.08,60.0,8.57,16.35,24.89,16.0,2.29,4.36,6.64,19.0,2.71,5.18,7.88,15.0,2.14,4.09,6.22,23.0,3.29,6.27,9.54,63.0,9.0,17.17,26.13,20.0,2.86,5.45,8.3,54.0,7.71,14.71,22.4,23.0,3.29,6.27,9.54,29.0,4.14,7.9,12.03,15.0,2.14,4.09,6.22,12.0,1.71,3.27,4.98,31.0,4.43,8.45,12.86,21.0,3.0,5.72,8.71,42.23,44.69,-2.45,101.49,-9.0,-1.29,-2.45,86.79,12.4,0.48,0.51,0.54,0.27,0.79,0.13,0.47,0.3,0.76,0.54,4.09,3.27,0.08,5.72,0.13
4,高雄全家海神,51|118|12908|13275,克力斯/蘇文儒/布里茲克/吳彥侖,3,193,235.0,3343.17,55.72,55:43,1114.39,18.57,18:34,91.0,30.33,38.72,58.79,107.0,35.67,45.53,69.13,88.0,29.33,37.45,56.86,36.0,12.0,15.32,23.26,53.0,17.67,22.55,34.24,25.0,8.33,10.64,16.15,35.0,11.67,14.89,22.61,11.0,3.67,4.68,7.11,10.0,3.33,4.26,6.46,8.0,2.67,3.4,5.17,16.0,5.33,6.81,10.34,37.0,12.33,15.74,23.91,14.0,4.67,5.96,9.05,37.0,12.33,15.74,23.91,19.0,6.33,8.09,12.28,21.0,7.0,8.94,13.57,12.0,4.0,5.11,7.75,10.0,3.33,4.26,6.46,21.0,7.0,8.94,13.57,12.0,4.0,5.11,7.75,38.72,45.53,-6.81,101.22,-16.0,-5.33,-6.81,55.72,18.57,0.47,0.49,0.47,0.31,0.8,0.17,0.58,0.3,0.73,0.51,5.11,4.26,0.09,5.11,0.11
4,高雄全家海神,110|118|12908|13275,胡瓏貿/蘇文儒/布里茲克/吳彥侖,3,195,237.0,3353.03,55.88,55:53,1117.68,18.63,18:38,90.0,30.0,37.97,57.98,110.0,36.67,46.41,70.86,88.0,29.33,37.13,56.69,35.0,11.67,14.77,22.55,56.0,18.67,23.63,36.07,25.0,8.33,10.55,16.1,32.0,10.67,13.5,20.61,10.0,3.33,4.22,6.44,12.0,4.0,5.06,7.73,10.0,3.33,4.22,6.44,15.0,5.0,6.33,9.66,39.0,13.0,16.46,25.12,14.0,4.67,5.91,9.02,37.0,12.33,15.61,23.84,20.0,6.67,8.44,12.88,19.0,6.33,8.02,12.24,13.0,4.33,5.49,8.37,11.0,3.67,4.64,7.09,20.0,6.67,8.44,12.88,14.0,4.67,5.91,9.02,37.97,46.41,-8.44,101.78,-20.0,-6.67,-8.44,55.88,18.63,0.45,0.48,0.45,0.31,0.83,0.18,0.54,0.29,0.74,0.51,5.49,4.64,0.08,5.91,0.14
4,高雄全家海神,118|123|12668|13275,蘇文儒/勤明慶/歐提斯/吳彥侖,2,27,36.0,439.58,7.33,07:20,219.79,3.66,03:40,12.0,6.0,33.33,58.97,9.0,4.5,25.0,44.22,11.0,5.5,30.56,54.05,3.0,1.5,8.33,14.74,5.0,2.5,13.89,24.57,1.0,0.5,2.78,4.91,6.0,3.0,16.67,29.48,2.0,1.0,5.56,9.83,5.0,2.5,13.89,24.57,4.0,2.0,11.11,19.66,1.0,0.5,2.78,4.91,8.0,4.0,22.22,39.31,3.0,1.5,8.33,14.74,4.0,2.0,11.11,19.66,3.0,1.5,8.33,14.74,3.0,1.5,8.33,14.74,0.0,0.0,0.0,0.0,1.0,0.5,2.78,4.91,3.0,1.5,8.33,14.74,2.0,1.0,5.56,9.83,33.33,25.0,8.33,117.93,3.0,1.5,8.33,7.33,3.66,0.36,0.45,0.2,0.33,0.8,0.19,1.0,0.2,0.73,0.56,0.0,2.78,0.08,5.56,0.45
4,高雄全家海神,118|123|12908|13275,蘇文儒/勤明慶/布里茲克/吳彥侖,2,38,49.0,581.21,9.69,09:41,290.6,4.84,04:51,16.0,8.0,32.65,59.46,15.0,7.5,30.61,55.75,13.0,6.5,26.53,48.31,4.0,2.0,8.16,14.87,7.0,3.5,14.29,26.01,2.0,1.0,4.08,7.43,6.0,3.0,12.24,22.3,2.0,1.0,4.08,7.43,7.0,3.5,14.29,26.01,6.0,3.0,12.24,22.3,1.0,0.5,2.04,3.72,9.0,4.5,18.37,33.45,4.0,2.0,8.16,14.87,6.0,3.0,12.24,22.3,7.0,3.5,14.29,26.01,3.0,1.5,6.12,11.15,3.0,1.5,6.12,11.15,2.0,1.0,4.08,7.43,3.0,1.5,6.12,11.15,6.0,3.0,12.24,22.3,32.65,30.61,2.04,121.4,1.0,0.5,2.04,9.69,4.84,0.38,0.5,0.29,0.33,0.86,0.3,0.75,0.14,0.69,0.5,6.12,4.08,0.06,12.24,0.54
4,高雄全家海神,118|12668|12908|13275,蘇文儒/歐提斯/布里茲克/吳彥侖,2,27,36.0,439.58,7.33,07:20,219.79,3.66,03:40,12.0,6.0,33.33,58.97,9.0,4.5,25.0,44.22,11.0,5.5,30.56,54.05,3.0,1.5,8.33,14.74,5.0,2.5,13.89,24.57,1.0,0.5,2.78,4.91,6.0,3.0,16.67,29.48,2.0,1.0,5.56,9.83,5.0,2.5,13.89,24.57,4.0,2.0,11.11,19.66,1.0,0.5,2.78,4.91,8.0,4.0,22.22,39.31,3.0,1.5,8.33,14.74,4.0,2.0,11.11,19.66,3.0,1.5,8.33,14.74,3.0,1.5,8.33,14.74,0.0,0.0,0.0,0.0,1.0,0.5,2.78,4.91,3.0,1.5,8.33,14.74,2.0,1.0,5.56,9.83,33.33,25.0,8.33,117.93,3.0,1.5,8.33,7.33,3.66,0.36,0.45,0.2,0.33,0.8,0.19,1.0,0.2,0.73,0.56,0.0,2.78,0.08,5.56,0.45
4,高雄全家海神,123|12668|12908|13275,勤明慶/歐提斯/布里茲克/吳彥侖,2,27,36.0,439.58,7.33,07:20,219.79,3.66,03:40,12.0,6.0,33.33,58.97,9.0,4.5,25.0,44.22,11.0,5.5,30.56,54.05,3.0,1.5,8.33,14.74,5.0,2.5,13.89,24.57,1.0,0.5,2.78,4.91,6.0,3.0,16.67,29.48,2.0,1.0,5.56,9.83,5.0,2.5,13.89,24.57,4.0,2.0,11.11,19.66,1.0,0.5,2.78,4.91,8.0,4.0,22.22,39.31,3.0,1.5,8.33,14.74,4.0,2.0,11.11,19.66,3.0,1.5,8.33,14.74,3.0,1.5,8.33,14.74,0.0,0.0,0.0,0.0,1.0,0.5,2.78,4.91,3.0,1.5,8.33,14.74,2.0,1.0,5.56,9.83,33.33,25.0,8.33,117.93,3.0,1.5,8.33,7.33,3.66,0.36,0.45,0.2,0.33,0.8,0.19,1.0,0.2,0.73,0.56,0.0,2.78,0.08,5.56,0.45
4,新竹御嵿攻城獅,76|82|87|10862,曾柏喻/蕭順議/蔡宸綱/提傑,1,6,7.0,120.25,2.0,02:00,120.25,2.0,02:00,4.0,4.0,57.14,71.85,2.0,2.0,28.57,35.93,2.0,2.0,28.57,35.93,2.0,2.0,28.57,35.93,2.0,2.0,28.57,35.93,2.0,2.0,28.57,35.93,0.0,0.0,0.0,0.0,0.0,0.0,0.0,0.0,0.0,0.0,0.0,0.0,0.0,0.0,0.0,0.0,0.0,0.0,0.0,0.0,0.0,0.0,0.0,0.0,0.0,0.0,0.0,0.0,3.0,3.0,42.86,53.89,1.0,1.0,14.29,17.96,0.0,0.0,0.0,0.0,1.0,1.0,14.29,17.96,0.0,0.0,0.0,0.0,1.0,1.0,14.29,17.96,1.0,1.0,14.29,17.96,57.14,28.57,28.57,83.83,2.0,2.0,28.57,2.0,2.0,1.0,1.0,1.0,,,0.33,0.0,0.0,,0.0,14.29,0.0,0.14,14.29,0.0
4,新竹御嵿攻城獅,80|82|87|10862,田浩/蕭順議/蔡宸綱/提傑,1,4,5.0,89.04,1.48,01:29,89.04,1.48,01:29,0.0,0.0,0.0,0.0,4.0,4.0,80.0,97.03,1.0,1.0,20.0,24.26,0.0,0.0,0.0,0.0,0.0,0.0,0.0,0.0,0.0,0.0,0.0,0.0,1.0,1.0,20.0,24.26,0.0,0.0,0.0,0.0,0.0,0.0,0.0,0.0,0.0,0.0,0.0,0.0,0.0,0.0,0.0,0.0,1.0,1.0,20.0,24.26,1.0,1.0,20.0,24.26,0.0,0.0,0.0,0.0,1.0,1.0,20.0,24.26,0.0,0.0,0.0,0.0,0.0,0.0,0.0,0.0,0.0,0.0,0.0,0.0,0.0,0.0,0.0,0.0,1.0,1.0,20.0,24.26,0.0,80.0,-80.0,80.86,-4.0,-4.0,-80.0,1.48,1.48,0.0,0.0,,0.0,,0.5,,,0.5,0.5,0.0,0.0,0.0,20.0,0.0
4,新竹御嵿攻城獅,80|82|87|10887,田浩/蕭順議/蔡宸綱/德魯,1,4,5.0,89.04,1.48,01:29,89.04,1.48,01:29,0.0,0.0,0.0,0.0,4.0,4.0,80.0,97.03,1.0,1.0,20.0,24.26,0.0,0.0,0.0,0.0,0.0,0.0,0.0,0.0,0.0,0.0,0.0,0.0,1.0,1.0,20.0,24.26,0.0,0.0,0.0,0.0,0.0,0.0,0.0,0.0,0.0,0.0,0.0,0.0,0.0,0.0,0.0,0.0,1.0,1.0,20.0,24.26,1.0,1.0,20.0,24.26,0.0,0.0,0.0,0.0,1.0,1.0,20.0,24.26,0.0,0.0,0.0,0.0,0.0,0.0,0.0,0.0,0.0,0.0,0.0,0.0,0.0,0.0,0.0,0.0,1.0,1.0,20.0,24.26,0.0,80.0,-80.0,80.86,-4.0,-4.0,-80.0,1.48,1.48,0.0,0.0,,0.0,,0.5,,,0.5,0.5,0.0,0.0,0.0,20.0,0.0
4,新竹御嵿攻城獅,80|87|10862|10887,田浩/蔡宸綱/提傑/德魯,3,28,35.0,483.04,8.05,08:03,161.01,2.68,02:41,5.0,1.67,14.29,22.36,16.0,5.33,45.71,71.55,12.0,4.0,34.29,53.66,2.0,0.67,5.71,8.94,1.0,0.33,2.86,4.47,1.0,0.33,2.86,4.47,11.0,3.67,31.43,49.19,1.0,0.33,2.86,4.47,0.0,0.0,0.0,0.0,0.0,0.0,0.0,0.0,1.0,0.33,2.86,4.47,9.0,3.0,25.71,40.24,4.0,1.33,11.43,17.89,5.0,1.67,14.29,22.36,3.0,1.0,8.57,13.41,2.0,0.67,5.71,8.94,1.0,0.33,2.86,4.47,0.0,0.0,0.0,0.0,1.0,0.33,2.86,4.47,1.0,0.33,2.86,4.47,14.29,45.71,-31.43,104.34,-11.0,-3.67,-31.43,8.05,2.68,0.21,0.21,1.0,0.09,,0.2,1.0,0.17,0.69,0.53,2.86,0.0,0.03,2.86,0.0
4,高雄全家海神,51|108|118|121,克力斯/魏莨哲/蘇文儒/吳曉謹,3,19,20.0,269.0,4.48,04:29,89.67,1.49,01:30,9.0,3.0,45.0,72.27,11.0,3.67,55.0,88.33,8.0,2.67,40.0,64.24,4.0,1.33,20.0,32.12,5.0,1.67,25.0,40.15,3.0,1.0,15.0,24.09,3.0,1.0,15.0,24.09,1.0,0.33,5.0,8.03,1.0,0.33,5.0,8.03,1.0,0.33,5.0,8.03,1.0,0.33,5.0,8.03,3.0,1.0,15.0,24.09,0.0,0.0,0.0,0.0,5.0,1.67,25.0,40.15,3.0,1.0,15.0,24.09,2.0,0.67,10.0,16.06,3.0,1.0,15.0,24.09,0.0,0.0,0.0,0.0,1.0,0.33,5.0,8.03,0.0,0.0,0.0,0.0,45.0,55.0,-10.0,107.06,-2.0,-0.67,-10.0,4.48,1.49,0.56,0.53,0.6,0.33,1.0,0.26,0.5,0.17,1.0,0.44,15.0,0.0,0.05,0.0,0.12
4,高雄全家海神,51|108|118|12668,克力斯/魏莨哲/蘇文儒/歐提斯,1,3,4.0,51.0,0.85,00:51,51.0,0.85,00:51,4.0,4.0,100.0,169.41,0.0,0.0,0.0,0.0,3.0,3.0,75.0,127.06,2.0,2.0,50.0,84.71,3.0,3.0,75.0,127.06,2.0,2.0,50.0,84.71,0.0,0.0,0.0,0.0,0.0,0.0,0.0,0.0,1.0,1.0,25.0,42.35,1.0,1.0,25.0,42.35,1.0,1.0,25.0,42.35,0.0,0.0,0.0,0.0,0.0,0.0,0.0,0.0,1.0,1.0,25.0,42.35,0.0,0.0,0.0,0.0,0.0,0.0,0.0,0.0,0.0,0.0,0.0,0.0,0.0,0.0,0.0,0.0,1.0,1.0,25.0,42.35,0.0,0.0,0.0,0.0,100.0,0.0,100.0,112.94,4.0,4.0,100.0,0.85,0.85,0.67,0.58,0.67,,1.0,0.0,0.0,0.5,,0.5,0.0,0.0,0.25,0.0,0.33
4,高雄全家海神,51|108|121|12668,克力斯/魏莨哲/吳曉謹/歐提斯,2,23,30.0,402.31,6.71,06:42,201.15,3.35,03:21,11.0,5.5,36.67,59.06,11.0,5.5,36.67,59.06,13.0,6.5,43.33,69.8,5.0,2.5,16.67,26.85,10.0,5.0,33.33,53.69,5.0,2.5,16.67,26.85,3.0,1.5,10.0,16.11,0.0,0.0,0.0,0.0,1.0,0.5,3.33,5.37,1.0,0.5,3.33,5.37,4.0,2.0,13.33,21.48,4.0,2.0,13.33,21.48,2.0,1.0,6.67,10.74,5.0,2.5,16.67,26.85,2.0,1.0,6.67,10.74,2.0,1.0,6.67,10.74,2.0,1.0,6.67,10.74,0.0,0.0,0.0,0.0,1.0,0.5,3.33,5.37,3.0,1.5,10.0,16.11,36.67,36.67,0.0,107.38,0.0,0.0,0.0,6.71,3.35,0.38,0.41,0.5,0.0,1.0,0.13,0.4,0.44,0.67,0.53,6.67,0.0,0.03,10.0,0.08
4,高雄全家海神,51|118|121|12668,克力斯/蘇文儒/吳曉謹/歐提斯,2,12,15.0,212.17,3.54,03:32,106.09,1.77,01:46,12.0,6.0,80.0,122.16,7.0,3.5,46.67,71.26,6.0,3.0,40.0,61.08,3.0,1.5,20.0,30.54,4.0,2.0,26.67,40.72,2.0,1.0,13.33,20.36,2.0,1.0,13.33,20.36,1.0,0.5,6.67,10.18,7.0,3.5,46.67,71.26,6.0,3.0,40.0,61.08,1.0,0.5,6.67,10.18,1.0,0.5,6.67,10.18,0.0,0.0,0.0,0.0,2.0,1.0,13.33,20.36,1.0,0.5,6.67,10.18,1.0,0.5,6.67,10.18,1.0,0.5,6.67,10.18,0.0,0.0,0.0,0.0,5.0,2.5,33.33,50.9,1.0,0.5,6.67,10.18,80.0,46.67,33.33,101.8,5.0,2.5,33.33,3.54,1.77,0.58,0.66,0.5,0.5,0.86,0.1,0.33,0.33,1.0,0.5,6.67,0.0,0.33,6.67,1.17
4,高雄全家海神,108|118|121|12668,魏莨哲/蘇文儒/吳曉謹/歐提斯,1,3,4.0,51.0,0.85,00:51,51.0,0.85,00:51,4.0,4.0,100.0,169.41,0.0,0.0,0.0,0.0,3.0,3.0,75.0,127.06,2.0,2.0,50.0,84.71,3.0,3.0,75.0,127.06,2.0,2.0,50.0,84.71,0.0,0.0,0.0,0.0,0.0,0.0,0.0,0.0,1.0,1.0,25.0,42.35,1.0,1.0,25.0,42.35,1.0,1.0,25.0,42.35,0.0,0.0,0.0,0.0,0.0,0.0,0.0,0.0,1.0,1.0,25.0,42.35,0.0,0.0,0.0,0.0,0.0,0.0,0.0,0.0,0.0,0.0,0.0,0.0,0.0,0.0,0.0,0.0,1.0,1.0,25.0,42.35,0.0,0.0,0.0,0.0,100.0,0.0,100.0,112.94,4.0,4.0,100.0,0.85,0.85,0.67,0.58,0.67,,1.0,0.0,0.0,0.5,,0.5,0.0,0.0,0.25,0.0,0.33
4,高雄全家海神,51|108|121|122,克力斯/魏莨哲/吳曉謹/陳懷安,2,20,26.0,351.31,5.86,05:51,175.65,2.93,02:56,7.0,3.5,26.92,43.04,11.0,5.5,42.31,67.63,10.0,5.0,38.46,61.48,3.0,1.5,11.54,18.45,7.0,3.5,26.92,43.04,3.0,1.5,11.54,18.45,3.0,1.5,11.54,18.45,0.0,0.0,0.0,0.0,0.0,0.0,0.0,0.0,0.0,0.0,0.0,0.0,3.0,1.5,11.54,18.45,4.0,2.0,15.38,24.59,2.0,1.0,7.69,12.3,4.0,2.0,15.38,24.59,2.0,1.0,7.69,12.3,2.0,1.0,7.69,12.3,2.0,1.0,7.69,12.3,0.0,0.0,0.0,0.0,0.0,0.0,0.0,0.0,3.0,1.5,11.54,18.45,26.92,42.31,-15.38,106.57,-4.0,-2.0,-15.38,5.86,2.93,0.3,0.35,0.43,0.0,,0.17,0.67,0.43,0.67,0.54,7.69,0.0,0.0,11.54,0.0
4,高雄全家海神,51|108|122|12668,克力斯/魏莨哲/陳懷安/歐提斯,3,22,28.0,352.08,5.87,05:52,117.36,1.96,01:57,9.0,3.0,32.14,55.21,11.0,3.67,39.29,67.48,10.0,3.33,35.71,61.35,3.0,1.0,10.71,18.4,7.0,2.33,25.0,42.94,3.0,1.0,10.71,18.4,3.0,1.0,10.71,18.4,0.0,0.0,0.0,0.0,2.0,0.67,7.14,12.27,2.0,0.67,7.14,12.27,3.0,1.0,10.71,18.4,4.0,1.33,14.29,24.54,2.0,0.67,7.14,12.27,4.0,1.33,14.29,24.54,2.0,0.67,7.14,12.27,2.0,0.67,7.14,12.27,2.0,0.67,7.14,12.27,0.0,0.0,0.0,0.0,0.0,0.0,0.0,0.0,3.0,1.0,10.71,18.4,32.14,39.29,-7.14,114.52,-2.0,-0.67,-7.14,5.87,1.96,0.3,0.41,0.43,0.0,1.0,0.16,0.67,0.43,0.67,0.54,7.14,0.0,0.0,10.71,0.2
4,高雄全家海神,51|121|122|12668,克力斯/吳曉謹/陳懷安/歐提斯,3,33,40.0,542.11,9.04,09:02,180.7,3.01,03:01,10.0,3.33,25.0,39.84,22.0,7.33,55.0,87.66,15.0,5.0,37.5,59.77,4.0,1.33,10.0,15.94,9.0,3.0,22.5,35.86,3.0,1.0,7.5,11.95,6.0,2.0,15.0,23.91,1.0,0.33,2.5,3.98,0.0,0.0,0.0,0.0,0.0,0.0,0.0,0.0,3.0,1.0,7.5,11.95,7.0,2.33,17.5,27.89,3.0,1.0,7.5,11.95,4.0,1.33,10.0,15.94,4.0,1.33,10.0,15.94,3.0,1.0,7.5,11.95,4.0,1.33,10.0,15.94,0.0,0.0,0.0,0.0,2.0,0.67,5.0,7.97,6.0,2.0,15.0,23.91,25.0,55.0,-30.0,106.25,-12.0,-4.0,-30.0,9.04,3.01,0.3,0.33,0.33,0.17,,0.21,0.75,0.43,0.7,0.59,10.0,0.0,0.05,15.0,0.0
4,高雄全家海神,108|121|122|12668,魏莨哲/吳曉謹/陳懷安/歐提斯,2,20,26.0,351.31,5.86,05:51,175.65,2.93,02:56,7.0,3.5,26.92,43.04,11.0,5.5,42.31,67.63,10.0,5.0,38.46,61.48,3.0,1.5,11.54,18.45,7.0,3.5,26.92,43.04,3.0,1.5,11.54,18.45,3.0,1.5,11.54,18.45,0.0,0.0,0.0,0.0,0.0,0.0,0.0,0.0,0.0,0.0,0.0,0.0,3.0,1.5,11.54,18.45,4.0,2.0,15.38,24.59,2.0,1.0,7.69,12.3,4.0,2.0,15.38,24.59,2.0,1.0,7.69,12.3,2.0,1.0,7.69,12.3,2.0,1.0,7.69,12.3,0.0,0.0,0.0,0.0,0.0,0.0,0.0,0.0,3.0,1.5,11.54,18.45,26.92,42.31,-15.38,106.57,-4.0,-2.0,-15.38,5.86,2.93,0.3,0.35,0.43,0.0,,0.17,0.67,0.43,0.67,0.54,7.69,0.0,0.0,11.54,0.0
4,新竹御嵿攻城獅,80|87|88|10862,田浩/蔡宸綱/盧冠軒/提傑,3,40,49.0,716.4,11.94,11:56,238.8,3.98,03:59,14.0,4.67,28.57,42.21,28.0,9.33,57.14,84.42,21.0,7.0,42.86,63.32,6.0,2.0,12.24,18.09,8.0,2.67,16.33,24.12,4.0,1.33,8.16,12.06,13.0,4.33,26.53,39.2,2.0,0.67,4.08,6.03,0.0,0.0,0.0,0.0,0.0,0.0,0.0,0.0,3.0,1.0,6.12,9.05,12.0,4.0,24.49,36.18,4.0,1.33,8.16,12.06,7.0,2.33,14.29,21.11,2.0,0.67,4.08,6.03,3.0,1.0,6.12,9.05,2.0,0.67,4.08,6.03,0.0,0.0,0.0,0.0,5.0,1.67,10.2,15.08,2.0,0.67,4.08,6.03,28.57,57.14,-28.57,98.49,-14.0,-4.67,-28.57,11.94,3.98,0.33,0.33,0.5,0.15,,0.09,0.5,0.3,0.75,0.58,4.08,0.0,0.1,4.08,0.0
4,新竹御嵿攻城獅,80|87|88|10887,田浩/蔡宸綱/盧冠軒/德魯,4,30,37.0,478.0,7.97,07:58,119.5,1.99,02:00,11.0,2.75,29.73,49.71,16.0,4.0,43.24,72.3,13.0,3.25,35.14,58.74,4.0,1.0,10.81,18.08,1.0,0.25,2.7,4.52,1.0,0.25,2.7,4.52,12.0,3.0,32.43,54.23,3.0,0.75,8.11,13.56,0.0,0.0,0.0,0.0,0.0,0.0,0.0,0.0,1.0,0.25,2.7,4.52,8.0,2.0,21.62,36.15,3.0,0.75,8.11,13.56,5.0,1.25,13.51,22.59,3.0,0.75,8.11,13.56,4.0,1.0,10.81,18.08,2.0,0.5,5.41,9.04,0.0,0.0,0.0,0.0,1.0,0.25,2.7,4.52,0.0,0.0,0.0,0.0,29.73,43.24,-13.51,111.46,-5.0,-1.25,-13.51,7.97,1.99,0.42,0.42,1.0,0.25,,0.19,1.0,0.17,0.73,0.53,5.41,0.0,0.03,0.0,0.0
4,新竹御嵿攻城獅,80|87|88|10888,田浩/蔡宸綱/盧冠軒/帕塞獅,2,26,28.0,468.28,7.8,07:48,234.14,3.9,03:54,17.0,8.5,60.71,78.42,22.0,11.0,78.57,101.48,11.0,5.5,39.29,50.74,6.0,3.0,21.43,27.68,6.0,3.0,21.43,27.68,3.0,1.5,10.71,13.84,5.0,2.5,17.86,23.06,3.0,1.5,10.71,13.84,2.0,1.0,7.14,9.23,2.0,1.0,7.14,9.23,1.0,0.5,3.57,4.61,4.0,2.0,14.29,18.45,0.0,0.0,0.0,0.0,2.0,1.0,7.14,9.23,2.0,1.0,7.14,9.23,3.0,1.5,10.71,13.84,2.0,1.0,7.14,9.23,0.0,0.0,0.0,0.0,3.0,1.5,10.71,13.84,2.0,1.0,7.14,9.23,60.71,78.57,-17.86,86.1,-5.0,-2.5,-17.86,7.8,3.9,0.68,0.72,0.5,0.6,1.0,0.14,0.5,0.33,1.0,0.71,7.14,0.0,0.11,7.14,0.18
4,新竹御嵿攻城獅,80|87|10862|10888,田浩/蔡宸綱/提傑/帕塞獅,2,21,23.0,404.17,6.74,06:44,202.08,3.37,03:22,12.0,6.0,52.17,64.13,12.0,6.0,52.17,64.13,10.0,5.0,43.48,53.44,5.0,2.5,21.74,26.72,7.0,3.5,30.43,37.41,3.0,1.5,13.04,16.03,3.0,1.5,13.04,16.03,2.0,1.0,8.7,10.69,0.0,0.0,0.0,0.0,0.0,0.0,0.0,0.0,1.0,0.5,4.35,5.34,4.0,2.0,17.39,21.38,0.0,0.0,0.0,0.0,5.0,2.5,21.74,26.72,2.0,1.0,8.7,10.69,2.0,1.0,8.7,10.69,0.0,0.0,0.0,0.0,0.0,0.0,0.0,0.0,4.0,2.0,17.39,21.38,3.0,1.5,13.04,16.03,52.17,52.17,0.0,81.95,0.0,0.0,0.0,6.74,3.37,0.6,0.6,0.43,0.67,,0.17,0.4,0.17,1.0,0.5,0.0,0.0,0.17,13.04,0.0
4,新竹御嵿攻城獅,80|88|10862|10888,田浩/盧冠軒/提傑/帕塞獅,3,21,23.0,381.47,6.36,06:21,127.16,2.12,02:07,16.0,5.33,69.57,90.6,7.0,2.33,30.43,39.64,12.0,4.0,52.17,67.95,7.0,2.33,30.43,39.64,8.0,2.67,34.78,45.3,5.0,1.67,21.74,28.31,4.0,1.33,17.39,22.65,2.0,0.67,8.7,11.32,0.0,0.0,0.0,0.0,0.0,0.0,0.0,0.0,2.0,0.67,8.7,11.32,3.0,1.0,13.04,16.99,0.0,0.0,0.0,0.0,5.0,1.67,21.74,28.31,1.0,0.33,4.35,5.66,2.0,0.67,8.7,11.32,0.0,0.0,0.0,0.0,1.0,0.33,4.35,5.66,4.0,1.33,17.39,22.65,2.0,0.67,8.7,11.32,69.57,30.43,39.13,86.82,9.0,3.0,39.13,6.36,2.12,0.67,0.67,0.62,0.5,,0.08,0.29,0.29,1.0,0.5,0.0,4.35,0.17,8.7,0.0
4,新竹御嵿攻城獅,87|88|10862|10888,蔡宸綱/盧冠軒/提傑/帕塞獅,10,135,150.0,2243.77,37.4,37:24,224.38,3.74,03:44,67.0,6.7,44.67,64.5,64.0,6.4,42.67,61.61,54.0,5.4,36.0,51.98,25.0,2.5,16.67,24.07,28.0,2.8,18.67,26.95,17.0,1.7,11.33,16.37,26.0,2.6,17.33,25.03,8.0,0.8,5.33,7.7,19.0,1.9,12.67,18.29,11.0,1.1,7.33,10.59,8.0,0.8,5.33,7.7,22.0,2.2,14.67,21.18,2.0,0.2,1.33,1.93,28.0,2.8,18.67,26.95,17.0,1.7,11.33,16.37,20.0,2.0,13.33,19.25,10.0,1.0,6.67,9.63,3.0,0.3,2.0,2.89,17.0,1.7,11.33,16.37,12.0,1.2,8.0,11.55,44.67,42.67,2.0,96.27,3.0,0.3,2.0,37.4,3.74,0.54,0.54,0.61,0.31,0.58,0.21,0.8,0.22,0.92,0.5,6.67,2.0,0.11,8.0,0.35
4,新竹御嵿攻城獅,76|87|88|10888,曾柏喻/蔡宸綱/盧冠軒/帕塞獅,7,58,64.0,908.4,15.14,15:08,129.77,2.16,02:10,25.0,3.57,39.06,59.45,35.0,5.0,54.69,83.22,20.0,2.86,31.25,47.56,7.0,1.0,10.94,16.64,7.0,1.0,10.94,16.64,5.0,0.71,7.81,11.89,13.0,1.86,20.31,30.91,2.0,0.29,3.12,4.76,12.0,1.71,18.75,28.53,8.0,1.14,12.5,19.02,4.0,0.57,6.25,9.51,10.0,1.43,15.62,23.78,0.0,0.0,0.0,0.0,13.0,1.86,20.31,30.91,8.0,1.14,12.5,19.02,5.0,0.71,7.81,11.89,4.0,0.57,6.25,9.51,0.0,0.0,0.0,0.0,11.0,1.57,17.19,26.16,4.0,0.57,6.25,9.51,39.06,54.69,-15.62,101.45,-10.0,-1.43,-15.62,15.14,2.16,0.4,0.49,0.71,0.15,0.67,0.24,0.71,0.24,1.0,0.52,6.25,0.0,0.17,6.25,0.6
4,新竹御嵿攻城獅,76|87|10862|10888,曾柏喻/蔡宸綱/提傑/帕塞獅,7,93,105.0,1355.65,22.59,22:36,193.66,3.23,03:14,41.0,5.86,39.05,65.33,43.0,6.14,40.95,68.51,35.0,5.0,33.33,55.77,15.0,2.14,14.29,23.9,18.0,2.57,17.14,28.68,11.0,1.57,10.48,17.53,17.0,2.43,16.19,27.09,4.0,0.57,3.81,6.37,13.0,1.86,12.38,20.71,7.0,1.0,6.67,11.15,7.0,1.0,6.67,11.15,15.0,2.14,14.29,23.9,2.0,0.29,1.9,3.19,19.0,2.71,18.1,30.27,14.0,2.0,13.33,22.31,9.0,1.29,8.57,14.34,6.0,0.86,5.71,9.56,0.0,0.0,0.0,0.0,14.0,2.0,13.33,22.31,14.0,2.0,13.33,22.31,39.05,40.95,-1.9,111.53,-2.0,-0.29,-1.9,22.59,3.23,0.49,0.5,0.61,0.24,0.54,0.26,0.6,0.27,0.88,0.51,5.71,0.0,0.13,13.33,0.37
4,高雄全家海神,110|118|123|13275,胡瓏貿/蘇文儒/勤明慶/吳彥侖,2,11,13.0,141.63,2.36,02:22,70.82,1.18,01:11,4.0,2.0,30.77,61.0,6.0,3.0,46.15,91.5,2.0,1.0,15.38,30.5,1.0,0.5,7.69,15.25,2.0,1.0,15.38,30.5,1.0,0.5,7.69,15.25,0.0,0.0,0.0,0.0,0.0,0.0,0.0,0.0,2.0,1.0,15.38,30.5,2.0,1.0,15.38,30.5,0.0,0.0,0.0,0.0,1.0,0.5,7.69,15.25,1.0,0.5,7.69,15.25,2.0,1.0,15.38,30.5,4.0,2.0,30.77,61.0,0.0,0.0,0.0,0.0,3.0,1.5,23.08,45.75,1.0,0.5,7.69,15.25,0.0,0.0,0.0,0.0,4.0,2.0,30.77,61.0,30.77,46.15,-15.38,132.17,-2.0,-1.0,-15.38,2.36,1.18,0.5,0.69,0.5,,1.0,0.58,0.0,0.0,0.5,0.25,23.08,7.69,0.0,30.77,1.0
4,高雄全家海神,110|123|12908|13275,胡瓏貿/勤明慶/布里茲克/吳彥侖,3,22,25.0,329.63,5.49,05:30,109.88,1.83,01:50,10.0,3.33,40.0,65.53,11.0,3.67,44.0,72.08,8.0,2.67,32.0,52.42,4.0,1.33,16.0,26.21,6.0,2.0,24.0,39.32,4.0,1.33,16.0,26.21,2.0,0.67,8.0,13.11,0.0,0.0,0.0,0.0,2.0,0.67,8.0,13.11,2.0,0.67,8.0,13.11,1.0,0.33,4.0,6.55,2.0,0.67,8.0,13.11,1.0,0.33,4.0,6.55,5.0,1.67,20.0,32.76,5.0,1.67,20.0,32.76,0.0,0.0,0.0,0.0,4.0,1.33,16.0,26.21,1.0,0.33,4.0,6.55,0.0,0.0,0.0,0.0,4.0,1.33,16.0,26.21,40.0,44.0,-4.0,109.21,-1.0,-0.33,-4.0,5.49,1.83,0.5,0.56,0.67,0.0,1.0,0.36,0.0,0.17,0.67,0.33,16.0,4.0,0.0,16.0,0.25
4,高雄全家海神,108|121|123|12668,魏莨哲/吳曉謹/勤明慶/歐提斯,2,10,10.0,151.29,2.52,02:31,75.65,1.26,01:16,2.0,1.0,20.0,28.55,7.0,3.5,70.0,99.94,4.0,2.0,40.0,57.11,1.0,0.5,10.0,14.28,3.0,1.5,30.0,42.83,1.0,0.5,10.0,14.28,1.0,0.5,10.0,14.28,0.0,0.0,0.0,0.0,0.0,0.0,0.0,0.0,0.0,0.0,0.0,0.0,0.0,0.0,0.0,0.0,3.0,1.5,30.0,42.83,1.0,0.5,10.0,14.28,1.0,0.5,10.0,14.28,0.0,0.0,0.0,0.0,0.0,0.0,0.0,0.0,0.0,0.0,0.0,0.0,0.0,0.0,0.0,0.0,0.0,0.0,0.0,0.0,2.0,1.0,20.0,28.55,20.0,70.0,-50.0,95.18,-5.0,-2.5,-50.0,2.52,1.26,0.25,0.25,0.33,0.0,,0.0,0.0,0.0,0.75,0.6,0.0,0.0,0.0,20.0,0.0
4,高雄全家海神,108|121|123|12908,魏莨哲/吳曉謹/勤明慶/布里茲克,2,10,10.0,151.29,2.52,02:31,75.65,1.26,01:16,2.0,1.0,20.0,28.55,7.0,3.5,70.0,99.94,4.0,2.0,40.0,57.11,1.0,0.5,10.0,14.28,3.0,1.5,30.0,42.83,1.0,0.5,10.0,14.28,1.0,0.5,10.0,14.28,0.0,0.0,0.0,0.0,0.0,0.0,0.0,0.0,0.0,0.0,0.0,0.0,0.0,0.0,0.0,0.0,3.0,1.5,30.0,42.83,1.0,0.5,10.0,14.28,1.0,0.5,10.0,14.28,0.0,0.0,0.0,0.0,0.0,0.0,0.0,0.0,0.0,0.0,0.0,0.0,0.0,0.0,0.0,0.0,0.0,0.0,0.0,0.0,2.0,1.0,20.0,28.55,20.0,70.0,-50.0,95.18,-5.0,-2.5,-50.0,2.52,1.26,0.25,0.25,0.33,0.0,,0.0,0.0,0.0,0.75,0.6,0.0,0.0,0.0,20.0,0.0
4,高雄全家海神,108|121|12668|12908,魏莨哲/吳曉謹/歐提斯/布里茲克,2,10,10.0,151.29,2.52,02:31,75.65,1.26,01:16,2.0,1.0,20.0,28.55,7.0,3.5,70.0,99.94,4.0,2.0,40.0,57.11,1.0,0.5,10.0,14.28,3.0,1.5,30.0,42.83,1.0,0.5,10.0,14.28,1.0,0.5,10.0,14.28,0.0,0.0,0.0,0.0,0.0,0.0,0.0,0.0,0.0,0.0,0.0,0.0,0.0,0.0,0.0,0.0,3.0,1.5,30.0,42.83,1.0,0.5,10.0,14.28,1.0,0.5,10.0,14.28,0.0,0.0,0.0,0.0,0.0,0.0,0.0,0.0,0.0,0.0,0.0,0.0,0.0,0.0,0.0,0.0,0.0,0.0,0.0,0.0,2.0,1.0,20.0,28.55,20.0,70.0,-50.0,95.18,-5.0,-2.5,-50.0,2.52,1.26,0.25,0.25,0.33,0.0,,0.0,0.0,0.0,0.75,0.6,0.0,0.0,0.0,20.0,0.0
4,新竹御嵿攻城獅,82|88|10885|10888,蕭順議/盧冠軒/劉丞勳/帕塞獅,1,12,13.0,151.06,2.52,02:31,151.06,2.52,02:31,6.0,6.0,46.15,85.79,0.0,0.0,0.0,0.0,4.0,4.0,30.77,57.19,2.0,2.0,15.38,28.6,4.0,4.0,30.77,57.19,2.0,2.0,15.38,28.6,0.0,0.0,0.0,0.0,0.0,0.0,0.0,0.0,5.0,5.0,38.46,71.49,2.0,2.0,15.38,28.6,1.0,1.0,7.69,14.3,2.0,2.0,15.38,28.6,0.0,0.0,0.0,0.0,2.0,2.0,15.38,28.6,1.0,1.0,7.69,14.3,2.0,2.0,15.38,28.6,0.0,0.0,0.0,0.0,0.0,0.0,0.0,0.0,2.0,2.0,15.38,28.6,0.0,0.0,0.0,0.0,46.15,0.0,46.15,123.92,6.0,6.0,46.15,2.52,2.52,0.5,0.48,0.5,,0.4,0.14,1.0,0.33,1.0,0.6,0.0,0.0,0.15,0.0,1.25
4,高雄全家海神,51|121|122|13275,克力斯/吳曉謹/陳懷安/吳彥侖,1,5,6.0,54.8,0.91,00:55,54.8,0.91,00:55,0.0,0.0,0.0,0.0,4.0,4.0,66.67,157.65,1.0,1.0,16.67,39.41,0.0,0.0,0.0,0.0,1.0,1.0,16.67,39.41,0.0,0.0,0.0,0.0,0.0,0.0,0.0,0.0,0.0,0.0,0.0,0.0,0.0,0.0,0.0,0.0,0.0,0.0,0.0,0.0,0.0,0.0,0.0,0.0,1.0,1.0,16.67,39.41,1.0,1.0,16.67,39.41,0.0,0.0,0.0,0.0,1.0,1.0,16.67,39.41,0.0,0.0,0.0,0.0,1.0,1.0,16.67,39.41,0.0,0.0,0.0,0.0,0.0,0.0,0.0,0.0,2.0,2.0,33.33,78.82,0.0,66.67,-66.67,157.65,-4.0,-4.0,-66.67,0.91,0.91,0.0,0.0,0.0,,,0.5,,,0.5,0.5,16.67,0.0,0.0,33.33,0.0
4,高雄全家海神,51|121|12668|13275,克力斯/吳曉謹/歐提斯/吳彥侖,3,27,34.0,357.55,5.96,05:58,119.18,1.99,01:59,17.0,5.67,50.0,102.7,16.0,5.33,47.06,96.66,6.0,2.0,17.65,36.25,4.0,1.33,11.76,24.16,5.0,1.67,14.71,30.21,3.0,1.0,8.82,18.12,1.0,0.33,2.94,6.04,1.0,0.33,2.94,6.04,11.0,3.67,32.35,66.45,8.0,2.67,23.53,48.33,0.0,0.0,0.0,0.0,4.0,1.33,11.76,24.16,2.0,0.67,5.88,12.08,3.0,1.0,8.82,18.12,4.0,1.33,11.76,24.16,4.0,1.33,11.76,24.16,4.0,1.33,11.76,24.16,0.0,0.0,0.0,0.0,4.0,1.33,11.76,24.16,3.0,1.0,8.82,18.12,50.0,47.06,2.94,136.93,1.0,0.33,2.94,5.96,1.99,0.75,0.78,0.6,1.0,0.73,0.27,1.0,0.0,0.67,0.44,11.76,0.0,0.12,8.82,1.83
4,高雄全家海神,51|122|12668|13275,克力斯/陳懷安/歐提斯/吳彥侖,1,19,23.0,293.69,4.89,04:54,293.69,4.89,04:54,9.0,9.0,39.13,66.19,11.0,11.0,47.83,80.9,7.0,7.0,30.43,51.48,4.0,4.0,17.39,29.42,5.0,5.0,21.74,36.77,3.0,3.0,13.04,22.06,2.0,2.0,8.7,14.71,1.0,1.0,4.35,7.35,0.0,0.0,0.0,0.0,0.0,0.0,0.0,0.0,2.0,2.0,8.7,14.71,1.0,1.0,4.35,7.35,3.0,3.0,13.04,22.06,1.0,1.0,4.35,7.35,3.0,3.0,13.04,22.06,1.0,1.0,4.35,7.35,3.0,3.0,13.04,22.06,0.0,0.0,0.0,0.0,3.0,3.0,13.04,22.06,4.0,4.0,17.39,29.42,39.13,47.83,-8.7,112.77,-2.0,-2.0,-8.7,4.89,4.89,0.64,0.64,0.6,0.5,,0.3,0.25,0.67,0.25,0.43,13.04,0.0,0.13,17.39,0.0
4,高雄全家海神,121|122|12668|13275,吳曉謹/陳懷安/歐提斯/吳彥侖,1,5,6.0,54.8,0.91,00:55,54.8,0.91,00:55,0.0,0.0,0.0,0.0,4.0,4.0,66.67,157.65,1.0,1.0,16.67,39.41,0.0,0.0,0.0,0.0,1.0,1.0,16.67,39.41,0.0,0.0,0.0,0.0,0.0,0.0,0.0,0.0,0.0,0.0,0.0,0.0,0.0,0.0,0.0,0.0,0.0,0.0,0.0,0.0,0.0,0.0,0.0,0.0,1.0,1.0,16.67,39.41,1.0,1.0,16.67,39.41,0.0,0.0,0.0,0.0,1.0,1.0,16.67,39.41,0.0,0.0,0.0,0.0,1.0,1.0,16.67,39.41,0.0,0.0,0.0,0.0,0.0,0.0,0.0,0.0,2.0,2.0,33.33,78.82,0.0,66.67,-66.67,157.65,-4.0,-4.0,-66.67,0.91,0.91,0.0,0.0,0.0,,,0.5,,,0.5,0.5,16.67,0.0,0.0,33.33,0.0
4,高雄全家海神,51|118|121|13275,克力斯/蘇文儒/吳曉謹/吳彥侖,2,6,8.0,105.6,1.76,01:46,52.8,0.88,00:53,7.0,3.5,87.5,143.18,3.0,1.5,37.5,61.36,0.0,0.0,0.0,0.0,0.0,0.0,0.0,0.0,0.0,0.0,0.0,0.0,0.0,0.0,0.0,0.0,0.0,0.0,0.0,0.0,0.0,0.0,0.0,0.0,8.0,4.0,100.0,163.63,7.0,3.5,87.5,143.18,0.0,0.0,0.0,0.0,0.0,0.0,0.0,0.0,0.0,0.0,0.0,0.0,2.0,1.0,25.0,40.91,1.0,0.5,12.5,20.45,0.0,0.0,0.0,0.0,1.0,0.5,12.5,20.45,0.0,0.0,0.0,0.0,3.0,1.5,37.5,61.36,1.0,0.5,12.5,20.45,87.5,37.5,50.0,109.09,4.0,2.0,50.0,1.76,0.88,,0.99,,,0.88,0.22,,0.0,,0.0,12.5,0.0,0.38,12.5,
4,高雄全家海神,51|121|12908|13275,克力斯/吳曉謹/布里茲克/吳彥侖,5,85,100.0,1306.91,21.78,21:47,261.38,4.36,04:21,44.0,8.8,44.0,72.72,44.0,8.8,44.0,72.72,42.0,8.4,42.0,69.42,17.0,3.4,17.0,28.1,21.0,4.2,21.0,34.71,14.0,2.8,14.0,23.14,21.0,4.2,21.0,34.71,3.0,0.6,3.0,4.96,6.0,1.2,6.0,9.92,5.0,1.0,5.0,8.26,9.0,1.8,9.0,14.87,17.0,3.4,17.0,28.1,3.0,0.6,3.0,4.96,18.0,3.6,18.0,29.75,6.0,1.2,6.0,9.92,7.0,1.4,7.0,11.57,4.0,0.8,4.0,6.61,1.0,0.2,1.0,1.65,8.0,1.6,8.0,13.22,8.0,1.6,8.0,13.22,44.0,44.0,0.0,110.18,0.0,0.0,0.0,21.78,4.36,0.44,0.49,0.67,0.14,0.83,0.12,0.41,0.33,0.85,0.55,4.0,1.0,0.08,8.0,0.14
4,高雄全家海神,118|121|12908|13275,蘇文儒/吳曉謹/布里茲克/吳彥侖,1,3,3.0,40.43,0.67,00:40,40.43,0.67,00:40,2.0,2.0,66.67,106.86,0.0,0.0,0.0,0.0,0.0,0.0,0.0,0.0,0.0,0.0,0.0,0.0,0.0,0.0,0.0,0.0,0.0,0.0,0.0,0.0,0.0,0.0,0.0,0.0,0.0,0.0,0.0,0.0,2.0,2.0,66.67,106.86,2.0,2.0,66.67,106.86,0.0,0.0,0.0,0.0,0.0,0.0,0.0,0.0,0.0,0.0,0.0,0.0,1.0,1.0,33.33,53.43,1.0,1.0,33.33,53.43,0.0,0.0,0.0,0.0,1.0,1.0,33.33,53.43,0.0,0.0,0.0,0.0,1.0,1.0,33.33,53.43,0.0,0.0,0.0,0.0,66.67,0.0,66.67,106.86,2.0,2.0,66.67,0.67,0.67,,1.14,,,1.0,0.53,,0.0,,0.0,33.33,0.0,0.33,0.0,
4,高雄全家海神,51|118|122|12668,克力斯/蘇文儒/陳懷安/歐提斯,2,20,23.0,334.88,5.58,05:35,167.44,2.79,02:47,12.0,6.0,52.17,77.4,11.0,5.5,47.83,70.95,9.0,4.5,39.13,58.05,5.0,2.5,21.74,32.25,5.0,2.5,21.74,32.25,3.0,1.5,13.04,19.35,4.0,2.0,17.39,25.8,2.0,1.0,8.7,12.9,0.0,0.0,0.0,0.0,0.0,0.0,0.0,0.0,2.0,1.0,8.7,12.9,1.0,0.5,4.35,6.45,2.0,1.0,8.7,12.9,1.0,0.5,4.35,6.45,3.0,1.5,13.04,19.35,2.0,1.0,8.7,12.9,3.0,1.5,13.04,19.35,0.0,0.0,0.0,0.0,5.0,2.5,21.74,32.25,2.0,1.0,8.7,12.9,52.17,47.83,4.35,98.9,1.0,0.5,4.35,5.58,2.79,0.67,0.67,0.6,0.5,,0.25,0.4,0.67,0.33,0.5,13.04,0.0,0.22,8.7,0.0
4,高雄全家海神,51|118|122|13275,克力斯/蘇文儒/陳懷安/吳彥侖,1,14,17.0,238.88,3.98,03:59,238.88,3.98,03:59,9.0,9.0,52.94,81.38,7.0,7.0,41.18,63.29,6.0,6.0,35.29,54.25,4.0,4.0,23.53,36.17,4.0,4.0,23.53,36.17,3.0,3.0,17.65,27.13,2.0,2.0,11.76,18.08,1.0,1.0,5.88,9.04,0.0,0.0,0.0,0.0,0.0,0.0,0.0,0.0,2.0,2.0,11.76,18.08,0.0,0.0,0.0,0.0,2.0,2.0,11.76,18.08,1.0,1.0,5.88,9.04,2.0,2.0,11.76,18.08,1.0,1.0,5.88,9.04,2.0,2.0,11.76,18.08,0.0,0.0,0.0,0.0,3.0,3.0,17.65,27.13,2.0,2.0,11.76,18.08,52.94,41.18,11.76,102.48,2.0,2.0,11.76,3.98,3.98,0.75,0.75,0.75,0.5,,0.25,0.25,0.67,0.0,0.4,11.76,0.0,0.18,11.76,0.0
4,高雄全家海神,51|118|12668|13275,克力斯/蘇文儒/歐提斯/吳彥侖,2,17,22.0,304.06,5.07,05:04,152.03,2.53,02:32,14.0,7.0,63.64,99.45,10.0,5.0,45.45,71.04,6.0,3.0,27.27,42.62,4.0,2.0,18.18,28.42,4.0,2.0,18.18,28.42,3.0,1.5,13.64,21.31,2.0,1.0,9.09,14.21,1.0,0.5,4.55,7.1,6.0,3.0,27.27,42.62,5.0,2.5,22.73,35.52,2.0,1.0,9.09,14.21,0.0,0.0,0.0,0.0,2.0,1.0,9.09,14.21,2.0,1.0,9.09,14.21,2.0,1.0,9.09,14.21,1.0,0.5,4.55,7.1,2.0,1.0,9.09,14.21,0.0,0.0,0.0,0.0,5.0,2.5,22.73,35.52,3.0,1.5,13.64,21.31,63.64,45.45,18.18,104.19,4.0,2.0,18.18,5.07,2.53,0.75,0.81,0.75,0.5,0.83,0.19,0.25,0.5,0.0,0.33,9.09,0.0,0.23,13.64,1.0
4,高雄全家海神,118|122|12668|13275,蘇文儒/陳懷安/歐提斯/吳彥侖,1,14,17.0,238.88,3.98,03:59,238.88,3.98,03:59,9.0,9.0,52.94,81.38,7.0,7.0,41.18,63.29,6.0,6.0,35.29,54.25,4.0,4.0,23.53,36.17,4.0,4.0,23.53,36.17,3.0,3.0,17.65,27.13,2.0,2.0,11.76,18.08,1.0,1.0,5.88,9.04,0.0,0.0,0.0,0.0,0.0,0.0,0.0,0.0,2.0,2.0,11.76,18.08,0.0,0.0,0.0,0.0,2.0,2.0,11.76,18.08,1.0,1.0,5.88,9.04,2.0,2.0,11.76,18.08,1.0,1.0,5.88,9.04,2.0,2.0,11.76,18.08,0.0,0.0,0.0,0.0,3.0,3.0,17.65,27.13,2.0,2.0,11.76,18.08,52.94,41.18,11.76,102.48,2.0,2.0,11.76,3.98,3.98,0.75,0.75,0.75,0.5,,0.25,0.25,0.67,0.0,0.4,11.76,0.0,0.18,11.76,0.0
4,高雄全家海神,51|110|121|13275,克力斯/胡瓏貿/吳曉謹/吳彥侖,4,58,70.0,920.67,15.34,15:21,230.17,3.84,03:50,30.0,7.5,42.86,70.38,33.0,8.25,47.14,77.42,30.0,7.5,42.86,70.38,13.0,3.25,18.57,30.5,16.0,4.0,22.86,37.54,12.0,3.0,17.14,28.15,14.0,3.5,20.0,32.85,1.0,0.25,1.43,2.35,4.0,1.0,5.71,9.38,3.0,0.75,4.29,7.04,6.0,1.5,8.57,14.08,12.0,3.0,17.14,28.15,3.0,0.75,4.29,7.04,9.0,2.25,12.86,21.11,3.0,0.75,4.29,7.04,3.0,0.75,4.29,7.04,2.0,0.5,2.86,4.69,1.0,0.25,1.43,2.35,4.0,1.0,5.71,9.38,4.0,1.0,5.71,9.38,42.86,47.14,-4.29,109.49,-3.0,-0.75,-4.29,15.34,3.84,0.45,0.47,0.75,0.07,0.75,0.09,0.23,0.4,0.8,0.6,2.86,1.43,0.06,5.71,0.13
4,高雄全家海神,110|121|12908|13275,胡瓏貿/吳曉謹/布里茲克/吳彥侖,5,91,111.0,1517.97,25.3,25:18,303.59,5.06,05:04,43.0,8.6,38.74,61.19,54.0,10.8,48.65,76.84,47.0,9.4,42.34,66.88,19.0,3.8,17.12,27.04,25.0,5.0,22.52,35.57,17.0,3.4,15.32,24.19,22.0,4.4,19.82,31.3,2.0,0.4,1.8,2.85,4.0,0.8,3.6,5.69,3.0,0.6,2.7,4.27,10.0,2.0,9.01,14.23,18.0,3.6,16.22,25.61,7.0,1.4,6.31,9.96,15.0,3.0,13.51,21.34,6.0,1.2,5.41,8.54,6.0,1.2,5.41,8.54,3.0,0.6,2.7,4.27,3.0,0.6,2.7,4.27,6.0,1.2,5.41,8.54,6.0,1.2,5.41,8.54,38.74,48.65,-9.91,105.3,-11.0,-2.2,-9.91,25.3,5.06,0.43,0.44,0.68,0.09,0.75,0.11,0.32,0.4,0.72,0.56,2.7,2.7,0.05,5.41,0.09
4,桃園台啤永豐雲豹,54|58|3129|10860,高錦瑋/林信寬/董永全/麥卡洛,3,33,38.0,572.21,9.54,09:32,190.74,3.18,03:11,20.0,6.67,52.63,75.5,23.0,7.67,60.53,86.82,14.0,4.67,36.84,52.85,8.0,2.67,21.05,30.2,10.0,3.33,26.32,37.75,7.0,2.33,18.42,26.42,4.0,1.33,10.53,15.1,1.0,0.33,2.63,3.77,5.0,1.67,13.16,18.87,3.0,1.0,7.89,11.32,2.0,0.67,5.26,7.55,6.0,2.0,15.79,22.65,1.0,0.33,2.63,3.77,3.0,1.0,7.89,11.32,2.0,0.67,5.26,7.55,2.0,0.67,5.26,7.55,2.0,0.67,5.26,7.55,1.0,0.33,2.63,3.77,3.0,1.0,7.89,11.32,7.0,2.33,18.42,26.42,52.63,60.53,-7.89,95.63,-3.0,-1.0,-7.89,9.54,3.18,0.61,0.62,0.7,0.25,0.6,0.11,0.25,0.4,0.86,0.67,5.26,2.63,0.08,18.42,0.36
4,新北中信特攻,39|44|113|10879,魏嘉豪/黃泓瀚/林任鴻/簡廷兆,1,5,6.0,94.0,1.57,01:34,94.0,1.57,01:34,0.0,0.0,0.0,0.0,2.0,2.0,33.33,45.96,4.0,4.0,66.67,91.91,0.0,0.0,0.0,0.0,1.0,1.0,16.67,22.98,0.0,0.0,0.0,0.0,3.0,3.0,50.0,68.94,0.0,0.0,0.0,0.0,0.0,0.0,0.0,0.0,0.0,0.0,0.0,0.0,1.0,1.0,16.67,22.98,2.0,2.0,33.33,45.96,0.0,0.0,0.0,0.0,1.0,1.0,16.67,22.98,0.0,0.0,0.0,0.0,0.0,0.0,0.0,0.0,0.0,0.0,0.0,0.0,0.0,0.0,0.0,0.0,0.0,0.0,0.0,0.0,0.0,0.0,0.0,0.0,0.0,33.33,-33.33,91.91,-2.0,-2.0,-33.33,1.57,1.57,0.0,0.0,0.0,0.0,,0.0,,0.5,1.0,0.75,0.0,0.0,0.0,0.0,0.0
4,新北中信特攻,39|113|10879|10881,魏嘉豪/林任鴻/簡廷兆/飛克,2,22,29.0,384.31,6.41,06:24,192.16,3.2,03:12,9.0,4.5,31.03,50.58,12.0,6.0,41.38,67.45,9.0,4.5,31.03,50.58,4.0,2.0,13.79,22.48,5.0,2.5,17.24,28.1,3.0,1.5,10.34,16.86,4.0,2.0,13.79,22.48,1.0,0.5,3.45,5.62,2.0,1.0,6.9,11.24,0.0,0.0,0.0,0.0,2.0,1.0,6.9,11.24,4.0,2.0,13.79,22.48,4.0,2.0,13.79,22.48,4.0,2.0,13.79,22.48,4.0,2.0,13.79,22.48,1.0,0.5,3.45,5.62,2.0,1.0,6.9,11.24,0.0,0.0,0.0,0.0,1.0,0.5,3.45,5.62,2.0,1.0,6.9,11.24,31.03,41.38,-10.34,108.66,-3.0,-1.5,-10.34,6.41,3.2,0.5,0.46,0.6,0.25,0.0,0.29,0.25,0.33,0.5,0.43,6.9,0.0,0.03,6.9,0.22
4,桃園台啤永豐雲豹,12|16|57|3129,曹薰襄/米勒/莊博元/董永全,5,28,35.0,552.8,9.21,09:13,110.56,1.84,01:51,14.0,2.8,40.0,54.7,10.0,2.0,28.57,39.07,11.0,2.2,31.43,42.98,5.0,1.0,14.29,19.54,6.0,1.2,17.14,23.44,3.0,0.6,8.57,11.72,5.0,1.0,14.29,19.54,2.0,0.4,5.71,7.81,4.0,0.8,11.43,15.63,2.0,0.4,5.71,7.81,2.0,0.4,5.71,7.81,5.0,1.0,14.29,19.54,4.0,0.8,11.43,15.63,8.0,1.6,22.86,31.26,3.0,0.6,8.57,11.72,2.0,0.4,5.71,7.81,2.0,0.4,5.71,7.81,1.0,0.2,2.86,3.91,4.0,0.8,11.43,15.63,5.0,1.0,14.29,19.54,40.0,28.57,11.43,91.17,4.0,0.8,11.43,9.21,1.84,0.55,0.55,0.5,0.4,0.5,0.19,0.4,0.2,0.56,0.37,5.71,2.86,0.11,14.29,0.36
4,桃園台啤永豐雲豹,12|57|3129|10860,曹薰襄/莊博元/董永全/麥卡洛,4,25,31.0,437.39,7.29,07:17,109.35,1.82,01:49,16.0,4.0,51.61,79.01,15.0,3.75,48.39,74.08,12.0,3.0,38.71,59.26,5.0,1.25,16.13,24.69,6.0,1.5,19.35,29.63,3.0,0.75,9.68,14.82,6.0,1.5,19.35,29.63,2.0,0.5,6.45,9.88,7.0,1.75,22.58,34.57,4.0,1.0,12.9,19.75,3.0,0.75,9.68,14.82,5.0,1.25,16.13,24.69,2.0,0.5,6.45,9.88,3.0,0.75,9.68,14.82,0.0,0.0,0.0,0.0,0.0,0.0,0.0,0.0,0.0,0.0,0.0,0.0,1.0,0.25,3.23,4.94,3.0,0.75,9.68,14.82,6.0,1.5,19.35,29.63,51.61,48.39,3.23,102.06,1.0,0.25,3.23,7.29,1.82,0.5,0.53,0.5,0.33,0.57,0.0,0.0,0.5,0.71,0.62,0.0,3.23,0.1,19.35,0.58
4,桃園台啤永豐雲豹,16|57|3129|10860,米勒/莊博元/董永全/麥卡洛,4,31,38.0,567.88,9.46,09:28,141.97,2.37,02:22,15.0,3.75,39.47,57.05,21.0,5.25,55.26,79.88,17.0,4.25,44.74,64.66,6.0,1.5,15.79,22.82,9.0,2.25,23.68,34.23,4.0,1.0,10.53,15.21,8.0,2.0,21.05,30.43,2.0,0.5,5.26,7.61,2.0,0.5,5.26,7.61,1.0,0.25,2.63,3.8,4.0,1.0,10.53,15.21,7.0,1.75,18.42,26.63,2.0,0.5,5.26,7.61,4.0,1.0,10.53,15.21,2.0,0.5,5.26,7.61,3.0,0.75,7.89,11.41,0.0,0.0,0.0,0.0,1.0,0.25,2.63,3.8,1.0,0.25,2.63,3.8,2.0,0.5,5.26,7.61,39.47,55.26,-15.79,96.36,-6.0,-1.5,-15.79,9.46,2.37,0.41,0.42,0.44,0.25,0.5,0.1,0.5,0.5,0.78,0.65,0.0,2.63,0.03,5.26,0.12
4,新北中信特攻,44|47|8889|10880,黃泓瀚/曾文鼎/馬可/內馬,1,1,1.0,1.0,0.02,00:01,1.0,0.02,00:01,0.0,0.0,0.0,0.0,3.0,3.0,300.0,6480.0,0.0,0.0,0.0,0.0,0.0,0.0,0.0,0.0,0.0,0.0,0.0,0.0,0.0,0.0,0.0,0.0,0.0,0.0,0.0,0.0,0.0,0.0,0.0,0.0,0.0,0.0,0.0,0.0,0.0,0.0,0.0,0.0,0.0,0.0,0.0,0.0,0.0,0.0,0.0,0.0,0.0,0.0,0.0,0.0,0.0,0.0,0.0,0.0,0.0,0.0,0.0,0.0,0.0,0.0,0.0,0.0,0.0,0.0,0.0,0.0,0.0,0.0,0.0,0.0,0.0,0.0,0.0,0.0,0.0,0.0,0.0,0.0,0.0,300.0,-300.0,1440.0,-3.0,-3.0,-300.0,0.02,0.02,,,,,,,,,,,0.0,0.0,0.0,0.0,
4,新北中信特攻,44|47|10877|10880,黃泓瀚/曾文鼎/阿巴西/內馬,1,1,1.0,1.0,0.02,00:01,1.0,0.02,00:01,0.0,0.0,0.0,0.0,3.0,3.0,300.0,6480.0,0.0,0.0,0.0,0.0,0.0,0.0,0.0,0.0,0.0,0.0,0.0,0.0,0.0,0.0,0.0,0.0,0.0,0.0,0.0,0.0,0.0,0.0,0.0,0.0,0.0,0.0,0.0,0.0,0.0,0.0,0.0,0.0,0.0,0.0,0.0,0.0,0.0,0.0,0.0,0.0,0.0,0.0,0.0,0.0,0.0,0.0,0.0,0.0,0.0,0.0,0.0,0.0,0.0,0.0,0.0,0.0,0.0,0.0,0.0,0.0,0.0,0.0,0.0,0.0,0.0,0.0,0.0,0.0,0.0,0.0,0.0,0.0,0.0,300.0,-300.0,1440.0,-3.0,-3.0,-300.0,0.02,0.02,,,,,,,,,,,0.0,0.0,0.0,0.0,
4,新北中信特攻,47|8889|10877|10880,曾文鼎/馬可/阿巴西/內馬,1,1,1.0,1.0,0.02,00:01,1.0,0.02,00:01,0.0,0.0,0.0,0.0,3.0,3.0,300.0,6480.0,0.0,0.0,0.0,0.0,0.0,0.0,0.0,0.0,0.0,0.0,0.0,0.0,0.0,0.0,0.0,0.0,0.0,0.0,0.0,0.0,0.0,0.0,0.0,0.0,0.0,0.0,0.0,0.0,0.0,0.0,0.0,0.0,0.0,0.0,0.0,0.0,0.0,0.0,0.0,0.0,0.0,0.0,0.0,0.0,0.0,0.0,0.0,0.0,0.0,0.0,0.0,0.0,0.0,0.0,0.0,0.0,0.0,0.0,0.0,0.0,0.0,0.0,0.0,0.0,0.0,0.0,0.0,0.0,0.0,0.0,0.0,0.0,0.0,300.0,-300.0,1440.0,-3.0,-3.0,-300.0,0.02,0.02,,,,,,,,,,,0.0,0.0,0.0,0.0,
4,桃園台啤永豐雲豹,54|57|3129|10860,高錦瑋/莊博元/董永全/麥卡洛,9,136,152.0,2079.63,34.66,34:40,231.07,3.85,03:51,74.0,8.22,48.68,76.86,77.0,8.56,50.66,79.98,57.0,6.33,37.5,59.2,26.0,2.89,17.11,27.0,39.0,4.33,25.66,40.51,19.0,2.11,12.5,19.73,18.0,2.0,11.84,18.7,7.0,0.78,4.61,7.27,19.0,2.11,12.5,19.73,16.0,1.78,10.53,16.62,9.0,1.0,5.92,9.35,25.0,2.78,16.45,25.97,6.0,0.67,3.95,6.23,24.0,2.67,15.79,24.93,9.0,1.0,5.92,9.35,16.0,1.78,10.53,16.62,4.0,0.44,2.63,4.15,3.0,0.33,1.97,3.12,18.0,2.0,11.84,18.7,16.0,1.78,10.53,16.62,48.68,50.66,-1.97,105.25,-3.0,-0.33,-1.97,34.66,3.85,0.52,0.57,0.49,0.39,0.84,0.12,0.62,0.27,0.81,0.53,2.63,1.97,0.12,10.53,0.33
4,桃園台啤永豐雲豹,57|68|3129|10860,莊博元/克羅馬/董永全/麥卡洛,7,108,121.0,1644.24,27.4,27:24,234.89,3.91,03:55,61.0,8.71,50.41,80.13,57.0,8.14,47.11,74.88,44.0,6.29,36.36,57.8,21.0,3.0,17.36,27.59,30.0,4.29,24.79,39.41,14.0,2.0,11.57,18.39,14.0,2.0,11.57,18.39,7.0,1.0,5.79,9.2,18.0,2.57,14.88,23.65,14.0,2.0,11.57,18.39,7.0,1.0,5.79,9.2,19.0,2.71,15.7,24.96,5.0,0.71,4.13,6.57,20.0,2.86,16.53,26.27,7.0,1.0,5.79,9.2,11.0,1.57,9.09,14.45,4.0,0.57,3.31,5.25,2.0,0.29,1.65,2.63,16.0,2.29,13.22,21.02,17.0,2.43,14.05,22.33,50.41,47.11,3.31,105.97,4.0,0.57,3.31,27.4,3.91,0.56,0.59,0.47,0.5,0.78,0.12,0.52,0.26,0.79,0.51,3.31,1.65,0.13,14.05,0.41
4,福爾摩沙夢想家,79|89|91|10890,張宗憲/蔣淯安/簡偉儒/湯普金斯,3,34,39.0,555.74,9.26,09:16,185.25,3.09,03:05,21.0,7.0,53.85,81.62,9.0,3.0,23.08,34.98,18.0,6.0,46.15,69.96,9.0,3.0,23.08,34.98,14.0,4.67,35.9,54.41,7.0,2.33,17.95,27.21,4.0,1.33,10.26,15.55,2.0,0.67,5.13,7.77,7.0,2.33,17.95,27.21,4.0,1.33,10.26,15.55,4.0,1.33,10.26,15.55,7.0,2.33,17.95,27.21,0.0,0.0,0.0,0.0,8.0,2.67,20.51,31.09,1.0,0.33,2.56,3.89,4.0,1.33,10.26,15.55,0.0,0.0,0.0,0.0,2.0,0.67,5.13,7.77,5.0,1.67,12.82,19.43,6.0,2.0,15.38,23.32,53.85,23.08,30.77,101.05,12.0,4.0,30.77,9.26,3.09,0.56,0.5,0.5,0.5,0.57,0.05,0.44,0.33,1.0,0.58,0.0,5.13,0.13,15.38,0.39
4,福爾摩沙夢想家,79|91|107|10890,張宗憲/簡偉儒/霍爾曼/湯普金斯,4,89,109.0,1368.78,22.81,22:49,342.2,5.7,05:42,44.0,11.0,40.37,69.43,50.0,12.5,45.87,78.9,42.0,10.5,38.53,66.28,16.0,4.0,14.68,25.25,23.0,5.75,21.1,36.3,12.0,3.0,11.01,18.94,19.0,4.75,17.43,29.98,4.0,1.0,3.67,6.31,12.0,3.0,11.01,18.94,8.0,2.0,7.34,12.62,8.0,2.0,7.34,12.62,19.0,4.75,17.43,29.98,9.0,2.25,8.26,14.2,18.0,4.5,16.51,28.4,4.0,1.0,3.67,6.31,9.0,2.25,8.26,14.2,3.0,0.75,2.75,4.73,2.0,0.5,1.83,3.16,11.0,2.75,10.09,17.36,8.0,2.0,7.34,12.62,40.37,45.87,-5.5,114.67,-6.0,-1.5,-5.5,22.81,5.7,0.43,0.47,0.52,0.21,0.67,0.08,0.56,0.31,0.68,0.5,2.75,1.83,0.1,7.34,0.29
4,福爾摩沙夢想家,89|91|107|10890,蔣淯安/簡偉儒/霍爾曼/湯普金斯,3,32,33.0,535.88,8.93,08:56,178.63,2.98,02:59,17.0,5.67,51.52,68.52,21.0,7.0,63.64,84.65,15.0,5.0,45.45,60.46,8.0,2.67,24.24,32.25,8.0,2.67,24.24,32.25,6.0,2.0,18.18,24.18,7.0,2.33,21.21,28.22,2.0,0.67,6.06,8.06,2.0,0.67,6.06,8.06,2.0,0.67,6.06,8.06,2.0,0.67,6.06,8.06,5.0,1.67,15.15,20.15,0.0,0.0,0.0,0.0,5.0,1.67,15.15,20.15,2.0,0.67,6.06,8.06,5.0,1.67,15.15,20.15,0.0,0.0,0.0,0.0,0.0,0.0,0.0,0.0,3.0,1.0,9.09,12.09,1.0,0.33,3.03,4.03,51.52,63.64,-12.12,88.68,-4.0,-1.33,-12.12,8.93,2.98,0.6,0.54,0.75,0.29,1.0,0.11,0.62,0.29,1.0,0.58,0.0,0.0,0.09,3.03,0.13
4,福爾摩沙夢想家,79|83|91|107,張宗憲/吳家駿/簡偉儒/霍爾曼,3,66,81.0,1035.84,17.26,17:16,345.28,5.75,05:45,33.0,11.0,40.74,68.81,53.0,17.67,65.43,110.52,33.0,11.0,40.74,68.81,13.0,4.33,16.05,27.11,20.0,6.67,24.69,41.71,10.0,3.33,12.35,20.85,13.0,4.33,16.05,27.11,3.0,1.0,3.7,6.26,2.0,0.67,2.47,4.17,1.0,0.33,1.23,2.09,5.0,1.67,6.17,10.43,15.0,5.0,18.52,31.28,7.0,2.33,8.64,14.6,9.0,3.0,11.11,18.77,2.0,0.67,2.47,4.17,8.0,2.67,9.88,16.68,1.0,0.33,1.23,2.09,1.0,0.33,1.23,2.09,4.0,1.33,4.94,8.34,6.0,2.0,7.41,12.51,40.74,65.43,-24.69,112.6,-20.0,-6.67,-24.69,17.26,5.75,0.44,0.49,0.5,0.23,0.5,0.06,0.62,0.36,0.68,0.56,1.23,1.23,0.05,7.41,0.06
4,福爾摩沙夢想家,79|83|91|10890,張宗憲/吳家駿/簡偉儒/湯普金斯,2,61,75.0,936.34,15.61,15:36,468.17,7.8,07:48,34.0,17.0,45.33,78.43,39.0,19.5,52.0,89.97,32.0,16.0,42.67,73.82,14.0,7.0,18.67,32.3,20.0,10.0,26.67,46.14,12.0,6.0,16.0,27.68,12.0,6.0,16.0,27.68,2.0,1.0,2.67,4.61,2.0,1.0,2.67,4.61,1.0,0.5,1.33,2.31,5.0,2.5,6.67,11.53,13.0,6.5,17.33,29.99,6.0,3.0,8.0,13.84,11.0,5.5,14.67,25.38,1.0,0.5,1.33,2.31,7.0,3.5,9.33,16.15,1.0,0.5,1.33,2.31,1.0,0.5,1.33,2.31,4.0,2.0,5.33,9.23,6.0,3.0,8.0,13.84,45.33,52.0,-6.67,115.34,-5.0,-2.5,-6.67,15.61,7.8,0.47,0.52,0.6,0.17,0.5,0.03,0.5,0.31,0.68,0.51,1.33,1.33,0.05,8.0,0.06
4,福爾摩沙夢想家,79|83|107|10890,張宗憲/吳家駿/霍爾曼/湯普金斯,2,62,79.0,948.34,15.81,15:48,474.17,7.9,07:54,34.0,17.0,43.04,77.44,37.0,18.5,46.84,84.27,35.0,17.5,44.3,79.72,13.0,6.5,16.46,29.61,22.0,11.0,27.85,50.11,11.0,5.5,13.92,25.05,13.0,6.5,16.46,29.61,2.0,1.0,2.53,4.56,2.0,1.0,2.53,4.56,1.0,0.5,1.27,2.28,8.0,4.0,10.13,18.22,14.0,7.0,17.72,31.89,6.0,3.0,7.59,13.67,12.0,6.0,15.19,27.33,1.0,0.5,1.27,2.28,7.0,3.5,8.86,15.94,1.0,0.5,1.27,2.28,1.0,0.5,1.27,2.28,5.0,2.5,6.33,11.39,6.0,3.0,7.59,13.67,43.04,46.84,-3.8,119.96,-3.0,-1.5,-3.8,15.81,7.9,0.4,0.47,0.5,0.15,0.5,0.03,0.54,0.4,0.7,0.55,1.27,1.27,0.06,7.59,0.06
4,福爾摩沙夢想家,83|91|107|10890,吳家駿/簡偉儒/霍爾曼/湯普金斯,2,60,74.0,921.34,15.36,15:21,460.67,7.68,07:41,32.0,16.0,43.24,75.02,43.0,21.5,58.11,100.81,30.0,15.0,40.54,70.33,13.0,6.5,17.57,30.48,18.0,9.0,24.32,42.2,11.0,5.5,14.86,25.79,12.0,6.0,16.22,28.13,2.0,1.0,2.7,4.69,2.0,1.0,2.7,4.69,1.0,0.5,1.35,2.34,5.0,2.5,6.76,11.72,12.0,6.0,16.22,28.13,6.0,3.0,8.11,14.07,10.0,5.0,13.51,23.44,2.0,1.0,2.7,4.69,8.0,4.0,10.81,18.76,1.0,0.5,1.35,2.34,1.0,0.5,1.35,2.34,4.0,2.0,5.41,9.38,6.0,3.0,8.11,14.07,43.24,58.11,-14.86,115.66,-11.0,-5.5,-14.86,15.36,7.68,0.47,0.52,0.61,0.17,0.5,0.06,0.62,0.33,0.67,0.52,1.35,1.35,0.05,8.11,0.07
4,福爾摩沙夢想家,83|91|103|10890,吳家駿/簡偉儒/忻沃克/湯普金斯,2,16,19.0,270.8,4.51,04:31,135.4,2.26,02:15,7.0,3.5,36.84,55.83,11.0,5.5,57.89,87.74,8.0,4.0,42.11,63.81,4.0,2.0,21.05,31.91,6.0,3.0,31.58,47.86,2.0,1.0,10.53,15.95,2.0,1.0,10.53,15.95,2.0,1.0,10.53,15.95,2.0,1.0,10.53,15.95,2.0,1.0,10.53,15.95,2.0,1.0,10.53,15.95,2.0,1.0,10.53,15.95,0.0,0.0,0.0,0.0,4.0,2.0,21.05,31.91,2.0,1.0,10.53,15.95,3.0,1.5,15.79,23.93,0.0,0.0,0.0,0.0,1.0,0.5,5.26,7.98,0.0,0.0,0.0,0.0,0.0,0.0,0.0,0.0,36.84,57.89,-21.05,101.03,-4.0,-2.0,-21.05,4.51,2.26,0.62,0.39,0.33,1.0,1.0,0.18,0.75,0.33,1.0,0.5,0.0,5.26,0.0,0.0,0.25
4,福爾摩沙夢想家,83|91|106|10890,吳家駿/簡偉儒/高柏鎧/湯普金斯,2,17,20.0,285.8,4.76,04:46,142.9,2.38,02:23,9.0,4.5,45.0,68.02,7.0,3.5,35.0,52.9,10.0,5.0,50.0,75.58,5.0,2.5,25.0,37.79,8.0,4.0,40.0,60.46,3.0,1.5,15.0,22.67,2.0,1.0,10.0,15.12,2.0,1.0,10.0,15.12,2.0,1.0,10.0,15.12,2.0,1.0,10.0,15.12,2.0,1.0,10.0,15.12,3.0,1.5,15.0,22.67,0.0,0.0,0.0,0.0,5.0,2.5,25.0,37.79,1.0,0.5,5.0,7.56,2.0,1.0,10.0,15.12,0.0,0.0,0.0,0.0,1.0,0.5,5.0,7.56,0.0,0.0,0.0,0.0,0.0,0.0,0.0,0.0,45.0,35.0,10.0,100.77,2.0,1.0,10.0,4.76,2.38,0.6,0.41,0.38,1.0,1.0,0.08,0.4,0.29,1.0,0.5,0.0,5.0,0.0,0.0,0.2
4,福爾摩沙夢想家,83|103|106|10890,吳家駿/忻沃克/高柏鎧/湯普金斯,2,25,33.0,445.8,7.43,07:26,222.9,3.71,03:43,15.0,7.5,45.45,72.68,9.0,4.5,27.27,43.61,13.0,6.5,39.39,62.99,8.0,4.0,24.24,38.76,8.0,4.0,24.24,38.76,4.0,2.0,12.12,19.38,5.0,2.5,15.15,24.23,4.0,2.0,12.12,19.38,3.0,1.5,9.09,14.54,2.0,1.0,6.06,9.69,2.0,1.0,6.06,9.69,4.0,2.0,12.12,19.38,2.0,1.0,6.06,9.69,9.0,4.5,27.27,43.61,3.0,1.5,9.09,14.54,5.0,2.5,15.15,24.23,1.0,0.5,3.03,4.85,1.0,0.5,3.03,4.85,4.0,2.0,12.12,19.38,0.0,0.0,0.0,0.0,45.45,27.27,18.18,106.59,6.0,3.0,18.18,7.43,3.71,0.77,0.52,0.5,0.8,0.67,0.17,0.62,0.18,0.67,0.35,3.03,3.03,0.12,0.0,0.23
4,福爾摩沙夢想家,91|103|106|10890,簡偉儒/忻沃克/高柏鎧/湯普金斯,2,15,19.0,227.22,3.79,03:47,113.61,1.89,01:54,11.0,5.5,57.89,104.57,5.0,2.5,26.32,47.53,9.0,4.5,47.37,85.56,4.0,2.0,21.05,38.02,7.0,3.5,36.84,66.54,2.0,1.0,10.53,19.01,2.0,1.0,10.53,19.01,2.0,1.0,10.53,19.01,6.0,3.0,31.58,57.04,6.0,3.0,31.58,57.04,3.0,1.5,15.79,28.52,2.0,1.0,10.53,19.01,0.0,0.0,0.0,0.0,3.0,1.5,15.79,28.52,1.0,0.5,5.26,9.51,3.0,1.5,15.79,28.52,0.0,0.0,0.0,0.0,1.0,0.5,5.26,9.51,2.0,1.0,10.53,19.01,0.0,0.0,0.0,0.0,57.89,26.32,31.58,120.41,6.0,3.0,31.58,3.79,1.89,0.56,0.47,0.29,1.0,1.0,0.08,0.75,0.5,1.0,0.62,0.0,5.26,0.11,0.0,0.67
4,福爾摩沙夢想家,83|99|106|10890,吳家駿/盧冠良/高柏鎧/湯普金斯,2,18,25.0,329.49,5.49,05:29,164.75,2.75,02:45,14.0,7.0,56.0,91.78,10.0,5.0,40.0,65.56,9.0,4.5,36.0,59.0,7.0,3.5,28.0,45.89,6.0,3.0,24.0,39.33,5.0,2.5,20.0,32.78,3.0,1.5,12.0,19.67,2.0,1.0,8.0,13.11,1.0,0.5,4.0,6.56,0.0,0.0,0.0,0.0,1.0,0.5,4.0,6.56,2.0,1.0,8.0,13.11,2.0,1.0,8.0,13.11,7.0,3.5,28.0,45.89,2.0,1.0,8.0,13.11,3.0,1.5,12.0,19.67,1.0,0.5,4.0,6.56,0.0,0.0,0.0,0.0,4.0,2.0,16.0,26.22,2.0,1.0,8.0,13.11,56.0,40.0,16.0,109.26,4.0,2.0,16.0,5.49,2.75,0.89,0.74,0.83,0.67,0.0,0.17,0.43,0.12,0.5,0.25,4.0,0.0,0.16,8.0,0.11
4,福爾摩沙夢想家,79|91|106|10890,張宗憲/簡偉儒/高柏鎧/湯普金斯,1,26,29.0,390.53,6.51,06:31,390.53,6.51,06:31,16.0,16.0,55.17,88.5,7.0,7.0,24.14,38.72,11.0,11.0,37.93,60.84,6.0,6.0,20.69,33.19,10.0,10.0,34.48,55.31,6.0,6.0,20.69,33.19,1.0,1.0,3.45,5.53,0.0,0.0,0.0,0.0,5.0,5.0,17.24,27.65,4.0,4.0,13.79,22.12,1.0,1.0,3.45,5.53,5.0,5.0,17.24,27.65,0.0,0.0,0.0,0.0,7.0,7.0,24.14,38.72,1.0,1.0,3.45,5.53,2.0,2.0,6.9,11.06,0.0,0.0,0.0,0.0,1.0,1.0,3.45,5.53,3.0,3.0,10.34,16.59,6.0,6.0,20.69,33.19,55.17,24.14,31.03,106.93,9.0,9.0,31.03,6.51,6.51,0.55,0.61,0.6,0.0,0.8,0.07,0.33,0.12,1.0,0.46,0.0,3.45,0.1,20.69,0.45
4,福爾摩沙夢想家,89|91|106|10890,蔣淯安/簡偉儒/高柏鎧/湯普金斯,1,24,28.0,331.95,5.53,05:32,331.95,5.53,05:32,18.0,18.0,64.29,117.13,5.0,5.0,17.86,32.54,10.0,10.0,35.71,65.07,5.0,5.0,17.86,32.54,9.0,9.0,32.14,58.56,5.0,5.0,17.86,32.54,1.0,1.0,3.57,6.51,0.0,0.0,0.0,0.0,9.0,9.0,32.14,58.56,8.0,8.0,28.57,52.06,2.0,2.0,7.14,13.01,4.0,4.0,14.29,26.03,0.0,0.0,0.0,0.0,5.0,5.0,17.86,32.54,1.0,1.0,3.57,6.51,3.0,3.0,10.71,19.52,0.0,0.0,0.0,0.0,1.0,1.0,3.57,6.51,5.0,5.0,17.86,32.54,6.0,6.0,21.43,39.04,64.29,17.86,46.43,121.46,13.0,13.0,46.43,5.53,5.53,0.5,0.64,0.56,0.0,0.89,0.07,0.6,0.29,1.0,0.55,0.0,3.57,0.18,21.43,0.9
4,高雄全家海神,118|121|12668|13275,蘇文儒/吳曉謹/歐提斯/吳彥侖,1,3,5.0,65.18,1.09,01:05,65.18,1.09,01:05,5.0,5.0,100.0,165.71,3.0,3.0,60.0,99.42,0.0,0.0,0.0,0.0,0.0,0.0,0.0,0.0,0.0,0.0,0.0,0.0,0.0,0.0,0.0,0.0,0.0,0.0,0.0,0.0,0.0,0.0,0.0,0.0,6.0,6.0,120.0,198.85,5.0,5.0,100.0,165.71,0.0,0.0,0.0,0.0,0.0,0.0,0.0,0.0,0.0,0.0,0.0,0.0,1.0,1.0,20.0,33.14,0.0,0.0,0.0,0.0,0.0,0.0,0.0,0.0,0.0,0.0,0.0,0.0,0.0,0.0,0.0,0.0,2.0,2.0,40.0,66.28,1.0,1.0,20.0,33.14,100.0,60.0,40.0,110.47,2.0,2.0,40.0,1.09,1.09,,0.95,,,0.83,0.0,,0.0,,0.0,0.0,0.0,0.4,20.0,
4,福爾摩沙夢想家,79|83|91|106,張宗憲/吳家駿/簡偉儒/高柏鎧,4,32,38.0,566.49,9.44,09:26,141.62,2.36,02:22,15.0,3.75,39.47,57.19,29.0,7.25,76.32,110.57,18.0,4.5,47.37,68.63,7.0,1.75,18.42,26.69,14.0,3.5,36.84,53.38,6.0,1.5,15.79,22.88,4.0,1.0,10.53,15.25,1.0,0.25,2.63,3.81,0.0,0.0,0.0,0.0,0.0,0.0,0.0,0.0,3.0,0.75,7.89,11.44,8.0,2.0,21.05,30.5,2.0,0.5,5.26,7.63,5.0,1.25,13.16,19.06,1.0,0.25,2.63,3.81,2.0,0.5,5.26,7.63,0.0,0.0,0.0,0.0,0.0,0.0,0.0,0.0,0.0,0.0,0.0,0.0,2.0,0.5,5.26,7.63,39.47,76.32,-36.84,96.59,-14.0,-3.5,-36.84,9.44,2.36,0.42,0.42,0.43,0.25,,0.05,0.29,0.38,0.8,0.61,0.0,0.0,0.0,5.26,0.0
4,福爾摩沙夢想家,79|83|106|10890,張宗憲/吳家駿/高柏鎧/湯普金斯,1,10,12.0,169.49,2.82,02:49,169.49,2.82,02:49,8.0,8.0,66.67,101.95,8.0,8.0,66.67,101.95,6.0,6.0,50.0,76.46,4.0,4.0,33.33,50.98,6.0,6.0,50.0,76.46,4.0,4.0,33.33,50.98,0.0,0.0,0.0,0.0,0.0,0.0,0.0,0.0,0.0,0.0,0.0,0.0,0.0,0.0,0.0,0.0,1.0,1.0,8.33,12.74,1.0,1.0,8.33,12.74,0.0,0.0,0.0,0.0,3.0,3.0,25.0,38.23,0.0,0.0,0.0,0.0,0.0,0.0,0.0,0.0,0.0,0.0,0.0,0.0,0.0,0.0,0.0,0.0,0.0,0.0,0.0,0.0,2.0,2.0,16.67,25.49,66.67,66.67,0.0,101.95,0.0,0.0,0.0,2.82,2.82,0.67,0.67,0.67,,,0.0,0.0,0.25,1.0,0.4,0.0,0.0,0.0,16.67,0.0
4,高雄全家海神,116|118|123|12908,呂威霆/蘇文儒/勤明慶/布里茲克,1,5,5.0,103.0,1.72,01:43,103.0,1.72,01:43,6.0,6.0,120.0,125.83,6.0,6.0,120.0,125.83,2.0,2.0,40.0,41.94,2.0,2.0,40.0,41.94,0.0,0.0,0.0,0.0,0.0,0.0,0.0,0.0,2.0,2.0,40.0,41.94,2.0,2.0,40.0,41.94,0.0,0.0,0.0,0.0,0.0,0.0,0.0,0.0,0.0,0.0,0.0,0.0,0.0,0.0,0.0,0.0,0.0,0.0,0.0,0.0,0.0,0.0,0.0,0.0,0.0,0.0,0.0,0.0,2.0,2.0,40.0,41.94,0.0,0.0,0.0,0.0,0.0,0.0,0.0,0.0,1.0,1.0,20.0,20.97,0.0,0.0,0.0,0.0,120.0,120.0,0.0,69.9,0.0,0.0,0.0,1.72,1.72,1.5,1.5,,1.0,,0.0,1.0,,,,0.0,0.0,0.2,0.0,0.0
4,高雄全家海神,116|122|123|12908,呂威霆/陳懷安/勤明慶/布里茲克,1,5,5.0,103.0,1.72,01:43,103.0,1.72,01:43,6.0,6.0,120.0,125.83,6.0,6.0,120.0,125.83,2.0,2.0,40.0,41.94,2.0,2.0,40.0,41.94,0.0,0.0,0.0,0.0,0.0,0.0,0.0,0.0,2.0,2.0,40.0,41.94,2.0,2.0,40.0,41.94,0.0,0.0,0.0,0.0,0.0,0.0,0.0,0.0,0.0,0.0,0.0,0.0,0.0,0.0,0.0,0.0,0.0,0.0,0.0,0.0,0.0,0.0,0.0,0.0,0.0,0.0,0.0,0.0,2.0,2.0,40.0,41.94,0.0,0.0,0.0,0.0,0.0,0.0,0.0,0.0,1.0,1.0,20.0,20.97,0.0,0.0,0.0,0.0,120.0,120.0,0.0,69.9,0.0,0.0,0.0,1.72,1.72,1.5,1.5,,1.0,,0.0,1.0,,,,0.0,0.0,0.2,0.0,0.0
4,高雄全家海神,118|122|123|10891,蘇文儒/陳懷安/勤明慶/廖偉皓,1,5,5.0,106.0,1.77,01:46,106.0,1.77,01:46,0.0,0.0,0.0,0.0,3.0,3.0,60.0,61.13,3.0,3.0,60.0,61.13,0.0,0.0,0.0,0.0,2.0,2.0,40.0,40.75,0.0,0.0,0.0,0.0,1.0,1.0,20.0,20.38,0.0,0.0,0.0,0.0,0.0,0.0,0.0,0.0,0.0,0.0,0.0,0.0,0.0,0.0,0.0,0.0,3.0,3.0,60.0,61.13,0.0,0.0,0.0,0.0,0.0,0.0,0.0,0.0,0.0,0.0,0.0,0.0,0.0,0.0,0.0,0.0,0.0,0.0,0.0,0.0,0.0,0.0,0.0,0.0,0.0,0.0,0.0,0.0,0.0,0.0,0.0,0.0,0.0,60.0,-60.0,67.92,-3.0,-3.0,-60.0,1.77,1.77,0.0,0.0,0.0,0.0,,0.0,,,1.0,1.0,0.0,0.0,0.0,0.0,0.0
4,高雄全家海神,118|123|10891|12668,蘇文儒/勤明慶/廖偉皓/歐提斯,1,5,5.0,106.0,1.77,01:46,106.0,1.77,01:46,0.0,0.0,0.0,0.0,3.0,3.0,60.0,61.13,3.0,3.0,60.0,61.13,0.0,0.0,0.0,0.0,2.0,2.0,40.0,40.75,0.0,0.0,0.0,0.0,1.0,1.0,20.0,20.38,0.0,0.0,0.0,0.0,0.0,0.0,0.0,0.0,0.0,0.0,0.0,0.0,0.0,0.0,0.0,0.0,3.0,3.0,60.0,61.13,0.0,0.0,0.0,0.0,0.0,0.0,0.0,0.0,0.0,0.0,0.0,0.0,0.0,0.0,0.0,0.0,0.0,0.0,0.0,0.0,0.0,0.0,0.0,0.0,0.0,0.0,0.0,0.0,0.0,0.0,0.0,0.0,0.0,60.0,-60.0,67.92,-3.0,-3.0,-60.0,1.77,1.77,0.0,0.0,0.0,0.0,,0.0,,,1.0,1.0,0.0,0.0,0.0,0.0,0.0
4,高雄全家海神,122|123|10891|12668,陳懷安/勤明慶/廖偉皓/歐提斯,1,11,12.0,181.86,3.03,03:02,181.86,3.03,03:02,1.0,1.0,8.33,11.88,8.0,8.0,66.67,95.02,5.0,5.0,41.67,59.39,0.0,0.0,0.0,0.0,3.0,3.0,25.0,35.63,0.0,0.0,0.0,0.0,2.0,2.0,16.67,23.75,0.0,0.0,0.0,0.0,2.0,2.0,16.67,23.75,1.0,1.0,8.33,11.88,1.0,1.0,8.33,11.88,3.0,3.0,25.0,35.63,0.0,0.0,0.0,0.0,0.0,0.0,0.0,0.0,1.0,1.0,8.33,11.88,0.0,0.0,0.0,0.0,1.0,1.0,8.33,11.88,0.0,0.0,0.0,0.0,1.0,1.0,8.33,11.88,0.0,0.0,0.0,0.0,8.33,66.67,-58.33,95.02,-7.0,-7.0,-58.33,3.03,3.03,0.0,0.09,0.0,0.0,0.5,0.15,,1.0,1.0,1.0,8.33,0.0,0.08,0.0,0.4
4,福爾摩沙夢想家,89|91|106|107,蔣淯安/簡偉儒/高柏鎧/霍爾曼,4,44,50.0,791.04,13.18,13:11,197.76,3.3,03:18,24.0,6.0,48.0,65.53,13.0,3.25,26.0,35.5,18.0,4.5,36.0,49.15,9.0,2.25,18.0,24.58,12.0,3.0,24.0,32.77,6.0,1.5,12.0,16.38,6.0,1.5,12.0,16.38,3.0,0.75,6.0,8.19,0.0,0.0,0.0,0.0,0.0,0.0,0.0,0.0,4.0,1.0,8.0,10.92,4.0,1.0,8.0,10.92,2.0,0.5,4.0,5.46,11.0,2.75,22.0,30.04,8.0,2.0,16.0,21.84,6.0,1.5,12.0,16.38,4.0,1.0,8.0,10.92,1.0,0.25,2.0,2.73,3.0,0.75,6.0,8.19,4.0,1.0,8.0,10.92,48.0,26.0,22.0,91.02,11.0,2.75,22.0,13.18,3.3,0.58,0.67,0.5,0.5,,0.31,0.67,0.27,0.67,0.38,8.0,2.0,0.06,8.0,0.0
4,高雄全家海神,111|122|123|10891,唐維傑/陳懷安/勤明慶/廖偉皓,1,6,7.0,75.86,1.26,01:16,75.86,1.26,01:16,1.0,1.0,14.29,28.47,5.0,5.0,71.43,142.36,2.0,2.0,28.57,56.95,0.0,0.0,0.0,0.0,1.0,1.0,14.29,28.47,0.0,0.0,0.0,0.0,1.0,1.0,14.29,28.47,0.0,0.0,0.0,0.0,2.0,2.0,28.57,56.95,1.0,1.0,14.29,28.47,1.0,1.0,14.29,28.47,0.0,0.0,0.0,0.0,0.0,0.0,0.0,0.0,0.0,0.0,0.0,0.0,1.0,1.0,14.29,28.47,0.0,0.0,0.0,0.0,1.0,1.0,14.29,28.47,0.0,0.0,0.0,0.0,1.0,1.0,14.29,28.47,0.0,0.0,0.0,0.0,14.29,71.43,-57.14,132.87,-4.0,-4.0,-57.14,1.26,1.26,0.0,0.17,0.0,0.0,0.5,0.26,,1.0,,1.0,14.29,0.0,0.14,0.0,1.0
4,高雄全家海神,111|122|123|12668,唐維傑/陳懷安/勤明慶/歐提斯,1,6,7.0,75.86,1.26,01:16,75.86,1.26,01:16,1.0,1.0,14.29,28.47,5.0,5.0,71.43,142.36,2.0,2.0,28.57,56.95,0.0,0.0,0.0,0.0,1.0,1.0,14.29,28.47,0.0,0.0,0.0,0.0,1.0,1.0,14.29,28.47,0.0,0.0,0.0,0.0,2.0,2.0,28.57,56.95,1.0,1.0,14.29,28.47,1.0,1.0,14.29,28.47,0.0,0.0,0.0,0.0,0.0,0.0,0.0,0.0,0.0,0.0,0.0,0.0,1.0,1.0,14.29,28.47,0.0,0.0,0.0,0.0,1.0,1.0,14.29,28.47,0.0,0.0,0.0,0.0,1.0,1.0,14.29,28.47,0.0,0.0,0.0,0.0,14.29,71.43,-57.14,132.87,-4.0,-4.0,-57.14,1.26,1.26,0.0,0.17,0.0,0.0,0.5,0.26,,1.0,,1.0,14.29,0.0,0.14,0.0,1.0
4,高雄全家海神,111|122|10891|12668,唐維傑/陳懷安/廖偉皓/歐提斯,1,6,7.0,75.86,1.26,01:16,75.86,1.26,01:16,1.0,1.0,14.29,28.47,5.0,5.0,71.43,142.36,2.0,2.0,28.57,56.95,0.0,0.0,0.0,0.0,1.0,1.0,14.29,28.47,0.0,0.0,0.0,0.0,1.0,1.0,14.29,28.47,0.0,0.0,0.0,0.0,2.0,2.0,28.57,56.95,1.0,1.0,14.29,28.47,1.0,1.0,14.29,28.47,0.0,0.0,0.0,0.0,0.0,0.0,0.0,0.0,0.0,0.0,0.0,0.0,1.0,1.0,14.29,28.47,0.0,0.0,0.0,0.0,1.0,1.0,14.29,28.47,0.0,0.0,0.0,0.0,1.0,1.0,14.29,28.47,0.0,0.0,0.0,0.0,14.29,71.43,-57.14,132.87,-4.0,-4.0,-57.14,1.26,1.26,0.0,0.17,0.0,0.0,0.5,0.26,,1.0,,1.0,14.29,0.0,0.14,0.0,1.0
4,高雄全家海神,111|123|10891|12668,唐維傑/勤明慶/廖偉皓/歐提斯,1,6,7.0,75.86,1.26,01:16,75.86,1.26,01:16,1.0,1.0,14.29,28.47,5.0,5.0,71.43,142.36,2.0,2.0,28.57,56.95,0.0,0.0,0.0,0.0,1.0,1.0,14.29,28.47,0.0,0.0,0.0,0.0,1.0,1.0,14.29,28.47,0.0,0.0,0.0,0.0,2.0,2.0,28.57,56.95,1.0,1.0,14.29,28.47,1.0,1.0,14.29,28.47,0.0,0.0,0.0,0.0,0.0,0.0,0.0,0.0,0.0,0.0,0.0,0.0,1.0,1.0,14.29,28.47,0.0,0.0,0.0,0.0,1.0,1.0,14.29,28.47,0.0,0.0,0.0,0.0,1.0,1.0,14.29,28.47,0.0,0.0,0.0,0.0,14.29,71.43,-57.14,132.87,-4.0,-4.0,-57.14,1.26,1.26,0.0,0.17,0.0,0.0,0.5,0.26,,1.0,,1.0,14.29,0.0,0.14,0.0,1.0
4,福爾摩沙夢想家,89|91|95|103,蔣淯安/簡偉儒/李德威/忻沃克,1,3,4.0,41.86,0.7,00:42,41.86,0.7,00:42,3.0,3.0,75.0,154.79,1.0,1.0,25.0,51.6,1.0,1.0,25.0,51.6,1.0,1.0,25.0,51.6,0.0,0.0,0.0,0.0,0.0,0.0,0.0,0.0,1.0,1.0,25.0,51.6,1.0,1.0,25.0,51.6,0.0,0.0,0.0,0.0,0.0,0.0,0.0,0.0,0.0,0.0,0.0,0.0,0.0,0.0,0.0,0.0,1.0,1.0,25.0,51.6,0.0,0.0,0.0,0.0,0.0,0.0,0.0,0.0,1.0,1.0,25.0,51.6,0.0,0.0,0.0,0.0,0.0,0.0,0.0,0.0,0.0,0.0,0.0,0.0,2.0,2.0,50.0,103.2,75.0,25.0,50.0,137.59,2.0,2.0,50.0,0.7,0.7,1.5,1.5,,1.0,,0.0,1.0,,0.0,0.0,0.0,0.0,0.0,50.0,0.0
4,福爾摩沙夢想家,89|91|95|107,蔣淯安/簡偉儒/李德威/霍爾曼,1,3,4.0,41.86,0.7,00:42,41.86,0.7,00:42,3.0,3.0,75.0,154.79,1.0,1.0,25.0,51.6,1.0,1.0,25.0,51.6,1.0,1.0,25.0,51.6,0.0,0.0,0.0,0.0,0.0,0.0,0.0,0.0,1.0,1.0,25.0,51.6,1.0,1.0,25.0,51.6,0.0,0.0,0.0,0.0,0.0,0.0,0.0,0.0,0.0,0.0,0.0,0.0,0.0,0.0,0.0,0.0,1.0,1.0,25.0,51.6,0.0,0.0,0.0,0.0,0.0,0.0,0.0,0.0,1.0,1.0,25.0,51.6,0.0,0.0,0.0,0.0,0.0,0.0,0.0,0.0,0.0,0.0,0.0,0.0,2.0,2.0,50.0,103.2,75.0,25.0,50.0,137.59,2.0,2.0,50.0,0.7,0.7,1.5,1.5,,1.0,,0.0,1.0,,0.0,0.0,0.0,0.0,0.0,50.0,0.0
4,福爾摩沙夢想家,91|95|103|107,簡偉儒/李德威/忻沃克/霍爾曼,1,3,4.0,41.86,0.7,00:42,41.86,0.7,00:42,3.0,3.0,75.0,154.79,1.0,1.0,25.0,51.6,1.0,1.0,25.0,51.6,1.0,1.0,25.0,51.6,0.0,0.0,0.0,0.0,0.0,0.0,0.0,0.0,1.0,1.0,25.0,51.6,1.0,1.0,25.0,51.6,0.0,0.0,0.0,0.0,0.0,0.0,0.0,0.0,0.0,0.0,0.0,0.0,0.0,0.0,0.0,0.0,1.0,1.0,25.0,51.6,0.0,0.0,0.0,0.0,0.0,0.0,0.0,0.0,1.0,1.0,25.0,51.6,0.0,0.0,0.0,0.0,0.0,0.0,0.0,0.0,0.0,0.0,0.0,0.0,2.0,2.0,50.0,103.2,75.0,25.0,50.0,137.59,2.0,2.0,50.0,0.7,0.7,1.5,1.5,,1.0,,0.0,1.0,,0.0,0.0,0.0,0.0,0.0,50.0,0.0
4,高雄全家海神,51|108|111|10891,克力斯/魏莨哲/唐維傑/廖偉皓,1,9,11.0,199.0,3.32,03:19,199.0,3.32,03:19,5.0,5.0,45.45,54.27,0.0,0.0,0.0,0.0,6.0,6.0,54.55,65.13,2.0,2.0,18.18,21.71,4.0,4.0,36.36,43.42,1.0,1.0,9.09,10.85,2.0,2.0,18.18,21.71,1.0,1.0,9.09,10.85,0.0,0.0,0.0,0.0,0.0,0.0,0.0,0.0,1.0,1.0,9.09,10.85,3.0,3.0,27.27,32.56,0.0,0.0,0.0,0.0,5.0,5.0,45.45,54.27,0.0,0.0,0.0,0.0,1.0,1.0,9.09,10.85,0.0,0.0,0.0,0.0,1.0,1.0,9.09,10.85,1.0,1.0,9.09,10.85,0.0,0.0,0.0,0.0,45.45,0.0,45.45,79.6,5.0,5.0,45.45,3.32,3.32,0.42,0.42,0.25,0.5,,0.0,0.5,0.17,1.0,0.44,0.0,9.09,0.09,0.0,0.0
4,高雄全家海神,51|108|111|12668,克力斯/魏莨哲/唐維傑/歐提斯,2,20,24.0,345.77,5.76,05:46,172.89,2.88,02:53,9.0,4.5,37.5,56.22,8.0,4.0,33.33,49.97,8.0,4.0,33.33,49.97,3.0,1.5,12.5,18.74,6.0,3.0,25.0,37.48,2.0,1.0,8.33,12.49,2.0,1.0,8.33,12.49,1.0,0.5,4.17,6.25,2.0,1.0,8.33,12.49,2.0,1.0,8.33,12.49,1.0,0.5,4.17,6.25,4.0,2.0,16.67,24.99,2.0,1.0,8.33,12.49,7.0,3.5,29.17,43.73,2.0,1.0,8.33,12.49,1.0,0.5,4.17,6.25,1.0,0.5,4.17,6.25,2.0,1.0,8.33,12.49,1.0,0.5,4.17,6.25,0.0,0.0,0.0,0.0,37.5,33.33,4.17,99.95,1.0,0.5,4.17,5.76,2.88,0.44,0.51,0.33,0.5,1.0,0.18,0.33,0.12,0.67,0.36,4.17,8.33,0.04,0.0,0.25
4,高雄全家海神,51|108|10891|12668,克力斯/魏莨哲/廖偉皓/歐提斯,1,9,11.0,199.0,3.32,03:19,199.0,3.32,03:19,5.0,5.0,45.45,54.27,0.0,0.0,0.0,0.0,6.0,6.0,54.55,65.13,2.0,2.0,18.18,21.71,4.0,4.0,36.36,43.42,1.0,1.0,9.09,10.85,2.0,2.0,18.18,21.71,1.0,1.0,9.09,10.85,0.0,0.0,0.0,0.0,0.0,0.0,0.0,0.0,1.0,1.0,9.09,10.85,3.0,3.0,27.27,32.56,0.0,0.0,0.0,0.0,5.0,5.0,45.45,54.27,0.0,0.0,0.0,0.0,1.0,1.0,9.09,10.85,0.0,0.0,0.0,0.0,1.0,1.0,9.09,10.85,1.0,1.0,9.09,10.85,0.0,0.0,0.0,0.0,45.45,0.0,45.45,79.6,5.0,5.0,45.45,3.32,3.32,0.42,0.42,0.25,0.5,,0.0,0.5,0.17,1.0,0.44,0.0,9.09,0.09,0.0,0.0
4,高雄全家海神,51|111|10891|12668,克力斯/唐維傑/廖偉皓/歐提斯,1,9,11.0,199.0,3.32,03:19,199.0,3.32,03:19,5.0,5.0,45.45,54.27,0.0,0.0,0.0,0.0,6.0,6.0,54.55,65.13,2.0,2.0,18.18,21.71,4.0,4.0,36.36,43.42,1.0,1.0,9.09,10.85,2.0,2.0,18.18,21.71,1.0,1.0,9.09,10.85,0.0,0.0,0.0,0.0,0.0,0.0,0.0,0.0,1.0,1.0,9.09,10.85,3.0,3.0,27.27,32.56,0.0,0.0,0.0,0.0,5.0,5.0,45.45,54.27,0.0,0.0,0.0,0.0,1.0,1.0,9.09,10.85,0.0,0.0,0.0,0.0,1.0,1.0,9.09,10.85,1.0,1.0,9.09,10.85,0.0,0.0,0.0,0.0,45.45,0.0,45.45,79.6,5.0,5.0,45.45,3.32,3.32,0.42,0.42,0.25,0.5,,0.0,0.5,0.17,1.0,0.44,0.0,9.09,0.09,0.0,0.0
4,高雄全家海神,108|111|10891|12668,魏莨哲/唐維傑/廖偉皓/歐提斯,1,9,11.0,199.0,3.32,03:19,199.0,3.32,03:19,5.0,5.0,45.45,54.27,0.0,0.0,0.0,0.0,6.0,6.0,54.55,65.13,2.0,2.0,18.18,21.71,4.0,4.0,36.36,43.42,1.0,1.0,9.09,10.85,2.0,2.0,18.18,21.71,1.0,1.0,9.09,10.85,0.0,0.0,0.0,0.0,0.0,0.0,0.0,0.0,1.0,1.0,9.09,10.85,3.0,3.0,27.27,32.56,0.0,0.0,0.0,0.0,5.0,5.0,45.45,54.27,0.0,0.0,0.0,0.0,1.0,1.0,9.09,10.85,0.0,0.0,0.0,0.0,1.0,1.0,9.09,10.85,1.0,1.0,9.09,10.85,0.0,0.0,0.0,0.0,45.45,0.0,45.45,79.6,5.0,5.0,45.45,3.32,3.32,0.42,0.42,0.25,0.5,,0.0,0.5,0.17,1.0,0.44,0.0,9.09,0.09,0.0,0.0
4,高雄全家海神,51|111|121|12668,克力斯/唐維傑/吳曉謹/歐提斯,3,27,32.0,406.83,6.78,06:47,135.61,2.26,02:16,17.0,5.67,53.12,90.26,13.0,4.33,40.62,69.02,10.0,3.33,31.25,53.09,6.0,2.0,18.75,31.86,6.0,2.0,18.75,31.86,5.0,1.67,15.62,26.55,4.0,1.33,12.5,21.24,1.0,0.33,3.12,5.31,6.0,2.0,18.75,31.86,4.0,1.33,12.5,21.24,1.0,0.33,3.12,5.31,4.0,1.33,12.5,21.24,2.0,0.67,6.25,10.62,5.0,1.67,15.62,26.55,4.0,1.33,12.5,21.24,4.0,1.33,12.5,21.24,4.0,1.33,12.5,21.24,0.0,0.0,0.0,0.0,3.0,1.0,9.38,15.93,1.0,0.33,3.12,5.31,53.12,40.62,12.5,113.27,4.0,1.33,12.5,6.78,2.26,0.65,0.67,0.83,0.25,0.67,0.24,0.67,0.17,0.67,0.42,12.5,0.0,0.09,3.12,0.6
4,高雄全家海神,51|111|121|13275,克力斯/唐維傑/吳曉謹/吳彥侖,2,28,31.0,348.78,5.81,05:49,174.39,2.91,02:54,17.0,8.5,54.84,105.28,13.0,6.5,41.94,80.51,11.0,5.5,35.48,68.12,6.0,3.0,19.35,37.16,7.0,3.5,22.58,43.35,4.0,2.0,12.9,24.77,4.0,2.0,12.9,24.77,2.0,1.0,6.45,12.39,5.0,2.5,16.13,30.96,3.0,1.5,9.68,18.58,1.0,0.5,3.23,6.19,6.0,3.0,19.35,37.16,1.0,0.5,3.23,6.19,6.0,3.0,19.35,37.16,2.0,1.0,6.45,12.39,7.0,3.5,22.58,43.35,2.0,1.0,6.45,12.39,0.0,0.0,0.0,0.0,2.0,1.0,6.45,12.39,4.0,2.0,12.9,24.77,54.84,41.94,12.9,127.99,4.0,2.0,12.9,5.81,2.91,0.64,0.64,0.57,0.5,0.6,0.13,1.17,0.14,0.86,0.5,6.45,0.0,0.06,12.9,0.45
4,高雄全家海神,51|111|12668|13275,克力斯/唐維傑/歐提斯/吳彥侖,3,23,27.0,299.57,4.99,05:00,99.86,1.66,01:40,10.0,3.33,37.04,72.1,16.0,5.33,59.26,115.36,5.0,1.67,18.52,36.05,4.0,1.33,14.81,28.84,4.0,1.33,14.81,28.84,3.0,1.0,11.11,21.63,1.0,0.33,3.7,7.21,1.0,0.33,3.7,7.21,3.0,1.0,11.11,21.63,1.0,0.33,3.7,7.21,0.0,0.0,0.0,0.0,3.0,1.0,11.11,21.63,3.0,1.0,11.11,21.63,3.0,1.0,11.11,21.63,5.0,1.67,18.52,36.05,4.0,1.33,14.81,28.84,3.0,1.0,11.11,21.63,1.0,0.33,3.7,7.21,1.0,0.33,3.7,7.21,0.0,0.0,0.0,0.0,37.04,59.26,-22.22,129.78,-6.0,-2.0,-22.22,4.99,1.66,0.9,0.79,0.75,1.0,0.33,0.44,1.0,0.0,0.5,0.33,11.11,3.7,0.04,0.0,0.6
4,高雄全家海神,111|121|12668|13275,唐維傑/吳曉謹/歐提斯/吳彥侖,2,15,19.0,193.64,3.23,03:14,96.82,1.61,01:37,12.0,6.0,63.16,133.86,9.0,4.5,47.37,100.39,5.0,2.5,26.32,55.77,4.0,2.0,21.05,44.62,3.0,1.5,15.79,33.46,2.0,1.0,10.53,22.31,2.0,1.0,10.53,22.31,2.0,1.0,10.53,22.31,5.0,2.5,26.32,55.77,2.0,1.0,10.53,22.31,1.0,0.5,5.26,11.15,2.0,1.0,10.53,22.31,2.0,1.0,10.53,22.31,1.0,0.5,5.26,11.15,2.0,1.0,10.53,22.31,5.0,2.5,26.32,55.77,2.0,1.0,10.53,22.31,0.0,0.0,0.0,0.0,2.0,1.0,10.53,22.31,2.0,1.0,10.53,22.31,63.16,47.37,15.79,141.3,3.0,1.5,15.79,3.23,1.61,1.0,0.83,0.67,1.0,0.4,0.22,1.25,0.5,0.5,0.5,10.53,0.0,0.11,10.53,1.0
4,福爾摩沙夢想家,79|83|99|106,張宗憲/吳家駿/盧冠良/高柏鎧,1,4,6.0,72.49,1.21,01:12,72.49,1.21,01:12,4.0,4.0,66.67,119.19,6.0,6.0,100.0,178.78,3.0,3.0,50.0,89.39,2.0,2.0,33.33,59.59,3.0,3.0,50.0,89.39,2.0,2.0,33.33,59.59,0.0,0.0,0.0,0.0,0.0,0.0,0.0,0.0,0.0,0.0,0.0,0.0,0.0,0.0,0.0,0.0,1.0,1.0,16.67,29.8,0.0,0.0,0.0,0.0,0.0,0.0,0.0,0.0,1.0,1.0,16.67,29.8,0.0,0.0,0.0,0.0,0.0,0.0,0.0,0.0,0.0,0.0,0.0,0.0,0.0,0.0,0.0,0.0,0.0,0.0,0.0,0.0,2.0,2.0,33.33,59.59,66.67,100.0,-33.33,119.19,-2.0,-2.0,-33.33,1.21,1.21,0.67,0.67,0.67,,,0.0,0.0,0.5,,0.5,0.0,0.0,0.0,33.33,0.0
4,福爾摩沙夢想家,79|83|99|10890,張宗憲/吳家駿/盧冠良/湯普金斯,1,4,6.0,72.49,1.21,01:12,72.49,1.21,01:12,4.0,4.0,66.67,119.19,6.0,6.0,100.0,178.78,3.0,3.0,50.0,89.39,2.0,2.0,33.33,59.59,3.0,3.0,50.0,89.39,2.0,2.0,33.33,59.59,0.0,0.0,0.0,0.0,0.0,0.0,0.0,0.0,0.0,0.0,0.0,0.0,0.0,0.0,0.0,0.0,1.0,1.0,16.67,29.8,0.0,0.0,0.0,0.0,0.0,0.0,0.0,0.0,1.0,1.0,16.67,29.8,0.0,0.0,0.0,0.0,0.0,0.0,0.0,0.0,0.0,0.0,0.0,0.0,0.0,0.0,0.0,0.0,0.0,0.0,0.0,0.0,2.0,2.0,33.33,59.59,66.67,100.0,-33.33,119.19,-2.0,-2.0,-33.33,1.21,1.21,0.67,0.67,0.67,,,0.0,0.0,0.5,,0.5,0.0,0.0,0.0,33.33,0.0
4,福爾摩沙夢想家,89|91|103|10890,蔣淯安/簡偉儒/忻沃克/湯普金斯,2,11,13.0,137.82,2.3,02:18,68.91,1.15,01:09,6.0,3.0,46.15,94.03,2.0,1.0,15.38,31.34,5.0,2.5,38.46,78.36,1.0,0.5,7.69,15.67,2.0,1.0,15.38,31.34,1.0,0.5,7.69,15.67,3.0,1.5,23.08,47.02,0.0,0.0,0.0,0.0,4.0,2.0,30.77,62.69,4.0,2.0,30.77,62.69,2.0,1.0,15.38,31.34,2.0,1.0,15.38,31.34,0.0,0.0,0.0,0.0,2.0,1.0,15.38,31.34,1.0,0.5,7.69,15.67,1.0,0.5,7.69,15.67,0.0,0.0,0.0,0.0,0.0,0.0,0.0,0.0,3.0,1.5,23.08,47.02,0.0,0.0,0.0,0.0,46.15,15.38,30.77,135.83,4.0,2.0,30.77,2.3,1.15,0.2,0.44,0.5,0.0,1.0,0.13,1.0,0.5,1.0,0.67,0.0,0.0,0.23,0.0,0.8
4,福爾摩沙夢想家,91|103|107|10890,簡偉儒/忻沃克/霍爾曼/湯普金斯,3,14,17.0,251.55,4.19,04:12,83.85,1.4,01:24,6.0,2.0,35.29,51.52,8.0,2.67,47.06,68.69,4.0,1.33,23.53,34.35,2.0,0.67,11.76,17.17,2.0,0.67,11.76,17.17,2.0,0.67,11.76,17.17,2.0,0.67,11.76,17.17,0.0,0.0,0.0,0.0,2.0,0.67,11.76,17.17,2.0,0.67,11.76,17.17,1.0,0.33,5.88,8.59,1.0,0.33,5.88,8.59,2.0,0.67,11.76,17.17,4.0,1.33,23.53,34.35,2.0,0.67,11.76,17.17,2.0,0.67,11.76,17.17,0.0,0.0,0.0,0.0,0.0,0.0,0.0,0.0,2.0,0.67,11.76,17.17,0.0,0.0,0.0,0.0,35.29,47.06,-11.76,97.32,-2.0,-0.67,-11.76,4.19,1.4,0.5,0.61,1.0,0.0,1.0,0.29,1.0,0.2,0.33,0.25,0.0,0.0,0.12,0.0,0.5
4,福爾摩沙夢想家,89|91|97|101,蔣淯安/簡偉儒/史承平/周柏臣,2,7,11.0,126.0,2.1,02:06,63.0,1.05,01:03,2.0,1.0,18.18,34.29,2.0,1.0,18.18,34.29,5.0,2.5,45.45,85.71,1.0,0.5,9.09,17.14,3.0,1.5,27.27,51.43,1.0,0.5,9.09,17.14,2.0,1.0,18.18,34.29,0.0,0.0,0.0,0.0,0.0,0.0,0.0,0.0,0.0,0.0,0.0,0.0,2.0,1.0,18.18,34.29,2.0,1.0,18.18,34.29,1.0,0.5,9.09,17.14,1.0,0.5,9.09,17.14,0.0,0.0,0.0,0.0,0.0,0.0,0.0,0.0,0.0,0.0,0.0,0.0,0.0,0.0,0.0,0.0,0.0,0.0,0.0,0.0,0.0,0.0,0.0,0.0,18.18,18.18,0.0,125.71,0.0,0.0,0.0,2.1,1.05,0.2,0.2,0.33,0.0,,0.0,0.0,0.67,0.67,0.67,0.0,0.0,0.0,0.0,0.0
4,福爾摩沙夢想家,89|91|101|106,蔣淯安/簡偉儒/周柏臣/高柏鎧,1,4,5.0,66.0,1.1,01:06,66.0,1.1,01:06,0.0,0.0,0.0,0.0,2.0,2.0,40.0,65.45,2.0,2.0,40.0,65.45,0.0,0.0,0.0,0.0,0.0,0.0,0.0,0.0,0.0,0.0,0.0,0.0,2.0,2.0,40.0,65.45,0.0,0.0,0.0,0.0,0.0,0.0,0.0,0.0,0.0,0.0,0.0,0.0,0.0,0.0,0.0,0.0,2.0,2.0,40.0,65.45,0.0,0.0,0.0,0.0,0.0,0.0,0.0,0.0,0.0,0.0,0.0,0.0,0.0,0.0,0.0,0.0,0.0,0.0,0.0,0.0,0.0,0.0,0.0,0.0,0.0,0.0,0.0,0.0,0.0,0.0,0.0,0.0,0.0,40.0,-40.0,109.09,-2.0,-2.0,-40.0,1.1,1.1,0.0,0.0,,0.0,,0.0,,,1.0,1.0,0.0,0.0,0.0,0.0,0.0
4,福爾摩沙夢想家,89|97|101|106,蔣淯安/史承平/周柏臣/高柏鎧,1,4,5.0,66.0,1.1,01:06,66.0,1.1,01:06,0.0,0.0,0.0,0.0,2.0,2.0,40.0,65.45,2.0,2.0,40.0,65.45,0.0,0.0,0.0,0.0,0.0,0.0,0.0,0.0,0.0,0.0,0.0,0.0,2.0,2.0,40.0,65.45,0.0,0.0,0.0,0.0,0.0,0.0,0.0,0.0,0.0,0.0,0.0,0.0,0.0,0.0,0.0,0.0,2.0,2.0,40.0,65.45,0.0,0.0,0.0,0.0,0.0,0.0,0.0,0.0,0.0,0.0,0.0,0.0,0.0,0.0,0.0,0.0,0.0,0.0,0.0,0.0,0.0,0.0,0.0,0.0,0.0,0.0,0.0,0.0,0.0,0.0,0.0,0.0,0.0,40.0,-40.0,109.09,-2.0,-2.0,-40.0,1.1,1.1,0.0,0.0,,0.0,,0.0,,,1.0,1.0,0.0,0.0,0.0,0.0,0.0
4,福爾摩沙夢想家,91|97|101|106,簡偉儒/史承平/周柏臣/高柏鎧,1,4,5.0,66.0,1.1,01:06,66.0,1.1,01:06,0.0,0.0,0.0,0.0,2.0,2.0,40.0,65.45,2.0,2.0,40.0,65.45,0.0,0.0,0.0,0.0,0.0,0.0,0.0,0.0,0.0,0.0,0.0,0.0,2.0,2.0,40.0,65.45,0.0,0.0,0.0,0.0,0.0,0.0,0.0,0.0,0.0,0.0,0.0,0.0,0.0,0.0,0.0,0.0,2.0,2.0,40.0,65.45,0.0,0.0,0.0,0.0,0.0,0.0,0.0,0.0,0.0,0.0,0.0,0.0,0.0,0.0,0.0,0.0,0.0,0.0,0.0,0.0,0.0,0.0,0.0,0.0,0.0,0.0,0.0,0.0,0.0,0.0,0.0,0.0,0.0,40.0,-40.0,109.09,-2.0,-2.0,-40.0,1.1,1.1,0.0,0.0,,0.0,,0.0,,,1.0,1.0,0.0,0.0,0.0,0.0,0.0
4,高雄全家海神,108|111|116|123,魏莨哲/唐維傑/呂威霆/勤明慶,1,7,11.0,145.0,2.42,02:25,145.0,2.42,02:25,2.0,2.0,18.18,29.79,4.0,4.0,36.36,59.59,4.0,4.0,36.36,59.59,1.0,1.0,9.09,14.9,4.0,4.0,36.36,59.59,1.0,1.0,9.09,14.9,0.0,0.0,0.0,0.0,0.0,0.0,0.0,0.0,0.0,0.0,0.0,0.0,0.0,0.0,0.0,0.0,1.0,1.0,9.09,14.9,2.0,2.0,18.18,29.79,2.0,2.0,18.18,29.79,1.0,1.0,9.09,14.9,1.0,1.0,9.09,14.9,0.0,0.0,0.0,0.0,1.0,1.0,9.09,14.9,0.0,0.0,0.0,0.0,0.0,0.0,0.0,0.0,0.0,0.0,0.0,0.0,18.18,36.36,-18.18,109.24,-2.0,-2.0,-18.18,2.42,2.42,0.25,0.25,0.25,,,0.2,0.0,0.5,0.5,0.5,9.09,0.0,0.0,0.0,0.0
4,高雄全家海神,108|111|116|10891,魏莨哲/唐維傑/呂威霆/廖偉皓,2,23,30.0,341.03,5.68,05:41,170.52,2.84,02:51,4.0,2.0,13.33,25.33,10.0,5.0,33.33,63.34,13.0,6.5,43.33,82.34,1.0,0.5,3.33,6.33,12.0,6.0,40.0,76.0,1.0,0.5,3.33,6.33,1.0,0.5,3.33,6.33,0.0,0.0,0.0,0.0,2.0,1.0,6.67,12.67,2.0,1.0,6.67,12.67,3.0,1.5,10.0,19.0,7.0,3.5,23.33,44.34,2.0,1.0,6.67,12.67,5.0,2.5,16.67,31.67,2.0,1.0,6.67,12.67,0.0,0.0,0.0,0.0,1.0,0.5,3.33,6.33,0.0,0.0,0.0,0.0,1.0,0.5,3.33,6.33,4.0,2.0,13.33,25.33,13.33,33.33,-20.0,126.67,-6.0,-3.0,-20.0,5.68,2.84,0.08,0.14,0.08,0.0,1.0,0.13,0.0,0.38,0.78,0.59,3.33,0.0,0.03,13.33,0.15
4,高雄全家海神,108|111|123|10891,魏莨哲/唐維傑/勤明慶/廖偉皓,1,7,11.0,145.0,2.42,02:25,145.0,2.42,02:25,2.0,2.0,18.18,29.79,4.0,4.0,36.36,59.59,4.0,4.0,36.36,59.59,1.0,1.0,9.09,14.9,4.0,4.0,36.36,59.59,1.0,1.0,9.09,14.9,0.0,0.0,0.0,0.0,0.0,0.0,0.0,0.0,0.0,0.0,0.0,0.0,0.0,0.0,0.0,0.0,1.0,1.0,9.09,14.9,2.0,2.0,18.18,29.79,2.0,2.0,18.18,29.79,1.0,1.0,9.09,14.9,1.0,1.0,9.09,14.9,0.0,0.0,0.0,0.0,1.0,1.0,9.09,14.9,0.0,0.0,0.0,0.0,0.0,0.0,0.0,0.0,0.0,0.0,0.0,0.0,18.18,36.36,-18.18,109.24,-2.0,-2.0,-18.18,2.42,2.42,0.25,0.25,0.25,,,0.2,0.0,0.5,0.5,0.5,9.09,0.0,0.0,0.0,0.0
4,高雄全家海神,108|116|123|10891,魏莨哲/呂威霆/勤明慶/廖偉皓,2,23,30.0,408.61,6.81,06:49,204.31,3.41,03:24,12.0,6.0,40.0,63.43,10.0,5.0,33.33,52.86,10.0,5.0,33.33,52.86,4.0,2.0,13.33,21.14,7.0,3.5,23.33,37.0,2.0,1.0,6.67,10.57,3.0,1.5,10.0,15.86,2.0,1.0,6.67,10.57,4.0,2.0,13.33,21.14,2.0,1.0,6.67,10.57,2.0,1.0,6.67,10.57,5.0,2.5,16.67,26.43,3.0,1.5,10.0,15.86,5.0,2.5,16.67,26.43,3.0,1.5,10.0,15.86,0.0,0.0,0.0,0.0,2.0,1.0,6.67,10.57,0.0,0.0,0.0,0.0,3.0,1.5,10.0,15.86,8.0,4.0,26.67,42.29,40.0,33.33,6.67,105.72,2.0,1.0,6.67,6.81,3.41,0.5,0.51,0.29,0.67,0.5,0.2,0.0,0.29,0.62,0.47,6.67,0.0,0.1,26.67,0.4
4,高雄全家海神,111|116|123|10891,唐維傑/呂威霆/勤明慶/廖偉皓,2,14,21.0,273.51,4.56,04:34,136.75,2.28,02:17,5.0,2.5,23.81,39.49,7.0,3.5,33.33,55.28,9.0,4.5,42.86,71.08,1.0,0.5,4.76,7.9,7.0,3.5,33.33,55.28,1.0,0.5,4.76,7.9,2.0,1.0,9.52,15.79,0.0,0.0,0.0,0.0,3.0,1.5,14.29,23.69,3.0,1.5,14.29,23.69,3.0,1.5,14.29,23.69,5.0,2.5,23.81,39.49,3.0,1.5,14.29,23.69,3.0,1.5,14.29,23.69,1.0,0.5,4.76,7.9,0.0,0.0,0.0,0.0,1.0,0.5,4.76,7.9,1.0,0.5,4.76,7.9,0.0,0.0,0.0,0.0,0.0,0.0,0.0,0.0,23.81,33.33,-9.52,110.56,-2.0,-1.0,-9.52,4.56,2.28,0.11,0.24,0.14,0.0,1.0,0.09,0.0,0.5,0.62,0.57,4.76,4.76,0.0,0.0,0.33
4,福爾摩沙夢想家,89|91|95|97,蔣淯安/簡偉儒/李德威/史承平,2,3,6.0,60.0,1.0,01:00,30.0,0.5,00:30,2.0,1.0,33.33,72.0,0.0,0.0,0.0,0.0,3.0,1.5,50.0,108.0,1.0,0.5,16.67,36.0,3.0,1.5,50.0,108.0,1.0,0.5,16.67,36.0,0.0,0.0,0.0,0.0,0.0,0.0,0.0,0.0,0.0,0.0,0.0,0.0,0.0,0.0,0.0,0.0,2.0,1.0,33.33,72.0,0.0,0.0,0.0,0.0,1.0,0.5,16.67,36.0,1.0,0.5,16.67,36.0,0.0,0.0,0.0,0.0,0.0,0.0,0.0,0.0,0.0,0.0,0.0,0.0,0.0,0.0,0.0,0.0,0.0,0.0,0.0,0.0,0.0,0.0,0.0,0.0,33.33,0.0,33.33,144.0,2.0,1.0,33.33,1.0,0.5,0.33,0.33,0.33,,,0.0,0.0,0.67,0.0,0.5,0.0,0.0,0.0,0.0,0.0
4,福爾摩沙夢想家,89|91|95|101,蔣淯安/簡偉儒/李德威/周柏臣,2,3,6.0,60.0,1.0,01:00,30.0,0.5,00:30,2.0,1.0,33.33,72.0,0.0,0.0,0.0,0.0,3.0,1.5,50.0,108.0,1.0,0.5,16.67,36.0,3.0,1.5,50.0,108.0,1.0,0.5,16.67,36.0,0.0,0.0,0.0,0.0,0.0,0.0,0.0,0.0,0.0,0.0,0.0,0.0,0.0,0.0,0.0,0.0,2.0,1.0,33.33,72.0,0.0,0.0,0.0,0.0,1.0,0.5,16.67,36.0,1.0,0.5,16.67,36.0,0.0,0.0,0.0,0.0,0.0,0.0,0.0,0.0,0.0,0.0,0.0,0.0,0.0,0.0,0.0,0.0,0.0,0.0,0.0,0.0,0.0,0.0,0.0,0.0,33.33,0.0,33.33,144.0,2.0,1.0,33.33,1.0,0.5,0.33,0.33,0.33,,,0.0,0.0,0.67,0.0,0.5,0.0,0.0,0.0,0.0,0.0
4,福爾摩沙夢想家,89|95|97|101,蔣淯安/李德威/史承平/周柏臣,3,4,7.0,79.0,1.32,01:19,26.33,0.44,00:26,2.0,0.67,28.57,54.68,0.0,0.0,0.0,0.0,3.0,1.0,42.86,82.03,1.0,0.33,14.29,27.34,3.0,1.0,42.86,82.03,1.0,0.33,14.29,27.34,0.0,0.0,0.0,0.0,0.0,0.0,0.0,0.0,0.0,0.0,0.0,0.0,0.0,0.0,0.0,0.0,2.0,0.67,28.57,54.68,0.0,0.0,0.0,0.0,1.0,0.33,14.29,27.34,2.0,0.67,28.57,54.68,0.0,0.0,0.0,0.0,0.0,0.0,0.0,0.0,0.0,0.0,0.0,0.0,0.0,0.0,0.0,0.0,0.0,0.0,0.0,0.0,0.0,0.0,0.0,0.0,28.57,0.0,28.57,127.59,2.0,0.67,28.57,1.32,0.44,0.33,0.33,0.33,,,0.0,0.0,0.5,0.0,0.4,0.0,0.0,0.0,0.0,0.0
4,新北國王,24|29|34|13029,蘇士軒/林書緯/沃許本/杰倫,12,634,732.0,11021.82,183.7,183:42,918.48,15.31,15:18,367.0,30.58,50.14,71.92,371.0,30.92,50.68,72.71,289.0,24.08,39.48,56.64,142.0,11.83,19.4,27.83,172.0,14.33,23.5,33.71,99.0,8.25,13.52,19.4,117.0,9.75,15.98,22.93,43.0,3.58,5.87,8.43,44.0,3.67,6.01,8.62,35.0,2.92,4.78,6.86,38.0,3.17,5.19,7.45,110.0,9.17,15.03,21.56,41.0,3.42,5.6,8.03,103.0,8.58,14.07,20.19,49.0,4.08,6.69,9.6,67.0,5.58,9.15,13.13,31.0,2.58,4.23,6.08,10.0,0.83,1.37,1.96,45.0,3.75,6.15,8.82,33.0,2.75,4.51,6.47,50.14,50.68,-0.55,95.64,-4.0,-0.33,-0.55,183.7,15.31,0.57,0.6,0.58,0.37,0.8,0.14,0.47,0.27,0.73,0.51,4.23,1.37,0.06,4.51,0.15
4,新北國王,24|29|10874|13029,蘇士軒/林書緯/熊祥泰/杰倫,10,114,134.0,1760.54,29.34,29:21,176.05,2.93,02:56,54.0,5.4,40.3,66.25,64.0,6.4,47.76,78.52,54.0,5.4,40.3,66.25,21.0,2.1,15.67,25.76,25.0,2.5,18.66,30.67,11.0,1.1,8.21,13.5,29.0,2.9,21.64,35.58,10.0,1.0,7.46,12.27,3.0,0.3,2.24,3.68,2.0,0.2,1.49,2.45,12.0,1.2,8.96,14.72,20.0,2.0,14.93,24.54,5.0,0.5,3.73,6.13,19.0,1.9,14.18,23.31,11.0,1.1,8.21,13.5,10.0,1.0,7.46,12.27,8.0,0.8,5.97,9.82,3.0,0.3,2.24,3.68,7.0,0.7,5.22,8.59,16.0,1.6,11.94,19.63,40.3,47.76,-7.46,109.6,-10.0,-1.0,-7.46,29.34,2.93,0.48,0.49,0.44,0.34,0.67,0.17,0.48,0.39,0.8,0.57,5.97,2.24,0.05,11.94,0.06
4,新北國王,24|34|10874|13029,蘇士軒/沃許本/熊祥泰/杰倫,6,92,116.0,1460.74,24.35,24:21,243.46,4.06,04:03,35.0,5.83,30.17,51.75,54.0,9.0,46.55,79.85,43.0,7.17,37.07,63.58,13.0,2.17,11.21,19.22,20.0,3.33,17.24,29.57,8.0,1.33,6.9,11.83,23.0,3.83,19.83,34.01,5.0,0.83,4.31,7.39,8.0,1.33,6.9,11.83,4.0,0.67,3.45,5.91,12.0,2.0,10.34,17.74,17.0,2.83,14.66,25.14,7.0,1.17,6.03,10.35,17.0,2.83,14.66,25.14,12.0,2.0,10.34,17.74,6.0,1.0,5.17,8.87,8.0,1.33,6.9,11.83,3.0,0.5,2.59,4.44,6.0,1.0,5.17,8.87,8.0,1.33,6.9,11.83,30.17,46.55,-16.38,114.35,-19.0,-3.17,-16.38,24.35,4.06,0.36,0.38,0.4,0.22,0.5,0.21,0.46,0.41,0.71,0.55,6.9,2.59,0.05,6.9,0.19
4,新北國王,29|34|10874|13029,林書緯/沃許本/熊祥泰/杰倫,10,204,253.0,3282.24,54.7,54:42,328.22,5.47,05:28,115.0,11.5,45.45,75.68,91.0,9.1,35.97,59.89,107.0,10.7,42.29,70.42,42.0,4.2,16.6,27.64,59.0,5.9,23.32,38.83,28.0,2.8,11.07,18.43,48.0,4.8,18.97,31.59,14.0,1.4,5.53,9.21,22.0,2.2,8.7,14.48,17.0,1.7,6.72,11.19,29.0,2.9,11.46,19.08,35.0,3.5,13.83,23.03,12.0,1.2,4.74,7.9,41.0,4.1,16.21,26.98,18.0,1.8,7.11,11.85,24.0,2.4,9.49,15.79,11.0,1.1,4.35,7.24,4.0,0.4,1.58,2.63,19.0,1.9,7.51,12.5,19.0,1.9,7.51,12.5,45.45,35.97,9.49,111.0,24.0,2.4,9.49,54.7,5.47,0.46,0.49,0.47,0.29,0.77,0.13,0.57,0.41,0.74,0.55,4.35,1.58,0.08,7.51,0.21
4,新北國王,24|29|10872|13029,蘇士軒/林書緯/林彥廷/杰倫,11,297,336.0,5475.85,91.26,91:16,497.8,8.3,08:18,175.0,15.91,52.08,69.03,174.0,15.82,51.79,68.64,133.0,12.09,39.58,52.46,69.0,6.27,20.54,27.22,82.0,7.45,24.4,32.35,48.0,4.36,14.29,18.93,51.0,4.64,15.18,20.12,21.0,1.91,6.25,8.28,20.0,1.82,5.95,7.89,13.0,1.18,3.87,5.13,14.0,1.27,4.17,5.52,52.0,4.73,15.48,20.51,17.0,1.55,5.06,6.71,51.0,4.64,15.18,20.12,21.0,1.91,6.25,8.28,34.0,3.09,10.12,13.41,12.0,1.09,3.57,4.73,3.0,0.27,0.89,1.18,18.0,1.64,5.36,7.1,18.0,1.64,5.36,7.1,52.08,51.79,0.3,88.36,1.0,0.09,0.3,91.26,8.3,0.6,0.62,0.59,0.41,0.65,0.13,0.49,0.22,0.75,0.49,3.57,0.89,0.05,5.36,0.15
4,新北國王,24|34|10872|13029,蘇士軒/沃許本/林彥廷/杰倫,12,292,328.0,5348.5,89.14,89:08,445.71,7.43,07:26,175.0,14.58,53.35,70.67,164.0,13.67,50.0,66.23,121.0,10.08,36.89,48.87,67.0,5.58,20.43,27.06,78.0,6.5,23.78,31.5,46.0,3.83,14.02,18.58,43.0,3.58,13.11,17.37,21.0,1.75,6.4,8.48,27.0,2.25,8.23,10.9,17.0,1.42,5.18,6.87,6.0,0.5,1.83,2.42,53.0,4.42,16.16,21.4,20.0,1.67,6.1,8.08,49.0,4.08,14.94,19.79,20.0,1.67,6.1,8.08,35.0,2.92,10.67,14.13,11.0,0.92,3.35,4.44,1.0,0.08,0.3,0.4,27.0,2.25,8.23,10.9,13.0,1.08,3.96,5.25,53.35,50.0,3.35,88.31,11.0,0.92,3.35,89.14,7.43,0.64,0.66,0.59,0.49,0.63,0.13,0.52,0.11,0.73,0.46,3.35,0.3,0.08,3.96,0.22
4,新北國王,29|34|10872|13029,林書緯/沃許本/林彥廷/杰倫,11,331,386.0,6035.26,100.59,100:35,548.66,9.14,09:09,208.0,18.91,53.89,74.44,174.0,15.82,45.08,62.27,151.0,13.73,39.12,54.04,79.0,7.18,20.47,28.27,89.0,8.09,23.06,31.85,52.0,4.73,13.47,18.61,62.0,5.64,16.06,22.19,27.0,2.45,6.99,9.66,28.0,2.55,7.25,10.02,20.0,1.82,5.18,7.16,18.0,1.64,4.66,6.44,56.0,5.09,14.51,20.04,25.0,2.27,6.48,8.95,58.0,5.27,15.03,20.76,23.0,2.09,5.96,8.23,46.0,4.18,11.92,16.46,12.0,1.09,3.11,4.29,1.0,0.09,0.26,0.36,30.0,2.73,7.77,10.74,26.0,2.36,6.74,9.31,53.89,45.08,8.81,92.1,34.0,3.09,8.81,100.59,9.14,0.61,0.64,0.58,0.44,0.71,0.12,0.58,0.24,0.69,0.47,3.11,0.26,0.08,6.74,0.19
4,新北國王,24|10872|10874|13029,蘇士軒/林彥廷/熊祥泰/杰倫,7,67,73.0,1006.78,16.78,16:47,143.83,2.4,02:24,34.0,4.86,46.58,72.95,32.0,4.57,43.84,68.65,26.0,3.71,35.62,55.78,12.0,1.71,16.44,25.75,14.0,2.0,19.18,30.04,6.0,0.86,8.22,12.87,12.0,1.71,16.44,25.75,6.0,0.86,8.22,12.87,6.0,0.86,8.22,12.87,4.0,0.57,5.48,8.58,1.0,0.14,1.37,2.15,14.0,2.0,19.18,30.04,2.0,0.29,2.74,4.29,10.0,1.43,13.7,21.45,4.0,0.57,5.48,8.58,11.0,1.57,15.07,23.6,2.0,0.29,2.74,4.29,0.0,0.0,0.0,0.0,4.0,0.57,5.48,8.58,7.0,1.0,9.59,15.02,46.58,43.84,2.74,104.41,2.0,0.29,2.74,16.78,2.4,0.58,0.59,0.43,0.5,0.67,0.12,0.92,0.09,0.88,0.56,2.74,0.0,0.05,9.59,0.23
4,新北國王,24|10872|10875|13029,蘇士軒/林彥廷/傑登/杰倫,6,93,109.0,1423.29,23.72,23:43,237.21,3.95,03:57,41.0,6.83,37.61,62.22,50.0,8.33,45.87,75.88,47.0,7.83,43.12,71.33,18.0,3.0,16.51,27.32,32.0,5.33,29.36,48.56,14.0,2.33,12.84,21.25,15.0,2.5,13.76,22.76,4.0,0.67,3.67,6.07,7.0,1.17,6.42,10.62,3.0,0.5,2.75,4.55,13.0,2.17,11.93,19.73,17.0,2.83,15.6,25.8,2.0,0.33,1.83,3.04,18.0,3.0,16.51,27.32,6.0,1.0,5.5,9.11,13.0,2.17,11.93,19.73,4.0,0.67,3.67,6.07,2.0,0.33,1.83,3.04,6.0,1.0,5.5,9.11,12.0,2.0,11.01,18.21,37.61,45.87,-8.26,110.28,-9.0,-1.5,-8.26,23.72,3.95,0.43,0.41,0.44,0.27,0.43,0.11,0.72,0.42,0.89,0.6,3.67,1.83,0.06,11.01,0.15
4,新北國王,24|10874|10875|13029,蘇士軒/熊祥泰/傑登/杰倫,3,27,28.0,416.13,6.94,06:56,138.71,2.31,02:19,12.0,4.0,42.86,62.29,11.0,3.67,39.29,57.1,10.0,3.33,35.71,51.91,5.0,1.67,17.86,25.95,8.0,2.67,28.57,41.53,3.0,1.0,10.71,15.57,2.0,0.67,7.14,10.38,2.0,0.67,7.14,10.38,0.0,0.0,0.0,0.0,0.0,0.0,0.0,0.0,1.0,0.33,3.57,5.19,4.0,1.33,14.29,20.76,0.0,0.0,0.0,0.0,2.0,0.67,7.14,10.38,3.0,1.0,10.71,15.57,4.0,1.33,14.29,20.76,2.0,0.67,7.14,10.38,0.0,0.0,0.0,0.0,0.0,0.0,0.0,0.0,2.0,0.67,7.14,10.38,42.86,39.29,3.57,96.89,1.0,0.33,3.57,6.94,2.31,0.6,0.6,0.38,1.0,,0.23,0.8,0.33,1.0,0.71,7.14,0.0,0.0,7.14,0.0
4,新北國王,10872|10874|10875|13029,林彥廷/熊祥泰/傑登/杰倫,4,43,50.0,668.79,11.15,11:09,167.2,2.79,02:47,21.0,5.25,42.0,67.82,21.0,5.25,42.0,67.82,20.0,5.0,40.0,64.59,8.0,2.0,16.0,25.84,14.0,3.5,28.0,45.22,5.0,1.25,10.0,16.15,6.0,1.5,12.0,19.38,3.0,0.75,6.0,9.69,2.0,0.5,4.0,6.46,2.0,0.5,4.0,6.46,3.0,0.75,6.0,9.69,9.0,2.25,18.0,29.07,5.0,1.25,10.0,16.15,4.0,1.0,8.0,12.92,2.0,0.5,4.0,6.46,5.0,1.25,10.0,16.15,1.0,0.25,2.0,3.23,0.0,0.0,0.0,0.0,5.0,1.25,10.0,16.15,4.0,1.0,8.0,12.92,42.0,42.0,0.0,107.66,0.0,0.0,0.0,11.15,2.79,0.48,0.5,0.36,0.5,1.0,0.09,0.62,0.43,0.64,0.57,2.0,0.0,0.1,8.0,0.1
4,新北中信特攻,39|44|8889|10879,魏嘉豪/黃泓瀚/馬可/簡廷兆,2,17,19.0,238.28,3.97,03:58,119.14,1.99,01:59,14.0,7.0,73.68,126.91,10.0,5.0,52.63,90.65,9.0,4.5,47.37,81.58,5.0,2.5,26.32,45.32,7.0,3.5,36.84,63.45,3.0,1.5,15.79,27.19,2.0,1.0,10.53,18.13,2.0,1.0,10.53,18.13,2.0,1.0,10.53,18.13,2.0,1.0,10.53,18.13,2.0,1.0,10.53,18.13,2.0,1.0,10.53,18.13,1.0,0.5,5.26,9.06,1.0,0.5,5.26,9.06,0.0,0.0,0.0,0.0,3.0,1.5,15.79,27.19,0.0,0.0,0.0,0.0,0.0,0.0,0.0,0.0,1.0,0.5,5.26,9.06,0.0,0.0,0.0,0.0,73.68,52.63,21.05,114.82,4.0,2.0,21.05,3.97,1.99,0.67,0.71,0.43,1.0,1.0,0.0,0.6,0.67,0.67,0.67,0.0,0.0,0.05,0.0,0.22
4,新北中信特攻,44|8889|10879|10880,黃泓瀚/馬可/簡廷兆/內馬,2,51,58.0,764.91,12.75,12:45,382.46,6.37,06:22,29.0,14.5,50.0,81.89,31.0,15.5,53.45,87.54,21.0,10.5,36.21,59.3,9.0,4.5,15.52,25.41,13.0,6.5,22.41,36.71,5.0,2.5,8.62,14.12,8.0,4.0,13.79,22.59,4.0,2.0,6.9,11.3,8.0,4.0,13.79,22.59,7.0,3.5,12.07,19.77,4.0,2.0,6.9,11.3,8.0,4.0,13.79,22.59,3.0,1.5,5.17,8.47,7.0,3.5,12.07,19.77,3.0,1.5,5.17,8.47,6.0,3.0,10.34,16.94,1.0,0.5,1.72,2.82,2.0,1.0,3.45,5.65,6.0,3.0,10.34,16.94,5.0,2.5,8.62,14.12,50.0,53.45,-3.45,109.19,-2.0,-1.0,-3.45,12.75,6.37,0.52,0.59,0.38,0.5,0.88,0.11,0.67,0.36,0.73,0.55,1.72,3.45,0.1,8.62,0.38
4,新北國王,23|10872|10874|10875,王柏智/林彥廷/熊祥泰/傑登,3,22,26.0,366.41,6.11,06:06,122.14,2.04,02:02,19.0,6.33,73.08,112.01,16.0,5.33,61.54,94.32,11.0,3.67,42.31,64.85,7.0,2.33,26.92,41.27,7.0,2.33,26.92,41.27,4.0,1.33,15.38,23.58,4.0,1.33,15.38,23.58,3.0,1.0,11.54,17.69,2.0,0.67,7.69,11.79,2.0,0.67,7.69,11.79,1.0,0.33,3.85,5.9,3.0,1.0,11.54,17.69,4.0,1.33,15.38,23.58,3.0,1.0,11.54,17.69,0.0,0.0,0.0,0.0,4.0,1.33,15.38,23.58,0.0,0.0,0.0,0.0,0.0,0.0,0.0,0.0,4.0,1.33,15.38,23.58,2.0,0.67,7.69,11.79,73.08,61.54,11.54,102.18,3.0,1.0,11.54,6.11,2.04,0.77,0.8,0.57,0.75,1.0,0.0,0.57,0.25,0.43,0.36,0.0,0.0,0.15,7.69,0.18
4,新北國王,23|10872|10874|13029,王柏智/林彥廷/熊祥泰/杰倫,2,20,24.0,344.0,5.73,05:44,172.0,2.87,02:52,17.0,8.5,70.83,106.74,14.0,7.0,58.33,87.91,10.0,5.0,41.67,62.79,6.0,3.0,25.0,37.67,6.0,3.0,25.0,37.67,3.0,1.5,12.5,18.84,4.0,2.0,16.67,25.12,3.0,1.5,12.5,18.84,2.0,1.0,8.33,12.56,2.0,1.0,8.33,12.56,1.0,0.5,4.17,6.28,3.0,1.5,12.5,18.84,4.0,2.0,16.67,25.12,3.0,1.5,12.5,18.84,0.0,0.0,0.0,0.0,3.0,1.5,12.5,18.84,0.0,0.0,0.0,0.0,0.0,0.0,0.0,0.0,4.0,2.0,16.67,25.12,2.0,1.0,8.33,12.56,70.83,58.33,12.5,100.47,3.0,1.5,12.5,5.73,2.87,0.75,0.78,0.5,0.75,1.0,0.0,0.5,0.25,0.43,0.36,0.0,0.0,0.17,8.33,0.2
4,新北國王,23|10872|10875|13029,王柏智/林彥廷/傑登/杰倫,6,49,57.0,793.04,13.22,13:13,132.17,2.2,02:12,33.0,5.5,57.89,89.88,37.0,6.17,64.91,100.78,22.0,3.67,38.6,59.92,12.0,2.0,21.05,32.68,14.0,2.33,24.56,38.13,8.0,1.33,14.04,21.79,8.0,1.33,14.04,21.79,4.0,0.67,7.02,10.89,4.0,0.67,7.02,10.89,4.0,0.67,7.02,10.89,3.0,0.5,5.26,8.17,7.0,1.17,12.28,19.07,5.0,0.83,8.77,13.62,6.0,1.0,10.53,16.34,3.0,0.5,5.26,8.17,4.0,0.67,7.02,10.89,2.0,0.33,3.51,5.45,0.0,0.0,0.0,0.0,8.0,1.33,14.04,21.79,8.0,1.33,14.04,21.79,57.89,64.91,-7.02,103.5,-4.0,-0.67,-7.02,13.22,2.2,0.64,0.69,0.57,0.5,1.0,0.11,0.33,0.33,0.58,0.48,3.51,0.0,0.14,14.04,0.18
4,新北國王,23|10874|10875|13029,王柏智/熊祥泰/傑登/杰倫,4,41,47.0,646.52,10.78,10:47,161.63,2.69,02:42,28.0,7.0,59.57,93.55,30.0,7.5,63.83,100.23,21.0,5.25,44.68,70.16,11.0,2.75,23.4,36.75,10.0,2.5,21.28,33.41,7.0,1.75,14.89,23.39,11.0,2.75,23.4,36.75,4.0,1.0,8.51,13.36,2.0,0.5,4.26,6.68,2.0,0.5,4.26,6.68,3.0,0.75,6.38,10.02,7.0,1.75,14.89,23.39,4.0,1.0,8.51,13.36,5.0,1.25,10.64,16.7,1.0,0.25,2.13,3.34,5.0,1.25,10.64,16.7,0.0,0.0,0.0,0.0,0.0,0.0,0.0,0.0,4.0,1.0,8.51,13.36,10.0,2.5,21.28,33.41,59.57,63.83,-4.26,104.68,-2.0,-0.5,-4.26,10.78,2.69,0.62,0.64,0.7,0.36,1.0,0.04,0.45,0.38,0.64,0.53,0.0,0.0,0.09,21.28,0.1
4,新北國王,29|10872|10874|13029,林書緯/林彥廷/熊祥泰/杰倫,5,79,96.0,1201.88,20.03,20:02,240.38,4.01,04:00,60.0,12.0,62.5,107.83,32.0,6.4,33.33,57.51,41.0,8.2,42.71,73.68,22.0,4.4,22.92,39.54,23.0,4.6,23.96,41.34,13.0,2.6,13.54,23.36,18.0,3.6,18.75,32.35,9.0,1.8,9.38,16.17,10.0,2.0,10.42,17.97,7.0,1.4,7.29,12.58,9.0,1.8,9.38,16.17,11.0,2.2,11.46,19.77,4.0,0.8,4.17,7.19,15.0,3.0,15.62,26.96,6.0,1.2,6.25,10.78,14.0,2.8,14.58,25.16,3.0,0.6,3.12,5.39,0.0,0.0,0.0,0.0,10.0,2.0,10.42,17.97,12.0,2.4,12.5,21.57,62.5,33.33,29.17,115.02,28.0,5.6,29.17,20.03,4.01,0.65,0.66,0.57,0.5,0.7,0.12,0.64,0.38,0.73,0.51,3.12,0.0,0.1,12.5,0.24
4,新北國王,29|10872|10875|13029,林書緯/林彥廷/傑登/杰倫,5,48,57.0,743.48,12.39,12:23,148.7,2.48,02:29,18.0,3.6,31.58,52.29,32.0,6.4,56.14,92.97,24.0,4.8,42.11,69.73,7.0,1.4,12.28,20.34,15.0,3.0,26.32,43.58,6.0,1.2,10.53,17.43,9.0,1.8,15.79,26.15,1.0,0.2,1.75,2.91,5.0,1.0,8.77,14.53,3.0,0.6,5.26,8.72,6.0,1.2,10.53,17.43,12.0,2.4,21.05,34.86,2.0,0.4,3.51,5.81,10.0,2.0,17.54,29.05,3.0,0.6,5.26,8.72,4.0,0.8,7.02,11.62,3.0,0.6,5.26,8.72,1.0,0.2,1.75,2.91,5.0,1.0,8.77,14.53,6.0,1.2,10.53,17.43,31.58,56.14,-24.56,110.4,-14.0,-2.8,-24.56,12.39,2.48,0.31,0.34,0.4,0.11,0.6,0.1,0.57,0.38,0.86,0.6,5.26,1.75,0.09,10.53,0.21
4,新北國王,29|10874|10875|13029,林書緯/熊祥泰/傑登/杰倫,3,27,27.0,403.17,6.72,06:43,134.39,2.24,02:14,18.0,6.0,66.67,96.44,18.0,6.0,66.67,96.44,12.0,4.0,44.44,64.29,8.0,2.67,29.63,42.86,6.0,2.0,22.22,32.15,6.0,2.0,22.22,32.15,6.0,2.0,22.22,32.15,2.0,0.67,7.41,10.72,0.0,0.0,0.0,0.0,0.0,0.0,0.0,0.0,0.0,0.0,0.0,0.0,4.0,1.33,14.81,21.43,0.0,0.0,0.0,0.0,2.0,0.67,7.41,10.72,2.0,0.67,7.41,10.72,3.0,1.0,11.11,16.07,1.0,0.33,3.7,5.36,0.0,0.0,0.0,0.0,0.0,0.0,0.0,0.0,6.0,2.0,22.22,32.15,66.67,66.67,0.0,96.44,0.0,0.0,0.0,6.72,2.24,0.75,0.75,1.0,0.33,,0.14,0.38,0.0,1.0,0.67,3.7,0.0,0.0,22.22,0.0
4,新北中信特攻,43|44|10879|10880,林韋翰/黃泓瀚/簡廷兆/內馬,2,26,33.0,385.05,6.42,06:25,192.53,3.21,03:13,8.0,4.0,24.24,44.88,23.0,11.5,69.7,129.02,10.0,5.0,30.3,56.1,2.0,1.0,6.06,11.22,4.0,2.0,12.12,22.44,1.0,0.5,3.03,5.61,6.0,3.0,18.18,33.66,1.0,0.5,3.03,5.61,4.0,2.0,12.12,22.44,3.0,1.5,9.09,16.83,2.0,1.0,6.06,11.22,6.0,3.0,18.18,33.66,4.0,2.0,12.12,22.44,3.0,1.5,9.09,16.83,2.0,1.0,6.06,11.22,1.0,0.5,3.03,5.61,0.0,0.0,0.0,0.0,3.0,1.5,9.09,16.83,2.0,1.0,6.06,11.22,4.0,2.0,12.12,22.44,24.24,69.7,-45.45,123.41,-15.0,-7.5,-45.45,6.42,3.21,0.25,0.34,0.25,0.17,0.75,0.15,0.5,0.4,0.6,0.53,0.0,9.09,0.06,12.12,0.4
4,新北國王,23|28|29|10875,王柏智/呂政儒/林書緯/傑登,3,19,21.0,342.13,5.7,05:42,114.04,1.9,01:54,13.0,4.33,61.9,82.07,7.0,2.33,33.33,44.19,9.0,3.0,42.86,56.82,5.0,1.67,23.81,31.57,3.0,1.0,14.29,18.94,2.0,0.67,9.52,12.63,6.0,2.0,28.57,37.88,3.0,1.0,14.29,18.94,1.0,0.33,4.76,6.31,0.0,0.0,0.0,0.0,0.0,0.0,0.0,0.0,5.0,1.67,23.81,31.57,2.0,0.67,9.52,12.63,5.0,1.67,23.81,31.57,0.0,0.0,0.0,0.0,1.0,0.33,4.76,6.31,0.0,0.0,0.0,0.0,0.0,0.0,0.0,0.0,1.0,0.33,4.76,6.31,2.0,0.67,9.52,12.63,61.9,33.33,28.57,88.39,6.0,2.0,28.57,5.7,1.9,0.72,0.69,0.67,0.5,0.0,0.0,0.2,0.0,0.71,0.42,0.0,0.0,0.05,9.52,0.11
4,新北國王,23|28|29|13029,王柏智/呂政儒/林書緯/杰倫,2,12,14.0,201.84,3.36,03:22,100.92,1.68,01:41,11.0,5.5,78.57,117.72,5.0,2.5,35.71,53.51,6.0,3.0,42.86,64.21,4.0,2.0,28.57,42.81,2.0,1.0,14.29,21.4,1.0,0.5,7.14,10.7,4.0,2.0,28.57,42.81,3.0,1.5,21.43,32.11,1.0,0.5,7.14,10.7,0.0,0.0,0.0,0.0,0.0,0.0,0.0,0.0,3.0,1.5,21.43,32.11,1.0,0.5,7.14,10.7,2.0,1.0,14.29,21.4,0.0,0.0,0.0,0.0,1.0,0.5,7.14,10.7,0.0,0.0,0.0,0.0,0.0,0.0,0.0,0.0,0.0,0.0,0.0,0.0,1.0,0.5,7.14,10.7,78.57,35.71,42.86,99.88,6.0,3.0,42.86,3.36,1.68,0.92,0.85,0.5,0.75,0.0,0.0,0.25,0.0,0.75,0.5,0.0,0.0,0.0,7.14,0.17
4,新北國王,23|28|10875|13029,王柏智/呂政儒/傑登/杰倫,3,32,38.0,514.54,8.58,08:35,171.51,2.86,02:52,26.0,8.67,68.42,109.15,21.0,7.0,55.26,88.16,17.0,5.67,44.74,71.36,10.0,3.33,26.32,41.98,7.0,2.33,18.42,29.39,5.0,1.67,13.16,20.99,10.0,3.33,26.32,41.98,5.0,1.67,13.16,20.99,1.0,0.33,2.63,4.2,0.0,0.0,0.0,0.0,4.0,1.33,10.53,16.79,4.0,1.33,10.53,16.79,1.0,0.33,2.63,4.2,4.0,1.33,10.53,16.79,2.0,0.67,5.26,8.4,2.0,0.67,5.26,8.4,1.0,0.33,2.63,4.2,0.0,0.0,0.0,0.0,2.0,0.67,5.26,8.4,6.0,2.0,15.79,25.19,68.42,55.26,13.16,106.35,5.0,1.67,13.16,8.58,2.86,0.74,0.75,0.71,0.5,0.0,0.1,0.2,0.5,0.8,0.62,2.63,0.0,0.05,15.79,0.06
4,新北國王,23|29|10875|13029,王柏智/林書緯/傑登/杰倫,4,37,39.0,597.67,9.96,09:58,149.42,2.49,02:29,21.0,5.25,53.85,75.89,26.0,6.5,66.67,93.96,16.0,4.0,41.03,57.82,9.0,2.25,23.08,32.53,7.0,1.75,17.95,25.3,6.0,1.5,15.38,21.68,9.0,2.25,23.08,32.53,3.0,0.75,7.69,10.84,1.0,0.25,2.56,3.61,0.0,0.0,0.0,0.0,0.0,0.0,0.0,0.0,8.0,2.0,20.51,28.91,2.0,0.5,5.13,7.23,5.0,1.25,12.82,18.07,2.0,0.5,5.13,7.23,3.0,0.75,7.69,10.84,1.0,0.25,2.56,3.61,0.0,0.0,0.0,0.0,2.0,0.5,5.13,7.23,8.0,2.0,20.51,28.91,53.85,66.67,-12.82,93.96,-5.0,-1.25,-12.82,9.96,2.49,0.66,0.64,0.86,0.33,0.0,0.11,0.33,0.0,0.8,0.53,2.56,0.0,0.05,20.51,0.06
4,新北國王,28|29|10875|13029,呂政儒/林書緯/傑登/杰倫,3,55,62.0,875.42,14.59,14:35,291.81,4.86,04:52,43.0,14.33,69.35,106.1,28.0,9.33,45.16,69.09,26.0,8.67,41.94,64.15,17.0,5.67,27.42,41.95,13.0,4.33,20.97,32.08,9.0,3.0,14.52,22.21,13.0,4.33,20.97,32.08,8.0,2.67,12.9,19.74,3.0,1.0,4.84,7.4,1.0,0.33,1.61,2.47,2.0,0.67,3.23,4.93,8.0,2.67,12.9,19.74,6.0,2.0,9.68,14.8,10.0,3.33,16.13,24.67,2.0,0.67,3.23,4.93,10.0,3.33,16.13,24.67,1.0,0.33,1.61,2.47,0.0,0.0,0.0,0.0,3.0,1.0,4.84,7.4,4.0,1.33,6.45,9.87,69.35,45.16,24.19,101.99,15.0,5.0,24.19,14.59,4.86,0.81,0.79,0.69,0.62,0.33,0.07,0.59,0.17,0.57,0.38,1.61,0.0,0.05,6.45,0.12
4,新北國王,24|28|29|34,蘇士軒/呂政儒/林書緯/沃許本,6,67,78.0,1015.98,16.93,16:56,169.33,2.82,02:49,38.0,6.33,48.72,80.79,50.0,8.33,64.1,106.3,27.0,4.5,34.62,57.4,15.0,2.5,19.23,31.89,14.0,2.33,17.95,29.76,8.0,1.33,10.26,17.01,13.0,2.17,16.67,27.64,7.0,1.17,8.97,14.88,2.0,0.33,2.56,4.25,1.0,0.17,1.28,2.13,2.0,0.33,2.56,4.25,10.0,1.67,12.82,21.26,4.0,0.67,5.13,8.5,8.0,1.33,10.26,17.01,10.0,1.67,12.82,21.26,9.0,1.5,11.54,19.13,8.0,1.33,10.26,17.01,1.0,0.17,1.28,2.13,4.0,0.67,5.13,8.5,9.0,1.5,11.54,19.13,48.72,64.1,-15.38,110.55,-12.0,-2.0,-15.38,16.93,2.82,0.69,0.68,0.57,0.54,0.5,0.26,0.6,0.2,0.71,0.5,10.26,1.28,0.05,11.54,0.07
4,新北國王,24|28|29|13029,蘇士軒/呂政儒/林書緯/杰倫,7,117,134.0,1758.78,29.31,29:19,251.25,4.19,04:11,70.0,10.0,52.24,85.97,75.0,10.71,55.97,92.11,49.0,7.0,36.57,60.18,28.0,4.0,20.9,34.39,26.0,3.71,19.4,31.93,16.0,2.29,11.94,19.65,23.0,3.29,17.16,28.25,12.0,1.71,8.96,14.74,4.0,0.57,2.99,4.91,2.0,0.29,1.49,2.46,4.0,0.57,2.99,4.91,18.0,2.57,13.43,22.11,9.0,1.29,6.72,11.05,17.0,2.43,12.69,20.88,14.0,2.0,10.45,17.19,18.0,2.57,13.43,22.11,9.0,1.29,6.72,11.05,1.0,0.14,0.75,1.23,8.0,1.14,5.97,9.83,13.0,1.86,9.7,15.97,52.24,55.97,-3.73,109.71,-5.0,-0.71,-3.73,29.31,4.19,0.69,0.69,0.62,0.52,0.5,0.22,0.64,0.19,0.67,0.46,6.72,0.75,0.06,9.7,0.08
4,新北國王,24|28|34|13029,蘇士軒/呂政儒/沃許本/杰倫,6,77,88.0,1135.04,18.92,18:55,189.17,3.15,03:09,43.0,7.17,48.86,81.83,56.0,9.33,63.64,106.57,31.0,5.17,35.23,58.99,17.0,2.83,19.32,32.35,18.0,3.0,20.45,34.25,10.0,1.67,11.36,19.03,13.0,2.17,14.77,24.74,7.0,1.17,7.95,13.32,3.0,0.5,3.41,5.71,2.0,0.33,2.27,3.81,2.0,0.33,2.27,3.81,12.0,2.0,13.64,22.84,4.0,0.67,4.55,7.61,10.0,1.67,11.36,19.03,10.0,1.67,11.36,19.03,9.0,1.5,10.23,17.13,7.0,1.17,7.95,13.32,1.0,0.17,1.14,1.9,6.0,1.0,6.82,11.42,9.0,1.5,10.23,17.13,48.86,63.64,-14.77,111.64,-13.0,-2.17,-14.77,18.92,3.15,0.66,0.67,0.56,0.54,0.67,0.24,0.53,0.17,0.75,0.5,7.95,1.14,0.07,10.23,0.1
4,新北國王,28|29|34|13029,呂政儒/林書緯/沃許本/杰倫,10,140,166.0,2153.07,35.88,35:53,215.31,3.59,03:35,79.0,7.9,47.59,79.25,90.0,9.0,54.22,90.29,60.0,6.0,36.14,60.19,28.0,2.8,16.87,28.09,30.0,3.0,18.07,30.1,16.0,1.6,9.64,16.05,30.0,3.0,18.07,30.1,12.0,1.2,7.23,12.04,12.0,1.2,7.23,12.04,11.0,1.1,6.63,11.04,7.0,0.7,4.22,7.02,24.0,2.4,14.46,24.08,12.0,1.2,7.23,12.04,21.0,2.1,12.65,21.07,13.0,1.3,7.83,13.04,20.0,2.0,12.05,20.06,9.0,0.9,5.42,9.03,1.0,0.1,0.6,1.0,12.0,1.2,7.23,12.04,17.0,1.7,10.24,17.05,47.59,54.22,-6.63,111.02,-11.0,-1.1,-6.63,35.88,3.59,0.57,0.61,0.53,0.4,0.92,0.17,0.71,0.25,0.67,0.48,5.42,0.6,0.07,10.24,0.2
4,新北國王,24|29|10875|13029,蘇士軒/林書緯/傑登/杰倫,6,109,128.0,1702.57,28.38,28:23,283.76,4.73,04:44,72.0,12.0,56.25,91.34,60.0,10.0,46.88,76.12,51.0,8.5,39.84,64.7,27.0,4.5,21.09,34.25,29.0,4.83,22.66,36.79,18.0,3.0,14.06,22.84,22.0,3.67,17.19,27.91,9.0,1.5,7.03,11.42,12.0,2.0,9.38,15.22,7.0,1.17,5.47,8.88,10.0,1.67,7.81,12.69,17.0,2.83,13.28,21.57,8.0,1.33,6.25,10.15,20.0,3.33,15.62,25.37,7.0,1.17,5.47,8.88,18.0,3.0,14.06,22.84,5.0,0.83,3.91,6.34,1.0,0.17,0.78,1.27,12.0,2.0,9.38,15.22,9.0,1.5,7.03,11.42,56.25,46.88,9.38,108.26,12.0,2.0,9.38,28.38,4.73,0.62,0.64,0.62,0.41,0.58,0.11,0.67,0.33,0.68,0.49,3.91,0.78,0.09,7.03,0.24
4,新北國王,34|10872|10874|13029,沃許本/林彥廷/熊祥泰/杰倫,10,116,147.0,1879.22,31.32,31:19,187.92,3.13,03:08,84.0,8.4,57.14,96.55,51.0,5.1,34.69,58.62,58.0,5.8,39.46,66.67,31.0,3.1,21.09,35.63,33.0,3.3,22.45,37.93,18.0,1.8,12.24,20.69,25.0,2.5,17.01,28.74,13.0,1.3,8.84,14.94,14.0,1.4,9.52,16.09,9.0,0.9,6.12,10.34,13.0,1.3,8.84,14.94,16.0,1.6,10.88,18.39,8.0,0.8,5.44,9.2,24.0,2.4,16.33,27.59,10.0,1.0,6.8,11.49,20.0,2.0,13.61,22.99,5.0,0.5,3.4,5.75,0.0,0.0,0.0,0.0,13.0,1.3,8.84,14.94,19.0,1.9,12.93,21.84,57.14,34.69,22.45,112.64,33.0,3.3,22.45,31.32,3.13,0.65,0.65,0.55,0.52,0.64,0.13,0.65,0.35,0.67,0.48,3.4,0.0,0.09,12.93,0.24
4,新北國王,23|29|34|10874,王柏智/林書緯/沃許本/熊祥泰,1,1,1.0,12.23,0.2,00:12,12.23,0.2,00:12,0.0,0.0,0.0,0.0,2.0,2.0,200.0,353.35,0.0,0.0,0.0,0.0,0.0,0.0,0.0,0.0,0.0,0.0,0.0,0.0,0.0,0.0,0.0,0.0,0.0,0.0,0.0,0.0,0.0,0.0,0.0,0.0,0.0,0.0,0.0,0.0,0.0,0.0,0.0,0.0,0.0,0.0,0.0,0.0,0.0,0.0,0.0,0.0,0.0,0.0,0.0,0.0,0.0,0.0,0.0,0.0,0.0,0.0,0.0,0.0,0.0,0.0,0.0,0.0,0.0,0.0,0.0,0.0,0.0,0.0,0.0,0.0,0.0,0.0,0.0,0.0,0.0,0.0,0.0,0.0,0.0,200.0,-200.0,117.78,-2.0,-2.0,-200.0,0.2,0.2,,,,,,,,,,,0.0,0.0,0.0,0.0,
4,新北國王,23|29|34|13029,王柏智/林書緯/沃許本/杰倫,2,5,6.0,137.23,2.29,02:17,68.61,1.14,01:09,0.0,0.0,0.0,0.0,6.0,3.0,100.0,94.44,2.0,1.0,33.33,31.48,0.0,0.0,0.0,0.0,0.0,0.0,0.0,0.0,0.0,0.0,0.0,0.0,2.0,1.0,33.33,31.48,0.0,0.0,0.0,0.0,0.0,0.0,0.0,0.0,0.0,0.0,0.0,0.0,0.0,0.0,0.0,0.0,2.0,1.0,33.33,31.48,0.0,0.0,0.0,0.0,0.0,0.0,0.0,0.0,1.0,0.5,16.67,15.74,0.0,0.0,0.0,0.0,0.0,0.0,0.0,0.0,1.0,0.5,16.67,15.74,1.0,0.5,16.67,15.74,2.0,1.0,33.33,31.48,0.0,100.0,-100.0,62.96,-6.0,-3.0,-100.0,2.29,1.14,0.0,0.0,,0.0,,0.33,,,1.0,1.0,0.0,16.67,0.17,33.33,0.0
4,新北國王,23|29|10874|13029,王柏智/林書緯/熊祥泰/杰倫,3,18,18.0,236.39,3.94,03:56,78.8,1.31,01:19,6.0,2.0,33.33,54.82,14.0,4.67,77.78,127.92,7.0,2.33,38.89,63.96,3.0,1.0,16.67,27.41,3.0,1.0,16.67,27.41,3.0,1.0,16.67,27.41,4.0,1.33,22.22,36.55,0.0,0.0,0.0,0.0,0.0,0.0,0.0,0.0,0.0,0.0,0.0,0.0,0.0,0.0,0.0,0.0,4.0,1.33,22.22,36.55,0.0,0.0,0.0,0.0,1.0,0.33,5.56,9.14,2.0,0.67,11.11,18.27,1.0,0.33,5.56,9.14,1.0,0.33,5.56,9.14,0.0,0.0,0.0,0.0,0.0,0.0,0.0,0.0,6.0,2.0,33.33,54.82,33.33,77.78,-44.44,109.65,-8.0,-2.67,-44.44,3.94,1.31,0.43,0.43,1.0,0.0,,0.22,0.33,0.0,1.0,0.8,5.56,0.0,0.0,33.33,0.0
4,新北國王,23|34|10874|13029,王柏智/沃許本/熊祥泰/杰倫,1,1,1.0,12.23,0.2,00:12,12.23,0.2,00:12,0.0,0.0,0.0,0.0,2.0,2.0,200.0,353.35,0.0,0.0,0.0,0.0,0.0,0.0,0.0,0.0,0.0,0.0,0.0,0.0,0.0,0.0,0.0,0.0,0.0,0.0,0.0,0.0,0.0,0.0,0.0,0.0,0.0,0.0,0.0,0.0,0.0,0.0,0.0,0.0,0.0,0.0,0.0,0.0,0.0,0.0,0.0,0.0,0.0,0.0,0.0,0.0,0.0,0.0,0.0,0.0,0.0,0.0,0.0,0.0,0.0,0.0,0.0,0.0,0.0,0.0,0.0,0.0,0.0,0.0,0.0,0.0,0.0,0.0,0.0,0.0,0.0,0.0,0.0,0.0,0.0,200.0,-200.0,117.78,-2.0,-2.0,-200.0,0.2,0.2,,,,,,,,,,,0.0,0.0,0.0,0.0,
4,新北國王,23|28|10872|13029,王柏智/呂政儒/林彥廷/杰倫,3,23,26.0,318.77,5.31,05:19,106.26,1.77,01:46,14.0,4.67,53.85,94.87,16.0,5.33,61.54,108.42,11.0,3.67,42.31,74.54,6.0,2.0,23.08,40.66,8.0,2.67,30.77,54.21,5.0,1.67,19.23,33.88,3.0,1.0,11.54,20.33,1.0,0.33,3.85,6.78,0.0,0.0,0.0,0.0,0.0,0.0,0.0,0.0,2.0,0.67,7.69,13.55,3.0,1.0,11.54,20.33,0.0,0.0,0.0,0.0,3.0,1.0,11.54,20.33,2.0,0.67,7.69,13.55,1.0,0.33,3.85,6.78,1.0,0.33,3.85,6.78,1.0,0.33,3.85,6.78,3.0,1.0,11.54,20.33,6.0,2.0,23.08,40.66,53.85,61.54,-7.69,117.45,-2.0,-0.67,-7.69,5.31,1.77,0.59,0.64,0.62,0.33,,0.15,0.17,0.4,1.0,0.62,3.85,3.85,0.12,23.08,0.0
4,新北國王,28|10872|10875|13029,呂政儒/林彥廷/傑登/杰倫,5,42,47.0,625.44,10.42,10:25,125.09,2.08,02:05,28.0,5.6,59.57,96.7,24.0,4.8,51.06,82.89,19.0,3.8,40.43,65.62,11.0,2.2,23.4,37.99,11.0,2.2,23.4,37.99,7.0,1.4,14.89,24.17,8.0,1.6,17.02,27.63,4.0,0.8,8.51,13.81,2.0,0.4,4.26,6.91,1.0,0.2,2.13,3.45,2.0,0.4,4.26,6.91,7.0,1.4,14.89,24.17,2.0,0.4,4.26,6.91,8.0,1.6,17.02,27.63,2.0,0.4,4.26,6.91,5.0,1.0,10.64,17.27,1.0,0.2,2.13,3.45,1.0,0.2,2.13,3.45,4.0,0.8,8.51,13.81,6.0,1.2,12.77,20.72,59.57,51.06,8.51,108.21,4.0,0.8,8.51,10.42,2.08,0.68,0.7,0.64,0.5,0.5,0.09,0.45,0.2,0.78,0.47,2.13,2.13,0.09,12.77,0.11
4,新北國王,23|29|10872|10875,王柏智/林書緯/林彥廷/傑登,3,18,20.0,348.49,5.81,05:48,116.16,1.94,01:56,8.0,2.67,40.0,49.59,14.0,4.67,70.0,86.77,8.0,2.67,40.0,49.59,4.0,1.33,20.0,24.79,6.0,2.0,30.0,37.19,4.0,1.33,20.0,24.79,2.0,0.67,10.0,12.4,0.0,0.0,0.0,0.0,0.0,0.0,0.0,0.0,0.0,0.0,0.0,0.0,0.0,0.0,0.0,0.0,4.0,1.33,20.0,24.79,2.0,0.67,10.0,12.4,3.0,1.0,15.0,18.59,1.0,0.33,5.0,6.2,2.0,0.67,10.0,12.4,1.0,0.33,5.0,6.2,0.0,0.0,0.0,0.0,2.0,0.67,10.0,12.4,2.0,0.67,10.0,12.4,40.0,70.0,-30.0,82.64,-6.0,-2.0,-30.0,5.81,1.94,0.5,0.5,0.67,0.0,,0.11,0.5,0.0,0.67,0.44,5.0,0.0,0.1,10.0,0.0
4,新北國王,23|29|10872|13029,王柏智/林書緯/林彥廷/杰倫,4,20,25.0,361.25,6.02,06:01,90.31,1.51,01:30,8.0,2.0,32.0,47.83,15.0,3.75,60.0,89.69,10.0,2.5,40.0,59.79,3.0,0.75,12.0,17.94,5.0,1.25,20.0,29.9,3.0,0.75,12.0,17.94,5.0,1.25,20.0,29.9,0.0,0.0,0.0,0.0,2.0,0.5,8.0,11.96,2.0,0.5,8.0,11.96,1.0,0.25,4.0,5.98,5.0,1.25,20.0,29.9,2.0,0.5,8.0,11.96,4.0,1.0,16.0,23.92,1.0,0.25,4.0,5.98,2.0,0.5,8.0,11.96,1.0,0.25,4.0,5.98,0.0,0.0,0.0,0.0,2.0,0.5,8.0,11.96,5.0,1.25,20.0,29.9,32.0,60.0,-28.0,99.65,-7.0,-1.75,-28.0,6.02,1.51,0.3,0.37,0.6,0.0,1.0,0.08,0.67,0.2,0.71,0.5,4.0,0.0,0.08,20.0,0.2
4,新北國王,23|29|34|10872,王柏智/林書緯/沃許本/林彥廷,1,1,2.0,25.0,0.42,00:25,25.0,0.42,00:25,0.0,0.0,0.0,0.0,2.0,2.0,100.0,172.8,1.0,1.0,50.0,86.4,0.0,0.0,0.0,0.0,0.0,0.0,0.0,0.0,0.0,0.0,0.0,0.0,1.0,1.0,50.0,86.4,0.0,0.0,0.0,0.0,0.0,0.0,0.0,0.0,0.0,0.0,0.0,0.0,0.0,0.0,0.0,0.0,1.0,1.0,50.0,86.4,0.0,0.0,0.0,0.0,0.0,0.0,0.0,0.0,0.0,0.0,0.0,0.0,0.0,0.0,0.0,0.0,0.0,0.0,0.0,0.0,0.0,0.0,0.0,0.0,0.0,0.0,0.0,0.0,2.0,2.0,100.0,172.8,0.0,100.0,-100.0,115.2,-2.0,-2.0,-100.0,0.42,0.42,0.0,0.0,,0.0,,0.0,,,1.0,1.0,0.0,0.0,0.0,100.0,0.0
4,新北國王,23|34|10872|13029,王柏智/沃許本/林彥廷/杰倫,1,1,2.0,25.0,0.42,00:25,25.0,0.42,00:25,0.0,0.0,0.0,0.0,2.0,2.0,100.0,172.8,1.0,1.0,50.0,86.4,0.0,0.0,0.0,0.0,0.0,0.0,0.0,0.0,0.0,0.0,0.0,0.0,1.0,1.0,50.0,86.4,0.0,0.0,0.0,0.0,0.0,0.0,0.0,0.0,0.0,0.0,0.0,0.0,0.0,0.0,0.0,0.0,1.0,1.0,50.0,86.4,0.0,0.0,0.0,0.0,0.0,0.0,0.0,0.0,0.0,0.0,0.0,0.0,0.0,0.0,0.0,0.0,0.0,0.0,0.0,0.0,0.0,0.0,0.0,0.0,0.0,0.0,0.0,0.0,2.0,2.0,100.0,172.8,0.0,100.0,-100.0,115.2,-2.0,-2.0,-100.0,0.42,0.42,0.0,0.0,,0.0,,0.0,,,1.0,1.0,0.0,0.0,0.0,100.0,0.0
4,新北中信特攻,44|113|10877|10881,黃泓瀚/林任鴻/阿巴西/飛克,1,1,1.0,21.16,0.35,00:21,21.16,0.35,00:21,0.0,0.0,0.0,0.0,3.0,3.0,300.0,306.21,0.0,0.0,0.0,0.0,0.0,0.0,0.0,0.0,0.0,0.0,0.0,0.0,0.0,0.0,0.0,0.0,0.0,0.0,0.0,0.0,0.0,0.0,0.0,0.0,0.0,0.0,0.0,0.0,0.0,0.0,0.0,0.0,0.0,0.0,0.0,0.0,0.0,0.0,0.0,0.0,0.0,0.0,0.0,0.0,0.0,0.0,0.0,0.0,0.0,0.0,0.0,0.0,0.0,0.0,0.0,0.0,0.0,0.0,0.0,0.0,0.0,0.0,0.0,0.0,0.0,0.0,0.0,0.0,0.0,0.0,0.0,0.0,0.0,300.0,-300.0,68.05,-3.0,-3.0,-300.0,0.35,0.35,,,,,,,,,,,0.0,0.0,0.0,0.0,
4,新北中信特攻,44|113|10880|10881,黃泓瀚/林任鴻/內馬/飛克,1,1,1.0,3.16,0.05,00:03,3.16,0.05,00:03,0.0,0.0,0.0,0.0,3.0,3.0,300.0,2049.34,0.0,0.0,0.0,0.0,0.0,0.0,0.0,0.0,0.0,0.0,0.0,0.0,0.0,0.0,0.0,0.0,0.0,0.0,0.0,0.0,0.0,0.0,0.0,0.0,0.0,0.0,0.0,0.0,0.0,0.0,0.0,0.0,0.0,0.0,0.0,0.0,0.0,0.0,0.0,0.0,0.0,0.0,0.0,0.0,0.0,0.0,0.0,0.0,0.0,0.0,0.0,0.0,0.0,0.0,0.0,0.0,0.0,0.0,0.0,0.0,0.0,0.0,0.0,0.0,0.0,0.0,0.0,0.0,0.0,0.0,0.0,0.0,0.0,300.0,-300.0,455.41,-3.0,-3.0,-300.0,0.05,0.05,,,,,,,,,,,0.0,0.0,0.0,0.0,
4,新北國王,21|24|29|13029,李愷諺/蘇士軒/林書緯/杰倫,9,348,398.0,5723.57,95.39,95:24,635.95,10.6,10:36,206.0,22.89,51.76,77.74,206.0,22.89,51.76,77.74,160.0,17.78,40.2,60.38,79.0,8.78,19.85,29.81,100.0,11.11,25.13,37.74,59.0,6.56,14.82,22.27,60.0,6.67,15.08,22.64,20.0,2.22,5.03,7.55,28.0,3.11,7.04,10.57,24.0,2.67,6.03,9.06,21.0,2.33,5.28,7.93,61.0,6.78,15.33,23.02,21.0,2.33,5.28,7.93,55.0,6.11,13.82,20.76,19.0,2.11,4.77,7.17,39.0,4.33,9.8,14.72,12.0,1.33,3.02,4.53,6.0,0.67,1.51,2.26,28.0,3.11,7.04,10.57,31.0,3.44,7.79,11.7,51.76,51.76,0.0,100.13,0.0,0.0,0.0,95.39,10.6,0.56,0.6,0.59,0.33,0.86,0.1,0.49,0.28,0.74,0.52,3.02,1.51,0.07,7.79,0.18
4,新北國王,21|24|34|13029,李愷諺/蘇士軒/沃許本/杰倫,9,343,391.0,5688.73,94.81,94:49,632.08,10.53,10:32,203.0,22.56,51.92,77.08,199.0,22.11,50.9,75.56,159.0,17.67,40.66,60.37,78.0,8.67,19.95,29.62,97.0,10.78,24.81,36.83,57.0,6.33,14.58,21.64,62.0,6.89,15.86,23.54,21.0,2.33,5.37,7.97,30.0,3.33,7.67,11.39,24.0,2.67,6.14,9.11,20.0,2.22,5.12,7.59,62.0,6.89,15.86,23.54,21.0,2.33,5.37,7.97,53.0,5.89,13.55,20.12,18.0,2.0,4.6,6.83,36.0,4.0,9.21,13.67,11.0,1.22,2.81,4.18,5.0,0.56,1.28,1.9,29.0,3.22,7.42,11.01,17.0,1.89,4.35,6.45,51.92,50.9,1.02,98.97,4.0,0.44,1.02,94.81,10.53,0.56,0.59,0.59,0.34,0.8,0.09,0.46,0.27,0.75,0.53,2.81,1.28,0.07,4.35,0.19
4,新北國王,21|29|34|13029,李愷諺/林書緯/沃許本/杰倫,10,351,406.0,5803.78,96.73,96:44,580.38,9.67,09:40,208.0,20.8,51.23,77.41,197.0,19.7,48.52,73.32,171.0,17.1,42.12,63.64,79.0,7.9,19.46,29.4,101.0,10.1,24.88,37.59,59.0,5.9,14.53,21.96,70.0,7.0,17.24,26.05,20.0,2.0,4.93,7.44,31.0,3.1,7.64,11.54,28.0,2.8,6.9,10.42,26.0,2.6,6.4,9.68,65.0,6.5,16.01,24.19,21.0,2.1,5.17,7.82,61.0,6.1,15.02,22.7,17.0,1.7,4.19,6.33,38.0,3.8,9.36,14.14,11.0,1.1,2.71,4.09,6.0,0.6,1.48,2.23,26.0,2.6,6.4,9.68,17.0,1.7,4.19,6.33,51.23,48.52,2.71,100.73,11.0,1.1,2.71,96.73,9.67,0.52,0.56,0.58,0.29,0.9,0.08,0.48,0.3,0.76,0.53,2.71,1.48,0.06,4.19,0.18
4,新北國王,28|29|34|10872,呂政儒/林書緯/沃許本/林彥廷,12,209,247.0,3360.59,56.01,56:01,280.05,4.67,04:40,115.0,9.58,46.56,73.92,99.0,8.25,40.08,63.63,101.0,8.42,40.89,64.92,47.0,3.92,19.03,30.21,63.0,5.25,25.51,40.49,35.0,2.92,14.17,22.5,38.0,3.17,15.38,24.42,12.0,1.0,4.86,7.71,14.0,1.17,5.67,9.0,12.0,1.0,4.86,7.71,18.0,1.5,7.29,11.57,36.0,3.0,14.57,23.14,17.0,1.42,6.88,10.93,40.0,3.33,16.19,25.71,14.0,1.17,5.67,9.0,36.0,3.0,14.57,23.14,10.0,0.83,4.05,6.43,3.0,0.25,1.21,1.93,23.0,1.92,9.31,14.78,26.0,2.17,10.53,16.71,46.56,40.08,6.48,105.84,16.0,1.33,6.48,56.01,4.67,0.52,0.54,0.56,0.32,0.86,0.12,0.77,0.31,0.68,0.49,4.05,1.21,0.09,10.53,0.14
4,新北國王,28|29|10872|13029,呂政儒/林書緯/林彥廷/杰倫,7,61,74.0,981.72,16.36,16:22,140.25,2.34,02:20,30.0,4.29,40.54,66.01,29.0,4.14,39.19,63.81,27.0,3.86,36.49,59.41,11.0,1.57,14.86,24.2,13.0,1.86,17.57,28.6,7.0,1.0,9.46,15.4,14.0,2.0,18.92,30.8,4.0,0.57,5.41,8.8,5.0,0.71,6.76,11.0,4.0,0.57,5.41,8.8,4.0,0.57,5.41,8.8,12.0,1.71,16.22,26.4,7.0,1.0,9.46,15.4,14.0,2.0,18.92,30.8,3.0,0.43,4.05,6.6,9.0,1.29,12.16,19.8,1.0,0.14,1.35,2.2,0.0,0.0,0.0,0.0,8.0,1.14,10.81,17.6,10.0,1.43,13.51,22.0,40.54,39.19,1.35,108.54,1.0,0.14,1.35,16.36,2.34,0.48,0.51,0.54,0.29,0.8,0.09,0.82,0.22,0.63,0.43,1.35,0.0,0.11,13.51,0.19
4,新北國王,28|34|10872|13029,呂政儒/沃許本/林彥廷/杰倫,6,59,72.0,978.47,16.31,16:18,163.08,2.72,02:43,28.0,4.67,38.89,61.81,30.0,5.0,41.67,66.23,24.0,4.0,33.33,52.98,11.0,1.83,15.28,24.28,14.0,2.33,19.44,30.91,8.0,1.33,11.11,17.66,10.0,1.67,13.89,22.08,3.0,0.5,4.17,6.62,3.0,0.5,4.17,6.62,3.0,0.5,4.17,6.62,3.0,0.5,4.17,6.62,9.0,1.5,12.5,19.87,6.0,1.0,8.33,13.25,13.0,2.17,18.06,28.7,6.0,1.0,8.33,13.25,8.0,1.33,11.11,17.66,3.0,0.5,4.17,6.62,0.0,0.0,0.0,0.0,9.0,1.5,12.5,19.87,6.0,1.0,8.33,13.25,38.89,41.67,-2.78,105.96,-2.0,-0.33,-2.78,16.31,2.72,0.52,0.55,0.57,0.3,1.0,0.19,0.73,0.19,0.6,0.39,4.17,0.0,0.12,8.33,0.12
4,新北國王,25|28|10872|13029,林金榜/呂政儒/林彥廷/杰倫,2,10,12.0,174.53,2.91,02:55,87.27,1.45,01:27,4.0,2.0,33.33,49.5,5.0,2.5,41.67,61.88,3.0,1.5,25.0,37.13,1.0,0.5,8.33,12.38,1.0,0.5,8.33,12.38,0.0,0.0,0.0,0.0,2.0,1.0,16.67,24.75,1.0,0.5,8.33,12.38,2.0,1.0,16.67,24.75,1.0,0.5,8.33,12.38,0.0,0.0,0.0,0.0,2.0,1.0,16.67,24.75,2.0,1.0,16.67,24.75,3.0,1.5,25.0,37.13,1.0,0.5,8.33,12.38,1.0,0.5,8.33,12.38,1.0,0.5,8.33,12.38,0.0,0.0,0.0,0.0,1.0,0.5,8.33,12.38,0.0,0.0,0.0,0.0,33.33,41.67,-8.33,99.01,-1.0,-0.5,-8.33,2.91,1.45,0.5,0.52,0.0,0.5,0.5,0.2,1.0,0.0,0.5,0.29,8.33,0.0,0.08,0.0,0.67
4,新北國王,25|28|10875|13029,林金榜/呂政儒/傑登/杰倫,1,4,5.0,56.0,0.93,00:56,56.0,0.93,00:56,3.0,3.0,60.0,115.71,2.0,2.0,40.0,77.14,2.0,2.0,40.0,77.14,1.0,1.0,20.0,38.57,0.0,0.0,0.0,0.0,0.0,0.0,0.0,0.0,2.0,2.0,40.0,77.14,1.0,1.0,20.0,38.57,0.0,0.0,0.0,0.0,0.0,0.0,0.0,0.0,0.0,0.0,0.0,0.0,1.0,1.0,20.0,38.57,1.0,1.0,20.0,38.57,1.0,1.0,20.0,38.57,0.0,0.0,0.0,0.0,1.0,1.0,20.0,38.57,0.0,0.0,0.0,0.0,0.0,0.0,0.0,0.0,0.0,0.0,0.0,0.0,0.0,0.0,0.0,0.0,60.0,40.0,20.0,128.57,1.0,1.0,20.0,0.93,0.93,0.75,0.75,,0.5,,0.0,1.0,0.0,0.5,0.33,0.0,0.0,0.0,0.0,0.0
4,新北國王,25|10872|10875|13029,林金榜/林彥廷/傑登/杰倫,1,4,5.0,87.93,1.47,01:28,87.93,1.47,01:28,3.0,3.0,60.0,73.7,2.0,2.0,40.0,49.13,2.0,2.0,40.0,49.13,1.0,1.0,20.0,24.57,0.0,0.0,0.0,0.0,0.0,0.0,0.0,0.0,2.0,2.0,40.0,49.13,1.0,1.0,20.0,24.57,2.0,2.0,40.0,49.13,0.0,0.0,0.0,0.0,0.0,0.0,0.0,0.0,2.0,2.0,40.0,49.13,1.0,1.0,20.0,24.57,1.0,1.0,20.0,24.57,0.0,0.0,0.0,0.0,1.0,1.0,20.0,24.57,0.0,0.0,0.0,0.0,0.0,0.0,0.0,0.0,0.0,0.0,0.0,0.0,0.0,0.0,0.0,0.0,60.0,40.0,20.0,81.89,1.0,1.0,20.0,1.47,1.47,0.75,0.52,,0.5,0.0,0.0,1.0,0.0,0.67,0.5,0.0,0.0,0.0,0.0,1.0
4,新北國王,25|28|34|10872,林金榜/呂政儒/沃許本/林彥廷,3,14,15.0,199.2,3.32,03:19,66.4,1.11,01:06,4.0,1.33,26.67,43.37,8.0,2.67,53.33,86.75,2.0,0.67,13.33,21.69,1.0,0.33,6.67,10.84,2.0,0.67,13.33,21.69,1.0,0.33,6.67,10.84,0.0,0.0,0.0,0.0,0.0,0.0,0.0,0.0,2.0,0.67,13.33,21.69,2.0,0.67,13.33,21.69,0.0,0.0,0.0,0.0,1.0,0.33,6.67,10.84,0.0,0.0,0.0,0.0,4.0,1.33,26.67,43.37,4.0,1.33,26.67,43.37,1.0,0.33,6.67,10.84,2.0,0.67,13.33,21.69,0.0,0.0,0.0,0.0,2.0,0.67,13.33,21.69,2.0,0.67,13.33,21.69,26.67,53.33,-26.67,108.44,-4.0,-1.33,-26.67,3.32,1.11,0.5,0.69,0.5,,1.0,0.58,1.0,0.0,1.0,0.2,13.33,0.0,0.13,13.33,1.0
4,新北國王,21|24|10875|13029,李愷諺/蘇士軒/傑登/杰倫,2,48,61.0,755.43,12.59,12:35,377.71,6.3,06:18,30.0,15.0,49.18,85.78,29.0,14.5,47.54,82.92,25.0,12.5,40.98,71.48,12.0,6.0,19.67,34.31,17.0,8.5,27.87,48.61,10.0,5.0,16.39,28.59,8.0,4.0,13.11,22.87,2.0,1.0,3.28,5.72,6.0,3.0,9.84,17.16,4.0,2.0,6.56,11.44,8.0,4.0,13.11,22.87,6.0,3.0,9.84,17.16,4.0,2.0,6.56,11.44,9.0,4.5,14.75,25.73,4.0,2.0,6.56,11.44,7.0,3.5,11.48,20.02,3.0,1.5,4.92,8.58,1.0,0.5,1.64,2.86,5.0,2.5,8.2,14.3,6.0,3.0,9.84,17.16,49.18,47.54,1.64,116.28,1.0,0.5,1.64,12.59,6.3,0.52,0.54,0.59,0.25,0.67,0.13,0.58,0.47,0.6,0.52,4.92,1.64,0.08,9.84,0.24
4,新北國王,21|29|10875|13029,李愷諺/林書緯/傑登/杰倫,3,23,30.0,355.9,5.93,05:56,118.63,1.98,01:59,10.0,3.33,33.33,60.69,15.0,5.0,50.0,91.04,9.0,3.0,30.0,54.62,2.0,0.67,6.67,12.14,5.0,1.67,16.67,30.35,2.0,0.67,6.67,12.14,4.0,1.33,13.33,24.28,0.0,0.0,0.0,0.0,4.0,1.33,13.33,24.28,4.0,1.33,13.33,24.28,2.0,0.67,6.67,12.14,5.0,1.67,16.67,30.35,4.0,1.33,13.33,24.28,3.0,1.0,10.0,18.21,3.0,1.0,10.0,18.21,1.0,0.33,3.33,6.07,2.0,0.67,6.67,12.14,0.0,0.0,0.0,0.0,4.0,1.33,13.33,24.28,4.0,1.33,13.33,24.28,33.33,50.0,-16.67,121.38,-5.0,-1.67,-16.67,5.93,1.98,0.22,0.46,0.4,0.0,1.0,0.22,0.5,0.4,0.56,0.5,6.67,0.0,0.13,13.33,0.44
4,新北國王,28|29|34|10875,呂政儒/林書緯/沃許本/傑登,4,113,129.0,1876.32,31.27,31:16,469.08,7.82,07:49,55.0,13.75,42.64,63.32,53.0,13.25,41.09,61.01,53.0,13.25,41.09,61.01,22.0,5.5,17.05,25.33,33.0,8.25,25.58,37.99,14.0,3.5,10.85,16.12,20.0,5.0,15.5,23.02,8.0,2.0,6.2,9.21,7.0,1.75,5.43,8.06,6.0,1.5,4.65,6.91,7.0,1.75,5.43,8.06,24.0,6.0,18.6,27.63,7.0,1.75,5.43,8.06,27.0,6.75,20.93,31.08,8.0,2.0,6.2,9.21,14.0,3.5,10.85,16.12,7.0,1.75,5.43,8.06,1.0,0.25,0.78,1.15,10.0,2.5,7.75,11.51,11.0,2.75,8.53,12.66,42.64,41.09,1.55,99.0,2.0,0.5,1.55,31.27,7.82,0.49,0.49,0.42,0.4,0.86,0.12,0.64,0.21,0.77,0.48,5.43,0.78,0.08,8.53,0.13
4,新北國王,21|28|10872|13029,李愷諺/呂政儒/林彥廷/杰倫,1,11,11.0,141.66,2.36,02:22,141.66,2.36,02:22,10.0,10.0,90.91,152.48,5.0,5.0,45.45,76.24,5.0,5.0,45.45,76.24,4.0,4.0,36.36,60.99,4.0,4.0,36.36,60.99,3.0,3.0,27.27,45.74,1.0,1.0,9.09,15.25,1.0,1.0,9.09,15.25,2.0,2.0,18.18,30.5,1.0,1.0,9.09,15.25,0.0,0.0,0.0,0.0,2.0,2.0,18.18,30.5,0.0,0.0,0.0,0.0,3.0,3.0,27.27,45.74,0.0,0.0,0.0,0.0,2.0,2.0,18.18,30.5,0.0,0.0,0.0,0.0,1.0,1.0,9.09,15.25,0.0,0.0,0.0,0.0,0.0,0.0,0.0,0.0,90.91,45.45,45.45,111.82,5.0,5.0,45.45,2.36,2.36,0.9,0.85,0.75,1.0,0.5,0.0,0.5,0.0,1.0,0.4,0.0,9.09,0.0,0.0,0.4
4,新北國王,21|28|10875|13029,李愷諺/呂政儒/傑登/杰倫,1,9,9.0,104.66,1.74,01:45,104.66,1.74,01:45,8.0,8.0,88.89,165.11,3.0,3.0,33.33,61.92,4.0,4.0,44.44,82.56,3.0,3.0,33.33,61.92,3.0,3.0,33.33,61.92,2.0,2.0,22.22,41.28,1.0,1.0,11.11,20.64,1.0,1.0,11.11,20.64,2.0,2.0,22.22,41.28,1.0,1.0,11.11,20.64,0.0,0.0,0.0,0.0,2.0,2.0,22.22,41.28,0.0,0.0,0.0,0.0,3.0,3.0,33.33,61.92,0.0,0.0,0.0,0.0,2.0,2.0,22.22,41.28,0.0,0.0,0.0,0.0,1.0,1.0,11.11,20.64,0.0,0.0,0.0,0.0,0.0,0.0,0.0,0.0,88.89,33.33,55.56,123.84,5.0,5.0,55.56,1.74,1.74,0.88,0.82,0.67,1.0,0.5,0.0,0.67,0.0,1.0,0.4,0.0,11.11,0.0,0.0,0.5
4,新北國王,21|10872|10875|13029,李愷諺/林彥廷/傑登/杰倫,3,57,69.0,841.5,14.03,14:02,280.5,4.68,04:41,32.0,10.67,46.38,82.14,35.0,11.67,50.72,89.84,31.0,10.33,44.93,79.57,13.0,4.33,18.84,33.37,20.0,6.67,28.99,51.34,10.0,3.33,14.49,25.67,11.0,3.67,15.94,28.24,3.0,1.0,4.35,7.7,8.0,2.67,11.59,20.53,5.0,1.67,7.25,12.83,9.0,3.0,13.04,23.1,11.0,3.67,15.94,28.24,3.0,1.0,4.35,7.7,11.0,3.67,15.94,28.24,3.0,1.0,4.35,7.7,8.0,2.67,11.59,20.53,3.0,1.0,4.35,7.7,2.0,0.67,2.9,5.13,2.0,0.67,2.9,5.13,6.0,2.0,8.7,15.4,46.38,50.72,-4.35,118.07,-3.0,-1.0,-4.35,14.03,4.68,0.47,0.46,0.5,0.27,0.62,0.08,0.62,0.45,0.79,0.59,4.35,2.9,0.03,8.7,0.26
4,新北國王,21|24|10872|13029,李愷諺/蘇士軒/林彥廷/杰倫,6,102,117.0,1603.46,26.72,26:43,267.24,4.45,04:27,57.0,9.5,48.72,76.78,59.0,9.83,50.43,79.48,45.0,7.5,38.46,60.62,23.0,3.83,19.66,30.98,32.0,5.33,27.35,43.11,18.0,3.0,15.38,24.25,13.0,2.17,11.11,17.51,5.0,0.83,4.27,6.74,15.0,2.5,12.82,20.21,8.0,1.33,6.84,10.78,8.0,1.33,6.84,10.78,17.0,2.83,14.53,22.9,6.0,1.0,5.13,8.08,18.0,3.0,15.38,24.25,7.0,1.17,5.98,9.43,12.0,2.0,10.26,16.17,4.0,0.67,3.42,5.39,1.0,0.17,0.85,1.35,14.0,2.33,11.97,18.86,6.0,1.0,5.13,8.08,48.72,50.43,-1.71,105.07,-2.0,-0.33,-1.71,26.72,4.45,0.57,0.55,0.56,0.38,0.53,0.12,0.52,0.31,0.74,0.51,3.42,0.85,0.12,5.13,0.33
4,新北國王,21|28|29|34,李愷諺/呂政儒/林書緯/沃許本,8,156,186.0,2541.85,42.36,42:22,317.73,5.3,05:18,77.0,9.62,41.4,65.43,75.0,9.38,40.32,63.73,77.0,9.62,41.4,65.43,28.0,3.5,15.05,23.79,45.0,5.62,24.19,38.24,17.0,2.12,9.14,14.45,32.0,4.0,17.2,27.19,11.0,1.38,5.91,9.35,10.0,1.25,5.38,8.5,10.0,1.25,5.38,8.5,13.0,1.62,6.99,11.05,35.0,4.38,18.82,29.74,13.0,1.62,6.99,11.05,32.0,4.0,17.2,27.19,12.0,1.5,6.45,10.2,19.0,2.38,10.22,16.15,8.0,1.0,4.3,6.8,2.0,0.25,1.08,1.7,13.0,1.62,6.99,11.05,16.0,2.0,8.6,13.6,41.4,40.32,1.08,105.37,2.0,0.25,1.08,42.36,5.3,0.44,0.47,0.38,0.34,1.0,0.13,0.68,0.29,0.73,0.52,4.3,1.08,0.07,8.6,0.13
4,新北國王,21|25|29|34,李愷諺/林金榜/林書緯/沃許本,6,27,34.0,528.5,8.81,08:49,88.08,1.47,01:28,14.0,2.33,41.18,57.22,15.0,2.5,44.12,61.31,14.0,2.33,41.18,57.22,5.0,0.83,14.71,20.44,9.0,1.5,26.47,36.78,4.0,0.67,11.76,16.35,5.0,0.83,14.71,20.44,1.0,0.17,2.94,4.09,3.0,0.5,8.82,12.26,3.0,0.5,8.82,12.26,4.0,0.67,11.76,16.35,5.0,0.83,14.71,20.44,2.0,0.33,5.88,8.17,9.0,1.5,26.47,36.78,1.0,0.17,2.94,4.09,3.0,0.5,8.82,12.26,1.0,0.17,2.94,4.09,0.0,0.0,0.0,0.0,5.0,0.83,14.71,20.44,3.0,0.5,8.82,12.26,41.18,44.12,-2.94,92.64,-1.0,-0.17,-2.94,8.81,1.47,0.39,0.46,0.44,0.2,1.0,0.06,0.6,0.31,0.71,0.45,2.94,0.0,0.15,8.82,0.21
4,新北國王,24|25|29|13029,蘇士軒/林金榜/林書緯/杰倫,1,10,11.0,139.94,2.33,02:20,139.94,2.33,02:20,5.0,5.0,45.45,77.18,2.0,2.0,18.18,30.87,3.0,3.0,27.27,46.31,1.0,1.0,9.09,15.44,1.0,1.0,9.09,15.44,0.0,0.0,0.0,0.0,2.0,2.0,18.18,30.87,1.0,1.0,9.09,15.44,2.0,2.0,18.18,30.87,2.0,2.0,18.18,30.87,0.0,0.0,0.0,0.0,2.0,2.0,18.18,30.87,1.0,1.0,9.09,15.44,4.0,4.0,36.36,61.74,1.0,1.0,9.09,15.44,1.0,1.0,9.09,15.44,0.0,0.0,0.0,0.0,0.0,0.0,0.0,0.0,1.0,1.0,9.09,15.44,0.0,0.0,0.0,0.0,45.45,18.18,27.27,113.19,3.0,3.0,27.27,2.33,2.33,0.5,0.64,0.0,0.5,1.0,0.2,1.0,0.0,0.67,0.29,0.0,0.0,0.09,0.0,0.67
4,新北國王,24|25|34|13029,蘇士軒/林金榜/沃許本/杰倫,1,10,11.0,139.94,2.33,02:20,139.94,2.33,02:20,5.0,5.0,45.45,77.18,2.0,2.0,18.18,30.87,3.0,3.0,27.27,46.31,1.0,1.0,9.09,15.44,1.0,1.0,9.09,15.44,0.0,0.0,0.0,0.0,2.0,2.0,18.18,30.87,1.0,1.0,9.09,15.44,2.0,2.0,18.18,30.87,2.0,2.0,18.18,30.87,0.0,0.0,0.0,0.0,2.0,2.0,18.18,30.87,1.0,1.0,9.09,15.44,4.0,4.0,36.36,61.74,1.0,1.0,9.09,15.44,1.0,1.0,9.09,15.44,0.0,0.0,0.0,0.0,0.0,0.0,0.0,0.0,1.0,1.0,9.09,15.44,0.0,0.0,0.0,0.0,45.45,18.18,27.27,113.19,3.0,3.0,27.27,2.33,2.33,0.5,0.64,0.0,0.5,1.0,0.2,1.0,0.0,0.67,0.29,0.0,0.0,0.09,0.0,0.67
4,新北國王,25|29|34|13029,林金榜/林書緯/沃許本/杰倫,3,22,26.0,340.7,5.68,05:41,113.57,1.89,01:54,13.0,4.33,50.0,82.42,11.0,3.67,42.31,69.74,9.0,3.0,34.62,57.06,4.0,1.33,15.38,25.36,6.0,2.0,23.08,38.04,3.0,1.0,11.54,19.02,3.0,1.0,11.54,19.02,1.0,0.33,3.85,6.34,4.0,1.33,15.38,25.36,4.0,1.33,15.38,25.36,2.0,0.67,7.69,12.68,3.0,1.0,11.54,19.02,2.0,0.67,7.69,12.68,5.0,1.67,19.23,31.7,2.0,0.67,7.69,12.68,1.0,0.33,3.85,6.34,0.0,0.0,0.0,0.0,0.0,0.0,0.0,0.0,1.0,0.33,3.85,6.34,0.0,0.0,0.0,0.0,50.0,42.31,7.69,109.89,2.0,0.67,7.69,5.68,1.89,0.5,0.6,0.5,0.33,1.0,0.16,0.25,0.29,0.6,0.42,0.0,0.0,0.04,0.0,0.44
4,新北國王,21|28|34|13029,李愷諺/呂政儒/沃許本/杰倫,4,24,28.0,363.15,6.05,06:03,90.79,1.51,01:31,11.0,2.75,39.29,65.43,20.0,5.0,71.43,118.96,11.0,2.75,39.29,65.43,3.0,0.75,10.71,17.84,5.0,1.25,17.86,29.74,2.0,0.5,7.14,11.9,6.0,1.5,21.43,35.69,1.0,0.25,3.57,5.95,4.0,1.0,14.29,23.79,4.0,1.0,14.29,23.79,2.0,0.5,7.14,11.9,6.0,1.5,21.43,35.69,1.0,0.25,3.57,5.95,3.0,0.75,10.71,17.84,1.0,0.25,3.57,5.95,2.0,0.5,7.14,11.9,1.0,0.25,3.57,5.95,0.0,0.0,0.0,0.0,2.0,0.5,7.14,11.9,2.0,0.5,7.14,11.9,39.29,71.43,-32.14,111.03,-9.0,-2.25,-32.14,6.05,1.51,0.32,0.43,0.4,0.17,1.0,0.07,0.67,0.4,0.86,0.67,3.57,0.0,0.07,7.14,0.36
4,新北國王,21|34|10872|13029,李愷諺/沃許本/林彥廷/杰倫,5,68,76.0,1098.52,18.31,18:19,219.7,3.66,03:40,39.0,7.8,51.32,76.69,31.0,6.2,40.79,60.95,31.0,6.2,40.79,60.95,16.0,3.2,21.05,31.46,22.0,4.4,28.95,43.26,12.0,2.4,15.79,23.6,9.0,1.8,11.84,17.7,4.0,0.8,5.26,7.87,6.0,1.2,7.89,11.8,3.0,0.6,3.95,5.9,4.0,0.8,5.26,7.87,13.0,2.6,17.11,25.56,3.0,0.6,3.95,5.9,11.0,2.2,14.47,21.63,4.0,0.8,5.26,7.87,7.0,1.4,9.21,13.76,2.0,0.4,2.63,3.93,0.0,0.0,0.0,0.0,8.0,1.6,10.53,15.73,4.0,0.8,5.26,7.87,51.32,40.79,10.53,99.63,8.0,1.6,10.53,18.31,3.66,0.58,0.58,0.55,0.44,0.5,0.11,0.44,0.27,0.81,0.55,2.63,0.0,0.11,5.26,0.19
4,新北國王,24|28|10875|13029,蘇士軒/呂政儒/傑登/杰倫,3,57,64.0,917.01,15.28,15:17,305.67,5.09,05:06,39.0,13.0,60.94,91.86,30.0,10.0,46.88,70.66,26.0,8.67,40.62,61.24,16.0,5.33,25.0,37.69,15.0,5.0,23.44,35.33,10.0,3.33,15.62,23.55,11.0,3.67,17.19,25.91,6.0,2.0,9.38,14.13,2.0,0.67,3.12,4.71,1.0,0.33,1.56,2.36,2.0,0.67,3.12,4.71,8.0,2.67,12.5,18.84,6.0,2.0,9.38,14.13,11.0,3.67,17.19,25.91,2.0,0.67,3.12,4.71,11.0,3.67,17.19,25.91,1.0,0.33,1.56,2.36,0.0,0.0,0.0,0.0,5.0,1.67,7.81,11.78,6.0,2.0,9.38,14.13,60.94,46.88,14.06,100.5,9.0,3.0,14.06,15.28,5.09,0.73,0.73,0.67,0.55,0.5,0.07,0.69,0.15,0.57,0.37,1.56,0.0,0.08,9.38,0.08
4,新北國王,19|23|10872|10875,蘇培凱/王柏智/林彥廷/傑登,1,1,1.0,15.2,0.25,00:15,15.2,0.25,00:15,2.0,2.0,200.0,284.23,0.0,0.0,0.0,0.0,0.0,0.0,0.0,0.0,0.0,0.0,0.0,0.0,0.0,0.0,0.0,0.0,0.0,0.0,0.0,0.0,0.0,0.0,0.0,0.0,0.0,0.0,0.0,0.0,2.0,2.0,200.0,284.23,2.0,2.0,200.0,284.23,0.0,0.0,0.0,0.0,0.0,0.0,0.0,0.0,0.0,0.0,0.0,0.0,0.0,0.0,0.0,0.0,0.0,0.0,0.0,0.0,0.0,0.0,0.0,0.0,0.0,0.0,0.0,0.0,0.0,0.0,0.0,0.0,0.0,0.0,0.0,0.0,0.0,0.0,0.0,0.0,200.0,0.0,200.0,94.74,2.0,2.0,200.0,0.25,0.25,,1.14,,,1.0,0.0,,,,,0.0,0.0,0.0,0.0,
4,新北國王,19|23|10872|13029,蘇培凱/王柏智/林彥廷/杰倫,1,1,1.0,0.2,0.0,00:00,0.2,0.0,00:00,2.0,2.0,200.0,21708.54,0.0,0.0,0.0,0.0,0.0,0.0,0.0,0.0,0.0,0.0,0.0,0.0,0.0,0.0,0.0,0.0,0.0,0.0,0.0,0.0,0.0,0.0,0.0,0.0,0.0,0.0,0.0,0.0,2.0,2.0,200.0,21708.54,2.0,2.0,200.0,21708.54,0.0,0.0,0.0,0.0,0.0,0.0,0.0,0.0,0.0,0.0,0.0,0.0,0.0,0.0,0.0,0.0,0.0,0.0,0.0,0.0,0.0,0.0,0.0,0.0,0.0,0.0,0.0,0.0,0.0,0.0,0.0,0.0,0.0,0.0,0.0,0.0,0.0,0.0,0.0,0.0,200.0,0.0,200.0,7236.18,2.0,2.0,200.0,0.0,0.0,,1.14,,,1.0,0.0,,,,,0.0,0.0,0.0,0.0,
4,新北國王,19|23|10875|13029,蘇培凱/王柏智/傑登/杰倫,1,1,1.0,0.2,0.0,00:00,0.2,0.0,00:00,2.0,2.0,200.0,21708.54,0.0,0.0,0.0,0.0,0.0,0.0,0.0,0.0,0.0,0.0,0.0,0.0,0.0,0.0,0.0,0.0,0.0,0.0,0.0,0.0,0.0,0.0,0.0,0.0,0.0,0.0,0.0,0.0,2.0,2.0,200.0,21708.54,2.0,2.0,200.0,21708.54,0.0,0.0,0.0,0.0,0.0,0.0,0.0,0.0,0.0,0.0,0.0,0.0,0.0,0.0,0.0,0.0,0.0,0.0,0.0,0.0,0.0,0.0,0.0,0.0,0.0,0.0,0.0,0.0,0.0,0.0,0.0,0.0,0.0,0.0,0.0,0.0,0.0,0.0,0.0,0.0,200.0,0.0,200.0,7236.18,2.0,2.0,200.0,0.0,0.0,,1.14,,,1.0,0.0,,,,,0.0,0.0,0.0,0.0,
4,新北國王,19|10872|10875|13029,蘇培凱/林彥廷/傑登/杰倫,1,1,1.0,0.2,0.0,00:00,0.2,0.0,00:00,2.0,2.0,200.0,21708.54,0.0,0.0,0.0,0.0,0.0,0.0,0.0,0.0,0.0,0.0,0.0,0.0,0.0,0.0,0.0,0.0,0.0,0.0,0.0,0.0,0.0,0.0,0.0,0.0,0.0,0.0,0.0,0.0,2.0,2.0,200.0,21708.54,2.0,2.0,200.0,21708.54,0.0,0.0,0.0,0.0,0.0,0.0,0.0,0.0,0.0,0.0,0.0,0.0,0.0,0.0,0.0,0.0,0.0,0.0,0.0,0.0,0.0,0.0,0.0,0.0,0.0,0.0,0.0,0.0,0.0,0.0,0.0,0.0,0.0,0.0,0.0,0.0,0.0,0.0,0.0,0.0,200.0,0.0,200.0,7236.18,2.0,2.0,200.0,0.0,0.0,,1.14,,,1.0,0.0,,,,,0.0,0.0,0.0,0.0,
4,桃園台啤永豐雲豹,12|16|55|57,曹薰襄/米勒/汪哲宇/莊博元,3,21,28.0,371.2,6.19,06:11,123.73,2.06,02:04,12.0,4.0,42.86,69.83,16.0,5.33,57.14,93.1,11.0,3.67,39.29,64.01,5.0,1.67,17.86,29.09,4.0,1.33,14.29,23.28,4.0,1.33,14.29,23.28,7.0,2.33,25.0,40.73,1.0,0.33,3.57,5.82,2.0,0.67,7.14,11.64,1.0,0.33,3.57,5.82,4.0,1.33,14.29,23.28,2.0,0.67,7.14,11.64,3.0,1.0,10.71,17.46,4.0,1.33,14.29,23.28,1.0,0.33,3.57,5.82,0.0,0.0,0.0,0.0,0.0,0.0,0.0,0.0,0.0,0.0,0.0,0.0,3.0,1.0,10.71,17.46,4.0,1.33,14.29,23.28,42.86,57.14,-14.29,108.62,-4.0,-1.33,-14.29,6.19,2.06,0.5,0.51,1.0,0.14,0.5,0.08,0.0,0.5,0.4,0.46,0.0,0.0,0.11,14.29,0.18
4,桃園台啤永豐雲豹,12|16|55|68,曹薰襄/米勒/汪哲宇/克羅馬,4,33,40.0,495.95,8.27,08:16,123.99,2.07,02:04,16.0,4.0,40.0,69.68,17.0,4.25,42.5,74.04,15.0,3.75,37.5,65.33,6.0,1.5,15.0,26.13,4.0,1.0,10.0,17.42,4.0,1.0,10.0,17.42,11.0,2.75,27.5,47.91,2.0,0.5,5.0,8.71,2.0,0.5,5.0,8.71,2.0,0.5,5.0,8.71,3.0,0.75,7.5,13.07,5.0,1.25,12.5,21.78,1.0,0.25,2.5,4.36,8.0,2.0,20.0,34.84,2.0,0.5,5.0,8.71,1.0,0.25,2.5,4.36,0.0,0.0,0.0,0.0,0.0,0.0,0.0,0.0,2.0,0.5,5.0,8.71,10.0,2.5,25.0,43.55,40.0,42.5,-2.5,116.14,-1.0,-0.25,-2.5,8.27,2.07,0.47,0.5,1.0,0.18,1.0,0.11,0.17,0.27,0.83,0.47,0.0,0.0,0.05,25.0,0.13
4,桃園台啤永豐雲豹,12|55|57|68,曹薰襄/汪哲宇/莊博元/克羅馬,2,9,10.0,152.2,2.54,02:32,76.1,1.27,01:16,4.0,2.0,40.0,56.77,7.0,3.5,70.0,99.34,5.0,2.5,50.0,70.96,2.0,1.0,20.0,28.38,2.0,1.0,20.0,28.38,2.0,1.0,20.0,28.38,3.0,1.5,30.0,42.58,0.0,0.0,0.0,0.0,1.0,0.5,10.0,14.19,1.0,0.5,10.0,14.19,1.0,0.5,10.0,14.19,2.0,1.0,20.0,28.38,0.0,0.0,0.0,0.0,2.0,1.0,20.0,28.38,0.0,0.0,0.0,0.0,1.0,0.5,10.0,14.19,0.0,0.0,0.0,0.0,0.0,0.0,0.0,0.0,3.0,1.5,30.0,42.58,2.0,1.0,20.0,28.38,40.0,70.0,-30.0,94.61,-3.0,-1.5,-30.0,2.54,1.27,0.4,0.37,1.0,0.0,1.0,0.0,0.5,0.33,1.0,0.6,0.0,0.0,0.3,20.0,0.2
4,桃園台啤永豐雲豹,16|55|57|68,米勒/汪哲宇/莊博元/克羅馬,2,8,9.0,135.2,2.25,02:15,67.6,1.13,01:08,2.0,1.0,22.22,31.95,7.0,3.5,77.78,111.84,4.0,2.0,44.44,63.91,1.0,0.5,11.11,15.98,1.0,0.5,11.11,15.98,1.0,0.5,11.11,15.98,3.0,1.5,33.33,47.93,0.0,0.0,0.0,0.0,0.0,0.0,0.0,0.0,0.0,0.0,0.0,0.0,1.0,0.5,11.11,15.98,2.0,1.0,22.22,31.95,0.0,0.0,0.0,0.0,2.0,1.0,22.22,31.95,0.0,0.0,0.0,0.0,0.0,0.0,0.0,0.0,0.0,0.0,0.0,0.0,0.0,0.0,0.0,0.0,1.0,0.5,11.11,15.98,2.0,1.0,22.22,31.95,22.22,77.78,-55.56,95.86,-5.0,-2.5,-55.56,2.25,1.13,0.25,0.25,1.0,0.0,,0.0,0.0,0.33,1.0,0.6,0.0,0.0,0.11,22.22,0.0
4,新北國王,19|23|10871|10872,蘇培凱/王柏智/鍾理翔/林彥廷,2,27,37.0,387.32,6.46,06:27,193.66,3.23,03:14,10.0,5.0,27.03,55.77,9.0,4.5,24.32,50.19,11.0,5.5,29.73,61.34,3.0,1.5,8.11,16.73,3.0,1.5,8.11,16.73,2.0,1.0,5.41,11.15,8.0,4.0,21.62,44.61,1.0,0.5,2.7,5.58,8.0,4.0,21.62,44.61,3.0,1.5,8.11,16.73,5.0,2.5,13.51,27.88,7.0,3.5,18.92,39.04,2.0,1.0,5.41,11.15,4.0,2.0,10.81,22.31,5.0,2.5,13.51,27.88,0.0,0.0,0.0,0.0,3.0,1.5,8.11,16.73,0.0,0.0,0.0,0.0,4.0,2.0,10.81,22.31,5.0,2.5,13.51,27.88,27.03,24.32,2.7,137.56,1.0,0.5,2.7,6.46,3.23,0.32,0.34,0.67,0.12,0.38,0.26,0.0,0.56,0.78,0.67,8.11,0.0,0.11,13.51,0.73
4,新北國王,19|23|10871|10873,蘇培凱/王柏智/鍾理翔/喬納森,4,47,61.0,677.02,11.28,11:17,169.26,2.82,02:49,14.0,3.5,22.95,44.67,24.0,6.0,39.34,76.57,18.0,4.5,29.51,57.43,5.0,1.25,8.2,15.95,6.0,1.5,9.84,19.14,4.0,1.0,6.56,12.76,12.0,3.0,19.67,38.29,1.0,0.25,1.64,3.19,12.0,3.0,19.67,38.29,3.0,0.75,4.92,9.57,7.0,1.75,11.48,22.33,11.0,2.75,18.03,35.09,3.0,0.75,4.92,9.57,6.0,1.5,9.84,19.14,9.0,2.25,14.75,28.71,1.0,0.25,1.64,3.19,7.0,1.75,11.48,22.33,0.0,0.0,0.0,0.0,5.0,1.25,8.2,15.95,11.0,2.75,18.03,35.09,22.95,39.34,-16.39,129.74,-10.0,-2.5,-16.39,11.28,2.82,0.31,0.3,0.67,0.08,0.25,0.28,0.2,0.54,0.79,0.67,11.48,0.0,0.08,18.03,0.67
4,新北國王,19|10871|10872|10873,蘇培凱/鍾理翔/林彥廷/喬納森,2,27,37.0,387.32,6.46,06:27,193.66,3.23,03:14,10.0,5.0,27.03,55.77,9.0,4.5,24.32,50.19,11.0,5.5,29.73,61.34,3.0,1.5,8.11,16.73,3.0,1.5,8.11,16.73,2.0,1.0,5.41,11.15,8.0,4.0,21.62,44.61,1.0,0.5,2.7,5.58,8.0,4.0,21.62,44.61,3.0,1.5,8.11,16.73,5.0,2.5,13.51,27.88,7.0,3.5,18.92,39.04,2.0,1.0,5.41,11.15,4.0,2.0,10.81,22.31,5.0,2.5,13.51,27.88,0.0,0.0,0.0,0.0,3.0,1.5,8.11,16.73,0.0,0.0,0.0,0.0,4.0,2.0,10.81,22.31,5.0,2.5,13.51,27.88,27.03,24.32,2.7,137.56,1.0,0.5,2.7,6.46,3.23,0.32,0.34,0.67,0.12,0.38,0.26,0.0,0.56,0.78,0.67,8.11,0.0,0.11,13.51,0.73
4,新北國王,23|10871|10872|10873,王柏智/鍾理翔/林彥廷/喬納森,3,31,43.0,476.32,7.94,07:56,158.77,2.65,02:39,10.0,3.33,23.26,45.35,9.0,3.0,20.93,40.81,13.0,4.33,30.23,58.95,3.0,1.0,6.98,13.6,4.0,1.33,9.3,18.14,2.0,0.67,4.65,9.07,9.0,3.0,20.93,40.81,1.0,0.33,2.33,4.53,8.0,2.67,18.6,36.28,3.0,1.0,6.98,13.6,5.0,1.67,11.63,22.67,9.0,3.0,20.93,40.81,2.0,0.67,4.65,9.07,6.0,2.0,13.95,27.21,5.0,1.67,11.63,22.67,0.0,0.0,0.0,0.0,3.0,1.0,6.98,13.6,0.0,0.0,0.0,0.0,5.0,1.67,11.63,22.67,5.0,1.67,11.63,22.67,23.26,20.93,2.33,130.0,1.0,0.33,2.33,7.94,2.65,0.27,0.3,0.5,0.11,0.38,0.23,0.0,0.45,0.82,0.64,6.98,0.0,0.12,11.63,0.62
4,桃園台啤永豐雲豹,12|55|57|64,曹薰襄/汪哲宇/莊博元/劉元凱,2,25,34.0,358.32,5.97,05:58,179.16,2.99,02:59,7.0,3.5,20.59,42.2,9.0,4.5,26.47,54.25,7.0,3.5,20.59,42.2,2.0,1.0,5.88,12.06,4.0,2.0,11.76,24.11,2.0,1.0,5.88,12.06,3.0,1.5,8.82,18.08,0.0,0.0,0.0,0.0,5.0,2.5,14.71,30.14,3.0,1.5,8.82,18.08,1.0,0.5,2.94,6.03,4.0,2.0,11.76,24.11,5.0,2.5,14.71,30.14,6.0,3.0,17.65,36.17,6.0,3.0,17.65,36.17,1.0,0.5,2.94,6.03,2.0,1.0,5.88,12.06,0.0,0.0,0.0,0.0,6.0,3.0,17.65,36.17,6.0,3.0,17.65,36.17,20.59,26.47,-5.88,136.64,-2.0,-1.0,-5.88,5.97,2.99,0.29,0.38,0.5,0.0,0.6,0.39,0.5,0.14,0.44,0.31,5.88,0.0,0.18,17.65,0.71
4,桃園台啤永豐雲豹,12|55|64|68,曹薰襄/汪哲宇/劉元凱/克羅馬,1,1,1.0,17.0,0.28,00:17,17.0,0.28,00:17,2.0,2.0,200.0,254.12,0.0,0.0,0.0,0.0,1.0,1.0,100.0,127.06,1.0,1.0,100.0,127.06,1.0,1.0,100.0,127.06,1.0,1.0,100.0,127.06,0.0,0.0,0.0,0.0,0.0,0.0,0.0,0.0,1.0,1.0,100.0,127.06,1.0,1.0,100.0,127.06,0.0,0.0,0.0,0.0,0.0,0.0,0.0,0.0,0.0,0.0,0.0,0.0,0.0,0.0,0.0,0.0,0.0,0.0,0.0,0.0,1.0,1.0,100.0,127.06,0.0,0.0,0.0,0.0,0.0,0.0,0.0,0.0,2.0,2.0,200.0,254.12,0.0,0.0,0.0,0.0,200.0,0.0,200.0,84.71,2.0,2.0,200.0,0.28,0.28,1.0,0.69,1.0,,1.0,0.0,1.0,,,,0.0,0.0,2.0,0.0,1.0
4,桃園台啤永豐雲豹,55|57|64|68,汪哲宇/莊博元/劉元凱/克羅馬,1,1,1.0,17.0,0.28,00:17,17.0,0.28,00:17,2.0,2.0,200.0,254.12,0.0,0.0,0.0,0.0,1.0,1.0,100.0,127.06,1.0,1.0,100.0,127.06,1.0,1.0,100.0,127.06,1.0,1.0,100.0,127.06,0.0,0.0,0.0,0.0,0.0,0.0,0.0,0.0,1.0,1.0,100.0,127.06,1.0,1.0,100.0,127.06,0.0,0.0,0.0,0.0,0.0,0.0,0.0,0.0,0.0,0.0,0.0,0.0,0.0,0.0,0.0,0.0,0.0,0.0,0.0,0.0,1.0,1.0,100.0,127.06,0.0,0.0,0.0,0.0,0.0,0.0,0.0,0.0,2.0,2.0,200.0,254.12,0.0,0.0,0.0,0.0,200.0,0.0,200.0,84.71,2.0,2.0,200.0,0.28,0.28,1.0,0.69,1.0,,1.0,0.0,1.0,,,,0.0,0.0,2.0,0.0,1.0
4,桃園台啤永豐雲豹,12|55|57|3129,曹薰襄/汪哲宇/莊博元/董永全,2,10,12.0,153.01,2.55,02:33,76.5,1.28,01:17,6.0,3.0,50.0,84.7,5.0,2.5,41.67,70.58,2.0,1.0,16.67,28.23,1.0,0.5,8.33,14.12,2.0,1.0,16.67,28.23,1.0,0.5,8.33,14.12,0.0,0.0,0.0,0.0,0.0,0.0,0.0,0.0,5.0,2.5,41.67,70.58,3.0,1.5,25.0,42.35,0.0,0.0,0.0,0.0,2.0,1.0,16.67,28.23,2.0,1.0,16.67,28.23,1.0,0.5,8.33,14.12,0.0,0.0,0.0,0.0,0.0,0.0,0.0,0.0,0.0,0.0,0.0,0.0,0.0,0.0,0.0,0.0,3.0,1.5,25.0,42.35,0.0,0.0,0.0,0.0,50.0,41.67,8.33,112.93,1.0,0.5,8.33,2.55,1.28,0.5,0.71,0.5,,0.6,0.0,0.0,0.0,0.5,0.4,0.0,0.0,0.25,0.0,2.5
4,桃園台啤永豐雲豹,12|55|64|3129,曹薰襄/汪哲宇/劉元凱/董永全,2,10,14.0,178.0,2.97,02:58,89.0,1.48,01:29,5.0,2.5,35.71,60.67,5.0,2.5,35.71,60.67,2.0,1.0,14.29,24.27,1.0,0.5,7.14,12.13,2.0,1.0,14.29,24.27,1.0,0.5,7.14,12.13,0.0,0.0,0.0,0.0,0.0,0.0,0.0,0.0,4.0,2.0,28.57,48.54,2.0,1.0,14.29,24.27,0.0,0.0,0.0,0.0,2.0,1.0,14.29,24.27,3.0,1.5,21.43,36.4,2.0,1.0,14.29,24.27,1.0,0.5,7.14,12.13,0.0,0.0,0.0,0.0,0.0,0.0,0.0,0.0,0.0,0.0,0.0,0.0,3.0,1.5,21.43,36.4,0.0,0.0,0.0,0.0,35.71,35.71,0.0,113.26,0.0,0.0,0.0,2.97,1.48,0.5,0.66,0.5,,0.5,0.21,0.0,0.0,0.4,0.29,0.0,0.0,0.21,0.0,2.0
4,桃園台啤永豐雲豹,12|57|64|3129,曹薰襄/莊博元/劉元凱/董永全,1,9,11.0,153.0,2.55,02:33,153.0,2.55,02:33,5.0,5.0,45.45,70.59,5.0,5.0,45.45,70.59,2.0,2.0,18.18,28.24,1.0,1.0,9.09,14.12,2.0,2.0,18.18,28.24,1.0,1.0,9.09,14.12,0.0,0.0,0.0,0.0,0.0,0.0,0.0,0.0,4.0,4.0,36.36,56.47,2.0,2.0,18.18,28.24,0.0,0.0,0.0,0.0,2.0,2.0,18.18,28.24,2.0,2.0,18.18,28.24,1.0,1.0,9.09,14.12,0.0,0.0,0.0,0.0,0.0,0.0,0.0,0.0,0.0,0.0,0.0,0.0,0.0,0.0,0.0,0.0,3.0,3.0,27.27,42.35,0.0,0.0,0.0,0.0,45.45,45.45,0.0,103.53,0.0,0.0,0.0,2.55,2.55,0.5,0.66,0.5,,0.5,0.0,0.0,0.0,0.5,0.4,0.0,0.0,0.27,0.0,2.0
4,桃園台啤永豐雲豹,55|57|64|3129,汪哲宇/莊博元/劉元凱/董永全,1,9,11.0,153.0,2.55,02:33,153.0,2.55,02:33,5.0,5.0,45.45,70.59,5.0,5.0,45.45,70.59,2.0,2.0,18.18,28.24,1.0,1.0,9.09,14.12,2.0,2.0,18.18,28.24,1.0,1.0,9.09,14.12,0.0,0.0,0.0,0.0,0.0,0.0,0.0,0.0,4.0,4.0,36.36,56.47,2.0,2.0,18.18,28.24,0.0,0.0,0.0,0.0,2.0,2.0,18.18,28.24,2.0,2.0,18.18,28.24,1.0,1.0,9.09,14.12,0.0,0.0,0.0,0.0,0.0,0.0,0.0,0.0,0.0,0.0,0.0,0.0,0.0,0.0,0.0,0.0,3.0,3.0,27.27,42.35,0.0,0.0,0.0,0.0,45.45,45.45,0.0,103.53,0.0,0.0,0.0,2.55,2.55,0.5,0.66,0.5,,0.5,0.0,0.0,0.0,0.5,0.4,0.0,0.0,0.27,0.0,2.0
4,福爾摩沙夢想家,79|89|99|103,張宗憲/蔣淯安/盧冠良/忻沃克,1,5,7.0,87.0,1.45,01:27,87.0,1.45,01:27,2.0,2.0,28.57,49.66,0.0,0.0,0.0,0.0,4.0,4.0,57.14,99.31,1.0,1.0,14.29,24.83,2.0,2.0,28.57,49.66,1.0,1.0,14.29,24.83,2.0,2.0,28.57,49.66,0.0,0.0,0.0,0.0,0.0,0.0,0.0,0.0,0.0,0.0,0.0,0.0,1.0,1.0,14.29,24.83,2.0,2.0,28.57,49.66,1.0,1.0,14.29,24.83,2.0,2.0,28.57,49.66,0.0,0.0,0.0,0.0,1.0,1.0,14.29,24.83,0.0,0.0,0.0,0.0,0.0,0.0,0.0,0.0,0.0,0.0,0.0,0.0,0.0,0.0,0.0,0.0,28.57,0.0,28.57,115.86,2.0,2.0,28.57,1.45,1.45,0.25,0.25,0.5,0.0,,0.0,1.0,0.33,0.67,0.5,0.0,0.0,0.0,0.0,0.0
4,福爾摩沙夢想家,79|99|103|107,張宗憲/盧冠良/忻沃克/霍爾曼,2,7,9.0,95.0,1.58,01:35,47.5,0.79,00:48,2.0,1.0,22.22,45.47,0.0,0.0,0.0,0.0,5.0,2.5,55.56,113.68,1.0,0.5,11.11,22.74,2.0,1.0,22.22,45.47,1.0,0.5,11.11,22.74,3.0,1.5,33.33,68.21,0.0,0.0,0.0,0.0,0.0,0.0,0.0,0.0,0.0,0.0,0.0,0.0,1.0,0.5,11.11,22.74,2.0,1.0,22.22,45.47,1.0,0.5,11.11,22.74,2.0,1.0,22.22,45.47,0.0,0.0,0.0,0.0,1.0,0.5,11.11,22.74,0.0,0.0,0.0,0.0,0.0,0.0,0.0,0.0,0.0,0.0,0.0,0.0,0.0,0.0,0.0,0.0,22.22,0.0,22.22,136.42,2.0,1.0,22.22,1.58,0.79,0.2,0.2,0.5,0.0,,0.0,1.0,0.33,0.67,0.5,0.0,0.0,0.0,0.0,0.0
4,福爾摩沙夢想家,79|91|106|107,張宗憲/簡偉儒/高柏鎧/霍爾曼,2,24,27.0,503.49,8.39,08:23,251.75,4.2,04:12,10.0,5.0,37.04,42.9,23.0,11.5,85.19,98.67,9.0,4.5,33.33,38.61,3.0,1.5,11.11,12.87,7.0,3.5,25.93,30.03,2.0,1.0,7.41,8.58,2.0,1.0,7.41,8.58,1.0,0.5,3.7,4.29,0.0,0.0,0.0,0.0,0.0,0.0,0.0,0.0,2.0,1.0,7.41,8.58,4.0,2.0,14.81,17.16,1.0,0.5,3.7,4.29,2.0,1.0,7.41,8.58,4.0,2.0,14.81,17.16,2.0,1.0,7.41,8.58,2.0,1.0,7.41,8.58,1.0,0.5,3.7,4.29,0.0,0.0,0.0,0.0,4.0,2.0,14.81,17.16,37.04,85.19,-48.15,77.22,-13.0,-6.5,-48.15,8.39,4.2,0.39,0.56,0.29,0.5,,0.31,0.67,0.5,0.8,0.67,7.41,3.7,0.0,14.81,0.0
4,新竹御嵿攻城獅,75|88|90|10862,高國豪/盧冠軒/李啓瑋/提傑,5,89,111.0,1474.56,24.58,24:35,294.91,4.92,04:55,47.0,9.4,42.34,68.85,46.0,9.2,41.44,67.38,36.0,7.2,32.43,52.73,17.0,3.4,15.32,24.9,19.0,3.8,17.12,27.83,10.0,2.0,9.01,14.65,17.0,3.4,15.32,24.9,7.0,1.4,6.31,10.25,8.0,1.6,7.21,11.72,7.0,1.4,6.31,10.25,4.0,0.8,3.6,5.86,16.0,3.2,14.41,23.44,16.0,3.2,14.41,23.44,16.0,3.2,14.41,23.44,8.0,1.6,7.21,11.72,11.0,2.2,9.91,16.11,5.0,1.0,4.5,7.32,2.0,0.4,1.8,2.93,9.0,1.8,8.11,13.18,11.0,2.2,9.91,16.11,42.34,41.44,0.9,108.4,1.0,0.2,0.9,24.58,4.92,0.57,0.59,0.53,0.41,0.88,0.17,0.65,0.2,0.5,0.38,4.5,1.8,0.08,9.91,0.22
4,新竹御嵿攻城獅,75|88|90|10887,高國豪/盧冠軒/李啓瑋/德魯,4,33,40.0,536.76,8.95,08:57,134.19,2.24,02:14,18.0,4.5,45.0,72.43,17.0,4.25,42.5,68.41,16.0,4.0,40.0,64.39,6.0,1.5,15.0,24.14,8.0,2.0,20.0,32.19,2.0,0.5,5.0,8.05,8.0,2.0,20.0,32.19,4.0,1.0,10.0,16.1,4.0,1.0,10.0,16.1,3.0,0.75,7.5,12.07,2.0,0.5,5.0,8.05,9.0,2.25,22.5,36.22,5.0,1.25,12.5,20.12,6.0,1.5,15.0,24.14,1.0,0.25,2.5,4.02,4.0,1.0,10.0,16.1,1.0,0.25,2.5,4.02,2.0,0.5,5.0,8.05,4.0,1.0,10.0,16.1,2.0,0.5,5.0,8.05,45.0,42.5,2.5,107.31,1.0,0.25,2.5,8.95,2.24,0.5,0.51,0.25,0.5,0.75,0.05,0.67,0.25,0.64,0.5,2.5,5.0,0.1,5.0,0.25
4,新竹御嵿攻城獅,75|87|88|10862,高國豪/蔡宸綱/盧冠軒/提傑,12,263,319.0,4593.64,76.56,76:34,382.8,6.38,06:23,153.0,12.75,47.96,71.94,133.0,11.08,41.69,62.54,109.0,9.08,34.17,51.25,49.0,4.08,15.36,23.04,57.0,4.75,17.87,26.8,30.0,2.5,9.4,14.11,52.0,4.33,16.3,24.45,19.0,1.58,5.96,8.93,43.0,3.58,13.48,20.22,35.0,2.92,10.97,16.46,18.0,1.5,5.64,8.46,43.0,3.58,13.48,20.22,31.0,2.58,9.72,14.58,54.0,4.5,16.93,25.39,19.0,1.58,5.96,8.93,39.0,3.25,12.23,18.34,11.0,0.92,3.45,5.17,5.0,0.42,1.57,2.35,39.0,3.25,12.23,18.34,31.0,2.58,9.72,14.58,47.96,41.69,6.27,100.0,20.0,1.67,6.27,76.56,6.38,0.54,0.6,0.53,0.37,0.81,0.13,0.8,0.25,0.58,0.42,3.45,1.57,0.12,9.72,0.39
4,新竹御嵿攻城獅,75|87|88|10887,高國豪/蔡宸綱/盧冠軒/德魯,9,183,226.0,3146.18,52.44,52:26,349.58,5.83,05:50,115.0,12.78,50.88,78.95,90.0,10.0,39.82,61.79,80.0,8.89,35.4,54.92,35.0,3.89,15.49,24.03,45.0,5.0,19.91,30.89,21.0,2.33,9.29,14.42,35.0,3.89,15.49,24.03,14.0,1.56,6.19,9.61,37.0,4.11,16.37,25.4,32.0,3.56,14.16,21.97,15.0,1.67,6.64,10.3,30.0,3.33,13.27,20.6,21.0,2.33,9.29,14.42,42.0,4.67,18.58,28.83,9.0,1.0,3.98,6.18,27.0,3.0,11.95,18.54,5.0,0.56,2.21,3.43,4.0,0.44,1.77,2.75,29.0,3.22,12.83,19.91,27.0,3.0,11.95,18.54,50.88,39.82,11.06,103.44,25.0,2.78,11.06,52.44,5.83,0.52,0.6,0.47,0.4,0.86,0.09,0.77,0.26,0.59,0.42,2.21,1.77,0.13,11.95,0.46
4,新竹御嵿攻城獅,87|10862|10885|10888,蔡宸綱/提傑/劉丞勳/帕塞獅,4,74,85.0,1138.11,18.97,18:58,284.53,4.74,04:45,33.0,8.25,38.82,62.63,34.0,8.5,40.0,64.53,30.0,7.5,35.29,56.94,13.0,3.25,15.29,24.67,20.0,5.0,23.53,37.96,10.0,2.5,11.76,18.98,10.0,2.5,11.76,18.98,3.0,0.75,3.53,5.69,9.0,2.25,10.59,17.08,6.0,1.5,7.06,11.39,4.0,1.0,4.71,7.59,15.0,3.75,17.65,28.47,2.0,0.5,2.35,3.8,14.0,3.5,16.47,26.57,10.0,2.5,11.76,18.98,11.0,2.75,12.94,20.88,7.0,1.75,8.24,13.29,3.0,0.75,3.53,5.69,9.0,2.25,10.59,17.08,10.0,2.5,11.76,18.98,38.82,40.0,-1.18,107.55,-1.0,-0.25,-1.18,18.97,4.74,0.48,0.49,0.5,0.3,0.67,0.23,0.85,0.22,0.88,0.54,8.24,3.53,0.11,11.76,0.3
4,新竹御嵿攻城獅,75|87|10862|10888,高國豪/蔡宸綱/提傑/帕塞獅,6,59,67.0,956.15,15.94,15:56,159.36,2.66,02:39,32.0,5.33,47.76,72.29,25.0,4.17,37.31,56.48,26.0,4.33,38.81,58.74,14.0,2.33,20.9,31.63,14.0,2.33,20.9,31.63,10.0,1.67,14.93,22.59,12.0,2.0,17.91,27.11,4.0,0.67,5.97,9.04,5.0,0.83,7.46,11.3,2.0,0.33,2.99,4.52,4.0,0.67,5.97,9.04,7.0,1.17,10.45,15.81,3.0,0.5,4.48,6.78,11.0,1.83,16.42,24.85,7.0,1.17,10.45,15.81,11.0,1.83,16.42,24.85,3.0,0.5,4.48,6.78,0.0,0.0,0.0,0.0,3.0,0.5,4.48,6.78,10.0,1.67,14.93,22.59,47.76,37.31,10.45,100.9,7.0,1.17,10.45,15.94,2.66,0.62,0.57,0.71,0.33,0.4,0.2,0.79,0.27,0.7,0.44,4.48,0.0,0.04,14.93,0.19
4,福爾摩沙夢想家,79|83|106|107,張宗憲/吳家駿/高柏鎧/霍爾曼,3,15,19.0,287.62,4.79,04:48,95.87,1.6,01:36,9.0,3.0,47.37,67.59,18.0,6.0,94.74,135.18,7.0,2.33,36.84,52.57,2.0,0.67,10.53,15.02,3.0,1.0,15.79,22.53,0.0,0.0,0.0,0.0,4.0,1.33,21.05,30.04,2.0,0.67,10.53,15.02,4.0,1.33,21.05,30.04,3.0,1.0,15.79,22.53,2.0,0.67,10.53,15.02,3.0,1.0,15.79,22.53,2.0,0.67,10.53,15.02,0.0,0.0,0.0,0.0,1.0,0.33,5.26,7.51,3.0,1.0,15.79,22.53,0.0,0.0,0.0,0.0,0.0,0.0,0.0,0.0,0.0,0.0,0.0,0.0,0.0,0.0,0.0,0.0,47.37,94.74,-47.37,95.12,-9.0,-3.0,-47.37,4.79,1.6,0.43,0.51,0.0,0.5,0.75,0.1,1.5,1.0,0.6,0.71,0.0,0.0,0.0,0.0,0.57
4,福爾摩沙夢想家,83|91|106|107,吳家駿/簡偉儒/高柏鎧/霍爾曼,3,17,20.0,302.49,5.04,05:02,100.83,1.68,01:41,7.0,2.33,35.0,49.98,19.0,6.33,95.0,135.67,9.0,3.0,45.0,64.27,3.0,1.0,15.0,21.42,6.0,2.0,30.0,42.84,2.0,0.67,10.0,14.28,3.0,1.0,15.0,21.42,1.0,0.33,5.0,7.14,0.0,0.0,0.0,0.0,0.0,0.0,0.0,0.0,1.0,0.33,5.0,7.14,4.0,1.33,20.0,28.56,1.0,0.33,5.0,7.14,1.0,0.33,5.0,7.14,1.0,0.33,5.0,7.14,1.0,0.33,5.0,7.14,0.0,0.0,0.0,0.0,0.0,0.0,0.0,0.0,0.0,0.0,0.0,0.0,0.0,0.0,0.0,0.0,35.0,95.0,-60.0,95.21,-12.0,-4.0,-60.0,5.04,1.68,0.39,0.39,0.33,0.33,,0.1,0.33,0.5,0.8,0.71,0.0,0.0,0.0,0.0,0.0
4,新竹御嵿攻城獅,75|76|78|10862,高國豪/曾柏喻/朱雲豪/提傑,6,60,75.0,1518.02,25.3,25:18,253.0,4.22,04:13,25.0,4.17,33.33,35.57,39.0,6.5,52.0,55.49,26.0,4.33,34.67,37.0,10.0,1.67,13.33,14.23,15.0,2.5,20.0,21.34,6.0,1.0,8.0,8.54,11.0,1.83,14.67,15.65,4.0,0.67,5.33,5.69,4.0,0.67,5.33,5.69,1.0,0.17,1.33,1.42,3.0,0.5,4.0,4.27,15.0,2.5,20.0,21.34,7.0,1.17,9.33,9.96,11.0,1.83,14.67,15.65,5.0,0.83,6.67,7.11,8.0,1.33,10.67,11.38,4.0,0.67,5.33,5.69,2.0,0.33,2.67,2.85,5.0,0.83,6.67,7.11,4.0,0.67,5.33,5.69,33.33,52.0,-18.67,71.15,-14.0,-2.33,-18.67,25.3,4.22,0.46,0.45,0.4,0.36,0.25,0.15,0.8,0.21,0.68,0.5,5.33,2.67,0.07,5.33,0.15
4,新竹御嵿攻城獅,75|76|78|10888,高國豪/曾柏喻/朱雲豪/帕塞獅,2,28,36.0,433.9,7.23,07:14,216.95,3.62,03:37,4.0,2.0,11.11,19.91,16.0,8.0,44.44,79.65,13.0,6.5,36.11,64.72,1.0,0.5,2.78,4.98,8.0,4.0,22.22,39.83,1.0,0.5,2.78,4.98,5.0,2.5,13.89,24.89,0.0,0.0,0.0,0.0,2.0,1.0,5.56,9.96,2.0,1.0,5.56,9.96,2.0,1.0,5.56,9.96,10.0,5.0,27.78,49.78,5.0,2.5,13.89,24.89,4.0,2.0,11.11,19.91,1.0,0.5,2.78,4.98,0.0,0.0,0.0,0.0,1.0,0.5,2.78,4.98,1.0,0.5,2.78,4.98,4.0,2.0,11.11,19.91,0.0,0.0,0.0,0.0,11.11,44.44,-33.33,119.48,-12.0,-6.0,-33.33,7.23,3.62,0.08,0.14,0.12,0.0,1.0,0.07,0.0,0.33,0.67,0.57,2.78,2.78,0.11,0.0,0.15
4,新竹御嵿攻城獅,76|78|10862|10888,曾柏喻/朱雲豪/提傑/帕塞獅,6,70,88.0,1189.71,19.83,19:50,198.28,3.3,03:18,22.0,3.67,25.0,39.94,40.0,6.67,45.45,72.62,31.0,5.17,35.23,56.28,9.0,1.5,10.23,16.34,15.0,2.5,17.05,27.23,7.0,1.17,7.95,12.71,16.0,2.67,18.18,29.05,2.0,0.33,2.27,3.63,3.0,0.5,3.41,5.45,2.0,0.33,2.27,3.63,5.0,0.83,5.68,9.08,16.0,2.67,18.18,29.05,10.0,1.67,11.36,18.16,13.0,2.17,14.77,23.6,8.0,1.33,9.09,14.52,3.0,0.5,3.41,5.45,5.0,0.83,5.68,9.08,1.0,0.17,1.14,1.82,9.0,1.5,10.23,16.34,8.0,1.33,9.09,14.52,25.0,45.45,-20.45,106.51,-18.0,-3.0,-20.45,19.83,3.3,0.32,0.34,0.47,0.12,0.67,0.2,0.33,0.28,0.62,0.48,5.68,1.14,0.1,9.09,0.1
4,福爾摩沙夢想家,79|83|103|107,張宗憲/吳家駿/忻沃克/霍爾曼,3,21,31.0,342.96,5.72,05:43,114.32,1.91,01:54,13.0,4.33,41.94,81.87,7.0,2.33,22.58,44.09,12.0,4.0,38.71,75.58,3.0,1.0,9.68,18.89,6.0,2.0,19.35,37.79,1.0,0.33,3.23,6.3,6.0,2.0,19.35,37.79,2.0,0.67,6.45,12.6,5.0,1.67,16.13,31.49,3.0,1.0,9.68,18.89,6.0,2.0,19.35,37.79,4.0,1.33,12.9,25.19,3.0,1.0,9.68,18.89,5.0,1.67,16.13,31.49,2.0,0.67,6.45,12.6,3.0,1.0,9.68,18.89,2.0,0.67,6.45,12.6,0.0,0.0,0.0,0.0,3.0,1.0,9.68,18.89,0.0,0.0,0.0,0.0,41.94,22.58,19.35,130.16,6.0,2.0,19.35,5.72,1.91,0.33,0.46,0.17,0.33,0.6,0.12,1.0,0.55,0.57,0.56,6.45,0.0,0.1,0.0,0.42
4,福爾摩沙夢想家,79|83|103|10890,張宗憲/吳家駿/忻沃克/湯普金斯,1,7,10.0,109.0,1.82,01:49,109.0,1.82,01:49,4.0,4.0,40.0,79.27,0.0,0.0,0.0,0.0,6.0,6.0,60.0,118.9,1.0,1.0,10.0,19.82,5.0,5.0,50.0,99.08,1.0,1.0,10.0,19.82,1.0,1.0,10.0,19.82,0.0,0.0,0.0,0.0,0.0,0.0,0.0,0.0,0.0,0.0,0.0,0.0,3.0,3.0,30.0,59.45,2.0,2.0,20.0,39.63,0.0,0.0,0.0,0.0,3.0,3.0,30.0,59.45,0.0,0.0,0.0,0.0,0.0,0.0,0.0,0.0,0.0,0.0,0.0,0.0,0.0,0.0,0.0,0.0,1.0,1.0,10.0,19.82,0.0,0.0,0.0,0.0,40.0,0.0,40.0,132.11,4.0,4.0,40.0,1.82,1.82,0.17,0.33,0.2,0.0,,0.0,0.0,0.5,1.0,0.62,0.0,0.0,0.1,0.0,0.0
4,新竹御嵿攻城獅,76|78|88|10862,曾柏喻/朱雲豪/盧冠軒/提傑,5,52,63.0,839.12,13.99,13:59,167.82,2.8,02:48,22.0,4.4,34.92,56.63,25.0,5.0,39.68,64.35,19.0,3.8,30.16,48.91,7.0,1.4,11.11,18.02,10.0,2.0,15.87,25.74,5.0,1.0,7.94,12.87,9.0,1.8,14.29,23.17,2.0,0.4,3.17,5.15,8.0,1.6,12.7,20.59,6.0,1.2,9.52,15.44,4.0,0.8,6.35,10.3,8.0,1.6,12.7,20.59,6.0,1.2,9.52,15.44,9.0,1.8,14.29,23.17,9.0,1.8,14.29,23.17,2.0,0.4,3.17,5.15,5.0,1.0,7.94,12.87,0.0,0.0,0.0,0.0,7.0,1.4,11.11,18.02,4.0,0.8,6.35,10.3,34.92,39.68,-4.76,108.11,-3.0,-0.6,-4.76,13.99,2.8,0.42,0.49,0.5,0.22,0.75,0.29,0.29,0.31,0.57,0.44,7.94,0.0,0.11,6.35,0.42
4,福爾摩沙夢想家,79|89|99|10890,張宗憲/蔣淯安/盧冠良/湯普金斯,5,51,57.0,833.52,13.89,13:54,166.7,2.78,02:47,30.0,6.0,52.63,77.74,20.0,4.0,35.09,51.83,21.0,4.2,36.84,54.42,12.0,2.4,21.05,31.1,16.0,3.2,28.07,41.46,9.0,1.8,15.79,23.32,5.0,1.0,8.77,12.96,3.0,0.6,5.26,7.77,1.0,0.2,1.75,2.59,1.0,0.2,1.75,2.59,2.0,0.4,3.51,5.18,7.0,1.4,12.28,18.14,2.0,0.4,3.51,5.18,10.0,2.0,17.54,25.91,5.0,1.0,8.77,12.96,8.0,1.6,14.04,20.73,2.0,0.4,3.51,5.18,2.0,0.4,3.51,5.18,3.0,0.6,5.26,7.77,1.0,0.2,1.75,2.59,52.63,35.09,17.54,98.47,10.0,2.0,17.54,13.89,2.78,0.64,0.7,0.56,0.6,1.0,0.19,0.67,0.17,0.78,0.43,3.51,3.51,0.05,1.75,0.05
4,新竹御嵿攻城獅,75|88|90|10888,高國豪/盧冠軒/李啓瑋/帕塞獅,3,28,33.0,428.27,7.14,07:08,142.76,2.38,02:23,14.0,4.67,42.42,70.61,13.0,4.33,39.39,65.57,11.0,3.67,33.33,55.48,5.0,1.67,15.15,25.22,6.0,2.0,18.18,30.26,3.0,1.0,9.09,15.13,5.0,1.67,15.15,25.22,2.0,0.67,6.06,10.09,2.0,0.67,6.06,10.09,2.0,0.67,6.06,10.09,1.0,0.33,3.03,5.04,5.0,1.67,15.15,25.22,2.0,0.67,6.06,10.09,5.0,1.67,15.15,25.22,3.0,1.0,9.09,15.13,4.0,1.33,12.12,20.17,1.0,0.33,3.03,5.04,0.0,0.0,0.0,0.0,1.0,0.33,3.03,5.04,5.0,1.67,15.15,25.22,42.42,39.39,3.03,110.96,1.0,0.33,3.03,7.14,2.38,0.55,0.59,0.5,0.4,1.0,0.2,0.8,0.17,0.71,0.46,3.03,0.0,0.03,15.15,0.18
4,新竹御嵿攻城獅,88|90|10887|10888,盧冠軒/李啓瑋/德魯/帕塞獅,2,11,11.0,136.26,2.27,02:16,68.13,1.14,01:08,5.0,2.5,45.45,79.26,7.0,3.5,63.64,110.96,2.0,1.0,18.18,31.7,1.0,0.5,9.09,15.85,0.0,0.0,0.0,0.0,0.0,0.0,0.0,0.0,2.0,1.0,18.18,31.7,1.0,0.5,9.09,15.85,2.0,1.0,18.18,31.7,2.0,1.0,18.18,31.7,0.0,0.0,0.0,0.0,1.0,0.5,9.09,15.85,0.0,0.0,0.0,0.0,2.0,1.0,18.18,31.7,2.0,1.0,18.18,31.7,1.0,0.5,9.09,15.85,2.0,1.0,18.18,31.7,0.0,0.0,0.0,0.0,3.0,1.5,27.27,47.56,0.0,0.0,0.0,0.0,45.45,63.64,-18.18,116.25,-2.0,-1.0,-18.18,2.27,1.14,0.75,0.87,,0.5,1.0,0.41,1.0,0.0,1.0,0.33,18.18,0.0,0.27,0.0,1.0
4,新竹御嵿攻城獅,88|90|10862|10885,盧冠軒/李啓瑋/提傑/劉丞勳,2,11,14.0,159.6,2.66,02:40,79.8,1.33,01:20,5.0,2.5,35.71,67.67,7.0,3.5,50.0,94.74,4.0,2.0,28.57,54.14,2.0,1.0,14.29,27.07,2.0,1.0,14.29,27.07,1.0,0.5,7.14,13.53,2.0,1.0,14.29,27.07,1.0,0.5,7.14,13.53,0.0,0.0,0.0,0.0,0.0,0.0,0.0,0.0,0.0,0.0,0.0,0.0,2.0,1.0,14.29,27.07,2.0,1.0,14.29,27.07,2.0,1.0,14.29,27.07,1.0,0.5,7.14,13.53,2.0,1.0,14.29,27.07,0.0,0.0,0.0,0.0,0.0,0.0,0.0,0.0,1.0,0.5,7.14,13.53,4.0,2.0,28.57,54.14,35.71,50.0,-14.29,126.32,-2.0,-1.0,-14.29,2.66,1.33,0.62,0.62,0.5,0.5,,0.2,1.0,0.0,0.5,0.33,0.0,0.0,0.07,28.57,0.0
4,新竹御嵿攻城獅,88|90|10885|10888,盧冠軒/李啓瑋/劉丞勳/帕塞獅,2,6,8.0,89.49,1.49,01:29,44.75,0.75,00:45,2.0,1.0,25.0,48.27,5.0,2.5,62.5,120.68,1.0,0.5,12.5,24.14,1.0,0.5,12.5,24.14,1.0,0.5,12.5,24.14,1.0,0.5,12.5,24.14,0.0,0.0,0.0,0.0,0.0,0.0,0.0,0.0,0.0,0.0,0.0,0.0,0.0,0.0,0.0,0.0,0.0,0.0,0.0,0.0,0.0,0.0,0.0,0.0,2.0,1.0,25.0,48.27,1.0,0.5,12.5,24.14,1.0,0.5,12.5,24.14,1.0,0.5,12.5,24.14,1.0,0.5,12.5,24.14,0.0,0.0,0.0,0.0,0.0,0.0,0.0,0.0,0.0,0.0,0.0,0.0,25.0,62.5,-37.5,128.72,-3.0,-1.5,-37.5,1.49,0.75,1.0,1.0,1.0,,,0.5,1.0,0.0,0.0,0.0,12.5,0.0,0.0,0.0,0.0
4,新竹御嵿攻城獅,90|10862|10885|10888,李啓瑋/提傑/劉丞勳/帕塞獅,1,3,5.0,60.0,1.0,01:00,60.0,1.0,01:00,2.0,2.0,40.0,72.0,0.0,0.0,0.0,0.0,1.0,1.0,20.0,36.0,1.0,1.0,20.0,36.0,1.0,1.0,20.0,36.0,1.0,1.0,20.0,36.0,0.0,0.0,0.0,0.0,0.0,0.0,0.0,0.0,0.0,0.0,0.0,0.0,0.0,0.0,0.0,0.0,0.0,0.0,0.0,0.0,0.0,0.0,0.0,0.0,2.0,2.0,40.0,72.0,1.0,1.0,20.0,36.0,0.0,0.0,0.0,0.0,1.0,1.0,20.0,36.0,0.0,0.0,0.0,0.0,0.0,0.0,0.0,0.0,0.0,0.0,0.0,0.0,0.0,0.0,0.0,0.0,40.0,0.0,40.0,120.0,2.0,2.0,40.0,1.0,1.0,1.0,1.0,1.0,,,0.0,1.0,0.0,0.0,0.0,0.0,0.0,0.0,0.0,0.0
4,福爾摩沙夢想家,83|91|103|107,吳家駿/簡偉儒/忻沃克/霍爾曼,2,17,19.0,256.0,4.27,04:16,128.0,2.13,02:08,8.0,4.0,42.11,67.5,14.0,7.0,73.68,118.12,6.0,3.0,31.58,50.62,3.0,1.5,15.79,25.31,3.0,1.5,15.79,25.31,2.0,1.0,10.53,16.88,3.0,1.5,15.79,25.31,1.0,0.5,5.26,8.44,1.0,0.5,5.26,8.44,1.0,0.5,5.26,8.44,0.0,0.0,0.0,0.0,3.0,1.5,15.79,25.31,3.0,1.5,15.79,25.31,2.0,1.0,10.53,16.88,1.0,0.5,5.26,8.44,3.0,1.5,15.79,25.31,0.0,0.0,0.0,0.0,0.0,0.0,0.0,0.0,1.0,0.5,5.26,8.44,2.0,1.0,10.53,16.88,42.11,73.68,-31.58,106.88,-6.0,-3.0,-31.58,4.27,2.13,0.58,0.62,0.67,0.33,1.0,0.13,1.0,0.0,0.5,0.38,0.0,0.0,0.05,10.53,0.17
4,新北國王,21|25|29|32,李愷諺/林金榜/林書緯/奧帝,3,20,23.0,306.55,5.11,05:07,102.18,1.7,01:42,8.0,2.67,34.78,56.37,5.0,1.67,21.74,35.23,7.0,2.33,30.43,49.32,3.0,1.0,13.04,21.14,2.0,0.67,8.7,14.09,1.0,0.33,4.35,7.05,5.0,1.67,21.74,35.23,2.0,0.67,8.7,14.09,0.0,0.0,0.0,0.0,0.0,0.0,0.0,0.0,0.0,0.0,0.0,0.0,4.0,1.33,17.39,28.18,3.0,1.0,13.04,21.14,6.0,2.0,26.09,42.28,3.0,1.0,13.04,21.14,2.0,0.67,8.7,14.09,3.0,1.0,13.04,21.14,0.0,0.0,0.0,0.0,0.0,0.0,0.0,0.0,4.0,1.33,17.39,28.18,34.78,21.74,13.04,108.04,3.0,1.0,13.04,5.11,1.7,0.57,0.57,0.5,0.4,,0.3,0.67,0.0,0.57,0.31,13.04,0.0,0.0,17.39,0.0
4,新北國王,21|25|32|10875,李愷諺/林金榜/奧帝/傑登,1,10,12.0,116.37,1.94,01:56,116.37,1.94,01:56,3.0,3.0,25.0,55.69,4.0,4.0,33.33,74.25,3.0,3.0,25.0,55.69,1.0,1.0,8.33,18.56,0.0,0.0,0.0,0.0,0.0,0.0,0.0,0.0,3.0,3.0,25.0,55.69,1.0,1.0,8.33,18.56,0.0,0.0,0.0,0.0,0.0,0.0,0.0,0.0,0.0,0.0,0.0,0.0,2.0,2.0,16.67,37.12,2.0,2.0,16.67,37.12,2.0,2.0,16.67,37.12,2.0,2.0,16.67,37.12,1.0,1.0,8.33,18.56,2.0,2.0,16.67,37.12,0.0,0.0,0.0,0.0,0.0,0.0,0.0,0.0,2.0,2.0,16.67,37.12,25.0,33.33,-8.33,148.5,-1.0,-1.0,-8.33,1.94,1.94,0.5,0.5,,0.33,,0.4,1.0,0.0,0.5,0.33,16.67,0.0,0.0,16.67,0.0
4,新北國王,21|29|32|10875,李愷諺/林書緯/奧帝/傑登,1,24,26.0,282.15,4.7,04:42,282.15,4.7,04:42,12.0,12.0,46.15,91.87,9.0,9.0,34.62,68.9,9.0,9.0,34.62,68.9,4.0,4.0,15.38,30.62,3.0,3.0,11.54,22.97,2.0,2.0,7.69,15.31,6.0,6.0,23.08,45.93,2.0,2.0,7.69,15.31,2.0,2.0,7.69,15.31,2.0,2.0,7.69,15.31,0.0,0.0,0.0,0.0,5.0,5.0,19.23,38.28,2.0,2.0,7.69,15.31,3.0,3.0,11.54,22.97,3.0,3.0,11.54,22.97,3.0,3.0,11.54,22.97,3.0,3.0,11.54,22.97,0.0,0.0,0.0,0.0,0.0,0.0,0.0,0.0,5.0,5.0,19.23,38.28,46.15,34.62,11.54,132.69,3.0,3.0,11.54,4.7,4.7,0.56,0.61,0.67,0.33,1.0,0.23,0.75,0.0,0.71,0.5,11.54,0.0,0.0,19.23,0.22
4,新北國王,25|29|32|10875,林金榜/林書緯/奧帝/傑登,1,13,15.0,182.37,3.04,03:02,182.37,3.04,03:02,3.0,3.0,20.0,35.53,6.0,6.0,40.0,71.07,3.0,3.0,20.0,35.53,1.0,1.0,6.67,11.84,0.0,0.0,0.0,0.0,0.0,0.0,0.0,0.0,3.0,3.0,20.0,35.53,1.0,1.0,6.67,11.84,0.0,0.0,0.0,0.0,0.0,0.0,0.0,0.0,0.0,0.0,0.0,0.0,2.0,2.0,13.33,23.69,2.0,2.0,13.33,23.69,2.0,2.0,13.33,23.69,4.0,4.0,26.67,47.38,1.0,1.0,6.67,11.84,3.0,3.0,20.0,35.53,0.0,0.0,0.0,0.0,0.0,0.0,0.0,0.0,2.0,2.0,13.33,23.69,20.0,40.0,-20.0,118.44,-3.0,-3.0,-20.0,3.04,3.04,0.5,0.5,,0.33,,0.57,1.0,0.0,0.5,0.33,20.0,0.0,0.0,13.33,0.0
4,新北國王,28|29|32|34,呂政儒/林書緯/奧帝/沃許本,6,108,129.0,1794.01,29.9,29:54,299.0,4.98,04:59,67.0,11.17,51.94,80.67,46.0,7.67,35.66,55.38,57.0,9.5,44.19,68.63,27.0,4.5,20.93,32.51,34.0,5.67,26.36,40.94,17.0,2.83,13.18,20.47,23.0,3.83,17.83,27.69,10.0,1.67,7.75,12.04,4.0,0.67,3.1,4.82,3.0,0.5,2.33,3.61,10.0,1.67,7.75,12.04,20.0,3.33,15.5,24.08,10.0,1.67,7.75,12.04,20.0,3.33,15.5,24.08,8.0,1.33,6.2,9.63,17.0,2.83,13.18,20.47,6.0,1.0,4.65,7.22,1.0,0.17,0.78,1.2,12.0,2.0,9.3,14.45,12.0,2.0,9.3,14.45,51.94,35.66,16.28,103.54,21.0,3.5,16.28,29.9,4.98,0.56,0.57,0.5,0.43,0.75,0.12,0.63,0.33,0.67,0.5,4.65,0.78,0.09,9.3,0.07
4,新北國王,28|29|32|10872,呂政儒/林書緯/奧帝/林彥廷,8,93,106.0,1502.42,25.04,25:02,187.8,3.13,03:08,55.0,6.88,51.89,79.07,44.0,5.5,41.51,63.26,44.0,5.5,41.51,63.26,22.0,2.75,20.75,31.63,23.0,2.88,21.7,33.07,14.0,1.75,13.21,20.13,21.0,2.62,19.81,30.19,8.0,1.0,7.55,11.5,5.0,0.62,4.72,7.19,3.0,0.38,2.83,4.31,6.0,0.75,5.66,8.63,16.0,2.0,15.09,23.0,6.0,0.75,5.66,8.63,18.0,2.25,16.98,25.88,6.0,0.75,5.66,8.63,15.0,1.88,14.15,21.57,4.0,0.5,3.77,5.75,0.0,0.0,0.0,0.0,12.0,1.5,11.32,17.25,15.0,1.88,14.15,21.57,51.89,41.51,10.38,101.6,11.0,1.38,10.38,25.04,3.13,0.59,0.6,0.61,0.38,0.6,0.11,0.68,0.25,0.73,0.48,3.77,0.0,0.11,14.15,0.11
4,新北國王,28|32|34|10872,呂政儒/奧帝/沃許本/林彥廷,5,75,90.0,1281.78,21.36,21:22,256.36,4.27,04:16,43.0,8.6,47.78,72.46,45.0,9.0,50.0,75.83,34.0,6.8,37.78,57.3,16.0,3.2,17.78,26.96,19.0,3.8,21.11,32.02,10.0,2.0,11.11,16.85,15.0,3.0,16.67,25.28,6.0,1.2,6.67,10.11,8.0,1.6,8.89,13.48,5.0,1.0,5.56,8.43,6.0,1.2,6.67,10.11,13.0,2.6,14.44,21.91,9.0,1.8,10.0,15.17,13.0,2.6,14.44,21.91,5.0,1.0,5.56,8.43,13.0,2.6,14.44,21.91,4.0,0.8,4.44,6.74,1.0,0.2,1.11,1.69,10.0,2.0,11.11,16.85,8.0,1.6,8.89,13.48,47.78,50.0,-2.22,101.11,-2.0,-0.4,-2.22,21.36,4.27,0.56,0.57,0.53,0.4,0.62,0.12,0.81,0.32,0.59,0.46,4.44,1.11,0.11,8.89,0.24
4,新北國王,21|28|32|34,李愷諺/呂政儒/奧帝/沃許本,4,100,119.0,1592.91,26.55,26:33,398.23,6.64,06:38,42.0,10.5,35.29,56.95,48.0,12.0,40.34,65.09,46.0,11.5,38.66,62.38,15.0,3.75,12.61,20.34,27.0,6.75,22.69,36.61,9.0,2.25,7.56,12.2,19.0,4.75,15.97,25.76,6.0,1.5,5.04,8.14,10.0,2.5,8.4,13.56,6.0,1.5,5.04,8.14,7.0,1.75,5.88,9.49,24.0,6.0,20.17,32.54,11.0,2.75,9.24,14.92,19.0,4.75,15.97,25.76,8.0,2.0,6.72,10.85,12.0,3.0,10.08,16.27,5.0,1.25,4.2,6.78,2.0,0.5,1.68,2.71,10.0,2.5,8.4,13.56,8.0,2.0,6.72,10.85,35.29,40.34,-5.04,107.58,-6.0,-1.5,-5.04,26.55,6.64,0.39,0.42,0.33,0.32,0.6,0.14,0.8,0.27,0.69,0.51,4.2,1.68,0.08,6.72,0.22
4,新北國王,21|23|29|32,李愷諺/王柏智/林書緯/奧帝,1,6,6.0,61.64,1.03,01:02,61.64,1.03,01:02,0.0,0.0,0.0,0.0,3.0,3.0,50.0,105.13,2.0,2.0,33.33,70.09,0.0,0.0,0.0,0.0,1.0,1.0,16.67,35.04,0.0,0.0,0.0,0.0,1.0,1.0,16.67,35.04,0.0,0.0,0.0,0.0,0.0,0.0,0.0,0.0,0.0,0.0,0.0,0.0,0.0,0.0,0.0,0.0,2.0,2.0,33.33,70.09,0.0,0.0,0.0,0.0,0.0,0.0,0.0,0.0,1.0,1.0,16.67,35.04,0.0,0.0,0.0,0.0,1.0,1.0,16.67,35.04,0.0,0.0,0.0,0.0,0.0,0.0,0.0,0.0,1.0,1.0,16.67,35.04,0.0,50.0,-50.0,140.18,-3.0,-3.0,-50.0,1.03,1.03,0.0,0.0,0.0,0.0,,0.33,,,1.0,1.0,16.67,0.0,0.0,16.67,0.0
4,新北國王,21|23|29|10875,李愷諺/王柏智/林書緯/傑登,1,6,6.0,61.64,1.03,01:02,61.64,1.03,01:02,0.0,0.0,0.0,0.0,3.0,3.0,50.0,105.13,2.0,2.0,33.33,70.09,0.0,0.0,0.0,0.0,1.0,1.0,16.67,35.04,0.0,0.0,0.0,0.0,1.0,1.0,16.67,35.04,0.0,0.0,0.0,0.0,0.0,0.0,0.0,0.0,0.0,0.0,0.0,0.0,0.0,0.0,0.0,0.0,2.0,2.0,33.33,70.09,0.0,0.0,0.0,0.0,0.0,0.0,0.0,0.0,1.0,1.0,16.67,35.04,0.0,0.0,0.0,0.0,1.0,1.0,16.67,35.04,0.0,0.0,0.0,0.0,0.0,0.0,0.0,0.0,1.0,1.0,16.67,35.04,0.0,50.0,-50.0,140.18,-3.0,-3.0,-50.0,1.03,1.03,0.0,0.0,0.0,0.0,,0.33,,,1.0,1.0,16.67,0.0,0.0,16.67,0.0
4,新北國王,23|29|32|10875,王柏智/林書緯/奧帝/傑登,1,6,6.0,61.64,1.03,01:02,61.64,1.03,01:02,0.0,0.0,0.0,0.0,3.0,3.0,50.0,105.13,2.0,2.0,33.33,70.09,0.0,0.0,0.0,0.0,1.0,1.0,16.67,35.04,0.0,0.0,0.0,0.0,1.0,1.0,16.67,35.04,0.0,0.0,0.0,0.0,0.0,0.0,0.0,0.0,0.0,0.0,0.0,0.0,0.0,0.0,0.0,0.0,2.0,2.0,33.33,70.09,0.0,0.0,0.0,0.0,0.0,0.0,0.0,0.0,1.0,1.0,16.67,35.04,0.0,0.0,0.0,0.0,1.0,1.0,16.67,35.04,0.0,0.0,0.0,0.0,0.0,0.0,0.0,0.0,1.0,1.0,16.67,35.04,0.0,50.0,-50.0,140.18,-3.0,-3.0,-50.0,1.03,1.03,0.0,0.0,0.0,0.0,,0.33,,,1.0,1.0,16.67,0.0,0.0,16.67,0.0
4,新北國王,21|24|29|10872,李愷諺/蘇士軒/林書緯/林彥廷,1,1,1.0,14.0,0.23,00:14,14.0,0.23,00:14,0.0,0.0,0.0,0.0,0.0,0.0,0.0,0.0,1.0,1.0,100.0,154.29,0.0,0.0,0.0,0.0,0.0,0.0,0.0,0.0,0.0,0.0,0.0,0.0,1.0,1.0,100.0,154.29,0.0,0.0,0.0,0.0,0.0,0.0,0.0,0.0,0.0,0.0,0.0,0.0,0.0,0.0,0.0,0.0,1.0,1.0,100.0,154.29,0.0,0.0,0.0,0.0,0.0,0.0,0.0,0.0,0.0,0.0,0.0,0.0,0.0,0.0,0.0,0.0,0.0,0.0,0.0,0.0,0.0,0.0,0.0,0.0,0.0,0.0,0.0,0.0,0.0,0.0,0.0,0.0,0.0,0.0,0.0,102.86,0.0,0.0,0.0,0.23,0.23,0.0,0.0,,0.0,,0.0,,,1.0,1.0,0.0,0.0,0.0,0.0,0.0
4,新北國王,24|28|34|10872,蘇士軒/呂政儒/沃許本/林彥廷,2,14,14.0,211.05,3.52,03:31,105.53,1.76,01:46,5.0,2.5,35.71,51.17,12.0,6.0,85.71,122.81,4.0,2.0,28.57,40.94,2.0,1.0,14.29,20.47,4.0,2.0,28.57,40.94,2.0,1.0,14.29,20.47,0.0,0.0,0.0,0.0,0.0,0.0,0.0,0.0,1.0,0.5,7.14,10.23,1.0,0.5,7.14,10.23,0.0,0.0,0.0,0.0,2.0,1.0,14.29,20.47,0.0,0.0,0.0,0.0,2.0,1.0,14.29,20.47,2.0,1.0,14.29,20.47,0.0,0.0,0.0,0.0,1.0,0.5,7.14,10.23,0.0,0.0,0.0,0.0,2.0,1.0,14.29,20.47,0.0,0.0,0.0,0.0,35.71,85.71,-50.0,95.52,-7.0,-3.5,-50.0,3.52,1.76,0.5,0.56,0.5,,1.0,0.31,0.0,0.0,1.0,0.5,7.14,0.0,0.14,0.0,0.25
4,新北國王,24|29|32|10875,蘇士軒/林書緯/奧帝/傑登,1,6,7.0,85.44,1.42,01:25,85.44,1.42,01:25,2.0,2.0,28.57,50.56,3.0,3.0,42.86,75.84,2.0,2.0,28.57,50.56,0.0,0.0,0.0,0.0,1.0,1.0,14.29,25.28,0.0,0.0,0.0,0.0,1.0,1.0,14.29,25.28,0.0,0.0,0.0,0.0,2.0,2.0,28.57,50.56,2.0,2.0,28.57,50.56,1.0,1.0,14.29,25.28,1.0,1.0,14.29,25.28,0.0,0.0,0.0,0.0,2.0,2.0,28.57,50.56,1.0,1.0,14.29,25.28,0.0,0.0,0.0,0.0,1.0,1.0,14.29,25.28,0.0,0.0,0.0,0.0,1.0,1.0,14.29,25.28,2.0,2.0,28.57,50.56,28.57,42.86,-14.29,117.98,-1.0,-1.0,-14.29,1.42,1.42,0.0,0.35,0.0,0.0,1.0,0.26,,0.33,1.0,0.5,14.29,0.0,0.14,28.57,1.0
4,新北國王,29|32|10872|10875,林書緯/奧帝/林彥廷/傑登,3,72,81.0,1133.98,18.9,18:54,377.99,6.3,06:18,34.0,11.33,41.98,64.76,49.0,16.33,60.49,93.33,30.0,10.0,37.04,57.14,13.0,4.33,16.05,24.76,15.0,5.0,18.52,28.57,7.0,2.33,8.64,13.33,15.0,5.0,18.52,28.57,6.0,2.0,7.41,11.43,4.0,1.33,4.94,7.62,2.0,0.67,2.47,3.81,5.0,1.67,6.17,9.52,14.0,4.67,17.28,26.67,4.0,1.33,4.94,7.62,11.0,3.67,13.58,20.95,6.0,2.0,7.41,11.43,9.0,3.0,11.11,17.14,4.0,1.33,4.94,7.62,0.0,0.0,0.0,0.0,4.0,1.33,4.94,7.62,17.0,5.67,20.99,32.38,41.98,60.49,-18.52,102.86,-15.0,-5.0,-18.52,18.9,6.3,0.53,0.54,0.47,0.4,0.5,0.16,0.69,0.31,0.78,0.56,4.94,0.0,0.05,20.99,0.13
4,新北國王,21|24|29|32,李愷諺/蘇士軒/林書緯/奧帝,4,39,41.0,581.0,9.68,09:41,145.25,2.42,02:25,20.0,5.0,48.78,74.35,20.0,5.0,48.78,74.35,17.0,4.25,41.46,63.2,8.0,2.0,19.51,29.74,12.0,3.0,29.27,44.61,6.0,1.5,14.63,22.31,5.0,1.25,12.2,18.59,2.0,0.5,4.88,7.44,2.0,0.5,4.88,7.44,2.0,0.5,4.88,7.44,1.0,0.25,2.44,3.72,8.0,2.0,19.51,29.74,1.0,0.25,2.44,3.72,7.0,1.75,17.07,26.02,1.0,0.25,2.44,3.72,6.0,1.5,14.63,22.31,1.0,0.25,2.44,3.72,0.0,0.0,0.0,0.0,1.0,0.25,2.44,3.72,9.0,2.25,21.95,33.46,48.78,48.78,0.0,101.62,0.0,0.0,0.0,9.68,2.42,0.53,0.56,0.5,0.4,1.0,0.05,0.75,0.12,0.89,0.53,2.44,0.0,0.02,21.95,0.12
4,新北國王,21|28|29|32,李愷諺/呂政儒/林書緯/奧帝,3,73,85.0,1168.87,19.48,19:29,389.62,6.49,06:30,35.0,11.67,41.18,64.68,23.0,7.67,27.06,42.5,38.0,12.67,44.71,70.22,14.0,4.67,16.47,25.87,23.0,7.67,27.06,42.5,9.0,3.0,10.59,16.63,15.0,5.0,17.65,27.72,5.0,1.67,5.88,9.24,2.0,0.67,2.35,3.7,2.0,0.67,2.35,3.7,6.0,2.0,7.06,11.09,17.0,5.67,20.0,31.41,5.0,1.67,5.88,9.24,17.0,5.67,20.0,31.41,5.0,1.67,5.88,9.24,8.0,2.67,9.41,14.78,3.0,1.0,3.53,5.54,1.0,0.33,1.18,1.85,6.0,2.0,7.06,11.09,7.0,2.33,8.24,12.94,41.18,27.06,14.12,104.72,12.0,4.0,14.12,19.48,6.49,0.43,0.45,0.39,0.33,1.0,0.11,0.57,0.26,0.77,0.51,3.53,1.18,0.07,8.24,0.05
4,新北國王,21|29|32|34,李愷諺/林書緯/奧帝/沃許本,6,109,129.0,1775.44,29.59,29:35,295.91,4.93,04:56,63.0,10.5,48.84,76.65,42.0,7.0,32.56,51.1,52.0,8.67,40.31,63.26,23.0,3.83,17.83,27.98,30.0,5.0,23.26,36.5,15.0,2.5,11.63,18.25,22.0,3.67,17.05,26.77,8.0,1.33,6.2,9.73,8.0,1.33,6.2,9.73,8.0,1.33,6.2,9.73,8.0,1.33,6.2,9.73,20.0,3.33,15.5,24.33,7.0,1.17,5.43,8.52,25.0,4.17,19.38,30.41,10.0,1.67,7.75,12.17,14.0,2.33,10.85,17.03,7.0,1.17,5.43,8.52,1.0,0.17,0.78,1.22,13.0,2.17,10.08,15.82,12.0,2.0,9.3,14.6,48.84,32.56,16.28,104.63,21.0,3.5,16.28,29.59,4.93,0.52,0.57,0.5,0.36,1.0,0.15,0.61,0.24,0.74,0.47,5.43,0.78,0.1,9.3,0.15
4,新北國王,21|25|32|34,李愷諺/林金榜/奧帝/沃許本,4,19,25.0,360.3,6.01,06:00,90.08,1.5,01:30,9.0,2.25,36.0,53.95,3.0,0.75,12.0,17.98,9.0,2.25,36.0,53.95,3.0,0.75,12.0,17.98,4.0,1.0,16.0,23.98,2.0,0.5,8.0,11.99,5.0,1.25,20.0,29.97,1.0,0.25,4.0,5.99,2.0,0.5,8.0,11.99,2.0,0.5,8.0,11.99,1.0,0.25,4.0,5.99,5.0,1.25,20.0,29.97,2.0,0.5,8.0,11.99,9.0,2.25,36.0,53.95,1.0,0.25,4.0,5.99,1.0,0.25,4.0,5.99,1.0,0.25,4.0,5.99,1.0,0.25,4.0,5.99,1.0,0.25,4.0,5.99,4.0,1.0,16.0,23.98,36.0,12.0,24.0,99.92,6.0,1.5,24.0,6.01,1.5,0.39,0.46,0.5,0.2,1.0,0.09,0.33,0.1,0.71,0.35,4.0,4.0,0.04,16.0,0.22
4,新北中信特攻,39|47|10880|10881,魏嘉豪/曾文鼎/內馬/飛克,3,12,15.0,194.77,3.25,03:15,64.92,1.08,01:05,5.0,1.67,33.33,55.45,10.0,3.33,66.67,110.9,6.0,2.0,40.0,66.54,2.0,0.67,13.33,22.18,3.0,1.0,20.0,33.27,1.0,0.33,6.67,11.09,3.0,1.0,20.0,33.27,1.0,0.33,6.67,11.09,0.0,0.0,0.0,0.0,0.0,0.0,0.0,0.0,1.0,0.33,6.67,11.09,2.0,0.67,13.33,22.18,1.0,0.33,6.67,11.09,2.0,0.67,13.33,22.18,1.0,0.33,6.67,11.09,2.0,0.67,13.33,22.18,1.0,0.33,6.67,11.09,0.0,0.0,0.0,0.0,0.0,0.0,0.0,0.0,4.0,1.33,26.67,44.36,33.33,66.67,-33.33,110.9,-5.0,-1.67,-33.33,3.25,1.08,0.42,0.42,0.33,0.33,,0.14,1.0,0.33,0.67,0.5,6.67,0.0,0.0,26.67,0.0
4,新北國王,25|29|10872|10875,林金榜/林書緯/林彥廷/傑登,3,8,9.0,111.77,1.86,01:52,37.26,0.62,00:37,4.0,1.33,44.44,77.3,4.0,1.33,44.44,77.3,2.0,0.67,22.22,38.65,1.0,0.33,11.11,19.33,1.0,0.33,11.11,19.33,1.0,0.33,11.11,19.33,1.0,0.33,11.11,19.33,0.0,0.0,0.0,0.0,2.0,0.67,22.22,38.65,2.0,0.67,22.22,38.65,1.0,0.33,11.11,19.33,0.0,0.0,0.0,0.0,0.0,0.0,0.0,0.0,1.0,0.33,11.11,19.33,2.0,0.67,22.22,38.65,1.0,0.33,11.11,19.33,1.0,0.33,11.11,19.33,0.0,0.0,0.0,0.0,0.0,0.0,0.0,0.0,0.0,0.0,0.0,0.0,44.44,44.44,0.0,115.95,0.0,0.0,0.0,1.86,0.62,0.5,0.69,1.0,0.0,1.0,0.41,1.0,0.5,,0.5,11.11,0.0,0.0,0.0,1.0
4,新北國王,25|32|10872|10875,林金榜/奧帝/林彥廷/傑登,1,5,5.0,72.0,1.2,01:12,72.0,1.2,01:12,0.0,0.0,0.0,0.0,2.0,2.0,40.0,60.0,0.0,0.0,0.0,0.0,0.0,0.0,0.0,0.0,0.0,0.0,0.0,0.0,0.0,0.0,0.0,0.0,0.0,0.0,0.0,0.0,0.0,0.0,0.0,0.0,0.0,0.0,0.0,0.0,0.0,0.0,0.0,0.0,0.0,0.0,0.0,0.0,0.0,0.0,0.0,0.0,0.0,0.0,0.0,0.0,2.0,2.0,40.0,60.0,2.0,2.0,40.0,60.0,0.0,0.0,0.0,0.0,1.0,1.0,20.0,30.0,0.0,0.0,0.0,0.0,0.0,0.0,0.0,0.0,0.0,0.0,0.0,0.0,0.0,40.0,-40.0,100.0,-2.0,-2.0,-40.0,1.2,1.2,,,,,,1.0,,0.0,,0.0,20.0,0.0,0.0,0.0,
4,新北國王,21|29|32|10872,李愷諺/林書緯/奧帝/林彥廷,4,25,28.0,323.86,5.4,05:24,80.96,1.35,01:21,14.0,3.5,50.0,93.37,13.0,3.25,46.43,86.71,10.0,2.5,35.71,66.7,4.0,1.0,14.29,26.68,2.0,0.5,7.14,13.34,2.0,0.5,7.14,13.34,8.0,2.0,28.57,53.36,2.0,0.5,7.14,13.34,6.0,1.5,21.43,40.02,4.0,1.0,14.29,26.68,2.0,0.5,7.14,13.34,4.0,1.0,14.29,26.68,1.0,0.25,3.57,6.67,3.0,0.75,10.71,20.01,3.0,0.75,10.71,20.01,4.0,1.0,14.29,26.68,3.0,0.75,10.71,20.01,0.0,0.0,0.0,0.0,3.0,0.75,10.71,20.01,4.0,1.0,14.29,26.68,50.0,46.43,3.57,124.5,1.0,0.25,3.57,5.4,1.35,0.5,0.55,1.0,0.25,0.67,0.19,1.0,0.4,0.8,0.6,10.71,0.0,0.11,14.29,0.6
4,臺北台新戰神,10|11|14|10867,雷蒙恩/蘇奕晉/錢肯尼/威力斯,1,23,23.0,373.0,6.22,06:13,373.0,6.22,06:13,6.0,6.0,26.09,34.75,7.0,7.0,30.43,40.54,8.0,8.0,34.78,46.33,3.0,3.0,13.04,17.37,6.0,6.0,26.09,34.75,3.0,3.0,13.04,17.37,2.0,2.0,8.7,11.58,0.0,0.0,0.0,0.0,0.0,0.0,0.0,0.0,0.0,0.0,0.0,0.0,0.0,0.0,0.0,0.0,5.0,5.0,21.74,28.95,0.0,0.0,0.0,0.0,5.0,5.0,21.74,28.95,4.0,4.0,17.39,23.16,0.0,0.0,0.0,0.0,1.0,1.0,4.35,5.79,1.0,1.0,4.35,5.79,2.0,2.0,8.7,11.58,2.0,2.0,8.7,11.58,26.09,30.43,-4.35,88.79,-1.0,-1.0,-4.35,6.22,6.22,0.38,0.38,0.5,0.0,,0.33,0.0,0.0,1.0,0.5,4.35,4.35,0.09,8.7,0.0
4,臺北台新戰神,11|14|10867|10870,蘇奕晉/錢肯尼/威力斯/洛夫頓,1,10,10.0,163.0,2.72,02:43,163.0,2.72,02:43,2.0,2.0,20.0,26.5,5.0,5.0,50.0,66.26,2.0,2.0,20.0,26.5,1.0,1.0,10.0,13.25,1.0,1.0,10.0,13.25,1.0,1.0,10.0,13.25,1.0,1.0,10.0,13.25,0.0,0.0,0.0,0.0,0.0,0.0,0.0,0.0,0.0,0.0,0.0,0.0,0.0,0.0,0.0,0.0,1.0,1.0,10.0,13.25,0.0,0.0,0.0,0.0,1.0,1.0,10.0,13.25,3.0,3.0,30.0,39.75,0.0,0.0,0.0,0.0,1.0,1.0,10.0,13.25,0.0,0.0,0.0,0.0,0.0,0.0,0.0,0.0,2.0,2.0,20.0,26.5,20.0,50.0,-30.0,88.34,-3.0,-3.0,-30.0,2.72,2.72,0.5,0.5,1.0,0.0,,0.6,0.0,0.0,1.0,0.5,10.0,0.0,0.0,20.0,0.0
4,臺北台新戰神,10|11|10865|10867,雷蒙恩/蘇奕晉/謝銘駿/威力斯,1,4,5.0,66.0,1.1,01:06,66.0,1.1,01:06,0.0,0.0,0.0,0.0,4.0,4.0,80.0,130.91,2.0,2.0,40.0,65.45,0.0,0.0,0.0,0.0,0.0,0.0,0.0,0.0,0.0,0.0,0.0,0.0,2.0,2.0,40.0,65.45,0.0,0.0,0.0,0.0,0.0,0.0,0.0,0.0,0.0,0.0,0.0,0.0,1.0,1.0,20.0,32.73,1.0,1.0,20.0,32.73,0.0,0.0,0.0,0.0,0.0,0.0,0.0,0.0,0.0,0.0,0.0,0.0,0.0,0.0,0.0,0.0,0.0,0.0,0.0,0.0,0.0,0.0,0.0,0.0,2.0,2.0,40.0,65.45,0.0,0.0,0.0,0.0,0.0,80.0,-80.0,109.09,-4.0,-4.0,-80.0,1.1,1.1,0.0,0.0,,0.0,,0.0,,1.0,1.0,1.0,0.0,0.0,0.4,0.0,0.0
4,臺北台新戰神,10|11|10865|10870,雷蒙恩/蘇奕晉/謝銘駿/洛夫頓,1,4,5.0,66.0,1.1,01:06,66.0,1.1,01:06,0.0,0.0,0.0,0.0,4.0,4.0,80.0,130.91,2.0,2.0,40.0,65.45,0.0,0.0,0.0,0.0,0.0,0.0,0.0,0.0,0.0,0.0,0.0,0.0,2.0,2.0,40.0,65.45,0.0,0.0,0.0,0.0,0.0,0.0,0.0,0.0,0.0,0.0,0.0,0.0,1.0,1.0,20.0,32.73,1.0,1.0,20.0,32.73,0.0,0.0,0.0,0.0,0.0,0.0,0.0,0.0,0.0,0.0,0.0,0.0,0.0,0.0,0.0,0.0,0.0,0.0,0.0,0.0,0.0,0.0,0.0,0.0,2.0,2.0,40.0,65.45,0.0,0.0,0.0,0.0,0.0,80.0,-80.0,109.09,-4.0,-4.0,-80.0,1.1,1.1,0.0,0.0,,0.0,,0.0,,1.0,1.0,1.0,0.0,0.0,0.4,0.0,0.0
4,臺北台新戰神,11|10865|10867|10870,蘇奕晉/謝銘駿/威力斯/洛夫頓,1,4,5.0,66.0,1.1,01:06,66.0,1.1,01:06,0.0,0.0,0.0,0.0,4.0,4.0,80.0,130.91,2.0,2.0,40.0,65.45,0.0,0.0,0.0,0.0,0.0,0.0,0.0,0.0,0.0,0.0,0.0,0.0,2.0,2.0,40.0,65.45,0.0,0.0,0.0,0.0,0.0,0.0,0.0,0.0,0.0,0.0,0.0,0.0,1.0,1.0,20.0,32.73,1.0,1.0,20.0,32.73,0.0,0.0,0.0,0.0,0.0,0.0,0.0,0.0,0.0,0.0,0.0,0.0,0.0,0.0,0.0,0.0,0.0,0.0,0.0,0.0,0.0,0.0,0.0,0.0,2.0,2.0,40.0,65.45,0.0,0.0,0.0,0.0,0.0,80.0,-80.0,109.09,-4.0,-4.0,-80.0,1.1,1.1,0.0,0.0,,0.0,,0.0,,1.0,1.0,1.0,0.0,0.0,0.4,0.0,0.0
4,臺北台新戰神,1|4|10865|10869,丁聖儒/張兆辰/謝銘駿/基德,1,5,9.0,94.08,1.57,01:34,94.08,1.57,01:34,1.0,1.0,11.11,22.96,4.0,4.0,44.44,91.84,5.0,5.0,55.56,114.8,0.0,0.0,0.0,0.0,5.0,5.0,55.56,114.8,0.0,0.0,0.0,0.0,0.0,0.0,0.0,0.0,0.0,0.0,0.0,0.0,3.0,3.0,33.33,68.88,1.0,1.0,11.11,22.96,4.0,4.0,44.44,91.84,2.0,2.0,22.22,45.92,0.0,0.0,0.0,0.0,0.0,0.0,0.0,0.0,0.0,0.0,0.0,0.0,0.0,0.0,0.0,0.0,0.0,0.0,0.0,0.0,0.0,0.0,0.0,0.0,1.0,1.0,11.11,22.96,0.0,0.0,0.0,0.0,11.11,44.44,-33.33,137.76,-3.0,-3.0,-33.33,1.57,1.57,0.0,0.08,0.0,,0.33,0.0,,1.0,1.0,1.0,0.0,0.0,0.11,0.0,0.6
4,臺北台新戰神,1|4|10867|10869,丁聖儒/張兆辰/威力斯/基德,1,5,9.0,94.08,1.57,01:34,94.08,1.57,01:34,1.0,1.0,11.11,22.96,4.0,4.0,44.44,91.84,5.0,5.0,55.56,114.8,0.0,0.0,0.0,0.0,5.0,5.0,55.56,114.8,0.0,0.0,0.0,0.0,0.0,0.0,0.0,0.0,0.0,0.0,0.0,0.0,3.0,3.0,33.33,68.88,1.0,1.0,11.11,22.96,4.0,4.0,44.44,91.84,2.0,2.0,22.22,45.92,0.0,0.0,0.0,0.0,0.0,0.0,0.0,0.0,0.0,0.0,0.0,0.0,0.0,0.0,0.0,0.0,0.0,0.0,0.0,0.0,0.0,0.0,0.0,0.0,1.0,1.0,11.11,22.96,0.0,0.0,0.0,0.0,11.11,44.44,-33.33,137.76,-3.0,-3.0,-33.33,1.57,1.57,0.0,0.08,0.0,,0.33,0.0,,1.0,1.0,1.0,0.0,0.0,0.11,0.0,0.6
4,臺北台新戰神,4|10865|10867|10869,張兆辰/謝銘駿/威力斯/基德,1,5,9.0,94.08,1.57,01:34,94.08,1.57,01:34,1.0,1.0,11.11,22.96,4.0,4.0,44.44,91.84,5.0,5.0,55.56,114.8,0.0,0.0,0.0,0.0,5.0,5.0,55.56,114.8,0.0,0.0,0.0,0.0,0.0,0.0,0.0,0.0,0.0,0.0,0.0,0.0,3.0,3.0,33.33,68.88,1.0,1.0,11.11,22.96,4.0,4.0,44.44,91.84,2.0,2.0,22.22,45.92,0.0,0.0,0.0,0.0,0.0,0.0,0.0,0.0,0.0,0.0,0.0,0.0,0.0,0.0,0.0,0.0,0.0,0.0,0.0,0.0,0.0,0.0,0.0,0.0,1.0,1.0,11.11,22.96,0.0,0.0,0.0,0.0,11.11,44.44,-33.33,137.76,-3.0,-3.0,-33.33,1.57,1.57,0.0,0.08,0.0,,0.33,0.0,,1.0,1.0,1.0,0.0,0.0,0.11,0.0,0.6
4,新竹御嵿攻城獅,75|82|88|5948,高國豪/蕭順議/盧冠軒/克雷格,1,9,12.0,148.22,2.47,02:28,148.22,2.47,02:28,6.0,6.0,50.0,87.44,8.0,8.0,66.67,116.59,3.0,3.0,25.0,43.72,2.0,2.0,16.67,29.15,3.0,3.0,25.0,43.72,2.0,2.0,16.67,29.15,0.0,0.0,0.0,0.0,0.0,0.0,0.0,0.0,2.0,2.0,16.67,29.15,2.0,2.0,16.67,29.15,0.0,0.0,0.0,0.0,1.0,1.0,8.33,14.57,3.0,3.0,25.0,43.72,1.0,1.0,8.33,14.57,0.0,0.0,0.0,0.0,1.0,1.0,8.33,14.57,0.0,0.0,0.0,0.0,0.0,0.0,0.0,0.0,2.0,2.0,16.67,29.15,2.0,2.0,16.67,29.15,50.0,66.67,-16.67,116.59,-2.0,-2.0,-16.67,2.47,2.47,0.67,0.77,0.67,,1.0,0.0,0.5,0.0,0.25,0.2,0.0,0.0,0.17,16.67,0.67
4,新竹御嵿攻城獅,75|82|88|10887,高國豪/蕭順議/盧冠軒/德魯,2,13,16.0,173.7,2.9,02:54,86.85,1.45,01:27,8.0,4.0,50.0,99.48,10.0,5.0,62.5,124.35,4.0,2.0,25.0,49.74,2.0,1.0,12.5,24.87,3.0,1.5,18.75,37.3,2.0,1.0,12.5,24.87,1.0,0.5,6.25,12.43,0.0,0.0,0.0,0.0,4.0,2.0,25.0,49.74,4.0,2.0,25.0,49.74,0.0,0.0,0.0,0.0,1.0,0.5,6.25,12.43,3.0,1.5,18.75,37.3,3.0,1.5,18.75,37.3,0.0,0.0,0.0,0.0,1.0,0.5,6.25,12.43,0.0,0.0,0.0,0.0,0.0,0.0,0.0,0.0,3.0,1.5,18.75,37.3,6.0,3.0,37.5,74.61,50.0,62.5,-12.5,132.64,-2.0,-1.0,-12.5,2.9,1.45,0.5,0.69,0.67,0.0,1.0,0.0,0.5,0.0,0.25,0.14,0.0,0.0,0.19,37.5,1.0
4,新竹御嵿攻城獅,75|88|5948|10887,高國豪/盧冠軒/克雷格/德魯,1,9,12.0,148.22,2.47,02:28,148.22,2.47,02:28,6.0,6.0,50.0,87.44,8.0,8.0,66.67,116.59,3.0,3.0,25.0,43.72,2.0,2.0,16.67,29.15,3.0,3.0,25.0,43.72,2.0,2.0,16.67,29.15,0.0,0.0,0.0,0.0,0.0,0.0,0.0,0.0,2.0,2.0,16.67,29.15,2.0,2.0,16.67,29.15,0.0,0.0,0.0,0.0,1.0,1.0,8.33,14.57,3.0,3.0,25.0,43.72,1.0,1.0,8.33,14.57,0.0,0.0,0.0,0.0,1.0,1.0,8.33,14.57,0.0,0.0,0.0,0.0,0.0,0.0,0.0,0.0,2.0,2.0,16.67,29.15,2.0,2.0,16.67,29.15,50.0,66.67,-16.67,116.59,-2.0,-2.0,-16.67,2.47,2.47,0.67,0.77,0.67,,1.0,0.0,0.5,0.0,0.25,0.2,0.0,0.0,0.17,16.67,0.67
4,新竹御嵿攻城獅,75|90|10862|10885,高國豪/李啓瑋/提傑/劉丞勳,4,32,41.0,489.95,8.17,08:10,122.49,2.04,02:02,29.0,7.25,70.73,127.85,24.0,6.0,58.54,105.81,15.0,3.75,36.59,66.13,9.0,2.25,21.95,39.68,6.0,1.5,14.63,26.45,3.0,0.75,7.32,13.23,9.0,2.25,21.95,39.68,6.0,1.5,14.63,26.45,6.0,1.5,14.63,26.45,5.0,1.25,12.2,22.04,3.0,0.75,7.32,13.23,3.0,0.75,7.32,13.23,5.0,1.25,12.2,22.04,5.0,1.25,12.2,22.04,1.0,0.25,2.44,4.41,8.0,2.0,19.51,35.27,1.0,0.25,2.44,4.41,0.0,0.0,0.0,0.0,5.0,1.25,12.2,22.04,4.0,1.0,9.76,17.63,70.73,58.54,12.2,120.5,5.0,1.25,12.2,8.17,2.04,0.8,0.82,0.5,0.67,0.83,0.05,0.89,0.38,0.38,0.38,2.44,0.0,0.12,9.76,0.4
4,新竹御嵿攻城獅,75|90|10885|10887,高國豪/李啓瑋/劉丞勳/德魯,3,29,38.0,461.16,7.69,07:41,153.72,2.56,02:34,26.0,8.67,68.42,121.78,20.0,6.67,52.63,93.68,14.0,4.67,36.84,65.57,8.0,2.67,21.05,37.47,6.0,2.0,15.79,28.1,3.0,1.0,7.89,14.05,8.0,2.67,21.05,37.47,5.0,1.67,13.16,23.42,6.0,2.0,15.79,28.1,5.0,1.67,13.16,23.42,3.0,1.0,7.89,14.05,3.0,1.0,7.89,14.05,5.0,1.67,13.16,23.42,5.0,1.67,13.16,23.42,1.0,0.33,2.63,4.68,7.0,2.33,18.42,32.79,1.0,0.33,2.63,4.68,0.0,0.0,0.0,0.0,5.0,1.67,13.16,23.42,2.0,0.67,5.26,9.37,68.42,52.63,15.79,118.66,6.0,2.0,15.79,7.69,2.56,0.75,0.78,0.5,0.62,0.83,0.06,0.88,0.38,0.38,0.38,2.63,0.0,0.13,5.26,0.43
4,臺北台新戰神,1|3|10|10865,丁聖儒/陳文宏/雷蒙恩/謝銘駿,1,1,1.0,10.31,0.17,00:10,10.31,0.17,00:10,0.0,0.0,0.0,0.0,0.0,0.0,0.0,0.0,0.0,0.0,0.0,0.0,0.0,0.0,0.0,0.0,0.0,0.0,0.0,0.0,0.0,0.0,0.0,0.0,0.0,0.0,0.0,0.0,0.0,0.0,0.0,0.0,2.0,2.0,200.0,419.09,2.0,2.0,200.0,419.09,0.0,0.0,0.0,0.0,0.0,0.0,0.0,0.0,0.0,0.0,0.0,0.0,1.0,1.0,100.0,209.55,0.0,0.0,0.0,0.0,0.0,0.0,0.0,0.0,0.0,0.0,0.0,0.0,0.0,0.0,0.0,0.0,0.0,0.0,0.0,0.0,0.0,0.0,0.0,0.0,0.0,0.0,0.0,139.7,0.0,0.0,0.0,0.17,0.17,,0.0,,,1.0,0.0,,0.0,,0.0,0.0,0.0,0.0,0.0,
4,新竹御嵿攻城獅,76|88|5948|10885,曾柏喻/盧冠軒/克雷格/劉丞勳,1,3,3.0,48.46,0.81,00:48,48.46,0.81,00:48,2.0,2.0,66.67,89.14,0.0,0.0,0.0,0.0,2.0,2.0,66.67,89.14,1.0,1.0,33.33,44.57,2.0,2.0,66.67,89.14,1.0,1.0,33.33,44.57,0.0,0.0,0.0,0.0,0.0,0.0,0.0,0.0,2.0,2.0,66.67,89.14,1.0,1.0,33.33,44.57,1.0,1.0,33.33,44.57,1.0,1.0,33.33,44.57,0.0,0.0,0.0,0.0,1.0,1.0,33.33,44.57,0.0,0.0,0.0,0.0,0.0,0.0,0.0,0.0,0.0,0.0,0.0,0.0,0.0,0.0,0.0,0.0,0.0,0.0,0.0,0.0,0.0,0.0,0.0,0.0,66.67,0.0,66.67,89.14,2.0,2.0,66.67,0.81,0.81,0.5,0.35,0.5,,0.5,0.0,0.0,0.5,1.0,0.67,0.0,0.0,0.0,0.0,1.0
4,臺北台新戰神,10|11|14|10869,雷蒙恩/蘇奕晉/錢肯尼/基德,2,15,15.0,211.77,3.53,03:32,105.89,1.76,01:46,5.0,2.5,33.33,51.0,8.0,4.0,53.33,81.6,4.0,2.0,26.67,40.8,1.0,0.5,6.67,10.2,2.0,1.0,13.33,20.4,1.0,0.5,6.67,10.2,2.0,1.0,13.33,20.4,0.0,0.0,0.0,0.0,3.0,1.5,20.0,30.6,3.0,1.5,20.0,30.6,0.0,0.0,0.0,0.0,3.0,1.5,20.0,30.6,0.0,0.0,0.0,0.0,2.0,1.0,13.33,20.4,2.0,1.0,13.33,20.4,0.0,0.0,0.0,0.0,1.0,0.5,6.67,10.2,0.0,0.0,0.0,0.0,1.0,0.5,6.67,10.2,0.0,0.0,0.0,0.0,33.33,53.33,-20.0,102.0,-3.0,-1.5,-20.0,3.53,1.76,0.25,0.47,0.5,0.0,1.0,0.27,0.0,0.0,1.0,0.6,6.67,0.0,0.07,0.0,0.75
4,臺北台新戰神,10|11|14|10863,雷蒙恩/蘇奕晉/錢肯尼/魏芃禾,1,2,2.0,40.0,0.67,00:40,40.0,0.67,00:40,0.0,0.0,0.0,0.0,2.0,2.0,100.0,108.0,1.0,1.0,50.0,54.0,0.0,0.0,0.0,0.0,0.0,0.0,0.0,0.0,0.0,0.0,0.0,0.0,1.0,1.0,50.0,54.0,0.0,0.0,0.0,0.0,0.0,0.0,0.0,0.0,0.0,0.0,0.0,0.0,0.0,0.0,0.0,0.0,1.0,1.0,50.0,54.0,0.0,0.0,0.0,0.0,0.0,0.0,0.0,0.0,0.0,0.0,0.0,0.0,0.0,0.0,0.0,0.0,0.0,0.0,0.0,0.0,0.0,0.0,0.0,0.0,0.0,0.0,0.0,0.0,0.0,0.0,0.0,0.0,0.0,100.0,-100.0,72.0,-2.0,-2.0,-100.0,0.67,0.67,0.0,0.0,,0.0,,0.0,,,1.0,1.0,0.0,0.0,0.0,0.0,0.0
4,臺北台新戰神,11|14|10863|10869,蘇奕晉/錢肯尼/魏芃禾/基德,1,2,2.0,40.0,0.67,00:40,40.0,0.67,00:40,0.0,0.0,0.0,0.0,2.0,2.0,100.0,108.0,1.0,1.0,50.0,54.0,0.0,0.0,0.0,0.0,0.0,0.0,0.0,0.0,0.0,0.0,0.0,0.0,1.0,1.0,50.0,54.0,0.0,0.0,0.0,0.0,0.0,0.0,0.0,0.0,0.0,0.0,0.0,0.0,0.0,0.0,0.0,0.0,1.0,1.0,50.0,54.0,0.0,0.0,0.0,0.0,0.0,0.0,0.0,0.0,0.0,0.0,0.0,0.0,0.0,0.0,0.0,0.0,0.0,0.0,0.0,0.0,0.0,0.0,0.0,0.0,0.0,0.0,0.0,0.0,0.0,0.0,0.0,0.0,0.0,100.0,-100.0,72.0,-2.0,-2.0,-100.0,0.67,0.67,0.0,0.0,,0.0,,0.0,,,1.0,1.0,0.0,0.0,0.0,0.0,0.0
4,新竹御嵿攻城獅,75|82|90|5948,高國豪/蕭順議/李啓瑋/克雷格,1,8,9.0,126.0,2.1,02:06,126.0,2.1,02:06,2.0,2.0,22.22,34.29,2.0,2.0,22.22,34.29,5.0,5.0,55.56,85.71,1.0,1.0,11.11,17.14,3.0,3.0,33.33,51.43,1.0,1.0,11.11,17.14,2.0,2.0,22.22,34.29,0.0,0.0,0.0,0.0,0.0,0.0,0.0,0.0,0.0,0.0,0.0,0.0,1.0,1.0,11.11,17.14,3.0,3.0,33.33,51.43,0.0,0.0,0.0,0.0,2.0,2.0,22.22,34.29,0.0,0.0,0.0,0.0,0.0,0.0,0.0,0.0,0.0,0.0,0.0,0.0,0.0,0.0,0.0,0.0,0.0,0.0,0.0,0.0,2.0,2.0,22.22,34.29,22.22,22.22,0.0,102.86,0.0,0.0,0.0,2.1,2.1,0.2,0.2,0.33,0.0,,0.0,0.0,0.33,1.0,0.67,0.0,0.0,0.0,22.22,0.0
4,新竹御嵿攻城獅,75|82|90|10887,高國豪/蕭順議/李啓瑋/德魯,1,8,9.0,137.0,2.28,02:17,137.0,2.28,02:17,2.0,2.0,22.22,31.53,2.0,2.0,22.22,31.53,5.0,5.0,55.56,78.83,1.0,1.0,11.11,15.77,3.0,3.0,33.33,47.3,1.0,1.0,11.11,15.77,2.0,2.0,22.22,31.53,0.0,0.0,0.0,0.0,0.0,0.0,0.0,0.0,0.0,0.0,0.0,0.0,1.0,1.0,11.11,15.77,3.0,3.0,33.33,47.3,0.0,0.0,0.0,0.0,2.0,2.0,22.22,31.53,0.0,0.0,0.0,0.0,0.0,0.0,0.0,0.0,0.0,0.0,0.0,0.0,0.0,0.0,0.0,0.0,0.0,0.0,0.0,0.0,2.0,2.0,22.22,31.53,22.22,22.22,0.0,94.6,0.0,0.0,0.0,2.28,2.28,0.2,0.2,0.33,0.0,,0.0,0.0,0.33,1.0,0.67,0.0,0.0,0.0,22.22,0.0
4,新竹御嵿攻城獅,82|90|5948|10887,蕭順議/李啓瑋/克雷格/德魯,1,8,9.0,126.0,2.1,02:06,126.0,2.1,02:06,2.0,2.0,22.22,34.29,2.0,2.0,22.22,34.29,5.0,5.0,55.56,85.71,1.0,1.0,11.11,17.14,3.0,3.0,33.33,51.43,1.0,1.0,11.11,17.14,2.0,2.0,22.22,34.29,0.0,0.0,0.0,0.0,0.0,0.0,0.0,0.0,0.0,0.0,0.0,0.0,1.0,1.0,11.11,17.14,3.0,3.0,33.33,51.43,0.0,0.0,0.0,0.0,2.0,2.0,22.22,34.29,0.0,0.0,0.0,0.0,0.0,0.0,0.0,0.0,0.0,0.0,0.0,0.0,0.0,0.0,0.0,0.0,0.0,0.0,0.0,0.0,2.0,2.0,22.22,34.29,22.22,22.22,0.0,102.86,0.0,0.0,0.0,2.1,2.1,0.2,0.2,0.33,0.0,,0.0,0.0,0.33,1.0,0.67,0.0,0.0,0.0,22.22,0.0
4,桃園台啤永豐雲豹,12|62|3129|10860,曹薰襄/王皓吉/董永全/麥卡洛,1,21,23.0,317.13,5.29,05:17,317.13,5.29,05:17,9.0,9.0,39.13,61.3,4.0,4.0,17.39,27.24,9.0,9.0,39.13,61.3,3.0,3.0,13.04,20.43,5.0,5.0,21.74,34.06,3.0,3.0,13.04,20.43,4.0,4.0,17.39,27.24,0.0,0.0,0.0,0.0,3.0,3.0,13.04,20.43,3.0,3.0,13.04,20.43,0.0,0.0,0.0,0.0,5.0,5.0,21.74,34.06,1.0,1.0,4.35,6.81,4.0,4.0,17.39,27.24,1.0,1.0,4.35,6.81,2.0,2.0,8.7,13.62,0.0,0.0,0.0,0.0,0.0,0.0,0.0,0.0,1.0,1.0,4.35,6.81,4.0,4.0,17.39,27.24,39.13,17.39,21.74,104.44,5.0,5.0,21.74,5.29,5.29,0.33,0.44,0.6,0.0,1.0,0.09,0.67,0.0,0.83,0.5,0.0,0.0,0.04,17.39,0.33
4,桃園台啤永豐雲豹,62|3129|10860|10861,王皓吉/董永全/麥卡洛/迪亞洛,1,9,10.0,152.38,2.54,02:32,152.38,2.54,02:32,5.0,5.0,50.0,70.87,2.0,2.0,20.0,28.35,4.0,4.0,40.0,56.7,2.0,2.0,20.0,28.35,3.0,3.0,30.0,42.52,2.0,2.0,20.0,28.35,1.0,1.0,10.0,14.17,0.0,0.0,0.0,0.0,1.0,1.0,10.0,14.17,1.0,1.0,10.0,14.17,0.0,0.0,0.0,0.0,1.0,1.0,10.0,14.17,0.0,0.0,0.0,0.0,1.0,1.0,10.0,14.17,1.0,1.0,10.0,14.17,0.0,0.0,0.0,0.0,0.0,0.0,0.0,0.0,0.0,0.0,0.0,0.0,0.0,0.0,0.0,0.0,0.0,0.0,0.0,0.0,50.0,20.0,30.0,94.5,3.0,3.0,30.0,2.54,2.54,0.5,0.56,0.67,0.0,1.0,0.18,0.0,0.0,1.0,0.5,0.0,0.0,0.0,0.0,0.25
4,桃園台啤永豐雲豹,16|62|3129|10860,米勒/王皓吉/董永全/麥卡洛,1,12,13.0,164.74,2.75,02:45,164.74,2.75,02:45,4.0,4.0,30.77,52.45,2.0,2.0,15.38,26.22,5.0,5.0,38.46,65.56,1.0,1.0,7.69,13.11,2.0,2.0,15.38,26.22,1.0,1.0,7.69,13.11,3.0,3.0,23.08,39.33,0.0,0.0,0.0,0.0,2.0,2.0,15.38,26.22,2.0,2.0,15.38,26.22,0.0,0.0,0.0,0.0,4.0,4.0,30.77,52.45,1.0,1.0,7.69,13.11,3.0,3.0,23.08,39.33,0.0,0.0,0.0,0.0,2.0,2.0,15.38,26.22,0.0,0.0,0.0,0.0,0.0,0.0,0.0,0.0,1.0,1.0,7.69,13.11,4.0,4.0,30.77,52.45,30.77,15.38,15.38,113.63,2.0,2.0,15.38,2.75,2.75,0.2,0.34,0.5,0.0,1.0,0.0,2.0,0.0,0.8,0.5,0.0,0.0,0.08,30.77,0.4
4,新竹御嵿攻城獅,76|78|87|10862,曾柏喻/朱雲豪/蔡宸綱/提傑,1,7,7.0,120.0,2.0,02:00,120.0,2.0,02:00,0.0,0.0,0.0,0.0,4.0,4.0,57.14,72.0,3.0,3.0,42.86,54.0,0.0,0.0,0.0,0.0,0.0,0.0,0.0,0.0,0.0,0.0,0.0,0.0,3.0,3.0,42.86,54.0,0.0,0.0,0.0,0.0,0.0,0.0,0.0,0.0,0.0,0.0,0.0,0.0,0.0,0.0,0.0,0.0,3.0,3.0,42.86,54.0,0.0,0.0,0.0,0.0,2.0,2.0,28.57,36.0,0.0,0.0,0.0,0.0,0.0,0.0,0.0,0.0,0.0,0.0,0.0,0.0,0.0,0.0,0.0,0.0,1.0,1.0,14.29,18.0,2.0,2.0,28.57,36.0,0.0,57.14,-57.14,84.0,-4.0,-4.0,-57.14,2.0,2.0,0.0,0.0,,0.0,,0.0,,0.0,1.0,0.6,0.0,0.0,0.14,28.57,0.0
4,新竹御嵿攻城獅,76|78|87|10888,曾柏喻/朱雲豪/蔡宸綱/帕塞獅,1,7,7.0,120.0,2.0,02:00,120.0,2.0,02:00,0.0,0.0,0.0,0.0,4.0,4.0,57.14,72.0,3.0,3.0,42.86,54.0,0.0,0.0,0.0,0.0,0.0,0.0,0.0,0.0,0.0,0.0,0.0,0.0,3.0,3.0,42.86,54.0,0.0,0.0,0.0,0.0,0.0,0.0,0.0,0.0,0.0,0.0,0.0,0.0,0.0,0.0,0.0,0.0,3.0,3.0,42.86,54.0,0.0,0.0,0.0,0.0,2.0,2.0,28.57,36.0,0.0,0.0,0.0,0.0,0.0,0.0,0.0,0.0,0.0,0.0,0.0,0.0,0.0,0.0,0.0,0.0,1.0,1.0,14.29,18.0,2.0,2.0,28.57,36.0,0.0,57.14,-57.14,84.0,-4.0,-4.0,-57.14,2.0,2.0,0.0,0.0,,0.0,,0.0,,0.0,1.0,0.6,0.0,0.0,0.14,28.57,0.0
4,新竹御嵿攻城獅,78|87|10862|10888,朱雲豪/蔡宸綱/提傑/帕塞獅,1,7,7.0,120.0,2.0,02:00,120.0,2.0,02:00,0.0,0.0,0.0,0.0,4.0,4.0,57.14,72.0,3.0,3.0,42.86,54.0,0.0,0.0,0.0,0.0,0.0,0.0,0.0,0.0,0.0,0.0,0.0,0.0,3.0,3.0,42.86,54.0,0.0,0.0,0.0,0.0,0.0,0.0,0.0,0.0,0.0,0.0,0.0,0.0,0.0,0.0,0.0,0.0,3.0,3.0,42.86,54.0,0.0,0.0,0.0,0.0,2.0,2.0,28.57,36.0,0.0,0.0,0.0,0.0,0.0,0.0,0.0,0.0,0.0,0.0,0.0,0.0,0.0,0.0,0.0,0.0,1.0,1.0,14.29,18.0,2.0,2.0,28.57,36.0,0.0,57.14,-57.14,84.0,-4.0,-4.0,-57.14,2.0,2.0,0.0,0.0,,0.0,,0.0,,0.0,1.0,0.6,0.0,0.0,0.14,28.57,0.0
4,桃園台啤永豐雲豹,54|57|58|62,高錦瑋/莊博元/林信寬/王皓吉,1,10,11.0,167.4,2.79,02:47,167.4,2.79,02:47,2.0,2.0,18.18,25.81,6.0,6.0,54.55,77.42,4.0,4.0,36.36,51.61,1.0,1.0,9.09,12.9,2.0,2.0,18.18,25.81,1.0,1.0,9.09,12.9,2.0,2.0,18.18,25.81,0.0,0.0,0.0,0.0,0.0,0.0,0.0,0.0,0.0,0.0,0.0,0.0,1.0,1.0,9.09,12.9,2.0,2.0,18.18,25.81,1.0,1.0,9.09,12.9,2.0,2.0,18.18,25.81,1.0,1.0,9.09,12.9,0.0,0.0,0.0,0.0,1.0,1.0,9.09,12.9,0.0,0.0,0.0,0.0,0.0,0.0,0.0,0.0,4.0,4.0,36.36,51.61,18.18,54.55,-36.36,94.63,-4.0,-4.0,-36.36,2.79,2.79,0.25,0.25,0.5,0.0,,0.2,0.0,0.33,0.67,0.5,9.09,0.0,0.0,36.36,0.0
4,桃園台啤永豐雲豹,57|58|62|10860,莊博元/林信寬/王皓吉/麥卡洛,1,9,10.0,167.0,2.78,02:47,167.0,2.78,02:47,2.0,2.0,20.0,25.87,5.0,5.0,50.0,64.67,4.0,4.0,40.0,51.74,1.0,1.0,10.0,12.93,2.0,2.0,20.0,25.87,1.0,1.0,10.0,12.93,2.0,2.0,20.0,25.87,0.0,0.0,0.0,0.0,0.0,0.0,0.0,0.0,0.0,0.0,0.0,0.0,1.0,1.0,10.0,12.93,2.0,2.0,20.0,25.87,1.0,1.0,10.0,12.93,2.0,2.0,20.0,25.87,1.0,1.0,10.0,12.93,0.0,0.0,0.0,0.0,1.0,1.0,10.0,12.93,0.0,0.0,0.0,0.0,0.0,0.0,0.0,0.0,2.0,2.0,20.0,25.87,20.0,50.0,-30.0,86.23,-3.0,-3.0,-30.0,2.78,2.78,0.25,0.25,0.5,0.0,,0.2,0.0,0.33,0.67,0.5,10.0,0.0,0.0,20.0,0.0
4,桃園台啤永豐雲豹,57|58|62|10861,莊博元/林信寬/王皓吉/迪亞洛,1,1,1.0,0.4,0.01,00:00,0.4,0.01,00:00,0.0,0.0,0.0,0.0,1.0,1.0,100.0,5468.35,0.0,0.0,0.0,0.0,0.0,0.0,0.0,0.0,0.0,0.0,0.0,0.0,0.0,0.0,0.0,0.0,0.0,0.0,0.0,0.0,0.0,0.0,0.0,0.0,0.0,0.0,0.0,0.0,0.0,0.0,0.0,0.0,0.0,0.0,0.0,0.0,0.0,0.0,0.0,0.0,0.0,0.0,0.0,0.0,0.0,0.0,0.0,0.0,0.0,0.0,0.0,0.0,0.0,0.0,0.0,0.0,0.0,0.0,0.0,0.0,0.0,0.0,0.0,0.0,0.0,0.0,0.0,0.0,2.0,2.0,200.0,10936.71,0.0,100.0,-100.0,3645.57,-1.0,-1.0,-100.0,0.01,0.01,,,,,,,,,,,0.0,0.0,0.0,200.0,
4,桃園台啤永豐雲豹,12|54|58|62,曹薰襄/高錦瑋/林信寬/王皓吉,1,4,5.0,55.0,0.92,00:55,55.0,0.92,00:55,1.0,1.0,20.0,39.27,5.0,5.0,100.0,196.36,0.0,0.0,0.0,0.0,0.0,0.0,0.0,0.0,0.0,0.0,0.0,0.0,0.0,0.0,0.0,0.0,0.0,0.0,0.0,0.0,0.0,0.0,0.0,0.0,2.0,2.0,40.0,78.55,1.0,1.0,20.0,39.27,0.0,0.0,0.0,0.0,0.0,0.0,0.0,0.0,1.0,1.0,20.0,39.27,0.0,0.0,0.0,0.0,1.0,1.0,20.0,39.27,0.0,0.0,0.0,0.0,0.0,0.0,0.0,0.0,0.0,0.0,0.0,0.0,1.0,1.0,20.0,39.27,0.0,0.0,0.0,0.0,20.0,100.0,-80.0,130.91,-4.0,-4.0,-80.0,0.92,0.92,,0.57,,,0.5,0.53,,,0.0,0.0,0.0,0.0,0.2,0.0,
4,桃園台啤永豐雲豹,16|54|3129|10860,米勒/高錦瑋/董永全/麥卡洛,5,40,48.0,623.85,10.4,10:24,124.77,2.08,02:05,15.0,3.0,31.25,51.94,22.0,4.4,45.83,76.17,17.0,3.4,35.42,58.86,6.0,1.2,12.5,20.77,9.0,1.8,18.75,31.16,4.0,0.8,8.33,13.85,8.0,1.6,16.67,27.7,2.0,0.4,4.17,6.92,1.0,0.2,2.08,3.46,1.0,0.2,2.08,3.46,4.0,0.8,8.33,13.85,7.0,1.4,14.58,24.24,3.0,0.6,6.25,10.39,7.0,1.4,14.58,24.24,7.0,1.4,14.58,24.24,4.0,0.8,8.33,13.85,3.0,0.6,6.25,10.39,0.0,0.0,0.0,0.0,1.0,0.2,2.08,3.46,0.0,0.0,0.0,0.0,31.25,45.83,-14.58,110.8,-7.0,-1.4,-14.58,10.4,2.08,0.41,0.43,0.44,0.25,1.0,0.29,0.67,0.36,0.7,0.52,6.25,0.0,0.02,0.0,0.06
4,新竹御嵿攻城獅,75|76|84|88,高國豪/曾柏喻/李家瑞/盧冠軒,1,2,2.0,27.0,0.45,00:27,27.0,0.45,00:27,0.0,0.0,0.0,0.0,2.0,2.0,100.0,160.0,1.0,1.0,50.0,80.0,0.0,0.0,0.0,0.0,0.0,0.0,0.0,0.0,0.0,0.0,0.0,0.0,1.0,1.0,50.0,80.0,0.0,0.0,0.0,0.0,0.0,0.0,0.0,0.0,0.0,0.0,0.0,0.0,0.0,0.0,0.0,0.0,1.0,1.0,50.0,80.0,0.0,0.0,0.0,0.0,0.0,0.0,0.0,0.0,0.0,0.0,0.0,0.0,0.0,0.0,0.0,0.0,0.0,0.0,0.0,0.0,0.0,0.0,0.0,0.0,0.0,0.0,0.0,0.0,0.0,0.0,0.0,0.0,0.0,100.0,-100.0,106.67,-2.0,-2.0,-100.0,0.45,0.45,0.0,0.0,,0.0,,0.0,,,1.0,1.0,0.0,0.0,0.0,0.0,0.0
4,新竹御嵿攻城獅,75|76|84|10862,高國豪/曾柏喻/李家瑞/提傑,1,2,2.0,27.0,0.45,00:27,27.0,0.45,00:27,0.0,0.0,0.0,0.0,2.0,2.0,100.0,160.0,1.0,1.0,50.0,80.0,0.0,0.0,0.0,0.0,0.0,0.0,0.0,0.0,0.0,0.0,0.0,0.0,1.0,1.0,50.0,80.0,0.0,0.0,0.0,0.0,0.0,0.0,0.0,0.0,0.0,0.0,0.0,0.0,0.0,0.0,0.0,0.0,1.0,1.0,50.0,80.0,0.0,0.0,0.0,0.0,0.0,0.0,0.0,0.0,0.0,0.0,0.0,0.0,0.0,0.0,0.0,0.0,0.0,0.0,0.0,0.0,0.0,0.0,0.0,0.0,0.0,0.0,0.0,0.0,0.0,0.0,0.0,0.0,0.0,100.0,-100.0,106.67,-2.0,-2.0,-100.0,0.45,0.45,0.0,0.0,,0.0,,0.0,,,1.0,1.0,0.0,0.0,0.0,0.0,0.0
4,新竹御嵿攻城獅,75|84|88|10862,高國豪/李家瑞/盧冠軒/提傑,2,4,6.0,52.56,0.88,00:53,26.28,0.44,00:26,1.0,0.5,16.67,41.09,3.0,1.5,50.0,123.28,3.0,1.5,50.0,123.28,0.0,0.0,0.0,0.0,1.0,0.5,16.67,41.09,0.0,0.0,0.0,0.0,2.0,1.0,33.33,82.19,0.0,0.0,0.0,0.0,0.0,0.0,0.0,0.0,0.0,0.0,0.0,0.0,2.0,1.0,33.33,82.19,1.0,0.5,16.67,41.09,0.0,0.0,0.0,0.0,0.0,0.0,0.0,0.0,0.0,0.0,0.0,0.0,0.0,0.0,0.0,0.0,0.0,0.0,0.0,0.0,0.0,0.0,0.0,0.0,1.0,0.5,16.67,41.09,2.0,1.0,33.33,82.19,16.67,50.0,-33.33,164.38,-2.0,-1.0,-33.33,0.88,0.44,0.0,0.17,0.0,0.0,,0.0,,1.0,1.0,1.0,0.0,0.0,0.17,33.33,0.0
4,新竹御嵿攻城獅,76|84|88|10862,曾柏喻/李家瑞/盧冠軒/提傑,1,4,4.0,79.0,1.32,01:19,79.0,1.32,01:19,0.0,0.0,0.0,0.0,2.0,2.0,50.0,54.68,2.0,2.0,50.0,54.68,0.0,0.0,0.0,0.0,0.0,0.0,0.0,0.0,0.0,0.0,0.0,0.0,2.0,2.0,50.0,54.68,0.0,0.0,0.0,0.0,0.0,0.0,0.0,0.0,0.0,0.0,0.0,0.0,0.0,0.0,0.0,0.0,2.0,2.0,50.0,54.68,0.0,0.0,0.0,0.0,0.0,0.0,0.0,0.0,0.0,0.0,0.0,0.0,0.0,0.0,0.0,0.0,0.0,0.0,0.0,0.0,0.0,0.0,0.0,0.0,0.0,0.0,0.0,0.0,0.0,0.0,0.0,0.0,0.0,50.0,-50.0,72.91,-2.0,-2.0,-50.0,1.32,1.32,0.0,0.0,,0.0,,0.0,,,1.0,1.0,0.0,0.0,0.0,0.0,0.0
4,桃園台啤永豐雲豹,16|54|55|57,米勒/高錦瑋/汪哲宇/莊博元,1,4,4.0,79.0,1.32,01:19,79.0,1.32,01:19,2.0,2.0,50.0,54.68,0.0,0.0,0.0,0.0,1.0,1.0,25.0,27.34,1.0,1.0,25.0,27.34,1.0,1.0,25.0,27.34,1.0,1.0,25.0,27.34,0.0,0.0,0.0,0.0,0.0,0.0,0.0,0.0,0.0,0.0,0.0,0.0,0.0,0.0,0.0,0.0,0.0,0.0,0.0,0.0,0.0,0.0,0.0,0.0,0.0,0.0,0.0,0.0,2.0,2.0,50.0,54.68,1.0,1.0,25.0,27.34,1.0,1.0,25.0,27.34,1.0,1.0,25.0,27.34,0.0,0.0,0.0,0.0,0.0,0.0,0.0,0.0,0.0,0.0,0.0,0.0,50.0,0.0,50.0,72.91,2.0,2.0,50.0,1.32,1.32,1.0,1.0,1.0,,,0.5,1.0,0.0,,0.0,25.0,0.0,0.0,0.0,0.0
4,桃園台啤永豐雲豹,16|54|55|10860,米勒/高錦瑋/汪哲宇/麥卡洛,2,8,9.0,131.84,2.2,02:12,65.92,1.1,01:06,6.0,3.0,66.67,98.3,4.0,2.0,44.44,65.53,2.0,1.0,22.22,32.77,2.0,1.0,22.22,32.77,2.0,1.0,22.22,32.77,2.0,1.0,22.22,32.77,0.0,0.0,0.0,0.0,0.0,0.0,0.0,0.0,2.0,1.0,22.22,32.77,2.0,1.0,22.22,32.77,0.0,0.0,0.0,0.0,0.0,0.0,0.0,0.0,1.0,0.5,11.11,16.38,2.0,1.0,22.22,32.77,1.0,0.5,11.11,16.38,1.0,0.5,11.11,16.38,1.0,0.5,11.11,16.38,0.0,0.0,0.0,0.0,0.0,0.0,0.0,0.0,0.0,0.0,0.0,0.0,66.67,44.44,22.22,98.3,2.0,1.0,22.22,2.2,1.1,1.0,1.04,1.0,,1.0,0.26,0.5,0.0,0.0,0.0,11.11,0.0,0.0,0.0,1.0
4,桃園台啤永豐雲豹,16|55|57|10860,米勒/汪哲宇/莊博元/麥卡洛,1,4,4.0,79.0,1.32,01:19,79.0,1.32,01:19,2.0,2.0,50.0,54.68,0.0,0.0,0.0,0.0,1.0,1.0,25.0,27.34,1.0,1.0,25.0,27.34,1.0,1.0,25.0,27.34,1.0,1.0,25.0,27.34,0.0,0.0,0.0,0.0,0.0,0.0,0.0,0.0,0.0,0.0,0.0,0.0,0.0,0.0,0.0,0.0,0.0,0.0,0.0,0.0,0.0,0.0,0.0,0.0,0.0,0.0,0.0,0.0,2.0,2.0,50.0,54.68,1.0,1.0,25.0,27.34,1.0,1.0,25.0,27.34,1.0,1.0,25.0,27.34,0.0,0.0,0.0,0.0,0.0,0.0,0.0,0.0,0.0,0.0,0.0,0.0,50.0,0.0,50.0,72.91,2.0,2.0,50.0,1.32,1.32,1.0,1.0,1.0,,,0.5,1.0,0.0,,0.0,25.0,0.0,0.0,0.0,0.0
4,桃園台啤永豐雲豹,54|55|57|10860,高錦瑋/汪哲宇/莊博元/麥卡洛,1,4,4.0,79.0,1.32,01:19,79.0,1.32,01:19,2.0,2.0,50.0,54.68,0.0,0.0,0.0,0.0,1.0,1.0,25.0,27.34,1.0,1.0,25.0,27.34,1.0,1.0,25.0,27.34,1.0,1.0,25.0,27.34,0.0,0.0,0.0,0.0,0.0,0.0,0.0,0.0,0.0,0.0,0.0,0.0,0.0,0.0,0.0,0.0,0.0,0.0,0.0,0.0,0.0,0.0,0.0,0.0,0.0,0.0,0.0,0.0,2.0,2.0,50.0,54.68,1.0,1.0,25.0,27.34,1.0,1.0,25.0,27.34,1.0,1.0,25.0,27.34,0.0,0.0,0.0,0.0,0.0,0.0,0.0,0.0,0.0,0.0,0.0,0.0,50.0,0.0,50.0,72.91,2.0,2.0,50.0,1.32,1.32,1.0,1.0,1.0,,,0.5,1.0,0.0,,0.0,25.0,0.0,0.0,0.0,0.0
4,新竹御嵿攻城獅,76|80|84|88,曾柏喻/田浩/李家瑞/盧冠軒,1,2,2.0,52.0,0.87,00:52,52.0,0.87,00:52,0.0,0.0,0.0,0.0,0.0,0.0,0.0,0.0,1.0,1.0,50.0,41.54,0.0,0.0,0.0,0.0,0.0,0.0,0.0,0.0,0.0,0.0,0.0,0.0,1.0,1.0,50.0,41.54,0.0,0.0,0.0,0.0,0.0,0.0,0.0,0.0,0.0,0.0,0.0,0.0,0.0,0.0,0.0,0.0,1.0,1.0,50.0,41.54,0.0,0.0,0.0,0.0,0.0,0.0,0.0,0.0,0.0,0.0,0.0,0.0,0.0,0.0,0.0,0.0,0.0,0.0,0.0,0.0,0.0,0.0,0.0,0.0,0.0,0.0,0.0,0.0,0.0,0.0,0.0,0.0,0.0,0.0,0.0,55.38,0.0,0.0,0.0,0.87,0.87,0.0,0.0,,0.0,,0.0,,,1.0,1.0,0.0,0.0,0.0,0.0,0.0
4,新竹御嵿攻城獅,76|80|84|10862,曾柏喻/田浩/李家瑞/提傑,1,2,2.0,52.0,0.87,00:52,52.0,0.87,00:52,0.0,0.0,0.0,0.0,0.0,0.0,0.0,0.0,1.0,1.0,50.0,41.54,0.0,0.0,0.0,0.0,0.0,0.0,0.0,0.0,0.0,0.0,0.0,0.0,1.0,1.0,50.0,41.54,0.0,0.0,0.0,0.0,0.0,0.0,0.0,0.0,0.0,0.0,0.0,0.0,0.0,0.0,0.0,0.0,1.0,1.0,50.0,41.54,0.0,0.0,0.0,0.0,0.0,0.0,0.0,0.0,0.0,0.0,0.0,0.0,0.0,0.0,0.0,0.0,0.0,0.0,0.0,0.0,0.0,0.0,0.0,0.0,0.0,0.0,0.0,0.0,0.0,0.0,0.0,0.0,0.0,0.0,0.0,55.38,0.0,0.0,0.0,0.87,0.87,0.0,0.0,,0.0,,0.0,,,1.0,1.0,0.0,0.0,0.0,0.0,0.0
4,新竹御嵿攻城獅,76|80|88|10862,曾柏喻/田浩/盧冠軒/提傑,1,2,2.0,52.0,0.87,00:52,52.0,0.87,00:52,0.0,0.0,0.0,0.0,0.0,0.0,0.0,0.0,1.0,1.0,50.0,41.54,0.0,0.0,0.0,0.0,0.0,0.0,0.0,0.0,0.0,0.0,0.0,0.0,1.0,1.0,50.0,41.54,0.0,0.0,0.0,0.0,0.0,0.0,0.0,0.0,0.0,0.0,0.0,0.0,0.0,0.0,0.0,0.0,1.0,1.0,50.0,41.54,0.0,0.0,0.0,0.0,0.0,0.0,0.0,0.0,0.0,0.0,0.0,0.0,0.0,0.0,0.0,0.0,0.0,0.0,0.0,0.0,0.0,0.0,0.0,0.0,0.0,0.0,0.0,0.0,0.0,0.0,0.0,0.0,0.0,0.0,0.0,55.38,0.0,0.0,0.0,0.87,0.87,0.0,0.0,,0.0,,0.0,,,1.0,1.0,0.0,0.0,0.0,0.0,0.0
4,新竹御嵿攻城獅,80|84|88|10862,田浩/李家瑞/盧冠軒/提傑,2,5,5.0,104.4,1.74,01:44,52.2,0.87,00:52,0.0,0.0,0.0,0.0,2.0,1.0,40.0,41.38,2.0,1.0,40.0,41.38,0.0,0.0,0.0,0.0,1.0,0.5,20.0,20.69,0.0,0.0,0.0,0.0,1.0,0.5,20.0,20.69,0.0,0.0,0.0,0.0,2.0,1.0,40.0,41.38,1.0,0.5,20.0,20.69,0.0,0.0,0.0,0.0,2.0,1.0,40.0,41.38,0.0,0.0,0.0,0.0,0.0,0.0,0.0,0.0,0.0,0.0,0.0,0.0,0.0,0.0,0.0,0.0,0.0,0.0,0.0,0.0,0.0,0.0,0.0,0.0,0.0,0.0,0.0,0.0,0.0,0.0,0.0,0.0,0.0,40.0,-40.0,68.97,-2.0,-1.0,-40.0,1.74,0.87,0.0,0.0,0.0,0.0,0.5,0.0,,,1.0,1.0,0.0,0.0,0.0,0.0,1.0
4,臺北台新戰神,1|10|14|13400,丁聖儒/雷蒙恩/錢肯尼/史東,8,300,357.0,5516.54,91.94,91:57,689.57,11.49,11:30,162.0,20.25,45.38,63.43,176.0,22.0,49.3,68.91,133.0,16.62,37.25,52.08,57.0,7.12,15.97,22.32,77.0,9.62,21.57,30.15,35.0,4.38,9.8,13.7,56.0,7.0,15.69,21.93,22.0,2.75,6.16,8.61,33.0,4.12,9.24,12.92,25.0,3.12,7.0,9.79,20.0,2.5,5.6,7.83,60.0,7.5,16.81,23.49,25.0,3.12,7.0,9.79,49.0,6.12,13.73,19.19,21.0,2.62,5.88,8.22,37.0,4.62,10.36,14.49,17.0,2.12,4.76,6.66,9.0,1.12,2.52,3.52,36.0,4.5,10.08,14.1,23.0,2.88,6.44,9.01,45.38,49.3,-3.92,93.19,-14.0,-1.75,-3.92,91.94,11.49,0.51,0.55,0.45,0.39,0.76,0.12,0.65,0.29,0.71,0.52,4.76,2.52,0.1,6.44,0.25
4,臺北台新戰神,1|10|10867|13400,丁聖儒/雷蒙恩/威力斯/史東,2,116,135.0,2000.33,33.34,33:20,1000.16,16.67,16:40,52.0,26.0,38.52,56.15,71.0,35.5,52.59,76.67,48.0,24.0,35.56,51.83,18.0,9.0,13.33,19.44,32.0,16.0,23.7,34.55,11.0,5.5,8.15,11.88,16.0,8.0,11.85,17.28,7.0,3.5,5.19,7.56,14.0,7.0,10.37,15.12,9.0,4.5,6.67,9.72,9.0,4.5,6.67,9.72,24.0,12.0,17.78,25.92,8.0,4.0,5.93,8.64,21.0,10.5,15.56,22.68,12.0,6.0,8.89,12.96,10.0,5.0,7.41,10.8,10.0,5.0,7.41,10.8,5.0,2.5,3.7,5.4,16.0,8.0,11.85,17.28,9.0,4.5,6.67,9.72,38.52,52.59,-14.07,97.18,-19.0,-9.5,-14.07,33.34,16.67,0.45,0.48,0.34,0.44,0.64,0.18,0.56,0.3,0.75,0.53,7.41,3.7,0.12,6.67,0.29
4,臺北台新戰神,1|14|10867|13400,丁聖儒/錢肯尼/威力斯/史東,2,139,164.0,2315.3,38.59,38:35,1157.65,19.29,19:18,71.0,35.5,43.29,66.24,83.0,41.5,50.61,77.43,56.0,28.0,34.15,52.24,24.0,12.0,14.63,22.39,36.0,18.0,21.95,33.59,15.0,7.5,9.15,13.99,20.0,10.0,12.2,18.66,9.0,4.5,5.49,8.4,20.0,10.0,12.2,18.66,14.0,7.0,8.54,13.06,9.0,4.5,5.49,8.4,26.0,13.0,15.85,24.26,10.0,5.0,6.1,9.33,25.0,12.5,15.24,23.32,14.0,7.0,8.54,13.06,16.0,8.0,9.76,14.93,12.0,6.0,7.32,11.2,5.0,2.5,3.05,4.66,20.0,10.0,12.2,18.66,17.0,8.5,10.37,15.86,43.29,50.61,-7.32,102.0,-12.0,-6.0,-7.32,38.59,19.29,0.51,0.55,0.42,0.45,0.7,0.18,0.67,0.26,0.72,0.5,7.32,3.05,0.12,10.37,0.36
4,臺北台新戰神,10|14|10867|13400,雷蒙恩/錢肯尼/威力斯/史東,2,117,137.0,1988.05,33.13,33:08,994.03,16.57,16:34,52.0,26.0,37.96,56.5,71.0,35.5,51.82,77.14,49.0,24.5,35.77,53.24,18.0,9.0,13.14,19.56,33.0,16.5,24.09,35.85,11.0,5.5,8.03,11.95,16.0,8.0,11.68,17.38,7.0,3.5,5.11,7.61,12.0,6.0,8.76,13.04,8.0,4.0,5.84,8.69,9.0,4.5,6.57,9.78,23.0,11.5,16.79,24.99,9.0,4.5,6.57,9.78,22.0,11.0,16.06,23.9,12.0,6.0,8.76,13.04,10.0,5.0,7.3,10.86,10.0,5.0,7.3,10.86,5.0,2.5,3.65,5.43,17.0,8.5,12.41,18.47,9.0,4.5,6.57,9.78,37.96,51.82,-13.87,99.23,-19.0,-9.5,-13.87,33.13,16.57,0.44,0.48,0.33,0.44,0.67,0.18,0.56,0.29,0.72,0.51,7.3,3.65,0.12,6.57,0.24
4,福爾摩沙夢想家,79|89|103|13777,張宗憲/蔣淯安/忻沃克/布依德,8,165,195.0,2685.09,44.75,44:45,335.64,5.59,05:36,100.0,12.5,51.28,80.44,98.0,12.25,50.26,78.84,75.0,9.38,38.46,60.33,34.0,4.25,17.44,27.35,41.0,5.12,21.03,32.98,21.0,2.62,10.77,16.89,34.0,4.25,17.44,27.35,13.0,1.62,6.67,10.46,22.0,2.75,11.28,17.7,13.0,1.62,6.67,10.46,15.0,1.88,7.69,12.07,30.0,3.75,15.38,24.13,14.0,1.75,7.18,11.26,30.0,3.75,15.38,24.13,12.0,1.5,6.15,9.65,20.0,2.5,10.26,16.09,9.0,1.12,4.62,7.24,1.0,0.12,0.51,0.8,18.0,2.25,9.23,14.48,13.0,1.62,6.67,10.46,51.28,50.26,1.03,104.58,2.0,0.25,1.03,44.75,5.59,0.54,0.59,0.51,0.38,0.59,0.12,0.59,0.33,0.68,0.51,4.62,0.51,0.09,6.67,0.29
4,福爾摩沙夢想家,79|89|107|13777,張宗憲/蔣淯安/霍爾曼/布依德,3,95,114.0,1488.92,24.82,24:49,496.31,8.27,08:16,70.0,23.33,61.4,101.55,47.0,15.67,41.23,68.18,40.0,13.33,35.09,58.03,21.0,7.0,18.42,30.47,26.0,8.67,22.81,37.72,14.0,4.67,12.28,20.31,14.0,4.67,12.28,20.31,7.0,2.33,6.14,10.16,27.0,9.0,23.68,39.17,19.0,6.33,16.67,27.56,7.0,2.33,6.14,10.16,15.0,5.0,13.16,21.76,8.0,2.67,7.02,11.61,18.0,6.0,15.79,26.11,3.0,1.0,2.63,4.35,16.0,5.33,14.04,23.21,3.0,1.0,2.63,4.35,0.0,0.0,0.0,0.0,18.0,6.0,15.79,26.11,10.0,3.33,8.77,14.51,61.4,41.23,20.18,110.25,23.0,7.67,20.18,24.82,8.27,0.61,0.67,0.54,0.5,0.7,0.05,0.76,0.28,0.65,0.46,2.63,0.0,0.16,8.77,0.68
4,福爾摩沙夢想家,79|103|107|13777,張宗憲/忻沃克/霍爾曼/布依德,3,54,69.0,968.73,16.15,16:09,322.91,5.38,05:23,34.0,11.33,49.28,75.81,34.0,11.33,49.28,75.81,26.0,8.67,37.68,57.97,10.0,3.33,14.49,22.3,16.0,5.33,23.19,35.68,6.0,2.0,8.7,13.38,10.0,3.33,14.49,22.3,4.0,1.33,5.8,8.92,13.0,4.33,18.84,28.99,8.0,2.67,11.59,17.84,7.0,2.33,10.14,15.61,11.0,3.67,15.94,24.53,6.0,2.0,8.7,13.38,5.0,1.67,7.25,11.15,3.0,1.0,4.35,6.69,6.0,2.0,8.7,13.38,3.0,1.0,4.35,6.69,0.0,0.0,0.0,0.0,10.0,3.33,14.49,22.3,6.0,2.0,8.7,13.38,49.28,49.28,0.0,102.57,0.0,0.0,0.0,16.15,5.38,0.46,0.54,0.38,0.4,0.62,0.09,0.6,0.58,0.65,0.62,4.35,0.0,0.14,8.7,0.5
4,福爾摩沙夢想家,89|103|107|13777,蔣淯安/忻沃克/霍爾曼/布依德,3,42,53.0,785.73,13.1,13:06,261.91,4.37,04:22,29.0,9.67,54.72,79.72,31.0,10.33,58.49,85.22,22.0,7.33,41.51,60.48,8.0,2.67,15.09,21.99,14.0,4.67,26.42,38.49,5.0,1.67,9.43,13.75,8.0,2.67,15.09,21.99,3.0,1.0,5.66,8.25,11.0,3.67,20.75,30.24,8.0,2.67,15.09,21.99,6.0,2.0,11.32,16.49,9.0,3.0,16.98,24.74,4.0,1.33,7.55,11.0,4.0,1.33,7.55,11.0,1.0,0.33,1.89,2.75,4.0,1.33,7.55,11.0,1.0,0.33,1.89,2.75,1.0,0.33,1.89,2.75,8.0,2.67,15.09,21.99,6.0,2.0,11.32,16.49,54.72,58.49,-3.77,97.13,-2.0,-0.67,-3.77,13.1,4.37,0.43,0.54,0.36,0.38,0.73,0.04,0.5,0.6,0.69,0.65,1.89,1.89,0.15,11.32,0.5
4,福爾摩沙夢想家,77|79|89|13777,馬建豪/張宗憲/蔣淯安/布依德,8,143,163.0,2093.11,34.89,34:53,261.64,4.36,04:22,94.0,11.75,57.67,97.0,71.0,8.88,43.56,73.27,56.0,7.0,34.36,57.79,35.0,4.38,21.47,36.12,37.0,4.62,22.7,38.18,25.0,3.12,15.34,25.8,19.0,2.38,11.66,19.61,10.0,1.25,6.13,10.32,25.0,3.12,15.34,25.8,20.0,2.5,12.27,20.64,7.0,0.88,4.29,7.22,17.0,2.12,10.43,17.54,7.0,0.88,4.29,7.22,34.0,4.25,20.86,35.09,8.0,1.0,4.91,8.26,23.0,2.88,14.11,23.74,5.0,0.62,3.07,5.16,1.0,0.12,0.61,1.03,17.0,2.12,10.43,17.54,10.0,1.25,6.13,10.32,57.67,43.56,14.11,112.14,23.0,2.88,14.11,34.89,4.36,0.71,0.7,0.68,0.53,0.8,0.11,0.66,0.17,0.71,0.37,3.07,0.61,0.1,6.13,0.45
4,福爾摩沙夢想家,77|79|107|13777,馬建豪/張宗憲/霍爾曼/布依德,2,57,65.0,766.59,12.78,12:47,383.29,6.39,06:23,46.0,23.0,70.77,129.61,24.0,12.0,36.92,67.62,21.0,10.5,32.31,59.17,15.0,7.5,23.08,42.27,13.0,6.5,20.0,36.63,10.0,5.0,15.38,28.18,8.0,4.0,12.31,22.54,5.0,2.5,7.69,14.09,15.0,7.5,23.08,42.27,11.0,5.5,16.92,30.99,1.0,0.5,1.54,2.82,7.0,3.5,10.77,19.72,4.0,2.0,6.15,11.27,13.0,6.5,20.0,36.63,2.0,1.0,3.08,5.64,12.0,6.0,18.46,33.81,2.0,1.0,3.08,5.64,0.0,0.0,0.0,0.0,9.0,4.5,13.85,25.36,4.0,2.0,6.15,11.27,70.77,36.92,33.85,122.1,22.0,11.0,33.85,12.78,6.39,0.83,0.83,0.77,0.62,0.73,0.07,0.8,0.07,0.64,0.32,3.08,0.0,0.14,6.15,0.71
4,福爾摩沙夢想家,77|89|107|13777,馬建豪/蔣淯安/霍爾曼/布依德,2,73,82.0,998.59,16.64,16:39,499.29,8.32,08:19,59.0,29.5,71.95,127.62,34.0,17.0,41.46,73.54,29.0,14.5,35.37,62.73,20.0,10.0,24.39,43.26,18.0,9.0,21.95,38.93,13.0,6.5,15.85,28.12,11.0,5.5,13.41,23.79,7.0,3.5,8.54,15.14,16.0,8.0,19.51,34.61,12.0,6.0,14.63,25.96,2.0,1.0,2.44,4.33,9.0,4.5,10.98,19.47,4.0,2.0,4.88,8.65,15.0,7.5,18.29,32.45,3.0,1.5,3.66,6.49,14.0,7.0,17.07,30.28,3.0,1.5,3.66,6.49,1.0,0.5,1.22,2.16,10.0,5.0,12.2,21.63,4.0,2.0,4.88,8.65,71.95,41.46,30.49,118.25,25.0,12.5,30.49,16.64,8.32,0.81,0.82,0.72,0.64,0.75,0.08,0.7,0.12,0.69,0.37,3.66,1.22,0.12,4.88,0.55
4,福爾摩沙夢想家,77|89|99|13777,馬建豪/蔣淯安/盧冠良/布依德,4,40,45.0,582.61,9.71,09:43,145.65,2.43,02:26,22.0,5.5,48.89,81.56,17.0,4.25,37.78,63.03,18.0,4.5,40.0,66.73,9.0,2.25,20.0,33.37,9.0,2.25,20.0,33.37,6.0,1.5,13.33,22.24,9.0,2.25,20.0,33.37,3.0,0.75,6.67,11.12,0.0,0.0,0.0,0.0,0.0,0.0,0.0,0.0,2.0,0.5,4.44,7.41,7.0,1.75,15.56,25.95,2.0,0.5,4.44,7.41,9.0,2.25,20.0,33.37,4.0,1.0,8.89,14.83,6.0,1.5,13.33,22.24,3.0,0.75,6.67,11.12,0.0,0.0,0.0,0.0,4.0,1.0,8.89,14.83,2.0,0.5,4.44,7.41,48.89,37.78,11.11,111.22,5.0,1.25,11.11,9.71,2.43,0.58,0.61,0.67,0.33,,0.18,0.67,0.18,0.78,0.45,6.67,0.0,0.09,4.44,0.0
4,福爾摩沙夢想家,77|89|106|13777,馬建豪/蔣淯安/高柏鎧/布依德,8,129,140.0,2065.08,34.42,34:25,258.13,4.3,04:18,62.0,7.75,44.29,64.85,78.0,9.75,55.71,81.59,51.0,6.38,36.43,53.34,22.0,2.75,15.71,23.01,28.0,3.5,20.0,29.29,13.0,1.62,9.29,13.6,23.0,2.88,16.43,24.06,9.0,1.12,6.43,9.41,13.0,1.62,9.29,13.6,12.0,1.5,8.57,12.55,5.0,0.62,3.57,5.23,24.0,3.0,17.14,25.1,5.0,0.62,3.57,5.23,30.0,3.75,21.43,31.38,12.0,1.5,8.57,12.55,15.0,1.88,10.71,15.69,12.0,1.5,8.57,12.55,3.0,0.38,2.14,3.14,13.0,1.62,9.29,13.6,14.0,1.75,10.0,14.64,44.29,55.71,-11.43,97.62,-16.0,-2.0,-11.43,34.42,4.3,0.52,0.55,0.46,0.39,0.92,0.17,0.68,0.14,0.83,0.45,8.57,2.14,0.09,10.0,0.25
4,福爾摩沙夢想家,77|99|106|13777,馬建豪/盧冠良/高柏鎧/布依德,5,74,83.0,1074.56,17.91,17:55,214.91,3.58,03:35,35.0,7.0,42.17,70.35,40.0,8.0,48.19,80.4,31.0,6.2,37.35,62.31,13.0,2.6,15.66,26.13,18.0,3.6,21.69,36.18,10.0,2.0,12.05,20.1,13.0,2.6,15.66,26.13,3.0,0.6,3.61,6.03,10.0,2.0,12.05,20.1,7.0,1.4,8.43,14.07,6.0,1.2,7.23,12.06,12.0,2.4,14.46,24.12,1.0,0.2,1.2,2.01,16.0,3.2,19.28,32.16,7.0,1.4,8.43,14.07,7.0,1.4,8.43,14.07,4.0,0.8,4.82,8.04,2.0,0.4,2.41,4.02,14.0,2.8,16.87,28.14,7.0,1.4,8.43,14.07,42.17,48.19,-6.02,111.23,-5.0,-1.0,-6.02,17.91,3.58,0.47,0.49,0.56,0.23,0.7,0.17,0.54,0.27,0.92,0.51,4.82,2.41,0.17,8.43,0.32
4,福爾摩沙夢想家,89|99|106|13777,蔣淯安/盧冠良/高柏鎧/布依德,3,30,34.0,461.04,7.68,07:41,153.68,2.56,02:34,13.0,4.33,38.24,60.91,14.0,4.67,41.18,65.59,13.0,4.33,38.24,60.91,5.0,1.67,14.71,23.43,6.0,2.0,17.65,28.11,3.0,1.0,8.82,14.06,7.0,2.33,20.59,32.8,2.0,0.67,5.88,9.37,0.0,0.0,0.0,0.0,0.0,0.0,0.0,0.0,1.0,0.33,2.94,4.69,7.0,2.33,20.59,32.8,2.0,0.67,5.88,9.37,7.0,2.33,20.59,32.8,3.0,1.0,8.82,14.06,3.0,1.0,8.82,14.06,2.0,0.67,5.88,9.37,0.0,0.0,0.0,0.0,3.0,1.0,8.82,14.06,1.0,0.33,2.94,4.69,38.24,41.18,-2.94,106.19,-1.0,-0.33,-2.94,7.68,2.56,0.46,0.5,0.5,0.29,,0.19,0.6,0.12,0.78,0.47,5.88,0.0,0.09,2.94,0.0
4,臺北台新戰神,11|10863|10865|10867,蘇奕晉/魏芃禾/謝銘駿/威力斯,1,3,3.0,43.06,0.72,00:43,43.06,0.72,00:43,2.0,2.0,66.67,100.32,0.0,0.0,0.0,0.0,1.0,1.0,33.33,50.16,1.0,1.0,33.33,50.16,1.0,1.0,33.33,50.16,1.0,1.0,33.33,50.16,0.0,0.0,0.0,0.0,0.0,0.0,0.0,0.0,2.0,2.0,66.67,100.32,0.0,0.0,0.0,0.0,0.0,0.0,0.0,0.0,0.0,0.0,0.0,0.0,0.0,0.0,0.0,0.0,0.0,0.0,0.0,0.0,0.0,0.0,0.0,0.0,0.0,0.0,0.0,0.0,0.0,0.0,0.0,0.0,0.0,0.0,0.0,0.0,1.0,1.0,33.33,50.16,2.0,2.0,66.67,100.32,66.67,0.0,66.67,100.32,2.0,2.0,66.67,0.72,0.72,1.0,0.53,1.0,,0.0,0.0,0.0,,,,0.0,0.0,0.33,66.67,2.0
4,臺北台新戰神,11|10863|10865|10869,蘇奕晉/魏芃禾/謝銘駿/基德,1,3,3.0,43.06,0.72,00:43,43.06,0.72,00:43,2.0,2.0,66.67,100.32,0.0,0.0,0.0,0.0,1.0,1.0,33.33,50.16,1.0,1.0,33.33,50.16,1.0,1.0,33.33,50.16,1.0,1.0,33.33,50.16,0.0,0.0,0.0,0.0,0.0,0.0,0.0,0.0,2.0,2.0,66.67,100.32,0.0,0.0,0.0,0.0,0.0,0.0,0.0,0.0,0.0,0.0,0.0,0.0,0.0,0.0,0.0,0.0,0.0,0.0,0.0,0.0,0.0,0.0,0.0,0.0,0.0,0.0,0.0,0.0,0.0,0.0,0.0,0.0,0.0,0.0,0.0,0.0,1.0,1.0,33.33,50.16,2.0,2.0,66.67,100.32,66.67,0.0,66.67,100.32,2.0,2.0,66.67,0.72,0.72,1.0,0.53,1.0,,0.0,0.0,0.0,,,,0.0,0.0,0.33,66.67,2.0
4,臺北台新戰神,11|10863|10867|10869,蘇奕晉/魏芃禾/威力斯/基德,1,3,3.0,43.06,0.72,00:43,43.06,0.72,00:43,2.0,2.0,66.67,100.32,0.0,0.0,0.0,0.0,1.0,1.0,33.33,50.16,1.0,1.0,33.33,50.16,1.0,1.0,33.33,50.16,1.0,1.0,33.33,50.16,0.0,0.0,0.0,0.0,0.0,0.0,0.0,0.0,2.0,2.0,66.67,100.32,0.0,0.0,0.0,0.0,0.0,0.0,0.0,0.0,0.0,0.0,0.0,0.0,0.0,0.0,0.0,0.0,0.0,0.0,0.0,0.0,0.0,0.0,0.0,0.0,0.0,0.0,0.0,0.0,0.0,0.0,0.0,0.0,0.0,0.0,0.0,0.0,1.0,1.0,33.33,50.16,2.0,2.0,66.67,100.32,66.67,0.0,66.67,100.32,2.0,2.0,66.67,0.72,0.72,1.0,0.53,1.0,,0.0,0.0,0.0,,,,0.0,0.0,0.33,66.67,2.0
4,福爾摩沙夢想家,73|83|99|106,陳振傑/吳家駿/盧冠良/高柏鎧,1,9,16.0,211.91,3.53,03:32,211.91,3.53,03:32,7.0,7.0,43.75,71.35,2.0,2.0,12.5,20.39,6.0,6.0,37.5,61.16,2.0,2.0,12.5,20.39,3.0,3.0,18.75,30.58,1.0,1.0,6.25,10.19,3.0,3.0,18.75,30.58,1.0,1.0,6.25,10.19,2.0,2.0,12.5,20.39,2.0,2.0,12.5,20.39,4.0,4.0,25.0,40.77,0.0,0.0,0.0,0.0,3.0,3.0,18.75,30.58,4.0,4.0,25.0,40.77,1.0,1.0,6.25,10.19,2.0,2.0,12.5,20.39,1.0,1.0,6.25,10.19,0.0,0.0,0.0,0.0,3.0,3.0,18.75,30.58,2.0,2.0,12.5,20.39,43.75,12.5,31.25,108.73,5.0,5.0,31.25,3.53,3.53,0.42,0.51,0.33,0.33,1.0,0.13,1.0,0.5,0.0,0.36,6.25,0.0,0.19,12.5,0.33
4,福爾摩沙夢想家,73|83|99|107,陳振傑/吳家駿/盧冠良/霍爾曼,1,9,16.0,211.91,3.53,03:32,211.91,3.53,03:32,7.0,7.0,43.75,71.35,2.0,2.0,12.5,20.39,6.0,6.0,37.5,61.16,2.0,2.0,12.5,20.39,3.0,3.0,18.75,30.58,1.0,1.0,6.25,10.19,3.0,3.0,18.75,30.58,1.0,1.0,6.25,10.19,2.0,2.0,12.5,20.39,2.0,2.0,12.5,20.39,4.0,4.0,25.0,40.77,0.0,0.0,0.0,0.0,3.0,3.0,18.75,30.58,4.0,4.0,25.0,40.77,1.0,1.0,6.25,10.19,2.0,2.0,12.5,20.39,1.0,1.0,6.25,10.19,0.0,0.0,0.0,0.0,3.0,3.0,18.75,30.58,2.0,2.0,12.5,20.39,43.75,12.5,31.25,108.73,5.0,5.0,31.25,3.53,3.53,0.42,0.51,0.33,0.33,1.0,0.13,1.0,0.5,0.0,0.36,6.25,0.0,0.19,12.5,0.33
4,福爾摩沙夢想家,73|83|106|107,陳振傑/吳家駿/高柏鎧/霍爾曼,1,9,16.0,211.91,3.53,03:32,211.91,3.53,03:32,7.0,7.0,43.75,71.35,2.0,2.0,12.5,20.39,6.0,6.0,37.5,61.16,2.0,2.0,12.5,20.39,3.0,3.0,18.75,30.58,1.0,1.0,6.25,10.19,3.0,3.0,18.75,30.58,1.0,1.0,6.25,10.19,2.0,2.0,12.5,20.39,2.0,2.0,12.5,20.39,4.0,4.0,25.0,40.77,0.0,0.0,0.0,0.0,3.0,3.0,18.75,30.58,4.0,4.0,25.0,40.77,1.0,1.0,6.25,10.19,2.0,2.0,12.5,20.39,1.0,1.0,6.25,10.19,0.0,0.0,0.0,0.0,3.0,3.0,18.75,30.58,2.0,2.0,12.5,20.39,43.75,12.5,31.25,108.73,5.0,5.0,31.25,3.53,3.53,0.42,0.51,0.33,0.33,1.0,0.13,1.0,0.5,0.0,0.36,6.25,0.0,0.19,12.5,0.33
4,福爾摩沙夢想家,73|99|106|107,陳振傑/盧冠良/高柏鎧/霍爾曼,1,9,16.0,211.91,3.53,03:32,211.91,3.53,03:32,7.0,7.0,43.75,71.35,2.0,2.0,12.5,20.39,6.0,6.0,37.5,61.16,2.0,2.0,12.5,20.39,3.0,3.0,18.75,30.58,1.0,1.0,6.25,10.19,3.0,3.0,18.75,30.58,1.0,1.0,6.25,10.19,2.0,2.0,12.5,20.39,2.0,2.0,12.5,20.39,4.0,4.0,25.0,40.77,0.0,0.0,0.0,0.0,3.0,3.0,18.75,30.58,4.0,4.0,25.0,40.77,1.0,1.0,6.25,10.19,2.0,2.0,12.5,20.39,1.0,1.0,6.25,10.19,0.0,0.0,0.0,0.0,3.0,3.0,18.75,30.58,2.0,2.0,12.5,20.39,43.75,12.5,31.25,108.73,5.0,5.0,31.25,3.53,3.53,0.42,0.51,0.33,0.33,1.0,0.13,1.0,0.5,0.0,0.36,6.25,0.0,0.19,12.5,0.33
4,臺北台新戰神,3|10863|10865|13400,陳文宏/魏芃禾/謝銘駿/史東,1,2,8.0,93.0,1.55,01:33,93.0,1.55,01:33,0.0,0.0,0.0,0.0,4.0,4.0,50.0,92.9,3.0,3.0,37.5,69.68,0.0,0.0,0.0,0.0,2.0,2.0,25.0,46.45,0.0,0.0,0.0,0.0,1.0,1.0,12.5,23.23,0.0,0.0,0.0,0.0,0.0,0.0,0.0,0.0,0.0,0.0,0.0,0.0,2.0,2.0,25.0,46.45,1.0,1.0,12.5,23.23,3.0,3.0,37.5,69.68,0.0,0.0,0.0,0.0,0.0,0.0,0.0,0.0,0.0,0.0,0.0,0.0,0.0,0.0,0.0,0.0,0.0,0.0,0.0,0.0,0.0,0.0,0.0,0.0,0.0,0.0,0.0,0.0,0.0,50.0,-50.0,123.87,-4.0,-4.0,-50.0,1.55,1.55,0.0,0.0,0.0,0.0,,0.0,,1.0,0.25,0.5,0.0,0.0,0.0,0.0,0.0
4,臺北台新戰神,3|10863|10869|13400,陳文宏/魏芃禾/基德/史東,3,16,24.0,373.21,6.22,06:13,124.4,2.07,02:04,8.0,2.67,33.33,46.3,12.0,4.0,50.0,69.45,11.0,3.67,45.83,63.66,3.0,1.0,12.5,17.36,4.0,1.33,16.67,23.15,1.0,0.33,4.17,5.79,7.0,2.33,29.17,40.51,2.0,0.67,8.33,11.58,0.0,0.0,0.0,0.0,0.0,0.0,0.0,0.0,2.0,0.67,8.33,11.58,6.0,2.0,25.0,34.73,5.0,1.67,20.83,28.94,2.0,0.67,8.33,11.58,0.0,0.0,0.0,0.0,2.0,0.67,8.33,11.58,0.0,0.0,0.0,0.0,1.0,0.33,4.17,5.79,0.0,0.0,0.0,0.0,4.0,1.33,16.67,23.15,33.33,50.0,-16.67,92.6,-4.0,-1.33,-16.67,6.22,2.07,0.36,0.36,0.25,0.29,,0.0,0.67,0.5,0.55,0.53,0.0,4.17,0.0,16.67,0.0
4,臺北台新戰神,3|10865|10869|13400,陳文宏/謝銘駿/基德/史東,2,4,10.0,125.2,2.09,02:05,62.6,1.04,01:03,2.0,1.0,20.0,34.5,6.0,3.0,60.0,103.51,3.0,1.5,30.0,51.76,0.0,0.0,0.0,0.0,2.0,1.0,20.0,34.5,0.0,0.0,0.0,0.0,1.0,0.5,10.0,17.25,0.0,0.0,0.0,0.0,2.0,1.0,20.0,34.5,2.0,1.0,20.0,34.5,2.0,1.0,20.0,34.5,1.0,0.5,10.0,17.25,3.0,1.5,30.0,51.76,0.0,0.0,0.0,0.0,0.0,0.0,0.0,0.0,0.0,0.0,0.0,0.0,0.0,0.0,0.0,0.0,0.0,0.0,0.0,0.0,1.0,0.5,10.0,17.25,0.0,0.0,0.0,0.0,20.0,60.0,-40.0,115.02,-4.0,-2.0,-40.0,2.09,1.04,0.0,0.26,0.0,0.0,1.0,0.0,,1.0,0.25,0.5,0.0,0.0,0.1,0.0,0.67
4,臺北台新戰神,10863|10865|10869|13400,魏芃禾/謝銘駿/基德/史東,4,17,26.0,316.15,5.27,05:16,79.04,1.32,01:19,3.0,0.75,11.54,20.5,14.0,3.5,53.85,95.65,11.0,2.75,42.31,75.15,1.0,0.25,3.85,6.83,4.0,1.0,15.38,27.33,0.0,0.0,0.0,0.0,7.0,1.75,26.92,47.83,1.0,0.25,3.85,6.83,0.0,0.0,0.0,0.0,0.0,0.0,0.0,0.0,2.0,0.5,7.69,13.66,7.0,1.75,26.92,47.83,4.0,1.0,15.38,27.33,2.0,0.5,7.69,13.66,1.0,0.25,3.85,6.83,1.0,0.25,3.85,6.83,1.0,0.25,3.85,6.83,1.0,0.25,3.85,6.83,0.0,0.0,0.0,0.0,2.0,0.5,7.69,13.66,11.54,53.85,-42.31,118.42,-11.0,-2.75,-42.31,5.27,1.32,0.14,0.14,0.0,0.14,,0.08,1.0,0.5,0.64,0.6,3.85,3.85,0.0,7.69,0.0
4,臺北台新戰神,3|14|10863|10869,陳文宏/錢肯尼/魏芃禾/基德,2,16,18.0,299.21,4.99,04:59,149.61,2.49,02:30,6.0,3.0,33.33,43.31,6.0,3.0,33.33,43.31,8.0,4.0,44.44,57.75,2.0,1.0,11.11,14.44,3.0,1.5,16.67,21.66,1.0,0.5,5.56,7.22,5.0,2.5,27.78,36.09,1.0,0.5,5.56,7.22,0.0,0.0,0.0,0.0,0.0,0.0,0.0,0.0,1.0,0.5,5.56,7.22,5.0,2.5,27.78,36.09,0.0,0.0,0.0,0.0,1.0,0.5,5.56,7.22,1.0,0.5,5.56,7.22,1.0,0.5,5.56,7.22,1.0,0.5,5.56,7.22,1.0,0.5,5.56,7.22,1.0,0.5,5.56,7.22,2.0,1.0,11.11,14.44,33.33,33.33,0.0,86.63,0.0,0.0,0.0,4.99,2.49,0.31,0.38,0.33,0.2,,0.11,0.5,0.5,1.0,0.86,5.56,5.56,0.06,11.11,0.0
4,臺北台新戰神,3|14|10863|13400,陳文宏/錢肯尼/魏芃禾/史東,2,8,8.0,136.21,2.27,02:16,68.11,1.14,01:08,5.0,2.5,62.5,79.29,3.0,1.5,37.5,47.57,5.0,2.5,62.5,79.29,2.0,1.0,25.0,31.71,2.0,1.0,25.0,31.71,1.0,0.5,12.5,15.86,3.0,1.5,37.5,47.57,1.0,0.5,12.5,15.86,0.0,0.0,0.0,0.0,0.0,0.0,0.0,0.0,0.0,0.0,0.0,0.0,3.0,1.5,37.5,47.57,0.0,0.0,0.0,0.0,1.0,0.5,12.5,15.86,0.0,0.0,0.0,0.0,1.0,0.5,12.5,15.86,0.0,0.0,0.0,0.0,1.0,0.5,12.5,15.86,0.0,0.0,0.0,0.0,2.0,1.0,25.0,31.71,62.5,37.5,25.0,84.57,2.0,1.0,25.0,2.27,1.14,0.5,0.5,0.5,0.33,,0.0,0.5,0.0,1.0,0.75,0.0,12.5,0.0,25.0,0.0
4,臺北台新戰神,3|14|10869|13400,陳文宏/錢肯尼/基德/史東,4,21,23.0,345.41,5.76,05:45,86.35,1.44,01:26,12.0,3.0,52.17,75.04,12.0,3.0,52.17,75.04,9.0,2.25,39.13,56.28,4.0,1.0,17.39,25.01,4.0,1.0,17.39,25.01,2.0,0.5,8.7,12.51,5.0,1.25,21.74,31.27,2.0,0.5,8.7,12.51,2.0,0.5,8.7,12.51,2.0,0.5,8.7,12.51,0.0,0.0,0.0,0.0,5.0,1.25,21.74,31.27,2.0,0.5,8.7,12.51,4.0,1.0,17.39,25.01,1.0,0.25,4.35,6.25,2.0,0.5,8.7,12.51,0.0,0.0,0.0,0.0,1.0,0.25,4.35,6.25,2.0,0.5,8.7,12.51,2.0,0.5,8.7,12.51,52.17,52.17,0.0,95.88,0.0,0.0,0.0,5.76,1.44,0.56,0.61,0.5,0.4,1.0,0.09,0.5,0.0,0.71,0.45,0.0,4.35,0.09,8.7,0.22
4,臺北台新戰神,14|10863|10869|13400,錢肯尼/魏芃禾/基德/史東,3,11,11.0,184.52,3.08,03:05,61.51,1.03,01:02,5.0,1.67,45.45,58.53,5.0,1.67,45.45,58.53,6.0,2.0,54.55,70.24,2.0,0.67,18.18,23.41,2.0,0.67,18.18,23.41,1.0,0.33,9.09,11.71,4.0,1.33,36.36,46.82,1.0,0.33,9.09,11.71,0.0,0.0,0.0,0.0,0.0,0.0,0.0,0.0,0.0,0.0,0.0,0.0,4.0,1.33,36.36,46.82,0.0,0.0,0.0,0.0,1.0,0.33,9.09,11.71,1.0,0.33,9.09,11.71,1.0,0.33,9.09,11.71,0.0,0.0,0.0,0.0,1.0,0.33,9.09,11.71,0.0,0.0,0.0,0.0,2.0,0.67,18.18,23.41,45.45,45.45,0.0,85.84,0.0,0.0,0.0,3.08,1.03,0.42,0.42,0.5,0.25,,0.14,0.5,0.0,1.0,0.8,0.0,9.09,0.0,18.18,0.0
4,福爾摩沙夢想家,77|79|83|106,馬建豪/張宗憲/吳家駿/高柏鎧,1,1,1.0,0.17,0.0,00:00,0.17,0.0,00:00,1.0,1.0,100.0,13012.05,0.0,0.0,0.0,0.0,0.0,0.0,0.0,0.0,0.0,0.0,0.0,0.0,0.0,0.0,0.0,0.0,0.0,0.0,0.0,0.0,0.0,0.0,0.0,0.0,0.0,0.0,0.0,0.0,2.0,2.0,200.0,26024.1,1.0,1.0,100.0,13012.05,0.0,0.0,0.0,0.0,0.0,0.0,0.0,0.0,0.0,0.0,0.0,0.0,0.0,0.0,0.0,0.0,0.0,0.0,0.0,0.0,0.0,0.0,0.0,0.0,0.0,0.0,0.0,0.0,0.0,0.0,0.0,0.0,0.0,0.0,0.0,0.0,0.0,0.0,0.0,0.0,100.0,0.0,100.0,8674.7,1.0,1.0,100.0,0.0,0.0,,0.57,,,0.5,0.0,,,,,0.0,0.0,0.0,0.0,
4,福爾摩沙夢想家,77|79|83|107,馬建豪/張宗憲/吳家駿/霍爾曼,1,1,1.0,0.17,0.0,00:00,0.17,0.0,00:00,1.0,1.0,100.0,13012.05,0.0,0.0,0.0,0.0,0.0,0.0,0.0,0.0,0.0,0.0,0.0,0.0,0.0,0.0,0.0,0.0,0.0,0.0,0.0,0.0,0.0,0.0,0.0,0.0,0.0,0.0,0.0,0.0,2.0,2.0,200.0,26024.1,1.0,1.0,100.0,13012.05,0.0,0.0,0.0,0.0,0.0,0.0,0.0,0.0,0.0,0.0,0.0,0.0,0.0,0.0,0.0,0.0,0.0,0.0,0.0,0.0,0.0,0.0,0.0,0.0,0.0,0.0,0.0,0.0,0.0,0.0,0.0,0.0,0.0,0.0,0.0,0.0,0.0,0.0,0.0,0.0,100.0,0.0,100.0,8674.7,1.0,1.0,100.0,0.0,0.0,,0.57,,,0.5,0.0,,,,,0.0,0.0,0.0,0.0,
4,臺北台新戰神,1|3|14|13400,丁聖儒/陳文宏/錢肯尼/史東,3,19,23.0,293.51,4.89,04:54,97.84,1.63,01:38,9.0,3.0,39.13,66.23,15.0,5.0,65.22,110.39,6.0,2.0,26.09,44.15,3.0,1.0,13.04,22.08,3.0,1.0,13.04,22.08,2.0,0.67,8.7,14.72,3.0,1.0,13.04,22.08,1.0,0.33,4.35,7.36,2.0,0.67,8.7,14.72,2.0,0.67,8.7,14.72,0.0,0.0,0.0,0.0,3.0,1.0,13.04,22.08,3.0,1.0,13.04,22.08,5.0,1.67,21.74,36.8,2.0,0.67,8.7,14.72,3.0,1.0,13.04,22.08,1.0,0.33,4.35,7.36,0.0,0.0,0.0,0.0,2.0,0.67,8.7,14.72,4.0,1.33,17.39,29.44,39.13,65.22,-26.09,112.84,-6.0,-2.0,-26.09,4.89,1.63,0.58,0.65,0.67,0.33,1.0,0.23,1.0,0.0,0.5,0.27,4.35,0.0,0.09,17.39,0.33
4,臺北台新戰神,1|3|10867|13400,丁聖儒/陳文宏/威力斯/史東,1,11,13.0,160.79,2.68,02:41,160.79,2.68,02:41,4.0,4.0,30.77,53.74,10.0,10.0,76.92,134.34,2.0,2.0,15.38,26.87,1.0,1.0,7.69,13.43,1.0,1.0,7.69,13.43,1.0,1.0,7.69,13.43,1.0,1.0,7.69,13.43,0.0,0.0,0.0,0.0,4.0,4.0,30.77,53.74,3.0,3.0,23.08,40.3,0.0,0.0,0.0,0.0,2.0,2.0,15.38,26.87,1.0,1.0,7.69,13.43,2.0,2.0,15.38,26.87,2.0,2.0,15.38,26.87,2.0,2.0,15.38,26.87,2.0,2.0,15.38,26.87,0.0,0.0,0.0,0.0,1.0,1.0,7.69,13.43,4.0,4.0,30.77,53.74,30.77,76.92,-46.15,116.43,-6.0,-6.0,-46.15,2.68,2.68,0.5,0.53,1.0,0.0,0.75,0.35,2.0,0.0,0.67,0.4,15.38,0.0,0.08,30.77,2.0
4,臺北台新戰神,3|14|10867|13400,陳文宏/錢肯尼/威力斯/史東,1,8,10.0,116.51,1.94,01:57,116.51,1.94,01:57,4.0,4.0,40.0,74.15,8.0,8.0,80.0,148.31,2.0,2.0,20.0,37.08,1.0,1.0,10.0,18.54,1.0,1.0,10.0,18.54,1.0,1.0,10.0,18.54,1.0,1.0,10.0,18.54,0.0,0.0,0.0,0.0,2.0,2.0,20.0,37.08,2.0,2.0,20.0,37.08,0.0,0.0,0.0,0.0,1.0,1.0,10.0,18.54,1.0,1.0,10.0,18.54,2.0,2.0,20.0,37.08,1.0,1.0,10.0,18.54,2.0,2.0,20.0,37.08,1.0,1.0,10.0,18.54,0.0,0.0,0.0,0.0,1.0,1.0,10.0,18.54,4.0,4.0,40.0,74.15,40.0,80.0,-40.0,123.59,-4.0,-4.0,-40.0,1.94,1.94,0.5,0.69,1.0,0.0,1.0,0.26,2.0,0.0,0.5,0.25,10.0,0.0,0.1,40.0,1.0
4,福爾摩沙夢想家,77|79|106|13777,馬建豪/張宗憲/高柏鎧/布依德,3,38,47.0,672.83,11.21,11:13,224.28,3.74,03:44,17.0,5.67,36.17,54.58,24.0,8.0,51.06,77.05,19.0,6.33,40.43,61.0,7.0,2.33,14.89,22.47,12.0,4.0,25.53,38.52,4.0,1.33,8.51,12.84,7.0,2.33,14.89,22.47,3.0,1.0,6.38,9.63,4.0,1.33,8.51,12.84,3.0,1.0,6.38,9.63,5.0,1.67,10.64,16.05,7.0,2.33,14.89,22.47,3.0,1.0,6.38,9.63,9.0,3.0,19.15,28.89,4.0,1.33,8.51,12.84,5.0,1.67,10.64,16.05,4.0,1.33,8.51,12.84,2.0,0.67,4.26,6.42,4.0,1.33,8.51,12.84,4.0,1.33,8.51,12.84,36.17,51.06,-14.89,100.59,-7.0,-2.33,-14.89,11.21,3.74,0.45,0.41,0.33,0.43,0.75,0.16,0.71,0.36,0.7,0.5,8.51,4.26,0.09,8.51,0.21
4,福爾摩沙夢想家,79|89|106|13777,張宗憲/蔣淯安/高柏鎧/布依德,6,93,108.0,1447.18,24.12,24:07,241.2,4.02,04:01,52.0,8.67,48.15,77.61,51.0,8.5,47.22,76.12,41.0,6.83,37.96,61.19,19.0,3.17,17.59,28.36,24.0,4.0,22.22,35.82,12.0,2.0,11.11,17.91,17.0,2.83,15.74,25.37,7.0,1.17,6.48,10.45,13.0,2.17,12.04,19.4,9.0,1.5,8.33,13.43,9.0,1.5,8.33,13.43,15.0,2.5,13.89,22.39,6.0,1.0,5.56,8.96,21.0,3.5,19.44,31.34,9.0,1.5,8.33,13.43,8.0,1.33,7.41,11.94,8.0,1.33,7.41,11.94,1.0,0.17,0.93,1.49,10.0,1.67,9.26,14.93,3.0,0.5,2.78,4.48,48.15,47.22,0.93,107.46,1.0,0.17,0.93,24.12,4.02,0.55,0.56,0.5,0.41,0.69,0.16,0.42,0.3,0.71,0.47,7.41,0.93,0.09,2.78,0.32
4,福爾摩沙夢想家,89|99|103|13777,蔣淯安/盧冠良/忻沃克/布依德,1,8,10.0,122.41,2.04,02:02,122.41,2.04,02:02,0.0,0.0,0.0,0.0,4.0,4.0,40.0,70.58,3.0,3.0,30.0,52.94,0.0,0.0,0.0,0.0,3.0,3.0,30.0,52.94,0.0,0.0,0.0,0.0,0.0,0.0,0.0,0.0,0.0,0.0,0.0,0.0,0.0,0.0,0.0,0.0,0.0,0.0,0.0,0.0,0.0,0.0,0.0,0.0,3.0,3.0,30.0,52.94,1.0,1.0,10.0,17.65,0.0,0.0,0.0,0.0,1.0,1.0,10.0,17.65,0.0,0.0,0.0,0.0,0.0,0.0,0.0,0.0,0.0,0.0,0.0,0.0,1.0,1.0,10.0,17.65,1.0,1.0,10.0,17.65,0.0,40.0,-40.0,117.64,-4.0,-4.0,-40.0,2.04,2.04,0.0,0.0,0.0,,,0.25,,,0.75,0.75,0.0,0.0,0.1,10.0,0.0
4,福爾摩沙夢想家,89|103|106|13777,蔣淯安/忻沃克/高柏鎧/布依德,7,136,152.0,2110.4,35.17,35:10,301.49,5.02,05:01,59.0,8.43,38.82,60.39,72.0,10.29,47.37,73.69,55.0,7.86,36.18,56.29,22.0,3.14,14.47,22.52,31.0,4.43,20.39,31.73,14.0,2.0,9.21,14.33,24.0,3.43,15.79,24.56,8.0,1.14,5.26,8.19,11.0,1.57,7.24,11.26,7.0,1.0,4.61,7.16,7.0,1.0,4.61,7.16,28.0,4.0,18.42,28.66,7.0,1.0,4.61,7.16,31.0,4.43,20.39,31.73,15.0,2.14,9.87,15.35,13.0,1.86,8.55,13.31,12.0,1.71,7.89,12.28,2.0,0.29,1.32,2.05,13.0,1.86,8.55,13.31,14.0,2.0,9.21,14.33,38.82,47.37,-8.55,103.72,-13.0,-1.86,-8.55,35.17,5.02,0.47,0.49,0.45,0.33,0.64,0.2,0.59,0.18,0.8,0.48,7.89,1.32,0.09,9.21,0.2
4,福爾摩沙夢想家,99|103|106|13777,盧冠良/忻沃克/高柏鎧/布依德,2,20,26.0,274.43,4.57,04:34,137.21,2.29,02:17,6.0,3.0,23.08,47.23,13.0,6.5,50.0,102.32,6.0,3.0,23.08,47.23,2.0,1.0,7.69,15.74,4.0,2.0,15.38,31.48,1.0,0.5,3.85,7.87,2.0,1.0,7.69,15.74,1.0,0.5,3.85,7.87,4.0,2.0,15.38,31.48,1.0,0.5,3.85,7.87,1.0,0.5,3.85,7.87,4.0,2.0,15.38,31.48,1.0,0.5,3.85,7.87,1.0,0.5,3.85,7.87,3.0,1.5,11.54,23.61,2.0,1.0,7.69,15.74,0.0,0.0,0.0,0.0,0.0,0.0,0.0,0.0,3.0,1.5,11.54,23.61,4.0,2.0,15.38,31.48,23.08,50.0,-26.92,136.43,-7.0,-3.5,-26.92,4.57,2.29,0.42,0.39,0.25,0.5,0.25,0.28,1.0,0.5,0.8,0.71,0.0,0.0,0.12,15.38,0.67
4,福爾摩沙夢想家,83|99|103|13777,吳家駿/盧冠良/忻沃克/布依德,1,6,8.0,66.07,1.1,01:06,66.07,1.1,01:06,0.0,0.0,0.0,0.0,4.0,4.0,50.0,130.78,1.0,1.0,12.5,32.69,0.0,0.0,0.0,0.0,0.0,0.0,0.0,0.0,0.0,0.0,0.0,0.0,1.0,1.0,12.5,32.69,0.0,0.0,0.0,0.0,2.0,2.0,25.0,65.39,0.0,0.0,0.0,0.0,1.0,1.0,12.5,32.69,1.0,1.0,12.5,32.69,0.0,0.0,0.0,0.0,1.0,1.0,12.5,32.69,2.0,2.0,25.0,65.39,0.0,0.0,0.0,0.0,0.0,0.0,0.0,0.0,0.0,0.0,0.0,0.0,2.0,2.0,25.0,65.39,2.0,2.0,25.0,65.39,0.0,50.0,-50.0,174.37,-4.0,-4.0,-50.0,1.1,1.1,0.0,0.0,,0.0,0.0,0.52,,0.5,1.0,0.67,0.0,0.0,0.25,25.0,2.0
4,福爾摩沙夢想家,83|99|106|13777,吳家駿/盧冠良/高柏鎧/布依德,3,29,33.0,399.26,6.65,06:39,133.09,2.22,02:13,4.0,1.33,12.12,21.64,24.0,8.0,72.73,129.84,11.0,3.67,33.33,59.51,2.0,0.67,6.06,10.82,6.0,2.0,18.18,32.46,2.0,0.67,6.06,10.82,5.0,1.67,15.15,27.05,0.0,0.0,0.0,0.0,5.0,1.67,15.15,27.05,2.0,0.67,6.06,10.82,3.0,1.0,9.09,16.23,7.0,2.33,21.21,37.87,0.0,0.0,0.0,0.0,3.0,1.0,9.09,16.23,4.0,1.33,12.12,21.64,1.0,0.33,3.03,5.41,1.0,0.33,3.03,5.41,0.0,0.0,0.0,0.0,7.0,2.33,21.21,37.87,5.0,1.67,15.15,27.05,12.12,72.73,-60.61,119.02,-20.0,-6.67,-60.61,6.65,2.22,0.18,0.15,0.33,0.0,0.4,0.23,0.5,0.5,1.0,0.77,3.03,0.0,0.21,15.15,0.45
4,福爾摩沙夢想家,83|103|106|13777,吳家駿/忻沃克/高柏鎧/布依德,2,13,15.0,181.74,3.03,03:02,90.87,1.51,01:31,5.0,2.5,33.33,59.43,13.0,6.5,86.67,154.51,4.0,2.0,26.67,47.54,2.0,1.0,13.33,23.77,2.0,1.0,13.33,23.77,1.0,0.5,6.67,11.89,2.0,1.0,13.33,23.77,1.0,0.5,6.67,11.89,4.0,2.0,26.67,47.54,0.0,0.0,0.0,0.0,1.0,0.5,6.67,11.89,3.0,1.5,20.0,35.66,0.0,0.0,0.0,0.0,1.0,0.5,6.67,11.89,2.0,1.0,13.33,23.77,2.0,1.0,13.33,23.77,0.0,0.0,0.0,0.0,0.0,0.0,0.0,0.0,3.0,1.5,20.0,35.66,2.0,1.0,13.33,23.77,33.33,86.67,-53.33,118.85,-8.0,-4.0,-53.33,3.03,1.51,0.62,0.43,0.5,0.5,0.0,0.26,1.0,0.5,1.0,0.8,0.0,0.0,0.2,13.33,1.0
4,臺北台新戰神,1|14|10865|13400,丁聖儒/錢肯尼/謝銘駿/史東,5,58,67.0,803.52,13.39,13:24,160.7,2.68,02:41,31.0,6.2,46.27,83.33,15.0,3.0,22.39,40.32,26.0,5.2,38.81,69.89,11.0,2.2,16.42,29.57,13.0,2.6,19.4,34.95,7.0,1.4,10.45,18.82,13.0,2.6,19.4,34.95,4.0,0.8,5.97,10.75,7.0,1.4,10.45,18.82,5.0,1.0,7.46,13.44,5.0,1.0,7.46,13.44,11.0,2.2,16.42,29.57,3.0,0.6,4.48,8.06,6.0,1.2,8.96,16.13,5.0,1.0,7.46,13.44,4.0,0.8,5.97,10.75,1.0,0.2,1.49,2.69,2.0,0.4,2.99,5.38,1.0,0.2,1.49,2.69,4.0,0.8,5.97,10.75,46.27,22.39,23.88,120.07,16.0,3.2,23.88,13.39,2.68,0.5,0.53,0.54,0.31,0.71,0.15,0.36,0.45,0.79,0.64,1.49,2.99,0.01,5.97,0.27
4,臺北台新戰神,1|10865|10867|13400,丁聖儒/謝銘駿/威力斯/史東,1,8,11.0,83.07,1.38,01:23,83.07,1.38,01:23,4.0,4.0,36.36,104.01,0.0,0.0,0.0,0.0,2.0,2.0,18.18,52.01,1.0,1.0,9.09,26.0,1.0,1.0,9.09,26.0,1.0,1.0,9.09,26.0,1.0,1.0,9.09,26.0,0.0,0.0,0.0,0.0,2.0,2.0,18.18,52.01,2.0,2.0,18.18,52.01,0.0,0.0,0.0,0.0,1.0,1.0,9.09,26.0,1.0,1.0,9.09,26.0,1.0,1.0,9.09,26.0,1.0,1.0,9.09,26.0,1.0,1.0,9.09,26.0,1.0,1.0,9.09,26.0,0.0,0.0,0.0,0.0,0.0,0.0,0.0,0.0,2.0,2.0,18.18,52.01,36.36,0.0,36.36,190.69,4.0,4.0,36.36,1.38,1.38,0.5,0.69,1.0,0.0,1.0,0.26,1.0,0.0,0.5,0.33,9.09,0.0,0.0,18.18,1.0
4,臺北台新戰神,14|10865|10867|13400,錢肯尼/謝銘駿/威力斯/史東,2,12,16.0,116.07,1.93,01:56,58.03,0.97,00:58,4.0,2.0,25.0,74.44,2.0,1.0,12.5,37.22,3.0,1.5,18.75,55.83,1.0,0.5,6.25,18.61,2.0,1.0,12.5,37.22,1.0,0.5,6.25,18.61,1.0,0.5,6.25,18.61,0.0,0.0,0.0,0.0,2.0,1.0,12.5,37.22,2.0,1.0,12.5,37.22,0.0,0.0,0.0,0.0,1.0,0.5,6.25,18.61,2.0,1.0,12.5,37.22,2.0,1.0,12.5,37.22,2.0,1.0,12.5,37.22,1.0,0.5,6.25,18.61,2.0,1.0,12.5,37.22,0.0,0.0,0.0,0.0,1.0,0.5,6.25,18.61,2.0,1.0,12.5,37.22,25.0,12.5,12.5,198.51,2.0,1.0,12.5,1.93,0.97,0.33,0.52,0.5,0.0,1.0,0.34,1.0,0.0,0.33,0.2,12.5,0.0,0.06,12.5,0.67
4,福爾摩沙夢想家,73|77|89|106,陳振傑/馬建豪/蔣淯安/高柏鎧,2,24,28.0,259.98,4.33,04:20,129.99,2.17,02:10,5.0,2.5,17.86,41.54,8.0,4.0,28.57,66.47,5.0,2.5,17.86,41.54,0.0,0.0,0.0,0.0,0.0,0.0,0.0,0.0,0.0,0.0,0.0,0.0,5.0,2.5,17.86,41.54,0.0,0.0,0.0,0.0,6.0,3.0,21.43,49.85,5.0,2.5,17.86,41.54,1.0,0.5,3.57,8.31,4.0,2.0,14.29,33.23,4.0,2.0,14.29,33.23,4.0,2.0,14.29,33.23,5.0,2.5,17.86,41.54,0.0,0.0,0.0,0.0,4.0,2.0,14.29,33.23,0.0,0.0,0.0,0.0,2.0,1.0,7.14,16.62,4.0,2.0,14.29,33.23,17.86,28.57,-10.71,155.09,-3.0,-1.5,-10.71,4.33,2.17,0.0,0.33,,0.0,0.83,0.4,,0.2,0.5,0.38,14.29,0.0,0.07,14.29,1.2
4,福爾摩沙夢想家,73|77|106|107,陳振傑/馬建豪/高柏鎧/霍爾曼,2,19,22.0,209.81,3.5,03:30,104.91,1.75,01:45,5.0,2.5,22.73,51.47,4.0,2.0,18.18,41.18,4.0,2.0,18.18,41.18,0.0,0.0,0.0,0.0,0.0,0.0,0.0,0.0,0.0,0.0,0.0,0.0,4.0,2.0,18.18,41.18,0.0,0.0,0.0,0.0,6.0,3.0,27.27,61.77,5.0,2.5,22.73,51.47,1.0,0.5,4.55,10.29,3.0,1.5,13.64,30.88,3.0,1.5,13.64,30.88,3.0,1.5,13.64,30.88,4.0,2.0,18.18,41.18,0.0,0.0,0.0,0.0,3.0,1.5,13.64,30.88,0.0,0.0,0.0,0.0,2.0,1.0,9.09,20.59,0.0,0.0,0.0,0.0,22.73,18.18,4.55,150.99,1.0,0.5,4.55,3.5,1.75,0.0,0.38,,0.0,0.83,0.38,,0.25,0.5,0.4,13.64,0.0,0.09,0.0,1.5
4,福爾摩沙夢想家,73|89|106|107,陳振傑/蔣淯安/高柏鎧/霍爾曼,2,25,28.0,298.16,4.97,04:58,149.08,2.48,02:29,10.0,5.0,35.71,72.44,11.0,5.5,39.29,79.69,7.0,3.5,25.0,50.71,2.0,1.0,7.14,14.49,1.0,0.5,3.57,7.24,1.0,0.5,3.57,7.24,6.0,3.0,21.43,43.47,1.0,0.5,3.57,7.24,6.0,3.0,21.43,43.47,5.0,2.5,17.86,36.22,1.0,0.5,3.57,7.24,4.0,2.0,14.29,28.98,3.0,1.5,10.71,21.73,3.0,1.5,10.71,21.73,4.0,2.0,14.29,28.98,1.0,0.5,3.57,7.24,3.0,1.5,10.71,21.73,0.0,0.0,0.0,0.0,2.0,1.0,7.14,14.49,4.0,2.0,14.29,28.98,35.71,39.29,-3.57,135.23,-1.0,-0.5,-3.57,4.97,2.48,0.36,0.52,1.0,0.17,0.83,0.29,0.5,0.25,0.57,0.45,10.71,0.0,0.07,14.29,0.86
4,福爾摩沙夢想家,73|79|89|107,陳振傑/張宗憲/蔣淯安/霍爾曼,2,6,7.0,113.6,1.89,01:54,56.8,0.95,00:57,1.0,0.5,14.29,19.01,5.0,2.5,71.43,95.07,2.0,1.0,28.57,38.03,0.0,0.0,0.0,0.0,2.0,1.0,28.57,38.03,0.0,0.0,0.0,0.0,0.0,0.0,0.0,0.0,0.0,0.0,0.0,0.0,2.0,1.0,28.57,38.03,1.0,0.5,14.29,19.01,1.0,0.5,14.29,19.01,1.0,0.5,14.29,19.01,0.0,0.0,0.0,0.0,2.0,1.0,28.57,38.03,0.0,0.0,0.0,0.0,0.0,0.0,0.0,0.0,0.0,0.0,0.0,0.0,0.0,0.0,0.0,0.0,2.0,1.0,28.57,38.03,2.0,1.0,28.57,38.03,14.29,71.43,-57.14,88.74,-4.0,-2.0,-57.14,1.89,0.95,0.0,0.17,0.0,,0.5,0.0,,0.33,1.0,0.5,0.0,0.0,0.29,28.57,1.0
4,福爾摩沙夢想家,73|79|89|13777,陳振傑/張宗憲/蔣淯安/布依德,1,3,4.0,40.6,0.68,00:41,40.6,0.68,00:41,1.0,1.0,25.0,53.21,0.0,0.0,0.0,0.0,1.0,1.0,25.0,53.21,0.0,0.0,0.0,0.0,1.0,1.0,25.0,53.21,0.0,0.0,0.0,0.0,0.0,0.0,0.0,0.0,0.0,0.0,0.0,0.0,2.0,2.0,50.0,106.42,1.0,1.0,25.0,53.21,1.0,1.0,25.0,53.21,0.0,0.0,0.0,0.0,0.0,0.0,0.0,0.0,2.0,2.0,50.0,106.42,0.0,0.0,0.0,0.0,0.0,0.0,0.0,0.0,0.0,0.0,0.0,0.0,0.0,0.0,0.0,0.0,1.0,1.0,25.0,53.21,0.0,0.0,0.0,0.0,25.0,0.0,25.0,141.89,1.0,1.0,25.0,0.68,0.68,0.0,0.27,0.0,,0.5,0.0,,0.33,,0.33,0.0,0.0,0.25,0.0,2.0
4,福爾摩沙夢想家,73|79|107|13777,陳振傑/張宗憲/霍爾曼/布依德,1,3,4.0,40.6,0.68,00:41,40.6,0.68,00:41,1.0,1.0,25.0,53.21,0.0,0.0,0.0,0.0,1.0,1.0,25.0,53.21,0.0,0.0,0.0,0.0,1.0,1.0,25.0,53.21,0.0,0.0,0.0,0.0,0.0,0.0,0.0,0.0,0.0,0.0,0.0,0.0,2.0,2.0,50.0,106.42,1.0,1.0,25.0,53.21,1.0,1.0,25.0,53.21,0.0,0.0,0.0,0.0,0.0,0.0,0.0,0.0,2.0,2.0,50.0,106.42,0.0,0.0,0.0,0.0,0.0,0.0,0.0,0.0,0.0,0.0,0.0,0.0,0.0,0.0,0.0,0.0,1.0,1.0,25.0,53.21,0.0,0.0,0.0,0.0,25.0,0.0,25.0,141.89,1.0,1.0,25.0,0.68,0.68,0.0,0.27,0.0,,0.5,0.0,,0.33,,0.33,0.0,0.0,0.25,0.0,2.0
4,福爾摩沙夢想家,73|89|107|13777,陳振傑/蔣淯安/霍爾曼/布依德,1,3,4.0,40.6,0.68,00:41,40.6,0.68,00:41,1.0,1.0,25.0,53.21,0.0,0.0,0.0,0.0,1.0,1.0,25.0,53.21,0.0,0.0,0.0,0.0,1.0,1.0,25.0,53.21,0.0,0.0,0.0,0.0,0.0,0.0,0.0,0.0,0.0,0.0,0.0,0.0,2.0,2.0,50.0,106.42,1.0,1.0,25.0,53.21,1.0,1.0,25.0,53.21,0.0,0.0,0.0,0.0,0.0,0.0,0.0,0.0,2.0,2.0,50.0,106.42,0.0,0.0,0.0,0.0,0.0,0.0,0.0,0.0,0.0,0.0,0.0,0.0,0.0,0.0,0.0,0.0,1.0,1.0,25.0,53.21,0.0,0.0,0.0,0.0,25.0,0.0,25.0,141.89,1.0,1.0,25.0,0.68,0.68,0.0,0.27,0.0,,0.5,0.0,,0.33,,0.33,0.0,0.0,0.25,0.0,2.0
4,臺北台新戰神,3|10|10863|10867,陳文宏/雷蒙恩/魏芃禾/威力斯,1,8,8.0,109.25,1.82,01:49,109.25,1.82,01:49,5.0,5.0,62.5,98.86,8.0,8.0,100.0,158.17,4.0,4.0,50.0,79.09,2.0,2.0,25.0,39.54,1.0,1.0,12.5,19.77,1.0,1.0,12.5,19.77,3.0,3.0,37.5,59.31,1.0,1.0,12.5,19.77,0.0,0.0,0.0,0.0,0.0,0.0,0.0,0.0,0.0,0.0,0.0,0.0,2.0,2.0,25.0,39.54,0.0,0.0,0.0,0.0,0.0,0.0,0.0,0.0,0.0,0.0,0.0,0.0,2.0,2.0,25.0,39.54,0.0,0.0,0.0,0.0,1.0,1.0,12.5,19.77,0.0,0.0,0.0,0.0,6.0,6.0,75.0,118.63,62.5,100.0,-37.5,105.45,-3.0,-3.0,-37.5,1.82,1.82,0.62,0.62,1.0,0.33,,0.0,1.0,,1.0,1.0,0.0,12.5,0.0,75.0,0.0
4,臺北台新戰神,3|10|10863|10869,陳文宏/雷蒙恩/魏芃禾/基德,1,4,6.0,91.6,1.53,01:32,91.6,1.53,01:32,0.0,0.0,0.0,0.0,2.0,2.0,33.33,47.16,2.0,2.0,33.33,47.16,0.0,0.0,0.0,0.0,0.0,0.0,0.0,0.0,0.0,0.0,0.0,0.0,2.0,2.0,33.33,47.16,0.0,0.0,0.0,0.0,0.0,0.0,0.0,0.0,0.0,0.0,0.0,0.0,0.0,0.0,0.0,0.0,2.0,2.0,33.33,47.16,2.0,2.0,33.33,47.16,1.0,1.0,16.67,23.58,0.0,0.0,0.0,0.0,0.0,0.0,0.0,0.0,0.0,0.0,0.0,0.0,0.0,0.0,0.0,0.0,0.0,0.0,0.0,0.0,4.0,4.0,66.67,94.33,0.0,33.33,-33.33,94.33,-2.0,-2.0,-33.33,1.53,1.53,0.0,0.0,,0.0,,0.0,,0.0,0.5,0.4,0.0,0.0,0.0,66.67,0.0
4,臺北台新戰神,3|10|10863|13400,陳文宏/雷蒙恩/魏芃禾/史東,1,10,12.0,185.65,3.09,03:06,185.65,3.09,03:06,5.0,5.0,41.67,58.17,10.0,10.0,83.33,116.35,4.0,4.0,33.33,46.54,2.0,2.0,16.67,23.27,1.0,1.0,8.33,11.63,1.0,1.0,8.33,11.63,3.0,3.0,25.0,34.9,1.0,1.0,8.33,11.63,0.0,0.0,0.0,0.0,0.0,0.0,0.0,0.0,0.0,0.0,0.0,0.0,2.0,2.0,16.67,23.27,2.0,2.0,16.67,23.27,1.0,1.0,8.33,11.63,0.0,0.0,0.0,0.0,2.0,2.0,16.67,23.27,0.0,0.0,0.0,0.0,1.0,1.0,8.33,11.63,0.0,0.0,0.0,0.0,6.0,6.0,50.0,69.81,41.67,83.33,-41.67,93.08,-5.0,-5.0,-41.67,3.09,3.09,0.62,0.62,1.0,0.33,,0.0,1.0,0.0,0.5,0.4,0.0,8.33,0.0,50.0,0.0
4,臺北台新戰神,3|10|10869|13400,陳文宏/雷蒙恩/基德/史東,1,5,7.0,114.0,1.9,01:54,114.0,1.9,01:54,2.0,2.0,28.57,37.89,4.0,4.0,57.14,75.79,2.0,2.0,28.57,37.89,1.0,1.0,14.29,18.95,1.0,1.0,14.29,18.95,1.0,1.0,14.29,18.95,1.0,1.0,14.29,18.95,0.0,0.0,0.0,0.0,0.0,0.0,0.0,0.0,0.0,0.0,0.0,0.0,0.0,0.0,0.0,0.0,1.0,1.0,14.29,18.95,2.0,2.0,28.57,37.89,1.0,1.0,14.29,18.95,0.0,0.0,0.0,0.0,1.0,1.0,14.29,18.95,0.0,0.0,0.0,0.0,0.0,0.0,0.0,0.0,1.0,1.0,14.29,18.95,2.0,2.0,28.57,37.89,28.57,57.14,-28.57,88.42,-2.0,-2.0,-28.57,1.9,1.9,0.5,0.5,1.0,0.0,,0.0,1.0,0.0,0.33,0.25,0.0,0.0,0.14,28.57,0.0
4,臺北台新戰神,10|10863|10869|13400,雷蒙恩/魏芃禾/基德/史東,3,16,18.0,260.16,4.34,04:20,86.72,1.45,01:27,3.0,1.0,16.67,24.91,12.0,4.0,66.67,99.63,6.0,2.0,33.33,49.82,1.0,0.33,5.56,8.3,1.0,0.33,5.56,8.3,0.0,0.0,0.0,0.0,5.0,1.67,27.78,41.51,1.0,0.33,5.56,8.3,0.0,0.0,0.0,0.0,0.0,0.0,0.0,0.0,0.0,0.0,0.0,0.0,5.0,1.67,27.78,41.51,2.0,0.67,11.11,16.61,1.0,0.33,5.56,8.3,2.0,0.67,11.11,16.61,1.0,0.33,5.56,8.3,1.0,0.33,5.56,8.3,0.0,0.0,0.0,0.0,0.0,0.0,0.0,0.0,4.0,1.33,22.22,33.21,16.67,66.67,-50.0,99.63,-9.0,-3.0,-50.0,4.34,1.45,0.25,0.25,0.0,0.2,,0.25,1.0,0.0,0.71,0.62,5.56,0.0,0.0,22.22,0.0
4,臺北台新戰神,1|3|10|13400,丁聖儒/陳文宏/雷蒙恩/史東,2,8,8.0,130.62,2.18,02:11,65.31,1.09,01:05,4.0,2.0,50.0,66.14,6.0,3.0,75.0,99.22,1.0,0.5,12.5,16.54,1.0,0.5,12.5,16.54,1.0,0.5,12.5,16.54,1.0,0.5,12.5,16.54,0.0,0.0,0.0,0.0,0.0,0.0,0.0,0.0,4.0,2.0,50.0,66.14,3.0,1.5,37.5,49.61,0.0,0.0,0.0,0.0,1.0,0.5,12.5,16.54,0.0,0.0,0.0,0.0,0.0,0.0,0.0,0.0,2.0,1.0,25.0,33.07,1.0,0.5,12.5,16.54,2.0,1.0,25.0,33.07,0.0,0.0,0.0,0.0,2.0,1.0,25.0,33.07,2.0,1.0,25.0,33.07,50.0,75.0,-25.0,88.19,-2.0,-1.0,-25.0,2.18,1.09,1.0,0.72,1.0,,0.75,0.42,1.0,,1.0,1.0,25.0,0.0,0.25,25.0,4.0
4,臺北台新戰神,1|3|10869|13400,丁聖儒/陳文宏/基德/史東,4,35,39.0,580.0,9.67,09:40,145.0,2.42,02:25,17.0,4.25,43.59,63.31,26.0,6.5,66.67,96.83,15.0,3.75,38.46,55.86,6.0,1.5,15.38,22.34,9.0,2.25,23.08,33.52,4.0,1.0,10.26,14.9,6.0,1.5,15.38,22.34,2.0,0.5,5.13,7.45,4.0,1.0,10.26,14.9,3.0,0.75,7.69,11.17,1.0,0.25,2.56,3.72,8.0,2.0,20.51,29.79,3.0,0.75,7.69,11.17,6.0,1.5,15.38,22.34,1.0,0.25,2.56,3.72,3.0,0.75,7.69,11.17,0.0,0.0,0.0,0.0,3.0,0.75,7.69,11.17,4.0,1.0,10.26,14.9,6.0,1.5,15.38,22.34,43.59,66.67,-23.08,96.83,-9.0,-2.25,-23.08,9.67,2.42,0.47,0.51,0.44,0.33,0.75,0.06,0.5,0.14,0.73,0.5,0.0,7.69,0.1,15.38,0.27
4,臺北台新戰神,1|10|10869|13400,丁聖儒/雷蒙恩/基德/史東,8,221,269.0,4129.19,68.82,68:49,516.15,8.6,08:36,137.0,17.12,50.93,71.67,143.0,17.88,53.16,74.8,104.0,13.0,38.66,54.4,53.0,6.62,19.7,27.72,58.0,7.25,21.56,30.34,37.0,4.62,13.75,19.35,46.0,5.75,17.1,24.06,16.0,2.0,5.95,8.37,20.0,2.5,7.43,10.46,14.0,1.75,5.2,7.32,16.0,2.0,5.95,8.37,38.0,4.75,14.13,19.88,20.0,2.5,7.43,10.46,27.0,3.38,10.04,14.12,15.0,1.88,5.58,7.85,33.0,4.12,12.27,17.26,10.0,1.25,3.72,5.23,6.0,0.75,2.23,3.14,23.0,2.88,8.55,12.03,25.0,3.12,9.29,13.08,50.93,53.16,-2.23,93.81,-6.0,-0.75,-2.23,68.82,8.6,0.59,0.61,0.64,0.35,0.7,0.12,0.62,0.37,0.66,0.53,3.72,2.23,0.09,9.29,0.19
4,臺北台新戰神,3|10|10867|13400,陳文宏/雷蒙恩/威力斯/史東,1,10,10.0,145.93,2.43,02:26,145.93,2.43,02:26,5.0,5.0,50.0,74.01,10.0,10.0,100.0,148.02,3.0,3.0,30.0,44.41,2.0,2.0,20.0,29.6,1.0,1.0,10.0,14.8,1.0,1.0,10.0,14.8,2.0,2.0,20.0,29.6,1.0,1.0,10.0,14.8,2.0,2.0,20.0,29.6,1.0,1.0,10.0,14.8,0.0,0.0,0.0,0.0,2.0,2.0,20.0,29.6,0.0,0.0,0.0,0.0,0.0,0.0,0.0,0.0,1.0,1.0,10.0,14.8,2.0,2.0,20.0,29.6,1.0,1.0,10.0,14.8,1.0,1.0,10.0,14.8,0.0,0.0,0.0,0.0,4.0,4.0,40.0,59.21,50.0,100.0,-50.0,98.68,-5.0,-5.0,-50.0,2.43,2.43,0.83,0.64,1.0,0.5,0.5,0.2,1.0,,1.0,1.0,10.0,10.0,0.0,40.0,0.67
4,臺北台新戰神,3|10863|10867|13400,陳文宏/魏芃禾/威力斯/史東,1,7,7.0,101.65,1.69,01:42,101.65,1.69,01:42,5.0,5.0,71.43,106.24,8.0,8.0,114.29,169.99,3.0,3.0,42.86,63.75,2.0,2.0,28.57,42.5,1.0,1.0,14.29,21.25,1.0,1.0,14.29,21.25,2.0,2.0,28.57,42.5,1.0,1.0,14.29,21.25,0.0,0.0,0.0,0.0,0.0,0.0,0.0,0.0,0.0,0.0,0.0,0.0,1.0,1.0,14.29,21.25,0.0,0.0,0.0,0.0,0.0,0.0,0.0,0.0,0.0,0.0,0.0,0.0,2.0,2.0,28.57,42.5,0.0,0.0,0.0,0.0,1.0,1.0,14.29,21.25,0.0,0.0,0.0,0.0,4.0,4.0,57.14,85.0,71.43,114.29,-42.86,99.16,-3.0,-3.0,-42.86,1.69,1.69,0.83,0.83,1.0,0.5,,0.0,1.0,,1.0,1.0,0.0,14.29,0.0,57.14,0.0
4,臺北台新戰神,10|10863|10867|13400,雷蒙恩/魏芃禾/威力斯/史東,1,7,7.0,101.65,1.69,01:42,101.65,1.69,01:42,5.0,5.0,71.43,106.24,8.0,8.0,114.29,169.99,3.0,3.0,42.86,63.75,2.0,2.0,28.57,42.5,1.0,1.0,14.29,21.25,1.0,1.0,14.29,21.25,2.0,2.0,28.57,42.5,1.0,1.0,14.29,21.25,0.0,0.0,0.0,0.0,0.0,0.0,0.0,0.0,0.0,0.0,0.0,0.0,1.0,1.0,14.29,21.25,0.0,0.0,0.0,0.0,0.0,0.0,0.0,0.0,0.0,0.0,0.0,0.0,2.0,2.0,28.57,42.5,0.0,0.0,0.0,0.0,1.0,1.0,14.29,21.25,0.0,0.0,0.0,0.0,4.0,4.0,57.14,85.0,71.43,114.29,-42.86,99.16,-3.0,-3.0,-42.86,1.69,1.69,0.83,0.83,1.0,0.5,,0.0,1.0,,1.0,1.0,0.0,14.29,0.0,57.14,0.0
4,福爾摩沙夢想家,77|89|95|97,馬建豪/蔣淯安/李德威/史承平,1,1,1.0,19.0,0.32,00:19,19.0,0.32,00:19,0.0,0.0,0.0,0.0,0.0,0.0,0.0,0.0,0.0,0.0,0.0,0.0,0.0,0.0,0.0,0.0,0.0,0.0,0.0,0.0,0.0,0.0,0.0,0.0,0.0,0.0,0.0,0.0,0.0,0.0,0.0,0.0,0.0,0.0,0.0,0.0,0.0,0.0,0.0,0.0,0.0,0.0,0.0,0.0,0.0,0.0,0.0,0.0,0.0,0.0,0.0,0.0,1.0,1.0,100.0,113.68,0.0,0.0,0.0,0.0,0.0,0.0,0.0,0.0,0.0,0.0,0.0,0.0,0.0,0.0,0.0,0.0,0.0,0.0,0.0,0.0,0.0,0.0,0.0,0.0,0.0,0.0,0.0,75.79,0.0,0.0,0.0,0.32,0.32,,,,,,,,0.0,,0.0,0.0,0.0,0.0,0.0,
4,福爾摩沙夢想家,77|89|95|101,馬建豪/蔣淯安/李德威/周柏臣,2,3,4.0,79.0,1.32,01:19,39.5,0.66,00:40,0.0,0.0,0.0,0.0,0.0,0.0,0.0,0.0,2.0,1.0,50.0,54.68,0.0,0.0,0.0,0.0,2.0,1.0,50.0,54.68,0.0,0.0,0.0,0.0,0.0,0.0,0.0,0.0,0.0,0.0,0.0,0.0,0.0,0.0,0.0,0.0,0.0,0.0,0.0,0.0,0.0,0.0,0.0,0.0,2.0,1.0,50.0,54.68,0.0,0.0,0.0,0.0,2.0,1.0,50.0,54.68,0.0,0.0,0.0,0.0,0.0,0.0,0.0,0.0,0.0,0.0,0.0,0.0,0.0,0.0,0.0,0.0,0.0,0.0,0.0,0.0,0.0,0.0,0.0,0.0,0.0,0.0,0.0,72.91,0.0,0.0,0.0,1.32,0.66,0.0,0.0,0.0,,,0.0,,0.0,1.0,0.5,0.0,0.0,0.0,0.0,0.0
4,福爾摩沙夢想家,77|89|97|101,馬建豪/蔣淯安/史承平/周柏臣,1,1,1.0,19.0,0.32,00:19,19.0,0.32,00:19,0.0,0.0,0.0,0.0,0.0,0.0,0.0,0.0,0.0,0.0,0.0,0.0,0.0,0.0,0.0,0.0,0.0,0.0,0.0,0.0,0.0,0.0,0.0,0.0,0.0,0.0,0.0,0.0,0.0,0.0,0.0,0.0,0.0,0.0,0.0,0.0,0.0,0.0,0.0,0.0,0.0,0.0,0.0,0.0,0.0,0.0,0.0,0.0,0.0,0.0,0.0,0.0,1.0,1.0,100.0,113.68,0.0,0.0,0.0,0.0,0.0,0.0,0.0,0.0,0.0,0.0,0.0,0.0,0.0,0.0,0.0,0.0,0.0,0.0,0.0,0.0,0.0,0.0,0.0,0.0,0.0,0.0,0.0,75.79,0.0,0.0,0.0,0.32,0.32,,,,,,,,0.0,,0.0,0.0,0.0,0.0,0.0,
4,福爾摩沙夢想家,77|95|97|101,馬建豪/李德威/史承平/周柏臣,3,5,6.0,65.82,1.1,01:06,21.94,0.37,00:22,5.0,1.67,83.33,164.07,0.0,0.0,0.0,0.0,1.0,0.33,16.67,32.81,0.0,0.0,0.0,0.0,0.0,0.0,0.0,0.0,0.0,0.0,0.0,0.0,1.0,0.33,16.67,32.81,0.0,0.0,0.0,0.0,6.0,2.0,100.0,196.89,5.0,1.67,83.33,164.07,0.0,0.0,0.0,0.0,1.0,0.33,16.67,32.81,0.0,0.0,0.0,0.0,2.0,0.67,33.33,65.63,0.0,0.0,0.0,0.0,0.0,0.0,0.0,0.0,0.0,0.0,0.0,0.0,0.0,0.0,0.0,0.0,2.0,0.67,33.33,65.63,0.0,0.0,0.0,0.0,83.33,0.0,83.33,131.26,5.0,1.67,83.33,1.1,0.37,0.0,0.69,,0.0,0.83,0.0,,0.0,1.0,0.33,0.0,0.0,0.33,0.0,6.0
4,臺北台新戰神,2|4|13|10863,江均/張兆辰/陳冠全/魏芃禾,4,19,21.0,367.01,6.12,06:07,91.75,1.53,01:32,5.0,1.25,23.81,29.43,8.0,2.0,38.1,47.08,10.0,2.5,47.62,58.85,2.0,0.5,9.52,11.77,5.0,1.25,23.81,29.43,1.0,0.25,4.76,5.89,5.0,1.25,23.81,29.43,1.0,0.25,4.76,5.89,0.0,0.0,0.0,0.0,0.0,0.0,0.0,0.0,2.0,0.5,9.52,11.77,5.0,1.25,23.81,29.43,0.0,0.0,0.0,0.0,6.0,1.5,28.57,35.31,2.0,0.5,9.52,11.77,1.0,0.25,4.76,5.89,1.0,0.25,4.76,5.89,1.0,0.25,4.76,5.89,2.0,0.5,9.52,11.77,2.0,0.5,9.52,11.77,23.81,38.1,-14.29,82.4,-3.0,-0.75,-14.29,6.12,1.53,0.25,0.25,0.2,0.2,,0.17,0.5,0.25,1.0,0.54,4.76,4.76,0.1,9.52,0.0
4,臺北台新戰神,2|4|13|10865,江均/張兆辰/陳冠全/謝銘駿,3,25,31.0,483.32,8.06,08:03,161.11,2.69,02:41,6.0,2.0,19.35,26.81,6.0,2.0,19.35,26.81,13.0,4.33,41.94,58.1,2.0,0.67,6.45,8.94,7.0,2.33,22.58,31.28,1.0,0.33,3.23,4.47,6.0,2.0,19.35,26.81,1.0,0.33,3.23,4.47,2.0,0.67,6.45,8.94,1.0,0.33,3.23,4.47,2.0,0.67,6.45,8.94,9.0,3.0,29.03,40.22,4.0,1.33,12.9,17.88,9.0,3.0,29.03,40.22,1.0,0.33,3.23,4.47,1.0,0.33,3.23,4.47,0.0,0.0,0.0,0.0,0.0,0.0,0.0,0.0,1.0,0.33,3.23,4.47,1.0,0.33,3.23,4.47,19.35,19.35,0.0,92.36,0.0,0.0,0.0,8.06,2.69,0.19,0.22,0.14,0.17,0.5,0.07,0.5,0.18,0.69,0.46,0.0,0.0,0.03,3.23,0.15
4,臺北台新戰神,2|13|10863|10865,江均/陳冠全/魏芃禾/謝銘駿,2,5,7.0,101.0,1.68,01:41,50.5,0.84,00:51,2.0,1.0,28.57,42.77,0.0,0.0,0.0,0.0,4.0,2.0,57.14,85.54,1.0,0.5,14.29,21.39,3.0,1.5,42.86,64.16,1.0,0.5,14.29,21.39,1.0,0.5,14.29,21.39,0.0,0.0,0.0,0.0,0.0,0.0,0.0,0.0,0.0,0.0,0.0,0.0,2.0,1.0,28.57,42.77,2.0,1.0,28.57,42.77,0.0,0.0,0.0,0.0,2.0,1.0,28.57,42.77,1.0,0.5,14.29,21.39,0.0,0.0,0.0,0.0,0.0,0.0,0.0,0.0,0.0,0.0,0.0,0.0,0.0,0.0,0.0,0.0,0.0,0.0,0.0,0.0,28.57,0.0,28.57,99.8,2.0,1.0,28.57,1.68,0.84,0.25,0.25,0.33,0.0,,0.2,0.0,0.5,1.0,0.67,0.0,0.0,0.0,0.0,0.0
4,臺北台新戰神,4|13|10863|10865,張兆辰/陳冠全/魏芃禾/謝銘駿,2,5,7.0,101.0,1.68,01:41,50.5,0.84,00:51,2.0,1.0,28.57,42.77,0.0,0.0,0.0,0.0,4.0,2.0,57.14,85.54,1.0,0.5,14.29,21.39,3.0,1.5,42.86,64.16,1.0,0.5,14.29,21.39,1.0,0.5,14.29,21.39,0.0,0.0,0.0,0.0,0.0,0.0,0.0,0.0,0.0,0.0,0.0,0.0,2.0,1.0,28.57,42.77,2.0,1.0,28.57,42.77,0.0,0.0,0.0,0.0,2.0,1.0,28.57,42.77,1.0,0.5,14.29,21.39,0.0,0.0,0.0,0.0,0.0,0.0,0.0,0.0,0.0,0.0,0.0,0.0,0.0,0.0,0.0,0.0,0.0,0.0,0.0,0.0,28.57,0.0,28.57,99.8,2.0,1.0,28.57,1.68,0.84,0.25,0.25,0.33,0.0,,0.2,0.0,0.5,1.0,0.67,0.0,0.0,0.0,0.0,0.0
4,新北國王,24|28|10872|13029,蘇士軒/呂政儒/林彥廷/杰倫,4,31,33.0,522.89,8.71,08:43,130.72,2.18,02:11,15.0,3.75,45.45,61.96,17.0,4.25,51.52,70.23,11.0,2.75,33.33,45.44,6.0,1.5,18.18,24.79,8.0,2.0,24.24,33.05,5.0,1.25,15.15,20.65,3.0,0.75,9.09,12.39,1.0,0.25,3.03,4.13,3.0,0.75,9.09,12.39,2.0,0.5,6.06,8.26,1.0,0.25,3.03,4.13,5.0,1.25,15.15,20.65,1.0,0.25,3.03,4.13,8.0,2.0,24.24,33.05,2.0,0.5,6.06,8.26,3.0,0.75,9.09,12.39,1.0,0.25,3.03,4.13,0.0,0.0,0.0,0.0,6.0,1.5,18.18,24.79,6.0,1.5,18.18,24.79,45.45,51.52,-6.06,90.88,-2.0,-0.5,-6.06,8.71,2.18,0.59,0.61,0.62,0.33,0.67,0.14,0.5,0.11,0.83,0.4,3.03,0.0,0.18,18.18,0.27
4,新竹御嵿攻城獅,75|87|88|10888,高國豪/蔡宸綱/盧冠軒/帕塞獅,6,63,74.0,1075.19,17.92,17:55,179.2,2.99,02:59,35.0,5.83,47.3,70.31,30.0,5.0,40.54,60.27,31.0,5.17,41.89,62.28,15.0,2.5,20.27,30.13,17.0,2.83,22.97,34.15,10.0,1.67,13.51,20.09,14.0,2.33,18.92,28.13,5.0,0.83,6.76,10.04,2.0,0.33,2.7,4.02,0.0,0.0,0.0,0.0,4.0,0.67,5.41,8.04,10.0,1.67,13.51,20.09,4.0,0.67,5.41,8.04,16.0,2.67,21.62,32.14,4.0,0.67,5.41,8.04,10.0,1.67,13.51,20.09,2.0,0.33,2.7,4.02,0.0,0.0,0.0,0.0,2.0,0.33,2.7,4.02,13.0,2.17,17.57,26.12,47.3,40.54,6.76,99.11,5.0,0.83,6.76,17.92,2.99,0.56,0.55,0.59,0.36,0.0,0.11,0.67,0.2,0.71,0.41,2.7,0.0,0.03,17.57,0.06
4,新北國王,21|29|10872|13029,李愷諺/林書緯/林彥廷/杰倫,5,21,25.0,310.42,5.17,05:10,62.08,1.03,01:02,2.0,0.4,8.0,13.92,17.0,3.4,68.0,118.29,9.0,1.8,36.0,62.62,0.0,0.0,0.0,0.0,2.0,0.4,8.0,13.92,0.0,0.0,0.0,0.0,7.0,1.4,28.0,48.71,0.0,0.0,0.0,0.0,4.0,0.8,16.0,27.83,2.0,0.4,8.0,13.92,3.0,0.6,12.0,20.87,6.0,1.2,24.0,41.75,2.0,0.4,8.0,13.92,2.0,0.4,8.0,13.92,3.0,0.6,12.0,20.87,0.0,0.0,0.0,0.0,2.0,0.4,8.0,13.92,0.0,0.0,0.0,0.0,2.0,0.4,8.0,13.92,2.0,0.4,8.0,13.92,8.0,68.0,-60.0,115.97,-15.0,-3.0,-60.0,5.17,1.03,0.0,0.09,0.0,0.0,0.5,0.22,,0.6,0.75,0.69,8.0,0.0,0.08,8.0,0.44
4,新北國王,21|22|29|13029,李愷諺/簡祐哲/林書緯/杰倫,2,10,13.0,156.0,2.6,02:36,78.0,1.3,01:18,4.0,2.0,30.77,55.38,10.0,5.0,76.92,138.46,5.0,2.5,38.46,69.23,2.0,1.0,15.38,27.69,4.0,2.0,30.77,55.38,2.0,1.0,15.38,27.69,1.0,0.5,7.69,13.85,0.0,0.0,0.0,0.0,0.0,0.0,0.0,0.0,0.0,0.0,0.0,0.0,1.0,0.5,7.69,13.85,2.0,1.0,15.38,27.69,0.0,0.0,0.0,0.0,2.0,1.0,15.38,27.69,2.0,1.0,15.38,27.69,1.0,0.5,7.69,13.85,2.0,1.0,15.38,27.69,1.0,0.5,7.69,13.85,0.0,0.0,0.0,0.0,1.0,0.5,7.69,13.85,30.77,76.92,-46.15,120.0,-6.0,-3.0,-46.15,2.6,1.3,0.4,0.4,0.5,0.0,,0.29,0.5,0.33,1.0,0.6,15.38,7.69,0.0,7.69,0.0
4,新北國王,21|22|34|13029,李愷諺/簡祐哲/沃許本/杰倫,2,7,7.0,118.0,1.97,01:58,59.0,0.98,00:59,4.0,2.0,57.14,73.22,5.0,2.5,71.43,91.53,3.0,1.5,42.86,54.92,2.0,1.0,28.57,36.61,2.0,1.0,28.57,36.61,2.0,1.0,28.57,36.61,1.0,0.5,14.29,18.31,0.0,0.0,0.0,0.0,0.0,0.0,0.0,0.0,0.0,0.0,0.0,0.0,0.0,0.0,0.0,0.0,1.0,0.5,14.29,18.31,0.0,0.0,0.0,0.0,2.0,1.0,28.57,36.61,1.0,0.5,14.29,18.31,1.0,0.5,14.29,18.31,1.0,0.5,14.29,18.31,0.0,0.0,0.0,0.0,1.0,0.5,14.29,18.31,0.0,0.0,0.0,0.0,57.14,71.43,-14.29,85.42,-1.0,-0.5,-14.29,1.97,0.98,0.67,0.67,1.0,0.0,,0.25,0.5,0.0,1.0,0.33,14.29,0.0,0.14,0.0,0.0
4,新北國王,22|29|34|13029,簡祐哲/林書緯/沃許本/杰倫,3,17,21.0,394.31,6.57,06:34,131.44,2.19,02:11,12.0,4.0,57.14,65.73,10.0,3.33,47.62,54.78,9.0,3.0,42.86,49.3,4.0,1.33,19.05,21.91,5.0,1.67,23.81,27.39,3.0,1.0,14.29,16.43,4.0,1.33,19.05,21.91,1.0,0.33,4.76,5.48,3.0,1.0,14.29,16.43,3.0,1.0,14.29,16.43,2.0,0.67,9.52,10.96,3.0,1.0,14.29,16.43,1.0,0.33,4.76,5.48,3.0,1.0,14.29,16.43,1.0,0.33,4.76,5.48,2.0,0.67,9.52,10.96,0.0,0.0,0.0,0.0,1.0,0.33,4.76,5.48,2.0,0.67,9.52,10.96,4.0,1.33,19.05,21.91,57.14,47.62,9.52,76.69,2.0,0.67,9.52,6.57,2.19,0.5,0.58,0.6,0.25,1.0,0.09,0.5,0.4,0.75,0.56,0.0,4.76,0.1,19.05,0.33
4,新北國王,21|29|10874|13029,李愷諺/林書緯/熊祥泰/杰倫,5,65,76.0,997.97,16.63,16:38,199.59,3.33,03:20,33.0,6.6,43.42,71.42,27.0,5.4,35.53,58.44,33.0,6.6,43.42,71.42,12.0,2.4,15.79,25.97,18.0,3.6,23.68,38.96,10.0,2.0,13.16,21.64,15.0,3.0,19.74,32.47,2.0,0.4,2.63,4.33,9.0,1.8,11.84,19.48,7.0,1.4,9.21,15.15,7.0,1.4,9.21,15.15,13.0,2.6,17.11,28.14,3.0,0.6,3.95,6.49,13.0,2.6,17.11,28.14,4.0,0.8,5.26,8.66,7.0,1.4,9.21,15.15,4.0,0.8,5.26,8.66,1.0,0.2,1.32,2.16,5.0,1.0,6.58,10.82,0.0,0.0,0.0,0.0,43.42,35.53,7.89,109.66,6.0,1.2,7.89,16.63,3.33,0.39,0.45,0.56,0.13,0.78,0.1,0.58,0.35,0.81,0.56,5.26,1.32,0.07,0.0,0.27
4,新北國王,21|34|10874|13029,李愷諺/沃許本/熊祥泰/杰倫,8,70,87.0,1213.97,20.23,20:14,151.75,2.53,02:32,35.0,4.38,40.23,62.27,28.0,3.5,32.18,49.82,41.0,5.12,47.13,72.95,14.0,1.75,16.09,24.91,25.0,3.12,28.74,44.48,12.0,1.5,13.79,21.35,16.0,2.0,18.39,28.47,2.0,0.25,2.3,3.56,7.0,0.88,8.05,12.45,5.0,0.62,5.75,8.9,10.0,1.25,11.49,17.79,15.0,1.88,17.24,26.69,6.0,0.75,6.9,10.68,16.0,2.0,18.39,28.47,2.0,0.25,2.3,3.56,6.0,0.75,6.9,10.68,1.0,0.12,1.15,1.78,1.0,0.12,1.15,1.78,3.0,0.38,3.45,5.34,2.0,0.25,2.3,3.56,40.23,32.18,8.05,103.2,7.0,0.88,8.05,20.23,2.53,0.37,0.4,0.48,0.12,0.71,0.04,0.43,0.38,0.71,0.53,1.15,1.15,0.03,2.3,0.17
4,新北國王,21|10872|10874|13029,李愷諺/林彥廷/熊祥泰/杰倫,6,36,44.0,664.81,11.08,11:05,110.8,1.85,01:51,21.0,3.5,47.73,68.23,20.0,3.33,45.45,64.98,19.0,3.17,43.18,61.73,9.0,1.5,20.45,29.24,11.0,1.83,25.0,35.74,6.0,1.0,13.64,19.49,8.0,1.33,18.18,25.99,3.0,0.5,6.82,9.75,0.0,0.0,0.0,0.0,0.0,0.0,0.0,0.0,5.0,0.83,11.36,16.25,5.0,0.83,11.36,16.25,2.0,0.33,4.55,6.5,6.0,1.0,13.64,19.49,3.0,0.5,6.82,9.75,4.0,0.67,9.09,13.0,1.0,0.17,2.27,3.25,0.0,0.0,0.0,0.0,2.0,0.33,4.55,6.5,4.0,0.67,9.09,13.0,47.73,45.45,2.27,95.31,1.0,0.17,2.27,11.08,1.85,0.55,0.55,0.55,0.38,,0.14,0.44,0.45,0.71,0.56,2.27,0.0,0.05,9.09,0.0
4,新北國王,21|10874|10875|13029,李愷諺/熊祥泰/傑登/杰倫,2,12,16.0,181.66,3.03,03:02,90.83,1.51,01:31,2.0,1.0,12.5,23.78,6.0,3.0,37.5,71.34,5.0,2.5,31.25,59.45,0.0,0.0,0.0,0.0,2.0,1.0,12.5,23.78,0.0,0.0,0.0,0.0,3.0,1.5,18.75,35.67,0.0,0.0,0.0,0.0,2.0,1.0,12.5,23.78,2.0,1.0,12.5,23.78,1.0,0.5,6.25,11.89,4.0,2.0,25.0,47.56,3.0,1.5,18.75,35.67,1.0,0.5,6.25,11.89,1.0,0.5,6.25,11.89,0.0,0.0,0.0,0.0,0.0,0.0,0.0,0.0,0.0,0.0,0.0,0.0,2.0,1.0,12.5,23.78,0.0,0.0,0.0,0.0,12.5,37.5,-25.0,126.83,-4.0,-2.0,-25.0,3.03,1.51,0.0,0.17,0.0,0.0,1.0,0.15,,0.5,0.57,0.56,0.0,0.0,0.12,0.0,0.4
4,新北國王,28|29|34|10874,呂政儒/林書緯/沃許本/熊祥泰,4,27,37.0,490.87,8.18,08:11,122.72,2.05,02:03,17.0,4.25,45.95,74.81,16.0,4.0,43.24,70.41,16.0,4.0,43.24,70.41,7.0,1.75,18.92,30.8,11.0,2.75,29.73,48.4,6.0,1.5,16.22,26.4,5.0,1.25,13.51,22.0,1.0,0.25,2.7,4.4,2.0,0.5,5.41,8.8,2.0,0.5,5.41,8.8,4.0,1.0,10.81,17.6,5.0,1.25,13.51,22.0,3.0,0.75,8.11,13.2,4.0,1.0,10.81,17.6,2.0,0.5,5.41,8.8,4.0,1.0,10.81,17.6,1.0,0.25,2.7,4.4,1.0,0.25,2.7,4.4,2.0,0.5,5.41,8.8,7.0,1.75,18.92,30.8,45.95,43.24,2.7,108.54,1.0,0.25,2.7,8.18,2.05,0.47,0.5,0.55,0.2,1.0,0.11,0.57,0.5,0.62,0.56,2.7,2.7,0.05,18.92,0.12
4,新北國王,28|29|10872|10874,呂政儒/林書緯/林彥廷/熊祥泰,1,4,8.0,25.22,0.42,00:25,25.22,0.42,00:25,4.0,4.0,50.0,342.64,3.0,3.0,37.5,256.98,5.0,5.0,62.5,428.3,2.0,2.0,25.0,171.32,4.0,4.0,50.0,342.64,2.0,2.0,25.0,171.32,1.0,1.0,12.5,85.66,0.0,0.0,0.0,0.0,0.0,0.0,0.0,0.0,0.0,0.0,0.0,0.0,3.0,3.0,37.5,256.98,0.0,0.0,0.0,0.0,0.0,0.0,0.0,0.0,0.0,0.0,0.0,0.0,1.0,1.0,12.5,85.66,0.0,0.0,0.0,0.0,1.0,1.0,12.5,85.66,1.0,1.0,12.5,85.66,0.0,0.0,0.0,0.0,4.0,4.0,50.0,342.64,50.0,37.5,12.5,456.85,1.0,1.0,12.5,0.42,0.42,0.4,0.4,0.5,0.0,,0.17,0.0,1.0,,1.0,12.5,12.5,0.0,50.0,0.0
4,新北國王,28|29|10874|10875,呂政儒/林書緯/熊祥泰/傑登,2,2,2.0,33.2,0.55,00:33,16.6,0.28,00:17,4.0,2.0,200.0,260.24,0.0,0.0,0.0,0.0,2.0,1.0,100.0,130.12,2.0,1.0,100.0,130.12,2.0,1.0,100.0,130.12,2.0,1.0,100.0,130.12,0.0,0.0,0.0,0.0,0.0,0.0,0.0,0.0,0.0,0.0,0.0,0.0,0.0,0.0,0.0,0.0,0.0,0.0,0.0,0.0,0.0,0.0,0.0,0.0,0.0,0.0,0.0,0.0,0.0,0.0,0.0,0.0,0.0,0.0,0.0,0.0,1.0,0.5,50.0,65.06,0.0,0.0,0.0,0.0,0.0,0.0,0.0,0.0,1.0,0.5,50.0,65.06,0.0,0.0,0.0,0.0,200.0,0.0,200.0,86.75,4.0,2.0,200.0,0.55,0.28,1.0,1.0,1.0,,,0.0,0.5,,,,0.0,0.0,0.5,0.0,0.0
4,福爾摩沙夢想家,77|99|107|13777,馬建豪/盧冠良/霍爾曼/布依德,1,12,14.0,181.0,3.02,03:01,181.0,3.02,03:01,9.0,9.0,64.29,107.4,4.0,4.0,28.57,47.73,5.0,5.0,35.71,59.67,3.0,3.0,21.43,35.8,4.0,4.0,28.57,47.73,2.0,2.0,14.29,23.87,1.0,1.0,7.14,11.93,1.0,1.0,7.14,11.93,0.0,0.0,0.0,0.0,0.0,0.0,0.0,0.0,1.0,1.0,7.14,11.93,1.0,1.0,7.14,11.93,1.0,1.0,7.14,11.93,1.0,1.0,7.14,11.93,2.0,2.0,14.29,23.87,2.0,2.0,14.29,23.87,1.0,1.0,7.14,11.93,0.0,0.0,0.0,0.0,2.0,2.0,14.29,23.87,0.0,0.0,0.0,0.0,64.29,28.57,35.71,111.38,5.0,5.0,35.71,3.02,3.02,0.7,0.9,0.5,1.0,,0.29,0.67,0.5,0.5,0.5,7.14,0.0,0.14,0.0,0.0
4,福爾摩沙夢想家,89|99|107|13777,蔣淯安/盧冠良/霍爾曼/布依德,1,9,9.0,128.0,2.13,02:08,128.0,2.13,02:08,7.0,7.0,77.78,118.12,2.0,2.0,22.22,33.75,4.0,4.0,44.44,67.5,3.0,3.0,33.33,50.62,3.0,3.0,33.33,50.62,2.0,2.0,22.22,33.75,1.0,1.0,11.11,16.88,1.0,1.0,11.11,16.88,0.0,0.0,0.0,0.0,0.0,0.0,0.0,0.0,0.0,0.0,0.0,0.0,1.0,1.0,11.11,16.88,0.0,0.0,0.0,0.0,1.0,1.0,11.11,16.88,1.0,1.0,11.11,16.88,2.0,2.0,22.22,33.75,1.0,1.0,11.11,16.88,0.0,0.0,0.0,0.0,1.0,1.0,11.11,16.88,0.0,0.0,0.0,0.0,77.78,22.22,55.56,101.25,5.0,5.0,55.56,2.13,2.13,0.88,0.88,0.67,1.0,,0.2,0.67,0.0,1.0,0.5,11.11,0.0,0.11,0.0,0.0
4,新北中信特攻,40|43|104|8889,謝亞軒/林韋翰/貝奇/馬可,9,266,315.0,4066.3,67.77,67:46,451.81,7.53,07:32,157.0,17.44,49.84,83.4,129.0,14.33,40.95,68.52,110.0,12.22,34.92,58.43,59.0,6.56,18.73,31.34,63.0,7.0,20.0,33.47,46.0,5.11,14.6,24.43,47.0,5.22,14.92,24.97,13.0,1.44,4.13,6.91,34.0,3.78,10.79,18.06,22.0,2.44,6.98,11.69,13.0,1.44,4.13,6.91,38.0,4.22,12.06,20.19,20.0,2.22,6.35,10.62,50.0,5.56,15.87,26.56,27.0,3.0,8.57,14.34,42.0,4.67,13.33,22.31,12.0,1.33,3.81,6.37,3.0,0.33,0.95,1.59,31.0,3.44,9.84,16.47,27.0,3.0,8.57,14.34,49.84,40.95,8.89,111.55,28.0,3.11,8.89,67.77,7.53,0.6,0.63,0.73,0.28,0.65,0.18,0.71,0.21,0.66,0.42,3.81,0.95,0.1,8.57,0.31
4,新北中信特攻,40|43|104|10877,謝亞軒/林韋翰/貝奇/阿巴西,11,300,359.0,4728.62,78.81,78:49,429.87,7.16,07:10,178.0,16.18,49.58,81.31,141.0,12.82,39.28,64.41,123.0,11.18,34.26,56.19,66.0,6.0,18.38,30.15,70.0,6.36,19.5,31.98,48.0,4.36,13.37,21.93,53.0,4.82,14.76,24.21,18.0,1.64,5.01,8.22,37.0,3.36,10.31,16.9,22.0,2.0,6.13,10.05,19.0,1.73,5.29,8.68,42.0,3.82,11.7,19.19,24.0,2.18,6.69,10.96,56.0,5.09,15.6,25.58,32.0,2.91,8.91,14.62,47.0,4.27,13.09,21.47,14.0,1.27,3.9,6.4,2.0,0.18,0.56,0.91,38.0,3.45,10.58,17.36,40.0,3.64,11.14,18.27,49.58,39.28,10.31,109.33,37.0,3.36,10.31,78.81,7.16,0.61,0.64,0.69,0.34,0.59,0.19,0.71,0.25,0.64,0.43,3.9,0.56,0.11,11.14,0.3
4,新北中信特攻,40|104|8889|10877,謝亞軒/貝奇/馬可/阿巴西,9,369,435.0,5724.24,95.4,95:24,636.03,10.6,10:36,222.0,24.67,51.03,83.77,179.0,19.89,41.15,67.54,157.0,17.44,36.09,59.24,82.0,9.11,18.85,30.94,90.0,10.0,20.69,33.96,59.0,6.56,13.56,22.26,67.0,7.44,15.4,25.28,23.0,2.56,5.29,8.68,45.0,5.0,10.34,16.98,33.0,3.67,7.59,12.45,24.0,2.67,5.52,9.06,53.0,5.89,12.18,20.0,25.0,2.78,5.75,9.43,69.0,7.67,15.86,26.04,37.0,4.11,8.51,13.96,59.0,6.56,13.56,22.26,17.0,1.89,3.91,6.41,2.0,0.22,0.46,0.75,40.0,4.44,9.2,15.09,38.0,4.22,8.74,14.34,51.03,41.15,9.89,109.43,43.0,4.78,9.89,95.4,10.6,0.6,0.63,0.66,0.34,0.73,0.17,0.72,0.26,0.68,0.45,3.91,0.46,0.09,8.74,0.29
4,新北中信特攻,43|104|8889|10877,林韋翰/貝奇/馬可/阿巴西,11,519,619.0,8185.58,136.43,136:26,744.14,12.4,12:24,315.0,28.64,50.89,83.12,241.0,21.91,38.93,63.59,227.0,20.64,36.67,59.9,115.0,10.45,18.58,30.35,115.0,10.45,18.58,30.35,76.0,6.91,12.28,20.05,112.0,10.18,18.09,29.55,39.0,3.55,6.3,10.29,60.0,5.45,9.69,15.83,43.0,3.91,6.95,11.35,34.0,3.09,5.49,8.97,79.0,7.18,12.76,20.85,38.0,3.45,6.14,10.03,98.0,8.91,15.83,25.86,50.0,4.55,8.08,13.19,84.0,7.64,13.57,22.17,24.0,2.18,3.88,6.33,4.0,0.36,0.65,1.06,57.0,5.18,9.21,15.04,62.0,5.64,10.02,16.36,50.89,38.93,11.95,108.89,74.0,6.73,11.95,136.43,12.4,0.59,0.62,0.66,0.35,0.72,0.16,0.73,0.26,0.68,0.45,3.88,0.65,0.09,10.02,0.26
4,福爾摩沙夢想家,77|83|99|13777,馬建豪/吳家駿/盧冠良/布依德,2,30,35.0,452.43,7.54,07:32,226.22,3.77,03:46,8.0,4.0,22.86,38.19,24.0,12.0,68.57,114.58,12.0,6.0,34.29,57.29,2.0,1.0,5.71,9.55,7.0,3.5,20.0,33.42,2.0,1.0,5.71,9.55,5.0,2.5,14.29,23.87,0.0,0.0,0.0,0.0,7.0,3.5,20.0,33.42,4.0,2.0,11.43,19.1,3.0,1.5,8.57,14.32,7.0,3.5,20.0,33.42,1.0,0.5,2.86,4.77,3.0,1.5,8.57,14.32,3.0,1.5,8.57,14.32,1.0,0.5,2.86,4.77,1.0,0.5,2.86,4.77,0.0,0.0,0.0,0.0,7.0,3.5,20.0,33.42,3.0,1.5,8.57,14.32,22.86,68.57,-45.71,111.4,-16.0,-8.0,-45.71,7.54,3.77,0.17,0.27,0.29,0.0,0.57,0.17,0.5,0.5,0.88,0.71,2.86,0.0,0.2,8.57,0.58
4,福爾摩沙夢想家,77|83|106|13777,馬建豪/吳家駿/高柏鎧/布依德,4,39,46.0,615.56,10.26,10:16,153.89,2.56,02:34,13.0,3.25,28.26,45.62,29.0,7.25,63.04,101.76,21.0,5.25,45.65,73.69,4.0,1.0,8.7,14.04,14.0,3.5,30.43,49.13,2.0,0.5,4.35,7.02,7.0,1.75,15.22,24.56,2.0,0.5,4.35,7.02,6.0,1.5,13.04,21.05,5.0,1.25,10.87,17.55,6.0,1.5,13.04,21.05,11.0,2.75,23.91,38.6,0.0,0.0,0.0,0.0,7.0,1.75,15.22,24.56,2.0,0.5,4.35,7.02,3.0,0.75,6.52,10.53,1.0,0.25,2.17,3.51,0.0,0.0,0.0,0.0,7.0,1.75,15.22,24.56,4.0,1.0,8.7,14.04,28.26,63.04,-34.78,107.61,-16.0,-4.0,-34.78,10.26,2.56,0.24,0.27,0.14,0.29,0.83,0.08,0.75,0.46,1.0,0.71,2.17,0.0,0.15,8.7,0.29
4,福爾摩沙夢想家,77|83|91|106,馬建豪/吳家駿/簡偉儒/高柏鎧,3,14,21.0,229.39,3.82,03:49,76.46,1.27,01:16,4.0,1.33,19.05,37.66,8.0,2.67,38.1,75.33,12.0,4.0,57.14,112.99,2.0,0.67,9.52,18.83,10.0,3.33,47.62,94.16,2.0,0.67,9.52,18.83,2.0,0.67,9.52,18.83,0.0,0.0,0.0,0.0,0.0,0.0,0.0,0.0,0.0,0.0,0.0,0.0,5.0,1.67,23.81,47.08,4.0,1.33,19.05,37.66,0.0,0.0,0.0,0.0,3.0,1.0,14.29,28.25,1.0,0.33,4.76,9.42,0.0,0.0,0.0,0.0,0.0,0.0,0.0,0.0,0.0,0.0,0.0,0.0,0.0,0.0,0.0,0.0,2.0,0.67,9.52,18.83,19.05,38.1,-19.05,131.83,-4.0,-1.33,-19.05,3.82,1.27,0.17,0.17,0.2,0.0,,0.08,0.0,0.62,1.0,0.75,0.0,0.0,0.0,9.52,0.0
4,福爾摩沙夢想家,77|83|91|13777,馬建豪/吳家駿/簡偉儒/布依德,3,21,30.0,327.42,5.46,05:27,109.14,1.82,01:49,6.0,2.0,20.0,39.58,13.0,4.33,43.33,85.76,14.0,4.67,46.67,92.36,3.0,1.0,10.0,19.79,12.0,4.0,40.0,79.17,3.0,1.0,10.0,19.79,2.0,0.67,6.67,13.19,0.0,0.0,0.0,0.0,0.0,0.0,0.0,0.0,0.0,0.0,0.0,0.0,6.0,2.0,20.0,39.58,5.0,1.67,16.67,32.99,2.0,0.67,6.67,13.19,3.0,1.0,10.0,19.79,2.0,0.67,6.67,13.19,3.0,1.0,10.0,19.79,0.0,0.0,0.0,0.0,0.0,0.0,0.0,0.0,0.0,0.0,0.0,0.0,2.0,0.67,6.67,13.19,20.0,43.33,-23.33,131.94,-7.0,-2.33,-23.33,5.46,1.82,0.21,0.21,0.25,0.0,,0.12,1.0,0.67,0.71,0.69,0.0,0.0,0.0,6.67,0.0
4,福爾摩沙夢想家,77|91|106|13777,馬建豪/簡偉儒/高柏鎧/布依德,3,6,11.0,101.01,1.68,01:41,33.67,0.56,00:34,0.0,0.0,0.0,0.0,3.0,1.0,27.27,64.15,7.0,2.33,63.64,149.69,0.0,0.0,0.0,0.0,7.0,2.33,63.64,149.69,0.0,0.0,0.0,0.0,0.0,0.0,0.0,0.0,0.0,0.0,0.0,0.0,0.0,0.0,0.0,0.0,0.0,0.0,0.0,0.0,4.0,1.33,36.36,85.53,3.0,1.0,27.27,64.15,0.0,0.0,0.0,0.0,2.0,0.67,18.18,42.77,0.0,0.0,0.0,0.0,0.0,0.0,0.0,0.0,0.0,0.0,0.0,0.0,0.0,0.0,0.0,0.0,0.0,0.0,0.0,0.0,0.0,0.0,0.0,0.0,0.0,27.27,-27.27,156.81,-3.0,-1.0,-27.27,1.68,0.56,0.0,0.0,0.0,,,0.0,,0.67,1.0,0.78,0.0,0.0,0.0,0.0,0.0
4,福爾摩沙夢想家,83|91|106|13777,吳家駿/簡偉儒/高柏鎧/布依德,3,6,11.0,101.01,1.68,01:41,33.67,0.56,00:34,0.0,0.0,0.0,0.0,3.0,1.0,27.27,64.15,7.0,2.33,63.64,149.69,0.0,0.0,0.0,0.0,7.0,2.33,63.64,149.69,0.0,0.0,0.0,0.0,0.0,0.0,0.0,0.0,0.0,0.0,0.0,0.0,0.0,0.0,0.0,0.0,0.0,0.0,0.0,0.0,4.0,1.33,36.36,85.53,3.0,1.0,27.27,64.15,0.0,0.0,0.0,0.0,2.0,0.67,18.18,42.77,0.0,0.0,0.0,0.0,0.0,0.0,0.0,0.0,0.0,0.0,0.0,0.0,0.0,0.0,0.0,0.0,0.0,0.0,0.0,0.0,0.0,0.0,0.0,0.0,0.0,27.27,-27.27,156.81,-3.0,-1.0,-27.27,1.68,0.56,0.0,0.0,0.0,,,0.0,,0.67,1.0,0.78,0.0,0.0,0.0,0.0,0.0
4,福爾摩沙夢想家,77|83|91|107,馬建豪/吳家駿/簡偉儒/霍爾曼,1,6,8.0,106.0,1.77,01:46,106.0,1.77,01:46,4.0,4.0,50.0,81.51,3.0,3.0,37.5,61.13,5.0,5.0,62.5,101.89,2.0,2.0,25.0,40.75,3.0,3.0,37.5,61.13,2.0,2.0,25.0,40.75,2.0,2.0,25.0,40.75,0.0,0.0,0.0,0.0,0.0,0.0,0.0,0.0,0.0,0.0,0.0,0.0,1.0,1.0,12.5,20.38,1.0,1.0,12.5,20.38,0.0,0.0,0.0,0.0,1.0,1.0,12.5,20.38,0.0,0.0,0.0,0.0,0.0,0.0,0.0,0.0,0.0,0.0,0.0,0.0,0.0,0.0,0.0,0.0,0.0,0.0,0.0,0.0,0.0,0.0,0.0,0.0,50.0,37.5,12.5,108.68,1.0,1.0,12.5,1.77,1.77,0.4,0.4,0.67,0.0,,0.0,0.0,0.5,1.0,0.67,0.0,0.0,0.0,0.0,0.0
4,福爾摩沙夢想家,77|91|106|107,馬建豪/簡偉儒/高柏鎧/霍爾曼,3,26,33.0,441.04,7.35,07:21,147.01,2.45,02:27,12.0,4.0,36.36,58.77,9.0,3.0,27.27,44.08,15.0,5.0,45.45,73.46,6.0,2.0,18.18,29.39,10.0,3.33,30.3,48.98,6.0,2.0,18.18,29.39,5.0,1.67,15.15,24.49,0.0,0.0,0.0,0.0,0.0,0.0,0.0,0.0,0.0,0.0,0.0,0.0,3.0,1.0,9.09,14.69,5.0,1.67,15.15,24.49,4.0,1.33,12.12,19.59,6.0,2.0,18.18,29.39,1.0,0.33,3.03,4.9,3.0,1.0,9.09,14.69,1.0,0.33,3.03,4.9,0.0,0.0,0.0,0.0,1.0,0.33,3.03,4.9,2.0,0.67,6.06,9.8,36.36,27.27,9.09,107.75,3.0,1.0,9.09,7.35,2.45,0.4,0.4,0.6,0.0,,0.06,0.5,0.33,0.56,0.44,3.03,0.0,0.03,6.06,0.0
4,新北中信特攻,40|43|47|104,謝亞軒/林韋翰/曾文鼎/貝奇,6,84,95.0,1322.17,22.04,22:02,220.36,3.67,03:40,50.0,8.33,52.63,81.68,38.0,6.33,40.0,62.08,34.0,5.67,35.79,55.54,18.0,3.0,18.95,29.41,15.0,2.5,15.79,24.51,10.0,1.67,10.53,16.34,19.0,3.17,20.0,31.04,8.0,1.33,8.42,13.07,5.0,0.83,5.26,8.17,3.0,0.5,3.16,4.9,3.0,0.5,3.16,4.9,13.0,2.17,13.68,21.24,3.0,0.5,3.16,4.9,16.0,2.67,16.84,26.14,10.0,1.67,10.53,16.34,14.0,2.33,14.74,22.87,3.0,0.5,3.16,4.9,0.0,0.0,0.0,0.0,7.0,1.17,7.37,11.44,9.0,1.5,9.47,14.7,52.63,40.0,12.63,103.47,12.0,2.0,12.63,22.04,3.67,0.65,0.69,0.67,0.42,0.6,0.22,0.78,0.16,0.81,0.46,3.16,0.0,0.07,9.47,0.15
4,新北中信特攻,40|43|104|10881,謝亞軒/林韋翰/貝奇/飛克,6,104,124.0,1633.28,27.22,27:13,272.21,4.54,04:32,54.0,9.0,43.55,71.41,46.0,7.67,37.1,60.83,42.0,7.0,33.87,55.54,19.0,3.17,15.32,25.13,20.0,3.33,16.13,26.45,11.0,1.83,8.87,14.55,22.0,3.67,17.74,29.09,8.0,1.33,6.45,10.58,7.0,1.17,5.65,9.26,5.0,0.83,4.03,6.61,6.0,1.0,4.84,7.93,20.0,3.33,16.13,26.45,7.0,1.17,5.65,9.26,19.0,3.17,15.32,25.13,11.0,1.83,8.87,14.55,13.0,2.17,10.48,17.19,3.0,0.5,2.42,3.97,1.0,0.17,0.81,1.32,11.0,1.83,8.87,14.55,13.0,2.17,10.48,17.19,43.55,37.1,6.45,109.33,8.0,1.33,6.45,27.22,4.54,0.55,0.6,0.55,0.36,0.71,0.2,0.68,0.24,0.74,0.5,2.42,0.81,0.09,10.48,0.17
4,新北中信特攻,40|47|104|10881,謝亞軒/曾文鼎/貝奇/飛克,8,166,197.0,2600.15,43.34,43:20,325.02,5.42,05:25,88.0,11.0,44.67,73.1,86.0,10.75,43.65,71.44,68.0,8.5,34.52,56.49,31.0,3.88,15.74,25.75,33.0,4.12,16.75,27.41,17.0,2.12,8.63,14.12,35.0,4.38,17.77,29.08,14.0,1.75,7.11,11.63,15.0,1.88,7.61,12.46,12.0,1.5,6.09,9.97,10.0,1.25,5.08,8.31,27.0,3.38,13.71,22.43,8.0,1.0,4.06,6.65,34.0,4.25,17.26,28.24,20.0,2.5,10.15,16.61,20.0,2.5,10.15,16.61,10.0,1.25,5.08,8.31,0.0,0.0,0.0,0.0,17.0,2.12,8.63,14.12,24.0,3.0,12.18,19.94,44.67,43.65,1.02,109.1,2.0,0.25,1.02,43.34,5.42,0.56,0.59,0.52,0.4,0.8,0.21,0.65,0.23,0.77,0.47,5.08,0.0,0.09,12.18,0.22
4,新北中信特攻,43|47|104|10881,林韋翰/曾文鼎/貝奇/飛克,9,160,181.0,2408.16,40.14,40:08,267.57,4.46,04:28,81.0,9.0,44.75,72.65,88.0,9.78,48.62,78.93,64.0,7.11,35.36,57.4,29.0,3.22,16.02,26.01,30.0,3.33,16.57,26.91,19.0,2.11,10.5,17.04,34.0,3.78,18.78,30.5,10.0,1.11,5.52,8.97,13.0,1.44,7.18,11.66,10.0,1.11,5.52,8.97,9.0,1.0,4.97,8.07,28.0,3.11,15.47,25.11,6.0,0.67,3.31,5.38,25.0,2.78,13.81,22.42,15.0,1.67,8.29,13.45,21.0,2.33,11.6,18.84,5.0,0.56,2.76,4.48,0.0,0.0,0.0,0.0,14.0,1.56,7.73,12.56,26.0,2.89,14.36,23.32,44.75,48.62,-3.87,108.23,-7.0,-0.78,-3.87,40.14,4.46,0.53,0.58,0.63,0.29,0.77,0.18,0.72,0.26,0.82,0.54,2.76,0.0,0.08,14.36,0.2
4,福爾摩沙夢想家,79|83|103|13777,張宗憲/吳家駿/忻沃克/布依德,2,25,29.0,358.0,5.97,05:58,179.0,2.98,02:59,9.0,4.5,31.03,54.3,17.0,8.5,58.62,102.57,8.0,4.0,27.59,48.27,3.0,1.5,10.34,18.1,4.0,2.0,13.79,24.13,1.0,0.5,3.45,6.03,4.0,2.0,13.79,24.13,2.0,1.0,6.9,12.07,5.0,2.5,17.24,30.17,1.0,0.5,3.45,6.03,1.0,0.5,3.45,6.03,6.0,3.0,20.69,36.2,2.0,1.0,6.9,12.07,3.0,1.5,10.34,18.1,3.0,1.5,10.34,18.1,3.0,1.5,10.34,18.1,3.0,1.5,10.34,18.1,0.0,0.0,0.0,0.0,4.0,2.0,13.79,24.13,2.0,1.0,6.9,12.07,31.03,58.62,-27.59,116.65,-8.0,-4.0,-27.59,5.97,2.98,0.5,0.44,0.25,0.5,0.2,0.23,1.0,0.25,0.75,0.58,10.34,0.0,0.14,6.9,0.62
4,福爾摩沙夢想家,79|83|107|13777,張宗憲/吳家駿/霍爾曼/布依德,1,11,15.0,143.0,2.38,02:23,143.0,2.38,02:23,4.0,4.0,26.67,60.42,5.0,5.0,33.33,75.52,3.0,3.0,20.0,45.31,1.0,1.0,6.67,15.1,1.0,1.0,6.67,15.1,0.0,0.0,0.0,0.0,2.0,2.0,13.33,30.21,1.0,1.0,6.67,15.1,3.0,3.0,20.0,45.31,1.0,1.0,6.67,15.1,1.0,1.0,6.67,15.1,2.0,2.0,13.33,30.21,2.0,2.0,13.33,30.21,2.0,2.0,13.33,30.21,2.0,2.0,13.33,30.21,1.0,1.0,6.67,15.1,2.0,2.0,13.33,30.21,0.0,0.0,0.0,0.0,2.0,2.0,13.33,30.21,0.0,0.0,0.0,0.0,26.67,33.33,-6.67,151.05,-1.0,-1.0,-6.67,2.38,2.38,0.5,0.46,0.0,0.5,0.33,0.32,1.0,0.33,0.5,0.43,13.33,0.0,0.13,0.0,1.0
4,福爾摩沙夢想家,83|103|107|13777,吳家駿/忻沃克/霍爾曼/布依德,1,11,15.0,143.0,2.38,02:23,143.0,2.38,02:23,4.0,4.0,26.67,60.42,5.0,5.0,33.33,75.52,3.0,3.0,20.0,45.31,1.0,1.0,6.67,15.1,1.0,1.0,6.67,15.1,0.0,0.0,0.0,0.0,2.0,2.0,13.33,30.21,1.0,1.0,6.67,15.1,3.0,3.0,20.0,45.31,1.0,1.0,6.67,15.1,1.0,1.0,6.67,15.1,2.0,2.0,13.33,30.21,2.0,2.0,13.33,30.21,2.0,2.0,13.33,30.21,2.0,2.0,13.33,30.21,1.0,1.0,6.67,15.1,2.0,2.0,13.33,30.21,0.0,0.0,0.0,0.0,2.0,2.0,13.33,30.21,0.0,0.0,0.0,0.0,26.67,33.33,-6.67,151.05,-1.0,-1.0,-6.67,2.38,2.38,0.5,0.46,0.0,0.5,0.33,0.32,1.0,0.33,0.5,0.43,13.33,0.0,0.13,0.0,1.0
4,新北中信特攻,40|47|104|10879,謝亞軒/曾文鼎/貝奇/簡廷兆,6,107,129.0,1664.24,27.74,27:44,277.37,4.62,04:37,58.0,9.67,44.96,75.28,49.0,8.17,37.98,63.6,40.0,6.67,31.01,51.92,18.0,3.0,13.95,23.36,21.0,3.5,16.28,27.26,8.0,1.33,6.2,10.38,19.0,3.17,14.73,24.66,10.0,1.67,7.75,12.98,18.0,3.0,13.95,23.36,15.0,2.5,11.63,19.47,4.0,0.67,3.1,5.19,19.0,3.17,14.73,24.66,7.0,1.17,5.43,9.09,27.0,4.5,20.93,35.04,13.0,2.17,10.08,16.87,13.0,2.17,10.08,16.87,9.0,1.5,6.98,11.68,1.0,0.17,0.78,1.3,17.0,2.83,13.18,22.06,15.0,2.5,11.63,19.47,44.96,37.98,6.98,111.62,9.0,1.5,6.98,27.74,4.62,0.57,0.61,0.38,0.53,0.83,0.21,0.72,0.13,0.73,0.4,6.98,0.78,0.13,11.63,0.45
4,新北中信特攻,40|104|10879|10881,謝亞軒/貝奇/簡廷兆/飛克,7,94,117.0,1491.14,24.85,24:51,213.02,3.55,03:33,56.0,8.0,47.86,81.12,41.0,5.86,35.04,59.39,40.0,5.71,34.19,57.94,20.0,2.86,17.09,28.97,21.0,3.0,17.95,30.42,11.0,1.57,9.4,15.93,19.0,2.71,16.24,27.52,9.0,1.29,7.69,13.04,11.0,1.57,9.4,15.93,10.0,1.43,8.55,14.49,6.0,0.86,5.13,8.69,13.0,1.86,11.11,18.83,9.0,1.29,7.69,13.04,23.0,3.29,19.66,33.32,11.0,1.57,9.4,15.93,14.0,2.0,11.97,20.28,7.0,1.0,5.98,10.14,2.0,0.29,1.71,2.9,10.0,1.43,8.55,14.49,15.0,2.14,12.82,21.73,47.86,35.04,12.82,112.99,15.0,2.14,12.82,24.85,3.55,0.61,0.62,0.52,0.47,0.91,0.2,0.7,0.21,0.59,0.37,5.98,1.71,0.09,12.82,0.28
4,新北中信特攻,47|104|10879|10881,曾文鼎/貝奇/簡廷兆/飛克,11,160,195.0,2574.71,42.91,42:55,234.06,3.9,03:54,82.0,7.45,42.05,68.79,86.0,7.82,44.1,72.15,64.0,5.82,32.82,53.69,28.0,2.55,14.36,23.49,31.0,2.82,15.9,26.01,14.0,1.27,7.18,11.75,33.0,3.0,16.92,27.68,14.0,1.27,7.18,11.75,20.0,1.82,10.26,16.78,15.0,1.36,7.69,12.58,9.0,0.82,4.62,7.55,30.0,2.73,15.38,25.17,12.0,1.09,6.15,10.07,38.0,3.45,19.49,31.88,18.0,1.64,9.23,15.1,23.0,2.09,11.79,19.3,13.0,1.18,6.67,10.91,1.0,0.09,0.51,0.84,17.0,1.55,8.72,14.26,29.0,2.64,14.87,24.33,42.05,44.1,-2.05,109.06,-4.0,-0.36,-2.05,42.91,3.9,0.55,0.56,0.45,0.42,0.75,0.2,0.82,0.19,0.71,0.44,6.67,0.51,0.09,14.87,0.31
4,福爾摩沙夢想家,79|103|106|13777,張宗憲/忻沃克/高柏鎧/布依德,4,77,87.0,1163.33,19.39,19:23,290.83,4.85,04:51,41.0,10.25,47.13,76.13,49.0,12.25,56.32,90.98,34.0,8.5,39.08,63.13,16.0,4.0,18.39,29.71,17.0,4.25,19.54,31.56,10.0,2.5,11.49,18.57,17.0,4.25,19.54,31.56,6.0,1.5,6.9,11.14,7.0,1.75,8.05,13.0,2.0,0.5,2.3,3.71,5.0,1.25,5.75,9.28,14.0,3.5,16.09,25.99,5.0,1.25,5.75,9.28,15.0,3.75,17.24,27.85,8.0,2.0,9.2,14.85,7.0,1.75,8.05,13.0,6.0,1.5,6.9,11.14,0.0,0.0,0.0,0.0,6.0,1.5,6.9,11.14,3.0,0.75,3.45,5.57,47.13,56.32,-9.2,107.69,-8.0,-2.0,-9.2,19.39,4.85,0.56,0.55,0.59,0.35,0.29,0.18,0.44,0.25,0.74,0.49,6.9,0.0,0.07,3.45,0.21
4,新北中信特攻,40|104|8889|10879,謝亞軒/貝奇/馬可/簡廷兆,6,73,89.0,1140.85,19.01,19:01,190.14,3.17,03:10,37.0,6.17,41.57,70.05,35.0,5.83,39.33,66.27,27.0,4.5,30.34,51.12,9.0,1.5,10.11,17.04,11.0,1.83,12.36,20.83,3.0,0.5,3.37,5.68,16.0,2.67,17.98,30.29,6.0,1.0,6.74,11.36,20.0,3.33,22.47,37.87,15.0,2.5,16.85,28.4,9.0,1.5,10.11,17.04,11.0,1.83,12.36,20.83,7.0,1.17,7.87,13.25,13.0,2.17,14.61,24.61,8.0,1.33,8.99,15.15,7.0,1.17,7.87,13.25,5.0,0.83,5.62,9.47,0.0,0.0,0.0,0.0,13.0,2.17,14.61,24.61,10.0,1.67,11.24,18.93,41.57,39.33,2.25,112.34,2.0,0.33,2.25,19.01,3.17,0.44,0.52,0.27,0.38,0.75,0.18,0.78,0.41,0.61,0.5,5.62,0.0,0.15,11.24,0.74
4,新北中信特攻,40|104|10877|10879,謝亞軒/貝奇/阿巴西/簡廷兆,8,87,109.0,1365.67,22.76,22:46,170.71,2.85,02:51,61.0,7.62,55.96,96.48,30.0,3.75,27.52,47.45,38.0,4.75,34.86,60.1,19.0,2.38,17.43,30.05,22.0,2.75,20.18,34.8,10.0,1.25,9.17,15.82,16.0,2.0,14.68,25.31,9.0,1.12,8.26,14.23,18.0,2.25,16.51,28.47,16.0,2.0,14.68,25.31,12.0,1.5,11.01,18.98,8.0,1.0,7.34,12.65,11.0,1.38,10.09,17.4,18.0,2.25,16.51,28.47,9.0,1.12,8.26,14.23,11.0,1.38,10.09,17.4,5.0,0.62,4.59,7.91,2.0,0.25,1.83,3.16,11.0,1.38,10.09,17.4,6.0,0.75,5.5,9.49,55.96,27.52,28.44,114.93,31.0,3.88,28.44,22.76,2.85,0.62,0.66,0.45,0.56,0.89,0.16,0.58,0.4,0.42,0.41,4.59,1.83,0.1,5.5,0.47
4,新北中信特攻,104|8889|10877|10879,貝奇/馬可/阿巴西/簡廷兆,10,229,288.0,3635.34,60.59,60:35,363.53,6.06,06:04,133.0,13.3,46.18,79.02,111.0,11.1,38.54,65.95,103.0,10.3,35.76,61.2,43.0,4.3,14.93,25.55,52.0,5.2,18.06,30.9,22.0,2.2,7.64,13.07,51.0,5.1,17.71,30.3,21.0,2.1,7.29,12.48,37.0,3.7,12.85,21.98,30.0,3.0,10.42,17.83,24.0,2.4,8.33,14.26,38.0,3.8,13.19,22.58,25.0,2.5,8.68,14.85,44.0,4.4,15.28,26.14,21.0,2.1,7.29,12.48,28.0,2.8,9.72,16.64,12.0,1.2,4.17,7.13,2.0,0.2,0.69,1.19,28.0,2.8,9.72,16.64,33.0,3.3,11.46,19.61,46.18,38.54,7.64,114.08,22.0,2.2,7.64,60.59,6.06,0.52,0.56,0.42,0.41,0.81,0.15,0.65,0.35,0.6,0.47,4.17,0.69,0.1,11.46,0.36
4,新北中信特攻,44|104|8889|10877,黃泓瀚/貝奇/馬可/阿巴西,4,62,72.0,1115.63,18.59,18:36,278.91,4.65,04:39,38.0,9.5,52.78,73.57,37.0,9.25,51.39,71.64,27.0,6.75,37.5,52.28,14.0,3.5,19.44,27.11,14.0,3.5,19.44,27.11,6.0,1.5,8.33,11.62,13.0,3.25,18.06,25.17,8.0,2.0,11.11,15.49,2.0,0.5,2.78,3.87,2.0,0.5,2.78,3.87,2.0,0.5,2.78,3.87,11.0,2.75,15.28,21.3,3.0,0.75,4.17,5.81,13.0,3.25,18.06,25.17,6.0,1.5,8.33,11.62,8.0,2.0,11.11,15.49,4.0,1.0,5.56,7.74,1.0,0.25,1.39,1.94,6.0,1.5,8.33,11.62,10.0,2.5,13.89,19.36,52.78,51.39,1.39,92.93,1.0,0.25,1.39,18.59,4.65,0.67,0.68,0.43,0.62,1.0,0.18,0.57,0.13,0.79,0.45,5.56,1.39,0.08,13.89,0.07
4,新北中信特攻,44|104|8889|10879,黃泓瀚/貝奇/馬可/簡廷兆,4,49,60.0,793.88,13.23,13:14,198.47,3.31,03:18,16.0,4.0,26.67,43.53,37.0,9.25,61.67,100.67,20.0,5.0,33.33,54.42,6.0,1.5,10.0,16.32,10.0,2.5,16.67,27.21,3.0,0.75,5.0,8.16,10.0,2.5,16.67,27.21,3.0,0.75,5.0,8.16,6.0,1.5,10.0,16.32,1.0,0.25,1.67,2.72,3.0,0.75,5.0,8.16,13.0,3.25,21.67,35.37,5.0,1.25,8.33,13.6,7.0,1.75,11.67,19.05,5.0,1.25,8.33,13.6,4.0,1.0,6.67,10.88,2.0,0.5,3.33,5.44,1.0,0.25,1.67,2.72,8.0,2.0,13.33,21.77,12.0,3.0,20.0,32.65,26.67,61.67,-35.0,108.83,-21.0,-5.25,-35.0,13.23,3.31,0.38,0.35,0.3,0.3,0.17,0.18,0.67,0.3,0.72,0.57,3.33,1.67,0.13,20.0,0.3
4,新北中信特攻,44|104|10877|10879,黃泓瀚/貝奇/阿巴西/簡廷兆,3,32,41.0,498.61,8.31,08:19,166.2,2.77,02:46,17.0,5.67,41.46,73.65,26.0,8.67,63.41,112.63,15.0,5.0,36.59,64.98,7.0,2.33,17.07,30.32,11.0,3.67,26.83,47.65,5.0,1.67,12.2,21.66,4.0,1.33,9.76,17.33,2.0,0.67,4.88,8.66,1.0,0.33,2.44,4.33,1.0,0.33,2.44,4.33,1.0,0.33,2.44,4.33,7.0,2.33,17.07,30.32,4.0,1.33,9.76,17.33,4.0,1.33,9.76,17.33,2.0,0.67,4.88,8.66,2.0,0.67,4.88,8.66,0.0,0.0,0.0,0.0,1.0,0.33,2.44,4.33,4.0,1.33,9.76,17.33,6.0,2.0,14.63,25.99,41.46,63.41,-21.95,118.41,-9.0,-3.0,-21.95,8.31,2.77,0.53,0.55,0.45,0.5,1.0,0.11,0.29,0.2,0.64,0.5,0.0,2.44,0.1,14.63,0.07
4,新北中信特攻,44|8889|10877|10879,黃泓瀚/馬可/阿巴西/簡廷兆,2,33,44.0,553.44,9.22,09:13,276.72,4.61,04:37,17.0,8.5,38.64,66.35,20.0,10.0,45.45,78.06,19.0,9.5,43.18,74.15,7.0,3.5,15.91,27.32,11.0,5.5,25.0,42.93,4.0,2.0,9.09,15.61,8.0,4.0,18.18,31.22,3.0,1.5,6.82,11.71,0.0,0.0,0.0,0.0,0.0,0.0,0.0,0.0,4.0,2.0,9.09,15.61,8.0,4.0,18.18,31.22,5.0,2.5,11.36,19.51,6.0,3.0,13.64,23.42,2.0,1.0,4.55,7.81,1.0,0.5,2.27,3.9,0.0,0.0,0.0,0.0,1.0,0.5,2.27,3.9,3.0,1.5,6.82,11.71,8.0,4.0,18.18,31.22,38.64,45.45,-6.82,114.48,-3.0,-1.5,-6.82,9.22,4.61,0.45,0.45,0.36,0.38,,0.1,0.14,0.4,0.62,0.52,0.0,2.27,0.07,18.18,0.0
4,福爾摩沙夢想家,77|83|107|13777,馬建豪/吳家駿/霍爾曼/布依德,1,3,5.0,53.0,0.88,00:53,53.0,0.88,00:53,2.0,2.0,40.0,81.51,2.0,2.0,40.0,81.51,1.0,1.0,20.0,40.75,0.0,0.0,0.0,0.0,1.0,1.0,20.0,40.75,0.0,0.0,0.0,0.0,0.0,0.0,0.0,0.0,0.0,0.0,0.0,0.0,0.0,0.0,0.0,0.0,0.0,0.0,0.0,0.0,1.0,1.0,20.0,40.75,0.0,0.0,0.0,0.0,1.0,1.0,20.0,40.75,0.0,0.0,0.0,0.0,1.0,1.0,20.0,40.75,0.0,0.0,0.0,0.0,0.0,0.0,0.0,0.0,0.0,0.0,0.0,0.0,1.0,1.0,20.0,40.75,0.0,0.0,0.0,0.0,40.0,40.0,0.0,135.85,0.0,0.0,0.0,0.88,0.88,0.0,1.0,0.0,,,0.5,,1.0,0.0,0.5,0.0,0.0,0.2,0.0,0.0
4,福爾摩沙夢想家,83|99|107|13777,吳家駿/盧冠良/霍爾曼/布依德,1,3,5.0,53.0,0.88,00:53,53.0,0.88,00:53,2.0,2.0,40.0,81.51,2.0,2.0,40.0,81.51,1.0,1.0,20.0,40.75,0.0,0.0,0.0,0.0,1.0,1.0,20.0,40.75,0.0,0.0,0.0,0.0,0.0,0.0,0.0,0.0,0.0,0.0,0.0,0.0,0.0,0.0,0.0,0.0,0.0,0.0,0.0,0.0,1.0,1.0,20.0,40.75,0.0,0.0,0.0,0.0,1.0,1.0,20.0,40.75,0.0,0.0,0.0,0.0,1.0,1.0,20.0,40.75,0.0,0.0,0.0,0.0,0.0,0.0,0.0,0.0,0.0,0.0,0.0,0.0,1.0,1.0,20.0,40.75,0.0,0.0,0.0,0.0,40.0,40.0,0.0,135.85,0.0,0.0,0.0,0.88,0.88,0.0,1.0,0.0,,,0.5,,1.0,0.0,0.5,0.0,0.0,0.2,0.0,0.0
4,福爾摩沙夢想家,73|77|83|106,陳振傑/馬建豪/吳家駿/高柏鎧,1,2,2.0,28.0,0.47,00:28,28.0,0.47,00:28,0.0,0.0,0.0,0.0,3.0,3.0,150.0,231.43,1.0,1.0,50.0,77.14,0.0,0.0,0.0,0.0,1.0,1.0,50.0,77.14,0.0,0.0,0.0,0.0,0.0,0.0,0.0,0.0,0.0,0.0,0.0,0.0,0.0,0.0,0.0,0.0,0.0,0.0,0.0,0.0,0.0,0.0,0.0,0.0,1.0,1.0,50.0,77.14,0.0,0.0,0.0,0.0,0.0,0.0,0.0,0.0,0.0,0.0,0.0,0.0,0.0,0.0,0.0,0.0,0.0,0.0,0.0,0.0,0.0,0.0,0.0,0.0,0.0,0.0,0.0,0.0,1.0,1.0,50.0,77.14,0.0,150.0,-150.0,102.86,-3.0,-3.0,-150.0,0.47,0.47,0.0,0.0,0.0,,,0.0,,,1.0,1.0,0.0,0.0,0.0,50.0,0.0
4,福爾摩沙夢想家,73|77|83|13777,陳振傑/馬建豪/吳家駿/布依德,1,2,2.0,28.0,0.47,00:28,28.0,0.47,00:28,0.0,0.0,0.0,0.0,3.0,3.0,150.0,231.43,1.0,1.0,50.0,77.14,0.0,0.0,0.0,0.0,1.0,1.0,50.0,77.14,0.0,0.0,0.0,0.0,0.0,0.0,0.0,0.0,0.0,0.0,0.0,0.0,0.0,0.0,0.0,0.0,0.0,0.0,0.0,0.0,0.0,0.0,0.0,0.0,1.0,1.0,50.0,77.14,0.0,0.0,0.0,0.0,0.0,0.0,0.0,0.0,0.0,0.0,0.0,0.0,0.0,0.0,0.0,0.0,0.0,0.0,0.0,0.0,0.0,0.0,0.0,0.0,0.0,0.0,0.0,0.0,1.0,1.0,50.0,77.14,0.0,150.0,-150.0,102.86,-3.0,-3.0,-150.0,0.47,0.47,0.0,0.0,0.0,,,0.0,,,1.0,1.0,0.0,0.0,0.0,50.0,0.0
4,福爾摩沙夢想家,73|77|106|13777,陳振傑/馬建豪/高柏鎧/布依德,1,7,8.0,78.17,1.3,01:18,78.17,1.3,01:18,0.0,0.0,0.0,0.0,7.0,7.0,87.5,193.42,2.0,2.0,25.0,55.26,0.0,0.0,0.0,0.0,1.0,1.0,12.5,27.63,0.0,0.0,0.0,0.0,1.0,1.0,12.5,27.63,0.0,0.0,0.0,0.0,0.0,0.0,0.0,0.0,0.0,0.0,0.0,0.0,0.0,0.0,0.0,0.0,2.0,2.0,25.0,55.26,1.0,1.0,12.5,27.63,1.0,1.0,12.5,27.63,1.0,1.0,12.5,27.63,0.0,0.0,0.0,0.0,1.0,1.0,12.5,27.63,0.0,0.0,0.0,0.0,0.0,0.0,0.0,0.0,5.0,5.0,62.5,138.16,0.0,87.5,-87.5,147.37,-7.0,-7.0,-87.5,1.3,1.3,0.0,0.0,0.0,0.0,,0.33,,0.0,0.67,0.5,12.5,0.0,0.0,62.5,0.0
4,福爾摩沙夢想家,73|83|106|13777,陳振傑/吳家駿/高柏鎧/布依德,1,2,2.0,28.0,0.47,00:28,28.0,0.47,00:28,0.0,0.0,0.0,0.0,3.0,3.0,150.0,231.43,1.0,1.0,50.0,77.14,0.0,0.0,0.0,0.0,1.0,1.0,50.0,77.14,0.0,0.0,0.0,0.0,0.0,0.0,0.0,0.0,0.0,0.0,0.0,0.0,0.0,0.0,0.0,0.0,0.0,0.0,0.0,0.0,0.0,0.0,0.0,0.0,1.0,1.0,50.0,77.14,0.0,0.0,0.0,0.0,0.0,0.0,0.0,0.0,0.0,0.0,0.0,0.0,0.0,0.0,0.0,0.0,0.0,0.0,0.0,0.0,0.0,0.0,0.0,0.0,0.0,0.0,0.0,0.0,1.0,1.0,50.0,77.14,0.0,150.0,-150.0,102.86,-3.0,-3.0,-150.0,0.47,0.47,0.0,0.0,0.0,,,0.0,,,1.0,1.0,0.0,0.0,0.0,50.0,0.0
4,福爾摩沙夢想家,73|77|89|13777,陳振傑/馬建豪/蔣淯安/布依德,1,5,6.0,50.17,0.84,00:50,50.17,0.84,00:50,0.0,0.0,0.0,0.0,4.0,4.0,66.67,172.21,1.0,1.0,16.67,43.05,0.0,0.0,0.0,0.0,0.0,0.0,0.0,0.0,0.0,0.0,0.0,0.0,1.0,1.0,16.67,43.05,0.0,0.0,0.0,0.0,0.0,0.0,0.0,0.0,0.0,0.0,0.0,0.0,0.0,0.0,0.0,0.0,1.0,1.0,16.67,43.05,1.0,1.0,16.67,43.05,1.0,1.0,16.67,43.05,1.0,1.0,16.67,43.05,0.0,0.0,0.0,0.0,1.0,1.0,16.67,43.05,0.0,0.0,0.0,0.0,0.0,0.0,0.0,0.0,4.0,4.0,66.67,172.21,0.0,66.67,-66.67,172.21,-4.0,-4.0,-66.67,0.84,0.84,0.0,0.0,,0.0,,0.5,,0.0,0.5,0.33,16.67,0.0,0.0,66.67,0.0
4,福爾摩沙夢想家,73|89|106|13777,陳振傑/蔣淯安/高柏鎧/布依德,1,5,6.0,50.17,0.84,00:50,50.17,0.84,00:50,0.0,0.0,0.0,0.0,4.0,4.0,66.67,172.21,1.0,1.0,16.67,43.05,0.0,0.0,0.0,0.0,0.0,0.0,0.0,0.0,0.0,0.0,0.0,0.0,1.0,1.0,16.67,43.05,0.0,0.0,0.0,0.0,0.0,0.0,0.0,0.0,0.0,0.0,0.0,0.0,0.0,0.0,0.0,0.0,1.0,1.0,16.67,43.05,1.0,1.0,16.67,43.05,1.0,1.0,16.67,43.05,1.0,1.0,16.67,43.05,0.0,0.0,0.0,0.0,1.0,1.0,16.67,43.05,0.0,0.0,0.0,0.0,0.0,0.0,0.0,0.0,4.0,4.0,66.67,172.21,0.0,66.67,-66.67,172.21,-4.0,-4.0,-66.67,0.84,0.84,0.0,0.0,,0.0,,0.5,,0.0,0.5,0.33,16.67,0.0,0.0,66.67,0.0
4,福爾摩沙夢想家,73|89|103|106,陳振傑/蔣淯安/忻沃克/高柏鎧,1,6,6.0,88.35,1.47,01:28,88.35,1.47,01:28,5.0,5.0,83.33,122.24,7.0,7.0,116.67,171.14,3.0,3.0,50.0,73.35,2.0,2.0,33.33,48.9,1.0,1.0,16.67,24.45,1.0,1.0,16.67,24.45,2.0,2.0,33.33,48.9,1.0,1.0,16.67,24.45,0.0,0.0,0.0,0.0,0.0,0.0,0.0,0.0,0.0,0.0,0.0,0.0,1.0,1.0,16.67,24.45,0.0,0.0,0.0,0.0,0.0,0.0,0.0,0.0,0.0,0.0,0.0,0.0,1.0,1.0,16.67,24.45,0.0,0.0,0.0,0.0,0.0,0.0,0.0,0.0,0.0,0.0,0.0,0.0,4.0,4.0,66.67,97.8,83.33,116.67,-33.33,97.8,-2.0,-2.0,-33.33,1.47,1.47,0.83,0.83,1.0,0.5,,0.0,0.5,,1.0,1.0,0.0,0.0,0.0,66.67,0.0
4,福爾摩沙夢想家,73|103|106|107,陳振傑/忻沃克/高柏鎧/霍爾曼,1,6,6.0,88.35,1.47,01:28,88.35,1.47,01:28,5.0,5.0,83.33,122.24,7.0,7.0,116.67,171.14,3.0,3.0,50.0,73.35,2.0,2.0,33.33,48.9,1.0,1.0,16.67,24.45,1.0,1.0,16.67,24.45,2.0,2.0,33.33,48.9,1.0,1.0,16.67,24.45,0.0,0.0,0.0,0.0,0.0,0.0,0.0,0.0,0.0,0.0,0.0,0.0,1.0,1.0,16.67,24.45,0.0,0.0,0.0,0.0,0.0,0.0,0.0,0.0,0.0,0.0,0.0,0.0,1.0,1.0,16.67,24.45,0.0,0.0,0.0,0.0,0.0,0.0,0.0,0.0,0.0,0.0,0.0,0.0,4.0,4.0,66.67,97.8,83.33,116.67,-33.33,97.8,-2.0,-2.0,-33.33,1.47,1.47,0.83,0.83,1.0,0.5,,0.0,0.5,,1.0,1.0,0.0,0.0,0.0,66.67,0.0
4,新北中信特攻,43|104|8889|10879,林韋翰/貝奇/馬可/簡廷兆,8,152,189.0,2526.1,42.1,42:06,315.76,5.26,05:16,94.0,11.75,49.74,80.38,68.0,8.5,35.98,58.14,67.0,8.38,35.45,57.29,32.0,4.0,16.93,27.36,31.0,3.88,16.4,26.51,18.0,2.25,9.52,15.39,36.0,4.5,19.05,30.78,14.0,1.75,7.41,11.97,19.0,2.38,10.05,16.25,17.0,2.12,8.99,14.54,10.0,1.25,5.29,8.55,24.0,3.0,12.7,20.52,21.0,2.62,11.11,17.96,29.0,3.62,15.34,24.8,13.0,1.62,6.88,11.12,23.0,2.88,12.17,19.67,7.0,0.88,3.7,5.99,1.0,0.12,0.53,0.86,14.0,1.75,7.41,11.97,19.0,2.38,10.05,16.25,49.74,35.98,13.76,107.74,26.0,3.25,13.76,42.1,5.26,0.58,0.62,0.58,0.39,0.89,0.15,0.72,0.26,0.53,0.4,3.7,0.53,0.07,10.05,0.28
4,新北中信特攻,43|104|10877|10879,林韋翰/貝奇/阿巴西/簡廷兆,10,150,179.0,2150.02,35.83,35:50,215.0,3.58,03:35,92.0,9.2,51.4,92.43,74.0,7.4,41.34,74.34,65.0,6.5,36.31,65.3,32.0,3.2,17.88,32.15,30.0,3.0,16.76,30.14,18.0,1.8,10.06,18.08,35.0,3.5,19.55,35.16,14.0,1.4,7.82,14.06,19.0,1.9,10.61,19.09,15.0,1.5,8.38,15.07,10.0,1.0,5.59,10.05,24.0,2.4,13.41,24.11,14.0,1.4,7.82,14.06,27.0,2.7,15.08,27.13,14.0,1.4,7.82,14.06,24.0,2.4,13.41,24.11,8.0,0.8,4.47,8.04,1.0,0.1,0.56,1.0,12.0,1.2,6.7,12.06,19.0,1.9,10.61,19.09,51.4,41.34,10.06,119.89,18.0,1.8,10.06,35.83,3.58,0.6,0.63,0.6,0.4,0.79,0.16,0.75,0.27,0.63,0.45,4.47,0.56,0.07,10.61,0.29
4,福爾摩沙夢想家,77|89|103|13777,馬建豪/蔣淯安/忻沃克/布依德,8,163,188.0,2719.51,45.33,45:20,339.94,5.67,05:40,80.0,10.0,42.55,63.54,111.0,13.88,59.04,88.16,69.0,8.62,36.7,54.8,25.0,3.12,13.3,19.86,40.0,5.0,21.28,31.77,16.0,2.0,8.51,12.71,29.0,3.62,15.43,23.03,9.0,1.12,4.79,7.15,25.0,3.12,13.3,19.86,22.0,2.75,11.7,17.47,10.0,1.25,5.32,7.94,35.0,4.38,18.62,27.8,8.0,1.0,4.26,6.35,28.0,3.5,14.89,22.24,13.0,1.62,6.91,10.33,15.0,1.88,7.98,11.91,9.0,1.12,4.79,7.15,5.0,0.62,2.66,3.97,20.0,2.5,10.64,15.89,25.0,3.12,13.3,19.86,42.55,59.04,-16.49,99.55,-31.0,-3.88,-16.49,45.33,5.67,0.43,0.5,0.4,0.31,0.88,0.14,0.6,0.26,0.81,0.56,4.79,2.66,0.11,13.3,0.36
4,福爾摩沙夢想家,77|103|107|13777,馬建豪/忻沃克/霍爾曼/布依德,1,7,8.0,104.0,1.73,01:44,104.0,1.73,01:44,6.0,6.0,75.0,124.62,8.0,8.0,100.0,166.15,4.0,4.0,50.0,83.08,2.0,2.0,25.0,41.54,2.0,2.0,25.0,41.54,1.0,1.0,12.5,20.77,2.0,2.0,25.0,41.54,1.0,1.0,12.5,20.77,1.0,1.0,12.5,20.77,1.0,1.0,12.5,20.77,1.0,1.0,12.5,20.77,1.0,1.0,12.5,20.77,0.0,0.0,0.0,0.0,1.0,1.0,12.5,20.77,0.0,0.0,0.0,0.0,0.0,0.0,0.0,0.0,0.0,0.0,0.0,0.0,1.0,1.0,12.5,20.77,0.0,0.0,0.0,0.0,0.0,0.0,0.0,0.0,75.0,100.0,-25.0,110.77,-2.0,-2.0,-25.0,1.73,1.73,0.62,0.68,0.5,0.5,1.0,0.0,0.0,0.5,1.0,0.67,0.0,12.5,0.0,0.0,0.25
4,福爾摩沙夢想家,77|83|103|106,馬建豪/吳家駿/忻沃克/高柏鎧,2,24,29.0,360.62,6.01,06:01,180.31,3.01,03:00,11.0,5.5,37.93,65.89,15.0,7.5,51.72,89.85,9.0,4.5,31.03,53.91,3.0,1.5,10.34,17.97,2.0,1.0,6.9,11.98,0.0,0.0,0.0,0.0,7.0,3.5,24.14,41.93,3.0,1.5,10.34,17.97,2.0,1.0,6.9,11.98,2.0,1.0,6.9,11.98,1.0,0.5,3.45,5.99,5.0,2.5,17.24,29.95,2.0,1.0,6.9,11.98,4.0,2.0,13.79,23.96,3.0,1.5,10.34,17.97,3.0,1.5,10.34,17.97,2.0,1.0,6.9,11.98,0.0,0.0,0.0,0.0,1.0,0.5,3.45,5.99,4.0,2.0,13.79,23.96,37.93,51.72,-13.79,115.8,-4.0,-2.0,-13.79,6.01,3.01,0.5,0.56,0.0,0.43,1.0,0.23,1.0,0.2,0.71,0.5,6.9,0.0,0.03,13.79,0.22
4,福爾摩沙夢想家,77|83|103|107,馬建豪/吳家駿/忻沃克/霍爾曼,2,15,18.0,203.0,3.38,03:23,101.5,1.69,01:42,5.0,2.5,27.78,53.2,9.0,4.5,50.0,95.76,6.0,3.0,33.33,63.84,1.0,0.5,5.56,10.64,3.0,1.5,16.67,31.92,0.0,0.0,0.0,0.0,3.0,1.5,16.67,31.92,1.0,0.5,5.56,10.64,2.0,1.0,11.11,21.28,2.0,1.0,11.11,21.28,1.0,0.5,5.56,10.64,4.0,2.0,22.22,42.56,0.0,0.0,0.0,0.0,3.0,1.5,16.67,31.92,2.0,1.0,11.11,21.28,1.0,0.5,5.56,10.64,1.0,0.5,5.56,10.64,0.0,0.0,0.0,0.0,2.0,1.0,11.11,21.28,2.0,1.0,11.11,21.28,27.78,50.0,-22.22,127.68,-4.0,-2.0,-22.22,3.38,1.69,0.25,0.36,0.0,0.33,1.0,0.23,1.0,0.25,1.0,0.62,5.56,0.0,0.11,11.11,0.33
4,新北中信特攻,40|44|104|8889,謝亞軒/黃泓瀚/貝奇/馬可,5,42,48.0,656.42,10.94,10:56,131.28,2.19,02:11,16.0,3.2,33.33,52.65,33.0,6.6,68.75,108.59,16.0,3.2,33.33,52.65,5.0,1.0,10.42,16.45,6.0,1.2,12.5,19.74,3.0,0.6,6.25,9.87,10.0,2.0,20.83,32.91,2.0,0.4,4.17,6.58,9.0,1.8,18.75,29.62,4.0,0.8,8.33,13.16,3.0,0.6,6.25,9.87,9.0,1.8,18.75,29.62,2.0,0.4,4.17,6.58,6.0,1.2,12.5,19.74,3.0,0.6,6.25,9.87,5.0,1.0,10.42,16.45,2.0,0.4,4.17,6.58,0.0,0.0,0.0,0.0,7.0,1.4,14.58,23.03,6.0,1.2,12.5,19.74,33.33,68.75,-35.42,105.3,-17.0,-3.4,-35.42,10.94,2.19,0.38,0.4,0.5,0.2,0.44,0.13,1.0,0.33,0.82,0.6,4.17,0.0,0.15,12.5,0.56
4,新北中信特攻,40|44|104|10879,謝亞軒/黃泓瀚/貝奇/簡廷兆,3,29,34.0,461.52,7.69,07:42,153.84,2.56,02:34,6.0,2.0,17.65,28.08,21.0,7.0,61.76,98.28,11.0,3.67,32.35,51.48,2.0,0.67,5.88,9.36,4.0,1.33,11.76,18.72,1.0,0.33,2.94,4.68,7.0,2.33,20.59,32.76,1.0,0.33,2.94,4.68,4.0,1.33,11.76,18.72,1.0,0.33,2.94,4.68,2.0,0.67,5.88,9.36,8.0,2.67,23.53,37.44,2.0,0.67,5.88,9.36,5.0,1.67,14.71,23.4,3.0,1.0,8.82,14.04,3.0,1.0,8.82,14.04,2.0,0.67,5.88,9.36,0.0,0.0,0.0,0.0,5.0,1.67,14.71,23.4,8.0,2.67,23.53,37.44,17.65,61.76,-44.12,106.08,-15.0,-5.0,-44.12,7.69,2.56,0.23,0.24,0.25,0.14,0.25,0.19,1.5,0.29,0.8,0.59,5.88,0.0,0.15,23.53,0.36
4,新北中信特攻,40|104|8889|10881,謝亞軒/貝奇/馬可/飛克,1,1,2.0,19.0,0.32,00:19,19.0,0.32,00:19,0.0,0.0,0.0,0.0,0.0,0.0,0.0,0.0,0.0,0.0,0.0,0.0,0.0,0.0,0.0,0.0,0.0,0.0,0.0,0.0,0.0,0.0,0.0,0.0,0.0,0.0,0.0,0.0,0.0,0.0,0.0,0.0,0.0,0.0,0.0,0.0,0.0,0.0,0.0,0.0,0.0,0.0,0.0,0.0,0.0,0.0,0.0,0.0,0.0,0.0,0.0,0.0,0.0,0.0,0.0,0.0,1.0,1.0,50.0,113.68,0.0,0.0,0.0,0.0,0.0,0.0,0.0,0.0,0.0,0.0,0.0,0.0,0.0,0.0,0.0,0.0,0.0,0.0,0.0,0.0,0.0,0.0,0.0,151.58,0.0,0.0,0.0,0.32,0.32,,,,,,1.0,,,,,0.0,0.0,0.0,0.0,
4,新北中信特攻,40|104|10877|10881,謝亞軒/貝奇/阿巴西/飛克,7,102,123.0,1643.01,27.38,27:23,234.72,3.91,03:55,69.0,9.86,56.1,90.71,45.0,6.43,36.59,59.16,46.0,6.57,37.4,60.47,26.0,3.71,21.14,34.18,26.0,3.71,21.14,34.18,17.0,2.43,13.82,22.35,20.0,2.86,16.26,26.29,9.0,1.29,7.32,11.83,12.0,1.71,9.76,15.78,8.0,1.14,6.5,10.52,11.0,1.57,8.94,14.46,12.0,1.71,9.76,15.78,6.0,0.86,4.88,7.89,21.0,3.0,17.07,27.61,11.0,1.57,8.94,14.46,15.0,2.14,12.2,19.72,4.0,0.57,3.25,5.26,2.0,0.29,1.63,2.63,10.0,1.43,8.13,13.15,9.0,1.29,7.32,11.83,56.1,36.59,19.51,107.8,24.0,3.43,19.51,27.38,3.91,0.66,0.67,0.65,0.45,0.67,0.18,0.58,0.34,0.67,0.46,3.25,1.63,0.08,7.32,0.26
4,新北中信特攻,104|8889|10877|10881,貝奇/馬可/阿巴西/飛克,1,1,2.0,19.0,0.32,00:19,19.0,0.32,00:19,0.0,0.0,0.0,0.0,0.0,0.0,0.0,0.0,0.0,0.0,0.0,0.0,0.0,0.0,0.0,0.0,0.0,0.0,0.0,0.0,0.0,0.0,0.0,0.0,0.0,0.0,0.0,0.0,0.0,0.0,0.0,0.0,0.0,0.0,0.0,0.0,0.0,0.0,0.0,0.0,0.0,0.0,0.0,0.0,0.0,0.0,0.0,0.0,0.0,0.0,0.0,0.0,0.0,0.0,0.0,0.0,1.0,1.0,50.0,113.68,0.0,0.0,0.0,0.0,0.0,0.0,0.0,0.0,0.0,0.0,0.0,0.0,0.0,0.0,0.0,0.0,0.0,0.0,0.0,0.0,0.0,0.0,0.0,151.58,0.0,0.0,0.0,0.32,0.32,,,,,,1.0,,,,,0.0,0.0,0.0,0.0,
4,高雄全家海神,51|116|118|13275,克力斯/呂威霆/蘇文儒/吳彥侖,2,13,16.0,208.34,3.47,03:28,104.17,1.74,01:44,5.0,2.5,31.25,51.84,6.0,3.0,37.5,62.21,6.0,3.0,37.5,62.21,2.0,1.0,12.5,20.74,2.0,1.0,12.5,20.74,1.0,0.5,6.25,10.37,4.0,2.0,25.0,41.47,1.0,0.5,6.25,10.37,0.0,0.0,0.0,0.0,0.0,0.0,0.0,0.0,2.0,1.0,12.5,20.74,2.0,1.0,12.5,20.74,1.0,0.5,6.25,10.37,3.0,1.5,18.75,31.1,2.0,1.0,12.5,20.74,2.0,1.0,12.5,20.74,1.0,0.5,6.25,10.37,0.0,0.0,0.0,0.0,1.0,0.5,6.25,10.37,2.0,1.0,12.5,20.74,31.25,37.5,-6.25,110.59,-1.0,-0.5,-6.25,3.47,1.74,0.42,0.42,0.5,0.25,,0.25,1.0,0.4,0.67,0.5,6.25,0.0,0.06,12.5,0.0
4,高雄全家海神,51|116|12908|13275,克力斯/呂威霆/布里茲克/吳彥侖,4,43,51.0,692.07,11.53,11:32,173.02,2.88,02:53,27.0,6.75,52.94,84.27,25.0,6.25,49.02,78.03,21.0,5.25,41.18,65.54,10.0,2.5,19.61,31.21,7.0,1.75,13.73,21.85,3.0,0.75,5.88,9.36,14.0,3.5,27.45,43.69,7.0,1.75,13.73,21.85,0.0,0.0,0.0,0.0,0.0,0.0,0.0,0.0,5.0,1.25,9.8,15.61,6.0,1.5,11.76,18.73,2.0,0.5,3.92,6.24,7.0,1.75,13.73,21.85,5.0,1.25,9.8,15.61,10.0,2.5,19.61,31.21,2.0,0.5,3.92,6.24,0.0,0.0,0.0,0.0,6.0,1.5,11.76,18.73,8.0,2.0,15.69,24.97,52.94,49.02,3.92,106.12,2.0,0.5,3.92,11.53,2.88,0.64,0.64,0.43,0.5,,0.19,1.0,0.42,0.75,0.55,3.92,0.0,0.12,15.69,0.0
4,高雄全家海神,116|118|12908|13275,呂威霆/蘇文儒/布里茲克/吳彥侖,1,32,38.0,554.42,9.24,09:14,554.42,9.24,09:14,16.0,16.0,42.11,62.34,17.0,17.0,44.74,66.23,15.0,15.0,39.47,58.44,6.0,6.0,15.79,23.38,5.0,5.0,13.16,19.48,4.0,4.0,10.53,15.58,10.0,10.0,26.32,38.96,2.0,2.0,5.26,7.79,2.0,2.0,5.26,7.79,2.0,2.0,5.26,7.79,5.0,5.0,13.16,19.48,4.0,4.0,10.53,15.58,2.0,2.0,5.26,7.79,7.0,7.0,18.42,27.27,4.0,4.0,10.53,15.58,3.0,3.0,7.89,11.69,1.0,1.0,2.63,3.9,0.0,0.0,0.0,0.0,4.0,4.0,10.53,15.58,3.0,3.0,7.89,11.69,42.11,44.74,-2.63,98.7,-1.0,-1.0,-2.63,9.24,9.24,0.47,0.5,0.8,0.2,1.0,0.2,0.5,0.42,0.67,0.5,2.63,0.0,0.11,7.89,0.13
4,高雄全家海神,116|118|10894|12908,呂威霆/蘇文儒/凱帝/布里茲克,1,21,24.0,380.08,6.33,06:20,380.08,6.33,06:20,11.0,11.0,45.83,62.51,11.0,11.0,45.83,62.51,10.0,10.0,41.67,56.83,4.0,4.0,16.67,22.73,4.0,4.0,16.67,22.73,3.0,3.0,12.5,17.05,6.0,6.0,25.0,34.1,1.0,1.0,4.17,5.68,2.0,2.0,8.33,11.37,2.0,2.0,8.33,11.37,3.0,3.0,12.5,17.05,3.0,3.0,12.5,17.05,1.0,1.0,4.17,5.68,5.0,5.0,20.83,28.42,2.0,2.0,8.33,11.37,1.0,1.0,4.17,5.68,0.0,0.0,0.0,0.0,0.0,0.0,0.0,0.0,3.0,3.0,12.5,17.05,1.0,1.0,4.17,5.68,45.83,45.83,0.0,90.93,0.0,0.0,0.0,6.33,6.33,0.45,0.51,0.75,0.17,1.0,0.16,0.25,0.38,0.75,0.5,0.0,0.0,0.12,4.17,0.2
4,高雄全家海神,116|118|10894|13275,呂威霆/蘇文儒/凱帝/吳彥侖,1,21,24.0,380.08,6.33,06:20,380.08,6.33,06:20,11.0,11.0,45.83,62.51,11.0,11.0,45.83,62.51,10.0,10.0,41.67,56.83,4.0,4.0,16.67,22.73,4.0,4.0,16.67,22.73,3.0,3.0,12.5,17.05,6.0,6.0,25.0,34.1,1.0,1.0,4.17,5.68,2.0,2.0,8.33,11.37,2.0,2.0,8.33,11.37,3.0,3.0,12.5,17.05,3.0,3.0,12.5,17.05,1.0,1.0,4.17,5.68,5.0,5.0,20.83,28.42,2.0,2.0,8.33,11.37,1.0,1.0,4.17,5.68,0.0,0.0,0.0,0.0,0.0,0.0,0.0,0.0,3.0,3.0,12.5,17.05,1.0,1.0,4.17,5.68,45.83,45.83,0.0,90.93,0.0,0.0,0.0,6.33,6.33,0.45,0.51,0.75,0.17,1.0,0.16,0.25,0.38,0.75,0.5,0.0,0.0,0.12,4.17,0.2
4,高雄全家海神,116|10894|12908|13275,呂威霆/凱帝/布里茲克/吳彥侖,2,39,44.0,639.06,10.65,10:39,319.53,5.33,05:20,19.0,9.5,43.18,64.22,29.0,14.5,65.91,98.02,16.0,8.0,36.36,54.08,5.0,2.5,11.36,16.9,7.0,3.5,15.91,23.66,3.0,1.5,6.82,10.14,9.0,4.5,20.45,30.42,2.0,1.0,4.55,6.76,8.0,4.0,18.18,27.04,7.0,3.5,15.91,23.66,3.0,1.5,6.82,10.14,9.0,4.5,20.45,30.42,2.0,1.0,4.55,6.76,8.0,4.0,18.18,27.04,2.0,1.0,4.55,6.76,3.0,1.5,6.82,10.14,0.0,0.0,0.0,0.0,1.0,0.5,2.27,3.38,6.0,3.0,13.64,20.28,3.0,1.5,6.82,10.14,43.18,65.91,-22.73,99.15,-10.0,-5.0,-22.73,10.65,5.33,0.38,0.49,0.43,0.22,0.88,0.09,0.6,0.27,0.82,0.55,0.0,2.27,0.14,6.82,0.5
4,高雄全家海神,118|10894|12908|13275,蘇文儒/凱帝/布里茲克/吳彥侖,1,26,30.0,463.08,7.72,07:43,463.08,7.72,07:43,13.0,13.0,43.33,60.64,14.0,14.0,46.67,65.3,13.0,13.0,43.33,60.64,4.0,4.0,13.33,18.66,6.0,6.0,20.0,27.99,3.0,3.0,10.0,13.99,7.0,7.0,23.33,32.65,1.0,1.0,3.33,4.66,4.0,4.0,13.33,18.66,4.0,4.0,13.33,18.66,4.0,4.0,13.33,18.66,5.0,5.0,16.67,23.32,1.0,1.0,3.33,4.66,6.0,6.0,20.0,27.99,2.0,2.0,6.67,9.33,1.0,1.0,3.33,4.66,0.0,0.0,0.0,0.0,0.0,0.0,0.0,0.0,4.0,4.0,13.33,18.66,1.0,1.0,3.33,4.66,43.33,46.67,-3.33,93.29,-1.0,-1.0,-3.33,7.72,7.72,0.35,0.44,0.5,0.14,1.0,0.12,0.25,0.4,0.83,0.56,0.0,0.0,0.13,3.33,0.31
4,高雄全家海神,118|122|10894|12908,蘇文儒/陳懷安/凱帝/布里茲克,1,8,10.0,125.09,2.08,02:05,125.09,2.08,02:05,1.0,1.0,10.0,17.27,1.0,1.0,10.0,17.27,4.0,4.0,40.0,69.07,0.0,0.0,0.0,0.0,3.0,3.0,30.0,51.8,0.0,0.0,0.0,0.0,1.0,1.0,10.0,17.27,0.0,0.0,0.0,0.0,1.0,1.0,10.0,17.27,1.0,1.0,10.0,17.27,2.0,2.0,20.0,34.53,2.0,2.0,20.0,34.53,0.0,0.0,0.0,0.0,2.0,2.0,20.0,34.53,1.0,1.0,10.0,17.27,0.0,0.0,0.0,0.0,1.0,1.0,10.0,17.27,0.0,0.0,0.0,0.0,1.0,1.0,10.0,17.27,2.0,2.0,20.0,34.53,10.0,10.0,0.0,115.12,0.0,0.0,0.0,2.08,2.08,0.0,0.11,0.0,0.0,1.0,0.18,,0.5,1.0,0.67,10.0,0.0,0.1,20.0,0.25
4,新北國王,21|24|32|13029,李愷諺/蘇士軒/奧帝/杰倫,3,48,53.0,772.06,12.87,12:52,257.35,4.29,04:17,22.0,7.33,41.51,61.55,28.0,9.33,52.83,78.34,21.0,7.0,39.62,58.75,9.0,3.0,16.98,25.18,15.0,5.0,28.3,41.97,7.0,2.33,13.21,19.58,6.0,2.0,11.32,16.79,2.0,0.67,3.77,5.6,4.0,1.33,7.55,11.19,2.0,0.67,3.77,5.6,2.0,0.67,3.77,5.6,10.0,3.33,18.87,27.98,3.0,1.0,5.66,8.39,10.0,3.33,18.87,27.98,1.0,0.33,1.89,2.8,6.0,2.0,11.32,16.79,1.0,0.33,1.89,2.8,0.0,0.0,0.0,0.0,5.0,1.67,9.43,13.99,9.0,3.0,16.98,25.18,41.51,52.83,-11.32,98.85,-6.0,-2.0,-11.32,12.87,4.29,0.48,0.48,0.47,0.33,0.5,0.04,0.67,0.17,0.77,0.48,1.89,0.0,0.09,16.98,0.19
4,新北國王,21|32|10872|13029,李愷諺/奧帝/林彥廷/杰倫,4,22,28.0,350.34,5.84,05:50,87.58,1.46,01:28,6.0,1.5,21.43,36.99,20.0,5.0,71.43,123.31,8.0,2.0,28.57,49.32,2.0,0.5,7.14,12.33,4.0,1.0,14.29,24.66,2.0,0.5,7.14,12.33,4.0,1.0,14.29,24.66,0.0,0.0,0.0,0.0,6.0,1.5,21.43,36.99,2.0,0.5,7.14,12.33,3.0,0.75,10.71,18.5,3.0,0.75,10.71,18.5,3.0,0.75,10.71,18.5,4.0,1.0,14.29,24.66,2.0,0.5,7.14,12.33,1.0,0.25,3.57,6.17,1.0,0.25,3.57,6.17,0.0,0.0,0.0,0.0,6.0,1.5,21.43,36.99,2.0,0.5,7.14,12.33,21.43,71.43,-50.0,115.09,-14.0,-3.5,-50.0,5.84,1.46,0.25,0.28,0.5,0.0,0.33,0.16,0.5,0.43,0.5,0.46,3.57,0.0,0.21,7.14,0.75
4,新北國王,24|32|10872|13029,蘇士軒/奧帝/林彥廷/杰倫,4,68,79.0,1113.64,18.56,18:34,278.41,4.64,04:38,34.0,8.5,43.04,65.95,48.0,12.0,60.76,93.1,31.0,7.75,39.24,60.13,13.0,3.25,16.46,25.21,15.0,3.75,18.99,29.09,7.0,1.75,8.86,13.58,16.0,4.0,20.25,31.03,6.0,1.5,7.59,11.64,4.0,1.0,5.06,7.76,2.0,0.5,2.53,3.88,6.0,1.5,7.59,11.64,12.0,3.0,15.19,23.27,3.0,0.75,3.8,5.82,13.0,3.25,16.46,25.21,7.0,1.75,8.86,13.58,6.0,1.5,7.59,11.64,4.0,1.0,5.06,7.76,3.0,0.75,3.8,5.82,6.0,1.5,7.59,11.64,8.0,2.0,10.13,15.52,43.04,60.76,-17.72,102.15,-14.0,-3.5,-17.72,18.56,4.64,0.52,0.52,0.47,0.38,0.5,0.18,0.46,0.32,0.8,0.53,5.06,3.8,0.08,10.13,0.13
4,新北國王,21|29|32|13029,李愷諺/林書緯/奧帝/杰倫,4,70,80.0,1065.51,17.76,17:46,266.38,4.44,04:26,28.0,7.0,35.0,56.76,40.0,10.0,50.0,81.09,31.0,7.75,38.75,62.84,11.0,2.75,13.75,22.3,18.0,4.5,22.5,36.49,8.0,2.0,10.0,16.22,13.0,3.25,16.25,26.35,3.0,0.75,3.75,6.08,6.0,1.5,7.5,12.16,3.0,0.75,3.75,6.08,7.0,1.75,8.75,14.19,14.0,3.5,17.5,28.38,2.0,0.5,2.5,4.05,10.0,2.5,12.5,20.27,6.0,1.5,7.5,12.16,8.0,2.0,10.0,16.22,6.0,1.5,7.5,12.16,1.0,0.25,1.25,2.03,4.0,1.0,5.0,8.11,11.0,2.75,13.75,22.3,35.0,50.0,-15.0,108.12,-12.0,-3.0,-15.0,17.76,4.44,0.4,0.42,0.44,0.23,0.5,0.15,0.73,0.41,0.88,0.64,7.5,1.25,0.05,13.75,0.19
4,新北國王,29|32|10872|13029,林書緯/奧帝/林彥廷/杰倫,5,64,76.0,1014.09,16.9,16:54,202.82,3.38,03:23,28.0,5.6,36.84,59.64,36.0,7.2,47.37,76.68,31.0,6.2,40.79,66.03,11.0,2.2,14.47,23.43,13.0,2.6,17.11,27.69,7.0,1.4,9.21,14.91,18.0,3.6,23.68,38.34,4.0,0.8,5.26,8.52,4.0,0.8,5.26,8.52,2.0,0.4,2.63,4.26,7.0,1.4,9.21,14.91,12.0,2.4,15.79,25.56,4.0,0.8,5.26,8.52,13.0,2.6,17.11,27.69,7.0,1.4,9.21,14.91,6.0,1.2,7.89,12.78,4.0,0.8,5.26,8.52,1.0,0.2,1.32,2.13,3.0,0.6,3.95,6.39,11.0,2.2,14.47,23.43,36.84,47.37,-10.53,107.92,-8.0,-1.6,-10.53,16.9,3.38,0.42,0.43,0.54,0.22,0.5,0.18,0.55,0.35,0.75,0.53,5.26,1.32,0.04,14.47,0.13
4,新北國王,24|29|32|13029,蘇士軒/林書緯/奧帝/杰倫,5,116,126.0,1737.75,28.96,28:58,347.55,5.79,05:48,61.0,12.2,48.41,75.82,63.0,12.6,50.0,78.31,49.0,9.8,38.89,60.91,24.0,4.8,19.05,29.83,25.0,5.0,19.84,31.07,14.0,2.8,11.11,17.4,24.0,4.8,19.05,29.83,10.0,2.0,7.94,12.43,3.0,0.6,2.38,3.73,3.0,0.6,2.38,3.73,5.0,1.0,3.97,6.21,21.0,4.2,16.67,26.1,4.0,0.8,3.17,4.97,21.0,4.2,16.67,26.1,10.0,2.0,7.94,12.43,15.0,3.0,11.9,18.64,5.0,1.0,3.97,6.21,1.0,0.2,0.79,1.24,5.0,1.0,3.97,6.21,24.0,4.8,19.05,29.83,48.41,50.0,-1.59,104.41,-2.0,-0.4,-1.59,28.96,5.79,0.59,0.61,0.56,0.42,1.0,0.17,0.62,0.19,0.84,0.51,3.97,0.79,0.04,19.05,0.06
4,新北國王,24|32|10874|13029,蘇士軒/奧帝/熊祥泰/杰倫,4,36,39.0,489.3,8.15,08:09,122.32,2.04,02:02,22.0,5.5,56.41,97.12,23.0,5.75,58.97,101.53,16.0,4.0,41.03,70.63,8.0,2.0,20.51,35.32,6.0,1.5,15.38,26.49,3.0,0.75,7.69,13.24,10.0,2.5,25.64,44.14,5.0,1.25,12.82,22.07,1.0,0.25,2.56,4.41,1.0,0.25,2.56,4.41,1.0,0.25,2.56,4.41,7.0,1.75,17.95,30.9,2.0,0.5,5.13,8.83,4.0,1.0,10.26,17.66,0.0,0.0,0.0,0.0,6.0,1.5,15.38,26.49,0.0,0.0,0.0,0.0,0.0,0.0,0.0,0.0,1.0,0.25,2.56,4.41,9.0,2.25,23.08,39.73,56.41,58.97,-2.56,114.78,-1.0,-0.25,-2.56,8.15,2.04,0.66,0.67,0.5,0.5,1.0,0.0,0.75,0.2,0.78,0.57,0.0,0.0,0.03,23.08,0.06
4,新北國王,29|32|10874|13029,林書緯/奧帝/熊祥泰/杰倫,4,43,48.0,619.39,10.32,10:19,154.85,2.58,02:35,27.0,6.75,56.25,94.16,25.0,6.25,52.08,87.18,18.0,4.5,37.5,62.77,9.0,2.25,18.75,31.39,7.0,1.75,14.58,24.41,4.0,1.0,8.33,13.95,11.0,2.75,22.92,38.36,5.0,1.25,10.42,17.44,5.0,1.25,10.42,17.44,4.0,1.0,8.33,13.95,3.0,0.75,6.25,10.46,7.0,1.75,14.58,24.41,2.0,0.5,4.17,6.97,4.0,1.0,8.33,13.95,3.0,0.75,6.25,10.46,7.0,1.75,14.58,24.41,3.0,0.75,6.25,10.46,0.0,0.0,0.0,0.0,3.0,0.75,6.25,10.46,9.0,2.25,18.75,31.39,56.25,52.08,4.17,111.59,2.0,0.5,4.17,10.32,2.58,0.64,0.67,0.57,0.45,0.8,0.13,0.78,0.43,0.78,0.62,6.25,0.0,0.06,18.75,0.28
4,高雄全家海神,110|118|10894|13275,胡瓏貿/蘇文儒/凱帝/吳彥侖,1,5,6.0,83.0,1.38,01:23,83.0,1.38,01:23,2.0,2.0,33.33,52.05,3.0,3.0,50.0,78.07,3.0,3.0,50.0,78.07,0.0,0.0,0.0,0.0,2.0,2.0,33.33,52.05,0.0,0.0,0.0,0.0,1.0,1.0,16.67,26.02,0.0,0.0,0.0,0.0,2.0,2.0,33.33,52.05,2.0,2.0,33.33,52.05,1.0,1.0,16.67,26.02,2.0,2.0,33.33,52.05,0.0,0.0,0.0,0.0,1.0,1.0,16.67,26.02,0.0,0.0,0.0,0.0,0.0,0.0,0.0,0.0,0.0,0.0,0.0,0.0,0.0,0.0,0.0,0.0,1.0,1.0,16.67,26.02,0.0,0.0,0.0,0.0,33.33,50.0,-16.67,104.1,-1.0,-1.0,-16.67,1.38,1.38,0.0,0.26,0.0,0.0,1.0,0.0,,0.5,1.0,0.75,0.0,0.0,0.17,0.0,0.67
4,高雄全家海神,110|10894|12908|13275,胡瓏貿/凱帝/布里茲克/吳彥侖,2,38,47.0,680.3,11.34,11:20,340.15,5.67,05:40,15.0,7.5,31.91,47.63,24.0,12.0,51.06,76.2,20.0,10.0,42.55,63.5,6.0,3.0,12.77,19.05,11.0,5.5,23.4,34.93,5.0,2.5,10.64,15.88,9.0,4.5,19.15,28.58,1.0,0.5,2.13,3.18,2.0,1.0,4.26,6.35,2.0,1.0,4.26,6.35,5.0,2.5,10.64,15.88,8.0,4.0,17.02,25.4,4.0,2.0,8.51,12.7,7.0,3.5,14.89,22.23,3.0,1.5,6.38,9.53,3.0,1.5,6.38,9.53,1.0,0.5,2.13,3.18,2.0,1.0,4.26,6.35,3.0,1.5,6.38,9.53,2.0,1.0,4.26,6.35,31.91,51.06,-19.15,99.49,-9.0,-4.5,-19.15,11.34,5.67,0.32,0.36,0.45,0.11,1.0,0.13,0.5,0.42,0.67,0.54,2.13,4.26,0.06,4.26,0.1
4,高雄全家海神,45|116|119|10894,施晉堯/呂威霆/余純安/凱帝,1,5,5.0,56.0,0.93,00:56,56.0,0.93,00:56,3.0,3.0,60.0,115.71,0.0,0.0,0.0,0.0,3.0,3.0,60.0,115.71,1.0,1.0,20.0,38.57,1.0,1.0,20.0,38.57,0.0,0.0,0.0,0.0,2.0,2.0,40.0,77.14,1.0,1.0,20.0,38.57,0.0,0.0,0.0,0.0,0.0,0.0,0.0,0.0,0.0,0.0,0.0,0.0,1.0,1.0,20.0,38.57,0.0,0.0,0.0,0.0,2.0,2.0,40.0,77.14,0.0,0.0,0.0,0.0,0.0,0.0,0.0,0.0,0.0,0.0,0.0,0.0,0.0,0.0,0.0,0.0,0.0,0.0,0.0,0.0,0.0,0.0,0.0,0.0,60.0,0.0,60.0,128.57,3.0,3.0,60.0,0.93,0.93,0.5,0.5,0.0,0.5,,0.0,0.0,0.0,1.0,0.33,0.0,0.0,0.0,0.0,0.0
4,高雄全家海神,45|116|119|13275,施晉堯/呂威霆/余純安/吳彥侖,1,5,5.0,56.0,0.93,00:56,56.0,0.93,00:56,3.0,3.0,60.0,115.71,0.0,0.0,0.0,0.0,3.0,3.0,60.0,115.71,1.0,1.0,20.0,38.57,1.0,1.0,20.0,38.57,0.0,0.0,0.0,0.0,2.0,2.0,40.0,77.14,1.0,1.0,20.0,38.57,0.0,0.0,0.0,0.0,0.0,0.0,0.0,0.0,0.0,0.0,0.0,0.0,1.0,1.0,20.0,38.57,0.0,0.0,0.0,0.0,2.0,2.0,40.0,77.14,0.0,0.0,0.0,0.0,0.0,0.0,0.0,0.0,0.0,0.0,0.0,0.0,0.0,0.0,0.0,0.0,0.0,0.0,0.0,0.0,0.0,0.0,0.0,0.0,60.0,0.0,60.0,128.57,3.0,3.0,60.0,0.93,0.93,0.5,0.5,0.0,0.5,,0.0,0.0,0.0,1.0,0.33,0.0,0.0,0.0,0.0,0.0
4,高雄全家海神,45|116|10894|13275,施晉堯/呂威霆/凱帝/吳彥侖,1,5,5.0,56.0,0.93,00:56,56.0,0.93,00:56,3.0,3.0,60.0,115.71,0.0,0.0,0.0,0.0,3.0,3.0,60.0,115.71,1.0,1.0,20.0,38.57,1.0,1.0,20.0,38.57,0.0,0.0,0.0,0.0,2.0,2.0,40.0,77.14,1.0,1.0,20.0,38.57,0.0,0.0,0.0,0.0,0.0,0.0,0.0,0.0,0.0,0.0,0.0,0.0,1.0,1.0,20.0,38.57,0.0,0.0,0.0,0.0,2.0,2.0,40.0,77.14,0.0,0.0,0.0,0.0,0.0,0.0,0.0,0.0,0.0,0.0,0.0,0.0,0.0,0.0,0.0,0.0,0.0,0.0,0.0,0.0,0.0,0.0,0.0,0.0,60.0,0.0,60.0,128.57,3.0,3.0,60.0,0.93,0.93,0.5,0.5,0.0,0.5,,0.0,0.0,0.0,1.0,0.33,0.0,0.0,0.0,0.0,0.0
4,高雄全家海神,45|119|10894|13275,施晉堯/余純安/凱帝/吳彥侖,1,5,5.0,56.0,0.93,00:56,56.0,0.93,00:56,3.0,3.0,60.0,115.71,0.0,0.0,0.0,0.0,3.0,3.0,60.0,115.71,1.0,1.0,20.0,38.57,1.0,1.0,20.0,38.57,0.0,0.0,0.0,0.0,2.0,2.0,40.0,77.14,1.0,1.0,20.0,38.57,0.0,0.0,0.0,0.0,0.0,0.0,0.0,0.0,0.0,0.0,0.0,0.0,1.0,1.0,20.0,38.57,0.0,0.0,0.0,0.0,2.0,2.0,40.0,77.14,0.0,0.0,0.0,0.0,0.0,0.0,0.0,0.0,0.0,0.0,0.0,0.0,0.0,0.0,0.0,0.0,0.0,0.0,0.0,0.0,0.0,0.0,0.0,0.0,60.0,0.0,60.0,128.57,3.0,3.0,60.0,0.93,0.93,0.5,0.5,0.0,0.5,,0.0,0.0,0.0,1.0,0.33,0.0,0.0,0.0,0.0,0.0
4,高雄全家海神,116|119|10894|13275,呂威霆/余純安/凱帝/吳彥侖,1,5,5.0,56.0,0.93,00:56,56.0,0.93,00:56,3.0,3.0,60.0,115.71,0.0,0.0,0.0,0.0,3.0,3.0,60.0,115.71,1.0,1.0,20.0,38.57,1.0,1.0,20.0,38.57,0.0,0.0,0.0,0.0,2.0,2.0,40.0,77.14,1.0,1.0,20.0,38.57,0.0,0.0,0.0,0.0,0.0,0.0,0.0,0.0,0.0,0.0,0.0,0.0,1.0,1.0,20.0,38.57,0.0,0.0,0.0,0.0,2.0,2.0,40.0,77.14,0.0,0.0,0.0,0.0,0.0,0.0,0.0,0.0,0.0,0.0,0.0,0.0,0.0,0.0,0.0,0.0,0.0,0.0,0.0,0.0,0.0,0.0,0.0,0.0,60.0,0.0,60.0,128.57,3.0,3.0,60.0,0.93,0.93,0.5,0.5,0.0,0.5,,0.0,0.0,0.0,1.0,0.33,0.0,0.0,0.0,0.0,0.0
4,高雄全家海神,45|110|119|122,施晉堯/胡瓏貿/余純安/陳懷安,1,10,12.0,217.0,3.62,03:37,217.0,3.62,03:37,3.0,3.0,25.0,29.86,6.0,6.0,50.0,59.72,4.0,4.0,33.33,39.82,1.0,1.0,8.33,9.95,1.0,1.0,8.33,9.95,0.0,0.0,0.0,0.0,3.0,3.0,25.0,29.86,1.0,1.0,8.33,9.95,0.0,0.0,0.0,0.0,0.0,0.0,0.0,0.0,0.0,0.0,0.0,0.0,3.0,3.0,25.0,29.86,2.0,2.0,16.67,19.91,1.0,1.0,8.33,9.95,1.0,1.0,8.33,9.95,1.0,1.0,8.33,9.95,0.0,0.0,0.0,0.0,0.0,0.0,0.0,0.0,0.0,0.0,0.0,0.0,0.0,0.0,0.0,0.0,25.0,50.0,-25.0,79.63,-3.0,-3.0,-25.0,3.62,3.62,0.38,0.38,0.0,0.33,,0.2,1.0,0.0,0.6,0.5,0.0,0.0,0.0,0.0,0.0
4,高雄全家海神,45|119|122|10894,施晉堯/余純安/陳懷安/凱帝,1,10,12.0,217.0,3.62,03:37,217.0,3.62,03:37,3.0,3.0,25.0,29.86,6.0,6.0,50.0,59.72,4.0,4.0,33.33,39.82,1.0,1.0,8.33,9.95,1.0,1.0,8.33,9.95,0.0,0.0,0.0,0.0,3.0,3.0,25.0,29.86,1.0,1.0,8.33,9.95,0.0,0.0,0.0,0.0,0.0,0.0,0.0,0.0,0.0,0.0,0.0,0.0,3.0,3.0,25.0,29.86,2.0,2.0,16.67,19.91,1.0,1.0,8.33,9.95,1.0,1.0,8.33,9.95,1.0,1.0,8.33,9.95,0.0,0.0,0.0,0.0,0.0,0.0,0.0,0.0,0.0,0.0,0.0,0.0,0.0,0.0,0.0,0.0,25.0,50.0,-25.0,79.63,-3.0,-3.0,-25.0,3.62,3.62,0.38,0.38,0.0,0.33,,0.2,1.0,0.0,0.6,0.5,0.0,0.0,0.0,0.0,0.0
4,高雄全家海神,45|51|116|118,施晉堯/克力斯/呂威霆/蘇文儒,3,47,55.0,793.67,13.23,13:14,264.56,4.41,04:25,13.0,4.33,23.64,35.38,23.0,7.67,41.82,62.6,21.0,7.0,38.18,57.15,5.0,1.67,9.09,13.61,11.0,3.67,20.0,29.94,4.0,1.33,7.27,10.89,10.0,3.33,18.18,27.22,1.0,0.33,1.82,2.72,4.0,1.33,7.27,10.89,2.0,0.67,3.64,5.44,3.0,1.0,5.45,8.16,14.0,4.67,25.45,38.1,5.0,1.67,9.09,13.61,9.0,3.0,16.36,24.49,4.0,1.33,7.27,10.89,1.0,0.33,1.82,2.72,3.0,1.0,5.45,8.16,3.0,1.0,5.45,8.16,2.0,0.67,3.64,5.44,4.0,1.33,7.27,10.89,23.64,41.82,-18.18,99.79,-10.0,-3.33,-18.18,13.23,4.41,0.26,0.29,0.36,0.1,0.5,0.15,0.2,0.25,0.74,0.55,5.45,5.45,0.04,7.27,0.19
4,高雄全家海神,45|51|116|12908,施晉堯/克力斯/呂威霆/布里茲克,4,62,73.0,966.33,16.11,16:06,241.58,4.03,04:02,29.0,7.25,39.73,64.82,35.0,8.75,47.95,78.23,25.0,6.25,34.25,55.88,10.0,2.5,13.7,22.35,16.0,4.0,21.92,35.76,7.0,1.75,9.59,15.65,9.0,2.25,12.33,20.12,3.0,0.75,4.11,6.71,6.0,1.5,8.22,13.41,6.0,1.5,8.22,13.41,3.0,0.75,4.11,6.71,11.0,2.75,15.07,24.59,7.0,1.75,9.59,15.65,9.0,2.25,12.33,20.12,5.0,1.25,6.85,11.18,7.0,1.75,9.59,15.65,3.0,0.75,4.11,6.71,2.0,0.5,2.74,4.47,3.0,0.75,4.11,6.71,14.0,3.5,19.18,31.29,39.73,47.95,-8.22,108.78,-6.0,-1.5,-8.22,16.11,4.03,0.46,0.52,0.44,0.33,1.0,0.15,0.7,0.25,0.61,0.47,4.11,2.74,0.04,19.18,0.24
4,高雄全家海神,45|116|118|12908,施晉堯/呂威霆/蘇文儒/布里茲克,1,4,7.0,85.08,1.42,01:25,85.08,1.42,01:25,0.0,0.0,0.0,0.0,3.0,3.0,42.86,76.16,2.0,2.0,28.57,50.77,0.0,0.0,0.0,0.0,1.0,1.0,14.29,25.39,0.0,0.0,0.0,0.0,1.0,1.0,14.29,25.39,0.0,0.0,0.0,0.0,0.0,0.0,0.0,0.0,0.0,0.0,0.0,0.0,1.0,1.0,14.29,25.39,1.0,1.0,14.29,25.39,2.0,2.0,28.57,50.77,1.0,1.0,14.29,25.39,1.0,1.0,14.29,25.39,0.0,0.0,0.0,0.0,0.0,0.0,0.0,0.0,1.0,1.0,14.29,25.39,0.0,0.0,0.0,0.0,2.0,2.0,28.57,50.77,0.0,42.86,-42.86,118.47,-3.0,-3.0,-42.86,1.42,1.42,0.0,0.0,0.0,0.0,,0.33,,0.5,0.33,0.4,0.0,14.29,0.0,28.57,0.0
4,新北國王,24|25|32|10872,蘇士軒/林金榜/奧帝/林彥廷,1,1,1.0,22.0,0.37,00:22,22.0,0.37,00:22,0.0,0.0,0.0,0.0,3.0,3.0,300.0,294.55,0.0,0.0,0.0,0.0,0.0,0.0,0.0,0.0,0.0,0.0,0.0,0.0,0.0,0.0,0.0,0.0,0.0,0.0,0.0,0.0,0.0,0.0,0.0,0.0,0.0,0.0,0.0,0.0,0.0,0.0,0.0,0.0,0.0,0.0,0.0,0.0,0.0,0.0,0.0,0.0,0.0,0.0,0.0,0.0,0.0,0.0,0.0,0.0,0.0,0.0,0.0,0.0,0.0,0.0,0.0,0.0,0.0,0.0,0.0,0.0,0.0,0.0,0.0,0.0,0.0,0.0,0.0,0.0,0.0,0.0,0.0,0.0,0.0,300.0,-300.0,65.45,-3.0,-3.0,-300.0,0.37,0.37,,,,,,,,,,,0.0,0.0,0.0,0.0,
4,新北國王,24|25|32|13029,蘇士軒/林金榜/奧帝/杰倫,1,1,1.0,22.0,0.37,00:22,22.0,0.37,00:22,0.0,0.0,0.0,0.0,3.0,3.0,300.0,294.55,0.0,0.0,0.0,0.0,0.0,0.0,0.0,0.0,0.0,0.0,0.0,0.0,0.0,0.0,0.0,0.0,0.0,0.0,0.0,0.0,0.0,0.0,0.0,0.0,0.0,0.0,0.0,0.0,0.0,0.0,0.0,0.0,0.0,0.0,0.0,0.0,0.0,0.0,0.0,0.0,0.0,0.0,0.0,0.0,0.0,0.0,0.0,0.0,0.0,0.0,0.0,0.0,0.0,0.0,0.0,0.0,0.0,0.0,0.0,0.0,0.0,0.0,0.0,0.0,0.0,0.0,0.0,0.0,0.0,0.0,0.0,0.0,0.0,300.0,-300.0,65.45,-3.0,-3.0,-300.0,0.37,0.37,,,,,,,,,,,0.0,0.0,0.0,0.0,
4,新北國王,24|25|10872|13029,蘇士軒/林金榜/林彥廷/杰倫,1,1,1.0,22.0,0.37,00:22,22.0,0.37,00:22,0.0,0.0,0.0,0.0,3.0,3.0,300.0,294.55,0.0,0.0,0.0,0.0,0.0,0.0,0.0,0.0,0.0,0.0,0.0,0.0,0.0,0.0,0.0,0.0,0.0,0.0,0.0,0.0,0.0,0.0,0.0,0.0,0.0,0.0,0.0,0.0,0.0,0.0,0.0,0.0,0.0,0.0,0.0,0.0,0.0,0.0,0.0,0.0,0.0,0.0,0.0,0.0,0.0,0.0,0.0,0.0,0.0,0.0,0.0,0.0,0.0,0.0,0.0,0.0,0.0,0.0,0.0,0.0,0.0,0.0,0.0,0.0,0.0,0.0,0.0,0.0,0.0,0.0,0.0,0.0,0.0,300.0,-300.0,65.45,-3.0,-3.0,-300.0,0.37,0.37,,,,,,,,,,,0.0,0.0,0.0,0.0,
4,新北國王,25|32|10872|13029,林金榜/奧帝/林彥廷/杰倫,2,5,6.0,86.29,1.44,01:26,43.15,0.72,00:43,1.0,0.5,16.67,25.03,6.0,3.0,100.0,150.19,1.0,0.5,16.67,25.03,0.0,0.0,0.0,0.0,1.0,0.5,16.67,25.03,0.0,0.0,0.0,0.0,0.0,0.0,0.0,0.0,0.0,0.0,0.0,0.0,2.0,1.0,33.33,50.06,1.0,0.5,16.67,25.03,0.0,0.0,0.0,0.0,1.0,0.5,16.67,25.03,1.0,0.5,16.67,25.03,1.0,0.5,16.67,25.03,0.0,0.0,0.0,0.0,0.0,0.0,0.0,0.0,0.0,0.0,0.0,0.0,0.0,0.0,0.0,0.0,0.0,0.0,0.0,0.0,0.0,0.0,0.0,0.0,16.67,100.0,-83.33,100.13,-5.0,-2.5,-83.33,1.44,0.72,0.0,0.27,0.0,,0.5,0.0,,0.0,0.5,0.33,0.0,0.0,0.0,0.0,2.0
4,新北國王,21|25|34|13029,李愷諺/林金榜/沃許本/杰倫,1,1,1.0,2.0,0.03,00:02,2.0,0.03,00:02,0.0,0.0,0.0,0.0,0.0,0.0,0.0,0.0,0.0,0.0,0.0,0.0,0.0,0.0,0.0,0.0,0.0,0.0,0.0,0.0,0.0,0.0,0.0,0.0,0.0,0.0,0.0,0.0,0.0,0.0,0.0,0.0,0.0,0.0,0.0,0.0,0.0,0.0,0.0,0.0,0.0,0.0,0.0,0.0,0.0,0.0,0.0,0.0,0.0,0.0,0.0,0.0,0.0,0.0,0.0,0.0,0.0,0.0,0.0,0.0,0.0,0.0,0.0,0.0,0.0,0.0,0.0,0.0,0.0,0.0,0.0,0.0,0.0,0.0,0.0,0.0,0.0,0.0,0.0,0.0,0.0,0.0,0.0,720.0,0.0,0.0,0.0,0.03,0.03,,,,,,,,,,,0.0,0.0,0.0,0.0,
4,新北國王,21|25|10872|13029,李愷諺/林金榜/林彥廷/杰倫,1,1,1.0,2.0,0.03,00:02,2.0,0.03,00:02,0.0,0.0,0.0,0.0,0.0,0.0,0.0,0.0,0.0,0.0,0.0,0.0,0.0,0.0,0.0,0.0,0.0,0.0,0.0,0.0,0.0,0.0,0.0,0.0,0.0,0.0,0.0,0.0,0.0,0.0,0.0,0.0,0.0,0.0,0.0,0.0,0.0,0.0,0.0,0.0,0.0,0.0,0.0,0.0,0.0,0.0,0.0,0.0,0.0,0.0,0.0,0.0,0.0,0.0,0.0,0.0,0.0,0.0,0.0,0.0,0.0,0.0,0.0,0.0,0.0,0.0,0.0,0.0,0.0,0.0,0.0,0.0,0.0,0.0,0.0,0.0,0.0,0.0,0.0,0.0,0.0,0.0,0.0,720.0,0.0,0.0,0.0,0.03,0.03,,,,,,,,,,,0.0,0.0,0.0,0.0,
4,新北國王,25|34|10872|13029,林金榜/沃許本/林彥廷/杰倫,2,3,3.0,56.24,0.94,00:56,28.12,0.47,00:28,0.0,0.0,0.0,0.0,0.0,0.0,0.0,0.0,0.0,0.0,0.0,0.0,0.0,0.0,0.0,0.0,0.0,0.0,0.0,0.0,0.0,0.0,0.0,0.0,0.0,0.0,0.0,0.0,0.0,0.0,0.0,0.0,0.0,0.0,0.0,0.0,0.0,0.0,0.0,0.0,0.0,0.0,0.0,0.0,0.0,0.0,0.0,0.0,0.0,0.0,0.0,0.0,1.0,0.5,33.33,38.41,1.0,0.5,33.33,38.41,0.0,0.0,0.0,0.0,1.0,0.5,33.33,38.41,0.0,0.0,0.0,0.0,1.0,0.5,33.33,38.41,0.0,0.0,0.0,0.0,0.0,0.0,0.0,76.82,0.0,0.0,0.0,0.94,0.47,,,,,,1.0,,0.0,,0.0,33.33,0.0,0.33,0.0,
4,新北中信特攻,39|40|104|8889,魏嘉豪/謝亞軒/貝奇/馬可,3,43,47.0,642.89,10.71,10:43,214.3,3.57,03:34,25.0,8.33,53.19,84.0,23.0,7.67,48.94,77.28,20.0,6.67,42.55,67.2,11.0,3.67,23.4,36.96,16.0,5.33,34.04,53.76,10.0,3.33,21.28,33.6,4.0,1.33,8.51,13.44,1.0,0.33,2.13,3.36,2.0,0.67,4.26,6.72,2.0,0.67,4.26,6.72,2.0,0.67,4.26,6.72,8.0,2.67,17.02,26.88,0.0,0.0,0.0,0.0,8.0,2.67,17.02,26.88,3.0,1.0,6.38,10.08,9.0,3.0,19.15,30.24,2.0,0.67,4.26,6.72,0.0,0.0,0.0,0.0,2.0,0.67,4.26,6.72,4.0,1.33,8.51,13.44,53.19,48.94,4.26,105.27,2.0,0.67,4.26,10.71,3.57,0.57,0.6,0.62,0.25,1.0,0.13,0.82,0.2,1.0,0.56,4.26,0.0,0.04,8.51,0.1
4,新北中信特攻,39|40|104|10877,魏嘉豪/謝亞軒/貝奇/阿巴西,6,101,117.0,1550.04,25.83,25:50,258.34,4.31,04:18,53.0,8.83,45.3,73.86,43.0,7.17,36.75,59.92,53.0,8.83,45.3,73.86,23.0,3.83,19.66,32.05,35.0,5.83,29.91,48.77,20.0,3.33,17.09,27.87,18.0,3.0,15.38,25.08,3.0,0.5,2.56,4.18,7.0,1.17,5.98,9.75,4.0,0.67,3.42,5.57,9.0,1.5,7.69,12.54,24.0,4.0,20.51,33.44,2.0,0.33,1.71,2.79,22.0,3.67,18.8,30.66,3.0,0.5,2.56,4.18,18.0,3.0,15.38,25.08,2.0,0.33,1.71,2.79,2.0,0.33,1.71,2.79,5.0,0.83,4.27,6.97,10.0,1.67,8.55,13.94,45.3,36.75,8.55,108.69,10.0,1.67,8.55,25.83,4.31,0.46,0.47,0.57,0.17,0.57,0.05,0.78,0.29,0.92,0.58,1.71,1.71,0.04,8.55,0.13
4,新北中信特攻,39|104|8889|10877,魏嘉豪/貝奇/馬可/阿巴西,4,47,51.0,685.98,11.43,11:26,171.5,2.86,02:51,25.0,6.25,49.02,78.72,26.0,6.5,50.98,81.87,22.0,5.5,43.14,69.27,11.0,2.75,21.57,34.64,17.0,4.25,33.33,53.53,10.0,2.5,19.61,31.49,5.0,1.25,9.8,15.74,1.0,0.25,1.96,3.15,2.0,0.5,3.92,6.3,2.0,0.5,3.92,6.3,2.0,0.5,3.92,6.3,10.0,2.5,19.61,31.49,0.0,0.0,0.0,0.0,8.0,2.0,15.69,25.19,3.0,0.75,5.88,9.45,9.0,2.25,17.65,28.34,2.0,0.5,3.92,6.3,0.0,0.0,0.0,0.0,2.0,0.5,3.92,6.3,7.0,1.75,13.73,22.04,49.02,50.98,-1.96,107.06,-1.0,-0.25,-1.96,11.43,2.86,0.52,0.55,0.59,0.2,1.0,0.12,0.82,0.2,1.0,0.6,3.92,0.0,0.04,13.73,0.09
4,新北國王,22|29|10872|13029,簡祐哲/林書緯/林彥廷/杰倫,1,1,2.0,12.08,0.2,00:12,12.08,0.2,00:12,0.0,0.0,0.0,0.0,0.0,0.0,0.0,0.0,1.0,1.0,50.0,178.88,0.0,0.0,0.0,0.0,0.0,0.0,0.0,0.0,0.0,0.0,0.0,0.0,1.0,1.0,50.0,178.88,0.0,0.0,0.0,0.0,0.0,0.0,0.0,0.0,0.0,0.0,0.0,0.0,1.0,1.0,50.0,178.88,0.0,0.0,0.0,0.0,0.0,0.0,0.0,0.0,0.0,0.0,0.0,0.0,0.0,0.0,0.0,0.0,0.0,0.0,0.0,0.0,0.0,0.0,0.0,0.0,0.0,0.0,0.0,0.0,1.0,1.0,50.0,178.88,0.0,0.0,0.0,0.0,0.0,0.0,0.0,238.51,0.0,0.0,0.0,0.2,0.2,0.0,0.0,,0.0,,0.0,,1.0,,1.0,0.0,0.0,0.5,0.0,0.0
4,新北國王,22|29|10875|13029,簡祐哲/林書緯/傑登/杰倫,3,16,21.0,263.77,4.4,04:24,87.92,1.47,01:28,16.0,5.33,76.19,131.02,9.0,3.0,42.86,73.7,9.0,3.0,42.86,73.7,5.0,1.67,23.81,40.95,3.0,1.0,14.29,24.57,3.0,1.0,14.29,24.57,6.0,2.0,28.57,49.13,2.0,0.67,9.52,16.38,7.0,2.33,33.33,57.32,4.0,1.33,19.05,32.76,5.0,1.67,23.81,40.95,2.0,0.67,9.52,16.38,0.0,0.0,0.0,0.0,2.0,0.67,9.52,16.38,1.0,0.33,4.76,8.19,4.0,1.33,19.05,32.76,1.0,0.33,4.76,8.19,0.0,0.0,0.0,0.0,5.0,1.67,23.81,40.95,1.0,0.33,4.76,8.19,76.19,42.86,33.33,114.65,7.0,2.33,33.33,4.4,1.47,0.67,0.66,1.0,0.33,0.57,0.08,0.8,0.71,1.0,0.78,4.76,0.0,0.24,4.76,0.78
4,新北國王,22|10872|10875|13029,簡祐哲/林彥廷/傑登/杰倫,1,5,7.0,96.29,1.6,01:36,96.29,1.6,01:36,0.0,0.0,0.0,0.0,3.0,3.0,42.86,67.3,3.0,3.0,42.86,67.3,0.0,0.0,0.0,0.0,0.0,0.0,0.0,0.0,0.0,0.0,0.0,0.0,3.0,3.0,42.86,67.3,0.0,0.0,0.0,0.0,2.0,2.0,28.57,44.86,0.0,0.0,0.0,0.0,2.0,2.0,28.57,44.86,1.0,1.0,14.29,22.43,0.0,0.0,0.0,0.0,0.0,0.0,0.0,0.0,1.0,1.0,14.29,22.43,0.0,0.0,0.0,0.0,0.0,0.0,0.0,0.0,0.0,0.0,0.0,0.0,2.0,2.0,28.57,44.86,2.0,2.0,28.57,44.86,0.0,42.86,-42.86,104.68,-3.0,-3.0,-42.86,1.6,1.6,0.0,0.0,,0.0,0.0,0.2,,1.0,1.0,1.0,0.0,0.0,0.29,28.57,0.67
4,新北中信特攻,40|43|44|104,謝亞軒/林韋翰/黃泓瀚/貝奇,2,21,25.0,275.98,4.6,04:36,137.99,2.3,02:18,9.0,4.5,36.0,70.44,11.0,5.5,44.0,86.09,8.0,4.0,32.0,62.61,3.0,1.5,12.0,23.48,5.0,2.5,20.0,39.13,3.0,1.5,12.0,23.48,3.0,1.5,12.0,23.48,0.0,0.0,0.0,0.0,5.0,2.5,20.0,39.13,3.0,1.5,12.0,23.48,0.0,0.0,0.0,0.0,5.0,2.5,20.0,39.13,3.0,1.5,12.0,23.48,3.0,1.5,12.0,23.48,0.0,0.0,0.0,0.0,2.0,1.0,8.0,15.65,0.0,0.0,0.0,0.0,1.0,0.5,4.0,7.83,3.0,1.5,12.0,23.48,1.0,0.5,4.0,7.83,36.0,44.0,-8.0,130.45,-2.0,-1.0,-8.0,4.6,2.3,0.38,0.44,0.6,0.0,0.6,0.0,0.67,0.0,0.62,0.45,0.0,4.0,0.12,4.0,0.62
4,新北中信特攻,43|44|104|8889,林韋翰/黃泓瀚/貝奇/馬可,5,48,52.0,840.97,14.02,14:01,168.19,2.8,02:48,36.0,7.2,69.23,92.46,27.0,5.4,51.92,69.35,19.0,3.8,36.54,48.8,12.0,2.4,23.08,30.82,7.0,1.4,13.46,17.98,5.0,1.0,9.62,12.84,12.0,2.4,23.08,30.82,7.0,1.4,13.46,17.98,7.0,1.4,13.46,17.98,5.0,1.0,9.62,12.84,0.0,0.0,0.0,0.0,7.0,1.4,13.46,17.98,1.0,0.2,1.92,2.57,9.0,1.8,17.31,23.12,4.0,0.8,7.69,10.27,10.0,2.0,19.23,25.68,4.0,0.8,7.69,10.27,0.0,0.0,0.0,0.0,6.0,1.2,11.54,15.41,6.0,1.2,11.54,15.41,69.23,51.92,17.31,89.04,9.0,1.8,17.31,14.02,2.8,0.82,0.82,0.71,0.58,0.71,0.15,0.83,0.0,0.88,0.41,7.69,0.0,0.12,11.54,0.37
4,新北國王,22|24|10872|10875,簡祐哲/蘇士軒/林彥廷/傑登,1,4,5.0,52.29,0.87,00:52,52.29,0.87,00:52,0.0,0.0,0.0,0.0,3.0,3.0,60.0,123.93,2.0,2.0,40.0,82.62,0.0,0.0,0.0,0.0,0.0,0.0,0.0,0.0,0.0,0.0,0.0,0.0,2.0,2.0,40.0,82.62,0.0,0.0,0.0,0.0,0.0,0.0,0.0,0.0,0.0,0.0,0.0,0.0,1.0,1.0,20.0,41.31,0.0,0.0,0.0,0.0,0.0,0.0,0.0,0.0,0.0,0.0,0.0,0.0,1.0,1.0,20.0,41.31,0.0,0.0,0.0,0.0,0.0,0.0,0.0,0.0,0.0,0.0,0.0,0.0,1.0,1.0,20.0,41.31,2.0,2.0,40.0,82.62,0.0,60.0,-60.0,137.7,-3.0,-3.0,-60.0,0.87,0.87,0.0,0.0,,0.0,,0.33,,1.0,,1.0,0.0,0.0,0.2,40.0,0.0
4,新北國王,22|24|10872|13029,簡祐哲/蘇士軒/林彥廷/杰倫,2,19,23.0,297.34,4.96,04:57,148.67,2.48,02:29,5.0,2.5,21.74,36.32,14.0,7.0,60.87,101.7,11.0,5.5,47.83,79.91,2.0,1.0,8.7,14.53,5.0,2.5,21.74,36.32,1.0,0.5,4.35,7.26,6.0,3.0,26.09,43.59,1.0,0.5,4.35,7.26,0.0,0.0,0.0,0.0,0.0,0.0,0.0,0.0,3.0,1.5,13.04,21.79,5.0,2.5,21.74,36.32,0.0,0.0,0.0,0.0,2.0,1.0,8.7,14.53,2.0,1.0,8.7,14.53,1.0,0.5,4.35,7.26,1.0,0.5,4.35,7.26,2.0,1.0,8.7,14.53,2.0,1.0,8.7,14.53,4.0,2.0,17.39,29.06,21.74,60.87,-39.13,111.39,-9.0,-4.5,-39.13,4.96,2.48,0.23,0.23,0.2,0.17,,0.15,0.5,0.6,1.0,0.8,4.35,8.7,0.09,17.39,0.0
4,新北國王,22|24|10875|13029,簡祐哲/蘇士軒/傑登/杰倫,2,18,22.0,271.29,4.52,04:31,135.64,2.26,02:16,12.0,6.0,54.55,95.54,12.0,6.0,54.55,95.54,9.0,4.5,40.91,71.66,4.0,2.0,18.18,31.85,3.0,1.5,13.64,23.89,3.0,1.5,13.64,23.89,6.0,3.0,27.27,47.77,1.0,0.5,4.55,7.96,5.0,2.5,22.73,39.81,3.0,1.5,13.64,23.89,4.0,2.0,18.18,31.85,2.0,1.0,9.09,15.92,0.0,0.0,0.0,0.0,2.0,1.0,9.09,15.92,2.0,1.0,9.09,15.92,3.0,1.5,13.64,23.89,1.0,0.5,4.55,7.96,0.0,0.0,0.0,0.0,4.0,2.0,18.18,31.85,3.0,1.5,13.64,23.89,54.55,54.55,0.0,116.78,0.0,0.0,0.0,4.52,2.26,0.5,0.54,1.0,0.17,0.6,0.15,0.75,0.67,1.0,0.75,4.55,0.0,0.18,13.64,0.56
4,新北中信特攻,40|44|104|10881,謝亞軒/黃泓瀚/貝奇/飛克,3,23,29.0,329.09,5.48,05:29,109.7,1.83,01:50,12.0,4.0,41.38,78.76,9.0,3.0,31.03,59.07,13.0,4.33,44.83,85.33,6.0,2.0,20.69,39.38,9.0,3.0,31.03,59.07,6.0,2.0,20.69,39.38,4.0,1.33,13.79,26.25,0.0,0.0,0.0,0.0,0.0,0.0,0.0,0.0,0.0,0.0,0.0,0.0,2.0,0.67,6.9,13.13,5.0,1.67,17.24,32.82,3.0,1.0,10.34,19.69,5.0,1.67,17.24,32.82,0.0,0.0,0.0,0.0,2.0,0.67,6.9,13.13,0.0,0.0,0.0,0.0,1.0,0.33,3.45,6.56,1.0,0.33,3.45,6.56,3.0,1.0,10.34,19.69,41.38,31.03,10.34,126.9,3.0,1.0,10.34,5.48,1.83,0.46,0.46,0.67,0.0,,0.0,0.33,0.29,0.62,0.47,0.0,3.45,0.03,10.34,0.0
4,新北中信特攻,43|44|104|10881,林韋翰/黃泓瀚/貝奇/飛克,1,13,17.0,181.0,3.02,03:01,181.0,3.02,03:01,4.0,4.0,23.53,47.73,3.0,3.0,17.65,35.8,6.0,6.0,35.29,71.6,2.0,2.0,11.76,23.87,4.0,4.0,23.53,47.73,2.0,2.0,11.76,23.87,2.0,2.0,11.76,23.87,0.0,0.0,0.0,0.0,0.0,0.0,0.0,0.0,0.0,0.0,0.0,0.0,0.0,0.0,0.0,0.0,4.0,4.0,23.53,47.73,3.0,3.0,17.65,35.8,3.0,3.0,17.65,35.8,0.0,0.0,0.0,0.0,1.0,1.0,5.88,11.93,0.0,0.0,0.0,0.0,1.0,1.0,5.88,11.93,1.0,1.0,5.88,11.93,1.0,1.0,5.88,11.93,23.53,17.65,5.88,135.25,1.0,1.0,5.88,3.02,3.02,0.33,0.33,0.5,0.0,,0.0,0.5,0.0,0.57,0.4,0.0,5.88,0.06,5.88,0.0
4,新北國王,21|28|29|13029,李愷諺/呂政儒/林書緯/杰倫,3,32,37.0,494.42,8.24,08:14,164.81,2.75,02:45,11.0,3.67,29.73,48.06,20.0,6.67,54.05,87.38,15.0,5.0,40.54,65.53,3.0,1.0,8.11,13.11,7.0,2.33,18.92,30.58,2.0,0.67,5.41,8.74,8.0,2.67,21.62,34.95,1.0,0.33,2.7,4.37,4.0,1.33,10.81,17.48,4.0,1.33,10.81,17.48,3.0,1.0,8.11,13.11,9.0,3.0,24.32,39.32,1.0,0.33,2.7,4.37,6.0,2.0,16.22,26.21,1.0,0.33,2.7,4.37,2.0,0.67,5.41,8.74,1.0,0.33,2.7,4.37,0.0,0.0,0.0,0.0,2.0,0.67,5.41,8.74,3.0,1.0,8.11,13.11,29.73,54.05,-24.32,107.76,-9.0,-3.0,-24.32,8.24,2.75,0.23,0.33,0.29,0.12,1.0,0.06,0.67,0.33,0.9,0.63,2.7,0.0,0.05,8.11,0.27
4,新北國王,23|28|10874|10875,王柏智/呂政儒/熊祥泰/傑登,1,5,7.0,91.35,1.52,01:31,91.35,1.52,01:31,5.0,5.0,71.43,118.23,4.0,4.0,57.14,94.58,4.0,4.0,57.14,94.58,2.0,2.0,28.57,47.29,1.0,1.0,14.29,23.65,1.0,1.0,14.29,23.65,3.0,3.0,42.86,70.94,1.0,1.0,14.29,23.65,0.0,0.0,0.0,0.0,0.0,0.0,0.0,0.0,2.0,2.0,28.57,47.29,0.0,0.0,0.0,0.0,0.0,0.0,0.0,0.0,1.0,1.0,14.29,23.65,0.0,0.0,0.0,0.0,1.0,1.0,14.29,23.65,0.0,0.0,0.0,0.0,0.0,0.0,0.0,0.0,0.0,0.0,0.0,0.0,2.0,2.0,28.57,47.29,71.43,57.14,14.29,110.35,1.0,1.0,14.29,1.52,1.52,0.62,0.62,1.0,0.33,,0.0,0.5,0.67,,0.67,0.0,0.0,0.0,28.57,0.0
4,新北國王,23|28|10874|13029,王柏智/呂政儒/熊祥泰/杰倫,1,5,7.0,91.35,1.52,01:31,91.35,1.52,01:31,5.0,5.0,71.43,118.23,4.0,4.0,57.14,94.58,4.0,4.0,57.14,94.58,2.0,2.0,28.57,47.29,1.0,1.0,14.29,23.65,1.0,1.0,14.29,23.65,3.0,3.0,42.86,70.94,1.0,1.0,14.29,23.65,0.0,0.0,0.0,0.0,0.0,0.0,0.0,0.0,2.0,2.0,28.57,47.29,0.0,0.0,0.0,0.0,0.0,0.0,0.0,0.0,1.0,1.0,14.29,23.65,0.0,0.0,0.0,0.0,1.0,1.0,14.29,23.65,0.0,0.0,0.0,0.0,0.0,0.0,0.0,0.0,0.0,0.0,0.0,0.0,2.0,2.0,28.57,47.29,71.43,57.14,14.29,110.35,1.0,1.0,14.29,1.52,1.52,0.62,0.62,1.0,0.33,,0.0,0.5,0.67,,0.67,0.0,0.0,0.0,28.57,0.0
4,新北國王,28|10874|10875|13029,呂政儒/熊祥泰/傑登/杰倫,1,5,7.0,91.35,1.52,01:31,91.35,1.52,01:31,5.0,5.0,71.43,118.23,4.0,4.0,57.14,94.58,4.0,4.0,57.14,94.58,2.0,2.0,28.57,47.29,1.0,1.0,14.29,23.65,1.0,1.0,14.29,23.65,3.0,3.0,42.86,70.94,1.0,1.0,14.29,23.65,0.0,0.0,0.0,0.0,0.0,0.0,0.0,0.0,2.0,2.0,28.57,47.29,0.0,0.0,0.0,0.0,0.0,0.0,0.0,0.0,1.0,1.0,14.29,23.65,0.0,0.0,0.0,0.0,1.0,1.0,14.29,23.65,0.0,0.0,0.0,0.0,0.0,0.0,0.0,0.0,0.0,0.0,0.0,0.0,2.0,2.0,28.57,47.29,71.43,57.14,14.29,110.35,1.0,1.0,14.29,1.52,1.52,0.62,0.62,1.0,0.33,,0.0,0.5,0.67,,0.67,0.0,0.0,0.0,28.57,0.0
4,新北中信特攻,38|44|47|113,余維豪/黃泓瀚/曾文鼎/林任鴻,2,8,11.0,97.0,1.62,01:37,48.5,0.81,00:48,2.0,1.0,18.18,44.54,4.0,2.0,36.36,89.07,3.0,1.5,27.27,66.8,1.0,0.5,9.09,22.27,3.0,1.5,27.27,66.8,1.0,0.5,9.09,22.27,0.0,0.0,0.0,0.0,0.0,0.0,0.0,0.0,0.0,0.0,0.0,0.0,0.0,0.0,0.0,0.0,1.0,0.5,9.09,22.27,1.0,0.5,9.09,22.27,2.0,1.0,18.18,44.54,1.0,0.5,9.09,22.27,1.0,0.5,9.09,22.27,0.0,0.0,0.0,0.0,1.0,0.5,9.09,22.27,0.0,0.0,0.0,0.0,0.0,0.0,0.0,0.0,0.0,0.0,0.0,0.0,18.18,36.36,-18.18,163.3,-2.0,-1.0,-18.18,1.62,0.81,0.33,0.33,0.33,,,0.25,0.0,0.5,0.33,0.4,9.09,0.0,0.0,0.0,0.0
4,新北中信特攻,38|44|47|10883,余維豪/黃泓瀚/曾文鼎/林安龍,1,3,5.0,33.0,0.55,00:33,33.0,0.55,00:33,0.0,0.0,0.0,0.0,2.0,2.0,40.0,130.91,2.0,2.0,40.0,130.91,0.0,0.0,0.0,0.0,2.0,2.0,40.0,130.91,0.0,0.0,0.0,0.0,0.0,0.0,0.0,0.0,0.0,0.0,0.0,0.0,0.0,0.0,0.0,0.0,0.0,0.0,0.0,0.0,1.0,1.0,20.0,65.45,1.0,1.0,20.0,65.45,1.0,1.0,20.0,65.45,0.0,0.0,0.0,0.0,0.0,0.0,0.0,0.0,0.0,0.0,0.0,0.0,0.0,0.0,0.0,0.0,0.0,0.0,0.0,0.0,0.0,0.0,0.0,0.0,0.0,0.0,0.0,0.0,0.0,40.0,-40.0,218.18,-2.0,-2.0,-40.0,0.55,0.55,0.0,0.0,0.0,,,0.0,,1.0,0.5,0.67,0.0,0.0,0.0,0.0,0.0
4,新北中信特攻,38|44|113|10883,余維豪/黃泓瀚/林任鴻/林安龍,1,3,5.0,33.0,0.55,00:33,33.0,0.55,00:33,0.0,0.0,0.0,0.0,2.0,2.0,40.0,130.91,2.0,2.0,40.0,130.91,0.0,0.0,0.0,0.0,2.0,2.0,40.0,130.91,0.0,0.0,0.0,0.0,0.0,0.0,0.0,0.0,0.0,0.0,0.0,0.0,0.0,0.0,0.0,0.0,0.0,0.0,0.0,0.0,1.0,1.0,20.0,65.45,1.0,1.0,20.0,65.45,1.0,1.0,20.0,65.45,0.0,0.0,0.0,0.0,0.0,0.0,0.0,0.0,0.0,0.0,0.0,0.0,0.0,0.0,0.0,0.0,0.0,0.0,0.0,0.0,0.0,0.0,0.0,0.0,0.0,0.0,0.0,0.0,0.0,40.0,-40.0,218.18,-2.0,-2.0,-40.0,0.55,0.55,0.0,0.0,0.0,,,0.0,,1.0,0.5,0.67,0.0,0.0,0.0,0.0,0.0
4,新北中信特攻,38|47|113|10883,余維豪/曾文鼎/林任鴻/林安龍,1,3,5.0,33.0,0.55,00:33,33.0,0.55,00:33,0.0,0.0,0.0,0.0,2.0,2.0,40.0,130.91,2.0,2.0,40.0,130.91,0.0,0.0,0.0,0.0,2.0,2.0,40.0,130.91,0.0,0.0,0.0,0.0,0.0,0.0,0.0,0.0,0.0,0.0,0.0,0.0,0.0,0.0,0.0,0.0,0.0,0.0,0.0,0.0,1.0,1.0,20.0,65.45,1.0,1.0,20.0,65.45,1.0,1.0,20.0,65.45,0.0,0.0,0.0,0.0,0.0,0.0,0.0,0.0,0.0,0.0,0.0,0.0,0.0,0.0,0.0,0.0,0.0,0.0,0.0,0.0,0.0,0.0,0.0,0.0,0.0,0.0,0.0,0.0,0.0,40.0,-40.0,218.18,-2.0,-2.0,-40.0,0.55,0.55,0.0,0.0,0.0,,,0.0,,1.0,0.5,0.67,0.0,0.0,0.0,0.0,0.0
4,新北中信特攻,44|47|113|10883,黃泓瀚/曾文鼎/林任鴻/林安龍,1,3,5.0,33.0,0.55,00:33,33.0,0.55,00:33,0.0,0.0,0.0,0.0,2.0,2.0,40.0,130.91,2.0,2.0,40.0,130.91,0.0,0.0,0.0,0.0,2.0,2.0,40.0,130.91,0.0,0.0,0.0,0.0,0.0,0.0,0.0,0.0,0.0,0.0,0.0,0.0,0.0,0.0,0.0,0.0,0.0,0.0,0.0,0.0,1.0,1.0,20.0,65.45,1.0,1.0,20.0,65.45,1.0,1.0,20.0,65.45,0.0,0.0,0.0,0.0,0.0,0.0,0.0,0.0,0.0,0.0,0.0,0.0,0.0,0.0,0.0,0.0,0.0,0.0,0.0,0.0,0.0,0.0,0.0,0.0,0.0,0.0,0.0,0.0,0.0,40.0,-40.0,218.18,-2.0,-2.0,-40.0,0.55,0.55,0.0,0.0,0.0,,,0.0,,1.0,0.5,0.67,0.0,0.0,0.0,0.0,0.0
4,新北國王,19|23|10873|10874,蘇培凱/王柏智/喬納森/熊祥泰,2,7,11.0,115.0,1.92,01:55,57.5,0.96,00:58,2.0,1.0,18.18,37.57,2.0,1.0,18.18,37.57,4.0,2.0,36.36,75.13,1.0,0.5,9.09,18.78,1.0,0.5,9.09,18.78,1.0,0.5,9.09,18.78,3.0,1.5,27.27,56.35,0.0,0.0,0.0,0.0,0.0,0.0,0.0,0.0,0.0,0.0,0.0,0.0,1.0,0.5,9.09,18.78,2.0,1.0,18.18,37.57,3.0,1.5,27.27,56.35,2.0,1.0,18.18,37.57,1.0,0.5,9.09,18.78,0.0,0.0,0.0,0.0,1.0,0.5,9.09,18.78,0.0,0.0,0.0,0.0,0.0,0.0,0.0,0.0,0.0,0.0,0.0,0.0,18.18,18.18,0.0,137.74,0.0,0.0,0.0,1.92,0.96,0.25,0.25,1.0,0.0,,0.2,0.0,0.33,0.4,0.38,9.09,0.0,0.0,0.0,0.0
4,新北國王,19|23|10873|10875,蘇培凱/王柏智/喬納森/傑登,2,4,7.0,48.94,0.82,00:49,24.47,0.41,00:24,2.0,1.0,28.57,88.26,2.0,1.0,28.57,88.26,2.0,1.0,28.57,88.26,1.0,0.5,14.29,44.13,1.0,0.5,14.29,44.13,1.0,0.5,14.29,44.13,1.0,0.5,14.29,44.13,0.0,0.0,0.0,0.0,3.0,1.5,42.86,132.39,0.0,0.0,0.0,0.0,1.0,0.5,14.29,44.13,0.0,0.0,0.0,0.0,1.0,0.5,14.29,44.13,1.0,0.5,14.29,44.13,1.0,0.5,14.29,44.13,0.0,0.0,0.0,0.0,1.0,0.5,14.29,44.13,0.0,0.0,0.0,0.0,0.0,0.0,0.0,0.0,2.0,1.0,28.57,88.26,28.57,28.57,0.0,205.95,0.0,0.0,0.0,0.82,0.41,0.5,0.3,1.0,0.0,0.0,0.23,0.0,0.5,0.0,0.33,14.29,0.0,0.0,28.57,1.5
4,新北國王,19|23|10874|10875,蘇培凱/王柏智/熊祥泰/傑登,1,3,5.0,33.0,0.55,00:33,33.0,0.55,00:33,2.0,2.0,40.0,130.91,0.0,0.0,0.0,0.0,2.0,2.0,40.0,130.91,1.0,1.0,20.0,65.45,1.0,1.0,20.0,65.45,1.0,1.0,20.0,65.45,1.0,1.0,20.0,65.45,0.0,0.0,0.0,0.0,0.0,0.0,0.0,0.0,0.0,0.0,0.0,0.0,1.0,1.0,20.0,65.45,0.0,0.0,0.0,0.0,1.0,1.0,20.0,65.45,1.0,1.0,20.0,65.45,1.0,1.0,20.0,65.45,0.0,0.0,0.0,0.0,1.0,1.0,20.0,65.45,0.0,0.0,0.0,0.0,0.0,0.0,0.0,0.0,0.0,0.0,0.0,0.0,40.0,0.0,40.0,218.18,2.0,2.0,40.0,0.55,0.55,0.5,0.5,1.0,0.0,,0.33,0.0,0.5,0.0,0.33,20.0,0.0,0.0,0.0,0.0
4,新北國王,19|10873|10874|10875,蘇培凱/喬納森/熊祥泰/傑登,1,3,5.0,33.0,0.55,00:33,33.0,0.55,00:33,2.0,2.0,40.0,130.91,0.0,0.0,0.0,0.0,2.0,2.0,40.0,130.91,1.0,1.0,20.0,65.45,1.0,1.0,20.0,65.45,1.0,1.0,20.0,65.45,1.0,1.0,20.0,65.45,0.0,0.0,0.0,0.0,0.0,0.0,0.0,0.0,0.0,0.0,0.0,0.0,1.0,1.0,20.0,65.45,0.0,0.0,0.0,0.0,1.0,1.0,20.0,65.45,1.0,1.0,20.0,65.45,1.0,1.0,20.0,65.45,0.0,0.0,0.0,0.0,1.0,1.0,20.0,65.45,0.0,0.0,0.0,0.0,0.0,0.0,0.0,0.0,0.0,0.0,0.0,0.0,40.0,0.0,40.0,218.18,2.0,2.0,40.0,0.55,0.55,0.5,0.5,1.0,0.0,,0.33,0.0,0.5,0.0,0.33,20.0,0.0,0.0,0.0,0.0
4,新北國王,23|10873|10874|10875,王柏智/喬納森/熊祥泰/傑登,1,3,5.0,33.0,0.55,00:33,33.0,0.55,00:33,2.0,2.0,40.0,130.91,0.0,0.0,0.0,0.0,2.0,2.0,40.0,130.91,1.0,1.0,20.0,65.45,1.0,1.0,20.0,65.45,1.0,1.0,20.0,65.45,1.0,1.0,20.0,65.45,0.0,0.0,0.0,0.0,0.0,0.0,0.0,0.0,0.0,0.0,0.0,0.0,1.0,1.0,20.0,65.45,0.0,0.0,0.0,0.0,1.0,1.0,20.0,65.45,1.0,1.0,20.0,65.45,1.0,1.0,20.0,65.45,0.0,0.0,0.0,0.0,1.0,1.0,20.0,65.45,0.0,0.0,0.0,0.0,0.0,0.0,0.0,0.0,0.0,0.0,0.0,0.0,40.0,0.0,40.0,218.18,2.0,2.0,40.0,0.55,0.55,0.5,0.5,1.0,0.0,,0.33,0.0,0.5,0.0,0.33,20.0,0.0,0.0,0.0,0.0
4,高雄全家海神,45|51|109|110,施晉堯/克力斯/于煥亞/胡瓏貿,4,57,71.0,930.65,15.51,15:31,232.66,3.88,03:53,36.0,9.0,50.7,83.55,29.0,7.25,40.85,67.31,27.0,6.75,38.03,62.67,12.0,3.0,16.9,27.85,15.0,3.75,21.13,34.81,5.0,1.25,7.04,11.6,12.0,3.0,16.9,27.85,7.0,1.75,9.86,16.25,5.0,1.25,7.04,11.6,5.0,1.25,7.04,11.6,3.0,0.75,4.23,6.96,11.0,2.75,15.49,25.53,7.0,1.75,9.86,16.25,10.0,2.5,14.08,23.21,3.0,0.75,4.23,6.96,11.0,2.75,15.49,25.53,2.0,0.5,2.82,4.64,2.0,0.5,2.82,4.64,6.0,1.5,8.45,13.93,5.0,1.25,7.04,11.6,50.7,40.85,9.86,109.86,7.0,1.75,9.86,15.51,3.88,0.57,0.62,0.33,0.58,1.0,0.09,0.92,0.23,0.61,0.45,2.82,2.82,0.08,7.04,0.19
4,高雄全家海神,45|51|109|12908,施晉堯/克力斯/于煥亞/布里茲克,3,93,108.0,1424.72,23.75,23:45,474.91,7.92,07:55,55.0,18.33,50.93,83.38,49.0,16.33,45.37,74.29,42.0,14.0,38.89,63.68,19.0,6.33,17.59,28.81,26.0,8.67,24.07,39.42,11.0,3.67,10.19,16.68,16.0,5.33,14.81,24.26,8.0,2.67,7.41,12.13,9.0,3.0,8.33,13.64,9.0,3.0,8.33,13.64,5.0,1.67,4.63,7.58,16.0,5.33,14.81,24.26,6.0,2.0,5.56,9.1,14.0,4.67,12.96,21.23,6.0,2.0,5.56,9.1,15.0,5.0,13.89,22.74,4.0,1.33,3.7,6.06,2.0,0.67,1.85,3.03,6.0,2.0,5.56,9.1,13.0,4.33,12.04,19.71,50.93,45.37,5.56,109.16,6.0,2.0,5.56,23.75,7.92,0.55,0.6,0.42,0.5,1.0,0.12,0.79,0.26,0.73,0.51,3.7,1.85,0.06,12.04,0.21
4,高雄全家海神,45|109|110|12908,施晉堯/于煥亞/胡瓏貿/布里茲克,5,113,137.0,1786.33,29.77,29:46,357.27,5.95,05:57,58.0,11.6,42.34,70.13,51.0,10.2,37.23,61.67,59.0,11.8,43.07,71.34,21.0,4.2,15.33,25.39,32.0,6.4,23.36,38.69,12.0,2.4,8.76,14.51,27.0,5.4,19.71,32.65,9.0,1.8,6.57,10.88,10.0,2.0,7.3,12.09,7.0,1.4,5.11,8.46,11.0,2.2,8.03,13.3,26.0,5.2,18.98,31.44,9.0,1.8,6.57,10.88,18.0,3.6,13.14,21.77,6.0,1.2,4.38,7.26,13.0,2.6,9.49,15.72,3.0,0.6,2.19,3.63,3.0,0.6,2.19,3.63,11.0,2.2,8.03,13.3,14.0,2.8,10.22,16.93,42.34,37.23,5.11,110.44,7.0,1.4,5.11,29.77,5.95,0.43,0.46,0.38,0.33,0.7,0.09,0.62,0.38,0.74,0.58,2.19,2.19,0.08,10.22,0.17
4,高雄全家海神,51|109|110|12908,克力斯/于煥亞/胡瓏貿/布里茲克,4,115,134.0,1805.05,30.08,30:05,451.26,7.52,07:31,69.0,17.25,51.49,82.57,57.0,14.25,42.54,68.21,55.0,13.75,41.04,65.82,24.0,6.0,17.91,28.72,28.0,7.0,20.9,33.51,15.0,3.75,11.19,17.95,27.0,6.75,20.15,32.31,9.0,2.25,6.72,10.77,13.0,3.25,9.7,15.56,12.0,3.0,8.96,14.36,7.0,1.75,5.22,8.38,23.0,5.75,17.16,27.52,10.0,2.5,7.46,11.97,14.0,3.5,10.45,16.75,6.0,1.5,4.48,7.18,15.0,3.75,11.19,17.95,5.0,1.25,3.73,5.98,3.0,0.75,2.24,3.59,13.0,3.25,9.7,15.56,14.0,3.5,10.45,16.75,51.49,42.54,8.96,106.9,12.0,3.0,8.96,30.08,7.52,0.52,0.57,0.54,0.33,0.92,0.09,0.62,0.33,0.7,0.56,3.73,2.24,0.1,10.45,0.24
4,高雄全家海神,45|109|110|13399,施晉堯/于煥亞/胡瓏貿/賽克維奇,3,63,77.0,1001.75,16.7,16:42,333.92,5.57,05:34,33.0,11.0,42.86,71.16,31.0,10.33,40.26,66.84,36.0,12.0,46.75,77.62,13.0,4.33,16.88,28.03,21.0,7.0,27.27,45.28,10.0,3.33,12.99,21.56,15.0,5.0,19.48,32.34,3.0,1.0,3.9,6.47,7.0,2.33,9.09,15.09,4.0,1.33,5.19,8.62,10.0,3.33,12.99,21.56,13.0,4.33,16.88,28.03,3.0,1.0,3.9,6.47,10.0,3.33,12.99,21.56,3.0,1.0,3.9,6.47,4.0,1.33,5.19,8.62,2.0,0.67,2.6,4.31,1.0,0.33,1.3,2.16,6.0,2.0,7.79,12.94,7.0,2.33,9.09,15.09,42.86,40.26,2.6,110.69,2.0,0.67,2.6,16.7,5.57,0.4,0.42,0.48,0.2,0.57,0.07,0.31,0.5,0.81,0.64,2.6,1.3,0.08,9.09,0.19
4,高雄全家海神,45|109|12908|13399,施晉堯/于煥亞/布里茲克/賽克維奇,2,63,76.0,1010.81,16.85,16:51,505.41,8.42,08:25,33.0,16.5,43.42,70.52,25.0,12.5,32.89,53.42,36.0,18.0,47.37,76.93,12.0,6.0,15.79,25.64,23.0,11.5,30.26,49.15,9.0,4.5,11.84,19.23,13.0,6.5,17.11,27.78,3.0,1.5,3.95,6.41,9.0,4.5,11.84,19.23,6.0,3.0,7.89,12.82,11.0,5.5,14.47,23.51,13.0,6.5,17.11,27.78,1.0,0.5,1.32,2.14,10.0,5.0,13.16,21.37,4.0,2.0,5.26,8.55,6.0,3.0,7.89,12.82,2.0,1.0,2.63,4.27,4.0,2.0,5.26,8.55,6.0,3.0,7.89,12.82,5.0,2.5,6.58,10.68,43.42,32.89,10.53,108.27,8.0,4.0,10.53,16.85,8.42,0.38,0.41,0.39,0.23,0.67,0.09,0.5,0.52,0.93,0.69,2.63,5.26,0.08,6.58,0.25
4,高雄全家海神,45|110|12908|13399,施晉堯/胡瓏貿/布里茲克/賽克維奇,2,41,51.0,647.67,10.79,10:48,323.83,5.4,05:24,22.0,11.0,43.14,73.37,16.0,8.0,31.37,53.36,24.0,12.0,47.06,80.04,8.0,4.0,15.69,26.68,14.0,7.0,27.45,46.69,6.0,3.0,11.76,20.01,10.0,5.0,19.61,33.35,2.0,1.0,3.92,6.67,7.0,3.5,13.73,23.35,4.0,2.0,7.84,13.34,8.0,4.0,15.69,26.68,9.0,4.5,17.65,30.02,1.0,0.5,1.96,3.34,6.0,3.0,11.76,20.01,3.0,1.5,5.88,10.01,3.0,1.5,5.88,10.01,2.0,1.0,3.92,6.67,1.0,0.5,1.96,3.34,4.0,2.0,7.84,13.34,5.0,2.5,9.8,16.68,43.14,31.37,11.76,113.39,6.0,3.0,11.76,10.79,5.4,0.38,0.41,0.43,0.2,0.57,0.1,0.38,0.57,0.9,0.71,3.92,1.96,0.08,9.8,0.29
4,高雄全家海神,109|110|12908|13399,于煥亞/胡瓏貿/布里茲克/賽克維奇,2,79,95.0,1226.42,20.44,20:26,613.21,10.22,10:13,44.0,22.0,46.32,77.49,40.0,20.0,42.11,70.45,45.0,22.5,47.37,79.25,17.0,8.5,17.89,29.94,26.0,13.0,27.37,45.79,12.0,6.0,12.63,21.13,19.0,9.5,20.0,33.46,5.0,2.5,5.26,8.81,10.0,5.0,10.53,17.61,5.0,2.5,5.26,8.81,12.0,6.0,12.63,21.13,17.0,8.5,17.89,29.94,1.0,0.5,1.05,1.76,12.0,6.0,12.63,21.13,5.0,2.5,5.26,8.81,8.0,4.0,8.42,14.09,2.0,1.0,2.11,3.52,2.0,1.0,2.11,3.52,8.0,4.0,8.42,14.09,11.0,5.5,11.58,19.37,46.32,42.11,4.21,111.54,4.0,2.0,4.21,20.44,10.22,0.43,0.45,0.46,0.26,0.5,0.09,0.47,0.5,0.94,0.69,2.11,2.11,0.08,11.58,0.22
4,高雄全家海神,45|109|123|12908,施晉堯/于煥亞/勤明慶/布里茲克,1,4,4.0,61.89,1.03,01:02,61.89,1.03,01:02,2.0,2.0,50.0,69.81,3.0,3.0,75.0,104.71,1.0,1.0,25.0,34.9,0.0,0.0,0.0,0.0,0.0,0.0,0.0,0.0,0.0,0.0,0.0,0.0,1.0,1.0,25.0,34.9,0.0,0.0,0.0,0.0,2.0,2.0,50.0,69.81,2.0,2.0,50.0,69.81,0.0,0.0,0.0,0.0,0.0,0.0,0.0,0.0,0.0,0.0,0.0,0.0,1.0,1.0,25.0,34.9,0.0,0.0,0.0,0.0,1.0,1.0,25.0,34.9,0.0,0.0,0.0,0.0,0.0,0.0,0.0,0.0,1.0,1.0,25.0,34.9,0.0,0.0,0.0,0.0,50.0,75.0,-25.0,93.07,-1.0,-1.0,-25.0,1.03,1.03,0.0,0.53,,0.0,1.0,0.0,,0.0,,0.0,0.0,0.0,0.25,0.0,2.0
4,高雄全家海神,45|109|123|13399,施晉堯/于煥亞/勤明慶/賽克維奇,1,4,4.0,61.89,1.03,01:02,61.89,1.03,01:02,2.0,2.0,50.0,69.81,3.0,3.0,75.0,104.71,1.0,1.0,25.0,34.9,0.0,0.0,0.0,0.0,0.0,0.0,0.0,0.0,0.0,0.0,0.0,0.0,1.0,1.0,25.0,34.9,0.0,0.0,0.0,0.0,2.0,2.0,50.0,69.81,2.0,2.0,50.0,69.81,0.0,0.0,0.0,0.0,0.0,0.0,0.0,0.0,0.0,0.0,0.0,0.0,1.0,1.0,25.0,34.9,0.0,0.0,0.0,0.0,1.0,1.0,25.0,34.9,0.0,0.0,0.0,0.0,0.0,0.0,0.0,0.0,1.0,1.0,25.0,34.9,0.0,0.0,0.0,0.0,50.0,75.0,-25.0,93.07,-1.0,-1.0,-25.0,1.03,1.03,0.0,0.53,,0.0,1.0,0.0,,0.0,,0.0,0.0,0.0,0.25,0.0,2.0
4,高雄全家海神,45|123|12908|13399,施晉堯/勤明慶/布里茲克/賽克維奇,1,4,4.0,61.89,1.03,01:02,61.89,1.03,01:02,2.0,2.0,50.0,69.81,3.0,3.0,75.0,104.71,1.0,1.0,25.0,34.9,0.0,0.0,0.0,0.0,0.0,0.0,0.0,0.0,0.0,0.0,0.0,0.0,1.0,1.0,25.0,34.9,0.0,0.0,0.0,0.0,2.0,2.0,50.0,69.81,2.0,2.0,50.0,69.81,0.0,0.0,0.0,0.0,0.0,0.0,0.0,0.0,0.0,0.0,0.0,0.0,1.0,1.0,25.0,34.9,0.0,0.0,0.0,0.0,1.0,1.0,25.0,34.9,0.0,0.0,0.0,0.0,0.0,0.0,0.0,0.0,1.0,1.0,25.0,34.9,0.0,0.0,0.0,0.0,50.0,75.0,-25.0,93.07,-1.0,-1.0,-25.0,1.03,1.03,0.0,0.53,,0.0,1.0,0.0,,0.0,,0.0,0.0,0.0,0.25,0.0,2.0
4,高雄全家海神,109|123|12908|13399,于煥亞/勤明慶/布里茲克/賽克維奇,1,4,4.0,61.89,1.03,01:02,61.89,1.03,01:02,2.0,2.0,50.0,69.81,3.0,3.0,75.0,104.71,1.0,1.0,25.0,34.9,0.0,0.0,0.0,0.0,0.0,0.0,0.0,0.0,0.0,0.0,0.0,0.0,1.0,1.0,25.0,34.9,0.0,0.0,0.0,0.0,2.0,2.0,50.0,69.81,2.0,2.0,50.0,69.81,0.0,0.0,0.0,0.0,0.0,0.0,0.0,0.0,0.0,0.0,0.0,0.0,1.0,1.0,25.0,34.9,0.0,0.0,0.0,0.0,1.0,1.0,25.0,34.9,0.0,0.0,0.0,0.0,0.0,0.0,0.0,0.0,1.0,1.0,25.0,34.9,0.0,0.0,0.0,0.0,50.0,75.0,-25.0,93.07,-1.0,-1.0,-25.0,1.03,1.03,0.0,0.53,,0.0,1.0,0.0,,0.0,,0.0,0.0,0.0,0.25,0.0,2.0
4,桃園台啤永豐雲豹,54|55|62|68,高錦瑋/汪哲宇/王皓吉/克羅馬,1,7,9.0,112.0,1.87,01:52,112.0,1.87,01:52,9.0,9.0,100.0,173.57,8.0,8.0,88.89,154.29,3.0,3.0,33.33,57.86,3.0,3.0,33.33,57.86,0.0,0.0,0.0,0.0,0.0,0.0,0.0,0.0,3.0,3.0,33.33,57.86,3.0,3.0,33.33,57.86,0.0,0.0,0.0,0.0,0.0,0.0,0.0,0.0,0.0,0.0,0.0,0.0,0.0,0.0,0.0,0.0,2.0,2.0,22.22,38.57,0.0,0.0,0.0,0.0,0.0,0.0,0.0,0.0,3.0,3.0,33.33,57.86,0.0,0.0,0.0,0.0,0.0,0.0,0.0,0.0,0.0,0.0,0.0,0.0,3.0,3.0,33.33,57.86,100.0,88.89,11.11,115.71,1.0,1.0,11.11,1.87,1.87,1.5,1.5,,1.0,,0.0,1.0,,0.0,0.0,0.0,0.0,0.0,33.33,0.0
4,桃園台啤永豐雲豹,54|55|62|10861,高錦瑋/汪哲宇/王皓吉/迪亞洛,1,7,9.0,112.0,1.87,01:52,112.0,1.87,01:52,9.0,9.0,100.0,173.57,8.0,8.0,88.89,154.29,3.0,3.0,33.33,57.86,3.0,3.0,33.33,57.86,0.0,0.0,0.0,0.0,0.0,0.0,0.0,0.0,3.0,3.0,33.33,57.86,3.0,3.0,33.33,57.86,0.0,0.0,0.0,0.0,0.0,0.0,0.0,0.0,0.0,0.0,0.0,0.0,0.0,0.0,0.0,0.0,2.0,2.0,22.22,38.57,0.0,0.0,0.0,0.0,0.0,0.0,0.0,0.0,3.0,3.0,33.33,57.86,0.0,0.0,0.0,0.0,0.0,0.0,0.0,0.0,0.0,0.0,0.0,0.0,3.0,3.0,33.33,57.86,100.0,88.89,11.11,115.71,1.0,1.0,11.11,1.87,1.87,1.5,1.5,,1.0,,0.0,1.0,,0.0,0.0,0.0,0.0,0.0,33.33,0.0
4,桃園台啤永豐雲豹,54|55|68|10861,高錦瑋/汪哲宇/克羅馬/迪亞洛,2,15,18.0,228.22,3.8,03:48,114.11,1.9,01:54,17.0,8.5,94.44,160.9,11.0,5.5,61.11,104.11,6.0,3.0,33.33,56.79,5.0,2.5,27.78,47.32,1.0,0.5,5.56,9.46,0.0,0.0,0.0,0.0,5.0,2.5,27.78,47.32,5.0,2.5,27.78,47.32,2.0,1.0,11.11,18.93,2.0,1.0,11.11,18.93,0.0,0.0,0.0,0.0,1.0,0.5,5.56,9.46,2.0,1.0,11.11,18.93,2.0,1.0,11.11,18.93,0.0,0.0,0.0,0.0,5.0,2.5,27.78,47.32,0.0,0.0,0.0,0.0,0.0,0.0,0.0,0.0,1.0,0.5,5.56,9.46,5.0,2.5,27.78,47.32,94.44,61.11,33.33,113.57,6.0,3.0,33.33,3.8,1.9,1.25,1.24,0.0,1.0,1.0,0.0,1.0,0.0,0.33,0.2,0.0,0.0,0.06,27.78,0.33
4,桃園台啤永豐雲豹,55|62|68|10861,汪哲宇/王皓吉/克羅馬/迪亞洛,1,7,9.0,112.0,1.87,01:52,112.0,1.87,01:52,9.0,9.0,100.0,173.57,8.0,8.0,88.89,154.29,3.0,3.0,33.33,57.86,3.0,3.0,33.33,57.86,0.0,0.0,0.0,0.0,0.0,0.0,0.0,0.0,3.0,3.0,33.33,57.86,3.0,3.0,33.33,57.86,0.0,0.0,0.0,0.0,0.0,0.0,0.0,0.0,0.0,0.0,0.0,0.0,0.0,0.0,0.0,0.0,2.0,2.0,22.22,38.57,0.0,0.0,0.0,0.0,0.0,0.0,0.0,0.0,3.0,3.0,33.33,57.86,0.0,0.0,0.0,0.0,0.0,0.0,0.0,0.0,0.0,0.0,0.0,0.0,3.0,3.0,33.33,57.86,100.0,88.89,11.11,115.71,1.0,1.0,11.11,1.87,1.87,1.5,1.5,,1.0,,0.0,1.0,,0.0,0.0,0.0,0.0,0.0,33.33,0.0
4,高雄全家海神,45|51|109|116,施晉堯/克力斯/于煥亞/呂威霆,4,73,82.0,1040.98,17.35,17:21,260.25,4.34,04:20,47.0,11.75,57.32,97.52,48.0,12.0,58.54,99.6,27.0,6.75,32.93,56.02,15.0,3.75,18.29,31.12,16.0,4.0,19.51,33.2,9.0,2.25,10.98,18.67,11.0,2.75,13.41,22.82,6.0,1.5,7.32,12.45,11.0,2.75,13.41,22.82,11.0,2.75,13.41,22.82,4.0,1.0,4.88,8.3,8.0,2.0,9.76,16.6,3.0,0.75,3.66,6.22,10.0,2.5,12.2,20.75,8.0,2.0,9.76,16.6,11.0,2.75,13.41,22.82,6.0,1.5,7.32,12.45,1.0,0.25,1.22,2.07,3.0,0.75,3.66,6.22,11.0,2.75,13.41,22.82,57.32,58.54,-1.22,113.43,-1.0,-0.25,-1.22,17.35,4.34,0.67,0.74,0.56,0.55,1.0,0.2,0.73,0.29,0.73,0.48,7.32,1.22,0.04,13.41,0.41
4,高雄全家海神,45|51|109|13399,施晉堯/克力斯/于煥亞/賽克維奇,1,22,26.0,300.35,5.01,05:00,300.35,5.01,05:00,18.0,18.0,69.23,129.45,18.0,18.0,69.23,129.45,8.0,8.0,30.77,57.53,6.0,6.0,23.08,43.15,4.0,4.0,15.38,28.77,3.0,3.0,11.54,21.57,4.0,4.0,15.38,28.77,3.0,3.0,11.54,21.57,3.0,3.0,11.54,21.57,3.0,3.0,11.54,21.57,2.0,2.0,7.69,14.38,1.0,1.0,3.85,7.19,1.0,1.0,3.85,7.19,3.0,3.0,11.54,21.57,3.0,3.0,11.54,21.57,5.0,5.0,19.23,35.96,3.0,3.0,11.54,21.57,1.0,1.0,3.85,7.19,1.0,1.0,3.85,7.19,3.0,3.0,11.54,21.57,69.23,69.23,0.0,124.65,0.0,0.0,0.0,5.01,5.01,0.94,0.97,0.75,0.75,1.0,0.24,0.83,0.4,0.5,0.43,11.54,3.85,0.04,11.54,0.38
4,高雄全家海神,45|51|116|13399,施晉堯/克力斯/呂威霆/賽克維奇,1,22,26.0,291.35,4.86,04:51,291.35,4.86,04:51,18.0,18.0,69.23,133.45,18.0,18.0,69.23,133.45,8.0,8.0,30.77,59.31,6.0,6.0,23.08,44.48,4.0,4.0,15.38,29.66,3.0,3.0,11.54,22.24,4.0,4.0,15.38,29.66,3.0,3.0,11.54,22.24,3.0,3.0,11.54,22.24,3.0,3.0,11.54,22.24,2.0,2.0,7.69,14.83,1.0,1.0,3.85,7.41,1.0,1.0,3.85,7.41,3.0,3.0,11.54,22.24,3.0,3.0,11.54,22.24,5.0,5.0,19.23,37.07,3.0,3.0,11.54,22.24,1.0,1.0,3.85,7.41,1.0,1.0,3.85,7.41,3.0,3.0,11.54,22.24,69.23,69.23,0.0,128.51,0.0,0.0,0.0,4.86,4.86,0.94,0.97,0.75,0.75,1.0,0.24,0.83,0.4,0.5,0.43,11.54,3.85,0.04,11.54,0.38
4,高雄全家海神,45|109|116|13399,施晉堯/于煥亞/呂威霆/賽克維奇,1,40,47.0,583.61,9.73,09:44,583.61,9.73,09:44,27.0,27.0,57.45,99.93,24.0,24.0,51.06,88.83,19.0,19.0,40.43,70.32,10.0,10.0,21.28,37.01,13.0,13.0,27.66,48.11,6.0,6.0,12.77,22.21,6.0,6.0,12.77,22.21,4.0,4.0,8.51,14.8,3.0,3.0,6.38,11.1,3.0,3.0,6.38,11.1,5.0,5.0,10.64,18.51,5.0,5.0,10.64,18.51,1.0,1.0,2.13,3.7,6.0,6.0,12.77,22.21,4.0,4.0,8.51,14.8,7.0,7.0,14.89,25.91,3.0,3.0,6.38,11.1,4.0,4.0,8.51,14.8,2.0,2.0,4.26,7.4,3.0,3.0,6.38,11.1,57.45,51.06,6.38,115.97,3.0,3.0,6.38,9.73,9.73,0.63,0.66,0.46,0.67,1.0,0.16,0.7,0.45,0.83,0.59,6.38,8.51,0.04,6.38,0.16
4,高雄全家海神,51|109|116|13399,克力斯/于煥亞/呂威霆/賽克維奇,2,37,42.0,576.03,9.6,09:36,288.01,4.8,04:48,30.0,15.0,71.43,112.49,24.0,12.0,57.14,90.0,13.0,6.5,30.95,48.75,9.0,4.5,21.43,33.75,7.0,3.5,16.67,26.25,4.0,2.0,9.52,15.0,6.0,3.0,14.29,22.5,5.0,2.5,11.9,18.75,7.0,3.5,16.67,26.25,7.0,3.5,16.67,26.25,2.0,1.0,4.76,7.5,3.0,1.5,7.14,11.25,2.0,1.0,4.76,7.5,6.0,3.0,14.29,22.5,3.0,1.5,7.14,11.25,6.0,3.0,14.29,22.5,3.0,1.5,7.14,11.25,1.0,0.5,2.38,3.75,3.0,1.5,7.14,11.25,3.0,1.5,7.14,11.25,71.43,57.14,14.29,105.0,6.0,3.0,14.29,9.6,4.8,0.88,0.93,0.57,0.83,1.0,0.16,0.67,0.25,0.6,0.38,7.14,2.38,0.07,7.14,0.54
4,桃園台啤永豐雲豹,12|16|55|62,曹薰襄/米勒/汪哲宇/王皓吉,2,42,48.0,714.66,11.91,11:55,357.33,5.96,05:57,28.0,14.0,58.33,84.63,24.0,12.0,50.0,72.54,18.0,9.0,37.5,54.4,12.0,6.0,25.0,36.27,13.0,6.5,27.08,39.29,10.0,5.0,20.83,30.22,5.0,2.5,10.42,15.11,2.0,1.0,4.17,6.04,3.0,1.5,6.25,9.07,2.0,1.0,4.17,6.04,2.0,1.0,4.17,6.04,4.0,2.0,8.33,12.09,1.0,0.5,2.08,3.02,8.0,4.0,16.67,24.18,3.0,1.5,6.25,9.07,8.0,4.0,16.67,24.18,1.0,0.5,2.08,3.02,0.0,0.0,0.0,0.0,6.0,3.0,12.5,18.13,9.0,4.5,18.75,27.2,58.33,50.0,8.33,96.72,4.0,2.0,8.33,11.91,5.96,0.72,0.72,0.77,0.4,0.67,0.13,0.67,0.2,0.8,0.4,2.08,0.0,0.12,18.75,0.17
4,桃園台啤永豐雲豹,12|55|62|10861,曹薰襄/汪哲宇/王皓吉/迪亞洛,1,11,13.0,207.74,3.46,03:28,207.74,3.46,03:28,7.0,7.0,53.85,72.78,9.0,9.0,69.23,93.58,5.0,5.0,38.46,51.99,3.0,3.0,23.08,31.19,5.0,5.0,38.46,51.99,3.0,3.0,23.08,31.19,0.0,0.0,0.0,0.0,0.0,0.0,0.0,0.0,1.0,1.0,7.69,10.4,1.0,1.0,7.69,10.4,1.0,1.0,7.69,10.4,1.0,1.0,7.69,10.4,0.0,0.0,0.0,0.0,0.0,0.0,0.0,0.0,2.0,2.0,15.38,20.8,1.0,1.0,7.69,10.4,1.0,1.0,7.69,10.4,0.0,0.0,0.0,0.0,2.0,2.0,15.38,20.8,1.0,1.0,7.69,10.4,53.85,69.23,-15.38,90.11,-2.0,-2.0,-15.38,3.46,3.46,0.6,0.64,0.6,,1.0,0.27,0.33,1.0,1.0,1.0,7.69,0.0,0.15,7.69,0.2
4,桃園台啤永豐雲豹,16|55|62|10861,米勒/汪哲宇/王皓吉/迪亞洛,1,11,13.0,207.74,3.46,03:28,207.74,3.46,03:28,7.0,7.0,53.85,72.78,9.0,9.0,69.23,93.58,5.0,5.0,38.46,51.99,3.0,3.0,23.08,31.19,5.0,5.0,38.46,51.99,3.0,3.0,23.08,31.19,0.0,0.0,0.0,0.0,0.0,0.0,0.0,0.0,1.0,1.0,7.69,10.4,1.0,1.0,7.69,10.4,1.0,1.0,7.69,10.4,1.0,1.0,7.69,10.4,0.0,0.0,0.0,0.0,0.0,0.0,0.0,0.0,2.0,2.0,15.38,20.8,1.0,1.0,7.69,10.4,1.0,1.0,7.69,10.4,0.0,0.0,0.0,0.0,2.0,2.0,15.38,20.8,1.0,1.0,7.69,10.4,53.85,69.23,-15.38,90.11,-2.0,-2.0,-15.38,3.46,3.46,0.6,0.64,0.6,,1.0,0.27,0.33,1.0,1.0,1.0,7.69,0.0,0.15,7.69,0.2
4,高雄全家海神,51|116|119|122,克力斯/呂威霆/余純安/陳懷安,2,31,41.0,460.63,7.68,07:41,230.31,3.84,03:50,16.0,8.0,39.02,75.03,20.0,10.0,48.78,93.78,14.0,7.0,34.15,65.65,4.0,2.0,9.76,18.76,5.0,2.5,12.2,23.45,2.0,1.0,4.88,9.38,9.0,4.5,21.95,42.2,2.0,1.0,4.88,9.38,6.0,3.0,14.63,28.14,6.0,3.0,14.63,28.14,6.0,3.0,14.63,28.14,3.0,1.5,7.32,14.07,3.0,1.5,7.32,14.07,4.0,2.0,9.76,18.76,5.0,2.5,12.2,23.45,1.0,0.5,2.44,4.69,3.0,1.5,7.32,14.07,1.0,0.5,2.44,4.69,4.0,2.0,9.76,18.76,0.0,0.0,0.0,0.0,39.02,48.78,-9.76,128.17,-4.0,-2.0,-9.76,7.68,3.84,0.36,0.48,0.4,0.22,1.0,0.23,0.25,0.6,0.5,0.56,7.32,2.44,0.1,0.0,0.43
4,高雄全家海神,51|116|119|12908,克力斯/呂威霆/余純安/布里茲克,2,13,17.0,191.04,3.18,03:11,95.52,1.59,01:36,9.0,4.5,52.94,101.76,10.0,5.0,58.82,113.07,6.0,3.0,35.29,67.84,3.0,1.5,17.65,33.92,2.0,1.0,11.76,22.61,0.0,0.0,0.0,0.0,4.0,2.0,23.53,45.23,3.0,1.5,17.65,33.92,0.0,0.0,0.0,0.0,0.0,0.0,0.0,0.0,1.0,0.5,5.88,11.31,2.0,1.0,11.76,22.61,2.0,1.0,11.76,22.61,0.0,0.0,0.0,0.0,1.0,0.5,5.88,11.31,3.0,1.5,17.65,33.92,0.0,0.0,0.0,0.0,0.0,0.0,0.0,0.0,2.0,1.0,11.76,22.61,2.0,1.0,11.76,22.61,52.94,58.82,-5.88,128.14,-1.0,-0.5,-5.88,3.18,1.59,0.75,0.75,0.0,0.75,,0.14,1.0,1.0,0.5,0.6,0.0,0.0,0.12,11.76,0.0
4,高雄全家海神,51|119|122|12908,克力斯/余純安/陳懷安/布里茲克,1,3,4.0,40.03,0.67,00:40,40.03,0.67,00:40,0.0,0.0,0.0,0.0,2.0,2.0,50.0,107.92,0.0,0.0,0.0,0.0,0.0,0.0,0.0,0.0,0.0,0.0,0.0,0.0,0.0,0.0,0.0,0.0,0.0,0.0,0.0,0.0,0.0,0.0,0.0,0.0,0.0,0.0,0.0,0.0,0.0,0.0,0.0,0.0,0.0,0.0,0.0,0.0,0.0,0.0,0.0,0.0,1.0,1.0,25.0,53.96,0.0,0.0,0.0,0.0,1.0,1.0,25.0,53.96,0.0,0.0,0.0,0.0,0.0,0.0,0.0,0.0,0.0,0.0,0.0,0.0,0.0,0.0,0.0,0.0,0.0,0.0,0.0,0.0,0.0,50.0,-50.0,143.9,-2.0,-2.0,-50.0,0.67,0.67,,,,,,1.0,,,0.0,0.0,0.0,0.0,0.0,0.0,
4,高雄全家海神,116|119|122|12908,呂威霆/余純安/陳懷安/布里茲克,1,3,4.0,53.03,0.88,00:53,53.03,0.88,00:53,0.0,0.0,0.0,0.0,2.0,2.0,50.0,81.47,0.0,0.0,0.0,0.0,0.0,0.0,0.0,0.0,0.0,0.0,0.0,0.0,0.0,0.0,0.0,0.0,0.0,0.0,0.0,0.0,0.0,0.0,0.0,0.0,0.0,0.0,0.0,0.0,0.0,0.0,0.0,0.0,0.0,0.0,0.0,0.0,0.0,0.0,0.0,0.0,1.0,1.0,25.0,40.73,0.0,0.0,0.0,0.0,1.0,1.0,25.0,40.73,0.0,0.0,0.0,0.0,0.0,0.0,0.0,0.0,0.0,0.0,0.0,0.0,0.0,0.0,0.0,0.0,0.0,0.0,0.0,0.0,0.0,50.0,-50.0,108.62,-2.0,-2.0,-50.0,0.88,0.88,,,,,,1.0,,,0.0,0.0,0.0,0.0,0.0,0.0,
4,桃園台啤永豐雲豹,12|16|55|10884,曹薰襄/米勒/汪哲宇/徐宏瑋,1,4,6.0,62.0,1.03,01:02,62.0,1.03,01:02,0.0,0.0,0.0,0.0,4.0,4.0,66.67,139.35,1.0,1.0,16.67,34.84,0.0,0.0,0.0,0.0,1.0,1.0,16.67,34.84,0.0,0.0,0.0,0.0,0.0,0.0,0.0,0.0,0.0,0.0,0.0,0.0,0.0,0.0,0.0,0.0,0.0,0.0,0.0,0.0,1.0,1.0,16.67,34.84,0.0,0.0,0.0,0.0,1.0,1.0,16.67,34.84,0.0,0.0,0.0,0.0,2.0,2.0,33.33,69.68,0.0,0.0,0.0,0.0,2.0,2.0,33.33,69.68,1.0,1.0,16.67,34.84,0.0,0.0,0.0,0.0,0.0,0.0,0.0,0.0,0.0,66.67,-66.67,139.35,-4.0,-4.0,-66.67,1.03,1.03,0.0,0.0,0.0,,,0.67,,1.0,0.0,0.5,33.33,16.67,0.0,0.0,0.0
4,桃園台啤永豐雲豹,12|55|10861|10884,曹薰襄/汪哲宇/迪亞洛/徐宏瑋,3,12,17.0,200.66,3.34,03:21,66.89,1.11,01:07,8.0,2.67,47.06,86.11,6.0,2.0,35.29,64.59,5.0,1.67,29.41,53.82,3.0,1.0,17.65,32.29,3.0,1.0,17.65,32.29,2.0,0.67,11.76,21.53,2.0,0.67,11.76,21.53,1.0,0.33,5.88,10.76,2.0,0.67,11.76,21.53,1.0,0.33,5.88,10.76,2.0,0.67,11.76,21.53,1.0,0.33,5.88,10.76,2.0,0.67,11.76,21.53,2.0,0.67,11.76,21.53,2.0,0.67,11.76,21.53,2.0,0.67,11.76,21.53,2.0,0.67,11.76,21.53,1.0,0.33,5.88,10.76,0.0,0.0,0.0,0.0,2.0,0.67,11.76,21.53,47.06,35.29,11.76,121.99,2.0,0.67,11.76,3.34,1.11,0.7,0.68,0.67,0.5,0.5,0.25,0.67,0.5,0.33,0.43,11.76,5.88,0.0,11.76,0.4
4,高雄全家海神,45|51|110|13275,施晉堯/克力斯/胡瓏貿/吳彥侖,2,36,42.0,680.24,11.34,11:20,340.12,5.67,05:40,32.0,16.0,76.19,101.61,23.0,11.5,54.76,73.03,19.0,9.5,45.24,60.33,11.0,5.5,26.19,34.93,7.0,3.5,16.67,22.23,3.0,1.5,7.14,9.53,12.0,6.0,28.57,38.1,8.0,4.0,19.05,25.4,2.0,1.0,4.76,6.35,2.0,1.0,4.76,6.35,2.0,1.0,4.76,6.35,6.0,3.0,14.29,19.05,1.0,0.5,2.38,3.18,7.0,3.5,16.67,22.23,1.0,0.5,2.38,3.18,9.0,4.5,21.43,28.58,0.0,0.0,0.0,0.0,0.0,0.0,0.0,0.0,4.0,2.0,9.52,12.7,2.0,1.0,4.76,6.35,76.19,54.76,21.43,88.91,9.0,4.5,21.43,11.34,5.67,0.79,0.8,0.43,0.67,1.0,0.05,0.82,0.22,0.86,0.5,0.0,0.0,0.1,4.76,0.11
4,高雄全家海神,45|51|12908|13275,施晉堯/克力斯/布里茲克/吳彥侖,1,5,5.0,102.0,1.7,01:42,102.0,1.7,01:42,2.0,2.0,40.0,42.35,2.0,2.0,40.0,42.35,2.0,2.0,40.0,42.35,1.0,1.0,20.0,21.18,2.0,2.0,40.0,42.35,1.0,1.0,20.0,21.18,0.0,0.0,0.0,0.0,0.0,0.0,0.0,0.0,0.0,0.0,0.0,0.0,0.0,0.0,0.0,0.0,0.0,0.0,0.0,0.0,1.0,1.0,20.0,21.18,0.0,0.0,0.0,0.0,0.0,0.0,0.0,0.0,0.0,0.0,0.0,0.0,1.0,1.0,20.0,21.18,0.0,0.0,0.0,0.0,0.0,0.0,0.0,0.0,0.0,0.0,0.0,0.0,0.0,0.0,0.0,0.0,40.0,40.0,0.0,70.59,0.0,0.0,0.0,1.7,1.7,0.5,0.5,0.5,,,0.0,1.0,,1.0,1.0,0.0,0.0,0.0,0.0,0.0
4,高雄全家海神,45|110|12908|13275,施晉堯/胡瓏貿/布里茲克/吳彥侖,1,5,5.0,102.0,1.7,01:42,102.0,1.7,01:42,2.0,2.0,40.0,42.35,2.0,2.0,40.0,42.35,2.0,2.0,40.0,42.35,1.0,1.0,20.0,21.18,2.0,2.0,40.0,42.35,1.0,1.0,20.0,21.18,0.0,0.0,0.0,0.0,0.0,0.0,0.0,0.0,0.0,0.0,0.0,0.0,0.0,0.0,0.0,0.0,0.0,0.0,0.0,0.0,1.0,1.0,20.0,21.18,0.0,0.0,0.0,0.0,0.0,0.0,0.0,0.0,0.0,0.0,0.0,0.0,1.0,1.0,20.0,21.18,0.0,0.0,0.0,0.0,0.0,0.0,0.0,0.0,0.0,0.0,0.0,0.0,0.0,0.0,0.0,0.0,40.0,40.0,0.0,70.59,0.0,0.0,0.0,1.7,1.7,0.5,0.5,0.5,,,0.0,1.0,,1.0,1.0,0.0,0.0,0.0,0.0,0.0
4,高雄全家海神,109|110|12908|13275,于煥亞/胡瓏貿/布里茲克/吳彥侖,5,97,111.0,1617.61,26.96,26:58,323.52,5.39,05:24,58.0,11.6,52.25,77.45,53.0,10.6,47.75,70.77,50.0,10.0,45.05,66.77,22.0,4.4,19.82,29.38,27.0,5.4,24.32,36.05,15.0,3.0,13.51,20.03,23.0,4.6,20.72,30.71,7.0,1.4,6.31,9.35,9.0,1.8,8.11,12.02,7.0,1.4,6.31,9.35,8.0,1.6,7.21,10.68,19.0,3.8,17.12,25.37,5.0,1.0,4.5,6.68,12.0,2.4,10.81,16.02,5.0,1.0,4.5,6.68,8.0,1.6,7.21,10.68,3.0,0.6,2.7,4.01,2.0,0.4,1.8,2.67,10.0,2.0,9.01,13.35,10.0,2.0,9.01,13.35,52.25,47.75,4.5,98.81,5.0,1.0,4.5,26.96,5.39,0.51,0.54,0.56,0.3,0.78,0.08,0.36,0.4,0.79,0.61,2.7,1.8,0.09,9.01,0.18
4,高雄全家海神,109|110|13275|13399,于煥亞/胡瓏貿/吳彥侖/賽克維奇,2,33,39.0,546.56,9.11,09:07,273.28,4.55,04:33,18.0,9.0,46.15,71.14,23.0,11.5,58.97,90.9,18.0,9.0,46.15,71.14,7.0,3.5,17.95,27.66,10.0,5.0,25.64,39.52,4.0,2.0,10.26,15.81,8.0,4.0,20.51,31.62,3.0,1.5,7.69,11.86,3.0,1.5,7.69,11.86,1.0,0.5,2.56,3.95,4.0,2.0,10.26,15.81,7.0,3.5,17.95,27.66,0.0,0.0,0.0,0.0,5.0,2.5,12.82,19.76,2.0,1.0,5.13,7.9,3.0,1.5,7.69,11.86,0.0,0.0,0.0,0.0,1.0,0.5,2.56,3.95,4.0,2.0,10.26,15.81,4.0,2.0,10.26,15.81,46.15,58.97,-12.82,102.75,-5.0,-2.5,-12.82,9.11,4.55,0.47,0.47,0.4,0.38,0.33,0.09,0.43,0.44,1.0,0.69,0.0,2.56,0.1,10.26,0.17
4,高雄全家海神,109|12908|13275|13399,于煥亞/布里茲克/吳彥侖/賽克維奇,2,50,59.0,819.08,13.65,13:39,409.54,6.83,06:50,24.0,12.0,40.68,63.29,28.0,14.0,47.46,73.84,26.0,13.0,44.07,68.56,10.0,5.0,16.95,26.37,15.0,7.5,25.42,39.56,7.0,3.5,11.86,18.46,11.0,5.5,18.64,29.01,3.0,1.5,5.08,7.91,3.0,1.5,5.08,7.91,1.0,0.5,1.69,2.64,6.0,3.0,10.17,15.82,10.0,5.0,16.95,26.37,1.0,0.5,1.69,2.64,6.0,3.0,10.17,15.82,5.0,2.5,8.47,13.19,4.0,2.0,6.78,10.55,1.0,0.5,1.69,2.64,1.0,0.5,1.69,2.64,6.0,3.0,10.17,15.82,6.0,3.0,10.17,15.82,40.68,47.46,-6.78,103.73,-4.0,-2.0,-6.78,13.65,6.83,0.44,0.44,0.47,0.27,0.33,0.15,0.4,0.5,0.91,0.7,1.69,1.69,0.1,10.17,0.12
4,高雄全家海神,110|12908|13275|13399,胡瓏貿/布里茲克/吳彥侖/賽克維奇,2,33,39.0,546.56,9.11,09:07,273.28,4.55,04:33,18.0,9.0,46.15,71.14,23.0,11.5,58.97,90.9,18.0,9.0,46.15,71.14,7.0,3.5,17.95,27.66,10.0,5.0,25.64,39.52,4.0,2.0,10.26,15.81,8.0,4.0,20.51,31.62,3.0,1.5,7.69,11.86,3.0,1.5,7.69,11.86,1.0,0.5,2.56,3.95,4.0,2.0,10.26,15.81,7.0,3.5,17.95,27.66,0.0,0.0,0.0,0.0,5.0,2.5,12.82,19.76,2.0,1.0,5.13,7.9,3.0,1.5,7.69,11.86,0.0,0.0,0.0,0.0,1.0,0.5,2.56,3.95,4.0,2.0,10.26,15.81,4.0,2.0,10.26,15.81,46.15,58.97,-12.82,102.75,-5.0,-2.5,-12.82,9.11,4.55,0.47,0.47,0.4,0.38,0.33,0.09,0.43,0.44,1.0,0.69,0.0,2.56,0.1,10.26,0.17
4,高雄全家海神,109|116|12908|13275,于煥亞/呂威霆/布里茲克/吳彥侖,4,28,32.0,442.97,7.38,07:23,110.74,1.85,01:51,11.0,2.75,34.38,53.64,7.0,1.75,21.88,34.13,11.0,2.75,34.38,53.64,4.0,1.0,12.5,19.5,6.0,1.5,18.75,29.26,3.0,0.75,9.38,14.63,5.0,1.25,15.62,24.38,1.0,0.25,3.12,4.88,2.0,0.5,6.25,9.75,2.0,0.5,6.25,9.75,2.0,0.5,6.25,9.75,5.0,1.25,15.62,24.38,2.0,0.5,6.25,9.75,2.0,0.5,6.25,9.75,5.0,1.25,15.62,24.38,2.0,0.5,6.25,9.75,1.0,0.25,3.12,4.88,0.0,0.0,0.0,0.0,5.0,1.25,15.62,24.38,5.0,1.25,15.62,24.38,34.38,21.88,12.5,104.03,4.0,1.0,12.5,7.38,1.85,0.41,0.46,0.5,0.2,1.0,0.3,0.5,0.5,0.71,0.64,3.12,0.0,0.16,15.62,0.18
4,高雄全家海神,109|116|12908|13399,于煥亞/呂威霆/布里茲克/賽克維奇,1,35,41.0,564.78,9.41,09:25,564.78,9.41,09:25,15.0,15.0,36.59,57.37,11.0,11.0,26.83,42.07,19.0,19.0,46.34,72.67,7.0,7.0,17.07,26.77,14.0,14.0,34.15,53.54,6.0,6.0,14.63,22.95,5.0,5.0,12.2,19.12,1.0,1.0,2.44,3.82,0.0,0.0,0.0,0.0,0.0,0.0,0.0,0.0,5.0,5.0,12.2,19.12,7.0,7.0,17.07,26.77,1.0,1.0,2.44,3.82,4.0,4.0,9.76,15.3,4.0,4.0,9.76,15.3,3.0,3.0,7.32,11.47,1.0,1.0,2.44,3.82,3.0,3.0,7.32,11.47,3.0,3.0,7.32,11.47,2.0,2.0,4.88,7.65,36.59,26.83,9.76,104.54,4.0,4.0,9.76,9.41,9.41,0.39,0.39,0.43,0.2,,0.17,0.43,0.56,0.88,0.71,2.44,7.32,0.07,4.88,0.0
4,高雄全家海神,109|116|13275|13399,于煥亞/呂威霆/吳彥侖/賽克維奇,1,24,28.0,390.52,6.51,06:31,390.52,6.51,06:31,11.0,11.0,39.29,60.84,7.0,7.0,25.0,38.72,11.0,11.0,39.29,60.84,5.0,5.0,17.86,27.66,7.0,7.0,25.0,38.72,4.0,4.0,14.29,22.12,4.0,4.0,14.29,22.12,1.0,1.0,3.57,5.53,0.0,0.0,0.0,0.0,0.0,0.0,0.0,0.0,2.0,2.0,7.14,11.06,4.0,4.0,14.29,22.12,2.0,2.0,7.14,11.06,4.0,4.0,14.29,22.12,3.0,3.0,10.71,16.59,2.0,2.0,7.14,11.06,1.0,1.0,3.57,5.53,0.0,0.0,0.0,0.0,4.0,4.0,14.29,22.12,2.0,2.0,7.14,11.06,39.29,25.0,14.29,103.25,4.0,4.0,14.29,6.51,6.51,0.5,0.5,0.57,0.25,,0.21,0.4,0.33,0.67,0.5,3.57,0.0,0.14,7.14,0.0
4,高雄全家海神,116|12908|13275|13399,呂威霆/布里茲克/吳彥侖/賽克維奇,1,17,20.0,272.52,4.54,04:33,272.52,4.54,04:33,6.0,6.0,30.0,47.56,5.0,5.0,25.0,39.63,8.0,8.0,40.0,63.41,3.0,3.0,15.0,23.78,5.0,5.0,25.0,39.63,3.0,3.0,15.0,23.78,3.0,3.0,15.0,23.78,0.0,0.0,0.0,0.0,0.0,0.0,0.0,0.0,0.0,0.0,0.0,0.0,2.0,2.0,10.0,15.85,3.0,3.0,15.0,23.78,1.0,1.0,5.0,7.93,1.0,1.0,5.0,7.93,3.0,3.0,15.0,23.78,1.0,1.0,5.0,7.93,1.0,1.0,5.0,7.93,0.0,0.0,0.0,0.0,2.0,2.0,10.0,15.85,2.0,2.0,10.0,15.85,30.0,25.0,5.0,105.68,1.0,1.0,5.0,4.54,4.54,0.38,0.38,0.6,0.0,,0.27,0.33,0.67,0.75,0.71,5.0,0.0,0.1,10.0,0.0
4,高雄全家海神,51|109|116|13275,克力斯/于煥亞/呂威霆/吳彥侖,4,17,20.0,303.72,5.06,05:04,75.93,1.27,01:16,10.0,2.5,50.0,71.12,9.0,2.25,45.0,64.01,7.0,1.75,35.0,49.78,3.0,0.75,15.0,21.34,5.0,1.25,25.0,35.56,1.0,0.25,5.0,7.11,2.0,0.5,10.0,14.22,2.0,0.5,10.0,14.22,3.0,0.75,15.0,21.34,2.0,0.5,10.0,14.22,1.0,0.25,5.0,7.11,3.0,0.75,15.0,21.34,1.0,0.25,5.0,7.11,4.0,1.0,20.0,28.45,1.0,0.25,5.0,7.11,2.0,0.5,10.0,14.22,0.0,0.0,0.0,0.0,2.0,0.5,10.0,14.22,4.0,1.0,20.0,28.45,3.0,0.75,15.0,21.34,50.0,45.0,5.0,94.82,1.0,0.25,5.0,5.06,1.27,0.57,0.6,0.2,1.0,0.67,0.11,0.67,0.2,0.75,0.44,0.0,10.0,0.2,15.0,0.43
4,高雄全家海神,51|109|13275|13399,克力斯/于煥亞/吳彥侖/賽克維奇,1,7,8.0,118.0,1.97,01:58,118.0,1.97,01:58,5.0,5.0,62.5,91.53,2.0,2.0,25.0,36.61,3.0,3.0,37.5,54.92,2.0,2.0,25.0,36.61,2.0,2.0,25.0,36.61,1.0,1.0,12.5,18.31,1.0,1.0,12.5,18.31,1.0,1.0,12.5,18.31,0.0,0.0,0.0,0.0,0.0,0.0,0.0,0.0,0.0,0.0,0.0,0.0,1.0,1.0,12.5,18.31,1.0,1.0,12.5,18.31,3.0,3.0,37.5,54.92,0.0,0.0,0.0,0.0,1.0,1.0,12.5,18.31,0.0,0.0,0.0,0.0,0.0,0.0,0.0,0.0,2.0,2.0,25.0,36.61,0.0,0.0,0.0,0.0,62.5,25.0,37.5,97.63,3.0,3.0,37.5,1.97,1.97,0.83,0.83,0.5,1.0,,0.0,0.5,0.0,0.5,0.2,0.0,0.0,0.25,0.0,0.0
4,高雄全家海神,51|116|13275|13399,克力斯/呂威霆/吳彥侖/賽克維奇,1,7,8.0,118.0,1.97,01:58,118.0,1.97,01:58,5.0,5.0,62.5,91.53,2.0,2.0,25.0,36.61,3.0,3.0,37.5,54.92,2.0,2.0,25.0,36.61,2.0,2.0,25.0,36.61,1.0,1.0,12.5,18.31,1.0,1.0,12.5,18.31,1.0,1.0,12.5,18.31,0.0,0.0,0.0,0.0,0.0,0.0,0.0,0.0,0.0,0.0,0.0,0.0,1.0,1.0,12.5,18.31,1.0,1.0,12.5,18.31,3.0,3.0,37.5,54.92,0.0,0.0,0.0,0.0,1.0,1.0,12.5,18.31,0.0,0.0,0.0,0.0,0.0,0.0,0.0,0.0,2.0,2.0,25.0,36.61,0.0,0.0,0.0,0.0,62.5,25.0,37.5,97.63,3.0,3.0,37.5,1.97,1.97,0.83,0.83,0.5,1.0,,0.0,0.5,0.0,0.5,0.2,0.0,0.0,0.25,0.0,0.0
4,桃園台啤永豐雲豹,12|54|57|68,曹薰襄/高錦瑋/莊博元/克羅馬,9,162,191.0,2793.13,46.55,46:33,310.35,5.17,05:10,89.0,9.89,46.6,68.83,77.0,8.56,40.31,59.55,74.0,8.22,38.74,57.23,35.0,3.89,18.32,27.07,47.0,5.22,24.61,36.35,25.0,2.78,13.09,19.33,27.0,3.0,14.14,20.88,10.0,1.11,5.24,7.73,12.0,1.33,6.28,9.28,9.0,1.0,4.71,6.96,12.0,1.33,6.28,9.28,29.0,3.22,15.18,22.43,12.0,1.33,6.28,9.28,32.0,3.56,16.75,24.75,13.0,1.44,6.81,10.05,23.0,2.56,12.04,17.79,9.0,1.0,4.71,6.96,1.0,0.11,0.52,0.77,11.0,1.22,5.76,8.51,20.0,2.22,10.47,15.47,46.6,40.31,6.28,98.47,12.0,1.33,6.28,46.55,5.17,0.54,0.56,0.53,0.37,0.75,0.14,0.66,0.27,0.71,0.48,4.71,0.52,0.06,10.47,0.16
4,桃園台啤永豐雲豹,12|57|68|10861,曹薰襄/莊博元/克羅馬/迪亞洛,7,96,111.0,1293.03,21.55,21:33,184.72,3.08,03:05,46.0,6.57,41.44,76.84,40.0,5.71,36.04,66.82,39.0,5.57,35.14,65.15,16.0,2.29,14.41,26.73,28.0,4.0,25.23,46.77,12.0,1.71,10.81,20.05,11.0,1.57,9.91,18.38,4.0,0.57,3.6,6.68,15.0,2.14,13.51,25.06,10.0,1.43,9.01,16.7,7.0,1.0,6.31,11.69,17.0,2.43,15.32,28.4,5.0,0.71,4.5,8.35,18.0,2.57,16.22,30.07,11.0,1.57,9.91,18.38,13.0,1.86,11.71,21.72,7.0,1.0,6.31,11.69,1.0,0.14,0.9,1.67,9.0,1.29,8.11,15.03,5.0,0.71,4.5,8.35,41.44,36.04,5.41,123.62,6.0,0.86,5.41,21.55,3.08,0.46,0.5,0.43,0.36,0.67,0.19,0.81,0.28,0.77,0.51,6.31,0.9,0.08,4.5,0.38
4,高雄全家海神,45|109|116|12908,施晉堯/于煥亞/呂威霆/布里茲克,3,96,112.0,1436.43,23.94,23:56,478.81,7.98,07:59,53.0,17.67,47.32,79.7,51.0,17.0,45.54,76.69,44.0,14.67,39.29,66.16,19.0,6.33,16.96,28.57,28.0,9.33,25.0,42.1,12.0,4.0,10.71,18.04,16.0,5.33,14.29,24.06,7.0,2.33,6.25,10.53,10.0,3.33,8.93,15.04,8.0,2.67,7.14,12.03,8.0,2.67,7.14,12.03,17.0,5.67,15.18,25.56,5.0,1.67,4.46,7.52,16.0,5.33,14.29,24.06,7.0,2.33,6.25,10.53,11.0,3.67,9.82,16.54,4.0,1.33,3.57,6.01,3.0,1.0,2.68,4.51,5.0,1.67,4.46,7.52,16.0,5.33,14.29,24.06,47.32,45.54,1.79,112.28,2.0,0.67,1.79,23.94,7.98,0.51,0.55,0.43,0.44,0.8,0.13,0.58,0.33,0.77,0.54,3.57,2.68,0.04,14.29,0.23
4,高雄全家海神,45|116|12908|13399,施晉堯/呂威霆/布里茲克/賽克維奇,1,25,28.0,428.26,7.14,07:08,428.26,7.14,07:08,16.0,16.0,57.14,80.7,11.0,11.0,39.29,55.48,13.0,13.0,46.43,65.57,6.0,6.0,21.43,30.26,10.0,10.0,35.71,50.44,4.0,4.0,14.29,20.17,3.0,3.0,10.71,15.13,2.0,2.0,7.14,10.09,2.0,2.0,7.14,10.09,2.0,2.0,7.14,10.09,3.0,3.0,10.71,15.13,4.0,4.0,14.29,20.17,0.0,0.0,0.0,0.0,4.0,4.0,14.29,20.17,1.0,1.0,3.57,5.04,3.0,3.0,10.71,15.13,0.0,0.0,0.0,0.0,3.0,3.0,10.71,15.13,3.0,3.0,10.71,15.13,2.0,2.0,7.14,10.09,57.14,39.29,17.86,94.15,5.0,5.0,17.86,7.14,7.14,0.54,0.58,0.4,0.67,1.0,0.07,0.5,0.43,1.0,0.64,0.0,10.71,0.11,7.14,0.15
4,高雄全家海神,45|116|121|12908,施晉堯/呂威霆/吳曉謹/布里茲克,2,10,10.0,179.18,2.99,02:59,89.59,1.49,01:30,8.0,4.0,80.0,96.44,8.0,4.0,80.0,96.44,3.0,1.5,30.0,36.16,2.0,1.0,20.0,24.11,1.0,0.5,10.0,12.05,1.0,0.5,10.0,12.05,2.0,1.0,20.0,24.11,1.0,0.5,10.0,12.05,4.0,2.0,40.0,48.22,3.0,1.5,30.0,36.16,0.0,0.0,0.0,0.0,2.0,1.0,20.0,24.11,0.0,0.0,0.0,0.0,1.0,0.5,10.0,12.05,0.0,0.0,0.0,0.0,1.0,0.5,10.0,12.05,0.0,0.0,0.0,0.0,0.0,0.0,0.0,0.0,2.0,1.0,20.0,24.11,2.0,1.0,20.0,24.11,80.0,80.0,0.0,80.36,0.0,0.0,0.0,2.99,1.49,0.83,0.84,1.0,0.5,0.75,0.0,0.5,0.0,1.0,0.67,0.0,0.0,0.2,20.0,1.33
4,高雄全家海神,45|116|121|13399,施晉堯/呂威霆/吳曉謹/賽克維奇,1,7,7.0,127.0,2.12,02:07,127.0,2.12,02:07,7.0,7.0,100.0,119.06,5.0,5.0,71.43,85.04,2.0,2.0,28.57,34.02,2.0,2.0,28.57,34.02,1.0,1.0,14.29,17.01,1.0,1.0,14.29,17.01,1.0,1.0,14.29,17.01,1.0,1.0,14.29,17.01,2.0,2.0,28.57,34.02,2.0,2.0,28.57,34.02,0.0,0.0,0.0,0.0,0.0,0.0,0.0,0.0,0.0,0.0,0.0,0.0,1.0,1.0,14.29,17.01,0.0,0.0,0.0,0.0,1.0,1.0,14.29,17.01,0.0,0.0,0.0,0.0,0.0,0.0,0.0,0.0,2.0,2.0,28.57,34.02,2.0,2.0,28.57,34.02,100.0,71.43,28.57,79.37,2.0,2.0,28.57,2.12,2.12,1.25,1.22,1.0,1.0,1.0,0.0,0.5,0.0,,0.0,0.0,0.0,0.29,28.57,1.0
4,高雄全家海神,45|121|12908|13399,施晉堯/吳曉謹/布里茲克/賽克維奇,1,7,7.0,127.0,2.12,02:07,127.0,2.12,02:07,7.0,7.0,100.0,119.06,5.0,5.0,71.43,85.04,2.0,2.0,28.57,34.02,2.0,2.0,28.57,34.02,1.0,1.0,14.29,17.01,1.0,1.0,14.29,17.01,1.0,1.0,14.29,17.01,1.0,1.0,14.29,17.01,2.0,2.0,28.57,34.02,2.0,2.0,28.57,34.02,0.0,0.0,0.0,0.0,0.0,0.0,0.0,0.0,0.0,0.0,0.0,0.0,1.0,1.0,14.29,17.01,0.0,0.0,0.0,0.0,1.0,1.0,14.29,17.01,0.0,0.0,0.0,0.0,0.0,0.0,0.0,0.0,2.0,2.0,28.57,34.02,2.0,2.0,28.57,34.02,100.0,71.43,28.57,79.37,2.0,2.0,28.57,2.12,2.12,1.25,1.22,1.0,1.0,1.0,0.0,0.5,0.0,,0.0,0.0,0.0,0.29,28.57,1.0
4,高雄全家海神,116|121|12908|13399,呂威霆/吳曉謹/布里茲克/賽克維奇,1,7,7.0,127.0,2.12,02:07,127.0,2.12,02:07,7.0,7.0,100.0,119.06,5.0,5.0,71.43,85.04,2.0,2.0,28.57,34.02,2.0,2.0,28.57,34.02,1.0,1.0,14.29,17.01,1.0,1.0,14.29,17.01,1.0,1.0,14.29,17.01,1.0,1.0,14.29,17.01,2.0,2.0,28.57,34.02,2.0,2.0,28.57,34.02,0.0,0.0,0.0,0.0,0.0,0.0,0.0,0.0,0.0,0.0,0.0,0.0,1.0,1.0,14.29,17.01,0.0,0.0,0.0,0.0,1.0,1.0,14.29,17.01,0.0,0.0,0.0,0.0,0.0,0.0,0.0,0.0,2.0,2.0,28.57,34.02,2.0,2.0,28.57,34.02,100.0,71.43,28.57,79.37,2.0,2.0,28.57,2.12,2.12,1.25,1.22,1.0,1.0,1.0,0.0,0.5,0.0,,0.0,0.0,0.0,0.29,28.57,1.0
4,高雄全家海神,51|109|116|122,克力斯/于煥亞/呂威霆/陳懷安,1,4,4.0,112.93,1.88,01:53,112.93,1.88,01:53,5.0,5.0,125.0,95.63,2.0,2.0,50.0,38.25,1.0,1.0,25.0,19.13,1.0,1.0,25.0,19.13,0.0,0.0,0.0,0.0,0.0,0.0,0.0,0.0,1.0,1.0,25.0,19.13,1.0,1.0,25.0,19.13,2.0,2.0,50.0,38.25,2.0,2.0,50.0,38.25,0.0,0.0,0.0,0.0,0.0,0.0,0.0,0.0,0.0,0.0,0.0,0.0,0.0,0.0,0.0,0.0,0.0,0.0,0.0,0.0,0.0,0.0,0.0,0.0,0.0,0.0,0.0,0.0,0.0,0.0,0.0,0.0,0.0,0.0,0.0,0.0,0.0,0.0,0.0,0.0,125.0,50.0,75.0,51.0,3.0,3.0,75.0,1.88,1.88,1.5,1.33,,1.0,1.0,0.0,0.0,,,,0.0,0.0,0.0,0.0,2.0
4,高雄全家海神,51|109|122|13399,克力斯/于煥亞/陳懷安/賽克維奇,2,25,28.0,441.61,7.36,07:22,220.81,3.68,03:41,20.0,10.0,71.43,97.82,12.0,6.0,42.86,58.69,10.0,5.0,35.71,48.91,7.0,3.5,25.0,34.24,7.0,3.5,25.0,34.24,5.0,2.5,17.86,24.46,3.0,1.5,10.71,14.67,2.0,1.0,7.14,9.78,4.0,2.0,14.29,19.56,4.0,2.0,14.29,19.56,1.0,0.5,3.57,4.89,2.0,1.0,7.14,9.78,0.0,0.0,0.0,0.0,3.0,1.5,10.71,14.67,2.0,1.0,7.14,9.78,0.0,0.0,0.0,0.0,1.0,0.5,3.57,4.89,0.0,0.0,0.0,0.0,2.0,1.0,7.14,9.78,0.0,0.0,0.0,0.0,71.43,42.86,28.57,91.3,8.0,4.0,28.57,7.36,3.68,0.8,0.85,0.71,0.67,1.0,0.15,0.0,0.25,1.0,0.5,3.57,0.0,0.07,0.0,0.4
4,高雄全家海神,51|116|122|13399,克力斯/呂威霆/陳懷安/賽克維奇,2,16,20.0,311.66,5.19,05:12,155.83,2.6,02:36,5.0,2.5,25.0,34.65,8.0,4.0,40.0,55.45,7.0,3.5,35.0,48.52,1.0,0.5,5.0,6.93,3.0,1.5,15.0,20.79,0.0,0.0,0.0,0.0,4.0,2.0,20.0,27.72,1.0,0.5,5.0,6.93,4.0,2.0,20.0,27.72,4.0,2.0,20.0,27.72,2.0,1.0,10.0,13.86,4.0,2.0,20.0,27.72,1.0,0.5,5.0,6.93,0.0,0.0,0.0,0.0,1.0,0.5,5.0,6.93,0.0,0.0,0.0,0.0,1.0,0.5,5.0,6.93,0.0,0.0,0.0,0.0,0.0,0.0,0.0,0.0,1.0,0.5,5.0,6.93,25.0,40.0,-15.0,92.41,-3.0,-1.5,-15.0,5.19,2.6,0.21,0.29,0.0,0.25,1.0,0.1,0.0,1.0,0.8,0.86,5.0,0.0,0.0,5.0,0.57
4,高雄全家海神,109|116|122|13399,于煥亞/呂威霆/陳懷安/賽克維奇,1,4,4.0,112.93,1.88,01:53,112.93,1.88,01:53,5.0,5.0,125.0,95.63,2.0,2.0,50.0,38.25,1.0,1.0,25.0,19.13,1.0,1.0,25.0,19.13,0.0,0.0,0.0,0.0,0.0,0.0,0.0,0.0,1.0,1.0,25.0,19.13,1.0,1.0,25.0,19.13,2.0,2.0,50.0,38.25,2.0,2.0,50.0,38.25,0.0,0.0,0.0,0.0,0.0,0.0,0.0,0.0,0.0,0.0,0.0,0.0,0.0,0.0,0.0,0.0,0.0,0.0,0.0,0.0,0.0,0.0,0.0,0.0,0.0,0.0,0.0,0.0,0.0,0.0,0.0,0.0,0.0,0.0,0.0,0.0,0.0,0.0,0.0,0.0,125.0,50.0,75.0,51.0,3.0,3.0,75.0,1.88,1.88,1.5,1.33,,1.0,1.0,0.0,0.0,,,,0.0,0.0,0.0,0.0,2.0
4,高雄全家海神,51|109|121|122,克力斯/于煥亞/吳曉謹/陳懷安,3,21,22.0,316.4,5.27,05:16,105.47,1.76,01:45,10.0,3.33,45.45,68.27,12.0,4.0,54.55,81.92,10.0,3.33,45.45,68.27,4.0,1.33,18.18,27.31,4.0,1.33,18.18,27.31,2.0,0.67,9.09,13.65,6.0,2.0,27.27,40.96,2.0,0.67,9.09,13.65,0.0,0.0,0.0,0.0,0.0,0.0,0.0,0.0,1.0,0.33,4.55,6.83,5.0,1.67,22.73,34.13,0.0,0.0,0.0,0.0,2.0,0.67,9.09,13.65,2.0,0.67,9.09,13.65,0.0,0.0,0.0,0.0,1.0,0.33,4.55,6.83,0.0,0.0,0.0,0.0,0.0,0.0,0.0,0.0,5.0,1.67,22.73,34.13,45.45,54.55,-9.09,100.13,-2.0,-0.67,-9.09,5.27,1.76,0.5,0.5,0.5,0.33,,0.17,0.0,0.33,1.0,0.75,4.55,0.0,0.0,22.73,0.0
4,高雄全家海神,51|109|121|13399,克力斯/于煥亞/吳曉謹/賽克維奇,1,8,8.0,106.0,1.77,01:46,106.0,1.77,01:46,5.0,5.0,62.5,101.89,4.0,4.0,50.0,81.51,3.0,3.0,37.5,61.13,2.0,2.0,25.0,40.75,2.0,2.0,25.0,40.75,1.0,1.0,12.5,20.38,1.0,1.0,12.5,20.38,1.0,1.0,12.5,20.38,0.0,0.0,0.0,0.0,0.0,0.0,0.0,0.0,0.0,0.0,0.0,0.0,1.0,1.0,12.5,20.38,0.0,0.0,0.0,0.0,0.0,0.0,0.0,0.0,1.0,1.0,12.5,20.38,0.0,0.0,0.0,0.0,1.0,1.0,12.5,20.38,0.0,0.0,0.0,0.0,0.0,0.0,0.0,0.0,0.0,0.0,0.0,0.0,62.5,50.0,12.5,108.68,1.0,1.0,12.5,1.77,1.77,0.83,0.83,0.5,1.0,,0.25,0.0,,1.0,1.0,12.5,0.0,0.0,0.0,0.0
4,高雄全家海神,51|121|122|13399,克力斯/吳曉謹/陳懷安/賽克維奇,3,65,75.0,1143.32,19.06,19:03,381.11,6.35,06:21,45.0,15.0,60.0,85.02,43.0,14.33,57.33,81.24,33.0,11.0,44.0,62.34,17.0,5.67,22.67,32.12,16.0,5.33,21.33,30.23,10.0,3.33,13.33,18.89,17.0,5.67,22.67,32.12,7.0,2.33,9.33,13.22,4.0,1.33,5.33,7.56,4.0,1.33,5.33,7.56,6.0,2.0,8.0,11.34,8.0,2.67,10.67,15.11,1.0,0.33,1.33,1.89,7.0,2.33,9.33,13.22,6.0,2.0,8.0,11.34,9.0,3.0,12.0,17.0,5.0,1.67,6.67,9.45,1.0,0.33,1.33,1.89,7.0,2.33,9.33,13.22,11.0,3.67,14.67,20.78,60.0,57.33,2.67,94.46,2.0,0.67,2.67,19.06,6.35,0.62,0.65,0.62,0.41,1.0,0.15,0.53,0.46,0.89,0.64,6.67,1.33,0.09,14.67,0.12
4,高雄全家海神,109|121|122|13399,于煥亞/吳曉謹/陳懷安/賽克維奇,1,8,8.0,106.0,1.77,01:46,106.0,1.77,01:46,5.0,5.0,62.5,101.89,4.0,4.0,50.0,81.51,3.0,3.0,37.5,61.13,2.0,2.0,25.0,40.75,2.0,2.0,25.0,40.75,1.0,1.0,12.5,20.38,1.0,1.0,12.5,20.38,1.0,1.0,12.5,20.38,0.0,0.0,0.0,0.0,0.0,0.0,0.0,0.0,0.0,0.0,0.0,0.0,1.0,1.0,12.5,20.38,0.0,0.0,0.0,0.0,0.0,0.0,0.0,0.0,1.0,1.0,12.5,20.38,0.0,0.0,0.0,0.0,1.0,1.0,12.5,20.38,0.0,0.0,0.0,0.0,0.0,0.0,0.0,0.0,0.0,0.0,0.0,0.0,62.5,50.0,12.5,108.68,1.0,1.0,12.5,1.77,1.77,0.83,0.83,0.5,1.0,,0.25,0.0,,1.0,1.0,12.5,0.0,0.0,0.0,0.0
4,桃園台啤永豐雲豹,12|57|3129|10861,曹薰襄/莊博元/董永全/迪亞洛,3,12,16.0,198.21,3.3,03:18,66.07,1.1,01:06,6.0,2.0,37.5,65.39,1.0,0.33,6.25,10.9,2.0,0.67,12.5,21.8,1.0,0.33,6.25,10.9,0.0,0.0,0.0,0.0,0.0,0.0,0.0,0.0,2.0,0.67,12.5,21.8,1.0,0.33,6.25,10.9,4.0,1.33,25.0,43.59,3.0,1.0,18.75,32.69,1.0,0.33,6.25,10.9,1.0,0.33,6.25,10.9,3.0,1.0,18.75,32.69,5.0,1.67,31.25,54.49,3.0,1.0,18.75,32.69,2.0,0.67,12.5,21.8,2.0,0.67,12.5,21.8,0.0,0.0,0.0,0.0,2.0,0.67,12.5,21.8,3.0,1.0,18.75,32.69,37.5,6.25,31.25,116.24,5.0,1.67,31.25,3.3,1.1,0.75,0.8,,0.5,0.75,0.44,2.0,0.17,0.25,0.2,12.5,0.0,0.12,18.75,2.0
4,高雄全家海神,51|109|121|123,克力斯/于煥亞/吳曉謹/勤明慶,1,3,4.0,53.93,0.9,00:54,53.93,0.9,00:54,0.0,0.0,0.0,0.0,1.0,1.0,25.0,40.05,2.0,2.0,50.0,80.11,0.0,0.0,0.0,0.0,1.0,1.0,25.0,40.05,0.0,0.0,0.0,0.0,1.0,1.0,25.0,40.05,0.0,0.0,0.0,0.0,0.0,0.0,0.0,0.0,0.0,0.0,0.0,0.0,1.0,1.0,25.0,40.05,1.0,1.0,25.0,40.05,0.0,0.0,0.0,0.0,1.0,1.0,25.0,40.05,1.0,1.0,25.0,40.05,0.0,0.0,0.0,0.0,0.0,0.0,0.0,0.0,0.0,0.0,0.0,0.0,0.0,0.0,0.0,0.0,2.0,2.0,50.0,80.11,0.0,25.0,-25.0,106.81,-1.0,-1.0,-25.0,0.9,0.9,0.0,0.0,0.0,0.0,,0.33,,0.5,1.0,0.67,0.0,0.0,0.0,50.0,0.0
4,高雄全家海神,51|109|122|123,克力斯/于煥亞/陳懷安/勤明慶,1,3,4.0,53.93,0.9,00:54,53.93,0.9,00:54,0.0,0.0,0.0,0.0,1.0,1.0,25.0,40.05,2.0,2.0,50.0,80.11,0.0,0.0,0.0,0.0,1.0,1.0,25.0,40.05,0.0,0.0,0.0,0.0,1.0,1.0,25.0,40.05,0.0,0.0,0.0,0.0,0.0,0.0,0.0,0.0,0.0,0.0,0.0,0.0,1.0,1.0,25.0,40.05,1.0,1.0,25.0,40.05,0.0,0.0,0.0,0.0,1.0,1.0,25.0,40.05,1.0,1.0,25.0,40.05,0.0,0.0,0.0,0.0,0.0,0.0,0.0,0.0,0.0,0.0,0.0,0.0,0.0,0.0,0.0,0.0,2.0,2.0,50.0,80.11,0.0,25.0,-25.0,106.81,-1.0,-1.0,-25.0,0.9,0.9,0.0,0.0,0.0,0.0,,0.33,,0.5,1.0,0.67,0.0,0.0,0.0,50.0,0.0
4,高雄全家海神,51|121|122|123,克力斯/吳曉謹/陳懷安/勤明慶,1,3,4.0,53.93,0.9,00:54,53.93,0.9,00:54,0.0,0.0,0.0,0.0,1.0,1.0,25.0,40.05,2.0,2.0,50.0,80.11,0.0,0.0,0.0,0.0,1.0,1.0,25.0,40.05,0.0,0.0,0.0,0.0,1.0,1.0,25.0,40.05,0.0,0.0,0.0,0.0,0.0,0.0,0.0,0.0,0.0,0.0,0.0,0.0,1.0,1.0,25.0,40.05,1.0,1.0,25.0,40.05,0.0,0.0,0.0,0.0,1.0,1.0,25.0,40.05,1.0,1.0,25.0,40.05,0.0,0.0,0.0,0.0,0.0,0.0,0.0,0.0,0.0,0.0,0.0,0.0,0.0,0.0,0.0,0.0,2.0,2.0,50.0,80.11,0.0,25.0,-25.0,106.81,-1.0,-1.0,-25.0,0.9,0.9,0.0,0.0,0.0,0.0,,0.33,,0.5,1.0,0.67,0.0,0.0,0.0,50.0,0.0
4,高雄全家海神,51|111|119|121,克力斯/唐維傑/余純安/吳曉謹,2,10,11.0,132.39,2.21,02:12,66.2,1.1,01:06,7.0,3.5,63.64,114.2,5.0,2.5,45.45,81.57,4.0,2.0,36.36,65.26,3.0,1.5,27.27,48.94,3.0,1.5,27.27,48.94,2.0,1.0,18.18,32.63,1.0,0.5,9.09,16.31,1.0,0.5,9.09,16.31,4.0,2.0,36.36,65.26,2.0,1.0,18.18,32.63,0.0,0.0,0.0,0.0,2.0,1.0,18.18,32.63,0.0,0.0,0.0,0.0,3.0,1.5,27.27,48.94,0.0,0.0,0.0,0.0,3.0,1.5,27.27,48.94,0.0,0.0,0.0,0.0,0.0,0.0,0.0,0.0,1.0,0.5,9.09,16.31,2.0,1.0,18.18,32.63,63.64,45.45,18.18,119.64,2.0,1.0,18.18,2.21,1.1,0.88,0.61,0.67,1.0,0.5,0.0,1.0,0.0,1.0,0.4,0.0,0.0,0.09,18.18,1.0
4,高雄全家海神,51|111|119|123,克力斯/唐維傑/余純安/勤明慶,1,1,2.0,9.0,0.15,00:09,9.0,0.15,00:09,0.0,0.0,0.0,0.0,0.0,0.0,0.0,0.0,0.0,0.0,0.0,0.0,0.0,0.0,0.0,0.0,0.0,0.0,0.0,0.0,0.0,0.0,0.0,0.0,0.0,0.0,0.0,0.0,0.0,0.0,0.0,0.0,2.0,2.0,100.0,480.0,0.0,0.0,0.0,0.0,0.0,0.0,0.0,0.0,1.0,1.0,50.0,240.0,0.0,0.0,0.0,0.0,1.0,1.0,50.0,240.0,0.0,0.0,0.0,0.0,0.0,0.0,0.0,0.0,0.0,0.0,0.0,0.0,0.0,0.0,0.0,0.0,1.0,1.0,50.0,240.0,0.0,0.0,0.0,0.0,0.0,0.0,0.0,320.0,0.0,0.0,0.0,0.15,0.15,,0.0,,,0.0,0.0,,0.0,1.0,0.5,0.0,0.0,0.5,0.0,
4,高雄全家海神,51|111|121|123,克力斯/唐維傑/吳曉謹/勤明慶,1,1,2.0,9.0,0.15,00:09,9.0,0.15,00:09,0.0,0.0,0.0,0.0,0.0,0.0,0.0,0.0,0.0,0.0,0.0,0.0,0.0,0.0,0.0,0.0,0.0,0.0,0.0,0.0,0.0,0.0,0.0,0.0,0.0,0.0,0.0,0.0,0.0,0.0,0.0,0.0,2.0,2.0,100.0,480.0,0.0,0.0,0.0,0.0,0.0,0.0,0.0,0.0,1.0,1.0,50.0,240.0,0.0,0.0,0.0,0.0,1.0,1.0,50.0,240.0,0.0,0.0,0.0,0.0,0.0,0.0,0.0,0.0,0.0,0.0,0.0,0.0,0.0,0.0,0.0,0.0,1.0,1.0,50.0,240.0,0.0,0.0,0.0,0.0,0.0,0.0,0.0,320.0,0.0,0.0,0.0,0.15,0.15,,0.0,,,0.0,0.0,,0.0,1.0,0.5,0.0,0.0,0.5,0.0,
4,高雄全家海神,51|119|121|123,克力斯/余純安/吳曉謹/勤明慶,1,1,2.0,9.0,0.15,00:09,9.0,0.15,00:09,0.0,0.0,0.0,0.0,0.0,0.0,0.0,0.0,0.0,0.0,0.0,0.0,0.0,0.0,0.0,0.0,0.0,0.0,0.0,0.0,0.0,0.0,0.0,0.0,0.0,0.0,0.0,0.0,0.0,0.0,0.0,0.0,2.0,2.0,100.0,480.0,0.0,0.0,0.0,0.0,0.0,0.0,0.0,0.0,1.0,1.0,50.0,240.0,0.0,0.0,0.0,0.0,1.0,1.0,50.0,240.0,0.0,0.0,0.0,0.0,0.0,0.0,0.0,0.0,0.0,0.0,0.0,0.0,0.0,0.0,0.0,0.0,1.0,1.0,50.0,240.0,0.0,0.0,0.0,0.0,0.0,0.0,0.0,320.0,0.0,0.0,0.0,0.15,0.15,,0.0,,,0.0,0.0,,0.0,1.0,0.5,0.0,0.0,0.5,0.0,
4,高雄全家海神,111|119|121|123,唐維傑/余純安/吳曉謹/勤明慶,1,1,2.0,9.0,0.15,00:09,9.0,0.15,00:09,0.0,0.0,0.0,0.0,0.0,0.0,0.0,0.0,0.0,0.0,0.0,0.0,0.0,0.0,0.0,0.0,0.0,0.0,0.0,0.0,0.0,0.0,0.0,0.0,0.0,0.0,0.0,0.0,0.0,0.0,0.0,0.0,2.0,2.0,100.0,480.0,0.0,0.0,0.0,0.0,0.0,0.0,0.0,0.0,1.0,1.0,50.0,240.0,0.0,0.0,0.0,0.0,1.0,1.0,50.0,240.0,0.0,0.0,0.0,0.0,0.0,0.0,0.0,0.0,0.0,0.0,0.0,0.0,0.0,0.0,0.0,0.0,1.0,1.0,50.0,240.0,0.0,0.0,0.0,0.0,0.0,0.0,0.0,320.0,0.0,0.0,0.0,0.15,0.15,,0.0,,,0.0,0.0,,0.0,1.0,0.5,0.0,0.0,0.5,0.0,
4,高雄全家海神,51|109|116|12908,克力斯/于煥亞/呂威霆/布里茲克,4,79,90.0,1324.17,22.07,22:04,331.04,5.52,05:31,49.0,12.25,54.44,79.93,48.0,12.0,53.33,78.3,35.0,8.75,38.89,57.09,18.0,4.5,20.0,29.36,23.0,5.75,25.56,37.52,12.0,3.0,13.33,19.57,12.0,3.0,13.33,19.57,6.0,1.5,6.67,9.79,7.0,1.75,7.78,11.42,7.0,1.75,7.78,11.42,3.0,0.75,3.33,4.89,13.0,3.25,14.44,21.21,6.0,1.5,6.67,9.79,12.0,3.0,13.33,19.57,5.0,1.25,5.56,8.16,9.0,2.25,10.0,14.68,3.0,0.75,3.33,4.89,0.0,0.0,0.0,0.0,6.0,1.5,6.67,9.79,12.0,3.0,13.33,19.57,54.44,53.33,1.11,97.87,1.0,0.25,1.11,22.07,5.52,0.6,0.64,0.52,0.5,1.0,0.12,0.5,0.2,0.68,0.47,3.33,0.0,0.07,13.33,0.2
4,高雄全家海神,109|110|122|12908,于煥亞/胡瓏貿/陳懷安/布里茲克,1,5,5.0,32.2,0.54,00:32,32.2,0.54,00:32,4.0,4.0,80.0,268.32,1.0,1.0,20.0,67.08,3.0,3.0,60.0,201.24,2.0,2.0,40.0,134.16,2.0,2.0,40.0,134.16,2.0,2.0,40.0,134.16,1.0,1.0,20.0,67.08,0.0,0.0,0.0,0.0,0.0,0.0,0.0,0.0,0.0,0.0,0.0,0.0,0.0,0.0,0.0,0.0,1.0,1.0,20.0,67.08,0.0,0.0,0.0,0.0,1.0,1.0,20.0,67.08,0.0,0.0,0.0,0.0,2.0,2.0,40.0,134.16,0.0,0.0,0.0,0.0,0.0,0.0,0.0,0.0,0.0,0.0,0.0,0.0,2.0,2.0,40.0,134.16,80.0,20.0,60.0,223.6,3.0,3.0,60.0,0.54,0.54,0.67,0.67,1.0,0.0,,0.0,1.0,0.0,1.0,0.5,0.0,0.0,0.0,40.0,0.0
4,高雄全家海神,109|110|122|13399,于煥亞/胡瓏貿/陳懷安/賽克維奇,1,5,5.0,32.2,0.54,00:32,32.2,0.54,00:32,4.0,4.0,80.0,268.32,1.0,1.0,20.0,67.08,3.0,3.0,60.0,201.24,2.0,2.0,40.0,134.16,2.0,2.0,40.0,134.16,2.0,2.0,40.0,134.16,1.0,1.0,20.0,67.08,0.0,0.0,0.0,0.0,0.0,0.0,0.0,0.0,0.0,0.0,0.0,0.0,0.0,0.0,0.0,0.0,1.0,1.0,20.0,67.08,0.0,0.0,0.0,0.0,1.0,1.0,20.0,67.08,0.0,0.0,0.0,0.0,2.0,2.0,40.0,134.16,0.0,0.0,0.0,0.0,0.0,0.0,0.0,0.0,0.0,0.0,0.0,0.0,2.0,2.0,40.0,134.16,80.0,20.0,60.0,223.6,3.0,3.0,60.0,0.54,0.54,0.67,0.67,1.0,0.0,,0.0,1.0,0.0,1.0,0.5,0.0,0.0,0.0,40.0,0.0
4,高雄全家海神,109|122|12908|13399,于煥亞/陳懷安/布里茲克/賽克維奇,1,5,5.0,32.2,0.54,00:32,32.2,0.54,00:32,4.0,4.0,80.0,268.32,1.0,1.0,20.0,67.08,3.0,3.0,60.0,201.24,2.0,2.0,40.0,134.16,2.0,2.0,40.0,134.16,2.0,2.0,40.0,134.16,1.0,1.0,20.0,67.08,0.0,0.0,0.0,0.0,0.0,0.0,0.0,0.0,0.0,0.0,0.0,0.0,0.0,0.0,0.0,0.0,1.0,1.0,20.0,67.08,0.0,0.0,0.0,0.0,1.0,1.0,20.0,67.08,0.0,0.0,0.0,0.0,2.0,2.0,40.0,134.16,0.0,0.0,0.0,0.0,0.0,0.0,0.0,0.0,0.0,0.0,0.0,0.0,2.0,2.0,40.0,134.16,80.0,20.0,60.0,223.6,3.0,3.0,60.0,0.54,0.54,0.67,0.67,1.0,0.0,,0.0,1.0,0.0,1.0,0.5,0.0,0.0,0.0,40.0,0.0
4,高雄全家海神,110|122|12908|13399,胡瓏貿/陳懷安/布里茲克/賽克維奇,1,5,5.0,32.2,0.54,00:32,32.2,0.54,00:32,4.0,4.0,80.0,268.32,1.0,1.0,20.0,67.08,3.0,3.0,60.0,201.24,2.0,2.0,40.0,134.16,2.0,2.0,40.0,134.16,2.0,2.0,40.0,134.16,1.0,1.0,20.0,67.08,0.0,0.0,0.0,0.0,0.0,0.0,0.0,0.0,0.0,0.0,0.0,0.0,0.0,0.0,0.0,0.0,1.0,1.0,20.0,67.08,0.0,0.0,0.0,0.0,1.0,1.0,20.0,67.08,0.0,0.0,0.0,0.0,2.0,2.0,40.0,134.16,0.0,0.0,0.0,0.0,0.0,0.0,0.0,0.0,0.0,0.0,0.0,0.0,2.0,2.0,40.0,134.16,80.0,20.0,60.0,223.6,3.0,3.0,60.0,0.54,0.54,0.67,0.67,1.0,0.0,,0.0,1.0,0.0,1.0,0.5,0.0,0.0,0.0,40.0,0.0
4,新北中信特攻,43|48|8889|10877,林韋翰/李沛澄/馬可/阿巴西,4,59,63.0,901.99,15.03,15:02,225.5,3.76,03:45,48.0,12.0,76.19,114.95,31.0,7.75,49.21,74.24,28.0,7.0,44.44,67.05,19.0,4.75,30.16,45.5,16.0,4.0,25.4,38.32,12.0,3.0,19.05,28.74,12.0,3.0,19.05,28.74,7.0,1.75,11.11,16.76,7.0,1.75,11.11,16.76,3.0,0.75,4.76,7.18,3.0,0.75,4.76,7.18,7.0,1.75,11.11,16.76,1.0,0.25,1.59,2.39,9.0,2.25,14.29,21.55,3.0,0.75,4.76,7.18,10.0,2.5,15.87,23.95,3.0,0.75,4.76,7.18,1.0,0.25,1.59,2.39,6.0,1.5,9.52,14.37,13.0,3.25,20.63,31.13,76.19,49.21,26.98,100.58,17.0,4.25,26.98,15.03,3.76,0.8,0.77,0.75,0.58,0.43,0.09,0.53,0.25,0.88,0.5,4.76,1.59,0.1,20.63,0.25
4,新北中信特攻,43|48|8889|10881,林韋翰/李沛澄/馬可/飛克,1,4,4.0,68.07,1.13,01:08,68.07,1.13,01:08,4.0,4.0,100.0,126.93,2.0,2.0,50.0,63.47,1.0,1.0,25.0,31.73,1.0,1.0,25.0,31.73,1.0,1.0,25.0,31.73,1.0,1.0,25.0,31.73,0.0,0.0,0.0,0.0,0.0,0.0,0.0,0.0,4.0,4.0,100.0,126.93,2.0,2.0,50.0,63.47,0.0,0.0,0.0,0.0,1.0,1.0,25.0,31.73,0.0,0.0,0.0,0.0,1.0,1.0,25.0,31.73,0.0,0.0,0.0,0.0,1.0,1.0,25.0,31.73,0.0,0.0,0.0,0.0,0.0,0.0,0.0,0.0,0.0,0.0,0.0,0.0,2.0,2.0,50.0,63.47,100.0,50.0,50.0,84.62,2.0,2.0,50.0,1.13,1.13,1.0,0.72,1.0,,0.5,0.0,1.0,0.0,1.0,0.5,0.0,0.0,0.0,50.0,4.0
4,新北中信特攻,43|48|10877|10881,林韋翰/李沛澄/阿巴西/飛克,3,37,40.0,566.26,9.44,09:26,188.75,3.15,03:09,29.0,9.67,72.5,110.62,22.0,7.33,55.0,83.92,13.0,4.33,32.5,49.59,7.0,2.33,17.5,26.7,7.0,2.33,17.5,26.7,4.0,1.33,10.0,15.26,6.0,2.0,15.0,22.89,3.0,1.0,7.5,11.44,14.0,4.67,35.0,53.4,12.0,4.0,30.0,45.77,0.0,0.0,0.0,0.0,7.0,2.33,17.5,26.7,1.0,0.33,2.5,3.81,3.0,1.0,7.5,11.44,1.0,0.33,2.5,3.81,6.0,2.0,15.0,22.89,0.0,0.0,0.0,0.0,1.0,0.33,2.5,3.81,5.0,1.67,12.5,19.07,8.0,2.67,20.0,30.52,72.5,55.0,17.5,101.72,7.0,2.33,17.5,9.44,3.15,0.65,0.76,0.57,0.5,0.86,0.05,0.86,0.0,0.88,0.64,0.0,2.5,0.12,20.0,1.08
4,新北中信特攻,43|48|104|8889,林韋翰/李沛澄/貝奇/馬可,4,42,48.0,687.69,11.46,11:28,171.92,2.87,02:52,40.0,10.0,83.33,125.64,22.0,5.5,45.83,69.1,21.0,5.25,43.75,65.96,14.0,3.5,29.17,43.97,7.0,1.75,14.58,21.99,5.0,1.25,10.42,15.7,14.0,3.5,29.17,43.97,9.0,2.25,18.75,28.27,4.0,1.0,8.33,12.56,3.0,0.75,6.25,9.42,1.0,0.25,2.08,3.14,6.0,1.5,12.5,18.85,2.0,0.5,4.17,6.28,7.0,1.75,14.58,21.99,1.0,0.25,2.08,3.14,11.0,2.75,22.92,34.55,1.0,0.25,2.08,3.14,2.0,0.5,4.17,6.28,6.0,1.5,12.5,18.85,9.0,2.25,18.75,28.27,83.33,45.83,37.5,100.51,18.0,4.5,37.5,11.46,2.87,0.88,0.88,0.71,0.64,0.75,0.04,0.79,0.12,0.75,0.44,2.08,4.17,0.12,18.75,0.19
4,新北中信特攻,43|48|104|10877,林韋翰/李沛澄/貝奇/阿巴西,4,35,39.0,549.73,9.16,09:10,137.43,2.29,02:17,33.0,8.25,84.62,129.66,20.0,5.0,51.28,78.58,15.0,3.75,38.46,58.94,11.0,2.75,28.21,43.22,4.0,1.0,10.26,15.72,3.0,0.75,7.69,11.79,11.0,2.75,28.21,43.22,8.0,2.0,20.51,31.43,4.0,1.0,10.26,15.72,3.0,0.75,7.69,11.79,1.0,0.25,2.56,3.93,3.0,0.75,7.69,11.79,1.0,0.25,2.56,3.93,5.0,1.25,12.82,19.65,2.0,0.5,5.13,7.86,9.0,2.25,23.08,35.36,2.0,0.5,5.13,7.86,1.0,0.25,2.56,3.93,4.0,1.0,10.26,15.72,7.0,1.75,17.95,27.5,84.62,51.28,33.33,102.16,13.0,3.25,33.33,9.16,2.29,1.0,0.98,0.75,0.73,0.75,0.11,0.82,0.17,0.75,0.4,5.13,2.56,0.1,17.95,0.27
4,新北中信特攻,48|104|8889|10877,李沛澄/貝奇/馬可/阿巴西,4,44,52.0,786.95,13.12,13:07,196.74,3.28,03:17,40.0,10.0,76.92,109.79,36.0,9.0,69.23,98.81,24.0,6.0,46.15,65.87,14.0,3.5,26.92,38.43,9.0,2.25,17.31,24.7,5.0,1.25,9.62,13.72,15.0,3.75,28.85,41.17,9.0,2.25,17.31,24.7,4.0,1.0,7.69,10.98,3.0,0.75,5.77,8.23,4.0,1.0,7.69,10.98,6.0,1.5,11.54,16.47,1.0,0.25,1.92,2.74,4.0,1.0,7.69,10.98,2.0,0.5,3.85,5.49,11.0,2.75,21.15,30.19,2.0,0.5,3.85,5.49,1.0,0.25,1.92,2.74,5.0,1.25,9.62,13.72,12.0,3.0,23.08,32.94,76.92,69.23,7.69,95.15,4.0,1.0,7.69,13.12,3.28,0.77,0.78,0.56,0.6,0.75,0.07,0.79,0.5,0.86,0.67,3.85,1.92,0.1,23.08,0.17
4,新竹御嵿攻城獅,78|88|10862|10887,朱雲豪/盧冠軒/提傑/德魯,4,70,83.0,1089.01,18.15,18:09,272.25,4.54,04:32,40.0,10.0,48.19,79.34,39.0,9.75,46.99,77.35,26.0,6.5,31.33,51.57,11.0,2.75,13.25,21.82,15.0,3.75,18.07,29.75,7.0,1.75,8.43,13.88,11.0,2.75,13.25,21.82,4.0,1.0,4.82,7.93,18.0,4.5,21.69,35.7,14.0,3.5,16.87,27.77,3.0,0.75,3.61,5.95,16.0,4.0,19.28,31.74,8.0,2.0,9.64,15.87,10.0,2.5,12.05,19.83,4.0,1.0,4.82,7.93,8.0,2.0,9.64,15.87,1.0,0.25,1.2,1.98,1.0,0.25,1.2,1.98,10.0,2.5,12.05,19.83,11.0,2.75,13.25,21.82,48.19,46.99,1.2,109.75,1.0,0.25,1.2,18.15,4.54,0.5,0.59,0.47,0.36,0.78,0.11,0.73,0.23,0.67,0.51,1.2,1.2,0.12,13.25,0.69
4,新竹御嵿攻城獅,78|88|10885|10887,朱雲豪/盧冠軒/劉丞勳/德魯,1,4,6.0,68.62,1.14,01:09,68.62,1.14,01:09,5.0,5.0,83.33,157.4,2.0,2.0,33.33,62.96,1.0,1.0,16.67,31.48,1.0,1.0,16.67,31.48,1.0,1.0,16.67,31.48,1.0,1.0,16.67,31.48,0.0,0.0,0.0,0.0,0.0,0.0,0.0,0.0,3.0,3.0,50.0,94.44,3.0,3.0,50.0,94.44,0.0,0.0,0.0,0.0,0.0,0.0,0.0,0.0,1.0,1.0,16.67,31.48,1.0,1.0,16.67,31.48,0.0,0.0,0.0,0.0,1.0,1.0,16.67,31.48,0.0,0.0,0.0,0.0,0.0,0.0,0.0,0.0,2.0,2.0,33.33,62.96,4.0,4.0,66.67,125.92,83.33,33.33,50.0,125.92,3.0,3.0,50.0,1.14,1.14,1.0,1.08,1.0,,1.0,0.0,1.0,0.0,0.0,0.0,0.0,0.0,0.33,66.67,3.0
4,新北中信特攻,43|47|48|104,林韋翰/曾文鼎/李沛澄/貝奇,1,11,15.0,191.07,3.18,03:11,191.07,3.18,03:11,5.0,5.0,33.33,56.52,7.0,7.0,46.67,79.13,4.0,4.0,26.67,45.22,2.0,2.0,13.33,22.61,4.0,4.0,26.67,45.22,2.0,2.0,13.33,22.61,0.0,0.0,0.0,0.0,0.0,0.0,0.0,0.0,2.0,2.0,13.33,22.61,1.0,1.0,6.67,11.3,1.0,1.0,6.67,11.3,2.0,2.0,13.33,22.61,2.0,2.0,13.33,22.61,2.0,2.0,13.33,22.61,1.0,1.0,6.67,11.3,1.0,1.0,6.67,11.3,0.0,0.0,0.0,0.0,0.0,0.0,0.0,0.0,1.0,1.0,6.67,11.3,3.0,3.0,20.0,33.91,33.33,46.67,-13.33,113.05,-2.0,-2.0,-13.33,3.18,3.18,0.5,0.51,0.5,,0.5,0.17,0.5,0.33,0.5,0.43,0.0,0.0,0.07,20.0,0.5
4,新北中信特攻,43|47|48|10881,林韋翰/曾文鼎/李沛澄/飛克,1,11,15.0,191.07,3.18,03:11,191.07,3.18,03:11,5.0,5.0,33.33,56.52,7.0,7.0,46.67,79.13,4.0,4.0,26.67,45.22,2.0,2.0,13.33,22.61,4.0,4.0,26.67,45.22,2.0,2.0,13.33,22.61,0.0,0.0,0.0,0.0,0.0,0.0,0.0,0.0,2.0,2.0,13.33,22.61,1.0,1.0,6.67,11.3,1.0,1.0,6.67,11.3,2.0,2.0,13.33,22.61,2.0,2.0,13.33,22.61,2.0,2.0,13.33,22.61,1.0,1.0,6.67,11.3,1.0,1.0,6.67,11.3,0.0,0.0,0.0,0.0,0.0,0.0,0.0,0.0,1.0,1.0,6.67,11.3,3.0,3.0,20.0,33.91,33.33,46.67,-13.33,113.05,-2.0,-2.0,-13.33,3.18,3.18,0.5,0.51,0.5,,0.5,0.17,0.5,0.33,0.5,0.43,0.0,0.0,0.07,20.0,0.5
4,新北中信特攻,43|48|104|10881,林韋翰/李沛澄/貝奇/飛克,2,14,19.0,234.91,3.92,03:55,117.46,1.96,01:57,10.0,5.0,52.63,91.95,7.0,3.5,36.84,64.36,5.0,2.5,26.32,45.97,3.0,1.5,15.79,27.58,4.0,2.0,21.05,36.78,2.0,1.0,10.53,18.39,1.0,0.5,5.26,9.19,1.0,0.5,5.26,9.19,4.0,2.0,21.05,36.78,3.0,1.5,15.79,27.58,1.0,0.5,5.26,9.19,2.0,1.0,10.53,18.39,2.0,1.0,10.53,18.39,2.0,1.0,10.53,18.39,1.0,0.5,5.26,9.19,2.0,1.0,10.53,18.39,0.0,0.0,0.0,0.0,0.0,0.0,0.0,0.0,1.0,0.5,5.26,9.19,3.0,1.5,15.79,27.58,52.63,36.84,15.79,116.47,3.0,1.5,15.79,3.92,1.96,0.7,0.74,0.5,1.0,0.75,0.13,0.67,0.33,0.5,0.43,0.0,0.0,0.05,15.79,0.8
4,新北中信特攻,47|48|104|10881,曾文鼎/李沛澄/貝奇/飛克,1,11,15.0,191.07,3.18,03:11,191.07,3.18,03:11,5.0,5.0,33.33,56.52,7.0,7.0,46.67,79.13,4.0,4.0,26.67,45.22,2.0,2.0,13.33,22.61,4.0,4.0,26.67,45.22,2.0,2.0,13.33,22.61,0.0,0.0,0.0,0.0,0.0,0.0,0.0,0.0,2.0,2.0,13.33,22.61,1.0,1.0,6.67,11.3,1.0,1.0,6.67,11.3,2.0,2.0,13.33,22.61,2.0,2.0,13.33,22.61,2.0,2.0,13.33,22.61,1.0,1.0,6.67,11.3,1.0,1.0,6.67,11.3,0.0,0.0,0.0,0.0,0.0,0.0,0.0,0.0,1.0,1.0,6.67,11.3,3.0,3.0,20.0,33.91,33.33,46.67,-13.33,113.05,-2.0,-2.0,-13.33,3.18,3.18,0.5,0.51,0.5,,0.5,0.17,0.5,0.33,0.5,0.43,0.0,0.0,0.07,20.0,0.5
4,新竹御嵿攻城獅,78|88|10885|10888,朱雲豪/盧冠軒/劉丞勳/帕塞獅,1,8,10.0,137.0,2.28,02:17,137.0,2.28,02:17,2.0,2.0,20.0,31.53,4.0,4.0,40.0,63.07,6.0,6.0,60.0,94.6,1.0,1.0,10.0,15.77,4.0,4.0,40.0,63.07,1.0,1.0,10.0,15.77,2.0,2.0,20.0,31.53,0.0,0.0,0.0,0.0,0.0,0.0,0.0,0.0,0.0,0.0,0.0,0.0,2.0,2.0,20.0,31.53,2.0,2.0,20.0,31.53,0.0,0.0,0.0,0.0,1.0,1.0,10.0,15.77,0.0,0.0,0.0,0.0,1.0,1.0,10.0,15.77,0.0,0.0,0.0,0.0,1.0,1.0,10.0,15.77,0.0,0.0,0.0,0.0,0.0,0.0,0.0,0.0,20.0,40.0,-20.0,105.11,-2.0,-2.0,-20.0,2.28,2.28,0.17,0.17,0.25,0.0,,0.0,1.0,0.67,1.0,0.8,0.0,10.0,0.0,0.0,0.0
4,新竹御嵿攻城獅,78|10862|10885|10888,朱雲豪/提傑/劉丞勳/帕塞獅,2,12,16.0,195.95,3.27,03:16,97.98,1.63,01:38,5.0,2.5,31.25,55.12,7.0,3.5,43.75,77.16,7.0,3.5,43.75,77.16,2.0,1.0,12.5,22.05,5.0,2.5,31.25,55.12,2.0,1.0,12.5,22.05,2.0,1.0,12.5,22.05,0.0,0.0,0.0,0.0,1.0,0.5,6.25,11.02,1.0,0.5,6.25,11.02,2.0,1.0,12.5,22.05,2.0,1.0,12.5,22.05,0.0,0.0,0.0,0.0,1.0,0.5,6.25,11.02,1.0,0.5,6.25,11.02,2.0,1.0,12.5,22.05,0.0,0.0,0.0,0.0,1.0,0.5,6.25,11.02,2.0,1.0,12.5,22.05,2.0,1.0,12.5,22.05,31.25,43.75,-12.5,117.58,-2.0,-1.0,-12.5,3.27,1.63,0.29,0.34,0.4,0.0,1.0,0.12,1.0,0.67,1.0,0.8,0.0,6.25,0.12,12.5,0.14
4,新北中信特攻,39|44|47|104,魏嘉豪/黃泓瀚/曾文鼎/貝奇,1,7,8.0,148.83,2.48,02:29,148.83,2.48,02:29,3.0,3.0,37.5,43.54,4.0,4.0,50.0,58.05,3.0,3.0,37.5,43.54,1.0,1.0,12.5,14.51,1.0,1.0,12.5,14.51,0.0,0.0,0.0,0.0,2.0,2.0,25.0,29.03,1.0,1.0,12.5,14.51,0.0,0.0,0.0,0.0,0.0,0.0,0.0,0.0,0.0,0.0,0.0,0.0,2.0,2.0,25.0,29.03,1.0,1.0,12.5,14.51,1.0,1.0,12.5,14.51,0.0,0.0,0.0,0.0,1.0,1.0,12.5,14.51,0.0,0.0,0.0,0.0,1.0,1.0,12.5,14.51,0.0,0.0,0.0,0.0,0.0,0.0,0.0,0.0,37.5,50.0,-12.5,77.41,-1.0,-1.0,-12.5,2.48,2.48,0.5,0.5,0.0,0.5,,0.0,1.0,0.0,0.67,0.5,0.0,12.5,0.0,0.0,0.0
4,新北中信特攻,39|44|47|10881,魏嘉豪/黃泓瀚/曾文鼎/飛克,2,8,11.0,184.93,3.08,03:05,92.46,1.54,01:32,3.0,1.5,27.27,35.04,6.0,3.0,54.55,70.08,4.0,2.0,36.36,46.72,1.0,0.5,9.09,11.68,1.0,0.5,9.09,11.68,0.0,0.0,0.0,0.0,3.0,1.5,27.27,35.04,1.0,0.5,9.09,11.68,0.0,0.0,0.0,0.0,0.0,0.0,0.0,0.0,0.0,0.0,0.0,0.0,2.0,1.0,18.18,23.36,2.0,1.0,18.18,23.36,1.0,0.5,9.09,11.68,0.0,0.0,0.0,0.0,1.0,0.5,9.09,11.68,0.0,0.0,0.0,0.0,1.0,0.5,9.09,11.68,0.0,0.0,0.0,0.0,2.0,1.0,18.18,23.36,27.27,54.55,-27.27,85.66,-3.0,-1.5,-27.27,3.08,1.54,0.38,0.38,0.0,0.33,,0.0,1.0,0.0,0.5,0.4,0.0,9.09,0.0,18.18,0.0
4,新北中信特攻,39|44|104|10881,魏嘉豪/黃泓瀚/貝奇/飛克,1,7,8.0,148.83,2.48,02:29,148.83,2.48,02:29,3.0,3.0,37.5,43.54,4.0,4.0,50.0,58.05,3.0,3.0,37.5,43.54,1.0,1.0,12.5,14.51,1.0,1.0,12.5,14.51,0.0,0.0,0.0,0.0,2.0,2.0,25.0,29.03,1.0,1.0,12.5,14.51,0.0,0.0,0.0,0.0,0.0,0.0,0.0,0.0,0.0,0.0,0.0,0.0,2.0,2.0,25.0,29.03,1.0,1.0,12.5,14.51,1.0,1.0,12.5,14.51,0.0,0.0,0.0,0.0,1.0,1.0,12.5,14.51,0.0,0.0,0.0,0.0,1.0,1.0,12.5,14.51,0.0,0.0,0.0,0.0,0.0,0.0,0.0,0.0,37.5,50.0,-12.5,77.41,-1.0,-1.0,-12.5,2.48,2.48,0.5,0.5,0.0,0.5,,0.0,1.0,0.0,0.67,0.5,0.0,12.5,0.0,0.0,0.0
4,新北中信特攻,39|47|104|10881,魏嘉豪/曾文鼎/貝奇/飛克,5,64,77.0,1139.77,19.0,19:00,227.95,3.8,03:48,22.0,4.4,28.57,41.69,29.0,5.8,37.66,54.96,29.0,5.8,37.66,54.96,6.0,1.2,7.79,11.37,15.0,3.0,19.48,28.43,2.0,0.4,2.6,3.79,14.0,2.8,18.18,26.53,4.0,0.8,5.19,7.58,9.0,1.8,11.69,17.06,6.0,1.2,7.79,11.37,6.0,1.2,7.79,11.37,19.0,3.8,24.68,36.01,6.0,1.2,7.79,11.37,15.0,3.0,19.48,28.43,4.0,0.8,5.19,7.58,7.0,1.4,9.09,13.27,2.0,0.4,2.6,3.79,2.0,0.4,2.6,3.79,5.0,1.0,6.49,9.48,6.0,1.2,7.79,11.37,28.57,37.66,-9.09,97.28,-7.0,-1.4,-9.09,19.0,3.8,0.28,0.33,0.13,0.29,0.67,0.11,1.17,0.29,0.76,0.54,2.6,2.6,0.06,7.79,0.31
4,新北中信特攻,44|47|104|10881,黃泓瀚/曾文鼎/貝奇/飛克,1,7,8.0,148.83,2.48,02:29,148.83,2.48,02:29,3.0,3.0,37.5,43.54,4.0,4.0,50.0,58.05,3.0,3.0,37.5,43.54,1.0,1.0,12.5,14.51,1.0,1.0,12.5,14.51,0.0,0.0,0.0,0.0,2.0,2.0,25.0,29.03,1.0,1.0,12.5,14.51,0.0,0.0,0.0,0.0,0.0,0.0,0.0,0.0,0.0,0.0,0.0,0.0,2.0,2.0,25.0,29.03,1.0,1.0,12.5,14.51,1.0,1.0,12.5,14.51,0.0,0.0,0.0,0.0,1.0,1.0,12.5,14.51,0.0,0.0,0.0,0.0,1.0,1.0,12.5,14.51,0.0,0.0,0.0,0.0,0.0,0.0,0.0,0.0,37.5,50.0,-12.5,77.41,-1.0,-1.0,-12.5,2.48,2.48,0.5,0.5,0.0,0.5,,0.0,1.0,0.0,0.67,0.5,0.0,12.5,0.0,0.0,0.0
4,新北中信特攻,39|47|104|10879,魏嘉豪/曾文鼎/貝奇/簡廷兆,5,56,63.0,941.25,15.69,15:41,188.25,3.14,03:08,27.0,5.4,42.86,61.96,21.0,4.2,33.33,48.19,24.0,4.8,38.1,55.08,9.0,1.8,14.29,20.65,11.0,2.2,17.46,25.24,3.0,0.6,4.76,6.88,13.0,2.6,20.63,29.83,6.0,1.2,9.52,13.77,6.0,1.2,9.52,13.77,3.0,0.6,4.76,6.88,3.0,0.6,4.76,6.88,14.0,2.8,22.22,32.13,3.0,0.6,4.76,6.88,13.0,2.6,20.63,29.83,4.0,0.8,6.35,9.18,10.0,2.0,15.87,22.95,2.0,0.4,3.17,4.59,1.0,0.2,1.59,2.29,5.0,1.0,7.94,11.47,8.0,1.6,12.7,18.36,42.86,33.33,9.52,96.38,6.0,1.2,9.52,15.69,3.14,0.5,0.51,0.27,0.46,0.5,0.13,1.11,0.19,0.82,0.52,3.17,1.59,0.08,12.7,0.25
4,新北中信特攻,39|104|10879|10881,魏嘉豪/貝奇/簡廷兆/飛克,4,61,71.0,1027.17,17.12,17:07,256.79,4.28,04:17,27.0,6.75,38.03,56.78,30.0,7.5,42.25,63.09,25.0,6.25,35.21,52.57,9.0,2.25,12.68,18.93,10.0,2.5,14.08,21.03,3.0,0.75,4.23,6.31,15.0,3.75,21.13,31.54,6.0,1.5,8.45,12.62,4.0,1.0,5.63,8.41,3.0,0.75,4.23,6.31,4.0,1.0,5.63,8.41,12.0,3.0,16.9,25.23,5.0,1.25,7.04,10.51,12.0,3.0,16.9,25.23,8.0,2.0,11.27,16.82,9.0,2.25,12.68,18.93,3.0,0.75,4.23,6.31,1.0,0.25,1.41,2.1,4.0,1.0,5.63,8.41,8.0,2.0,11.27,16.82,38.03,42.25,-4.23,99.54,-3.0,-0.75,-4.23,17.12,4.28,0.48,0.5,0.3,0.4,0.75,0.23,1.0,0.25,0.71,0.48,4.23,1.41,0.06,11.27,0.16
4,新北中信特攻,43|44|104|10877,林韋翰/黃泓瀚/貝奇/阿巴西,3,33,36.0,640.19,10.67,10:40,213.4,3.56,03:33,23.0,7.67,63.89,77.6,15.0,5.0,41.67,50.61,13.0,4.33,36.11,43.86,8.0,2.67,22.22,26.99,5.0,1.67,13.89,16.87,3.0,1.0,8.33,10.12,8.0,2.67,22.22,26.99,5.0,1.67,13.89,16.87,2.0,0.67,5.56,6.75,2.0,0.67,5.56,6.75,0.0,0.0,0.0,0.0,5.0,1.67,13.89,16.87,0.0,0.0,0.0,0.0,8.0,2.67,22.22,26.99,4.0,1.33,11.11,13.5,6.0,2.0,16.67,20.24,4.0,1.33,11.11,13.5,0.0,0.0,0.0,0.0,3.0,1.0,8.33,10.12,4.0,1.33,11.11,13.5,63.89,41.67,22.22,80.98,8.0,2.67,22.22,10.67,3.56,0.81,0.83,0.6,0.62,1.0,0.22,0.75,0.0,1.0,0.38,11.11,0.0,0.08,11.11,0.15
4,新北中信特攻,38|43|8889|10877,余維豪/林韋翰/馬可/阿巴西,1,31,40.0,482.14,8.04,08:02,482.14,8.04,08:02,15.0,15.0,37.5,67.2,10.0,10.0,25.0,44.8,15.0,15.0,37.5,67.2,7.0,7.0,17.5,31.36,8.0,8.0,20.0,35.84,6.0,6.0,15.0,26.88,7.0,7.0,17.5,31.36,1.0,1.0,2.5,4.48,0.0,0.0,0.0,0.0,0.0,0.0,0.0,0.0,6.0,6.0,15.0,26.88,2.0,2.0,5.0,8.96,2.0,2.0,5.0,8.96,9.0,9.0,22.5,40.32,7.0,7.0,17.5,31.36,3.0,3.0,7.5,13.44,3.0,3.0,7.5,13.44,0.0,0.0,0.0,0.0,4.0,4.0,10.0,17.92,4.0,4.0,10.0,17.92,37.5,25.0,12.5,119.47,5.0,5.0,12.5,8.04,8.04,0.5,0.5,0.75,0.14,,0.32,0.43,0.4,0.5,0.42,7.5,0.0,0.1,10.0,0.0
4,新北中信特攻,38|43|8889|10881,余維豪/林韋翰/馬可/飛克,1,22,26.0,341.6,5.69,05:42,341.6,5.69,05:42,11.0,11.0,42.31,69.55,8.0,8.0,30.77,50.58,9.0,9.0,34.62,56.91,5.0,5.0,19.23,31.62,4.0,4.0,15.38,25.29,4.0,4.0,15.38,25.29,5.0,5.0,19.23,31.62,1.0,1.0,3.85,6.32,0.0,0.0,0.0,0.0,0.0,0.0,0.0,0.0,2.0,2.0,7.69,12.65,2.0,2.0,7.69,12.65,2.0,2.0,7.69,12.65,7.0,7.0,26.92,44.26,4.0,4.0,15.38,25.29,3.0,3.0,11.54,18.97,3.0,3.0,11.54,18.97,0.0,0.0,0.0,0.0,3.0,3.0,11.54,18.97,4.0,4.0,15.38,25.29,42.31,30.77,11.54,109.6,3.0,3.0,11.54,5.69,5.69,0.61,0.61,1.0,0.2,,0.31,0.6,0.22,0.5,0.31,11.54,0.0,0.12,15.38,0.0
4,新北中信特攻,38|43|10877|10881,余維豪/林韋翰/阿巴西/飛克,1,22,26.0,341.6,5.69,05:42,341.6,5.69,05:42,11.0,11.0,42.31,69.55,8.0,8.0,30.77,50.58,9.0,9.0,34.62,56.91,5.0,5.0,19.23,31.62,4.0,4.0,15.38,25.29,4.0,4.0,15.38,25.29,5.0,5.0,19.23,31.62,1.0,1.0,3.85,6.32,0.0,0.0,0.0,0.0,0.0,0.0,0.0,0.0,2.0,2.0,7.69,12.65,2.0,2.0,7.69,12.65,2.0,2.0,7.69,12.65,7.0,7.0,26.92,44.26,4.0,4.0,15.38,25.29,3.0,3.0,11.54,18.97,3.0,3.0,11.54,18.97,0.0,0.0,0.0,0.0,3.0,3.0,11.54,18.97,4.0,4.0,15.38,25.29,42.31,30.77,11.54,109.6,3.0,3.0,11.54,5.69,5.69,0.61,0.61,1.0,0.2,,0.31,0.6,0.22,0.5,0.31,11.54,0.0,0.12,15.38,0.0
4,新北中信特攻,38|8889|10877|10881,余維豪/馬可/阿巴西/飛克,2,51,59.0,791.61,13.19,13:12,395.81,6.6,06:36,25.0,12.5,42.37,68.22,30.0,15.0,50.85,81.86,21.0,10.5,35.59,57.3,10.0,5.0,16.95,27.29,9.0,4.5,15.25,24.56,8.0,4.0,13.56,21.83,12.0,6.0,20.34,32.74,2.0,1.0,3.39,5.46,4.0,2.0,6.78,10.91,3.0,1.5,5.08,8.19,5.0,2.5,8.47,13.64,7.0,3.5,11.86,19.1,3.0,1.5,5.08,8.19,10.0,5.0,16.95,27.29,7.0,3.5,11.86,19.1,5.0,2.5,8.47,13.64,5.0,2.5,8.47,13.64,0.0,0.0,0.0,0.0,7.0,3.5,11.86,19.1,6.0,3.0,10.17,16.37,42.37,50.85,-8.47,107.33,-5.0,-2.5,-8.47,13.19,6.6,0.52,0.55,0.89,0.17,0.75,0.24,0.5,0.33,0.7,0.48,8.47,0.0,0.12,10.17,0.19
4,新竹御嵿攻城獅,75|76|78|10887,高國豪/曾柏喻/朱雲豪/德魯,5,54,65.0,1381.91,23.03,23:02,276.38,4.61,04:36,25.0,5.0,38.46,39.08,27.0,5.4,41.54,42.2,21.0,4.2,32.31,32.82,9.0,1.8,13.85,14.07,13.0,2.6,20.0,20.32,5.0,1.0,7.69,7.82,8.0,1.6,12.31,12.5,4.0,0.8,6.15,6.25,6.0,1.2,9.23,9.38,3.0,0.6,4.62,4.69,3.0,0.6,4.62,4.69,11.0,2.2,16.92,17.19,2.0,0.4,3.08,3.13,11.0,2.2,16.92,17.19,6.0,1.2,9.23,9.38,8.0,1.6,12.31,12.5,5.0,1.0,7.69,7.82,1.0,0.2,1.54,1.56,7.0,1.4,10.77,10.94,4.0,0.8,6.15,6.25,38.46,41.54,-3.08,67.73,-2.0,-0.4,-3.08,23.03,4.61,0.52,0.53,0.38,0.5,0.5,0.2,0.89,0.21,0.85,0.52,7.69,1.54,0.11,6.15,0.29
4,新竹御嵿攻城獅,75|78|10887|10888,高國豪/朱雲豪/德魯/帕塞獅,2,17,20.0,235.46,3.92,03:55,117.73,1.96,01:58,5.0,2.5,25.0,45.87,6.0,3.0,30.0,55.04,6.0,3.0,30.0,55.04,1.0,0.5,5.0,9.17,5.0,2.5,25.0,45.87,1.0,0.5,5.0,9.17,1.0,0.5,5.0,9.17,0.0,0.0,0.0,0.0,4.0,2.0,20.0,36.69,3.0,1.5,15.0,27.52,2.0,1.0,10.0,18.35,3.0,1.5,15.0,27.52,0.0,0.0,0.0,0.0,2.0,1.0,10.0,18.35,2.0,1.0,10.0,18.35,1.0,0.5,5.0,9.17,1.0,0.5,5.0,9.17,0.0,0.0,0.0,0.0,4.0,2.0,20.0,36.69,4.0,2.0,20.0,36.69,25.0,30.0,-5.0,122.32,-1.0,-0.5,-5.0,3.92,1.96,0.17,0.32,0.2,0.0,0.75,0.2,1.0,0.5,1.0,0.71,5.0,0.0,0.2,20.0,0.67
4,新北中信特攻,38|43|104|8889,余維豪/林韋翰/貝奇/馬可,1,9,14.0,140.53,2.34,02:21,140.53,2.34,02:21,4.0,4.0,28.57,61.48,2.0,2.0,14.29,30.74,6.0,6.0,42.86,92.22,2.0,2.0,14.29,30.74,4.0,4.0,28.57,61.48,2.0,2.0,14.29,30.74,2.0,2.0,14.29,30.74,0.0,0.0,0.0,0.0,0.0,0.0,0.0,0.0,0.0,0.0,0.0,0.0,4.0,4.0,28.57,61.48,0.0,0.0,0.0,0.0,0.0,0.0,0.0,0.0,2.0,2.0,14.29,30.74,3.0,3.0,21.43,46.11,0.0,0.0,0.0,0.0,0.0,0.0,0.0,0.0,0.0,0.0,0.0,0.0,1.0,1.0,7.14,15.37,0.0,0.0,0.0,0.0,28.57,14.29,14.29,143.46,2.0,2.0,14.29,2.34,2.34,0.33,0.33,0.5,0.0,,0.33,0.0,0.67,,0.67,0.0,0.0,0.07,0.0,0.0
4,新北中信特攻,38|43|104|10877,余維豪/林韋翰/貝奇/阿巴西,1,9,14.0,140.53,2.34,02:21,140.53,2.34,02:21,4.0,4.0,28.57,61.48,2.0,2.0,14.29,30.74,6.0,6.0,42.86,92.22,2.0,2.0,14.29,30.74,4.0,4.0,28.57,61.48,2.0,2.0,14.29,30.74,2.0,2.0,14.29,30.74,0.0,0.0,0.0,0.0,0.0,0.0,0.0,0.0,0.0,0.0,0.0,0.0,4.0,4.0,28.57,61.48,0.0,0.0,0.0,0.0,0.0,0.0,0.0,0.0,2.0,2.0,14.29,30.74,3.0,3.0,21.43,46.11,0.0,0.0,0.0,0.0,0.0,0.0,0.0,0.0,0.0,0.0,0.0,0.0,1.0,1.0,7.14,15.37,0.0,0.0,0.0,0.0,28.57,14.29,14.29,143.46,2.0,2.0,14.29,2.34,2.34,0.33,0.33,0.5,0.0,,0.33,0.0,0.67,,0.67,0.0,0.0,0.07,0.0,0.0
4,新北中信特攻,38|104|8889|10877,余維豪/貝奇/馬可/阿巴西,2,18,24.0,279.53,4.66,04:40,139.77,2.33,02:20,8.0,4.0,33.33,61.82,4.0,2.0,16.67,30.91,11.0,5.5,45.83,85.0,3.0,1.5,12.5,23.18,6.0,3.0,25.0,46.36,3.0,1.5,12.5,23.18,5.0,2.5,20.83,38.64,0.0,0.0,0.0,0.0,2.0,1.0,8.33,15.45,2.0,1.0,8.33,15.45,5.0,2.5,20.83,38.64,3.0,1.5,12.5,23.18,0.0,0.0,0.0,0.0,4.0,2.0,16.67,30.91,3.0,1.5,12.5,23.18,0.0,0.0,0.0,0.0,0.0,0.0,0.0,0.0,0.0,0.0,0.0,0.0,2.0,1.0,8.33,15.45,0.0,0.0,0.0,0.0,33.33,16.67,16.67,123.64,4.0,2.0,16.67,4.66,2.33,0.27,0.34,0.5,0.0,1.0,0.2,0.0,0.56,1.0,0.67,0.0,0.0,0.08,0.0,0.18
4,新竹御嵿攻城獅,75|78|88|10887,高國豪/朱雲豪/盧冠軒/德魯,4,21,26.0,311.46,5.19,05:11,77.87,1.3,01:18,6.0,1.5,23.08,41.61,17.0,4.25,65.38,117.89,8.0,2.0,30.77,55.48,2.0,0.5,7.69,13.87,6.0,1.5,23.08,41.61,2.0,0.5,7.69,13.87,2.0,0.5,7.69,13.87,0.0,0.0,0.0,0.0,4.0,1.0,15.38,27.74,2.0,0.5,7.69,13.87,2.0,0.5,7.69,13.87,5.0,1.25,19.23,34.67,3.0,0.75,11.54,20.8,1.0,0.25,3.85,6.93,2.0,0.5,7.69,13.87,1.0,0.25,3.85,6.93,1.0,0.25,3.85,6.93,1.0,0.25,3.85,6.93,3.0,0.75,11.54,20.8,6.0,1.5,23.08,41.61,23.08,65.38,-42.31,120.21,-11.0,-2.75,-42.31,5.19,1.3,0.25,0.31,0.33,0.0,0.5,0.17,0.5,0.67,0.62,0.64,3.85,3.85,0.12,23.08,0.5
4,新竹御嵿攻城獅,75|78|10862|10887,高國豪/朱雲豪/提傑/德魯,5,63,75.0,1515.05,25.25,25:15,303.01,5.05,05:03,28.0,5.6,37.33,39.92,35.0,7.0,46.67,49.9,23.0,4.6,30.67,32.79,10.0,2.0,13.33,14.26,13.0,2.6,17.33,18.53,6.0,1.2,8.0,8.55,10.0,2.0,13.33,14.26,4.0,0.8,5.33,5.7,8.0,1.6,10.67,11.41,4.0,0.8,5.33,5.7,3.0,0.6,4.0,4.28,13.0,2.6,17.33,18.53,4.0,0.8,5.33,5.7,12.0,2.4,16.0,17.11,8.0,1.6,10.67,11.41,8.0,1.6,10.67,11.41,6.0,1.2,8.0,8.55,2.0,0.4,2.67,2.85,5.0,1.0,6.67,7.13,8.0,1.6,10.67,11.41,37.33,46.67,-9.33,71.28,-7.0,-1.4,-9.33,25.25,5.05,0.52,0.53,0.46,0.4,0.5,0.23,0.8,0.2,0.76,0.5,8.0,2.67,0.07,10.67,0.35
4,新北中信特攻,39|47|104|113,魏嘉豪/曾文鼎/貝奇/林任鴻,3,20,21.0,262.76,4.38,04:23,87.59,1.46,01:28,13.0,4.33,61.9,106.87,7.0,2.33,33.33,57.54,9.0,3.0,42.86,73.98,4.0,1.33,19.05,32.88,3.0,1.0,14.29,24.66,1.0,0.33,4.76,8.22,6.0,2.0,28.57,49.32,3.0,1.0,14.29,24.66,2.0,0.67,9.52,16.44,2.0,0.67,9.52,16.44,0.0,0.0,0.0,0.0,5.0,1.67,23.81,41.1,1.0,0.33,4.76,8.22,5.0,1.67,23.81,41.1,0.0,0.0,0.0,0.0,3.0,1.0,14.29,24.66,0.0,0.0,0.0,0.0,0.0,0.0,0.0,0.0,1.0,0.33,4.76,8.22,2.0,0.67,9.52,16.44,61.9,33.33,28.57,115.09,6.0,2.0,28.57,4.38,1.46,0.61,0.66,0.33,0.5,1.0,0.0,0.75,0.0,0.83,0.45,0.0,0.0,0.05,9.52,0.22
4,新北中信特攻,39|104|113|10881,魏嘉豪/貝奇/林任鴻/飛克,3,42,47.0,627.27,10.45,10:27,209.09,3.48,03:29,20.0,6.67,42.55,68.87,23.0,7.67,48.94,79.2,14.0,4.67,29.79,48.21,7.0,2.33,14.89,24.1,9.0,3.0,19.15,30.99,4.0,1.33,8.51,13.77,5.0,1.67,10.64,17.22,3.0,1.0,6.38,10.33,4.0,1.33,8.51,13.77,3.0,1.0,6.38,10.33,1.0,0.33,2.13,3.44,6.0,2.0,12.77,20.66,3.0,1.0,6.38,10.33,5.0,1.67,10.64,17.22,6.0,2.0,12.77,20.66,6.0,2.0,12.77,20.66,4.0,1.33,8.51,13.77,1.0,0.33,2.13,3.44,1.0,0.33,2.13,3.44,13.0,4.33,27.66,44.77,42.55,48.94,-6.38,107.9,-3.0,-1.0,-6.38,10.45,3.48,0.61,0.63,0.44,0.6,0.75,0.28,0.86,0.17,0.67,0.47,8.51,2.13,0.02,27.66,0.29
4,新北中信特攻,47|104|113|10881,曾文鼎/貝奇/林任鴻/飛克,1,2,2.0,14.76,0.25,00:15,14.76,0.25,00:15,2.0,2.0,100.0,292.72,0.0,0.0,0.0,0.0,0.0,0.0,0.0,0.0,0.0,0.0,0.0,0.0,0.0,0.0,0.0,0.0,0.0,0.0,0.0,0.0,0.0,0.0,0.0,0.0,0.0,0.0,0.0,0.0,2.0,2.0,100.0,292.72,2.0,2.0,100.0,292.72,0.0,0.0,0.0,0.0,0.0,0.0,0.0,0.0,0.0,0.0,0.0,0.0,1.0,1.0,50.0,146.36,0.0,0.0,0.0,0.0,0.0,0.0,0.0,0.0,0.0,0.0,0.0,0.0,0.0,0.0,0.0,0.0,0.0,0.0,0.0,0.0,0.0,0.0,0.0,0.0,100.0,0.0,100.0,195.15,2.0,2.0,100.0,0.25,0.25,,1.14,,,1.0,0.0,,0.0,,0.0,0.0,0.0,0.0,0.0,
4,新北中信特攻,43|47|104|10877,林韋翰/曾文鼎/貝奇/阿巴西,6,136,156.0,2086.39,34.77,34:46,347.73,5.8,05:48,61.0,10.17,39.1,63.15,71.0,11.83,45.51,73.5,61.0,10.17,39.1,63.15,25.0,4.17,16.03,25.88,27.0,4.5,17.31,27.95,19.0,3.17,12.18,19.67,34.0,5.67,21.79,35.2,6.0,1.0,3.85,6.21,8.0,1.33,5.13,8.28,5.0,0.83,3.21,5.18,6.0,1.0,3.85,6.21,31.0,5.17,19.87,32.09,8.0,1.33,5.13,8.28,21.0,3.5,13.46,21.74,9.0,1.5,5.77,9.32,18.0,3.0,11.54,18.64,2.0,0.33,1.28,2.07,1.0,0.17,0.64,1.04,11.0,1.83,7.05,11.39,18.0,3.0,11.54,18.64,39.1,45.51,-6.41,107.67,-10.0,-1.67,-6.41,34.77,5.8,0.46,0.47,0.7,0.18,0.62,0.12,0.72,0.22,0.79,0.56,1.28,0.64,0.07,11.54,0.13
4,新北中信特攻,43|47|10877|10881,林韋翰/曾文鼎/阿巴西/飛克,6,97,108.0,1454.57,24.24,24:15,242.43,4.04,04:02,56.0,9.33,51.85,83.16,58.0,9.67,53.7,86.13,43.0,7.17,39.81,63.85,23.0,3.83,21.3,34.15,22.0,3.67,20.37,32.67,17.0,2.83,15.74,25.24,21.0,3.5,19.44,31.18,6.0,1.0,5.56,8.91,5.0,0.83,4.63,7.42,4.0,0.67,3.7,5.94,4.0,0.67,3.7,5.94,17.0,2.83,15.74,25.24,5.0,0.83,4.63,7.42,11.0,1.83,10.19,16.33,4.0,0.67,3.7,5.94,16.0,2.67,14.81,23.76,1.0,0.17,0.93,1.48,0.0,0.0,0.0,0.0,8.0,1.33,7.41,11.88,14.0,2.33,12.96,20.79,51.85,53.7,-1.85,106.92,-2.0,-0.33,-1.85,24.24,4.04,0.6,0.62,0.77,0.29,0.8,0.08,0.7,0.27,0.77,0.57,0.93,0.0,0.07,12.96,0.12
4,新北中信特攻,43|104|10877|10881,林韋翰/貝奇/阿巴西/飛克,7,102,116.0,1524.01,25.4,25:24,217.72,3.63,03:38,54.0,7.71,46.55,76.54,50.0,7.14,43.1,70.87,42.0,6.0,36.21,59.53,20.0,2.86,17.24,28.35,20.0,2.86,17.24,28.35,13.0,1.86,11.21,18.43,22.0,3.14,18.97,31.18,7.0,1.0,6.03,9.92,10.0,1.43,8.62,14.17,7.0,1.0,6.03,9.92,6.0,0.86,5.17,8.5,20.0,2.86,17.24,28.35,4.0,0.57,3.45,5.67,15.0,2.14,12.93,21.26,6.0,0.86,5.17,8.5,16.0,2.29,13.79,22.68,1.0,0.14,0.86,1.42,0.0,0.0,0.0,0.0,11.0,1.57,9.48,15.59,17.0,2.43,14.66,24.09,46.55,43.1,3.45,109.61,4.0,0.57,3.45,25.4,3.63,0.56,0.58,0.65,0.32,0.7,0.11,0.8,0.29,0.83,0.58,0.86,0.0,0.09,14.66,0.24
4,新北中信特攻,47|104|10877|10881,曾文鼎/貝奇/阿巴西/飛克,8,169,192.0,2538.08,42.3,42:18,317.26,5.29,05:17,95.0,11.88,49.48,80.85,110.0,13.75,57.29,93.61,70.0,8.75,36.46,59.57,36.0,4.5,18.75,30.64,31.0,3.88,16.15,26.38,21.0,2.62,10.94,17.87,39.0,4.88,20.31,33.19,15.0,1.88,7.81,12.77,11.0,1.38,5.73,9.36,8.0,1.0,4.17,6.81,7.0,0.88,3.65,5.96,29.0,3.62,15.1,24.68,9.0,1.12,4.69,7.66,27.0,3.38,14.06,22.98,14.0,1.75,7.29,11.91,26.0,3.25,13.54,22.13,8.0,1.0,4.17,6.81,0.0,0.0,0.0,0.0,13.0,1.62,6.77,11.06,26.0,3.25,13.54,22.13,49.48,57.29,-7.81,108.93,-15.0,-1.88,-7.81,42.3,5.29,0.62,0.63,0.68,0.38,0.73,0.16,0.72,0.21,0.76,0.5,4.17,0.0,0.07,13.54,0.16
4,新竹御嵿攻城獅,75|78|10885|10887,高國豪/朱雲豪/劉丞勳/德魯,2,5,5.0,63.71,1.06,01:04,31.85,0.53,00:32,2.0,1.0,40.0,67.81,1.0,0.5,20.0,33.9,1.0,0.5,20.0,33.9,0.0,0.0,0.0,0.0,0.0,0.0,0.0,0.0,0.0,0.0,0.0,0.0,1.0,0.5,20.0,33.9,0.0,0.0,0.0,0.0,2.0,1.0,40.0,67.81,2.0,1.0,40.0,67.81,0.0,0.0,0.0,0.0,1.0,0.5,20.0,33.9,0.0,0.0,0.0,0.0,3.0,1.5,60.0,101.71,0.0,0.0,0.0,0.0,0.0,0.0,0.0,0.0,0.0,0.0,0.0,0.0,0.0,0.0,0.0,0.0,0.0,0.0,0.0,0.0,2.0,1.0,40.0,67.81,40.0,20.0,20.0,113.01,1.0,0.5,20.0,1.06,0.53,0.0,0.53,,0.0,1.0,0.0,,0.0,1.0,0.25,0.0,0.0,0.0,40.0,2.0
4,高雄全家海神,110|121|10894|13275,胡瓏貿/吳曉謹/凱帝/吳彥侖,1,33,41.0,597.3,9.95,09:57,597.3,9.95,09:57,13.0,13.0,31.71,47.01,21.0,21.0,51.22,75.94,17.0,17.0,41.46,61.48,6.0,6.0,14.63,21.7,9.0,9.0,21.95,32.55,5.0,5.0,12.2,18.08,8.0,8.0,19.51,28.93,1.0,1.0,2.44,3.62,0.0,0.0,0.0,0.0,0.0,0.0,0.0,0.0,4.0,4.0,9.76,14.47,6.0,6.0,14.63,21.7,4.0,4.0,9.76,14.47,6.0,6.0,14.63,21.7,3.0,3.0,7.32,10.85,3.0,3.0,7.32,10.85,1.0,1.0,2.44,3.62,2.0,2.0,4.88,7.23,2.0,2.0,4.88,7.23,2.0,2.0,4.88,7.23,31.71,51.22,-19.51,98.84,-8.0,-8.0,-19.51,9.95,9.95,0.38,0.38,0.56,0.12,,0.15,0.5,0.4,0.6,0.5,2.44,4.88,0.05,4.88,0.0
4,高雄全家海神,121|10894|12908|13275,吳曉謹/凱帝/布里茲克/吳彥侖,1,45,54.0,775.3,12.92,12:55,775.3,12.92,12:55,16.0,16.0,29.63,44.58,31.0,31.0,57.41,86.37,23.0,23.0,42.59,64.08,7.0,7.0,12.96,19.5,12.0,12.0,22.22,33.43,5.0,5.0,9.26,13.93,11.0,11.0,20.37,30.65,2.0,2.0,3.7,5.57,0.0,0.0,0.0,0.0,0.0,0.0,0.0,0.0,4.0,4.0,7.41,11.14,11.0,11.0,20.37,30.65,4.0,4.0,7.41,11.14,9.0,9.0,16.67,25.07,3.0,3.0,5.56,8.36,5.0,5.0,9.26,13.93,1.0,1.0,1.85,2.79,3.0,3.0,5.56,8.36,3.0,3.0,5.56,8.36,2.0,2.0,3.7,5.57,29.63,57.41,-27.78,100.3,-15.0,-15.0,-27.78,12.92,12.92,0.35,0.35,0.42,0.18,,0.12,0.71,0.31,0.73,0.54,1.85,5.56,0.06,3.7,0.0
4,高雄全家海神,45|116|10891|10894,施晉堯/呂威霆/廖偉皓/凱帝,1,12,12.0,131.88,2.2,02:12,131.88,2.2,02:12,8.0,8.0,66.67,131.02,5.0,5.0,41.67,81.89,4.0,4.0,33.33,65.51,3.0,3.0,25.0,49.13,3.0,3.0,25.0,49.13,2.0,2.0,16.67,32.76,1.0,1.0,8.33,16.38,1.0,1.0,8.33,16.38,1.0,1.0,8.33,16.38,1.0,1.0,8.33,16.38,0.0,0.0,0.0,0.0,1.0,1.0,8.33,16.38,0.0,0.0,0.0,0.0,2.0,2.0,16.67,32.76,1.0,1.0,8.33,16.38,2.0,2.0,16.67,32.76,1.0,1.0,8.33,16.38,0.0,0.0,0.0,0.0,2.0,2.0,16.67,32.76,3.0,3.0,25.0,49.13,66.67,41.67,25.0,131.02,3.0,3.0,25.0,2.2,2.2,0.88,0.9,0.67,1.0,1.0,0.18,0.67,0.0,1.0,0.33,8.33,0.0,0.17,25.0,0.25
4,高雄全家海神,45|116|10891|13399,施晉堯/呂威霆/廖偉皓/賽克維奇,1,12,12.0,140.88,2.35,02:21,140.88,2.35,02:21,8.0,8.0,66.67,122.65,5.0,5.0,41.67,76.66,4.0,4.0,33.33,61.33,3.0,3.0,25.0,46.0,3.0,3.0,25.0,46.0,2.0,2.0,16.67,30.66,1.0,1.0,8.33,15.33,1.0,1.0,8.33,15.33,1.0,1.0,8.33,15.33,1.0,1.0,8.33,15.33,0.0,0.0,0.0,0.0,1.0,1.0,8.33,15.33,0.0,0.0,0.0,0.0,2.0,2.0,16.67,30.66,1.0,1.0,8.33,15.33,2.0,2.0,16.67,30.66,1.0,1.0,8.33,15.33,0.0,0.0,0.0,0.0,2.0,2.0,16.67,30.66,3.0,3.0,25.0,46.0,66.67,41.67,25.0,122.65,3.0,3.0,25.0,2.35,2.35,0.88,0.9,0.67,1.0,1.0,0.18,0.67,0.0,1.0,0.33,8.33,0.0,0.17,25.0,0.25
4,高雄全家海神,45|116|10894|13399,施晉堯/呂威霆/凱帝/賽克維奇,1,12,12.0,131.88,2.2,02:12,131.88,2.2,02:12,8.0,8.0,66.67,131.02,5.0,5.0,41.67,81.89,4.0,4.0,33.33,65.51,3.0,3.0,25.0,49.13,3.0,3.0,25.0,49.13,2.0,2.0,16.67,32.76,1.0,1.0,8.33,16.38,1.0,1.0,8.33,16.38,1.0,1.0,8.33,16.38,1.0,1.0,8.33,16.38,0.0,0.0,0.0,0.0,1.0,1.0,8.33,16.38,0.0,0.0,0.0,0.0,2.0,2.0,16.67,32.76,1.0,1.0,8.33,16.38,2.0,2.0,16.67,32.76,1.0,1.0,8.33,16.38,0.0,0.0,0.0,0.0,2.0,2.0,16.67,32.76,3.0,3.0,25.0,49.13,66.67,41.67,25.0,131.02,3.0,3.0,25.0,2.2,2.2,0.88,0.9,0.67,1.0,1.0,0.18,0.67,0.0,1.0,0.33,8.33,0.0,0.17,25.0,0.25
4,高雄全家海神,45|10891|10894|13399,施晉堯/廖偉皓/凱帝/賽克維奇,1,12,12.0,131.88,2.2,02:12,131.88,2.2,02:12,8.0,8.0,66.67,131.02,5.0,5.0,41.67,81.89,4.0,4.0,33.33,65.51,3.0,3.0,25.0,49.13,3.0,3.0,25.0,49.13,2.0,2.0,16.67,32.76,1.0,1.0,8.33,16.38,1.0,1.0,8.33,16.38,1.0,1.0,8.33,16.38,1.0,1.0,8.33,16.38,0.0,0.0,0.0,0.0,1.0,1.0,8.33,16.38,0.0,0.0,0.0,0.0,2.0,2.0,16.67,32.76,1.0,1.0,8.33,16.38,2.0,2.0,16.67,32.76,1.0,1.0,8.33,16.38,0.0,0.0,0.0,0.0,2.0,2.0,16.67,32.76,3.0,3.0,25.0,49.13,66.67,41.67,25.0,131.02,3.0,3.0,25.0,2.2,2.2,0.88,0.9,0.67,1.0,1.0,0.18,0.67,0.0,1.0,0.33,8.33,0.0,0.17,25.0,0.25
4,高雄全家海神,116|10891|10894|13399,呂威霆/廖偉皓/凱帝/賽克維奇,1,12,12.0,131.88,2.2,02:12,131.88,2.2,02:12,8.0,8.0,66.67,131.02,5.0,5.0,41.67,81.89,4.0,4.0,33.33,65.51,3.0,3.0,25.0,49.13,3.0,3.0,25.0,49.13,2.0,2.0,16.67,32.76,1.0,1.0,8.33,16.38,1.0,1.0,8.33,16.38,1.0,1.0,8.33,16.38,1.0,1.0,8.33,16.38,0.0,0.0,0.0,0.0,1.0,1.0,8.33,16.38,0.0,0.0,0.0,0.0,2.0,2.0,16.67,32.76,1.0,1.0,8.33,16.38,2.0,2.0,16.67,32.76,1.0,1.0,8.33,16.38,0.0,0.0,0.0,0.0,2.0,2.0,16.67,32.76,3.0,3.0,25.0,49.13,66.67,41.67,25.0,131.02,3.0,3.0,25.0,2.2,2.2,0.88,0.9,0.67,1.0,1.0,0.18,0.67,0.0,1.0,0.33,8.33,0.0,0.17,25.0,0.25
4,高雄全家海神,116|10891|10894|12908,呂威霆/廖偉皓/凱帝/布里茲克,1,6,7.0,80.98,1.35,01:21,80.98,1.35,01:21,5.0,5.0,71.43,133.36,8.0,8.0,114.29,213.38,0.0,0.0,0.0,0.0,0.0,0.0,0.0,0.0,0.0,0.0,0.0,0.0,0.0,0.0,0.0,0.0,0.0,0.0,0.0,0.0,0.0,0.0,0.0,0.0,6.0,6.0,85.71,160.04,5.0,5.0,71.43,133.36,0.0,0.0,0.0,0.0,1.0,1.0,14.29,26.67,1.0,1.0,14.29,26.67,0.0,0.0,0.0,0.0,0.0,0.0,0.0,0.0,0.0,0.0,0.0,0.0,0.0,0.0,0.0,0.0,0.0,0.0,0.0,0.0,2.0,2.0,28.57,53.35,2.0,2.0,28.57,53.35,71.43,114.29,-42.86,124.47,-3.0,-3.0,-42.86,1.35,1.35,,0.95,,,0.83,0.0,,,0.5,0.5,0.0,0.0,0.29,28.57,
4,高雄全家海神,116|10891|10894|13275,呂威霆/廖偉皓/凱帝/吳彥侖,1,6,7.0,80.98,1.35,01:21,80.98,1.35,01:21,5.0,5.0,71.43,133.36,8.0,8.0,114.29,213.38,0.0,0.0,0.0,0.0,0.0,0.0,0.0,0.0,0.0,0.0,0.0,0.0,0.0,0.0,0.0,0.0,0.0,0.0,0.0,0.0,0.0,0.0,0.0,0.0,6.0,6.0,85.71,160.04,5.0,5.0,71.43,133.36,0.0,0.0,0.0,0.0,1.0,1.0,14.29,26.67,1.0,1.0,14.29,26.67,0.0,0.0,0.0,0.0,0.0,0.0,0.0,0.0,0.0,0.0,0.0,0.0,0.0,0.0,0.0,0.0,0.0,0.0,0.0,0.0,2.0,2.0,28.57,53.35,2.0,2.0,28.57,53.35,71.43,114.29,-42.86,124.47,-3.0,-3.0,-42.86,1.35,1.35,,0.95,,,0.83,0.0,,,0.5,0.5,0.0,0.0,0.29,28.57,
4,高雄全家海神,116|10891|12908|13275,呂威霆/廖偉皓/布里茲克/吳彥侖,1,6,7.0,80.98,1.35,01:21,80.98,1.35,01:21,5.0,5.0,71.43,133.36,8.0,8.0,114.29,213.38,0.0,0.0,0.0,0.0,0.0,0.0,0.0,0.0,0.0,0.0,0.0,0.0,0.0,0.0,0.0,0.0,0.0,0.0,0.0,0.0,0.0,0.0,0.0,0.0,6.0,6.0,85.71,160.04,5.0,5.0,71.43,133.36,0.0,0.0,0.0,0.0,1.0,1.0,14.29,26.67,1.0,1.0,14.29,26.67,0.0,0.0,0.0,0.0,0.0,0.0,0.0,0.0,0.0,0.0,0.0,0.0,0.0,0.0,0.0,0.0,0.0,0.0,0.0,0.0,2.0,2.0,28.57,53.35,2.0,2.0,28.57,53.35,71.43,114.29,-42.86,124.47,-3.0,-3.0,-42.86,1.35,1.35,,0.95,,,0.83,0.0,,,0.5,0.5,0.0,0.0,0.29,28.57,
4,高雄全家海神,10891|10894|12908|13275,廖偉皓/凱帝/布里茲克/吳彥侖,1,6,7.0,80.98,1.35,01:21,80.98,1.35,01:21,5.0,5.0,71.43,133.36,8.0,8.0,114.29,213.38,0.0,0.0,0.0,0.0,0.0,0.0,0.0,0.0,0.0,0.0,0.0,0.0,0.0,0.0,0.0,0.0,0.0,0.0,0.0,0.0,0.0,0.0,0.0,0.0,6.0,6.0,85.71,160.04,5.0,5.0,71.43,133.36,0.0,0.0,0.0,0.0,1.0,1.0,14.29,26.67,1.0,1.0,14.29,26.67,0.0,0.0,0.0,0.0,0.0,0.0,0.0,0.0,0.0,0.0,0.0,0.0,0.0,0.0,0.0,0.0,0.0,0.0,0.0,0.0,2.0,2.0,28.57,53.35,2.0,2.0,28.57,53.35,71.43,114.29,-42.86,124.47,-3.0,-3.0,-42.86,1.35,1.35,,0.95,,,0.83,0.0,,,0.5,0.5,0.0,0.0,0.29,28.57,
4,新北國王,22|29|10874|13029,簡祐哲/林書緯/熊祥泰/杰倫,2,9,13.0,211.31,3.52,03:31,105.66,1.76,01:46,8.0,4.0,61.54,81.77,5.0,2.5,38.46,51.11,5.0,2.5,38.46,51.11,2.0,1.0,15.38,20.44,3.0,1.5,23.08,30.67,1.0,0.5,7.69,10.22,2.0,1.0,15.38,20.44,1.0,0.5,7.69,10.22,3.0,1.5,23.08,30.67,3.0,1.5,23.08,30.67,2.0,1.0,15.38,20.44,1.0,0.5,7.69,10.22,1.0,0.5,7.69,10.22,1.0,0.5,7.69,10.22,0.0,0.0,0.0,0.0,1.0,0.5,7.69,10.22,0.0,0.0,0.0,0.0,0.0,0.0,0.0,0.0,1.0,0.5,7.69,10.22,4.0,2.0,30.77,40.89,61.54,38.46,23.08,88.59,3.0,1.5,23.08,3.52,1.76,0.5,0.63,0.33,0.5,1.0,0.0,0.5,0.67,0.5,0.6,0.0,0.0,0.08,30.77,0.6
4,新北國王,22|34|10874|13029,簡祐哲/沃許本/熊祥泰/杰倫,3,24,29.0,463.48,7.72,07:43,154.49,2.57,02:34,19.0,6.33,65.52,88.55,12.0,4.0,41.38,55.92,14.0,4.67,48.28,65.25,6.0,2.0,20.69,27.96,5.0,1.67,17.24,23.3,2.0,0.67,6.9,9.32,9.0,3.0,31.03,41.94,4.0,1.33,13.79,18.64,3.0,1.0,10.34,13.98,3.0,1.0,10.34,13.98,3.0,1.0,10.34,13.98,5.0,1.67,17.24,23.3,1.0,0.33,3.45,4.66,4.0,1.33,13.79,18.64,0.0,0.0,0.0,0.0,3.0,1.0,10.34,13.98,0.0,0.0,0.0,0.0,0.0,0.0,0.0,0.0,1.0,0.33,3.45,4.66,4.0,1.33,13.79,18.64,65.52,41.38,24.14,90.1,7.0,2.33,24.14,7.72,2.57,0.57,0.62,0.4,0.44,1.0,0.0,0.5,0.43,0.83,0.62,0.0,0.0,0.03,13.79,0.21
4,新北國王,28|29|10874|13029,呂政儒/林書緯/熊祥泰/杰倫,2,14,15.0,225.28,3.75,03:45,112.64,1.88,01:53,8.0,4.0,53.33,76.71,12.0,6.0,80.0,115.06,5.0,2.5,33.33,47.94,2.0,1.0,13.33,19.18,3.0,1.5,20.0,28.76,1.0,0.5,6.67,9.59,2.0,1.0,13.33,19.18,1.0,0.5,6.67,9.59,4.0,2.0,26.67,38.35,3.0,1.5,20.0,28.76,0.0,0.0,0.0,0.0,3.0,1.5,20.0,28.76,1.0,0.5,6.67,9.59,1.0,0.5,6.67,9.59,1.0,0.5,6.67,9.59,2.0,1.0,13.33,19.18,0.0,0.0,0.0,0.0,0.0,0.0,0.0,0.0,2.0,1.0,13.33,19.18,0.0,0.0,0.0,0.0,53.33,80.0,-26.67,95.88,-4.0,-2.0,-26.67,3.75,1.88,0.5,0.59,0.33,0.5,0.75,0.13,1.0,0.0,0.75,0.6,0.0,0.0,0.13,0.0,0.8
4,新北國王,28|34|10874|13029,呂政儒/沃許本/熊祥泰/杰倫,2,12,17.0,232.0,3.87,03:52,116.0,1.93,01:56,9.0,4.5,52.94,83.79,6.0,3.0,35.29,55.86,5.0,2.5,29.41,46.55,3.0,1.5,17.65,27.93,4.0,2.0,23.53,37.24,2.0,1.0,11.76,18.62,1.0,0.5,5.88,9.31,1.0,0.5,5.88,9.31,2.0,1.0,11.76,18.62,2.0,1.0,11.76,18.62,0.0,0.0,0.0,0.0,2.0,1.0,11.76,18.62,2.0,1.0,11.76,18.62,3.0,1.5,17.65,27.93,1.0,0.5,5.88,9.31,3.0,1.5,17.65,27.93,1.0,0.5,5.88,9.31,0.0,0.0,0.0,0.0,2.0,1.0,11.76,18.62,0.0,0.0,0.0,0.0,52.94,35.29,17.65,105.52,3.0,1.5,17.65,3.87,1.93,0.7,0.77,0.5,1.0,1.0,0.15,1.0,0.0,0.5,0.29,5.88,0.0,0.12,0.0,0.4
4,新北國王,21|28|32|13029,李愷諺/呂政儒/奧帝/杰倫,1,10,11.0,168.27,2.8,02:48,168.27,2.8,02:48,2.0,2.0,18.18,25.67,2.0,2.0,18.18,25.67,5.0,5.0,45.45,64.18,1.0,1.0,9.09,12.84,3.0,3.0,27.27,38.51,1.0,1.0,9.09,12.84,2.0,2.0,18.18,25.67,0.0,0.0,0.0,0.0,0.0,0.0,0.0,0.0,0.0,0.0,0.0,0.0,1.0,1.0,9.09,12.84,3.0,3.0,27.27,38.51,0.0,0.0,0.0,0.0,3.0,3.0,27.27,38.51,0.0,0.0,0.0,0.0,0.0,0.0,0.0,0.0,0.0,0.0,0.0,0.0,0.0,0.0,0.0,0.0,0.0,0.0,0.0,0.0,1.0,1.0,9.09,12.84,18.18,18.18,0.0,94.13,0.0,0.0,0.0,2.8,2.8,0.2,0.2,0.33,0.0,,0.0,0.0,0.25,1.0,0.57,0.0,0.0,0.0,9.09,0.0
4,新北國王,28|29|32|13029,呂政儒/林書緯/奧帝/杰倫,4,32,36.0,499.7,8.33,08:20,124.93,2.08,02:05,4.0,1.0,11.11,17.29,15.0,3.75,41.67,64.84,14.0,3.5,38.89,60.52,2.0,0.5,5.56,8.65,8.0,2.0,22.22,34.58,2.0,0.5,5.56,8.65,6.0,1.5,16.67,25.94,0.0,0.0,0.0,0.0,0.0,0.0,0.0,0.0,0.0,0.0,0.0,0.0,2.0,0.5,5.56,8.65,11.0,2.75,30.56,47.55,1.0,0.25,2.78,4.32,7.0,1.75,19.44,30.26,3.0,0.75,8.33,12.97,1.0,0.25,2.78,4.32,1.0,0.25,2.78,4.32,0.0,0.0,0.0,0.0,2.0,0.5,5.56,8.65,6.0,1.5,16.67,25.94,11.11,41.67,-30.56,103.74,-11.0,-2.75,-30.56,8.33,2.08,0.14,0.14,0.25,0.0,,0.18,0.5,0.22,0.92,0.62,2.78,0.0,0.06,16.67,0.0
4,高雄全家海神,116|121|10894|12908,呂威霆/吳曉謹/凱帝/布里茲克,1,15,16.0,230.18,3.84,03:50,230.18,3.84,03:50,4.0,4.0,25.0,37.54,13.0,13.0,81.25,121.99,7.0,7.0,43.75,65.69,1.0,1.0,6.25,9.38,3.0,3.0,18.75,28.15,0.0,0.0,0.0,0.0,4.0,4.0,25.0,37.54,1.0,1.0,6.25,9.38,2.0,2.0,12.5,18.77,1.0,1.0,6.25,9.38,0.0,0.0,0.0,0.0,7.0,7.0,43.75,65.69,0.0,0.0,0.0,0.0,3.0,3.0,18.75,28.15,0.0,0.0,0.0,0.0,2.0,2.0,12.5,18.77,0.0,0.0,0.0,0.0,1.0,1.0,6.25,9.38,1.0,1.0,6.25,9.38,0.0,0.0,0.0,0.0,25.0,81.25,-56.25,100.09,-9.0,-9.0,-56.25,3.84,3.84,0.21,0.25,0.0,0.25,0.5,0.0,2.0,0.0,1.0,0.7,0.0,6.25,0.06,0.0,0.29
4,高雄全家海神,116|121|10894|13275,呂威霆/吳曉謹/凱帝/吳彥侖,1,12,13.0,178.0,2.97,02:58,178.0,2.97,02:58,3.0,3.0,23.08,36.4,10.0,10.0,76.92,121.35,6.0,6.0,46.15,72.81,1.0,1.0,7.69,12.13,3.0,3.0,23.08,36.4,0.0,0.0,0.0,0.0,3.0,3.0,23.08,36.4,1.0,1.0,7.69,12.13,0.0,0.0,0.0,0.0,0.0,0.0,0.0,0.0,0.0,0.0,0.0,0.0,5.0,5.0,38.46,60.67,0.0,0.0,0.0,0.0,3.0,3.0,23.08,36.4,0.0,0.0,0.0,0.0,2.0,2.0,15.38,24.27,0.0,0.0,0.0,0.0,1.0,1.0,7.69,12.13,1.0,1.0,7.69,12.13,0.0,0.0,0.0,0.0,23.08,76.92,-53.85,105.17,-7.0,-7.0,-53.85,2.97,2.97,0.25,0.25,0.0,0.33,,0.0,2.0,0.0,1.0,0.62,0.0,7.69,0.08,0.0,0.0
4,高雄全家海神,116|121|12908|13275,呂威霆/吳曉謹/布里茲克/吳彥侖,2,28,31.0,432.0,7.2,07:12,216.0,3.6,03:36,13.0,6.5,41.94,65.0,19.0,9.5,61.29,95.0,14.0,7.0,45.16,70.0,5.0,2.5,16.13,25.0,6.0,3.0,19.35,30.0,2.0,1.0,6.45,10.0,8.0,4.0,25.81,40.0,3.0,1.5,9.68,15.0,0.0,0.0,0.0,0.0,0.0,0.0,0.0,0.0,2.0,1.0,6.45,10.0,7.0,3.5,22.58,35.0,0.0,0.0,0.0,0.0,8.0,4.0,25.81,40.0,2.0,1.0,6.45,10.0,6.0,3.0,19.35,30.0,1.0,0.5,3.23,5.0,1.0,0.5,3.23,5.0,3.0,1.5,9.68,15.0,2.0,1.0,6.45,10.0,41.94,61.29,-19.35,103.33,-6.0,-3.0,-19.35,7.2,3.6,0.46,0.46,0.33,0.38,,0.12,1.2,0.2,1.0,0.53,3.23,3.23,0.1,6.45,0.0
4,高雄全家海神,45|116|121|10894,施晉堯/呂威霆/吳曉謹/凱帝,1,3,3.0,52.18,0.87,00:52,52.18,0.87,00:52,1.0,1.0,33.33,41.39,3.0,3.0,100.0,124.17,1.0,1.0,33.33,41.39,0.0,0.0,0.0,0.0,0.0,0.0,0.0,0.0,0.0,0.0,0.0,0.0,1.0,1.0,33.33,41.39,0.0,0.0,0.0,0.0,2.0,2.0,66.67,82.78,1.0,1.0,33.33,41.39,0.0,0.0,0.0,0.0,2.0,2.0,66.67,82.78,0.0,0.0,0.0,0.0,0.0,0.0,0.0,0.0,0.0,0.0,0.0,0.0,0.0,0.0,0.0,0.0,0.0,0.0,0.0,0.0,0.0,0.0,0.0,0.0,0.0,0.0,0.0,0.0,0.0,0.0,0.0,0.0,33.33,100.0,-66.67,82.78,-2.0,-2.0,-66.67,0.87,0.87,0.0,0.27,,0.0,0.5,0.0,,,1.0,1.0,0.0,0.0,0.0,0.0,2.0
4,高雄全家海神,45|116|10894|12908,施晉堯/呂威霆/凱帝/布里茲克,1,3,3.0,52.18,0.87,00:52,52.18,0.87,00:52,1.0,1.0,33.33,41.39,3.0,3.0,100.0,124.17,1.0,1.0,33.33,41.39,0.0,0.0,0.0,0.0,0.0,0.0,0.0,0.0,0.0,0.0,0.0,0.0,1.0,1.0,33.33,41.39,0.0,0.0,0.0,0.0,2.0,2.0,66.67,82.78,1.0,1.0,33.33,41.39,0.0,0.0,0.0,0.0,2.0,2.0,66.67,82.78,0.0,0.0,0.0,0.0,0.0,0.0,0.0,0.0,0.0,0.0,0.0,0.0,0.0,0.0,0.0,0.0,0.0,0.0,0.0,0.0,0.0,0.0,0.0,0.0,0.0,0.0,0.0,0.0,0.0,0.0,0.0,0.0,33.33,100.0,-66.67,82.78,-2.0,-2.0,-66.67,0.87,0.87,0.0,0.27,,0.0,0.5,0.0,,,1.0,1.0,0.0,0.0,0.0,0.0,2.0
4,高雄全家海神,45|109|121|13399,施晉堯/于煥亞/吳曉謹/賽克維奇,1,7,7.0,104.09,1.73,01:44,104.09,1.73,01:44,3.0,3.0,42.86,62.26,5.0,5.0,71.43,103.76,3.0,3.0,42.86,62.26,1.0,1.0,14.29,20.75,0.0,0.0,0.0,0.0,0.0,0.0,0.0,0.0,3.0,3.0,42.86,62.26,1.0,1.0,14.29,20.75,0.0,0.0,0.0,0.0,0.0,0.0,0.0,0.0,0.0,0.0,0.0,0.0,1.0,1.0,14.29,20.75,0.0,0.0,0.0,0.0,2.0,2.0,28.57,41.5,0.0,0.0,0.0,0.0,1.0,1.0,14.29,20.75,0.0,0.0,0.0,0.0,0.0,0.0,0.0,0.0,0.0,0.0,0.0,0.0,0.0,0.0,0.0,0.0,42.86,71.43,-28.57,96.84,-2.0,-2.0,-28.57,1.73,1.73,0.5,0.5,,0.33,,0.0,1.0,0.0,1.0,0.33,0.0,0.0,0.0,0.0,0.0
4,高雄全家海神,45|109|10894|13399,施晉堯/于煥亞/凱帝/賽克維奇,1,4,4.0,57.0,0.95,00:57,57.0,0.95,00:57,3.0,3.0,75.0,113.68,2.0,2.0,50.0,75.79,2.0,2.0,50.0,75.79,1.0,1.0,25.0,37.89,0.0,0.0,0.0,0.0,0.0,0.0,0.0,0.0,2.0,2.0,50.0,75.79,1.0,1.0,25.0,37.89,0.0,0.0,0.0,0.0,0.0,0.0,0.0,0.0,0.0,0.0,0.0,0.0,0.0,0.0,0.0,0.0,0.0,0.0,0.0,0.0,1.0,1.0,25.0,37.89,0.0,0.0,0.0,0.0,1.0,1.0,25.0,37.89,0.0,0.0,0.0,0.0,0.0,0.0,0.0,0.0,0.0,0.0,0.0,0.0,0.0,0.0,0.0,0.0,75.0,50.0,25.0,101.05,1.0,1.0,25.0,0.95,0.95,0.75,0.75,,0.5,,0.0,1.0,0.0,,0.0,0.0,0.0,0.0,0.0,0.0
4,高雄全家海神,45|121|10894|13399,施晉堯/吳曉謹/凱帝/賽克維奇,1,4,4.0,57.0,0.95,00:57,57.0,0.95,00:57,3.0,3.0,75.0,113.68,2.0,2.0,50.0,75.79,2.0,2.0,50.0,75.79,1.0,1.0,25.0,37.89,0.0,0.0,0.0,0.0,0.0,0.0,0.0,0.0,2.0,2.0,50.0,75.79,1.0,1.0,25.0,37.89,0.0,0.0,0.0,0.0,0.0,0.0,0.0,0.0,0.0,0.0,0.0,0.0,0.0,0.0,0.0,0.0,0.0,0.0,0.0,0.0,1.0,1.0,25.0,37.89,0.0,0.0,0.0,0.0,1.0,1.0,25.0,37.89,0.0,0.0,0.0,0.0,0.0,0.0,0.0,0.0,0.0,0.0,0.0,0.0,0.0,0.0,0.0,0.0,75.0,50.0,25.0,101.05,1.0,1.0,25.0,0.95,0.95,0.75,0.75,,0.5,,0.0,1.0,0.0,,0.0,0.0,0.0,0.0,0.0,0.0
4,高雄全家海神,109|121|10894|13399,于煥亞/吳曉謹/凱帝/賽克維奇,1,4,4.0,57.0,0.95,00:57,57.0,0.95,00:57,3.0,3.0,75.0,113.68,2.0,2.0,50.0,75.79,2.0,2.0,50.0,75.79,1.0,1.0,25.0,37.89,0.0,0.0,0.0,0.0,0.0,0.0,0.0,0.0,2.0,2.0,50.0,75.79,1.0,1.0,25.0,37.89,0.0,0.0,0.0,0.0,0.0,0.0,0.0,0.0,0.0,0.0,0.0,0.0,0.0,0.0,0.0,0.0,0.0,0.0,0.0,0.0,1.0,1.0,25.0,37.89,0.0,0.0,0.0,0.0,1.0,1.0,25.0,37.89,0.0,0.0,0.0,0.0,0.0,0.0,0.0,0.0,0.0,0.0,0.0,0.0,0.0,0.0,0.0,0.0,75.0,50.0,25.0,101.05,1.0,1.0,25.0,0.95,0.95,0.75,0.75,,0.5,,0.0,1.0,0.0,,0.0,0.0,0.0,0.0,0.0,0.0
4,高雄全家海神,45|110|121|13399,施晉堯/胡瓏貿/吳曉謹/賽克維奇,3,24,29.0,422.12,7.04,07:02,140.71,2.35,02:21,11.0,3.67,37.93,56.29,13.0,4.33,44.83,66.52,9.0,3.0,31.03,46.05,3.0,1.0,10.34,15.35,3.0,1.0,10.34,15.35,2.0,0.67,6.9,10.23,6.0,2.0,20.69,30.7,1.0,0.33,3.45,5.12,4.0,1.33,13.79,20.47,4.0,1.33,13.79,20.47,2.0,0.67,6.9,10.23,4.0,1.33,13.79,20.47,1.0,0.33,3.45,5.12,6.0,2.0,20.69,30.7,2.0,0.67,6.9,10.23,1.0,0.33,3.45,5.12,1.0,0.33,3.45,5.12,1.0,0.33,3.45,5.12,3.0,1.0,10.34,15.35,1.0,0.33,3.45,5.12,37.93,44.83,-6.9,98.93,-2.0,-0.67,-6.9,7.04,2.35,0.39,0.51,0.67,0.17,1.0,0.16,0.33,0.25,0.8,0.46,3.45,3.45,0.1,3.45,0.44
4,高雄全家海神,109|110|121|13399,于煥亞/胡瓏貿/吳曉謹/賽克維奇,3,8,10.0,136.09,2.27,02:16,45.36,0.76,00:45,2.0,0.67,20.0,31.74,4.0,1.33,40.0,63.49,5.0,1.67,50.0,79.36,1.0,0.33,10.0,15.87,2.0,0.67,20.0,31.74,1.0,0.33,10.0,15.87,3.0,1.0,30.0,47.62,0.0,0.0,0.0,0.0,0.0,0.0,0.0,0.0,0.0,0.0,0.0,0.0,1.0,0.33,10.0,15.87,2.0,0.67,20.0,31.74,0.0,0.0,0.0,0.0,1.0,0.33,10.0,15.87,0.0,0.0,0.0,0.0,0.0,0.0,0.0,0.0,0.0,0.0,0.0,0.0,0.0,0.0,0.0,0.0,0.0,0.0,0.0,0.0,2.0,0.67,20.0,31.74,20.0,40.0,-20.0,105.81,-2.0,-0.67,-20.0,2.27,0.76,0.2,0.2,0.5,0.0,,0.0,0.0,0.5,1.0,0.75,0.0,0.0,0.0,20.0,0.0
4,高雄全家海神,45|109|121|12908,施晉堯/于煥亞/吳曉謹/布里茲克,1,3,4.0,55.0,0.92,00:55,55.0,0.92,00:55,2.0,2.0,50.0,78.55,2.0,2.0,50.0,78.55,2.0,2.0,50.0,78.55,1.0,1.0,25.0,39.27,2.0,2.0,50.0,78.55,1.0,1.0,25.0,39.27,0.0,0.0,0.0,0.0,0.0,0.0,0.0,0.0,0.0,0.0,0.0,0.0,0.0,0.0,0.0,0.0,0.0,0.0,0.0,0.0,0.0,0.0,0.0,0.0,1.0,1.0,25.0,39.27,0.0,0.0,0.0,0.0,0.0,0.0,0.0,0.0,0.0,0.0,0.0,0.0,0.0,0.0,0.0,0.0,0.0,0.0,0.0,0.0,0.0,0.0,0.0,0.0,0.0,0.0,0.0,0.0,50.0,50.0,0.0,104.73,0.0,0.0,0.0,0.92,0.92,0.5,0.5,0.5,,,0.0,0.0,,0.0,0.0,0.0,0.0,0.0,0.0,0.0
4,高雄全家海神,109|110|121|12908,于煥亞/胡瓏貿/吳曉謹/布里茲克,3,32,41.0,502.55,8.38,08:23,167.52,2.79,02:48,18.0,6.0,43.9,77.36,24.0,8.0,58.54,103.15,17.0,5.67,41.46,73.07,7.0,2.33,17.07,30.09,11.0,3.67,26.83,47.28,7.0,2.33,17.07,30.09,6.0,2.0,14.63,25.79,0.0,0.0,0.0,0.0,3.0,1.0,7.32,12.89,3.0,1.0,7.32,12.89,4.0,1.33,9.76,17.19,4.0,1.33,9.76,17.19,6.0,2.0,14.63,25.79,3.0,1.0,7.32,12.89,1.0,0.33,2.44,4.3,2.0,0.67,4.88,8.6,1.0,0.33,2.44,4.3,1.0,0.33,2.44,4.3,3.0,1.0,7.32,12.89,2.0,0.67,4.88,8.6,43.9,58.54,-14.63,117.48,-6.0,-2.0,-14.63,8.38,2.79,0.41,0.49,0.64,0.0,1.0,0.05,0.29,0.57,0.4,0.47,2.44,2.44,0.07,4.88,0.18
4,高雄全家海神,109|110|123|12908,于煥亞/胡瓏貿/勤明慶/布里茲克,1,11,12.0,188.0,3.13,03:08,188.0,3.13,03:08,6.0,6.0,50.0,68.94,5.0,5.0,41.67,57.45,6.0,6.0,50.0,68.94,3.0,3.0,25.0,34.47,4.0,4.0,33.33,45.96,3.0,3.0,25.0,34.47,2.0,2.0,16.67,22.98,0.0,0.0,0.0,0.0,0.0,0.0,0.0,0.0,0.0,0.0,0.0,0.0,1.0,1.0,8.33,11.49,1.0,1.0,8.33,11.49,0.0,0.0,0.0,0.0,3.0,3.0,25.0,34.47,1.0,1.0,8.33,11.49,0.0,0.0,0.0,0.0,1.0,1.0,8.33,11.49,0.0,0.0,0.0,0.0,0.0,0.0,0.0,0.0,0.0,0.0,0.0,0.0,50.0,41.67,8.33,91.91,1.0,1.0,8.33,3.13,3.13,0.5,0.5,0.75,0.0,,0.14,0.0,0.25,1.0,0.4,8.33,0.0,0.0,0.0,0.0
4,高雄全家海神,109|110|123|13275,于煥亞/胡瓏貿/勤明慶/吳彥侖,1,11,12.0,188.0,3.13,03:08,188.0,3.13,03:08,6.0,6.0,50.0,68.94,5.0,5.0,41.67,57.45,6.0,6.0,50.0,68.94,3.0,3.0,25.0,34.47,4.0,4.0,33.33,45.96,3.0,3.0,25.0,34.47,2.0,2.0,16.67,22.98,0.0,0.0,0.0,0.0,0.0,0.0,0.0,0.0,0.0,0.0,0.0,0.0,1.0,1.0,8.33,11.49,1.0,1.0,8.33,11.49,0.0,0.0,0.0,0.0,3.0,3.0,25.0,34.47,1.0,1.0,8.33,11.49,0.0,0.0,0.0,0.0,1.0,1.0,8.33,11.49,0.0,0.0,0.0,0.0,0.0,0.0,0.0,0.0,0.0,0.0,0.0,0.0,50.0,41.67,8.33,91.91,1.0,1.0,8.33,3.13,3.13,0.5,0.5,0.75,0.0,,0.14,0.0,0.25,1.0,0.4,8.33,0.0,0.0,0.0,0.0
4,高雄全家海神,109|123|12908|13275,于煥亞/勤明慶/布里茲克/吳彥侖,1,11,12.0,188.0,3.13,03:08,188.0,3.13,03:08,6.0,6.0,50.0,68.94,5.0,5.0,41.67,57.45,6.0,6.0,50.0,68.94,3.0,3.0,25.0,34.47,4.0,4.0,33.33,45.96,3.0,3.0,25.0,34.47,2.0,2.0,16.67,22.98,0.0,0.0,0.0,0.0,0.0,0.0,0.0,0.0,0.0,0.0,0.0,0.0,1.0,1.0,8.33,11.49,1.0,1.0,8.33,11.49,0.0,0.0,0.0,0.0,3.0,3.0,25.0,34.47,1.0,1.0,8.33,11.49,0.0,0.0,0.0,0.0,1.0,1.0,8.33,11.49,0.0,0.0,0.0,0.0,0.0,0.0,0.0,0.0,0.0,0.0,0.0,0.0,50.0,41.67,8.33,91.91,1.0,1.0,8.33,3.13,3.13,0.5,0.5,0.75,0.0,,0.14,0.0,0.25,1.0,0.4,8.33,0.0,0.0,0.0,0.0
4,高雄全家海神,45|110|116|10891,施晉堯/胡瓏貿/呂威霆/廖偉皓,3,20,22.0,360.64,6.01,06:01,120.21,2.0,02:00,10.0,3.33,45.45,59.89,9.0,3.0,40.91,53.9,5.0,1.67,22.73,29.95,2.0,0.67,9.09,11.98,3.0,1.0,13.64,17.97,0.0,0.0,0.0,0.0,2.0,0.67,9.09,11.98,2.0,0.67,9.09,11.98,4.0,1.33,18.18,23.96,4.0,1.33,18.18,23.96,0.0,0.0,0.0,0.0,3.0,1.0,13.64,17.97,1.0,0.33,4.55,5.99,7.0,2.33,31.82,41.93,3.0,1.0,13.64,17.97,2.0,0.67,9.09,11.98,0.0,0.0,0.0,0.0,1.0,0.33,4.55,5.99,4.0,1.33,18.18,23.96,1.0,0.33,4.55,5.99,45.45,40.91,4.55,87.84,1.0,0.33,4.55,6.01,2.0,0.6,0.74,0.0,1.0,1.0,0.31,1.0,0.0,0.75,0.27,0.0,4.55,0.18,4.55,0.8
4,高雄全家海神,45|110|116|12908,施晉堯/胡瓏貿/呂威霆/布里茲克,2,11,12.0,192.35,3.21,03:12,96.17,1.6,01:36,5.0,2.5,41.67,56.15,2.0,1.0,16.67,22.46,3.0,1.5,25.0,33.69,1.0,0.5,8.33,11.23,1.0,0.5,8.33,11.23,0.0,0.0,0.0,0.0,2.0,1.0,16.67,22.46,1.0,0.5,8.33,11.23,2.0,1.0,16.67,22.46,2.0,1.0,16.67,22.46,0.0,0.0,0.0,0.0,3.0,1.5,25.0,33.69,0.0,0.0,0.0,0.0,4.0,2.0,33.33,44.92,1.0,0.5,8.33,11.23,1.0,0.5,8.33,11.23,0.0,0.0,0.0,0.0,0.0,0.0,0.0,0.0,1.0,0.5,8.33,11.23,2.0,1.0,16.67,22.46,41.67,16.67,25.0,89.84,3.0,1.5,25.0,3.21,1.6,0.5,0.64,0.0,0.5,1.0,0.2,1.0,0.0,1.0,0.43,0.0,0.0,0.08,16.67,0.67
4,高雄全家海神,45|110|10891|12908,施晉堯/胡瓏貿/廖偉皓/布里茲克,1,2,2.0,43.35,0.72,00:43,43.35,0.72,00:43,2.0,2.0,100.0,99.66,0.0,0.0,0.0,0.0,0.0,0.0,0.0,0.0,0.0,0.0,0.0,0.0,0.0,0.0,0.0,0.0,0.0,0.0,0.0,0.0,0.0,0.0,0.0,0.0,0.0,0.0,0.0,0.0,2.0,2.0,100.0,99.66,2.0,2.0,100.0,99.66,0.0,0.0,0.0,0.0,1.0,1.0,50.0,49.83,0.0,0.0,0.0,0.0,1.0,1.0,50.0,49.83,0.0,0.0,0.0,0.0,0.0,0.0,0.0,0.0,0.0,0.0,0.0,0.0,0.0,0.0,0.0,0.0,1.0,1.0,50.0,49.83,0.0,0.0,0.0,0.0,100.0,0.0,100.0,66.44,2.0,2.0,100.0,0.72,0.72,,1.14,,,1.0,0.0,,0.0,1.0,0.5,0.0,0.0,0.5,0.0,
4,高雄全家海神,45|116|10891|12908,施晉堯/呂威霆/廖偉皓/布里茲克,1,10,11.0,198.64,3.31,03:19,198.64,3.31,03:19,5.0,5.0,45.45,54.37,5.0,5.0,45.45,54.37,4.0,4.0,36.36,43.5,1.0,1.0,9.09,10.87,3.0,3.0,27.27,32.62,0.0,0.0,0.0,0.0,1.0,1.0,9.09,10.87,1.0,1.0,9.09,10.87,2.0,2.0,18.18,21.75,2.0,2.0,18.18,21.75,1.0,1.0,9.09,10.87,3.0,3.0,27.27,32.62,0.0,0.0,0.0,0.0,2.0,2.0,18.18,21.75,0.0,0.0,0.0,0.0,1.0,1.0,9.09,10.87,0.0,0.0,0.0,0.0,1.0,1.0,9.09,10.87,3.0,3.0,27.27,32.62,4.0,4.0,36.36,43.5,45.45,45.45,0.0,79.74,0.0,0.0,0.0,3.31,3.31,0.38,0.51,0.0,1.0,1.0,0.0,1.0,0.33,1.0,0.67,0.0,9.09,0.27,36.36,0.5
4,高雄全家海神,110|116|10891|12908,胡瓏貿/呂威霆/廖偉皓/布里茲克,1,10,11.0,156.35,2.61,02:36,156.35,2.61,02:36,2.0,2.0,18.18,27.63,6.0,6.0,54.55,82.89,3.0,3.0,27.27,41.45,0.0,0.0,0.0,0.0,1.0,1.0,9.09,13.82,0.0,0.0,0.0,0.0,2.0,2.0,18.18,27.63,0.0,0.0,0.0,0.0,2.0,2.0,18.18,27.63,2.0,2.0,18.18,27.63,0.0,0.0,0.0,0.0,4.0,4.0,36.36,55.26,1.0,1.0,9.09,13.82,2.0,2.0,18.18,27.63,1.0,1.0,9.09,13.82,0.0,0.0,0.0,0.0,0.0,0.0,0.0,0.0,0.0,0.0,0.0,0.0,1.0,1.0,9.09,13.82,0.0,0.0,0.0,0.0,18.18,54.55,-36.36,101.31,-4.0,-4.0,-36.36,2.61,2.61,0.0,0.26,0.0,0.0,1.0,0.2,,0.0,0.8,0.57,0.0,0.0,0.09,0.0,0.67
4,新北國王,28|32|10872|13029,呂政儒/奧帝/林彥廷/杰倫,4,23,26.0,356.52,5.94,05:57,89.13,1.49,01:29,7.0,1.75,26.92,42.41,14.0,3.5,53.85,84.82,11.0,2.75,42.31,66.64,3.0,0.75,11.54,18.18,8.0,2.0,30.77,48.47,3.0,0.75,11.54,18.18,3.0,0.75,11.54,18.18,0.0,0.0,0.0,0.0,2.0,0.5,7.69,12.12,1.0,0.25,3.85,6.06,1.0,0.25,3.85,6.06,7.0,1.75,26.92,42.41,2.0,0.5,7.69,12.12,6.0,1.5,23.08,36.35,0.0,0.0,0.0,0.0,2.0,0.5,7.69,12.12,0.0,0.0,0.0,0.0,1.0,0.25,3.85,6.06,2.0,0.5,7.69,12.12,6.0,1.5,23.08,36.35,26.92,53.85,-26.92,105.02,-7.0,-1.75,-26.92,5.94,1.49,0.27,0.29,0.38,0.0,0.5,0.0,0.67,0.14,0.78,0.5,0.0,3.85,0.08,23.08,0.18
4,高雄全家海神,45|111|116|10891,施晉堯/唐維傑/呂威霆/廖偉皓,1,8,9.0,146.29,2.44,02:26,146.29,2.44,02:26,3.0,3.0,33.33,44.3,5.0,5.0,55.56,73.83,4.0,4.0,44.44,59.06,1.0,1.0,11.11,14.77,3.0,3.0,33.33,44.3,0.0,0.0,0.0,0.0,1.0,1.0,11.11,14.77,1.0,1.0,11.11,14.77,0.0,0.0,0.0,0.0,0.0,0.0,0.0,0.0,1.0,1.0,11.11,14.77,2.0,2.0,22.22,29.53,0.0,0.0,0.0,0.0,1.0,1.0,11.11,14.77,0.0,0.0,0.0,0.0,1.0,1.0,11.11,14.77,0.0,0.0,0.0,0.0,1.0,1.0,11.11,14.77,2.0,2.0,22.22,29.53,4.0,4.0,44.44,59.06,33.33,55.56,-22.22,88.59,-2.0,-2.0,-22.22,2.44,2.44,0.38,0.38,0.0,1.0,,0.0,1.0,0.5,1.0,0.75,0.0,11.11,0.22,44.44,0.0
4,高雄全家海神,45|111|116|12908,施晉堯/唐維傑/呂威霆/布里茲克,2,45,54.0,671.62,11.19,11:12,335.81,5.6,05:36,20.0,10.0,37.04,64.32,27.0,13.5,50.0,86.83,19.0,9.5,35.19,61.11,6.0,3.0,11.11,19.3,14.0,7.0,25.93,45.03,4.0,2.0,7.41,12.86,5.0,2.5,9.26,16.08,2.0,1.0,3.7,6.43,8.0,4.0,14.81,25.73,6.0,3.0,11.11,19.3,4.0,2.0,7.41,12.86,9.0,4.5,16.67,28.94,5.0,2.5,9.26,16.08,6.0,3.0,11.11,19.3,1.0,0.5,1.85,3.22,4.0,2.0,7.41,12.86,1.0,0.5,1.85,3.22,3.0,1.5,5.56,9.65,6.0,3.0,11.11,19.3,15.0,7.5,27.78,48.24,37.04,50.0,-12.96,115.78,-7.0,-3.5,-12.96,11.19,5.6,0.37,0.44,0.29,0.4,0.75,0.04,0.67,0.4,0.64,0.54,1.85,5.56,0.11,27.78,0.42
4,高雄全家海神,45|111|10891|12908,施晉堯/唐維傑/廖偉皓/布里茲克,1,8,9.0,146.29,2.44,02:26,146.29,2.44,02:26,3.0,3.0,33.33,44.3,5.0,5.0,55.56,73.83,4.0,4.0,44.44,59.06,1.0,1.0,11.11,14.77,3.0,3.0,33.33,44.3,0.0,0.0,0.0,0.0,1.0,1.0,11.11,14.77,1.0,1.0,11.11,14.77,0.0,0.0,0.0,0.0,0.0,0.0,0.0,0.0,1.0,1.0,11.11,14.77,2.0,2.0,22.22,29.53,0.0,0.0,0.0,0.0,1.0,1.0,11.11,14.77,0.0,0.0,0.0,0.0,1.0,1.0,11.11,14.77,0.0,0.0,0.0,0.0,1.0,1.0,11.11,14.77,2.0,2.0,22.22,29.53,4.0,4.0,44.44,59.06,33.33,55.56,-22.22,88.59,-2.0,-2.0,-22.22,2.44,2.44,0.38,0.38,0.0,1.0,,0.0,1.0,0.5,1.0,0.75,0.0,11.11,0.22,44.44,0.0
4,高雄全家海神,111|116|10891|12908,唐維傑/呂威霆/廖偉皓/布里茲克,1,35,40.0,552.74,9.21,09:13,552.74,9.21,09:13,23.0,23.0,57.5,89.88,21.0,21.0,52.5,82.06,18.0,18.0,45.0,70.34,9.0,9.0,22.5,35.17,12.0,12.0,30.0,46.89,6.0,6.0,15.0,23.45,6.0,6.0,15.0,23.45,3.0,3.0,7.5,11.72,3.0,3.0,7.5,11.72,2.0,2.0,5.0,7.82,2.0,2.0,5.0,7.82,8.0,8.0,20.0,31.26,0.0,0.0,0.0,0.0,6.0,6.0,15.0,23.45,0.0,0.0,0.0,0.0,6.0,6.0,15.0,23.45,0.0,0.0,0.0,0.0,1.0,1.0,2.5,3.91,6.0,6.0,15.0,23.45,8.0,8.0,20.0,31.26,57.5,52.5,5.0,104.21,2.0,2.0,5.0,9.21,9.21,0.58,0.6,0.5,0.5,0.67,0.0,0.67,0.25,1.0,0.62,0.0,2.5,0.15,20.0,0.17
4,新北國王,25|28|32|10872,林金榜/呂政儒/奧帝/林彥廷,1,4,5.0,64.29,1.07,01:04,64.29,1.07,01:04,1.0,1.0,20.0,33.6,3.0,3.0,60.0,100.79,1.0,1.0,20.0,33.6,0.0,0.0,0.0,0.0,1.0,1.0,20.0,33.6,0.0,0.0,0.0,0.0,0.0,0.0,0.0,0.0,0.0,0.0,0.0,0.0,2.0,2.0,40.0,67.19,1.0,1.0,20.0,33.6,0.0,0.0,0.0,0.0,1.0,1.0,20.0,33.6,1.0,1.0,20.0,33.6,1.0,1.0,20.0,33.6,0.0,0.0,0.0,0.0,0.0,0.0,0.0,0.0,0.0,0.0,0.0,0.0,0.0,0.0,0.0,0.0,0.0,0.0,0.0,0.0,0.0,0.0,0.0,0.0,20.0,60.0,-40.0,111.99,-2.0,-2.0,-40.0,1.07,1.07,0.0,0.27,0.0,,0.5,0.0,,0.0,0.5,0.33,0.0,0.0,0.0,0.0,2.0
4,新北國王,25|28|32|13029,林金榜/呂政儒/奧帝/杰倫,1,4,5.0,64.29,1.07,01:04,64.29,1.07,01:04,1.0,1.0,20.0,33.6,3.0,3.0,60.0,100.79,1.0,1.0,20.0,33.6,0.0,0.0,0.0,0.0,1.0,1.0,20.0,33.6,0.0,0.0,0.0,0.0,0.0,0.0,0.0,0.0,0.0,0.0,0.0,0.0,2.0,2.0,40.0,67.19,1.0,1.0,20.0,33.6,0.0,0.0,0.0,0.0,1.0,1.0,20.0,33.6,1.0,1.0,20.0,33.6,1.0,1.0,20.0,33.6,0.0,0.0,0.0,0.0,0.0,0.0,0.0,0.0,0.0,0.0,0.0,0.0,0.0,0.0,0.0,0.0,0.0,0.0,0.0,0.0,0.0,0.0,0.0,0.0,20.0,60.0,-40.0,111.99,-2.0,-2.0,-40.0,1.07,1.07,0.0,0.27,0.0,,0.5,0.0,,0.0,0.5,0.33,0.0,0.0,0.0,0.0,2.0
4,新北國王,25|28|34|13029,林金榜/呂政儒/沃許本/杰倫,2,10,11.0,155.0,2.58,02:35,77.5,1.29,01:18,6.0,3.0,54.55,83.61,4.0,2.0,36.36,55.74,3.0,1.5,27.27,41.81,2.0,1.0,18.18,27.87,3.0,1.5,27.27,41.81,2.0,1.0,18.18,27.87,0.0,0.0,0.0,0.0,0.0,0.0,0.0,0.0,2.0,1.0,18.18,27.87,2.0,1.0,18.18,27.87,0.0,0.0,0.0,0.0,1.0,0.5,9.09,13.94,1.0,0.5,9.09,13.94,2.0,1.0,18.18,27.87,1.0,0.5,9.09,13.94,0.0,0.0,0.0,0.0,1.0,0.5,9.09,13.94,0.0,0.0,0.0,0.0,1.0,0.5,9.09,13.94,0.0,0.0,0.0,0.0,54.55,36.36,18.18,102.19,2.0,1.0,18.18,2.58,1.29,0.67,0.77,0.67,,1.0,0.2,0.0,0.0,0.5,0.25,9.09,0.0,0.09,0.0,0.67
4,新北國王,25|28|29|34,林金榜/呂政儒/林書緯/沃許本,3,10,11.0,154.76,2.58,02:35,51.59,0.86,00:52,6.0,2.0,54.55,83.74,7.0,2.33,63.64,97.7,4.0,1.33,36.36,55.83,2.0,0.67,18.18,27.91,4.0,1.33,36.36,55.83,2.0,0.67,18.18,27.91,0.0,0.0,0.0,0.0,0.0,0.0,0.0,0.0,2.0,0.67,18.18,27.91,2.0,0.67,18.18,27.91,0.0,0.0,0.0,0.0,2.0,0.67,18.18,27.91,1.0,0.33,9.09,13.96,1.0,0.33,9.09,13.96,0.0,0.0,0.0,0.0,0.0,0.0,0.0,0.0,0.0,0.0,0.0,0.0,0.0,0.0,0.0,0.0,1.0,0.33,9.09,13.96,0.0,0.0,0.0,0.0,54.55,63.64,-9.09,102.35,-1.0,-0.33,-9.09,2.58,0.86,0.5,0.61,0.5,,1.0,0.0,0.0,0.0,0.67,0.5,0.0,0.0,0.09,0.0,0.5
4,新北國王,25|28|29|13029,林金榜/呂政儒/林書緯/杰倫,2,8,9.0,100.76,1.68,01:41,50.38,0.84,00:50,6.0,3.0,66.67,128.62,4.0,2.0,44.44,85.75,3.0,1.5,33.33,64.31,2.0,1.0,22.22,42.87,3.0,1.5,33.33,64.31,2.0,1.0,22.22,42.87,0.0,0.0,0.0,0.0,0.0,0.0,0.0,0.0,2.0,1.0,22.22,42.87,2.0,1.0,22.22,42.87,0.0,0.0,0.0,0.0,1.0,0.5,11.11,21.44,1.0,0.5,11.11,21.44,1.0,0.5,11.11,21.44,0.0,0.0,0.0,0.0,0.0,0.0,0.0,0.0,0.0,0.0,0.0,0.0,0.0,0.0,0.0,0.0,0.0,0.0,0.0,0.0,0.0,0.0,0.0,0.0,66.67,44.44,22.22,128.62,2.0,1.0,22.22,1.68,0.84,0.67,0.77,0.67,,1.0,0.0,0.0,0.0,0.5,0.33,0.0,0.0,0.0,0.0,0.67
4,高雄全家海神,45|111|116|119,施晉堯/唐維傑/呂威霆/余純安,3,20,24.0,284.95,4.75,04:45,94.98,1.58,01:35,6.0,2.0,25.0,45.48,7.0,2.33,29.17,53.06,10.0,3.33,41.67,75.8,2.0,0.67,8.33,15.16,5.0,1.67,20.83,37.9,2.0,0.67,8.33,15.16,5.0,1.67,20.83,37.9,0.0,0.0,0.0,0.0,3.0,1.0,12.5,22.74,2.0,0.67,8.33,15.16,1.0,0.33,4.17,7.58,7.0,2.33,29.17,53.06,3.0,1.0,12.5,22.74,5.0,1.67,20.83,37.9,0.0,0.0,0.0,0.0,2.0,0.67,8.33,15.16,0.0,0.0,0.0,0.0,1.0,0.33,4.17,7.58,2.0,0.67,8.33,15.16,0.0,0.0,0.0,0.0,25.0,29.17,-4.17,121.29,-1.0,-0.33,-4.17,4.75,1.58,0.2,0.27,0.4,0.0,0.67,0.0,1.0,0.17,0.7,0.5,0.0,4.17,0.08,0.0,0.3
4,高雄全家海神,45|111|119|12908,施晉堯/唐維傑/余純安/布里茲克,1,8,9.0,92.5,1.54,01:32,92.5,1.54,01:32,2.0,2.0,22.22,46.7,0.0,0.0,0.0,0.0,4.0,4.0,44.44,93.41,0.0,0.0,0.0,0.0,2.0,2.0,22.22,46.7,0.0,0.0,0.0,0.0,2.0,2.0,22.22,46.7,0.0,0.0,0.0,0.0,2.0,2.0,22.22,46.7,2.0,2.0,22.22,46.7,1.0,1.0,11.11,23.35,2.0,2.0,22.22,46.7,1.0,1.0,11.11,23.35,2.0,2.0,22.22,46.7,0.0,0.0,0.0,0.0,1.0,1.0,11.11,23.35,0.0,0.0,0.0,0.0,1.0,1.0,11.11,23.35,1.0,1.0,11.11,23.35,0.0,0.0,0.0,0.0,22.22,0.0,22.22,140.11,2.0,2.0,22.22,1.54,1.54,0.0,0.2,0.0,0.0,1.0,0.0,,0.33,0.67,0.5,0.0,11.11,0.11,0.0,0.5
4,高雄全家海神,45|116|119|12908,施晉堯/呂威霆/余純安/布里茲克,1,8,9.0,92.5,1.54,01:32,92.5,1.54,01:32,2.0,2.0,22.22,46.7,0.0,0.0,0.0,0.0,4.0,4.0,44.44,93.41,0.0,0.0,0.0,0.0,2.0,2.0,22.22,46.7,0.0,0.0,0.0,0.0,2.0,2.0,22.22,46.7,0.0,0.0,0.0,0.0,2.0,2.0,22.22,46.7,2.0,2.0,22.22,46.7,1.0,1.0,11.11,23.35,2.0,2.0,22.22,46.7,1.0,1.0,11.11,23.35,2.0,2.0,22.22,46.7,0.0,0.0,0.0,0.0,1.0,1.0,11.11,23.35,0.0,0.0,0.0,0.0,1.0,1.0,11.11,23.35,1.0,1.0,11.11,23.35,0.0,0.0,0.0,0.0,22.22,0.0,22.22,140.11,2.0,2.0,22.22,1.54,1.54,0.0,0.2,0.0,0.0,1.0,0.0,,0.33,0.67,0.5,0.0,11.11,0.11,0.0,0.5
4,高雄全家海神,111|116|119|12908,唐維傑/呂威霆/余純安/布里茲克,1,15,17.0,223.5,3.73,03:44,223.5,3.73,03:44,9.0,9.0,52.94,86.98,3.0,3.0,17.65,28.99,9.0,9.0,52.94,86.98,3.0,3.0,17.65,28.99,5.0,5.0,29.41,48.32,2.0,2.0,11.76,19.33,4.0,4.0,23.53,38.66,1.0,1.0,5.88,9.66,2.0,2.0,11.76,19.33,2.0,2.0,11.76,19.33,2.0,2.0,11.76,19.33,3.0,3.0,17.65,28.99,1.0,1.0,5.88,9.66,4.0,4.0,23.53,38.66,0.0,0.0,0.0,0.0,3.0,3.0,17.65,28.99,0.0,0.0,0.0,0.0,1.0,1.0,5.88,9.66,2.0,2.0,11.76,19.33,0.0,0.0,0.0,0.0,52.94,17.65,35.29,109.53,6.0,6.0,35.29,3.73,3.73,0.39,0.46,0.4,0.25,1.0,0.0,1.0,0.33,0.75,0.5,0.0,5.88,0.12,0.0,0.22
4,高雄全家海神,111|116|119|10891,唐維傑/呂威霆/余純安/廖偉皓,1,7,8.0,131.0,2.18,02:11,131.0,2.18,02:11,7.0,7.0,87.5,115.42,3.0,3.0,37.5,49.47,5.0,5.0,62.5,82.44,3.0,3.0,37.5,49.47,3.0,3.0,37.5,49.47,2.0,2.0,25.0,32.98,2.0,2.0,25.0,32.98,1.0,1.0,12.5,16.49,0.0,0.0,0.0,0.0,0.0,0.0,0.0,0.0,1.0,1.0,12.5,16.49,1.0,1.0,12.5,16.49,0.0,0.0,0.0,0.0,2.0,2.0,25.0,32.98,0.0,0.0,0.0,0.0,2.0,2.0,25.0,32.98,0.0,0.0,0.0,0.0,0.0,0.0,0.0,0.0,1.0,1.0,12.5,16.49,0.0,0.0,0.0,0.0,87.5,37.5,50.0,87.94,4.0,4.0,50.0,2.18,2.18,0.7,0.7,0.67,0.5,,0.0,0.67,0.33,1.0,0.5,0.0,0.0,0.12,0.0,0.0
4,高雄全家海神,111|119|10891|12908,唐維傑/余純安/廖偉皓/布里茲克,1,7,8.0,131.0,2.18,02:11,131.0,2.18,02:11,7.0,7.0,87.5,115.42,3.0,3.0,37.5,49.47,5.0,5.0,62.5,82.44,3.0,3.0,37.5,49.47,3.0,3.0,37.5,49.47,2.0,2.0,25.0,32.98,2.0,2.0,25.0,32.98,1.0,1.0,12.5,16.49,0.0,0.0,0.0,0.0,0.0,0.0,0.0,0.0,1.0,1.0,12.5,16.49,1.0,1.0,12.5,16.49,0.0,0.0,0.0,0.0,2.0,2.0,25.0,32.98,0.0,0.0,0.0,0.0,2.0,2.0,25.0,32.98,0.0,0.0,0.0,0.0,0.0,0.0,0.0,0.0,1.0,1.0,12.5,16.49,0.0,0.0,0.0,0.0,87.5,37.5,50.0,87.94,4.0,4.0,50.0,2.18,2.18,0.7,0.7,0.67,0.5,,0.0,0.67,0.33,1.0,0.5,0.0,0.0,0.12,0.0,0.0
4,高雄全家海神,116|119|10891|12908,呂威霆/余純安/廖偉皓/布里茲克,1,15,17.0,244.0,4.07,04:04,244.0,4.07,04:04,7.0,7.0,41.18,61.97,9.0,9.0,52.94,79.67,8.0,8.0,47.06,70.82,3.0,3.0,17.65,26.56,4.0,4.0,23.53,35.41,2.0,2.0,11.76,17.7,4.0,4.0,23.53,35.41,1.0,1.0,5.88,8.85,0.0,0.0,0.0,0.0,0.0,0.0,0.0,0.0,1.0,1.0,5.88,8.85,4.0,4.0,23.53,35.41,1.0,1.0,5.88,8.85,3.0,3.0,17.65,26.56,1.0,1.0,5.88,8.85,2.0,2.0,11.76,17.7,0.0,0.0,0.0,0.0,0.0,0.0,0.0,0.0,1.0,1.0,5.88,8.85,0.0,0.0,0.0,0.0,41.18,52.94,-11.76,100.33,-2.0,-2.0,-11.76,4.07,4.07,0.44,0.44,0.5,0.25,,0.11,0.67,0.25,0.8,0.56,0.0,0.0,0.06,0.0,0.0
4,高雄全家海神,110|116|119|10891,胡瓏貿/呂威霆/余純安/廖偉皓,1,8,9.0,113.0,1.88,01:53,113.0,1.88,01:53,0.0,0.0,0.0,0.0,6.0,6.0,66.67,114.69,3.0,3.0,33.33,57.35,0.0,0.0,0.0,0.0,1.0,1.0,11.11,19.12,0.0,0.0,0.0,0.0,2.0,2.0,22.22,38.23,0.0,0.0,0.0,0.0,0.0,0.0,0.0,0.0,0.0,0.0,0.0,0.0,0.0,0.0,0.0,0.0,3.0,3.0,33.33,57.35,1.0,1.0,11.11,19.12,1.0,1.0,11.11,19.12,1.0,1.0,11.11,19.12,0.0,0.0,0.0,0.0,0.0,0.0,0.0,0.0,0.0,0.0,0.0,0.0,0.0,0.0,0.0,0.0,0.0,0.0,0.0,0.0,0.0,66.67,-66.67,114.69,-6.0,-6.0,-66.67,1.88,1.88,0.0,0.0,0.0,0.0,,0.25,,0.0,0.75,0.6,0.0,0.0,0.0,0.0,0.0
4,高雄全家海神,110|116|119|12908,胡瓏貿/呂威霆/余純安/布里茲克,1,8,9.0,113.0,1.88,01:53,113.0,1.88,01:53,0.0,0.0,0.0,0.0,6.0,6.0,66.67,114.69,3.0,3.0,33.33,57.35,0.0,0.0,0.0,0.0,1.0,1.0,11.11,19.12,0.0,0.0,0.0,0.0,2.0,2.0,22.22,38.23,0.0,0.0,0.0,0.0,0.0,0.0,0.0,0.0,0.0,0.0,0.0,0.0,0.0,0.0,0.0,0.0,3.0,3.0,33.33,57.35,1.0,1.0,11.11,19.12,1.0,1.0,11.11,19.12,1.0,1.0,11.11,19.12,0.0,0.0,0.0,0.0,0.0,0.0,0.0,0.0,0.0,0.0,0.0,0.0,0.0,0.0,0.0,0.0,0.0,0.0,0.0,0.0,0.0,66.67,-66.67,114.69,-6.0,-6.0,-66.67,1.88,1.88,0.0,0.0,0.0,0.0,,0.25,,0.0,0.75,0.6,0.0,0.0,0.0,0.0,0.0
4,高雄全家海神,110|119|10891|12908,胡瓏貿/余純安/廖偉皓/布里茲克,1,8,9.0,113.0,1.88,01:53,113.0,1.88,01:53,0.0,0.0,0.0,0.0,6.0,6.0,66.67,114.69,3.0,3.0,33.33,57.35,0.0,0.0,0.0,0.0,1.0,1.0,11.11,19.12,0.0,0.0,0.0,0.0,2.0,2.0,22.22,38.23,0.0,0.0,0.0,0.0,0.0,0.0,0.0,0.0,0.0,0.0,0.0,0.0,0.0,0.0,0.0,0.0,3.0,3.0,33.33,57.35,1.0,1.0,11.11,19.12,1.0,1.0,11.11,19.12,1.0,1.0,11.11,19.12,0.0,0.0,0.0,0.0,0.0,0.0,0.0,0.0,0.0,0.0,0.0,0.0,0.0,0.0,0.0,0.0,0.0,0.0,0.0,0.0,0.0,66.67,-66.67,114.69,-6.0,-6.0,-66.67,1.88,1.88,0.0,0.0,0.0,0.0,,0.25,,0.0,0.75,0.6,0.0,0.0,0.0,0.0,0.0
4,高雄全家海神,110|111|121|10891,胡瓏貿/唐維傑/吳曉謹/廖偉皓,1,6,6.0,77.16,1.29,01:17,77.16,1.29,01:17,2.0,2.0,33.33,55.99,4.0,4.0,66.67,111.98,2.0,2.0,33.33,55.99,0.0,0.0,0.0,0.0,1.0,1.0,16.67,27.99,0.0,0.0,0.0,0.0,1.0,1.0,16.67,27.99,0.0,0.0,0.0,0.0,2.0,2.0,33.33,55.99,2.0,2.0,33.33,55.99,0.0,0.0,0.0,0.0,2.0,2.0,33.33,55.99,0.0,0.0,0.0,0.0,1.0,1.0,16.67,27.99,0.0,0.0,0.0,0.0,0.0,0.0,0.0,0.0,0.0,0.0,0.0,0.0,0.0,0.0,0.0,0.0,1.0,1.0,16.67,27.99,0.0,0.0,0.0,0.0,33.33,66.67,-33.33,111.98,-2.0,-2.0,-33.33,1.29,1.29,0.0,0.35,0.0,0.0,1.0,0.0,,0.0,1.0,0.67,0.0,0.0,0.17,0.0,1.0
4,高雄全家海神,110|111|121|10894,胡瓏貿/唐維傑/吳曉謹/凱帝,1,6,6.0,77.16,1.29,01:17,77.16,1.29,01:17,2.0,2.0,33.33,55.99,4.0,4.0,66.67,111.98,2.0,2.0,33.33,55.99,0.0,0.0,0.0,0.0,1.0,1.0,16.67,27.99,0.0,0.0,0.0,0.0,1.0,1.0,16.67,27.99,0.0,0.0,0.0,0.0,2.0,2.0,33.33,55.99,2.0,2.0,33.33,55.99,0.0,0.0,0.0,0.0,2.0,2.0,33.33,55.99,0.0,0.0,0.0,0.0,1.0,1.0,16.67,27.99,0.0,0.0,0.0,0.0,0.0,0.0,0.0,0.0,0.0,0.0,0.0,0.0,0.0,0.0,0.0,0.0,1.0,1.0,16.67,27.99,0.0,0.0,0.0,0.0,33.33,66.67,-33.33,111.98,-2.0,-2.0,-33.33,1.29,1.29,0.0,0.35,0.0,0.0,1.0,0.0,,0.0,1.0,0.67,0.0,0.0,0.17,0.0,1.0
4,高雄全家海神,110|111|10891|10894,胡瓏貿/唐維傑/廖偉皓/凱帝,1,6,6.0,77.16,1.29,01:17,77.16,1.29,01:17,2.0,2.0,33.33,55.99,4.0,4.0,66.67,111.98,2.0,2.0,33.33,55.99,0.0,0.0,0.0,0.0,1.0,1.0,16.67,27.99,0.0,0.0,0.0,0.0,1.0,1.0,16.67,27.99,0.0,0.0,0.0,0.0,2.0,2.0,33.33,55.99,2.0,2.0,33.33,55.99,0.0,0.0,0.0,0.0,2.0,2.0,33.33,55.99,0.0,0.0,0.0,0.0,1.0,1.0,16.67,27.99,0.0,0.0,0.0,0.0,0.0,0.0,0.0,0.0,0.0,0.0,0.0,0.0,0.0,0.0,0.0,0.0,1.0,1.0,16.67,27.99,0.0,0.0,0.0,0.0,33.33,66.67,-33.33,111.98,-2.0,-2.0,-33.33,1.29,1.29,0.0,0.35,0.0,0.0,1.0,0.0,,0.0,1.0,0.67,0.0,0.0,0.17,0.0,1.0
4,高雄全家海神,111|121|10891|10894,唐維傑/吳曉謹/廖偉皓/凱帝,1,6,6.0,77.16,1.29,01:17,77.16,1.29,01:17,2.0,2.0,33.33,55.99,4.0,4.0,66.67,111.98,2.0,2.0,33.33,55.99,0.0,0.0,0.0,0.0,1.0,1.0,16.67,27.99,0.0,0.0,0.0,0.0,1.0,1.0,16.67,27.99,0.0,0.0,0.0,0.0,2.0,2.0,33.33,55.99,2.0,2.0,33.33,55.99,0.0,0.0,0.0,0.0,2.0,2.0,33.33,55.99,0.0,0.0,0.0,0.0,1.0,1.0,16.67,27.99,0.0,0.0,0.0,0.0,0.0,0.0,0.0,0.0,0.0,0.0,0.0,0.0,0.0,0.0,0.0,0.0,1.0,1.0,16.67,27.99,0.0,0.0,0.0,0.0,33.33,66.67,-33.33,111.98,-2.0,-2.0,-33.33,1.29,1.29,0.0,0.35,0.0,0.0,1.0,0.0,,0.0,1.0,0.67,0.0,0.0,0.17,0.0,1.0
4,高雄全家海神,111|116|121|10891,唐維傑/呂威霆/吳曉謹/廖偉皓,1,27,33.0,403.96,6.73,06:44,403.96,6.73,06:44,16.0,16.0,48.48,85.55,16.0,16.0,48.48,85.55,14.0,14.0,42.42,74.86,5.0,5.0,15.15,26.74,9.0,9.0,27.27,48.12,4.0,4.0,12.12,21.39,5.0,5.0,15.15,26.74,1.0,1.0,3.03,5.35,6.0,6.0,18.18,32.08,5.0,5.0,15.15,26.74,2.0,2.0,6.06,10.69,8.0,8.0,24.24,42.78,1.0,1.0,3.03,5.35,5.0,5.0,15.15,26.74,0.0,0.0,0.0,0.0,3.0,3.0,9.09,16.04,0.0,0.0,0.0,0.0,1.0,1.0,3.03,5.35,3.0,3.0,9.09,16.04,4.0,4.0,12.12,21.39,48.48,48.48,0.0,117.63,0.0,0.0,0.0,6.73,6.73,0.39,0.48,0.44,0.2,0.83,0.0,0.6,0.29,0.89,0.62,0.0,3.03,0.09,12.12,0.43
4,高雄全家海神,111|116|121|12908,唐維傑/呂威霆/吳曉謹/布里茲克,2,30,38.0,443.45,7.39,07:23,221.73,3.7,03:42,17.0,8.5,44.74,82.8,19.0,9.5,50.0,92.55,13.0,6.5,34.21,63.32,7.0,3.5,18.42,34.1,10.0,5.0,26.32,48.71,6.0,3.0,15.79,29.23,3.0,1.5,7.89,14.61,1.0,0.5,2.63,4.87,3.0,1.5,7.89,14.61,2.0,1.0,5.26,9.74,1.0,0.5,2.63,4.87,6.0,3.0,15.79,29.23,2.0,1.0,5.26,9.74,5.0,2.5,13.16,24.35,2.0,1.0,5.26,9.74,3.0,1.5,7.89,14.61,2.0,1.0,5.26,9.74,0.0,0.0,0.0,0.0,3.0,1.5,7.89,14.61,4.0,2.0,10.53,19.48,44.74,50.0,-5.26,123.39,-2.0,-1.0,-5.26,7.39,3.7,0.58,0.59,0.6,0.33,0.67,0.12,0.43,0.17,0.75,0.5,5.26,0.0,0.08,10.53,0.23
4,高雄全家海神,111|121|10891|12908,唐維傑/吳曉謹/廖偉皓/布里茲克,1,20,23.0,275.45,4.59,04:35,275.45,4.59,04:35,13.0,13.0,56.52,101.94,13.0,13.0,56.52,101.94,9.0,9.0,39.13,70.57,5.0,5.0,21.74,39.21,6.0,6.0,26.09,47.05,4.0,4.0,17.39,31.37,3.0,3.0,13.04,23.52,1.0,1.0,4.35,7.84,3.0,3.0,13.04,23.52,2.0,2.0,8.7,15.68,0.0,0.0,0.0,0.0,5.0,5.0,21.74,39.21,0.0,0.0,0.0,0.0,3.0,3.0,13.04,23.52,0.0,0.0,0.0,0.0,3.0,3.0,13.04,23.52,0.0,0.0,0.0,0.0,0.0,0.0,0.0,0.0,3.0,3.0,13.04,23.52,4.0,4.0,17.39,31.37,56.52,56.52,0.0,120.24,0.0,0.0,0.0,4.59,4.59,0.61,0.63,0.67,0.33,0.67,0.0,0.6,0.0,1.0,0.62,0.0,0.0,0.13,17.39,0.33
4,高雄全家海神,116|121|10891|12908,呂威霆/吳曉謹/廖偉皓/布里茲克,1,20,23.0,275.45,4.59,04:35,275.45,4.59,04:35,13.0,13.0,56.52,101.94,13.0,13.0,56.52,101.94,9.0,9.0,39.13,70.57,5.0,5.0,21.74,39.21,6.0,6.0,26.09,47.05,4.0,4.0,17.39,31.37,3.0,3.0,13.04,23.52,1.0,1.0,4.35,7.84,3.0,3.0,13.04,23.52,2.0,2.0,8.7,15.68,0.0,0.0,0.0,0.0,5.0,5.0,21.74,39.21,0.0,0.0,0.0,0.0,3.0,3.0,13.04,23.52,0.0,0.0,0.0,0.0,3.0,3.0,13.04,23.52,0.0,0.0,0.0,0.0,0.0,0.0,0.0,0.0,3.0,3.0,13.04,23.52,4.0,4.0,17.39,31.37,56.52,56.52,0.0,120.24,0.0,0.0,0.0,4.59,4.59,0.61,0.63,0.67,0.33,0.67,0.0,0.6,0.0,1.0,0.62,0.0,0.0,0.13,17.39,0.33
4,新北國王,21|29|32|10874,李愷諺/林書緯/奧帝/熊祥泰,4,35,44.0,608.19,10.14,10:08,152.05,2.53,02:32,26.0,6.5,59.09,92.34,20.0,5.0,45.45,71.03,16.0,4.0,36.36,56.82,9.0,2.25,20.45,31.96,9.0,2.25,20.45,31.96,7.0,1.75,15.91,24.86,7.0,1.75,15.91,24.86,2.0,0.5,4.55,7.1,6.0,1.5,13.64,21.31,5.0,1.25,11.36,17.76,5.0,1.25,11.36,17.76,3.0,0.75,6.82,10.65,1.0,0.25,2.27,3.55,5.0,1.25,11.36,17.76,4.0,1.0,9.09,14.21,5.0,1.25,11.36,17.76,3.0,0.75,6.82,10.65,0.0,0.0,0.0,0.0,7.0,1.75,15.91,24.86,2.0,0.5,4.55,7.1,59.09,45.45,13.64,104.18,6.0,1.5,13.64,10.14,2.53,0.62,0.7,0.78,0.29,0.83,0.18,0.56,0.5,0.75,0.57,6.82,0.0,0.16,4.55,0.38
4,新北國王,21|32|10874|13029,李愷諺/奧帝/熊祥泰/杰倫,2,16,19.0,241.33,4.02,04:01,120.67,2.01,02:01,10.0,5.0,52.63,89.5,13.0,6.5,68.42,116.35,5.0,2.5,26.32,44.75,3.0,1.5,15.79,26.85,2.0,1.0,10.53,17.9,2.0,1.0,10.53,17.9,3.0,1.5,15.79,26.85,1.0,0.5,5.26,8.95,4.0,2.0,21.05,35.8,3.0,1.5,15.79,26.85,2.0,1.0,10.53,17.9,1.0,0.5,5.26,8.95,0.0,0.0,0.0,0.0,1.0,0.5,5.26,8.95,3.0,1.5,15.79,26.85,3.0,1.5,15.79,26.85,2.0,1.0,10.53,17.9,0.0,0.0,0.0,0.0,3.0,1.5,15.79,26.85,2.0,1.0,10.53,17.9,52.63,68.42,-15.79,113.37,-3.0,-1.5,-15.79,4.02,2.01,0.7,0.74,1.0,0.33,0.75,0.31,1.0,0.67,1.0,0.75,10.53,0.0,0.16,10.53,0.8
4,新北國王,32|10872|10874|13029,奧帝/林彥廷/熊祥泰/杰倫,2,10,11.0,124.24,2.07,02:04,62.12,1.04,01:02,5.0,2.5,45.45,86.93,11.0,5.5,100.0,191.24,3.0,1.5,27.27,52.16,2.0,1.0,18.18,34.77,1.0,0.5,9.09,17.39,1.0,0.5,9.09,17.39,2.0,1.0,18.18,34.77,1.0,0.5,9.09,17.39,0.0,0.0,0.0,0.0,0.0,0.0,0.0,0.0,0.0,0.0,0.0,0.0,1.0,0.5,9.09,17.39,0.0,0.0,0.0,0.0,1.0,0.5,9.09,17.39,1.0,0.5,9.09,17.39,2.0,1.0,18.18,34.77,0.0,0.0,0.0,0.0,0.0,0.0,0.0,0.0,1.0,0.5,9.09,17.39,2.0,1.0,18.18,34.77,45.45,100.0,-54.55,127.49,-6.0,-3.0,-54.55,2.07,1.04,0.83,0.83,1.0,0.5,,0.25,1.0,0.0,1.0,0.5,0.0,0.0,0.09,18.18,0.0
4,高雄全家海神,111|116|121|123,唐維傑/呂威霆/吳曉謹/勤明慶,1,7,10.0,128.51,2.14,02:09,128.51,2.14,02:09,3.0,3.0,30.0,50.42,3.0,3.0,30.0,50.42,5.0,5.0,50.0,84.04,0.0,0.0,0.0,0.0,3.0,3.0,30.0,50.42,0.0,0.0,0.0,0.0,2.0,2.0,20.0,33.62,0.0,0.0,0.0,0.0,3.0,3.0,30.0,50.42,3.0,3.0,30.0,50.42,2.0,2.0,20.0,33.62,3.0,3.0,30.0,50.42,1.0,1.0,10.0,16.81,2.0,2.0,20.0,33.62,0.0,0.0,0.0,0.0,0.0,0.0,0.0,0.0,0.0,0.0,0.0,0.0,1.0,1.0,10.0,16.81,0.0,0.0,0.0,0.0,0.0,0.0,0.0,0.0,30.0,30.0,0.0,112.05,0.0,0.0,0.0,2.14,2.14,0.0,0.24,0.0,0.0,1.0,0.0,,0.5,0.75,0.62,0.0,10.0,0.0,0.0,0.6
4,高雄全家海神,111|121|123|10891,唐維傑/吳曉謹/勤明慶/廖偉皓,1,7,10.0,128.51,2.14,02:09,128.51,2.14,02:09,3.0,3.0,30.0,50.42,3.0,3.0,30.0,50.42,5.0,5.0,50.0,84.04,0.0,0.0,0.0,0.0,3.0,3.0,30.0,50.42,0.0,0.0,0.0,0.0,2.0,2.0,20.0,33.62,0.0,0.0,0.0,0.0,3.0,3.0,30.0,50.42,3.0,3.0,30.0,50.42,2.0,2.0,20.0,33.62,3.0,3.0,30.0,50.42,1.0,1.0,10.0,16.81,2.0,2.0,20.0,33.62,0.0,0.0,0.0,0.0,0.0,0.0,0.0,0.0,0.0,0.0,0.0,0.0,1.0,1.0,10.0,16.81,0.0,0.0,0.0,0.0,0.0,0.0,0.0,0.0,30.0,30.0,0.0,112.05,0.0,0.0,0.0,2.14,2.14,0.0,0.24,0.0,0.0,1.0,0.0,,0.5,0.75,0.62,0.0,10.0,0.0,0.0,0.6
4,高雄全家海神,116|121|123|10891,呂威霆/吳曉謹/勤明慶/廖偉皓,1,7,10.0,128.51,2.14,02:09,128.51,2.14,02:09,3.0,3.0,30.0,50.42,3.0,3.0,30.0,50.42,5.0,5.0,50.0,84.04,0.0,0.0,0.0,0.0,3.0,3.0,30.0,50.42,0.0,0.0,0.0,0.0,2.0,2.0,20.0,33.62,0.0,0.0,0.0,0.0,3.0,3.0,30.0,50.42,3.0,3.0,30.0,50.42,2.0,2.0,20.0,33.62,3.0,3.0,30.0,50.42,1.0,1.0,10.0,16.81,2.0,2.0,20.0,33.62,0.0,0.0,0.0,0.0,0.0,0.0,0.0,0.0,0.0,0.0,0.0,0.0,1.0,1.0,10.0,16.81,0.0,0.0,0.0,0.0,0.0,0.0,0.0,0.0,30.0,30.0,0.0,112.05,0.0,0.0,0.0,2.14,2.14,0.0,0.24,0.0,0.0,1.0,0.0,,0.5,0.75,0.62,0.0,10.0,0.0,0.0,0.6
4,新北中信特攻,38|47|104|10877,余維豪/曾文鼎/貝奇/阿巴西,1,14,15.0,216.67,3.61,03:37,216.67,3.61,03:37,12.0,12.0,80.0,119.63,12.0,12.0,80.0,119.63,6.0,6.0,40.0,59.82,4.0,4.0,26.67,39.88,3.0,3.0,20.0,29.91,2.0,2.0,13.33,19.94,3.0,3.0,20.0,29.91,2.0,2.0,13.33,19.94,0.0,0.0,0.0,0.0,0.0,0.0,0.0,0.0,1.0,1.0,6.67,9.97,1.0,1.0,6.67,9.97,0.0,0.0,0.0,0.0,2.0,2.0,13.33,19.94,1.0,1.0,6.67,9.97,4.0,4.0,26.67,39.88,1.0,1.0,6.67,9.97,0.0,0.0,0.0,0.0,3.0,3.0,20.0,29.91,0.0,0.0,0.0,0.0,80.0,80.0,0.0,99.69,0.0,0.0,0.0,3.61,3.61,0.83,1.0,0.67,0.67,,0.14,1.0,0.33,1.0,0.5,6.67,0.0,0.2,0.0,0.0
4,新北中信特攻,38|47|104|10881,余維豪/曾文鼎/貝奇/飛克,1,13,13.0,193.52,3.23,03:14,193.52,3.23,03:14,8.0,8.0,61.54,89.29,10.0,10.0,76.92,111.62,4.0,4.0,30.77,44.65,3.0,3.0,23.08,33.49,1.0,1.0,7.69,11.16,1.0,1.0,7.69,11.16,3.0,3.0,23.08,33.49,2.0,2.0,15.38,22.32,0.0,0.0,0.0,0.0,0.0,0.0,0.0,0.0,0.0,0.0,0.0,0.0,1.0,1.0,7.69,11.16,0.0,0.0,0.0,0.0,3.0,3.0,23.08,33.49,2.0,2.0,15.38,22.32,3.0,3.0,23.08,33.49,2.0,2.0,15.38,22.32,0.0,0.0,0.0,0.0,1.0,1.0,7.69,11.16,0.0,0.0,0.0,0.0,61.54,76.92,-15.38,96.74,-2.0,-2.0,-15.38,3.23,3.23,1.0,1.0,1.0,0.67,,0.33,1.0,0.0,1.0,0.25,15.38,0.0,0.08,0.0,0.0
4,新北中信特攻,38|47|10877|10881,余維豪/曾文鼎/阿巴西/飛克,1,10,10.0,150.0,2.5,02:30,150.0,2.5,02:30,8.0,8.0,80.0,115.2,10.0,10.0,100.0,144.0,4.0,4.0,40.0,57.6,3.0,3.0,30.0,43.2,1.0,1.0,10.0,14.4,1.0,1.0,10.0,14.4,3.0,3.0,30.0,43.2,2.0,2.0,20.0,28.8,0.0,0.0,0.0,0.0,0.0,0.0,0.0,0.0,0.0,0.0,0.0,0.0,1.0,1.0,10.0,14.4,0.0,0.0,0.0,0.0,1.0,1.0,10.0,14.4,1.0,1.0,10.0,14.4,3.0,3.0,30.0,43.2,1.0,1.0,10.0,14.4,0.0,0.0,0.0,0.0,1.0,1.0,10.0,14.4,0.0,0.0,0.0,0.0,80.0,100.0,-20.0,96.0,-2.0,-2.0,-20.0,2.5,2.5,1.0,1.0,1.0,0.67,,0.2,1.0,0.0,1.0,0.5,10.0,0.0,0.1,0.0,0.0
4,新北中信特攻,38|104|10877|10881,余維豪/貝奇/阿巴西/飛克,1,10,10.0,150.0,2.5,02:30,150.0,2.5,02:30,8.0,8.0,80.0,115.2,10.0,10.0,100.0,144.0,4.0,4.0,40.0,57.6,3.0,3.0,30.0,43.2,1.0,1.0,10.0,14.4,1.0,1.0,10.0,14.4,3.0,3.0,30.0,43.2,2.0,2.0,20.0,28.8,0.0,0.0,0.0,0.0,0.0,0.0,0.0,0.0,0.0,0.0,0.0,0.0,1.0,1.0,10.0,14.4,0.0,0.0,0.0,0.0,1.0,1.0,10.0,14.4,1.0,1.0,10.0,14.4,3.0,3.0,30.0,43.2,1.0,1.0,10.0,14.4,0.0,0.0,0.0,0.0,1.0,1.0,10.0,14.4,0.0,0.0,0.0,0.0,80.0,100.0,-20.0,96.0,-2.0,-2.0,-20.0,2.5,2.5,1.0,1.0,1.0,0.67,,0.2,1.0,0.0,1.0,0.5,10.0,0.0,0.1,0.0,0.0
4,福爾摩沙夢想家,77|103|106|10890,馬建豪/忻沃克/高柏鎧/湯普金斯,2,17,19.0,212.97,3.55,03:33,106.49,1.77,01:46,5.0,2.5,26.32,50.71,14.0,7.0,73.68,141.99,2.0,1.0,10.53,20.28,1.0,0.5,5.26,10.14,2.0,1.0,10.53,20.28,1.0,0.5,5.26,10.14,0.0,0.0,0.0,0.0,0.0,0.0,0.0,0.0,3.0,1.5,15.79,30.43,3.0,1.5,15.79,30.43,0.0,0.0,0.0,0.0,1.0,0.5,5.26,10.14,2.0,1.0,10.53,20.28,1.0,0.5,5.26,10.14,4.0,2.0,21.05,40.57,1.0,0.5,5.26,10.14,2.0,1.0,10.53,20.28,0.0,0.0,0.0,0.0,2.0,1.0,10.53,20.28,0.0,0.0,0.0,0.0,26.32,73.68,-47.37,128.47,-9.0,-4.5,-47.37,3.55,1.77,0.5,0.75,0.5,,1.0,0.55,1.0,0.0,0.33,0.25,10.53,0.0,0.11,0.0,1.5
4,新北中信特攻,43|48|104|113,林韋翰/李沛澄/貝奇/林任鴻,1,13,13.0,189.62,3.16,03:10,189.62,3.16,03:10,6.0,6.0,46.15,68.35,11.0,11.0,84.62,125.3,5.0,5.0,38.46,56.95,2.0,2.0,15.38,22.78,1.0,1.0,7.69,11.39,1.0,1.0,7.69,11.39,4.0,4.0,30.77,45.56,1.0,1.0,7.69,11.39,2.0,2.0,15.38,22.78,1.0,1.0,7.69,11.39,0.0,0.0,0.0,0.0,4.0,4.0,30.77,45.56,0.0,0.0,0.0,0.0,1.0,1.0,7.69,11.39,1.0,1.0,7.69,11.39,2.0,2.0,15.38,22.78,1.0,1.0,7.69,11.39,0.0,0.0,0.0,0.0,2.0,2.0,15.38,22.78,0.0,0.0,0.0,0.0,46.15,84.62,-38.46,98.72,-5.0,-5.0,-38.46,3.16,3.16,0.5,0.51,1.0,0.25,0.5,0.15,1.0,0.0,1.0,0.8,7.69,0.0,0.15,0.0,0.4
4,新北中信特攻,43|48|104|10880,林韋翰/李沛澄/貝奇/內馬,2,17,18.0,237.62,3.96,03:58,118.81,1.98,01:59,6.0,3.0,33.33,54.54,15.0,7.5,83.33,136.35,5.0,2.5,27.78,45.45,2.0,1.0,11.11,18.18,1.0,0.5,5.56,9.09,1.0,0.5,5.56,9.09,4.0,2.0,22.22,36.36,1.0,0.5,5.56,9.09,2.0,1.0,11.11,18.18,1.0,0.5,5.56,9.09,0.0,0.0,0.0,0.0,4.0,2.0,22.22,36.36,1.0,0.5,5.56,9.09,2.0,1.0,11.11,18.18,2.0,1.0,11.11,18.18,2.0,1.0,11.11,18.18,2.0,1.0,11.11,18.18,0.0,0.0,0.0,0.0,2.0,1.0,11.11,18.18,0.0,0.0,0.0,0.0,33.33,83.33,-50.0,109.08,-9.0,-4.5,-50.0,3.96,1.98,0.5,0.51,1.0,0.25,0.5,0.25,1.0,0.0,0.8,0.57,11.11,0.0,0.11,0.0,0.4
4,新北中信特攻,43|48|113|10880,林韋翰/李沛澄/林任鴻/內馬,1,13,13.0,189.62,3.16,03:10,189.62,3.16,03:10,6.0,6.0,46.15,68.35,11.0,11.0,84.62,125.3,5.0,5.0,38.46,56.95,2.0,2.0,15.38,22.78,1.0,1.0,7.69,11.39,1.0,1.0,7.69,11.39,4.0,4.0,30.77,45.56,1.0,1.0,7.69,11.39,2.0,2.0,15.38,22.78,1.0,1.0,7.69,11.39,0.0,0.0,0.0,0.0,4.0,4.0,30.77,45.56,0.0,0.0,0.0,0.0,1.0,1.0,7.69,11.39,1.0,1.0,7.69,11.39,2.0,2.0,15.38,22.78,1.0,1.0,7.69,11.39,0.0,0.0,0.0,0.0,2.0,2.0,15.38,22.78,0.0,0.0,0.0,0.0,46.15,84.62,-38.46,98.72,-5.0,-5.0,-38.46,3.16,3.16,0.5,0.51,1.0,0.25,0.5,0.15,1.0,0.0,1.0,0.8,7.69,0.0,0.15,0.0,0.4
4,新北中信特攻,43|104|113|10880,林韋翰/貝奇/林任鴻/內馬,1,13,13.0,189.62,3.16,03:10,189.62,3.16,03:10,6.0,6.0,46.15,68.35,11.0,11.0,84.62,125.3,5.0,5.0,38.46,56.95,2.0,2.0,15.38,22.78,1.0,1.0,7.69,11.39,1.0,1.0,7.69,11.39,4.0,4.0,30.77,45.56,1.0,1.0,7.69,11.39,2.0,2.0,15.38,22.78,1.0,1.0,7.69,11.39,0.0,0.0,0.0,0.0,4.0,4.0,30.77,45.56,0.0,0.0,0.0,0.0,1.0,1.0,7.69,11.39,1.0,1.0,7.69,11.39,2.0,2.0,15.38,22.78,1.0,1.0,7.69,11.39,0.0,0.0,0.0,0.0,2.0,2.0,15.38,22.78,0.0,0.0,0.0,0.0,46.15,84.62,-38.46,98.72,-5.0,-5.0,-38.46,3.16,3.16,0.5,0.51,1.0,0.25,0.5,0.15,1.0,0.0,1.0,0.8,7.69,0.0,0.15,0.0,0.4
4,新北中信特攻,48|104|113|10880,李沛澄/貝奇/林任鴻/內馬,2,14,14.0,201.62,3.36,03:22,100.81,1.68,01:41,6.0,3.0,42.86,64.28,12.0,6.0,85.71,128.56,5.0,2.5,35.71,53.57,2.0,1.0,14.29,21.43,1.0,0.5,7.14,10.71,1.0,0.5,7.14,10.71,4.0,2.0,28.57,42.85,1.0,0.5,7.14,10.71,2.0,1.0,14.29,21.43,1.0,0.5,7.14,10.71,0.0,0.0,0.0,0.0,4.0,2.0,28.57,42.85,0.0,0.0,0.0,0.0,1.0,0.5,7.14,10.71,1.0,0.5,7.14,10.71,2.0,1.0,14.29,21.43,1.0,0.5,7.14,10.71,0.0,0.0,0.0,0.0,3.0,1.5,21.43,32.14,2.0,1.0,14.29,21.43,42.86,85.71,-42.86,99.99,-6.0,-3.0,-42.86,3.36,1.68,0.5,0.51,1.0,0.25,0.5,0.15,1.0,0.0,1.0,0.8,7.14,0.0,0.21,14.29,0.4
4,新北中信特攻,43|48|10877|10880,林韋翰/李沛澄/阿巴西/內馬,4,62,64.0,849.1,14.15,14:09,212.28,3.54,03:32,38.0,9.5,59.38,96.67,34.0,8.5,53.12,86.49,24.0,6.0,37.5,61.05,13.0,3.25,20.31,33.07,18.0,4.5,28.12,45.79,11.0,2.75,17.19,27.98,6.0,1.5,9.38,15.26,2.0,0.5,3.12,5.09,11.0,2.75,17.19,27.98,10.0,2.5,15.62,25.44,2.0,0.5,3.12,5.09,8.0,2.0,12.5,20.35,0.0,0.0,0.0,0.0,7.0,1.75,10.94,17.81,5.0,1.25,7.81,12.72,5.0,1.25,7.81,12.72,3.0,0.75,4.69,7.63,1.0,0.25,1.56,2.54,8.0,2.0,12.5,20.35,8.0,2.0,12.5,20.35,59.38,53.12,6.25,108.54,4.0,1.0,6.25,14.15,3.54,0.58,0.66,0.61,0.33,0.91,0.15,0.38,0.22,1.0,0.59,4.69,1.56,0.12,12.5,0.46
4,新北中信特攻,43|104|10877|10880,林韋翰/貝奇/阿巴西/內馬,5,66,77.0,1089.19,18.15,18:09,217.84,3.63,03:38,36.0,7.2,46.75,71.39,39.0,7.8,50.65,77.34,25.0,5.0,32.47,49.58,12.0,2.4,15.58,23.8,12.0,2.4,15.58,23.8,7.0,1.4,9.09,13.88,13.0,2.6,16.88,25.78,5.0,1.0,6.49,9.92,10.0,2.0,12.99,19.83,5.0,1.0,6.49,9.92,4.0,0.8,5.19,7.93,11.0,2.2,14.29,21.81,6.0,1.2,7.79,11.9,11.0,2.2,14.29,21.81,8.0,1.6,10.39,15.86,8.0,1.6,10.39,15.86,5.0,1.0,6.49,9.92,1.0,0.2,1.3,1.98,6.0,1.2,7.79,11.9,15.0,3.0,19.48,29.75,46.75,50.65,-3.9,101.8,-3.0,-0.6,-3.9,18.15,3.63,0.58,0.61,0.58,0.38,0.5,0.21,0.67,0.27,0.65,0.47,6.49,1.3,0.08,19.48,0.4
4,新北中信特攻,48|104|10877|10880,李沛澄/貝奇/阿巴西/內馬,1,7,8.0,98.0,1.63,01:38,98.0,1.63,01:38,0.0,0.0,0.0,0.0,4.0,4.0,50.0,88.16,2.0,2.0,25.0,44.08,0.0,0.0,0.0,0.0,1.0,1.0,12.5,22.04,0.0,0.0,0.0,0.0,1.0,1.0,12.5,22.04,0.0,0.0,0.0,0.0,0.0,0.0,0.0,0.0,0.0,0.0,0.0,0.0,0.0,0.0,0.0,0.0,2.0,2.0,25.0,44.08,1.0,1.0,12.5,22.04,1.0,1.0,12.5,22.04,1.0,1.0,12.5,22.04,0.0,0.0,0.0,0.0,1.0,1.0,12.5,22.04,0.0,0.0,0.0,0.0,1.0,1.0,12.5,22.04,0.0,0.0,0.0,0.0,0.0,50.0,-50.0,117.55,-4.0,-4.0,-50.0,1.63,1.63,0.0,0.0,0.0,0.0,,0.33,,0.0,0.67,0.5,12.5,0.0,0.12,0.0,0.0
4,新北中信特攻,39|48|104|10877,魏嘉豪/李沛澄/貝奇/阿巴西,1,4,5.0,75.0,1.25,01:15,75.0,1.25,01:15,0.0,0.0,0.0,0.0,2.0,2.0,40.0,57.6,2.0,2.0,40.0,57.6,0.0,0.0,0.0,0.0,1.0,1.0,20.0,28.8,0.0,0.0,0.0,0.0,1.0,1.0,20.0,28.8,0.0,0.0,0.0,0.0,0.0,0.0,0.0,0.0,0.0,0.0,0.0,0.0,0.0,0.0,0.0,0.0,2.0,2.0,40.0,57.6,1.0,1.0,20.0,28.8,0.0,0.0,0.0,0.0,0.0,0.0,0.0,0.0,0.0,0.0,0.0,0.0,0.0,0.0,0.0,0.0,0.0,0.0,0.0,0.0,1.0,1.0,20.0,28.8,0.0,0.0,0.0,0.0,0.0,40.0,-40.0,96.0,-2.0,-2.0,-40.0,1.25,1.25,0.0,0.0,0.0,0.0,,0.0,,,0.67,0.67,0.0,0.0,0.2,0.0,0.0
4,新北中信特攻,39|48|104|10880,魏嘉豪/李沛澄/貝奇/內馬,3,19,25.0,305.02,5.08,05:05,101.67,1.69,01:42,11.0,3.67,44.0,77.9,7.0,2.33,28.0,49.57,12.0,4.0,48.0,84.98,4.0,1.33,16.0,28.33,4.0,1.33,16.0,28.33,1.0,0.33,4.0,7.08,8.0,2.67,32.0,56.65,3.0,1.0,12.0,21.24,1.0,0.33,4.0,7.08,0.0,0.0,0.0,0.0,4.0,1.33,16.0,28.33,4.0,1.33,16.0,28.33,1.0,0.33,4.0,7.08,2.0,0.67,8.0,14.16,2.0,0.67,8.0,14.16,3.0,1.0,12.0,21.24,1.0,0.33,4.0,7.08,0.0,0.0,0.0,0.0,1.0,0.33,4.0,7.08,1.0,0.33,4.0,7.08,44.0,28.0,16.0,118.03,4.0,1.33,16.0,5.08,1.69,0.46,0.44,0.25,0.38,0.0,0.14,0.75,0.67,0.8,0.73,4.0,0.0,0.04,4.0,0.08
4,新北中信特攻,39|104|10877|10880,魏嘉豪/貝奇/阿巴西/內馬,5,79,93.0,1218.45,20.31,20:18,243.69,4.06,04:04,39.0,7.8,41.94,69.14,38.0,7.6,40.86,67.36,40.0,8.0,43.01,70.91,16.0,3.2,17.2,28.36,24.0,4.8,25.81,42.55,12.0,2.4,12.9,21.27,16.0,3.2,17.2,28.36,4.0,0.8,4.3,7.09,5.0,1.0,5.38,8.86,3.0,0.6,3.23,5.32,7.0,1.4,7.53,12.41,18.0,3.6,19.35,31.91,3.0,0.6,3.23,5.32,14.0,2.8,15.05,24.82,3.0,0.6,3.23,5.32,10.0,2.0,10.75,17.73,2.0,0.4,2.15,3.55,2.0,0.4,2.15,3.55,5.0,1.0,5.38,8.86,11.0,2.2,11.83,19.5,41.94,40.86,1.08,109.91,1.0,0.2,1.08,20.31,4.06,0.45,0.46,0.5,0.25,0.6,0.07,0.62,0.33,0.86,0.6,2.15,2.15,0.05,11.83,0.12
4,新北中信特攻,43|47|10879|10880,林韋翰/曾文鼎/簡廷兆/內馬,5,64,77.0,1004.88,16.75,16:45,200.98,3.35,03:21,24.0,4.8,31.17,51.59,23.0,4.6,29.87,49.44,28.0,5.6,36.36,60.19,9.0,1.8,11.69,19.35,12.0,2.4,15.58,25.79,6.0,1.2,7.79,12.9,16.0,3.2,20.78,34.39,3.0,0.6,3.9,6.45,5.0,1.0,6.49,10.75,3.0,0.6,3.9,6.45,6.0,1.2,7.79,12.9,14.0,2.8,18.18,30.09,4.0,0.8,5.19,8.6,15.0,3.0,19.48,32.24,8.0,1.6,10.39,17.2,8.0,1.6,10.39,17.2,4.0,0.8,5.19,8.6,0.0,0.0,0.0,0.0,5.0,1.0,6.49,10.75,7.0,1.4,9.09,15.05,31.17,29.87,1.3,110.34,1.0,0.2,1.3,16.75,3.35,0.38,0.4,0.5,0.19,0.6,0.21,0.89,0.29,0.78,0.51,5.19,0.0,0.06,9.09,0.18
4,新北中信特攻,43|47|10879|10881,林韋翰/曾文鼎/簡廷兆/飛克,3,15,20.0,240.16,4.0,04:00,80.05,1.33,01:20,7.0,2.33,35.0,62.96,8.0,2.67,40.0,71.95,7.0,2.33,35.0,62.96,1.0,0.33,5.0,8.99,3.0,1.0,15.0,26.98,0.0,0.0,0.0,0.0,4.0,1.33,20.0,35.98,1.0,0.33,5.0,8.99,6.0,2.0,30.0,53.96,4.0,1.33,20.0,35.98,3.0,1.0,15.0,26.98,3.0,1.0,15.0,26.98,2.0,0.67,10.0,17.99,3.0,1.0,15.0,26.98,1.0,0.33,5.0,8.99,2.0,0.67,10.0,17.99,1.0,0.33,5.0,8.99,0.0,0.0,0.0,0.0,3.0,1.0,15.0,26.98,2.0,0.67,10.0,17.99,35.0,40.0,-5.0,119.92,-1.0,-0.33,-5.0,4.0,1.33,0.21,0.36,0.0,0.25,0.67,0.09,2.0,0.5,0.6,0.55,5.0,0.0,0.15,10.0,0.86
4,新北中信特攻,39|47|113|10880,魏嘉豪/曾文鼎/林任鴻/內馬,1,1,1.0,10.0,0.17,00:10,10.0,0.17,00:10,0.0,0.0,0.0,0.0,3.0,3.0,300.0,648.0,0.0,0.0,0.0,0.0,0.0,0.0,0.0,0.0,0.0,0.0,0.0,0.0,0.0,0.0,0.0,0.0,0.0,0.0,0.0,0.0,0.0,0.0,0.0,0.0,0.0,0.0,0.0,0.0,0.0,0.0,0.0,0.0,0.0,0.0,0.0,0.0,0.0,0.0,0.0,0.0,0.0,0.0,0.0,0.0,0.0,0.0,0.0,0.0,0.0,0.0,0.0,0.0,0.0,0.0,0.0,0.0,0.0,0.0,0.0,0.0,0.0,0.0,0.0,0.0,0.0,0.0,0.0,0.0,0.0,0.0,0.0,0.0,0.0,300.0,-300.0,144.0,-3.0,-3.0,-300.0,0.17,0.17,,,,,,,,,,,0.0,0.0,0.0,0.0,
4,新北中信特攻,47|113|10880|10881,曾文鼎/林任鴻/內馬/飛克,1,1,1.0,10.0,0.17,00:10,10.0,0.17,00:10,0.0,0.0,0.0,0.0,3.0,3.0,300.0,648.0,0.0,0.0,0.0,0.0,0.0,0.0,0.0,0.0,0.0,0.0,0.0,0.0,0.0,0.0,0.0,0.0,0.0,0.0,0.0,0.0,0.0,0.0,0.0,0.0,0.0,0.0,0.0,0.0,0.0,0.0,0.0,0.0,0.0,0.0,0.0,0.0,0.0,0.0,0.0,0.0,0.0,0.0,0.0,0.0,0.0,0.0,0.0,0.0,0.0,0.0,0.0,0.0,0.0,0.0,0.0,0.0,0.0,0.0,0.0,0.0,0.0,0.0,0.0,0.0,0.0,0.0,0.0,0.0,0.0,0.0,0.0,0.0,0.0,300.0,-300.0,144.0,-3.0,-3.0,-300.0,0.17,0.17,,,,,,,,,,,0.0,0.0,0.0,0.0,
4,福爾摩沙夢想家,73|79|89|10890,陳振傑/張宗憲/蔣淯安/湯普金斯,1,3,3.0,73.0,1.22,01:13,73.0,1.22,01:13,0.0,0.0,0.0,0.0,5.0,5.0,166.67,147.95,1.0,1.0,33.33,29.59,0.0,0.0,0.0,0.0,1.0,1.0,33.33,29.59,0.0,0.0,0.0,0.0,0.0,0.0,0.0,0.0,0.0,0.0,0.0,0.0,0.0,0.0,0.0,0.0,0.0,0.0,0.0,0.0,0.0,0.0,0.0,0.0,1.0,1.0,33.33,29.59,0.0,0.0,0.0,0.0,0.0,0.0,0.0,0.0,0.0,0.0,0.0,0.0,0.0,0.0,0.0,0.0,0.0,0.0,0.0,0.0,0.0,0.0,0.0,0.0,1.0,1.0,33.33,29.59,2.0,2.0,66.67,59.18,0.0,166.67,-166.67,59.18,-5.0,-5.0,-166.67,1.22,1.22,0.0,0.0,0.0,,,0.0,,,1.0,1.0,0.0,0.0,0.33,66.67,0.0
4,福爾摩沙夢想家,73|79|107|10890,陳振傑/張宗憲/霍爾曼/湯普金斯,1,3,3.0,73.0,1.22,01:13,73.0,1.22,01:13,0.0,0.0,0.0,0.0,5.0,5.0,166.67,147.95,1.0,1.0,33.33,29.59,0.0,0.0,0.0,0.0,1.0,1.0,33.33,29.59,0.0,0.0,0.0,0.0,0.0,0.0,0.0,0.0,0.0,0.0,0.0,0.0,0.0,0.0,0.0,0.0,0.0,0.0,0.0,0.0,0.0,0.0,0.0,0.0,1.0,1.0,33.33,29.59,0.0,0.0,0.0,0.0,0.0,0.0,0.0,0.0,0.0,0.0,0.0,0.0,0.0,0.0,0.0,0.0,0.0,0.0,0.0,0.0,0.0,0.0,0.0,0.0,1.0,1.0,33.33,29.59,2.0,2.0,66.67,59.18,0.0,166.67,-166.67,59.18,-5.0,-5.0,-166.67,1.22,1.22,0.0,0.0,0.0,,,0.0,,,1.0,1.0,0.0,0.0,0.33,66.67,0.0
4,福爾摩沙夢想家,73|79|86|106,陳振傑/張宗憲/林俊吉/高柏鎧,1,7,7.0,86.33,1.44,01:26,86.33,1.44,01:26,5.0,5.0,71.43,125.1,3.0,3.0,42.86,75.06,1.0,1.0,14.29,25.02,1.0,1.0,14.29,25.02,0.0,0.0,0.0,0.0,0.0,0.0,0.0,0.0,1.0,1.0,14.29,25.02,1.0,1.0,14.29,25.02,2.0,2.0,28.57,50.04,2.0,2.0,28.57,50.04,0.0,0.0,0.0,0.0,0.0,0.0,0.0,0.0,0.0,0.0,0.0,0.0,1.0,1.0,14.29,25.02,2.0,2.0,28.57,50.04,2.0,2.0,28.57,50.04,1.0,1.0,14.29,25.02,0.0,0.0,0.0,0.0,0.0,0.0,0.0,0.0,0.0,0.0,0.0,0.0,71.43,42.86,28.57,116.76,2.0,2.0,28.57,1.44,1.44,1.5,1.33,,1.0,1.0,0.52,2.0,0.0,,0.0,14.29,0.0,0.0,0.0,2.0
4,福爾摩沙夢想家,73|79|86|10890,陳振傑/張宗憲/林俊吉/湯普金斯,1,7,7.0,86.33,1.44,01:26,86.33,1.44,01:26,5.0,5.0,71.43,125.1,3.0,3.0,42.86,75.06,1.0,1.0,14.29,25.02,1.0,1.0,14.29,25.02,0.0,0.0,0.0,0.0,0.0,0.0,0.0,0.0,1.0,1.0,14.29,25.02,1.0,1.0,14.29,25.02,2.0,2.0,28.57,50.04,2.0,2.0,28.57,50.04,0.0,0.0,0.0,0.0,0.0,0.0,0.0,0.0,0.0,0.0,0.0,0.0,1.0,1.0,14.29,25.02,2.0,2.0,28.57,50.04,2.0,2.0,28.57,50.04,1.0,1.0,14.29,25.02,0.0,0.0,0.0,0.0,0.0,0.0,0.0,0.0,0.0,0.0,0.0,0.0,71.43,42.86,28.57,116.76,2.0,2.0,28.57,1.44,1.44,1.5,1.33,,1.0,1.0,0.52,2.0,0.0,,0.0,14.29,0.0,0.0,0.0,2.0
4,福爾摩沙夢想家,73|79|106|10890,陳振傑/張宗憲/高柏鎧/湯普金斯,1,7,7.0,86.33,1.44,01:26,86.33,1.44,01:26,5.0,5.0,71.43,125.1,3.0,3.0,42.86,75.06,1.0,1.0,14.29,25.02,1.0,1.0,14.29,25.02,0.0,0.0,0.0,0.0,0.0,0.0,0.0,0.0,1.0,1.0,14.29,25.02,1.0,1.0,14.29,25.02,2.0,2.0,28.57,50.04,2.0,2.0,28.57,50.04,0.0,0.0,0.0,0.0,0.0,0.0,0.0,0.0,0.0,0.0,0.0,0.0,1.0,1.0,14.29,25.02,2.0,2.0,28.57,50.04,2.0,2.0,28.57,50.04,1.0,1.0,14.29,25.02,0.0,0.0,0.0,0.0,0.0,0.0,0.0,0.0,0.0,0.0,0.0,0.0,71.43,42.86,28.57,116.76,2.0,2.0,28.57,1.44,1.44,1.5,1.33,,1.0,1.0,0.52,2.0,0.0,,0.0,14.29,0.0,0.0,0.0,2.0
4,福爾摩沙夢想家,73|86|106|10890,陳振傑/林俊吉/高柏鎧/湯普金斯,1,21,23.0,317.33,5.29,05:17,317.33,5.29,05:17,12.0,12.0,52.17,81.68,7.0,7.0,30.43,47.65,8.0,8.0,34.78,54.45,4.0,4.0,17.39,27.23,4.0,4.0,17.39,27.23,3.0,3.0,13.04,20.42,4.0,4.0,17.39,27.23,1.0,1.0,4.35,6.81,3.0,3.0,13.04,20.42,3.0,3.0,13.04,20.42,0.0,0.0,0.0,0.0,4.0,4.0,17.39,27.23,1.0,1.0,4.35,6.81,5.0,5.0,21.74,34.03,2.0,2.0,8.7,13.61,3.0,3.0,13.04,20.42,1.0,1.0,4.35,6.81,0.0,0.0,0.0,0.0,1.0,1.0,4.35,6.81,2.0,2.0,8.7,13.61,52.17,30.43,21.74,104.37,5.0,5.0,21.74,5.29,5.29,0.56,0.64,0.75,0.25,1.0,0.18,0.75,0.0,0.8,0.4,4.35,0.0,0.04,8.7,0.38
4,福爾摩沙夢想家,73|77|86|106,陳振傑/馬建豪/林俊吉/高柏鎧,1,14,16.0,231.0,3.85,03:51,231.0,3.85,03:51,7.0,7.0,43.75,65.45,4.0,4.0,25.0,37.4,7.0,7.0,43.75,65.45,3.0,3.0,18.75,28.05,4.0,4.0,25.0,37.4,3.0,3.0,18.75,28.05,3.0,3.0,18.75,28.05,0.0,0.0,0.0,0.0,1.0,1.0,6.25,9.35,1.0,1.0,6.25,9.35,0.0,0.0,0.0,0.0,4.0,4.0,25.0,37.4,1.0,1.0,6.25,9.35,4.0,4.0,25.0,37.4,0.0,0.0,0.0,0.0,1.0,1.0,6.25,9.35,0.0,0.0,0.0,0.0,0.0,0.0,0.0,0.0,1.0,1.0,6.25,9.35,2.0,2.0,12.5,18.7,43.75,25.0,18.75,99.74,3.0,3.0,18.75,3.85,3.85,0.43,0.47,0.75,0.0,1.0,0.0,0.33,0.0,0.8,0.44,0.0,0.0,0.06,12.5,0.14
4,福爾摩沙夢想家,73|77|106|10890,陳振傑/馬建豪/高柏鎧/湯普金斯,1,14,16.0,231.0,3.85,03:51,231.0,3.85,03:51,7.0,7.0,43.75,65.45,4.0,4.0,25.0,37.4,7.0,7.0,43.75,65.45,3.0,3.0,18.75,28.05,4.0,4.0,25.0,37.4,3.0,3.0,18.75,28.05,3.0,3.0,18.75,28.05,0.0,0.0,0.0,0.0,1.0,1.0,6.25,9.35,1.0,1.0,6.25,9.35,0.0,0.0,0.0,0.0,4.0,4.0,25.0,37.4,1.0,1.0,6.25,9.35,4.0,4.0,25.0,37.4,0.0,0.0,0.0,0.0,1.0,1.0,6.25,9.35,0.0,0.0,0.0,0.0,0.0,0.0,0.0,0.0,1.0,1.0,6.25,9.35,2.0,2.0,12.5,18.7,43.75,25.0,18.75,99.74,3.0,3.0,18.75,3.85,3.85,0.43,0.47,0.75,0.0,1.0,0.0,0.33,0.0,0.8,0.44,0.0,0.0,0.06,12.5,0.14
4,新北中信特攻,43|47|104|10880,林韋翰/曾文鼎/貝奇/內馬,6,82,98.0,1352.72,22.55,22:33,225.45,3.76,03:45,32.0,5.33,32.65,51.1,31.0,5.17,31.63,49.5,37.0,6.17,37.76,59.08,14.0,2.33,14.29,22.36,16.0,2.67,16.33,25.55,10.0,1.67,10.2,15.97,21.0,3.5,21.43,33.53,4.0,0.67,4.08,6.39,3.0,0.5,3.06,4.79,0.0,0.0,0.0,0.0,5.0,0.83,5.1,7.98,19.0,3.17,19.39,30.34,6.0,1.0,6.12,9.58,19.0,3.17,19.39,30.34,10.0,1.67,10.2,15.97,12.0,2.0,12.24,19.16,4.0,0.67,4.08,6.39,1.0,0.17,1.02,1.6,6.0,1.0,6.12,9.58,10.0,1.67,10.2,15.97,32.65,31.63,1.02,104.32,1.0,0.17,1.02,22.55,3.76,0.43,0.42,0.62,0.19,0.0,0.21,0.86,0.21,0.76,0.49,4.08,1.02,0.06,10.2,0.08
4,新北中信特攻,43|47|10877|10880,林韋翰/曾文鼎/阿巴西/內馬,6,50,59.0,807.84,13.46,13:28,134.64,2.24,02:15,29.0,4.83,49.15,77.54,37.0,6.17,62.71,98.93,23.0,3.83,38.98,61.5,11.0,1.83,18.64,29.41,13.0,2.17,22.03,34.76,9.0,1.5,15.25,24.06,10.0,1.67,16.95,26.74,2.0,0.33,3.39,5.35,5.0,0.83,8.47,13.37,5.0,0.83,8.47,13.37,1.0,0.17,1.69,2.67,10.0,1.67,16.95,26.74,6.0,1.0,10.17,16.04,4.0,0.67,6.78,10.7,2.0,0.33,3.39,5.35,7.0,1.17,11.86,18.72,0.0,0.0,0.0,0.0,1.0,0.17,1.69,2.67,4.0,0.67,6.78,10.7,7.0,1.17,11.86,18.72,49.15,62.71,-13.56,105.17,-8.0,-1.33,-13.56,13.46,2.24,0.52,0.58,0.69,0.2,1.0,0.07,0.64,0.2,0.62,0.52,0.0,1.69,0.07,11.86,0.22
4,新北中信特攻,47|104|10877|10880,曾文鼎/貝奇/阿巴西/內馬,3,44,49.0,782.67,13.04,13:03,260.89,4.35,04:21,22.0,7.33,44.9,60.72,20.0,6.67,40.82,55.2,18.0,6.0,36.73,49.68,8.0,2.67,16.33,22.08,12.0,4.0,24.49,33.12,6.0,2.0,12.24,16.56,6.0,2.0,12.24,16.56,2.0,0.67,4.08,5.52,4.0,1.33,8.16,11.04,2.0,0.67,4.08,5.52,1.0,0.33,2.04,2.76,10.0,3.33,20.41,27.6,3.0,1.0,6.12,8.28,12.0,4.0,24.49,33.12,3.0,1.0,6.12,8.28,6.0,2.0,12.24,16.56,0.0,0.0,0.0,0.0,2.0,0.67,4.08,5.52,5.0,1.67,10.2,13.8,5.0,1.67,10.2,13.8,44.9,40.82,4.08,90.15,2.0,0.67,4.08,13.04,4.35,0.5,0.56,0.5,0.33,0.5,0.13,0.75,0.08,0.77,0.42,0.0,4.08,0.1,10.2,0.22
4,新北中信特攻,43|47|104|10879,林韋翰/曾文鼎/貝奇/簡廷兆,7,92,112.0,1714.06,28.57,28:34,244.87,4.08,04:05,39.0,5.57,34.82,49.15,34.0,4.86,30.36,42.85,40.0,5.71,35.71,50.41,14.0,2.0,12.5,17.64,17.0,2.43,15.18,21.42,10.0,1.43,8.93,12.6,23.0,3.29,20.54,28.98,4.0,0.57,3.57,5.04,9.0,1.29,8.04,11.34,7.0,1.0,6.25,8.82,9.0,1.29,8.04,11.34,16.0,2.29,14.29,20.16,7.0,1.0,6.25,8.82,20.0,2.86,17.86,25.2,11.0,1.57,9.82,13.86,10.0,1.43,8.93,12.6,6.0,0.86,5.36,7.56,0.0,0.0,0.0,0.0,8.0,1.14,7.14,10.08,9.0,1.29,8.04,11.34,34.82,30.36,4.46,94.09,5.0,0.71,4.46,28.57,4.08,0.4,0.44,0.59,0.17,0.78,0.2,0.71,0.31,0.7,0.48,5.36,0.0,0.07,8.04,0.22
4,新北中信特攻,43|104|10879|10880,林韋翰/貝奇/簡廷兆/內馬,5,82,94.0,1269.41,21.16,21:09,253.88,4.23,04:14,34.0,6.8,36.17,57.85,37.0,7.4,39.36,62.96,34.0,6.8,36.17,57.85,14.0,2.8,14.89,23.82,15.0,3.0,15.96,25.52,10.0,2.0,10.64,17.02,19.0,3.8,20.21,32.33,4.0,0.8,4.26,6.81,5.0,1.0,5.32,8.51,2.0,0.4,2.13,3.4,6.0,1.2,6.38,10.21,16.0,3.2,17.02,27.23,3.0,0.6,3.19,5.1,17.0,3.4,18.09,28.93,11.0,2.2,11.7,18.72,10.0,2.0,10.64,17.02,6.0,1.2,6.38,10.21,0.0,0.0,0.0,0.0,5.0,1.0,5.32,8.51,9.0,1.8,9.57,15.31,36.17,39.36,-3.19,106.63,-3.0,-0.6,-3.19,21.16,4.23,0.47,0.47,0.67,0.21,0.4,0.23,0.71,0.26,0.84,0.52,6.38,0.0,0.05,9.57,0.15
4,新北中信特攻,47|104|10879|10880,曾文鼎/貝奇/簡廷兆/內馬,7,112,128.0,1774.69,29.58,29:35,253.53,4.23,04:14,48.0,6.86,37.5,58.42,29.0,4.14,22.66,35.3,44.0,6.29,34.38,53.55,17.0,2.43,13.28,20.69,21.0,3.0,16.41,25.56,9.0,1.29,7.03,10.95,23.0,3.29,17.97,27.99,8.0,1.14,6.25,9.74,12.0,1.71,9.38,14.61,6.0,0.86,4.69,7.3,6.0,0.86,4.69,7.3,25.0,3.57,19.53,30.43,5.0,0.71,3.91,6.09,32.0,4.57,25.0,38.95,14.0,2.0,10.94,17.04,14.0,2.0,10.94,17.04,7.0,1.0,5.47,8.52,1.0,0.14,0.78,1.22,13.0,1.86,10.16,15.82,9.0,1.29,7.03,10.95,37.5,22.66,14.84,103.86,19.0,2.71,14.84,29.58,4.23,0.48,0.49,0.43,0.35,0.5,0.22,0.82,0.16,0.83,0.46,5.47,0.78,0.1,7.03,0.27
4,新北中信特攻,38|47|104|10879,余維豪/曾文鼎/貝奇/簡廷兆,2,11,13.0,163.42,2.72,02:43,81.71,1.36,01:22,4.0,2.0,30.77,52.87,3.0,1.5,23.08,39.65,3.0,1.5,23.08,39.65,1.0,0.5,7.69,13.22,3.0,1.5,23.08,39.65,1.0,0.5,7.69,13.22,0.0,0.0,0.0,0.0,0.0,0.0,0.0,0.0,2.0,1.0,15.38,26.43,2.0,1.0,15.38,26.43,0.0,0.0,0.0,0.0,2.0,1.0,15.38,26.43,1.0,0.5,7.69,13.22,4.0,2.0,30.77,52.87,2.0,1.0,15.38,26.43,1.0,0.5,7.69,13.22,1.0,0.5,7.69,13.22,0.0,0.0,0.0,0.0,1.0,0.5,7.69,13.22,0.0,0.0,0.0,0.0,30.77,23.08,7.69,114.55,1.0,0.5,7.69,2.72,1.36,0.33,0.52,0.33,,1.0,0.34,1.0,0.0,0.67,0.29,7.69,0.0,0.08,0.0,0.67
4,新北中信特攻,38|47|104|10880,余維豪/曾文鼎/貝奇/內馬,2,15,19.0,229.53,3.83,03:50,114.77,1.91,01:55,8.0,4.0,42.11,75.28,4.0,2.0,21.05,37.64,7.0,3.5,36.84,65.87,1.0,0.5,5.26,9.41,5.0,2.5,26.32,47.05,1.0,0.5,5.26,9.41,2.0,1.0,10.53,18.82,0.0,0.0,0.0,0.0,6.0,3.0,31.58,56.46,6.0,3.0,31.58,56.46,3.0,1.5,15.79,28.23,3.0,1.5,15.79,28.23,0.0,0.0,0.0,0.0,2.0,1.0,10.53,18.82,1.0,0.5,5.26,9.41,1.0,0.5,5.26,9.41,0.0,0.0,0.0,0.0,0.0,0.0,0.0,0.0,4.0,2.0,21.05,37.64,0.0,0.0,0.0,0.0,42.11,21.05,21.05,119.2,4.0,2.0,21.05,3.83,1.91,0.14,0.41,0.2,0.0,1.0,0.09,1.0,0.6,1.0,0.75,0.0,0.0,0.21,0.0,0.86
4,新北中信特攻,38|47|10879|10880,余維豪/曾文鼎/簡廷兆/內馬,2,13,13.0,171.78,2.86,02:52,85.89,1.43,01:26,4.0,2.0,30.77,50.3,5.0,2.5,38.46,62.87,7.0,3.5,53.85,88.02,1.0,0.5,7.69,12.57,5.0,2.5,38.46,62.87,1.0,0.5,7.69,12.57,2.0,1.0,15.38,25.15,0.0,0.0,0.0,0.0,2.0,1.0,15.38,25.15,2.0,1.0,15.38,25.15,1.0,0.5,7.69,12.57,4.0,2.0,30.77,50.3,0.0,0.0,0.0,0.0,2.0,1.0,15.38,25.15,0.0,0.0,0.0,0.0,1.0,0.5,7.69,12.57,0.0,0.0,0.0,0.0,0.0,0.0,0.0,0.0,0.0,0.0,0.0,0.0,2.0,1.0,15.38,25.15,30.77,38.46,-7.69,108.98,-1.0,-0.5,-7.69,2.86,1.43,0.14,0.25,0.2,0.0,1.0,0.0,1.0,0.33,1.0,0.71,0.0,0.0,0.0,15.38,0.29
4,新北中信特攻,38|104|10879|10880,余維豪/貝奇/簡廷兆/內馬,2,4,4.0,49.01,0.82,00:49,24.5,0.41,00:25,2.0,1.0,50.0,88.15,0.0,0.0,0.0,0.0,2.0,1.0,50.0,88.15,0.0,0.0,0.0,0.0,2.0,1.0,50.0,88.15,0.0,0.0,0.0,0.0,0.0,0.0,0.0,0.0,0.0,0.0,0.0,0.0,2.0,1.0,50.0,88.15,2.0,1.0,50.0,88.15,0.0,0.0,0.0,0.0,2.0,1.0,50.0,88.15,0.0,0.0,0.0,0.0,1.0,0.5,25.0,44.08,0.0,0.0,0.0,0.0,0.0,0.0,0.0,0.0,0.0,0.0,0.0,0.0,0.0,0.0,0.0,0.0,0.0,0.0,0.0,0.0,0.0,0.0,0.0,0.0,50.0,0.0,50.0,117.54,2.0,1.0,50.0,0.82,0.41,0.0,0.35,0.0,,1.0,0.0,,0.0,1.0,0.67,0.0,0.0,0.0,0.0,1.0
4,新北中信特攻,38|47|10879|10881,余維豪/曾文鼎/簡廷兆/飛克,1,3,3.0,43.52,0.73,00:44,43.52,0.73,00:44,0.0,0.0,0.0,0.0,0.0,0.0,0.0,0.0,0.0,0.0,0.0,0.0,0.0,0.0,0.0,0.0,0.0,0.0,0.0,0.0,0.0,0.0,0.0,0.0,0.0,0.0,0.0,0.0,0.0,0.0,0.0,0.0,0.0,0.0,0.0,0.0,0.0,0.0,0.0,0.0,0.0,0.0,0.0,0.0,0.0,0.0,0.0,0.0,0.0,0.0,0.0,0.0,2.0,2.0,66.67,99.27,1.0,1.0,33.33,49.64,0.0,0.0,0.0,0.0,1.0,1.0,33.33,49.64,0.0,0.0,0.0,0.0,0.0,0.0,0.0,0.0,0.0,0.0,0.0,0.0,0.0,0.0,0.0,99.27,0.0,0.0,0.0,0.73,0.73,,,,,,1.0,,0.0,,0.0,33.33,0.0,0.0,0.0,
4,新北中信特攻,38|104|10879|10881,余維豪/貝奇/簡廷兆/飛克,1,3,3.0,43.52,0.73,00:44,43.52,0.73,00:44,0.0,0.0,0.0,0.0,0.0,0.0,0.0,0.0,0.0,0.0,0.0,0.0,0.0,0.0,0.0,0.0,0.0,0.0,0.0,0.0,0.0,0.0,0.0,0.0,0.0,0.0,0.0,0.0,0.0,0.0,0.0,0.0,0.0,0.0,0.0,0.0,0.0,0.0,0.0,0.0,0.0,0.0,0.0,0.0,0.0,0.0,0.0,0.0,0.0,0.0,0.0,0.0,2.0,2.0,66.67,99.27,1.0,1.0,33.33,49.64,0.0,0.0,0.0,0.0,1.0,1.0,33.33,49.64,0.0,0.0,0.0,0.0,0.0,0.0,0.0,0.0,0.0,0.0,0.0,0.0,0.0,0.0,0.0,99.27,0.0,0.0,0.0,0.73,0.73,,,,,,1.0,,0.0,,0.0,33.33,0.0,0.0,0.0,
4,新北中信特攻,38|48|10877|10880,余維豪/李沛澄/阿巴西/內馬,1,7,10.0,154.0,2.57,02:34,154.0,2.57,02:34,5.0,5.0,50.0,70.13,6.0,6.0,60.0,84.16,4.0,4.0,40.0,56.1,2.0,2.0,20.0,28.05,3.0,3.0,30.0,42.08,1.0,1.0,10.0,14.03,1.0,1.0,10.0,14.03,1.0,1.0,10.0,14.03,0.0,0.0,0.0,0.0,0.0,0.0,0.0,0.0,1.0,1.0,10.0,14.03,1.0,1.0,10.0,14.03,2.0,2.0,20.0,28.05,0.0,0.0,0.0,0.0,1.0,1.0,10.0,14.03,0.0,0.0,0.0,0.0,1.0,1.0,10.0,14.03,0.0,0.0,0.0,0.0,0.0,0.0,0.0,0.0,0.0,0.0,0.0,0.0,50.0,60.0,-10.0,93.51,-1.0,-1.0,-10.0,2.57,2.57,0.62,0.62,0.33,1.0,,0.2,0.0,1.0,0.33,0.5,10.0,0.0,0.0,0.0,0.0
4,新北中信特攻,38|48|10877|10881,余維豪/李沛澄/阿巴西/飛克,1,7,10.0,154.0,2.57,02:34,154.0,2.57,02:34,5.0,5.0,50.0,70.13,6.0,6.0,60.0,84.16,4.0,4.0,40.0,56.1,2.0,2.0,20.0,28.05,3.0,3.0,30.0,42.08,1.0,1.0,10.0,14.03,1.0,1.0,10.0,14.03,1.0,1.0,10.0,14.03,0.0,0.0,0.0,0.0,0.0,0.0,0.0,0.0,1.0,1.0,10.0,14.03,1.0,1.0,10.0,14.03,2.0,2.0,20.0,28.05,0.0,0.0,0.0,0.0,1.0,1.0,10.0,14.03,0.0,0.0,0.0,0.0,1.0,1.0,10.0,14.03,0.0,0.0,0.0,0.0,0.0,0.0,0.0,0.0,0.0,0.0,0.0,0.0,50.0,60.0,-10.0,93.51,-1.0,-1.0,-10.0,2.57,2.57,0.62,0.62,0.33,1.0,,0.2,0.0,1.0,0.33,0.5,10.0,0.0,0.0,0.0,0.0
4,新北中信特攻,38|48|10880|10881,余維豪/李沛澄/內馬/飛克,1,7,10.0,154.0,2.57,02:34,154.0,2.57,02:34,5.0,5.0,50.0,70.13,6.0,6.0,60.0,84.16,4.0,4.0,40.0,56.1,2.0,2.0,20.0,28.05,3.0,3.0,30.0,42.08,1.0,1.0,10.0,14.03,1.0,1.0,10.0,14.03,1.0,1.0,10.0,14.03,0.0,0.0,0.0,0.0,0.0,0.0,0.0,0.0,1.0,1.0,10.0,14.03,1.0,1.0,10.0,14.03,2.0,2.0,20.0,28.05,0.0,0.0,0.0,0.0,1.0,1.0,10.0,14.03,0.0,0.0,0.0,0.0,1.0,1.0,10.0,14.03,0.0,0.0,0.0,0.0,0.0,0.0,0.0,0.0,0.0,0.0,0.0,0.0,50.0,60.0,-10.0,93.51,-1.0,-1.0,-10.0,2.57,2.57,0.62,0.62,0.33,1.0,,0.2,0.0,1.0,0.33,0.5,10.0,0.0,0.0,0.0,0.0
4,新北中信特攻,38|10877|10880|10881,余維豪/阿巴西/內馬/飛克,1,7,10.0,154.0,2.57,02:34,154.0,2.57,02:34,5.0,5.0,50.0,70.13,6.0,6.0,60.0,84.16,4.0,4.0,40.0,56.1,2.0,2.0,20.0,28.05,3.0,3.0,30.0,42.08,1.0,1.0,10.0,14.03,1.0,1.0,10.0,14.03,1.0,1.0,10.0,14.03,0.0,0.0,0.0,0.0,0.0,0.0,0.0,0.0,1.0,1.0,10.0,14.03,1.0,1.0,10.0,14.03,2.0,2.0,20.0,28.05,0.0,0.0,0.0,0.0,1.0,1.0,10.0,14.03,0.0,0.0,0.0,0.0,1.0,1.0,10.0,14.03,0.0,0.0,0.0,0.0,0.0,0.0,0.0,0.0,0.0,0.0,0.0,0.0,50.0,60.0,-10.0,93.51,-1.0,-1.0,-10.0,2.57,2.57,0.62,0.62,0.33,1.0,,0.2,0.0,1.0,0.33,0.5,10.0,0.0,0.0,0.0,0.0
4,福爾摩沙夢想家,77|86|101|103,馬建豪/林俊吉/周柏臣/忻沃克,1,4,4.0,72.65,1.21,01:13,72.65,1.21,01:13,2.0,2.0,50.0,59.46,0.0,0.0,0.0,0.0,2.0,2.0,50.0,59.46,1.0,1.0,25.0,29.73,1.0,1.0,25.0,29.73,1.0,1.0,25.0,29.73,1.0,1.0,25.0,29.73,0.0,0.0,0.0,0.0,2.0,2.0,50.0,59.46,2.0,2.0,50.0,59.46,0.0,0.0,0.0,0.0,1.0,1.0,25.0,29.73,0.0,0.0,0.0,0.0,2.0,2.0,50.0,59.46,0.0,0.0,0.0,0.0,0.0,0.0,0.0,0.0,0.0,0.0,0.0,0.0,0.0,0.0,0.0,0.0,0.0,0.0,0.0,0.0,0.0,0.0,0.0,0.0,50.0,0.0,50.0,79.28,2.0,2.0,50.0,1.21,1.21,0.5,0.35,1.0,0.0,1.0,0.0,0.0,0.0,1.0,0.33,0.0,0.0,0.0,0.0,1.0
4,福爾摩沙夢想家,77|101|103|106,馬建豪/周柏臣/忻沃克/高柏鎧,1,4,4.0,72.65,1.21,01:13,72.65,1.21,01:13,2.0,2.0,50.0,59.46,0.0,0.0,0.0,0.0,2.0,2.0,50.0,59.46,1.0,1.0,25.0,29.73,1.0,1.0,25.0,29.73,1.0,1.0,25.0,29.73,1.0,1.0,25.0,29.73,0.0,0.0,0.0,0.0,2.0,2.0,50.0,59.46,2.0,2.0,50.0,59.46,0.0,0.0,0.0,0.0,1.0,1.0,25.0,29.73,0.0,0.0,0.0,0.0,2.0,2.0,50.0,59.46,0.0,0.0,0.0,0.0,0.0,0.0,0.0,0.0,0.0,0.0,0.0,0.0,0.0,0.0,0.0,0.0,0.0,0.0,0.0,0.0,0.0,0.0,0.0,0.0,50.0,0.0,50.0,79.28,2.0,2.0,50.0,1.21,1.21,0.5,0.35,1.0,0.0,1.0,0.0,0.0,0.0,1.0,0.33,0.0,0.0,0.0,0.0,1.0
4,新北中信特攻,38|47|10877|10880,余維豪/曾文鼎/阿巴西/內馬,1,4,5.0,66.67,1.11,01:07,66.67,1.11,01:07,4.0,4.0,80.0,129.6,2.0,2.0,40.0,64.8,2.0,2.0,40.0,64.8,1.0,1.0,20.0,32.4,2.0,2.0,40.0,64.8,1.0,1.0,20.0,32.4,0.0,0.0,0.0,0.0,0.0,0.0,0.0,0.0,0.0,0.0,0.0,0.0,0.0,0.0,0.0,0.0,1.0,1.0,20.0,32.4,0.0,0.0,0.0,0.0,0.0,0.0,0.0,0.0,1.0,1.0,20.0,32.4,0.0,0.0,0.0,0.0,1.0,1.0,20.0,32.4,0.0,0.0,0.0,0.0,0.0,0.0,0.0,0.0,2.0,2.0,40.0,64.8,0.0,0.0,0.0,0.0,80.0,40.0,40.0,108.0,2.0,2.0,40.0,1.11,1.11,0.5,1.0,0.5,,,0.0,1.0,0.5,,0.5,0.0,0.0,0.4,0.0,0.0
4,新北中信特攻,38|104|10877|10880,余維豪/貝奇/阿巴西/內馬,1,4,5.0,66.67,1.11,01:07,66.67,1.11,01:07,4.0,4.0,80.0,129.6,2.0,2.0,40.0,64.8,2.0,2.0,40.0,64.8,1.0,1.0,20.0,32.4,2.0,2.0,40.0,64.8,1.0,1.0,20.0,32.4,0.0,0.0,0.0,0.0,0.0,0.0,0.0,0.0,0.0,0.0,0.0,0.0,0.0,0.0,0.0,0.0,1.0,1.0,20.0,32.4,0.0,0.0,0.0,0.0,0.0,0.0,0.0,0.0,1.0,1.0,20.0,32.4,0.0,0.0,0.0,0.0,1.0,1.0,20.0,32.4,0.0,0.0,0.0,0.0,0.0,0.0,0.0,0.0,2.0,2.0,40.0,64.8,0.0,0.0,0.0,0.0,80.0,40.0,40.0,108.0,2.0,2.0,40.0,1.11,1.11,0.5,1.0,0.5,,,0.0,1.0,0.5,,0.5,0.0,0.0,0.4,0.0,0.0
4,福爾摩沙夢想家,77|86|99|101,馬建豪/林俊吉/盧冠良/周柏臣,1,13,15.0,159.93,2.67,02:40,159.93,2.67,02:40,2.0,2.0,13.33,27.01,16.0,16.0,106.67,216.1,4.0,4.0,26.67,54.02,1.0,1.0,6.67,13.51,1.0,1.0,6.67,13.51,1.0,1.0,6.67,13.51,3.0,3.0,20.0,40.52,0.0,0.0,0.0,0.0,0.0,0.0,0.0,0.0,0.0,0.0,0.0,0.0,0.0,0.0,0.0,0.0,3.0,3.0,20.0,40.52,1.0,1.0,6.67,13.51,0.0,0.0,0.0,0.0,2.0,2.0,13.33,27.01,0.0,0.0,0.0,0.0,2.0,2.0,13.33,27.01,0.0,0.0,0.0,0.0,0.0,0.0,0.0,0.0,5.0,5.0,33.33,67.53,13.33,106.67,-93.33,135.06,-14.0,-14.0,-93.33,2.67,2.67,0.25,0.25,1.0,0.0,,0.33,0.0,,0.75,0.75,13.33,0.0,0.0,33.33,0.0
4,福爾摩沙夢想家,77|99|101|106,馬建豪/盧冠良/周柏臣/高柏鎧,1,5,6.0,61.93,1.03,01:02,61.93,1.03,01:02,0.0,0.0,0.0,0.0,7.0,7.0,116.67,244.16,1.0,1.0,16.67,34.88,0.0,0.0,0.0,0.0,0.0,0.0,0.0,0.0,0.0,0.0,0.0,0.0,1.0,1.0,16.67,34.88,0.0,0.0,0.0,0.0,0.0,0.0,0.0,0.0,0.0,0.0,0.0,0.0,0.0,0.0,0.0,0.0,1.0,1.0,16.67,34.88,1.0,1.0,16.67,34.88,0.0,0.0,0.0,0.0,1.0,1.0,16.67,34.88,0.0,0.0,0.0,0.0,1.0,1.0,16.67,34.88,0.0,0.0,0.0,0.0,0.0,0.0,0.0,0.0,2.0,2.0,33.33,69.76,0.0,116.67,-116.67,139.52,-7.0,-7.0,-116.67,1.03,1.03,0.0,0.0,,0.0,,0.5,,,0.5,0.5,16.67,0.0,0.0,33.33,0.0
4,新北中信特攻,38|44|48|104,余維豪/黃泓瀚/李沛澄/貝奇,1,10,11.0,120.9,2.02,02:01,120.9,2.02,02:01,12.0,12.0,109.09,214.38,2.0,2.0,18.18,35.73,4.0,4.0,36.36,71.46,4.0,4.0,36.36,71.46,3.0,3.0,27.27,53.6,3.0,3.0,27.27,53.6,1.0,1.0,9.09,17.87,1.0,1.0,9.09,17.87,3.0,3.0,27.27,53.6,3.0,3.0,27.27,53.6,0.0,0.0,0.0,0.0,0.0,0.0,0.0,0.0,0.0,0.0,0.0,0.0,2.0,2.0,18.18,35.73,0.0,0.0,0.0,0.0,2.0,2.0,18.18,35.73,0.0,0.0,0.0,0.0,0.0,0.0,0.0,0.0,2.0,2.0,18.18,35.73,0.0,0.0,0.0,0.0,109.09,18.18,90.91,131.01,10.0,10.0,90.91,2.02,2.02,1.12,1.13,1.0,1.0,1.0,0.0,0.5,0.0,,0.0,0.0,0.0,0.18,0.0,0.75
4,新北中信特攻,38|44|48|10880,余維豪/黃泓瀚/李沛澄/內馬,1,10,11.0,120.9,2.02,02:01,120.9,2.02,02:01,12.0,12.0,109.09,214.38,2.0,2.0,18.18,35.73,4.0,4.0,36.36,71.46,4.0,4.0,36.36,71.46,3.0,3.0,27.27,53.6,3.0,3.0,27.27,53.6,1.0,1.0,9.09,17.87,1.0,1.0,9.09,17.87,3.0,3.0,27.27,53.6,3.0,3.0,27.27,53.6,0.0,0.0,0.0,0.0,0.0,0.0,0.0,0.0,0.0,0.0,0.0,0.0,2.0,2.0,18.18,35.73,0.0,0.0,0.0,0.0,2.0,2.0,18.18,35.73,0.0,0.0,0.0,0.0,0.0,0.0,0.0,0.0,2.0,2.0,18.18,35.73,0.0,0.0,0.0,0.0,109.09,18.18,90.91,131.01,10.0,10.0,90.91,2.02,2.02,1.12,1.13,1.0,1.0,1.0,0.0,0.5,0.0,,0.0,0.0,0.0,0.18,0.0,0.75
4,新北中信特攻,38|44|104|10880,余維豪/黃泓瀚/貝奇/內馬,1,10,11.0,121.26,2.02,02:01,121.26,2.02,02:01,12.0,12.0,109.09,213.76,2.0,2.0,18.18,35.63,4.0,4.0,36.36,71.25,4.0,4.0,36.36,71.25,3.0,3.0,27.27,53.44,3.0,3.0,27.27,53.44,1.0,1.0,9.09,17.81,1.0,1.0,9.09,17.81,5.0,5.0,45.45,89.07,5.0,5.0,45.45,89.07,0.0,0.0,0.0,0.0,0.0,0.0,0.0,0.0,0.0,0.0,0.0,0.0,2.0,2.0,18.18,35.63,0.0,0.0,0.0,0.0,2.0,2.0,18.18,35.63,0.0,0.0,0.0,0.0,0.0,0.0,0.0,0.0,2.0,2.0,18.18,35.63,0.0,0.0,0.0,0.0,109.09,18.18,90.91,130.63,10.0,10.0,90.91,2.02,2.02,1.12,0.97,1.0,1.0,1.0,0.0,0.5,0.0,,0.0,0.0,0.0,0.18,0.0,1.25
4,新北中信特攻,38|48|104|10880,余維豪/李沛澄/貝奇/內馬,1,10,11.0,128.9,2.15,02:09,128.9,2.15,02:09,12.0,12.0,109.09,201.08,2.0,2.0,18.18,33.51,4.0,4.0,36.36,67.03,4.0,4.0,36.36,67.03,3.0,3.0,27.27,50.27,3.0,3.0,27.27,50.27,1.0,1.0,9.09,16.76,1.0,1.0,9.09,16.76,3.0,3.0,27.27,50.27,3.0,3.0,27.27,50.27,0.0,0.0,0.0,0.0,0.0,0.0,0.0,0.0,0.0,0.0,0.0,0.0,2.0,2.0,18.18,33.51,0.0,0.0,0.0,0.0,2.0,2.0,18.18,33.51,0.0,0.0,0.0,0.0,0.0,0.0,0.0,0.0,3.0,3.0,27.27,50.27,0.0,0.0,0.0,0.0,109.09,18.18,90.91,122.88,10.0,10.0,90.91,2.15,2.15,1.12,1.13,1.0,1.0,1.0,0.0,0.5,0.0,,0.0,0.0,0.0,0.27,0.0,0.75
4,新北中信特攻,44|48|104|10880,黃泓瀚/李沛澄/貝奇/內馬,1,10,11.0,120.9,2.02,02:01,120.9,2.02,02:01,12.0,12.0,109.09,214.38,2.0,2.0,18.18,35.73,4.0,4.0,36.36,71.46,4.0,4.0,36.36,71.46,3.0,3.0,27.27,53.6,3.0,3.0,27.27,53.6,1.0,1.0,9.09,17.87,1.0,1.0,9.09,17.87,3.0,3.0,27.27,53.6,3.0,3.0,27.27,53.6,0.0,0.0,0.0,0.0,0.0,0.0,0.0,0.0,0.0,0.0,0.0,0.0,2.0,2.0,18.18,35.73,0.0,0.0,0.0,0.0,2.0,2.0,18.18,35.73,0.0,0.0,0.0,0.0,0.0,0.0,0.0,0.0,2.0,2.0,18.18,35.73,0.0,0.0,0.0,0.0,109.09,18.18,90.91,131.01,10.0,10.0,90.91,2.02,2.02,1.12,1.13,1.0,1.0,1.0,0.0,0.5,0.0,,0.0,0.0,0.0,0.18,0.0,0.75
4,福爾摩沙夢想家,77|86|95|99,馬建豪/林俊吉/李德威/盧冠良,1,8,9.0,98.0,1.63,01:38,98.0,1.63,01:38,2.0,2.0,22.22,44.08,9.0,9.0,100.0,198.37,3.0,3.0,33.33,66.12,1.0,1.0,11.11,22.04,1.0,1.0,11.11,22.04,1.0,1.0,11.11,22.04,2.0,2.0,22.22,44.08,0.0,0.0,0.0,0.0,0.0,0.0,0.0,0.0,0.0,0.0,0.0,0.0,0.0,0.0,0.0,0.0,2.0,2.0,22.22,44.08,0.0,0.0,0.0,0.0,0.0,0.0,0.0,0.0,1.0,1.0,11.11,22.04,0.0,0.0,0.0,0.0,1.0,1.0,11.11,22.04,0.0,0.0,0.0,0.0,0.0,0.0,0.0,0.0,3.0,3.0,33.33,66.12,22.22,100.0,-77.78,132.24,-7.0,-7.0,-77.78,1.63,1.63,0.33,0.33,1.0,0.0,,0.25,0.0,,1.0,1.0,11.11,0.0,0.0,33.33,0.0
4,福爾摩沙夢想家,77|86|95|101,馬建豪/林俊吉/李德威/周柏臣,3,17,21.0,311.41,5.19,05:11,103.8,1.73,01:44,6.0,2.0,28.57,41.62,12.0,4.0,57.14,83.23,10.0,3.33,47.62,69.36,3.0,1.0,14.29,20.81,7.0,2.33,33.33,48.55,3.0,1.0,14.29,20.81,3.0,1.0,14.29,20.81,0.0,0.0,0.0,0.0,0.0,0.0,0.0,0.0,0.0,0.0,0.0,0.0,1.0,0.33,4.76,6.94,5.0,1.67,23.81,34.68,0.0,0.0,0.0,0.0,4.0,1.33,19.05,27.74,1.0,0.33,4.76,6.94,0.0,0.0,0.0,0.0,1.0,0.33,4.76,6.94,0.0,0.0,0.0,0.0,2.0,0.67,9.52,13.87,3.0,1.0,14.29,20.81,28.57,57.14,-28.57,97.11,-6.0,-2.0,-28.57,5.19,1.73,0.3,0.3,0.43,0.0,,0.09,0.0,0.2,1.0,0.6,4.76,0.0,0.1,14.29,0.0
4,福爾摩沙夢想家,77|95|99|101,馬建豪/李德威/盧冠良/周柏臣,1,8,9.0,98.0,1.63,01:38,98.0,1.63,01:38,2.0,2.0,22.22,44.08,9.0,9.0,100.0,198.37,3.0,3.0,33.33,66.12,1.0,1.0,11.11,22.04,1.0,1.0,11.11,22.04,1.0,1.0,11.11,22.04,2.0,2.0,22.22,44.08,0.0,0.0,0.0,0.0,0.0,0.0,0.0,0.0,0.0,0.0,0.0,0.0,0.0,0.0,0.0,0.0,2.0,2.0,22.22,44.08,0.0,0.0,0.0,0.0,0.0,0.0,0.0,0.0,1.0,1.0,11.11,22.04,0.0,0.0,0.0,0.0,1.0,1.0,11.11,22.04,0.0,0.0,0.0,0.0,0.0,0.0,0.0,0.0,3.0,3.0,33.33,66.12,22.22,100.0,-77.78,132.24,-7.0,-7.0,-77.78,1.63,1.63,0.33,0.33,1.0,0.0,,0.25,0.0,,1.0,1.0,11.11,0.0,0.0,33.33,0.0
4,福爾摩沙夢想家,86|95|99|101,林俊吉/李德威/盧冠良/周柏臣,1,8,9.0,98.0,1.63,01:38,98.0,1.63,01:38,2.0,2.0,22.22,44.08,9.0,9.0,100.0,198.37,3.0,3.0,33.33,66.12,1.0,1.0,11.11,22.04,1.0,1.0,11.11,22.04,1.0,1.0,11.11,22.04,2.0,2.0,22.22,44.08,0.0,0.0,0.0,0.0,0.0,0.0,0.0,0.0,0.0,0.0,0.0,0.0,0.0,0.0,0.0,0.0,2.0,2.0,22.22,44.08,0.0,0.0,0.0,0.0,0.0,0.0,0.0,0.0,1.0,1.0,11.11,22.04,0.0,0.0,0.0,0.0,1.0,1.0,11.11,22.04,0.0,0.0,0.0,0.0,0.0,0.0,0.0,0.0,3.0,3.0,33.33,66.12,22.22,100.0,-77.78,132.24,-7.0,-7.0,-77.78,1.63,1.63,0.33,0.33,1.0,0.0,,0.25,0.0,,1.0,1.0,11.11,0.0,0.0,33.33,0.0
4,高雄全家海神,51|110|119|12908,克力斯/胡瓏貿/余純安/布里茲克,1,20,22.0,256.0,4.27,04:16,256.0,4.27,04:16,9.0,9.0,40.91,75.94,3.0,3.0,13.64,25.31,9.0,9.0,40.91,75.94,4.0,4.0,18.18,33.75,7.0,7.0,31.82,59.06,3.0,3.0,13.64,25.31,2.0,2.0,9.09,16.88,1.0,1.0,4.55,8.44,1.0,1.0,4.55,8.44,0.0,0.0,0.0,0.0,1.0,1.0,4.55,8.44,5.0,5.0,22.73,42.19,1.0,1.0,4.55,8.44,6.0,6.0,27.27,50.62,1.0,1.0,4.55,8.44,2.0,2.0,9.09,16.88,1.0,1.0,4.55,8.44,0.0,0.0,0.0,0.0,3.0,3.0,13.64,25.31,1.0,1.0,4.55,8.44,40.91,13.64,27.27,123.75,6.0,6.0,27.27,4.27,4.27,0.5,0.48,0.43,0.5,0.0,0.1,0.5,0.14,0.83,0.46,4.55,0.0,0.14,4.55,0.11
4,高雄全家海神,51|110|119|13275,克力斯/胡瓏貿/余純安/吳彥侖,1,16,17.0,223.0,3.72,03:43,223.0,3.72,03:43,7.0,7.0,41.18,67.8,3.0,3.0,17.65,29.06,6.0,6.0,35.29,58.12,3.0,3.0,17.65,29.06,4.0,4.0,23.53,38.74,2.0,2.0,11.76,19.37,2.0,2.0,11.76,19.37,1.0,1.0,5.88,9.69,1.0,1.0,5.88,9.69,0.0,0.0,0.0,0.0,0.0,0.0,0.0,0.0,4.0,4.0,23.53,38.74,1.0,1.0,5.88,9.69,6.0,6.0,35.29,58.12,1.0,1.0,5.88,9.69,2.0,2.0,11.76,19.37,1.0,1.0,5.88,9.69,0.0,0.0,0.0,0.0,3.0,3.0,17.65,29.06,1.0,1.0,5.88,9.69,41.18,17.65,23.53,109.78,4.0,4.0,23.53,3.72,3.72,0.58,0.54,0.5,0.5,0.0,0.13,0.67,0.0,0.8,0.36,5.88,0.0,0.18,5.88,0.17
4,高雄全家海神,51|119|12908|13275,克力斯/余純安/布里茲克/吳彥侖,1,26,30.0,374.01,6.23,06:14,374.01,6.23,06:14,16.0,16.0,53.33,92.4,11.0,11.0,36.67,63.53,12.0,12.0,40.0,69.3,6.0,6.0,20.0,34.65,6.0,6.0,20.0,34.65,2.0,2.0,6.67,11.55,6.0,6.0,20.0,34.65,4.0,4.0,13.33,23.1,1.0,1.0,3.33,5.78,0.0,0.0,0.0,0.0,1.0,1.0,3.33,5.78,6.0,6.0,20.0,34.65,2.0,2.0,6.67,11.55,6.0,6.0,20.0,34.65,1.0,1.0,3.33,5.78,5.0,5.0,16.67,28.88,1.0,1.0,3.33,5.78,0.0,0.0,0.0,0.0,5.0,5.0,16.67,28.88,3.0,3.0,10.0,17.33,53.33,36.67,16.67,115.51,5.0,5.0,16.67,6.23,6.23,0.67,0.64,0.33,0.67,0.0,0.07,0.83,0.14,0.75,0.47,3.33,0.0,0.17,10.0,0.08
4,高雄全家海神,110|119|12908|13275,胡瓏貿/余純安/布里茲克/吳彥侖,1,16,17.0,223.0,3.72,03:43,223.0,3.72,03:43,7.0,7.0,41.18,67.8,3.0,3.0,17.65,29.06,6.0,6.0,35.29,58.12,3.0,3.0,17.65,29.06,4.0,4.0,23.53,38.74,2.0,2.0,11.76,19.37,2.0,2.0,11.76,19.37,1.0,1.0,5.88,9.69,1.0,1.0,5.88,9.69,0.0,0.0,0.0,0.0,0.0,0.0,0.0,0.0,4.0,4.0,23.53,38.74,1.0,1.0,5.88,9.69,6.0,6.0,35.29,58.12,1.0,1.0,5.88,9.69,2.0,2.0,11.76,19.37,1.0,1.0,5.88,9.69,0.0,0.0,0.0,0.0,3.0,3.0,17.65,29.06,1.0,1.0,5.88,9.69,41.18,17.65,23.53,109.78,4.0,4.0,23.53,3.72,3.72,0.58,0.54,0.5,0.5,0.0,0.13,0.67,0.0,0.8,0.36,5.88,0.0,0.18,5.88,0.17
4,高雄全家海神,45|51|110|119,施晉堯/克力斯/胡瓏貿/余純安,3,34,39.0,449.75,7.5,07:30,149.92,2.5,02:30,13.0,4.33,33.33,62.43,15.0,5.0,38.46,72.04,16.0,5.33,41.03,76.84,5.0,1.67,12.82,24.01,10.0,3.33,25.64,48.03,4.0,1.33,10.26,19.21,6.0,2.0,15.38,28.82,1.0,0.33,2.56,4.8,2.0,0.67,5.13,9.61,2.0,0.67,5.13,9.61,4.0,1.33,10.26,19.21,7.0,2.33,17.95,33.62,1.0,0.33,2.56,4.8,5.0,1.67,12.82,24.01,4.0,1.33,10.26,19.21,0.0,0.0,0.0,0.0,1.0,0.33,2.56,4.8,1.0,0.33,2.56,4.8,3.0,1.0,7.69,14.41,8.0,2.67,20.51,38.42,33.33,38.46,-5.13,124.87,-2.0,-0.67,-5.13,7.5,2.5,0.34,0.39,0.4,0.17,1.0,0.19,0.0,0.44,0.88,0.65,2.56,2.56,0.08,20.51,0.12
4,高雄全家海神,45|51|119|12908,施晉堯/克力斯/余純安/布里茲克,1,4,5.0,33.0,0.55,00:33,33.0,0.55,00:33,2.0,2.0,40.0,130.91,0.0,0.0,0.0,0.0,3.0,3.0,60.0,196.36,1.0,1.0,20.0,65.45,3.0,3.0,60.0,196.36,1.0,1.0,20.0,65.45,0.0,0.0,0.0,0.0,0.0,0.0,0.0,0.0,0.0,0.0,0.0,0.0,0.0,0.0,0.0,0.0,1.0,1.0,20.0,65.45,1.0,1.0,20.0,65.45,0.0,0.0,0.0,0.0,0.0,0.0,0.0,0.0,0.0,0.0,0.0,0.0,0.0,0.0,0.0,0.0,0.0,0.0,0.0,0.0,0.0,0.0,0.0,0.0,0.0,0.0,0.0,0.0,0.0,0.0,0.0,0.0,40.0,0.0,40.0,218.18,2.0,2.0,40.0,0.55,0.55,0.33,0.33,0.33,,,0.0,0.0,1.0,1.0,1.0,0.0,0.0,0.0,0.0,0.0
4,高雄全家海神,45|110|119|12908,施晉堯/胡瓏貿/余純安/布里茲克,1,4,5.0,33.0,0.55,00:33,33.0,0.55,00:33,2.0,2.0,40.0,130.91,0.0,0.0,0.0,0.0,3.0,3.0,60.0,196.36,1.0,1.0,20.0,65.45,3.0,3.0,60.0,196.36,1.0,1.0,20.0,65.45,0.0,0.0,0.0,0.0,0.0,0.0,0.0,0.0,0.0,0.0,0.0,0.0,0.0,0.0,0.0,0.0,1.0,1.0,20.0,65.45,1.0,1.0,20.0,65.45,0.0,0.0,0.0,0.0,0.0,0.0,0.0,0.0,0.0,0.0,0.0,0.0,0.0,0.0,0.0,0.0,0.0,0.0,0.0,0.0,0.0,0.0,0.0,0.0,0.0,0.0,0.0,0.0,0.0,0.0,0.0,0.0,40.0,0.0,40.0,218.18,2.0,2.0,40.0,0.55,0.55,0.33,0.33,0.33,,,0.0,0.0,1.0,1.0,1.0,0.0,0.0,0.0,0.0,0.0
4,臺北台新戰神,10|14|10865|13400,雷蒙恩/錢肯尼/謝銘駿/史東,3,23,31.0,360.61,6.01,06:01,120.2,2.0,02:00,7.0,2.33,22.58,41.93,12.0,4.0,38.71,71.88,10.0,3.33,32.26,59.9,3.0,1.0,9.68,17.97,7.0,2.33,22.58,41.93,2.0,0.67,6.45,11.98,3.0,1.0,9.68,17.97,1.0,0.33,3.23,5.99,1.0,0.33,3.23,5.99,0.0,0.0,0.0,0.0,2.0,0.67,6.45,11.98,4.0,1.33,12.9,23.96,3.0,1.0,9.68,17.97,6.0,2.0,19.35,35.94,3.0,1.0,9.68,17.97,2.0,0.67,6.45,11.98,1.0,0.33,3.23,5.99,1.0,0.33,3.23,5.99,4.0,1.33,12.9,23.96,3.0,1.0,9.68,17.97,22.58,38.71,-16.13,123.79,-5.0,-1.67,-16.13,6.01,2.0,0.35,0.34,0.29,0.33,0.0,0.22,0.67,0.25,0.57,0.4,3.23,3.23,0.13,9.68,0.1
4,臺北台新戰神,10|10865|10867|13400,雷蒙恩/謝銘駿/威力斯/史東,1,4,5.0,33.0,0.55,00:33,33.0,0.55,00:33,0.0,0.0,0.0,0.0,2.0,2.0,40.0,130.91,1.0,1.0,20.0,65.45,0.0,0.0,0.0,0.0,1.0,1.0,20.0,65.45,0.0,0.0,0.0,0.0,0.0,0.0,0.0,0.0,0.0,0.0,0.0,0.0,0.0,0.0,0.0,0.0,0.0,0.0,0.0,0.0,0.0,0.0,0.0,0.0,0.0,0.0,0.0,0.0,1.0,1.0,20.0,65.45,1.0,1.0,20.0,65.45,1.0,1.0,20.0,65.45,0.0,0.0,0.0,0.0,1.0,1.0,20.0,65.45,0.0,0.0,0.0,0.0,1.0,1.0,20.0,65.45,0.0,0.0,0.0,0.0,0.0,40.0,-40.0,218.18,-2.0,-2.0,-40.0,0.55,0.55,0.0,0.0,0.0,,,0.5,,0.0,0.0,0.0,20.0,0.0,0.2,0.0,0.0
4,高雄全家海神,45|109|111|116,施晉堯/于煥亞/唐維傑/呂威霆,1,14,18.0,196.99,3.28,03:17,196.99,3.28,03:17,11.0,11.0,61.11,120.61,13.0,13.0,72.22,142.54,7.0,7.0,38.89,76.75,4.0,4.0,22.22,43.86,6.0,6.0,33.33,65.79,3.0,3.0,16.67,32.89,1.0,1.0,5.56,10.96,1.0,1.0,5.56,10.96,4.0,4.0,22.22,43.86,2.0,2.0,11.11,21.93,2.0,2.0,11.11,21.93,2.0,2.0,11.11,21.93,1.0,1.0,5.56,10.96,1.0,1.0,5.56,10.96,0.0,0.0,0.0,0.0,1.0,1.0,5.56,10.96,0.0,0.0,0.0,0.0,0.0,0.0,0.0,0.0,2.0,2.0,11.11,21.93,6.0,6.0,33.33,65.79,61.11,72.22,-11.11,131.58,-2.0,-2.0,-11.11,3.28,3.28,0.64,0.63,0.5,1.0,0.5,0.0,0.25,0.67,0.67,0.67,0.0,0.0,0.11,33.33,0.57
4,高雄全家海神,45|109|111|12908,施晉堯/于煥亞/唐維傑/布里茲克,2,15,20.0,231.99,3.87,03:52,116.0,1.93,01:56,11.0,5.5,55.0,102.42,13.0,6.5,65.0,121.04,8.0,4.0,40.0,74.49,4.0,2.0,20.0,37.24,6.0,3.0,30.0,55.86,3.0,1.5,15.0,27.93,2.0,1.0,10.0,18.62,1.0,0.5,5.0,9.31,4.0,2.0,20.0,37.24,2.0,1.0,10.0,18.62,3.0,1.5,15.0,27.93,2.0,1.0,10.0,18.62,1.0,0.5,5.0,9.31,1.0,0.5,5.0,9.31,1.0,0.5,5.0,9.31,1.0,0.5,5.0,9.31,1.0,0.5,5.0,9.31,0.0,0.0,0.0,0.0,2.0,1.0,10.0,18.62,6.0,3.0,30.0,55.86,55.0,65.0,-10.0,124.14,-2.0,-1.0,-10.0,3.87,1.93,0.56,0.56,0.5,0.5,0.5,0.09,0.25,0.75,0.67,0.71,5.0,0.0,0.1,30.0,0.5
4,高雄全家海神,109|111|116|12908,于煥亞/唐維傑/呂威霆/布里茲克,2,23,29.0,366.09,6.1,06:06,183.04,3.05,03:03,15.0,7.5,51.72,88.5,22.0,11.0,75.86,129.8,12.0,6.0,41.38,70.8,5.0,2.5,17.24,29.5,9.0,4.5,31.03,53.1,4.0,2.0,13.79,23.6,3.0,1.5,10.34,17.7,1.0,0.5,3.45,5.9,6.0,3.0,20.69,35.4,4.0,2.0,13.79,23.6,3.0,1.5,10.34,17.7,5.0,2.5,17.24,29.5,2.0,1.0,6.9,11.8,2.0,1.0,6.9,11.8,0.0,0.0,0.0,0.0,1.0,0.5,3.45,5.9,0.0,0.0,0.0,0.0,0.0,0.0,0.0,0.0,3.0,1.5,10.34,17.7,6.0,3.0,20.69,35.4,51.72,75.86,-24.14,114.07,-7.0,-3.5,-24.14,6.1,3.05,0.46,0.51,0.44,0.33,0.67,0.0,0.2,0.6,0.71,0.67,0.0,0.0,0.1,20.69,0.5
4,高雄全家海神,51|109|111|12908,克力斯/于煥亞/唐維傑/布里茲克,3,16,19.0,304.38,5.07,05:04,101.46,1.69,01:41,4.0,1.33,21.05,28.39,15.0,5.0,78.95,106.45,8.0,2.67,42.11,56.77,2.0,0.67,10.53,14.19,5.0,1.67,26.32,35.48,2.0,0.67,10.53,14.19,3.0,1.0,15.79,21.29,0.0,0.0,0.0,0.0,1.0,0.33,5.26,7.1,0.0,0.0,0.0,0.0,1.0,0.33,5.26,7.1,6.0,2.0,31.58,42.58,2.0,0.67,10.53,14.19,2.0,0.67,10.53,14.19,1.0,0.33,5.26,7.1,1.0,0.33,5.26,7.1,1.0,0.33,5.26,7.1,0.0,0.0,0.0,0.0,2.0,0.67,10.53,14.19,1.0,0.33,5.26,7.1,21.05,78.95,-57.89,89.89,-11.0,-3.67,-57.89,5.07,1.69,0.25,0.24,0.4,0.0,0.0,0.11,0.5,0.33,0.75,0.64,5.26,0.0,0.11,5.26,0.12
4,高雄全家海神,51|109|111|13275,克力斯/于煥亞/唐維傑/吳彥侖,1,5,7.0,94.0,1.57,01:34,94.0,1.57,01:34,2.0,2.0,28.57,45.96,5.0,5.0,71.43,114.89,3.0,3.0,42.86,68.94,0.0,0.0,0.0,0.0,3.0,3.0,42.86,68.94,0.0,0.0,0.0,0.0,0.0,0.0,0.0,0.0,0.0,0.0,0.0,0.0,3.0,3.0,42.86,68.94,2.0,2.0,28.57,45.96,1.0,1.0,14.29,22.98,2.0,2.0,28.57,45.96,0.0,0.0,0.0,0.0,1.0,1.0,14.29,22.98,0.0,0.0,0.0,0.0,0.0,0.0,0.0,0.0,0.0,0.0,0.0,0.0,2.0,2.0,28.57,45.96,1.0,1.0,14.29,22.98,1.0,1.0,14.29,22.98,28.57,71.43,-42.86,107.23,-3.0,-3.0,-42.86,1.57,1.57,0.0,0.23,0.0,,0.67,0.0,,0.5,1.0,0.75,0.0,28.57,0.14,14.29,1.0
4,高雄全家海神,51|109|12908|13275,克力斯/于煥亞/布里茲克/吳彥侖,3,54,60.0,904.78,15.08,15:05,301.59,5.03,05:02,33.0,11.0,55.0,78.78,25.0,8.33,41.67,59.68,26.0,8.67,43.33,62.07,11.0,3.67,18.33,26.26,12.0,4.0,20.0,28.65,6.0,2.0,10.0,14.32,14.0,4.67,23.33,33.42,5.0,1.67,8.33,11.94,6.0,2.0,10.0,14.32,6.0,2.0,10.0,14.32,3.0,1.0,5.0,7.16,12.0,4.0,20.0,28.65,3.0,1.0,5.0,7.16,4.0,1.33,6.67,9.55,3.0,1.0,5.0,7.16,5.0,1.67,8.33,11.94,2.0,0.67,3.33,4.77,1.0,0.33,1.67,2.39,6.0,2.0,10.0,14.32,8.0,2.67,13.33,19.1,55.0,41.67,13.33,95.49,8.0,2.67,13.33,15.08,5.03,0.52,0.58,0.5,0.36,1.0,0.09,0.45,0.43,0.8,0.68,3.33,1.67,0.1,13.33,0.23
4,高雄全家海神,51|111|12908|13275,克力斯/唐維傑/布里茲克/吳彥侖,2,13,14.0,174.81,2.91,02:55,87.41,1.46,01:27,4.0,2.0,28.57,49.42,4.0,2.0,28.57,49.42,6.0,3.0,42.86,74.14,1.0,0.5,7.14,12.36,4.0,2.0,28.57,49.42,1.0,0.5,7.14,12.36,2.0,1.0,14.29,24.71,0.0,0.0,0.0,0.0,0.0,0.0,0.0,0.0,0.0,0.0,0.0,0.0,1.0,0.5,7.14,12.36,4.0,2.0,28.57,49.42,0.0,0.0,0.0,0.0,4.0,2.0,28.57,49.42,1.0,0.5,7.14,12.36,0.0,0.0,0.0,0.0,0.0,0.0,0.0,0.0,0.0,0.0,0.0,0.0,1.0,0.5,7.14,12.36,2.0,1.0,14.29,24.71,28.57,28.57,0.0,115.32,0.0,0.0,0.0,2.91,1.46,0.17,0.33,0.25,0.0,,0.14,0.0,0.2,1.0,0.56,0.0,0.0,0.07,14.29,0.0
4,高雄全家海神,109|111|12908|13275,于煥亞/唐維傑/布里茲克/吳彥侖,1,2,2.0,21.72,0.36,00:22,21.72,0.36,00:22,2.0,2.0,100.0,198.88,0.0,0.0,0.0,0.0,1.0,1.0,50.0,99.44,0.0,0.0,0.0,0.0,1.0,1.0,50.0,99.44,0.0,0.0,0.0,0.0,0.0,0.0,0.0,0.0,0.0,0.0,0.0,0.0,2.0,2.0,100.0,198.88,2.0,2.0,100.0,198.88,0.0,0.0,0.0,0.0,1.0,1.0,50.0,99.44,0.0,0.0,0.0,0.0,0.0,0.0,0.0,0.0,0.0,0.0,0.0,0.0,0.0,0.0,0.0,0.0,0.0,0.0,0.0,0.0,0.0,0.0,0.0,0.0,1.0,1.0,50.0,99.44,0.0,0.0,0.0,0.0,100.0,0.0,100.0,132.58,2.0,2.0,100.0,0.36,0.36,0.0,0.53,0.0,,1.0,0.0,,,1.0,1.0,0.0,0.0,0.5,0.0,2.0
4,高雄全家海神,51|111|121|12908,克力斯/唐維傑/吳曉謹/布里茲克,2,14,17.0,210.81,3.51,03:31,105.41,1.76,01:45,2.0,1.0,11.76,20.49,4.0,2.0,23.53,40.98,5.0,2.5,29.41,51.23,0.0,0.0,0.0,0.0,2.0,1.0,11.76,20.49,0.0,0.0,0.0,0.0,3.0,1.5,17.65,30.74,0.0,0.0,0.0,0.0,0.0,0.0,0.0,0.0,0.0,0.0,0.0,0.0,1.0,0.5,5.88,10.25,4.0,2.0,23.53,40.98,2.0,1.0,11.76,20.49,5.0,2.5,29.41,51.23,2.0,1.0,11.76,20.49,0.0,0.0,0.0,0.0,1.0,0.5,5.88,10.25,0.0,0.0,0.0,0.0,1.0,0.5,5.88,10.25,4.0,2.0,23.53,40.98,11.76,23.53,-11.76,116.12,-2.0,-1.0,-11.76,3.51,1.76,0.0,0.2,0.0,0.0,,0.29,,0.17,0.67,0.42,5.88,0.0,0.06,23.53,0.0
4,高雄全家海神,111|121|12908|13275,唐維傑/吳曉謹/布里茲克/吳彥侖,1,8,9.0,91.81,1.53,01:32,91.81,1.53,01:32,2.0,2.0,22.22,47.05,2.0,2.0,22.22,47.05,4.0,4.0,44.44,94.1,0.0,0.0,0.0,0.0,2.0,2.0,22.22,47.05,0.0,0.0,0.0,0.0,2.0,2.0,22.22,47.05,0.0,0.0,0.0,0.0,0.0,0.0,0.0,0.0,0.0,0.0,0.0,0.0,1.0,1.0,11.11,23.53,3.0,3.0,33.33,70.58,0.0,0.0,0.0,0.0,3.0,3.0,33.33,70.58,0.0,0.0,0.0,0.0,0.0,0.0,0.0,0.0,0.0,0.0,0.0,0.0,0.0,0.0,0.0,0.0,1.0,1.0,11.11,23.53,2.0,2.0,22.22,47.05,22.22,22.22,0.0,141.15,0.0,0.0,0.0,1.53,1.53,0.0,0.25,0.0,0.0,,0.0,,0.25,1.0,0.57,0.0,0.0,0.11,22.22,0.0
4,高雄全家海神,51|111|119|13275,克力斯/唐維傑/余純安/吳彥侖,1,16,17.0,240.39,4.01,04:00,240.39,4.01,04:00,9.0,9.0,52.94,80.87,13.0,13.0,76.47,116.81,8.0,8.0,47.06,71.88,4.0,4.0,23.53,35.94,6.0,6.0,35.29,53.91,3.0,3.0,17.65,26.96,2.0,2.0,11.76,17.97,1.0,1.0,5.88,8.99,2.0,2.0,11.76,17.97,2.0,2.0,11.76,17.97,1.0,1.0,5.88,8.99,3.0,3.0,17.65,26.96,0.0,0.0,0.0,0.0,2.0,2.0,11.76,17.97,0.0,0.0,0.0,0.0,5.0,5.0,29.41,44.93,0.0,0.0,0.0,0.0,0.0,0.0,0.0,0.0,1.0,1.0,5.88,8.99,4.0,4.0,23.53,35.94,52.94,76.47,-23.53,101.83,-4.0,-4.0,-23.53,4.01,4.01,0.56,0.51,0.5,0.5,1.0,0.0,1.25,0.33,1.0,0.67,0.0,0.0,0.06,23.53,0.25
4,高雄全家海神,51|119|121|13275,克力斯/余純安/吳曉謹/吳彥侖,1,9,9.0,123.39,2.06,02:03,123.39,2.06,02:03,7.0,7.0,77.78,122.53,5.0,5.0,55.56,87.52,4.0,4.0,44.44,70.02,3.0,3.0,33.33,52.51,3.0,3.0,33.33,52.51,2.0,2.0,22.22,35.01,1.0,1.0,11.11,17.5,1.0,1.0,11.11,17.5,2.0,2.0,22.22,35.01,2.0,2.0,22.22,35.01,0.0,0.0,0.0,0.0,1.0,1.0,11.11,17.5,0.0,0.0,0.0,0.0,2.0,2.0,22.22,35.01,0.0,0.0,0.0,0.0,3.0,3.0,33.33,52.51,0.0,0.0,0.0,0.0,0.0,0.0,0.0,0.0,0.0,0.0,0.0,0.0,2.0,2.0,22.22,35.01,77.78,55.56,22.22,105.03,2.0,2.0,22.22,2.06,2.06,0.88,0.72,0.67,1.0,1.0,0.0,1.0,0.0,1.0,0.33,0.0,0.0,0.0,22.22,0.5
4,高雄全家海神,111|119|121|13275,唐維傑/余純安/吳曉謹/吳彥侖,1,9,9.0,123.39,2.06,02:03,123.39,2.06,02:03,7.0,7.0,77.78,122.53,5.0,5.0,55.56,87.52,4.0,4.0,44.44,70.02,3.0,3.0,33.33,52.51,3.0,3.0,33.33,52.51,2.0,2.0,22.22,35.01,1.0,1.0,11.11,17.5,1.0,1.0,11.11,17.5,2.0,2.0,22.22,35.01,2.0,2.0,22.22,35.01,0.0,0.0,0.0,0.0,1.0,1.0,11.11,17.5,0.0,0.0,0.0,0.0,2.0,2.0,22.22,35.01,0.0,0.0,0.0,0.0,3.0,3.0,33.33,52.51,0.0,0.0,0.0,0.0,0.0,0.0,0.0,0.0,0.0,0.0,0.0,0.0,2.0,2.0,22.22,35.01,77.78,55.56,22.22,105.03,2.0,2.0,22.22,2.06,2.06,0.88,0.72,0.67,1.0,1.0,0.0,1.0,0.0,1.0,0.33,0.0,0.0,0.0,22.22,0.5
4,臺北台新戰神,3|14|10865|13400,陳文宏/錢肯尼/謝銘駿/史東,1,2,2.0,32.2,0.54,00:32,32.2,0.54,00:32,2.0,2.0,100.0,134.16,2.0,2.0,100.0,134.16,0.0,0.0,0.0,0.0,0.0,0.0,0.0,0.0,0.0,0.0,0.0,0.0,0.0,0.0,0.0,0.0,0.0,0.0,0.0,0.0,0.0,0.0,0.0,0.0,2.0,2.0,100.0,134.16,2.0,2.0,100.0,134.16,0.0,0.0,0.0,0.0,0.0,0.0,0.0,0.0,0.0,0.0,0.0,0.0,0.0,0.0,0.0,0.0,0.0,0.0,0.0,0.0,0.0,0.0,0.0,0.0,0.0,0.0,0.0,0.0,0.0,0.0,0.0,0.0,1.0,1.0,50.0,67.08,0.0,0.0,0.0,0.0,100.0,100.0,0.0,89.44,0.0,0.0,0.0,0.54,0.54,,1.14,,,1.0,0.0,,,,,0.0,0.0,0.5,0.0,
4,臺北台新戰神,14|10865|10869|13400,錢肯尼/謝銘駿/基德/史東,5,78,93.0,1195.75,19.93,19:56,239.15,3.99,03:59,41.0,8.2,44.09,74.06,29.0,5.8,31.18,52.39,37.0,7.4,39.78,66.84,15.0,3.0,16.13,27.1,20.0,4.0,21.51,36.13,9.0,1.8,9.68,16.26,17.0,3.4,18.28,30.71,6.0,1.2,6.45,10.84,8.0,1.6,8.6,14.45,5.0,1.0,5.38,9.03,8.0,1.6,8.6,14.45,15.0,3.0,16.13,27.1,5.0,1.0,5.38,9.03,13.0,2.6,13.98,23.48,7.0,1.4,7.53,12.64,6.0,1.2,6.45,10.84,1.0,0.2,1.08,1.81,3.0,0.6,3.23,5.42,6.0,1.2,6.45,10.84,5.0,1.0,5.38,9.03,44.09,31.18,12.9,112.0,12.0,2.4,12.9,19.93,3.99,0.49,0.51,0.45,0.35,0.62,0.15,0.4,0.38,0.75,0.56,1.08,3.23,0.06,5.38,0.22
4,臺北台新戰神,10|14|10869|13400,雷蒙恩/錢肯尼/基德/史東,7,176,216.0,3399.85,56.66,56:40,485.69,8.09,08:06,113.0,16.14,52.31,71.79,105.0,15.0,48.61,66.71,81.0,11.57,37.5,51.46,40.0,5.71,18.52,25.41,44.0,6.29,20.37,27.95,24.0,3.43,11.11,15.25,37.0,5.29,17.13,23.51,16.0,2.29,7.41,10.17,22.0,3.14,10.19,13.98,17.0,2.43,7.87,10.8,12.0,1.71,5.56,7.62,30.0,4.29,13.89,19.06,16.0,2.29,7.41,10.17,27.0,3.86,12.5,17.15,12.0,1.71,5.56,7.62,28.0,4.0,12.96,17.79,7.0,1.0,3.24,4.45,4.0,0.57,1.85,2.54,20.0,2.86,9.26,12.71,13.0,1.86,6.02,8.26,52.31,48.61,3.7,91.49,8.0,1.14,3.7,56.66,8.09,0.59,0.62,0.55,0.43,0.77,0.12,0.7,0.31,0.65,0.49,3.24,1.85,0.09,6.02,0.27
4,臺北台新戰神,10|10865|10869|13400,雷蒙恩/謝銘駿/基德/史東,4,78,97.0,1260.98,21.02,21:01,315.25,5.25,05:15,38.0,9.5,39.18,65.09,56.0,14.0,57.73,95.93,39.0,9.75,40.21,66.81,16.0,4.0,16.49,27.41,23.0,5.75,23.71,39.4,13.0,3.25,13.4,22.27,16.0,4.0,16.49,27.41,3.0,0.75,3.09,5.14,6.0,1.5,6.19,10.28,2.0,0.5,2.06,3.43,8.0,2.0,8.25,13.7,17.0,4.25,17.53,29.12,5.0,1.25,5.15,8.56,10.0,2.5,10.31,17.13,6.0,1.5,6.19,10.28,7.0,1.75,7.22,11.99,1.0,0.25,1.03,1.71,4.0,1.0,4.12,6.85,9.0,2.25,9.28,15.42,15.0,3.75,15.46,25.69,39.18,57.73,-18.56,110.77,-18.0,-4.5,-18.56,21.02,5.25,0.45,0.46,0.57,0.19,0.33,0.13,0.44,0.44,0.77,0.62,1.03,4.12,0.09,15.46,0.15
4,臺北台新戰神,1|2|14|13400,丁聖儒/江均/錢肯尼/史東,1,10,11.0,160.66,2.68,02:41,160.66,2.68,02:41,11.0,11.0,100.0,147.89,6.0,6.0,54.55,80.67,4.0,4.0,36.36,53.78,4.0,4.0,36.36,53.78,2.0,2.0,18.18,26.89,2.0,2.0,18.18,26.89,2.0,2.0,18.18,26.89,2.0,2.0,18.18,26.89,4.0,4.0,36.36,53.78,2.0,2.0,18.18,26.89,0.0,0.0,0.0,0.0,1.0,1.0,9.09,13.44,0.0,0.0,0.0,0.0,1.0,1.0,9.09,13.44,1.0,1.0,9.09,13.44,3.0,3.0,27.27,40.33,1.0,1.0,9.09,13.44,0.0,0.0,0.0,0.0,3.0,3.0,27.27,40.33,2.0,2.0,18.18,26.89,100.0,54.55,45.45,98.59,5.0,5.0,45.45,2.68,2.68,1.25,0.95,1.0,1.0,0.5,0.15,0.75,0.0,1.0,0.5,9.09,0.0,0.27,18.18,1.0
4,臺北台新戰神,1|2|10867|13400,丁聖儒/江均/威力斯/史東,1,10,11.0,160.66,2.68,02:41,160.66,2.68,02:41,11.0,11.0,100.0,147.89,6.0,6.0,54.55,80.67,4.0,4.0,36.36,53.78,4.0,4.0,36.36,53.78,2.0,2.0,18.18,26.89,2.0,2.0,18.18,26.89,2.0,2.0,18.18,26.89,2.0,2.0,18.18,26.89,4.0,4.0,36.36,53.78,2.0,2.0,18.18,26.89,0.0,0.0,0.0,0.0,1.0,1.0,9.09,13.44,0.0,0.0,0.0,0.0,1.0,1.0,9.09,13.44,1.0,1.0,9.09,13.44,3.0,3.0,27.27,40.33,1.0,1.0,9.09,13.44,0.0,0.0,0.0,0.0,3.0,3.0,27.27,40.33,2.0,2.0,18.18,26.89,100.0,54.55,45.45,98.59,5.0,5.0,45.45,2.68,2.68,1.25,0.95,1.0,1.0,0.5,0.15,0.75,0.0,1.0,0.5,9.09,0.0,0.27,18.18,1.0
4,臺北台新戰神,2|14|10867|13400,江均/錢肯尼/威力斯/史東,1,10,11.0,160.66,2.68,02:41,160.66,2.68,02:41,11.0,11.0,100.0,147.89,6.0,6.0,54.55,80.67,4.0,4.0,36.36,53.78,4.0,4.0,36.36,53.78,2.0,2.0,18.18,26.89,2.0,2.0,18.18,26.89,2.0,2.0,18.18,26.89,2.0,2.0,18.18,26.89,4.0,4.0,36.36,53.78,2.0,2.0,18.18,26.89,0.0,0.0,0.0,0.0,1.0,1.0,9.09,13.44,0.0,0.0,0.0,0.0,1.0,1.0,9.09,13.44,1.0,1.0,9.09,13.44,3.0,3.0,27.27,40.33,1.0,1.0,9.09,13.44,0.0,0.0,0.0,0.0,3.0,3.0,27.27,40.33,2.0,2.0,18.18,26.89,100.0,54.55,45.45,98.59,5.0,5.0,45.45,2.68,2.68,1.25,0.95,1.0,1.0,0.5,0.15,0.75,0.0,1.0,0.5,9.09,0.0,0.27,18.18,1.0
4,高雄全家海神,45|51|111|116,施晉堯/克力斯/唐維傑/呂威霆,2,19,25.0,294.62,4.91,04:55,147.31,2.46,02:27,4.0,2.0,16.0,29.33,12.0,6.0,48.0,87.98,7.0,3.5,28.0,51.32,2.0,1.0,8.0,14.66,5.0,2.5,20.0,36.66,2.0,1.0,8.0,14.66,2.0,1.0,8.0,14.66,0.0,0.0,0.0,0.0,1.0,0.5,4.0,7.33,0.0,0.0,0.0,0.0,0.0,0.0,0.0,0.0,6.0,3.0,24.0,43.99,5.0,2.5,20.0,36.66,2.0,1.0,8.0,14.66,2.0,1.0,8.0,14.66,1.0,0.5,4.0,7.33,1.0,0.5,4.0,7.33,1.0,0.5,4.0,7.33,1.0,0.5,4.0,7.33,4.0,2.0,16.0,29.33,16.0,48.0,-32.0,122.19,-8.0,-4.0,-32.0,4.91,2.46,0.29,0.27,0.4,0.0,0.0,0.21,0.5,0.0,0.55,0.46,4.0,4.0,0.04,16.0,0.14
4,高雄全家海神,45|51|111|12908,施晉堯/克力斯/唐維傑/布里茲克,1,15,20.0,285.18,4.75,04:45,285.18,4.75,04:45,4.0,4.0,20.0,30.3,9.0,9.0,45.0,68.17,7.0,7.0,35.0,53.02,2.0,2.0,10.0,15.15,6.0,6.0,30.0,45.45,2.0,2.0,10.0,15.15,1.0,1.0,5.0,7.57,0.0,0.0,0.0,0.0,0.0,0.0,0.0,0.0,0.0,0.0,0.0,0.0,0.0,0.0,0.0,0.0,5.0,5.0,25.0,37.87,5.0,5.0,25.0,37.87,1.0,1.0,5.0,7.57,0.0,0.0,0.0,0.0,1.0,1.0,5.0,7.57,0.0,0.0,0.0,0.0,2.0,2.0,10.0,15.15,1.0,1.0,5.0,7.57,6.0,6.0,30.0,45.45,20.0,45.0,-25.0,100.99,-5.0,-5.0,-25.0,4.75,4.75,0.29,0.29,0.33,0.0,,0.0,0.5,0.0,0.5,0.45,0.0,10.0,0.05,30.0,0.0
4,高雄全家海神,51|111|116|12908,克力斯/唐維傑/呂威霆/布里茲克,2,18,23.0,343.55,5.73,05:44,171.78,2.86,02:52,4.0,2.0,17.39,25.15,13.0,6.5,56.52,81.73,9.0,4.5,39.13,56.59,2.0,1.0,8.7,12.57,6.0,3.0,26.09,37.72,2.0,1.0,8.7,12.57,3.0,1.5,13.04,18.86,0.0,0.0,0.0,0.0,0.0,0.0,0.0,0.0,0.0,0.0,0.0,0.0,1.0,0.5,4.35,6.29,6.0,3.0,26.09,37.72,4.0,2.0,17.39,25.15,2.0,1.0,8.7,12.57,0.0,0.0,0.0,0.0,1.0,0.5,4.35,6.29,0.0,0.0,0.0,0.0,1.0,0.5,4.35,6.29,1.0,0.5,4.35,6.29,4.0,2.0,17.39,25.15,17.39,56.52,-39.13,96.4,-9.0,-4.5,-39.13,5.73,2.86,0.22,0.22,0.33,0.0,,0.0,0.5,0.33,0.6,0.54,0.0,4.35,0.04,17.39,0.0
4,高雄全家海神,45|111|116|123,施晉堯/唐維傑/呂威霆/勤明慶,1,4,4.0,43.66,0.73,00:44,43.66,0.73,00:44,2.0,2.0,50.0,98.94,5.0,5.0,125.0,247.34,0.0,0.0,0.0,0.0,0.0,0.0,0.0,0.0,0.0,0.0,0.0,0.0,0.0,0.0,0.0,0.0,0.0,0.0,0.0,0.0,0.0,0.0,0.0,0.0,2.0,2.0,50.0,98.94,2.0,2.0,50.0,98.94,0.0,0.0,0.0,0.0,0.0,0.0,0.0,0.0,0.0,0.0,0.0,0.0,0.0,0.0,0.0,0.0,1.0,1.0,25.0,49.47,0.0,0.0,0.0,0.0,1.0,1.0,25.0,49.47,0.0,0.0,0.0,0.0,0.0,0.0,0.0,0.0,1.0,1.0,25.0,49.47,50.0,125.0,-75.0,131.92,-3.0,-3.0,-75.0,0.73,0.73,,1.14,,,1.0,0.53,,,,,25.0,0.0,0.0,25.0,
4,高雄全家海神,45|111|123|12908,施晉堯/唐維傑/勤明慶/布里茲克,1,4,4.0,43.66,0.73,00:44,43.66,0.73,00:44,2.0,2.0,50.0,98.94,5.0,5.0,125.0,247.34,0.0,0.0,0.0,0.0,0.0,0.0,0.0,0.0,0.0,0.0,0.0,0.0,0.0,0.0,0.0,0.0,0.0,0.0,0.0,0.0,0.0,0.0,0.0,0.0,2.0,2.0,50.0,98.94,2.0,2.0,50.0,98.94,0.0,0.0,0.0,0.0,0.0,0.0,0.0,0.0,0.0,0.0,0.0,0.0,0.0,0.0,0.0,0.0,1.0,1.0,25.0,49.47,0.0,0.0,0.0,0.0,1.0,1.0,25.0,49.47,0.0,0.0,0.0,0.0,0.0,0.0,0.0,0.0,1.0,1.0,25.0,49.47,50.0,125.0,-75.0,131.92,-3.0,-3.0,-75.0,0.73,0.73,,1.14,,,1.0,0.53,,,,,25.0,0.0,0.0,25.0,
4,高雄全家海神,45|116|123|12908,施晉堯/呂威霆/勤明慶/布里茲克,1,4,4.0,43.66,0.73,00:44,43.66,0.73,00:44,2.0,2.0,50.0,98.94,5.0,5.0,125.0,247.34,0.0,0.0,0.0,0.0,0.0,0.0,0.0,0.0,0.0,0.0,0.0,0.0,0.0,0.0,0.0,0.0,0.0,0.0,0.0,0.0,0.0,0.0,0.0,0.0,2.0,2.0,50.0,98.94,2.0,2.0,50.0,98.94,0.0,0.0,0.0,0.0,0.0,0.0,0.0,0.0,0.0,0.0,0.0,0.0,0.0,0.0,0.0,0.0,1.0,1.0,25.0,49.47,0.0,0.0,0.0,0.0,1.0,1.0,25.0,49.47,0.0,0.0,0.0,0.0,0.0,0.0,0.0,0.0,1.0,1.0,25.0,49.47,50.0,125.0,-75.0,131.92,-3.0,-3.0,-75.0,0.73,0.73,,1.14,,,1.0,0.53,,,,,25.0,0.0,0.0,25.0,
4,高雄全家海神,111|116|123|12908,唐維傑/呂威霆/勤明慶/布里茲克,1,4,4.0,43.66,0.73,00:44,43.66,0.73,00:44,2.0,2.0,50.0,98.94,5.0,5.0,125.0,247.34,0.0,0.0,0.0,0.0,0.0,0.0,0.0,0.0,0.0,0.0,0.0,0.0,0.0,0.0,0.0,0.0,0.0,0.0,0.0,0.0,0.0,0.0,0.0,0.0,2.0,2.0,50.0,98.94,2.0,2.0,50.0,98.94,0.0,0.0,0.0,0.0,0.0,0.0,0.0,0.0,0.0,0.0,0.0,0.0,0.0,0.0,0.0,0.0,1.0,1.0,25.0,49.47,0.0,0.0,0.0,0.0,1.0,1.0,25.0,49.47,0.0,0.0,0.0,0.0,0.0,0.0,0.0,0.0,1.0,1.0,25.0,49.47,50.0,125.0,-75.0,131.92,-3.0,-3.0,-75.0,0.73,0.73,,1.14,,,1.0,0.53,,,,,25.0,0.0,0.0,25.0,
4,高雄全家海神,116|119|123|12908,呂威霆/余純安/勤明慶/布里茲克,1,5,7.0,75.86,1.26,01:16,75.86,1.26,01:16,5.0,5.0,71.43,142.36,4.0,4.0,57.14,113.89,2.0,2.0,28.57,56.95,1.0,1.0,14.29,28.47,1.0,1.0,14.29,28.47,1.0,1.0,14.29,28.47,1.0,1.0,14.29,28.47,0.0,0.0,0.0,0.0,4.0,4.0,57.14,113.89,3.0,3.0,42.86,85.42,0.0,0.0,0.0,0.0,0.0,0.0,0.0,0.0,0.0,0.0,0.0,0.0,0.0,0.0,0.0,0.0,0.0,0.0,0.0,0.0,0.0,0.0,0.0,0.0,0.0,0.0,0.0,0.0,0.0,0.0,0.0,0.0,4.0,4.0,57.14,113.89,1.0,1.0,14.29,28.47,71.43,57.14,14.29,132.87,1.0,1.0,14.29,1.26,1.26,0.5,0.66,1.0,0.0,0.75,0.0,0.0,,,,0.0,0.0,0.57,14.29,2.0
4,高雄全家海神,116|119|123|13275,呂威霆/余純安/勤明慶/吳彥侖,1,5,7.0,75.86,1.26,01:16,75.86,1.26,01:16,5.0,5.0,71.43,142.36,4.0,4.0,57.14,113.89,2.0,2.0,28.57,56.95,1.0,1.0,14.29,28.47,1.0,1.0,14.29,28.47,1.0,1.0,14.29,28.47,1.0,1.0,14.29,28.47,0.0,0.0,0.0,0.0,4.0,4.0,57.14,113.89,3.0,3.0,42.86,85.42,0.0,0.0,0.0,0.0,0.0,0.0,0.0,0.0,0.0,0.0,0.0,0.0,0.0,0.0,0.0,0.0,0.0,0.0,0.0,0.0,0.0,0.0,0.0,0.0,0.0,0.0,0.0,0.0,0.0,0.0,0.0,0.0,4.0,4.0,57.14,113.89,1.0,1.0,14.29,28.47,71.43,57.14,14.29,132.87,1.0,1.0,14.29,1.26,1.26,0.5,0.66,1.0,0.0,0.75,0.0,0.0,,,,0.0,0.0,0.57,14.29,2.0
4,高雄全家海神,116|119|12908|13275,呂威霆/余純安/布里茲克/吳彥侖,1,15,20.0,226.87,3.78,03:47,226.87,3.78,03:47,14.0,14.0,70.0,133.29,12.0,12.0,60.0,114.25,8.0,8.0,40.0,76.17,4.0,4.0,20.0,38.08,3.0,3.0,15.0,28.56,1.0,1.0,5.0,9.52,5.0,5.0,25.0,47.6,3.0,3.0,15.0,28.56,4.0,4.0,20.0,38.08,3.0,3.0,15.0,28.56,1.0,1.0,5.0,9.52,2.0,2.0,10.0,19.04,1.0,1.0,5.0,9.52,0.0,0.0,0.0,0.0,0.0,0.0,0.0,0.0,3.0,3.0,15.0,28.56,0.0,0.0,0.0,0.0,0.0,0.0,0.0,0.0,6.0,6.0,30.0,57.12,3.0,3.0,15.0,28.56,70.0,60.0,10.0,126.94,2.0,2.0,10.0,3.78,3.78,0.69,0.72,0.33,0.6,0.75,0.0,0.75,1.0,0.67,0.75,0.0,0.0,0.3,15.0,0.5
4,高雄全家海神,116|123|12908|13275,呂威霆/勤明慶/布里茲克/吳彥侖,1,5,7.0,75.86,1.26,01:16,75.86,1.26,01:16,5.0,5.0,71.43,142.36,4.0,4.0,57.14,113.89,2.0,2.0,28.57,56.95,1.0,1.0,14.29,28.47,1.0,1.0,14.29,28.47,1.0,1.0,14.29,28.47,1.0,1.0,14.29,28.47,0.0,0.0,0.0,0.0,4.0,4.0,57.14,113.89,3.0,3.0,42.86,85.42,0.0,0.0,0.0,0.0,0.0,0.0,0.0,0.0,0.0,0.0,0.0,0.0,0.0,0.0,0.0,0.0,0.0,0.0,0.0,0.0,0.0,0.0,0.0,0.0,0.0,0.0,0.0,0.0,0.0,0.0,0.0,0.0,4.0,4.0,57.14,113.89,1.0,1.0,14.29,28.47,71.43,57.14,14.29,132.87,1.0,1.0,14.29,1.26,1.26,0.5,0.66,1.0,0.0,0.75,0.0,0.0,,,,0.0,0.0,0.57,14.29,2.0
4,高雄全家海神,119|123|12908|13275,余純安/勤明慶/布里茲克/吳彥侖,1,5,7.0,75.86,1.26,01:16,75.86,1.26,01:16,5.0,5.0,71.43,142.36,4.0,4.0,57.14,113.89,2.0,2.0,28.57,56.95,1.0,1.0,14.29,28.47,1.0,1.0,14.29,28.47,1.0,1.0,14.29,28.47,1.0,1.0,14.29,28.47,0.0,0.0,0.0,0.0,4.0,4.0,57.14,113.89,3.0,3.0,42.86,85.42,0.0,0.0,0.0,0.0,0.0,0.0,0.0,0.0,0.0,0.0,0.0,0.0,0.0,0.0,0.0,0.0,0.0,0.0,0.0,0.0,0.0,0.0,0.0,0.0,0.0,0.0,0.0,0.0,0.0,0.0,0.0,0.0,4.0,4.0,57.14,113.89,1.0,1.0,14.29,28.47,71.43,57.14,14.29,132.87,1.0,1.0,14.29,1.26,1.26,0.5,0.66,1.0,0.0,0.75,0.0,0.0,,,,0.0,0.0,0.57,14.29,2.0
4,臺北台新戰神,1|2|14|10869,丁聖儒/江均/錢肯尼/基德,1,2,4.0,39.0,0.65,00:39,39.0,0.65,00:39,1.0,1.0,25.0,55.38,1.0,1.0,25.0,55.38,0.0,0.0,0.0,0.0,0.0,0.0,0.0,0.0,0.0,0.0,0.0,0.0,0.0,0.0,0.0,0.0,0.0,0.0,0.0,0.0,0.0,0.0,0.0,0.0,0.0,0.0,0.0,0.0,0.0,0.0,0.0,0.0,0.0,0.0,0.0,0.0,0.0,0.0,0.0,0.0,0.0,0.0,0.0,0.0,0.0,0.0,0.0,0.0,1.0,1.0,25.0,55.38,0.0,0.0,0.0,0.0,0.0,0.0,0.0,0.0,0.0,0.0,0.0,0.0,1.0,1.0,25.0,55.38,2.0,2.0,50.0,110.77,25.0,25.0,0.0,147.69,0.0,0.0,0.0,0.65,0.65,,,,,,1.0,,,,,0.0,0.0,0.25,50.0,
4,臺北台新戰神,1|2|10867|10869,丁聖儒/江均/威力斯/基德,1,2,4.0,39.0,0.65,00:39,39.0,0.65,00:39,1.0,1.0,25.0,55.38,1.0,1.0,25.0,55.38,0.0,0.0,0.0,0.0,0.0,0.0,0.0,0.0,0.0,0.0,0.0,0.0,0.0,0.0,0.0,0.0,0.0,0.0,0.0,0.0,0.0,0.0,0.0,0.0,0.0,0.0,0.0,0.0,0.0,0.0,0.0,0.0,0.0,0.0,0.0,0.0,0.0,0.0,0.0,0.0,0.0,0.0,0.0,0.0,0.0,0.0,0.0,0.0,1.0,1.0,25.0,55.38,0.0,0.0,0.0,0.0,0.0,0.0,0.0,0.0,0.0,0.0,0.0,0.0,1.0,1.0,25.0,55.38,2.0,2.0,50.0,110.77,25.0,25.0,0.0,147.69,0.0,0.0,0.0,0.65,0.65,,,,,,1.0,,,,,0.0,0.0,0.25,50.0,
4,臺北台新戰神,2|14|10867|10869,江均/錢肯尼/威力斯/基德,1,2,4.0,39.0,0.65,00:39,39.0,0.65,00:39,1.0,1.0,25.0,55.38,1.0,1.0,25.0,55.38,0.0,0.0,0.0,0.0,0.0,0.0,0.0,0.0,0.0,0.0,0.0,0.0,0.0,0.0,0.0,0.0,0.0,0.0,0.0,0.0,0.0,0.0,0.0,0.0,0.0,0.0,0.0,0.0,0.0,0.0,0.0,0.0,0.0,0.0,0.0,0.0,0.0,0.0,0.0,0.0,0.0,0.0,0.0,0.0,0.0,0.0,0.0,0.0,1.0,1.0,25.0,55.38,0.0,0.0,0.0,0.0,0.0,0.0,0.0,0.0,0.0,0.0,0.0,0.0,1.0,1.0,25.0,55.38,2.0,2.0,50.0,110.77,25.0,25.0,0.0,147.69,0.0,0.0,0.0,0.65,0.65,,,,,,1.0,,,,,0.0,0.0,0.25,50.0,
4,高雄全家海神,51|111|116|119,克力斯/唐維傑/呂威霆/余純安,2,15,19.0,238.51,3.98,03:59,119.26,1.99,01:59,4.0,2.0,21.05,36.22,13.0,6.5,68.42,117.73,8.0,4.0,42.11,72.45,2.0,1.0,10.53,18.11,5.0,2.5,26.32,45.28,2.0,1.0,10.53,18.11,3.0,1.5,15.79,27.17,0.0,0.0,0.0,0.0,3.0,1.5,15.79,27.17,2.0,1.0,10.53,18.11,1.0,0.5,5.26,9.06,6.0,3.0,31.58,54.34,2.0,1.0,10.53,18.11,0.0,0.0,0.0,0.0,0.0,0.0,0.0,0.0,2.0,1.0,10.53,18.11,0.0,0.0,0.0,0.0,0.0,0.0,0.0,0.0,2.0,1.0,10.53,18.11,2.0,1.0,10.53,18.11,21.05,68.42,-47.37,114.71,-9.0,-4.5,-47.37,3.98,1.99,0.25,0.21,0.4,0.0,0.67,0.0,1.0,1.0,0.75,0.78,0.0,0.0,0.11,10.53,0.38
4,高雄全家海神,51|111|116|13275,克力斯/唐維傑/呂威霆/吳彥侖,1,11,14.0,190.0,3.17,03:10,190.0,3.17,03:10,4.0,4.0,28.57,45.47,13.0,13.0,92.86,147.79,6.0,6.0,42.86,68.21,1.0,1.0,7.14,11.37,5.0,5.0,35.71,56.84,1.0,1.0,7.14,11.37,1.0,1.0,7.14,11.37,0.0,0.0,0.0,0.0,3.0,3.0,21.43,34.11,2.0,2.0,14.29,22.74,2.0,2.0,14.29,22.74,3.0,3.0,21.43,34.11,0.0,0.0,0.0,0.0,1.0,1.0,7.14,11.37,0.0,0.0,0.0,0.0,2.0,2.0,14.29,22.74,0.0,0.0,0.0,0.0,2.0,2.0,14.29,22.74,2.0,2.0,14.29,22.74,3.0,3.0,21.43,34.11,28.57,92.86,-64.29,106.11,-9.0,-9.0,-64.29,3.17,3.17,0.17,0.27,0.2,0.0,0.67,0.0,2.0,0.67,1.0,0.83,0.0,14.29,0.14,21.43,0.5
4,高雄全家海神,51|116|119|13275,克力斯/呂威霆/余純安/吳彥侖,1,17,21.0,268.01,4.47,04:28,268.01,4.47,04:28,11.0,11.0,52.38,88.65,16.0,16.0,76.19,128.95,10.0,10.0,47.62,80.59,4.0,4.0,19.05,32.24,5.0,5.0,23.81,40.3,1.0,1.0,4.76,8.06,5.0,5.0,23.81,40.3,3.0,3.0,14.29,24.18,0.0,0.0,0.0,0.0,0.0,0.0,0.0,0.0,2.0,2.0,9.52,16.12,4.0,4.0,19.05,32.24,1.0,1.0,4.76,8.06,0.0,0.0,0.0,0.0,0.0,0.0,0.0,0.0,5.0,5.0,23.81,40.3,0.0,0.0,0.0,0.0,0.0,0.0,0.0,0.0,3.0,3.0,14.29,24.18,4.0,4.0,19.05,32.24,52.38,76.19,-23.81,112.83,-5.0,-5.0,-23.81,4.47,4.47,0.55,0.55,0.2,0.6,,0.0,1.25,1.0,0.8,0.86,0.0,0.0,0.14,19.05,0.0
4,高雄全家海神,111|116|119|13275,唐維傑/呂威霆/余純安/吳彥侖,1,7,8.0,117.0,1.95,01:57,117.0,1.95,01:57,2.0,2.0,25.0,36.92,8.0,8.0,100.0,147.69,4.0,4.0,50.0,73.85,1.0,1.0,12.5,18.46,3.0,3.0,37.5,55.38,1.0,1.0,12.5,18.46,1.0,1.0,12.5,18.46,0.0,0.0,0.0,0.0,0.0,0.0,0.0,0.0,0.0,0.0,0.0,0.0,1.0,1.0,12.5,18.46,2.0,2.0,25.0,36.92,0.0,0.0,0.0,0.0,0.0,0.0,0.0,0.0,0.0,0.0,0.0,0.0,2.0,2.0,25.0,36.92,0.0,0.0,0.0,0.0,0.0,0.0,0.0,0.0,1.0,1.0,12.5,18.46,2.0,2.0,25.0,36.92,25.0,100.0,-75.0,98.46,-6.0,-6.0,-75.0,1.95,1.95,0.25,0.25,0.33,0.0,,0.0,2.0,1.0,1.0,1.0,0.0,0.0,0.12,25.0,0.0
4,高雄全家海神,45|51|111|119,施晉堯/克力斯/唐維傑/余純安,1,4,7.0,48.45,0.81,00:48,48.45,0.81,00:48,2.0,2.0,28.57,89.17,5.0,5.0,71.43,222.92,2.0,2.0,28.57,89.17,1.0,1.0,14.29,44.58,2.0,2.0,28.57,89.17,1.0,1.0,14.29,44.58,0.0,0.0,0.0,0.0,0.0,0.0,0.0,0.0,1.0,1.0,14.29,44.58,0.0,0.0,0.0,0.0,0.0,0.0,0.0,0.0,2.0,2.0,28.57,89.17,2.0,2.0,28.57,89.17,0.0,0.0,0.0,0.0,0.0,0.0,0.0,0.0,0.0,0.0,0.0,0.0,0.0,0.0,0.0,0.0,0.0,0.0,0.0,0.0,0.0,0.0,0.0,0.0,0.0,0.0,0.0,0.0,28.57,71.43,-42.86,208.06,-3.0,-3.0,-42.86,0.81,0.81,0.5,0.41,0.5,,0.0,0.0,0.0,,0.5,0.5,0.0,0.0,0.0,0.0,0.5
4,高雄全家海神,45|51|116|119,施晉堯/克力斯/呂威霆/余純安,2,18,22.0,275.35,4.59,04:35,137.67,2.29,02:18,15.0,7.5,68.18,117.67,18.0,9.0,81.82,141.2,7.0,3.5,31.82,54.91,5.0,2.5,22.73,39.22,2.0,1.0,9.09,15.69,1.0,0.5,4.55,7.84,5.0,2.5,22.73,39.22,4.0,2.0,18.18,31.38,4.0,2.0,18.18,31.38,1.0,0.5,4.55,7.84,0.0,0.0,0.0,0.0,3.0,1.5,13.64,23.53,2.0,1.0,9.09,15.69,1.0,0.5,4.55,7.84,1.0,0.5,4.55,7.84,3.0,1.5,13.64,23.53,1.0,0.5,4.55,7.84,0.0,0.0,0.0,0.0,1.0,0.5,4.55,7.84,2.0,1.0,9.09,15.69,68.18,81.82,-13.64,115.06,-3.0,-1.5,-13.64,4.59,2.29,1.0,0.86,0.5,0.8,0.25,0.1,0.6,0.0,0.6,0.5,4.55,0.0,0.05,9.09,0.57
4,臺北台新戰神,1|14|10869|13400,丁聖儒/錢肯尼/基德/史東,7,234,271.0,4192.45,69.87,69:52,598.92,9.98,09:59,138.0,19.71,50.92,71.1,123.0,17.57,45.39,63.37,108.0,15.43,39.85,55.64,50.0,7.14,18.45,25.76,58.0,8.29,21.4,29.88,29.0,4.14,10.7,14.94,50.0,7.14,18.45,25.76,21.0,3.0,7.75,10.82,22.0,3.14,8.12,11.33,17.0,2.43,6.27,8.76,16.0,2.29,5.9,8.24,43.0,6.14,15.87,22.15,17.0,2.43,6.27,8.76,29.0,4.14,10.7,14.94,16.0,2.29,5.9,8.24,31.0,4.43,11.44,15.97,9.0,1.29,3.32,4.64,7.0,1.0,2.58,3.61,17.0,2.43,6.27,8.76,18.0,2.57,6.64,9.27,50.92,45.39,5.54,93.08,15.0,2.14,5.54,69.87,9.98,0.56,0.59,0.5,0.42,0.77,0.12,0.62,0.36,0.72,0.56,3.32,2.58,0.06,6.64,0.2
4,高雄全家海神,51|109|111|116,克力斯/于煥亞/唐維傑/呂威霆,3,57,70.0,968.44,16.14,16:08,322.81,5.38,05:23,27.0,9.0,38.57,60.22,37.0,12.33,52.86,82.52,33.0,11.0,47.14,73.6,11.0,3.67,15.71,24.53,19.0,6.33,27.14,42.38,9.0,3.0,12.86,20.07,14.0,4.67,20.0,31.23,2.0,0.67,2.86,4.46,5.0,1.67,7.14,11.15,3.0,1.0,4.29,6.69,9.0,3.0,12.86,20.07,12.0,4.0,17.14,26.76,3.0,1.0,4.29,6.69,6.0,2.0,8.57,13.38,1.0,0.33,1.43,2.23,5.0,1.67,7.14,11.15,1.0,0.33,1.43,2.23,3.0,1.0,4.29,6.69,5.0,1.67,7.14,11.15,7.0,2.33,10.0,15.61,38.57,52.86,-14.29,104.09,-10.0,-3.33,-14.29,16.14,5.38,0.36,0.38,0.47,0.14,0.6,0.03,0.45,0.6,0.8,0.7,1.43,4.29,0.07,10.0,0.15
4,高雄全家海神,109|111|116|13275,于煥亞/唐維傑/呂威霆/吳彥侖,1,5,7.0,73.72,1.23,01:14,73.72,1.23,01:14,4.0,4.0,57.14,117.2,5.0,5.0,71.43,146.5,2.0,2.0,28.57,58.6,0.0,0.0,0.0,0.0,2.0,2.0,28.57,58.6,0.0,0.0,0.0,0.0,0.0,0.0,0.0,0.0,0.0,0.0,0.0,0.0,5.0,5.0,71.43,146.5,4.0,4.0,57.14,117.2,1.0,1.0,14.29,29.3,1.0,1.0,14.29,29.3,0.0,0.0,0.0,0.0,1.0,1.0,14.29,29.3,0.0,0.0,0.0,0.0,0.0,0.0,0.0,0.0,0.0,0.0,0.0,0.0,2.0,2.0,28.57,58.6,2.0,2.0,28.57,58.6,1.0,1.0,14.29,29.3,57.14,71.43,-14.29,136.73,-1.0,-1.0,-14.29,1.23,1.23,0.0,0.48,0.0,,0.8,0.0,,0.5,1.0,0.67,0.0,28.57,0.29,14.29,2.5
4,高雄全家海神,111|116|12908|13275,唐維傑/呂威霆/布里茲克/吳彥侖,1,1,1.0,0.72,0.01,00:01,0.72,0.01,00:01,2.0,2.0,200.0,5983.38,0.0,0.0,0.0,0.0,0.0,0.0,0.0,0.0,0.0,0.0,0.0,0.0,0.0,0.0,0.0,0.0,0.0,0.0,0.0,0.0,0.0,0.0,0.0,0.0,0.0,0.0,0.0,0.0,2.0,2.0,200.0,5983.38,2.0,2.0,200.0,5983.38,0.0,0.0,0.0,0.0,0.0,0.0,0.0,0.0,0.0,0.0,0.0,0.0,0.0,0.0,0.0,0.0,0.0,0.0,0.0,0.0,0.0,0.0,0.0,0.0,0.0,0.0,0.0,0.0,0.0,0.0,0.0,0.0,1.0,1.0,100.0,2991.69,0.0,0.0,0.0,0.0,200.0,0.0,200.0,1994.46,2.0,2.0,200.0,0.01,0.01,,1.14,,,1.0,0.0,,,,,0.0,0.0,1.0,0.0,
4,臺北台新戰神,1|10|10865|13400,丁聖儒/雷蒙恩/謝銘駿/史東,6,74,89.0,1235.92,20.6,20:36,205.99,3.43,03:26,42.0,7.0,47.19,73.4,63.0,10.5,70.79,110.1,35.0,5.83,39.33,61.17,15.0,2.5,16.85,26.22,22.0,3.67,24.72,38.45,13.0,2.17,14.61,22.72,13.0,2.17,14.61,22.72,2.0,0.33,2.25,3.5,11.0,1.83,12.36,19.22,7.0,1.17,7.87,12.23,7.0,1.17,7.87,12.23,15.0,2.5,16.85,26.22,4.0,0.67,4.49,6.99,6.0,1.0,6.74,10.49,4.0,0.67,4.49,6.99,4.0,0.67,4.49,6.99,1.0,0.17,1.12,1.75,3.0,0.5,3.37,5.24,6.0,1.0,6.74,10.49,16.0,2.67,17.98,27.96,47.19,70.79,-23.6,103.7,-21.0,-3.5,-23.6,20.6,3.43,0.46,0.53,0.59,0.15,0.64,0.09,0.27,0.54,0.79,0.69,1.12,3.37,0.07,17.98,0.31
4,臺北台新戰神,1|10865|10869|13400,丁聖儒/謝銘駿/基德/史東,6,136,163.0,2107.56,35.13,35:08,351.26,5.85,05:51,68.0,11.33,41.72,69.69,81.0,13.5,49.69,83.02,62.0,10.33,38.04,63.54,28.0,4.67,17.18,28.7,37.0,6.17,22.7,37.92,23.0,3.83,14.11,23.57,25.0,4.17,15.34,25.62,5.0,0.83,3.07,5.12,12.0,2.0,7.36,12.3,6.0,1.0,3.68,6.15,12.0,2.0,7.36,12.3,26.0,4.33,15.95,26.65,13.0,2.17,7.98,13.32,12.0,2.0,7.36,12.3,12.0,2.0,7.36,12.3,10.0,1.67,6.13,10.25,4.0,0.67,2.45,4.1,6.0,1.0,3.68,6.15,9.0,1.5,5.52,9.22,16.0,2.67,9.82,16.4,41.72,49.69,-7.98,111.37,-13.0,-2.17,-7.98,35.13,5.85,0.49,0.51,0.62,0.2,0.5,0.15,0.36,0.5,0.67,0.6,2.45,3.68,0.06,9.82,0.19
4,高雄全家海神,45|109|110|116,施晉堯/于煥亞/胡瓏貿/呂威霆,1,8,9.0,132.0,2.2,02:12,132.0,2.2,02:12,3.0,3.0,33.33,49.09,2.0,2.0,22.22,32.73,3.0,3.0,33.33,49.09,1.0,1.0,11.11,16.36,1.0,1.0,11.11,16.36,0.0,0.0,0.0,0.0,2.0,2.0,22.22,32.73,1.0,1.0,11.11,16.36,0.0,0.0,0.0,0.0,0.0,0.0,0.0,0.0,0.0,0.0,0.0,0.0,2.0,2.0,22.22,32.73,0.0,0.0,0.0,0.0,2.0,2.0,22.22,32.73,1.0,1.0,11.11,16.36,1.0,1.0,11.11,16.36,0.0,0.0,0.0,0.0,0.0,0.0,0.0,0.0,0.0,0.0,0.0,0.0,2.0,2.0,22.22,32.73,33.33,22.22,11.11,98.18,1.0,1.0,11.11,2.2,2.2,0.5,0.5,0.0,0.5,,0.25,1.0,0.0,1.0,0.5,0.0,0.0,0.0,22.22,0.0
4,高雄全家海神,109|110|116|12908,于煥亞/胡瓏貿/呂威霆/布里茲克,1,8,9.0,132.0,2.2,02:12,132.0,2.2,02:12,3.0,3.0,33.33,49.09,2.0,2.0,22.22,32.73,3.0,3.0,33.33,49.09,1.0,1.0,11.11,16.36,1.0,1.0,11.11,16.36,0.0,0.0,0.0,0.0,2.0,2.0,22.22,32.73,1.0,1.0,11.11,16.36,0.0,0.0,0.0,0.0,0.0,0.0,0.0,0.0,0.0,0.0,0.0,0.0,2.0,2.0,22.22,32.73,0.0,0.0,0.0,0.0,2.0,2.0,22.22,32.73,1.0,1.0,11.11,16.36,1.0,1.0,11.11,16.36,0.0,0.0,0.0,0.0,0.0,0.0,0.0,0.0,0.0,0.0,0.0,0.0,2.0,2.0,22.22,32.73,33.33,22.22,11.11,98.18,1.0,1.0,11.11,2.2,2.2,0.5,0.5,0.0,0.5,,0.25,1.0,0.0,1.0,0.5,0.0,0.0,0.0,22.22,0.0
4,高雄全家海神,51|109|110|13275,克力斯/于煥亞/胡瓏貿/吳彥侖,3,59,67.0,944.05,15.73,15:44,314.68,5.24,05:15,39.0,13.0,58.21,89.23,28.0,9.33,41.79,64.06,28.0,9.33,41.79,64.06,13.0,4.33,19.4,29.74,12.0,4.0,17.91,27.46,7.0,2.33,10.45,16.02,16.0,5.33,23.88,36.61,6.0,2.0,8.96,13.73,6.0,2.0,8.96,13.73,6.0,2.0,8.96,13.73,3.0,1.0,4.48,6.86,12.0,4.0,17.91,27.46,4.0,1.33,5.97,9.15,5.0,1.67,7.46,11.44,3.0,1.0,4.48,6.86,7.0,2.33,10.45,16.02,2.0,0.67,2.99,4.58,1.0,0.33,1.49,2.29,5.0,1.67,7.46,11.44,6.0,2.0,8.96,13.73,58.21,41.79,16.42,102.2,11.0,3.67,16.42,15.73,5.24,0.57,0.64,0.58,0.38,1.0,0.09,0.54,0.38,0.75,0.62,2.99,1.49,0.07,8.96,0.21
4,高雄全家海神,45|51|110|111,施晉堯/克力斯/胡瓏貿/唐維傑,2,11,13.0,238.0,3.97,03:58,119.0,1.98,01:59,7.0,3.5,53.85,63.53,10.0,5.0,76.92,90.76,5.0,2.5,38.46,45.38,3.0,1.5,23.08,27.23,4.0,2.0,30.77,36.3,2.0,1.0,15.38,18.15,1.0,0.5,7.69,9.08,1.0,0.5,7.69,9.08,0.0,0.0,0.0,0.0,0.0,0.0,0.0,0.0,0.0,0.0,0.0,0.0,2.0,1.0,15.38,18.15,2.0,1.0,15.38,18.15,1.0,0.5,7.69,9.08,1.0,0.5,7.69,9.08,1.0,0.5,7.69,9.08,0.0,0.0,0.0,0.0,1.0,0.5,7.69,9.08,1.0,0.5,7.69,9.08,2.0,1.0,15.38,18.15,53.85,76.92,-23.08,78.66,-3.0,-1.5,-23.08,3.97,1.98,0.7,0.7,0.5,1.0,,0.17,0.33,0.0,0.5,0.4,0.0,7.69,0.08,15.38,0.0
4,高雄全家海神,45|110|111|12908,施晉堯/胡瓏貿/唐維傑/布里茲克,1,6,8.0,127.0,2.12,02:07,127.0,2.12,02:07,2.0,2.0,25.0,34.02,5.0,5.0,62.5,85.04,3.0,3.0,37.5,51.02,1.0,1.0,12.5,17.01,3.0,3.0,37.5,51.02,1.0,1.0,12.5,17.01,0.0,0.0,0.0,0.0,0.0,0.0,0.0,0.0,0.0,0.0,0.0,0.0,0.0,0.0,0.0,0.0,0.0,0.0,0.0,0.0,2.0,2.0,25.0,34.02,2.0,2.0,25.0,34.02,1.0,1.0,12.5,17.01,0.0,0.0,0.0,0.0,0.0,0.0,0.0,0.0,0.0,0.0,0.0,0.0,1.0,1.0,12.5,17.01,0.0,0.0,0.0,0.0,2.0,2.0,25.0,34.02,25.0,62.5,-37.5,90.71,-3.0,-3.0,-37.5,2.12,2.12,0.33,0.33,0.33,,,0.0,0.0,0.0,0.5,0.4,0.0,12.5,0.0,25.0,0.0
4,高雄全家海神,51|110|111|12908,克力斯/胡瓏貿/唐維傑/布里茲克,2,22,27.0,406.0,6.77,06:46,203.0,3.38,03:23,6.0,3.0,22.22,31.92,15.0,7.5,55.56,79.8,7.0,3.5,25.93,37.24,3.0,1.5,11.11,15.96,5.0,2.5,18.52,26.6,3.0,1.5,11.11,15.96,2.0,1.0,7.41,10.64,0.0,0.0,0.0,0.0,1.0,0.5,3.7,5.32,0.0,0.0,0.0,0.0,0.0,0.0,0.0,0.0,5.0,2.5,18.52,26.6,5.0,2.5,18.52,26.6,4.0,2.0,14.81,21.28,4.0,2.0,14.81,21.28,1.0,0.5,3.7,5.32,2.0,1.0,7.41,10.64,1.0,0.5,3.7,5.32,2.0,1.0,7.41,10.64,5.0,2.5,18.52,26.6,22.22,55.56,-33.33,95.76,-9.0,-4.5,-33.33,6.77,3.38,0.43,0.4,0.6,0.0,0.0,0.35,0.33,0.0,0.5,0.36,7.41,3.7,0.07,18.52,0.14
4,高雄全家海神,51|109|116|121,克力斯/于煥亞/呂威霆/吳曉謹,3,57,75.0,1018.5,16.97,16:58,339.5,5.66,05:39,39.0,13.0,52.0,82.71,32.0,10.67,42.67,67.86,35.0,11.67,46.67,74.23,15.0,5.0,20.0,31.81,23.0,7.67,30.67,48.78,11.0,3.67,14.67,23.33,12.0,4.0,16.0,25.45,4.0,1.33,5.33,8.48,3.0,1.0,4.0,6.36,3.0,1.0,4.0,6.36,11.0,3.67,14.67,23.33,9.0,3.0,12.0,19.09,6.0,2.0,8.0,12.72,9.0,3.0,12.0,19.09,2.0,0.67,2.67,4.24,8.0,2.67,10.67,16.97,1.0,0.33,1.33,2.12,1.0,0.33,1.33,2.12,7.0,2.33,9.33,14.85,8.0,2.67,10.67,16.97,52.0,42.67,9.33,106.04,7.0,2.33,9.33,16.97,5.66,0.49,0.54,0.48,0.33,1.0,0.05,0.53,0.55,0.6,0.57,1.33,1.33,0.09,10.67,0.09
4,高雄全家海神,51|109|121|12908,克力斯/于煥亞/吳曉謹/布里茲克,3,33,39.0,546.34,9.11,09:06,182.11,3.04,03:02,26.0,8.67,66.67,102.79,16.0,5.33,41.03,63.26,16.0,5.33,41.03,63.26,10.0,3.33,25.64,39.54,10.0,3.33,25.64,39.54,8.0,2.67,20.51,31.63,6.0,2.0,15.38,23.72,2.0,0.67,5.13,7.91,4.0,1.33,10.26,15.81,4.0,1.33,10.26,15.81,1.0,0.33,2.56,3.95,4.0,1.33,10.26,15.81,5.0,1.67,12.82,19.77,6.0,2.0,15.38,23.72,1.0,0.33,2.56,3.95,3.0,1.0,7.69,11.86,1.0,0.33,2.56,3.95,0.0,0.0,0.0,0.0,5.0,1.67,12.82,19.77,4.0,1.33,10.26,15.81,66.67,41.03,25.64,102.79,10.0,3.33,25.64,9.11,3.04,0.69,0.73,0.8,0.33,1.0,0.05,0.3,0.14,0.44,0.31,2.56,0.0,0.13,10.26,0.25
4,高雄全家海神,109|116|121|12908,于煥亞/呂威霆/吳曉謹/布里茲克,3,30,37.0,554.62,9.24,09:15,184.87,3.08,03:05,26.0,8.67,70.27,101.26,12.0,4.0,32.43,46.73,17.0,5.67,45.95,66.21,10.0,3.33,27.03,38.95,12.0,4.0,32.43,46.73,7.0,2.33,18.92,27.26,5.0,1.67,13.51,19.47,3.0,1.0,8.11,11.68,3.0,1.0,8.11,11.68,3.0,1.0,8.11,11.68,2.0,0.67,5.41,7.79,5.0,1.67,13.51,19.47,3.0,1.0,8.11,11.68,7.0,2.33,18.92,27.26,2.0,0.67,5.41,7.79,4.0,1.33,10.81,15.58,1.0,0.33,2.7,3.89,0.0,0.0,0.0,0.0,5.0,1.67,13.51,19.47,4.0,1.33,10.81,15.58,70.27,32.43,37.84,96.07,14.0,4.67,37.84,9.24,3.08,0.68,0.71,0.58,0.6,1.0,0.1,0.4,0.22,0.62,0.41,2.7,0.0,0.14,10.81,0.18
4,高雄全家海神,45|110|111|116,施晉堯/胡瓏貿/唐維傑/呂威霆,1,1,1.0,17.0,0.28,00:17,17.0,0.28,00:17,0.0,0.0,0.0,0.0,0.0,0.0,0.0,0.0,0.0,0.0,0.0,0.0,0.0,0.0,0.0,0.0,0.0,0.0,0.0,0.0,0.0,0.0,0.0,0.0,0.0,0.0,0.0,0.0,0.0,0.0,0.0,0.0,0.0,0.0,0.0,0.0,0.0,0.0,0.0,0.0,0.0,0.0,0.0,0.0,0.0,0.0,0.0,0.0,0.0,0.0,0.0,0.0,1.0,1.0,100.0,127.06,0.0,0.0,0.0,0.0,0.0,0.0,0.0,0.0,0.0,0.0,0.0,0.0,0.0,0.0,0.0,0.0,0.0,0.0,0.0,0.0,0.0,0.0,0.0,0.0,0.0,0.0,0.0,84.71,0.0,0.0,0.0,0.28,0.28,,,,,,,,0.0,,0.0,0.0,0.0,0.0,0.0,
4,高雄全家海神,110|111|116|12908,胡瓏貿/唐維傑/呂威霆/布里茲克,1,1,1.0,17.0,0.28,00:17,17.0,0.28,00:17,0.0,0.0,0.0,0.0,0.0,0.0,0.0,0.0,0.0,0.0,0.0,0.0,0.0,0.0,0.0,0.0,0.0,0.0,0.0,0.0,0.0,0.0,0.0,0.0,0.0,0.0,0.0,0.0,0.0,0.0,0.0,0.0,0.0,0.0,0.0,0.0,0.0,0.0,0.0,0.0,0.0,0.0,0.0,0.0,0.0,0.0,0.0,0.0,0.0,0.0,0.0,0.0,1.0,1.0,100.0,127.06,0.0,0.0,0.0,0.0,0.0,0.0,0.0,0.0,0.0,0.0,0.0,0.0,0.0,0.0,0.0,0.0,0.0,0.0,0.0,0.0,0.0,0.0,0.0,0.0,0.0,0.0,0.0,84.71,0.0,0.0,0.0,0.28,0.28,,,,,,,,0.0,,0.0,0.0,0.0,0.0,0.0,
4,新北國王,23|29|10874|10875,王柏智/林書緯/熊祥泰/傑登,2,18,18.0,233.58,3.89,03:54,116.79,1.95,01:57,8.0,4.0,44.44,73.98,14.0,7.0,77.78,129.46,8.0,4.0,44.44,73.98,4.0,2.0,22.22,36.99,4.0,2.0,22.22,36.99,4.0,2.0,22.22,36.99,4.0,2.0,22.22,36.99,0.0,0.0,0.0,0.0,0.0,0.0,0.0,0.0,0.0,0.0,0.0,0.0,0.0,0.0,0.0,0.0,4.0,2.0,22.22,36.99,0.0,0.0,0.0,0.0,1.0,0.5,5.56,9.25,1.0,0.5,5.56,9.25,2.0,1.0,11.11,18.49,0.0,0.0,0.0,0.0,0.0,0.0,0.0,0.0,0.0,0.0,0.0,0.0,6.0,3.0,33.33,55.48,44.44,77.78,-33.33,110.97,-6.0,-3.0,-33.33,3.89,1.95,0.5,0.5,1.0,0.0,,0.11,0.5,0.0,1.0,0.8,0.0,0.0,0.0,33.33,0.0
4,桃園台啤永豐雲豹,12|58|62|64,曹薰襄/林信寬/王皓吉/劉元凱,1,1,1.0,1.0,0.02,00:01,1.0,0.02,00:01,0.0,0.0,0.0,0.0,1.0,1.0,100.0,2166.5,0.0,0.0,0.0,0.0,0.0,0.0,0.0,0.0,0.0,0.0,0.0,0.0,0.0,0.0,0.0,0.0,0.0,0.0,0.0,0.0,0.0,0.0,0.0,0.0,0.0,0.0,0.0,0.0,0.0,0.0,0.0,0.0,0.0,0.0,0.0,0.0,0.0,0.0,0.0,0.0,0.0,0.0,0.0,0.0,0.0,0.0,0.0,0.0,0.0,0.0,0.0,0.0,0.0,0.0,0.0,0.0,0.0,0.0,0.0,0.0,0.0,0.0,0.0,0.0,0.0,0.0,0.0,0.0,1.0,1.0,100.0,2166.5,0.0,100.0,-100.0,1444.33,-1.0,-1.0,-100.0,0.02,0.02,,,,,,,,,,,0.0,0.0,0.0,100.0,
4,桃園台啤永豐雲豹,12|58|64|10860,曹薰襄/林信寬/劉元凱/麥卡洛,2,14,17.0,223.49,3.72,03:43,111.75,1.86,01:52,4.0,2.0,23.53,38.66,7.0,3.5,41.18,67.65,4.0,2.0,23.53,38.66,2.0,1.0,11.76,19.33,3.0,1.5,17.65,28.99,2.0,1.0,11.76,19.33,1.0,0.5,5.88,9.66,0.0,0.0,0.0,0.0,0.0,0.0,0.0,0.0,0.0,0.0,0.0,0.0,0.0,0.0,0.0,0.0,2.0,1.0,11.76,19.33,2.0,1.0,11.76,19.33,4.0,2.0,23.53,38.66,3.0,1.5,17.65,28.99,1.0,0.5,5.88,9.66,2.0,1.0,11.76,19.33,0.0,0.0,0.0,0.0,2.0,1.0,11.76,19.33,3.0,1.5,17.65,28.99,23.53,41.18,-17.65,109.53,-3.0,-1.5,-17.65,3.72,1.86,0.5,0.5,0.67,0.0,,0.43,0.5,0.0,0.5,0.25,11.76,0.0,0.12,17.65,0.0
4,桃園台啤永豐雲豹,12|62|64|10860,曹薰襄/王皓吉/劉元凱/麥卡洛,1,1,1.0,1.0,0.02,00:01,1.0,0.02,00:01,0.0,0.0,0.0,0.0,1.0,1.0,100.0,2166.5,0.0,0.0,0.0,0.0,0.0,0.0,0.0,0.0,0.0,0.0,0.0,0.0,0.0,0.0,0.0,0.0,0.0,0.0,0.0,0.0,0.0,0.0,0.0,0.0,0.0,0.0,0.0,0.0,0.0,0.0,0.0,0.0,0.0,0.0,0.0,0.0,0.0,0.0,0.0,0.0,0.0,0.0,0.0,0.0,0.0,0.0,0.0,0.0,0.0,0.0,0.0,0.0,0.0,0.0,0.0,0.0,0.0,0.0,0.0,0.0,0.0,0.0,0.0,0.0,0.0,0.0,0.0,0.0,1.0,1.0,100.0,2166.5,0.0,100.0,-100.0,1444.33,-1.0,-1.0,-100.0,0.02,0.02,,,,,,,,,,,0.0,0.0,0.0,100.0,
4,桃園台啤永豐雲豹,58|62|64|10860,林信寬/王皓吉/劉元凱/麥卡洛,1,1,1.0,1.0,0.02,00:01,1.0,0.02,00:01,0.0,0.0,0.0,0.0,1.0,1.0,100.0,2166.5,0.0,0.0,0.0,0.0,0.0,0.0,0.0,0.0,0.0,0.0,0.0,0.0,0.0,0.0,0.0,0.0,0.0,0.0,0.0,0.0,0.0,0.0,0.0,0.0,0.0,0.0,0.0,0.0,0.0,0.0,0.0,0.0,0.0,0.0,0.0,0.0,0.0,0.0,0.0,0.0,0.0,0.0,0.0,0.0,0.0,0.0,0.0,0.0,0.0,0.0,0.0,0.0,0.0,0.0,0.0,0.0,0.0,0.0,0.0,0.0,0.0,0.0,0.0,0.0,0.0,0.0,0.0,0.0,1.0,1.0,100.0,2166.5,0.0,100.0,-100.0,1444.33,-1.0,-1.0,-100.0,0.02,0.02,,,,,,,,,,,0.0,0.0,0.0,100.0,
4,桃園台啤永豐雲豹,12|54|57|10860,曹薰襄/高錦瑋/莊博元/麥卡洛,7,88,112.0,1682.46,28.04,28:02,240.35,4.01,04:00,59.0,8.43,52.68,75.75,40.0,5.71,35.71,51.35,44.0,6.29,39.29,56.49,25.0,3.57,22.32,32.1,31.0,4.43,27.68,39.8,18.0,2.57,16.07,23.11,13.0,1.86,11.61,16.69,7.0,1.0,6.25,8.99,4.0,0.57,3.57,5.14,2.0,0.29,1.79,2.57,8.0,1.14,7.14,10.27,11.0,1.57,9.82,14.12,10.0,1.43,8.93,12.84,17.0,2.43,15.18,21.83,8.0,1.14,7.14,10.27,16.0,2.29,14.29,20.54,4.0,0.57,3.57,5.14,2.0,0.29,1.79,2.57,6.0,0.86,5.36,7.7,13.0,1.86,11.61,16.69,52.68,35.71,16.96,95.86,19.0,2.71,16.96,28.04,4.01,0.65,0.64,0.58,0.54,0.5,0.15,0.64,0.32,0.52,0.41,3.57,1.79,0.05,11.61,0.09
4,新北國王,21|22|23|34,李愷諺/簡祐哲/王柏智/沃許本,1,2,2.0,35.0,0.58,00:35,35.0,0.58,00:35,0.0,0.0,0.0,0.0,2.0,2.0,100.0,123.43,0.0,0.0,0.0,0.0,0.0,0.0,0.0,0.0,0.0,0.0,0.0,0.0,0.0,0.0,0.0,0.0,0.0,0.0,0.0,0.0,0.0,0.0,0.0,0.0,0.0,0.0,0.0,0.0,0.0,0.0,0.0,0.0,0.0,0.0,0.0,0.0,0.0,0.0,0.0,0.0,0.0,0.0,0.0,0.0,0.0,0.0,0.0,0.0,1.0,1.0,50.0,61.71,0.0,0.0,0.0,0.0,1.0,1.0,50.0,61.71,0.0,0.0,0.0,0.0,1.0,1.0,50.0,61.71,0.0,0.0,0.0,0.0,0.0,100.0,-100.0,82.29,-2.0,-2.0,-100.0,0.58,0.58,,,,,,1.0,,,,,50.0,0.0,0.5,0.0,
4,新北國王,21|22|23|13029,李愷諺/簡祐哲/王柏智/杰倫,1,2,2.0,35.0,0.58,00:35,35.0,0.58,00:35,0.0,0.0,0.0,0.0,2.0,2.0,100.0,123.43,0.0,0.0,0.0,0.0,0.0,0.0,0.0,0.0,0.0,0.0,0.0,0.0,0.0,0.0,0.0,0.0,0.0,0.0,0.0,0.0,0.0,0.0,0.0,0.0,0.0,0.0,0.0,0.0,0.0,0.0,0.0,0.0,0.0,0.0,0.0,0.0,0.0,0.0,0.0,0.0,0.0,0.0,0.0,0.0,0.0,0.0,0.0,0.0,1.0,1.0,50.0,61.71,0.0,0.0,0.0,0.0,1.0,1.0,50.0,61.71,0.0,0.0,0.0,0.0,1.0,1.0,50.0,61.71,0.0,0.0,0.0,0.0,0.0,100.0,-100.0,82.29,-2.0,-2.0,-100.0,0.58,0.58,,,,,,1.0,,,,,50.0,0.0,0.5,0.0,
4,新北國王,21|23|34|13029,李愷諺/王柏智/沃許本/杰倫,1,2,2.0,35.0,0.58,00:35,35.0,0.58,00:35,0.0,0.0,0.0,0.0,2.0,2.0,100.0,123.43,0.0,0.0,0.0,0.0,0.0,0.0,0.0,0.0,0.0,0.0,0.0,0.0,0.0,0.0,0.0,0.0,0.0,0.0,0.0,0.0,0.0,0.0,0.0,0.0,0.0,0.0,0.0,0.0,0.0,0.0,0.0,0.0,0.0,0.0,0.0,0.0,0.0,0.0,0.0,0.0,0.0,0.0,0.0,0.0,0.0,0.0,0.0,0.0,1.0,1.0,50.0,61.71,0.0,0.0,0.0,0.0,1.0,1.0,50.0,61.71,0.0,0.0,0.0,0.0,1.0,1.0,50.0,61.71,0.0,0.0,0.0,0.0,0.0,100.0,-100.0,82.29,-2.0,-2.0,-100.0,0.58,0.58,,,,,,1.0,,,,,50.0,0.0,0.5,0.0,
4,新北國王,22|23|34|13029,簡祐哲/王柏智/沃許本/杰倫,1,5,5.0,135.0,2.25,02:15,135.0,2.25,02:15,0.0,0.0,0.0,0.0,4.0,4.0,80.0,64.0,1.0,1.0,20.0,16.0,0.0,0.0,0.0,0.0,0.0,0.0,0.0,0.0,0.0,0.0,0.0,0.0,1.0,1.0,20.0,16.0,0.0,0.0,0.0,0.0,0.0,0.0,0.0,0.0,0.0,0.0,0.0,0.0,0.0,0.0,0.0,0.0,1.0,1.0,20.0,16.0,0.0,0.0,0.0,0.0,0.0,0.0,0.0,0.0,2.0,2.0,40.0,32.0,0.0,0.0,0.0,0.0,1.0,1.0,20.0,16.0,1.0,1.0,20.0,16.0,2.0,2.0,40.0,32.0,0.0,0.0,0.0,0.0,0.0,80.0,-80.0,53.33,-4.0,-4.0,-80.0,2.25,2.25,0.0,0.0,,0.0,,0.67,,,1.0,1.0,20.0,20.0,0.4,0.0,0.0
4,新北國王,22|23|29|34,簡祐哲/王柏智/林書緯/沃許本,1,3,3.0,100.0,1.67,01:40,100.0,1.67,01:40,0.0,0.0,0.0,0.0,2.0,2.0,66.67,43.2,1.0,1.0,33.33,21.6,0.0,0.0,0.0,0.0,0.0,0.0,0.0,0.0,0.0,0.0,0.0,0.0,1.0,1.0,33.33,21.6,0.0,0.0,0.0,0.0,0.0,0.0,0.0,0.0,0.0,0.0,0.0,0.0,0.0,0.0,0.0,0.0,1.0,1.0,33.33,21.6,0.0,0.0,0.0,0.0,0.0,0.0,0.0,0.0,1.0,1.0,33.33,21.6,0.0,0.0,0.0,0.0,0.0,0.0,0.0,0.0,1.0,1.0,33.33,21.6,1.0,1.0,33.33,21.6,0.0,0.0,0.0,0.0,0.0,66.67,-66.67,43.2,-2.0,-2.0,-66.67,1.67,1.67,0.0,0.0,,0.0,,0.5,,,1.0,1.0,0.0,33.33,0.33,0.0,0.0
4,新北國王,22|23|29|13029,簡祐哲/王柏智/林書緯/杰倫,1,3,3.0,100.0,1.67,01:40,100.0,1.67,01:40,0.0,0.0,0.0,0.0,2.0,2.0,66.67,43.2,1.0,1.0,33.33,21.6,0.0,0.0,0.0,0.0,0.0,0.0,0.0,0.0,0.0,0.0,0.0,0.0,1.0,1.0,33.33,21.6,0.0,0.0,0.0,0.0,0.0,0.0,0.0,0.0,0.0,0.0,0.0,0.0,0.0,0.0,0.0,0.0,1.0,1.0,33.33,21.6,0.0,0.0,0.0,0.0,0.0,0.0,0.0,0.0,1.0,1.0,33.33,21.6,0.0,0.0,0.0,0.0,0.0,0.0,0.0,0.0,1.0,1.0,33.33,21.6,1.0,1.0,33.33,21.6,0.0,0.0,0.0,0.0,0.0,66.67,-66.67,43.2,-2.0,-2.0,-66.67,1.67,1.67,0.0,0.0,,0.0,,0.5,,,1.0,1.0,0.0,33.33,0.33,0.0,0.0
4,新北國王,21|24|29|10874,李愷諺/蘇士軒/林書緯/熊祥泰,1,3,3.0,62.0,1.03,01:02,62.0,1.03,01:02,4.0,4.0,133.33,139.35,0.0,0.0,0.0,0.0,2.0,2.0,66.67,69.68,2.0,2.0,66.67,69.68,2.0,2.0,66.67,69.68,2.0,2.0,66.67,69.68,0.0,0.0,0.0,0.0,0.0,0.0,0.0,0.0,0.0,0.0,0.0,0.0,0.0,0.0,0.0,0.0,0.0,0.0,0.0,0.0,0.0,0.0,0.0,0.0,0.0,0.0,0.0,0.0,1.0,1.0,33.33,34.84,0.0,0.0,0.0,0.0,1.0,1.0,33.33,34.84,0.0,0.0,0.0,0.0,0.0,0.0,0.0,0.0,0.0,0.0,0.0,0.0,0.0,0.0,0.0,0.0,133.33,0.0,133.33,69.68,4.0,4.0,133.33,1.03,1.03,1.0,1.0,1.0,,,0.0,0.5,0.0,,0.0,0.0,0.0,0.0,0.0,0.0
4,新北國王,21|24|28|29,李愷諺/蘇士軒/呂政儒/林書緯,1,5,6.0,42.94,0.72,00:43,42.94,0.72,00:43,2.0,2.0,33.33,100.61,2.0,2.0,33.33,100.61,1.0,1.0,16.67,50.31,1.0,1.0,16.67,50.31,1.0,1.0,16.67,50.31,1.0,1.0,16.67,50.31,0.0,0.0,0.0,0.0,0.0,0.0,0.0,0.0,0.0,0.0,0.0,0.0,0.0,0.0,0.0,0.0,0.0,0.0,0.0,0.0,0.0,0.0,0.0,0.0,0.0,0.0,0.0,0.0,2.0,2.0,33.33,100.61,1.0,1.0,16.67,50.31,0.0,0.0,0.0,0.0,0.0,0.0,0.0,0.0,0.0,0.0,0.0,0.0,1.0,1.0,16.67,50.31,3.0,3.0,50.0,150.92,33.33,33.33,0.0,201.23,0.0,0.0,0.0,0.72,0.72,1.0,1.0,1.0,,,0.5,0.0,0.0,,0.0,0.0,0.0,0.17,50.0,0.0
4,新北國王,21|24|28|10875,李愷諺/蘇士軒/呂政儒/傑登,1,5,6.0,42.94,0.72,00:43,42.94,0.72,00:43,2.0,2.0,33.33,100.61,2.0,2.0,33.33,100.61,1.0,1.0,16.67,50.31,1.0,1.0,16.67,50.31,1.0,1.0,16.67,50.31,1.0,1.0,16.67,50.31,0.0,0.0,0.0,0.0,0.0,0.0,0.0,0.0,0.0,0.0,0.0,0.0,0.0,0.0,0.0,0.0,0.0,0.0,0.0,0.0,0.0,0.0,0.0,0.0,0.0,0.0,0.0,0.0,2.0,2.0,33.33,100.61,1.0,1.0,16.67,50.31,0.0,0.0,0.0,0.0,0.0,0.0,0.0,0.0,0.0,0.0,0.0,0.0,1.0,1.0,16.67,50.31,3.0,3.0,50.0,150.92,33.33,33.33,0.0,201.23,0.0,0.0,0.0,0.72,0.72,1.0,1.0,1.0,,,0.5,0.0,0.0,,0.0,0.0,0.0,0.17,50.0,0.0
4,新北國王,22|24|28|29,簡祐哲/蘇士軒/呂政儒/林書緯,1,10,13.0,123.78,2.06,02:04,123.78,2.06,02:04,0.0,0.0,0.0,0.0,2.0,2.0,15.38,34.9,4.0,4.0,30.77,69.8,0.0,0.0,0.0,0.0,2.0,2.0,15.38,34.9,0.0,0.0,0.0,0.0,2.0,2.0,15.38,34.9,0.0,0.0,0.0,0.0,2.0,2.0,15.38,34.9,0.0,0.0,0.0,0.0,1.0,1.0,7.69,17.45,4.0,4.0,30.77,69.8,0.0,0.0,0.0,0.0,2.0,2.0,15.38,34.9,1.0,1.0,7.69,17.45,0.0,0.0,0.0,0.0,0.0,0.0,0.0,0.0,0.0,0.0,0.0,0.0,1.0,1.0,7.69,17.45,4.0,4.0,30.77,69.8,0.0,15.38,-15.38,151.23,-2.0,-2.0,-15.38,2.06,2.06,0.0,0.0,0.0,0.0,0.0,0.17,,0.33,1.0,0.71,0.0,0.0,0.08,30.77,0.5
4,新北國王,22|24|28|10875,簡祐哲/蘇士軒/呂政儒/傑登,1,10,13.0,123.78,2.06,02:04,123.78,2.06,02:04,0.0,0.0,0.0,0.0,2.0,2.0,15.38,34.9,4.0,4.0,30.77,69.8,0.0,0.0,0.0,0.0,2.0,2.0,15.38,34.9,0.0,0.0,0.0,0.0,2.0,2.0,15.38,34.9,0.0,0.0,0.0,0.0,2.0,2.0,15.38,34.9,0.0,0.0,0.0,0.0,1.0,1.0,7.69,17.45,4.0,4.0,30.77,69.8,0.0,0.0,0.0,0.0,2.0,2.0,15.38,34.9,1.0,1.0,7.69,17.45,0.0,0.0,0.0,0.0,0.0,0.0,0.0,0.0,0.0,0.0,0.0,0.0,1.0,1.0,7.69,17.45,4.0,4.0,30.77,69.8,0.0,15.38,-15.38,151.23,-2.0,-2.0,-15.38,2.06,2.06,0.0,0.0,0.0,0.0,0.0,0.17,,0.33,1.0,0.71,0.0,0.0,0.08,30.77,0.5
4,新北國王,22|23|28|29,簡祐哲/王柏智/呂政儒/林書緯,1,4,4.0,41.7,0.7,00:42,41.7,0.7,00:42,0.0,0.0,0.0,0.0,1.0,1.0,25.0,51.79,1.0,1.0,25.0,51.79,0.0,0.0,0.0,0.0,0.0,0.0,0.0,0.0,0.0,0.0,0.0,0.0,1.0,1.0,25.0,51.79,0.0,0.0,0.0,0.0,0.0,0.0,0.0,0.0,0.0,0.0,0.0,0.0,0.0,0.0,0.0,0.0,1.0,1.0,25.0,51.79,0.0,0.0,0.0,0.0,2.0,2.0,50.0,103.59,0.0,0.0,0.0,0.0,0.0,0.0,0.0,0.0,0.0,0.0,0.0,0.0,0.0,0.0,0.0,0.0,1.0,1.0,25.0,51.79,2.0,2.0,50.0,103.59,0.0,25.0,-25.0,138.12,-1.0,-1.0,-25.0,0.7,0.7,0.0,0.0,,0.0,,0.0,,0.0,1.0,0.33,0.0,0.0,0.25,50.0,0.0
4,新北國王,22|23|28|10875,簡祐哲/王柏智/呂政儒/傑登,1,4,4.0,41.7,0.7,00:42,41.7,0.7,00:42,0.0,0.0,0.0,0.0,1.0,1.0,25.0,51.79,1.0,1.0,25.0,51.79,0.0,0.0,0.0,0.0,0.0,0.0,0.0,0.0,0.0,0.0,0.0,0.0,1.0,1.0,25.0,51.79,0.0,0.0,0.0,0.0,0.0,0.0,0.0,0.0,0.0,0.0,0.0,0.0,0.0,0.0,0.0,0.0,1.0,1.0,25.0,51.79,0.0,0.0,0.0,0.0,2.0,2.0,50.0,103.59,0.0,0.0,0.0,0.0,0.0,0.0,0.0,0.0,0.0,0.0,0.0,0.0,0.0,0.0,0.0,0.0,1.0,1.0,25.0,51.79,2.0,2.0,50.0,103.59,0.0,25.0,-25.0,138.12,-1.0,-1.0,-25.0,0.7,0.7,0.0,0.0,,0.0,,0.0,,0.0,1.0,0.33,0.0,0.0,0.25,50.0,0.0
4,桃園台啤永豐雲豹,12|55|58|68,曹薰襄/汪哲宇/林信寬/克羅馬,5,48,57.0,702.57,11.71,11:43,140.51,2.34,02:21,30.0,6.0,52.63,92.23,21.0,4.2,36.84,64.56,26.0,5.2,45.61,79.94,12.0,2.4,21.05,36.89,13.0,2.6,22.81,39.97,9.0,1.8,15.79,27.67,13.0,2.6,22.81,39.97,3.0,0.6,5.26,9.22,4.0,0.8,7.02,12.3,3.0,0.6,5.26,9.22,6.0,1.2,10.53,18.45,6.0,1.2,10.53,18.45,2.0,0.4,3.51,6.15,10.0,2.0,17.54,30.74,3.0,0.6,5.26,9.22,4.0,0.8,7.02,12.3,1.0,0.2,1.75,3.07,1.0,0.2,1.75,3.07,1.0,0.2,1.75,3.07,12.0,2.4,21.05,36.89,52.63,36.84,15.79,116.83,9.0,1.8,15.79,11.71,2.34,0.52,0.54,0.69,0.23,0.75,0.1,0.33,0.38,0.75,0.5,1.75,1.75,0.02,21.05,0.15
4,桃園台啤永豐雲豹,12|55|68|10860,曹薰襄/汪哲宇/克羅馬/麥卡洛,4,38,43.0,525.72,8.76,08:46,131.43,2.19,02:11,18.0,4.5,41.86,73.96,16.0,4.0,37.21,65.74,19.0,4.75,44.19,78.07,8.0,2.0,18.6,32.87,14.0,3.5,32.56,57.52,7.0,1.75,16.28,28.76,5.0,1.25,11.63,20.54,1.0,0.25,2.33,4.11,2.0,0.5,4.65,8.22,1.0,0.25,2.33,4.11,4.0,1.0,9.3,16.43,6.0,1.5,13.95,24.65,1.0,0.25,2.33,4.11,8.0,2.0,18.6,32.87,4.0,1.0,9.3,16.43,3.0,0.75,6.98,12.33,2.0,0.5,4.65,8.22,1.0,0.25,2.33,4.11,0.0,0.0,0.0,0.0,7.0,1.75,16.28,28.76,41.86,37.21,4.65,117.78,2.0,0.5,4.65,8.76,2.19,0.45,0.45,0.5,0.2,0.5,0.17,0.38,0.33,0.86,0.53,4.65,2.33,0.0,16.28,0.11
4,桃園台啤永豐雲豹,55|58|68|10860,汪哲宇/林信寬/克羅馬/麥卡洛,3,26,31.0,378.81,6.31,06:19,126.27,2.1,02:06,16.0,5.33,51.61,91.23,12.0,4.0,38.71,68.42,15.0,5.0,48.39,85.53,7.0,2.33,22.58,39.91,10.0,3.33,32.26,57.02,6.0,2.0,19.35,34.21,5.0,1.67,16.13,28.51,1.0,0.33,3.23,5.7,2.0,0.67,6.45,11.4,1.0,0.33,3.23,5.7,4.0,1.33,12.9,22.81,3.0,1.0,9.68,17.11,1.0,0.33,3.23,5.7,5.0,1.67,16.13,28.51,2.0,0.67,6.45,11.4,3.0,1.0,9.68,17.11,1.0,0.33,3.23,5.7,1.0,0.33,3.23,5.7,0.0,0.0,0.0,0.0,6.0,2.0,19.35,34.21,51.61,38.71,12.9,117.84,4.0,1.33,12.9,6.31,2.1,0.5,0.5,0.6,0.2,0.5,0.11,0.43,0.44,0.75,0.54,3.23,3.23,0.0,19.35,0.13
4,新北國王,21|10873|10874|10875,李愷諺/喬納森/熊祥泰/傑登,1,7,9.0,105.0,1.75,01:45,105.0,1.75,01:45,2.0,2.0,22.22,41.14,4.0,4.0,44.44,82.29,2.0,2.0,22.22,41.14,0.0,0.0,0.0,0.0,1.0,1.0,11.11,20.57,0.0,0.0,0.0,0.0,1.0,1.0,11.11,20.57,0.0,0.0,0.0,0.0,2.0,2.0,22.22,41.14,2.0,2.0,22.22,41.14,0.0,0.0,0.0,0.0,2.0,2.0,22.22,41.14,2.0,2.0,22.22,41.14,1.0,1.0,11.11,20.57,1.0,1.0,11.11,20.57,0.0,0.0,0.0,0.0,0.0,0.0,0.0,0.0,0.0,0.0,0.0,0.0,1.0,1.0,11.11,20.57,0.0,0.0,0.0,0.0,22.22,44.44,-22.22,123.43,-2.0,-2.0,-22.22,1.75,1.75,0.0,0.35,0.0,0.0,1.0,0.26,,0.0,0.5,0.4,0.0,0.0,0.11,0.0,1.0
4,新北國王,21|10873|10874|13029,李愷諺/喬納森/熊祥泰/杰倫,1,7,9.0,105.0,1.75,01:45,105.0,1.75,01:45,2.0,2.0,22.22,41.14,4.0,4.0,44.44,82.29,2.0,2.0,22.22,41.14,0.0,0.0,0.0,0.0,1.0,1.0,11.11,20.57,0.0,0.0,0.0,0.0,1.0,1.0,11.11,20.57,0.0,0.0,0.0,0.0,2.0,2.0,22.22,41.14,2.0,2.0,22.22,41.14,0.0,0.0,0.0,0.0,2.0,2.0,22.22,41.14,2.0,2.0,22.22,41.14,1.0,1.0,11.11,20.57,1.0,1.0,11.11,20.57,0.0,0.0,0.0,0.0,0.0,0.0,0.0,0.0,0.0,0.0,0.0,0.0,1.0,1.0,11.11,20.57,0.0,0.0,0.0,0.0,22.22,44.44,-22.22,123.43,-2.0,-2.0,-22.22,1.75,1.75,0.0,0.35,0.0,0.0,1.0,0.26,,0.0,0.5,0.4,0.0,0.0,0.11,0.0,1.0
4,新北國王,21|10873|10875|13029,李愷諺/喬納森/傑登/杰倫,1,10,12.0,137.31,2.29,02:17,137.31,2.29,02:17,2.0,2.0,16.67,31.46,7.0,7.0,58.33,110.12,3.0,3.0,25.0,47.19,0.0,0.0,0.0,0.0,1.0,1.0,8.33,15.73,0.0,0.0,0.0,0.0,2.0,2.0,16.67,31.46,0.0,0.0,0.0,0.0,2.0,2.0,16.67,31.46,2.0,2.0,16.67,31.46,0.0,0.0,0.0,0.0,3.0,3.0,25.0,47.19,2.0,2.0,16.67,31.46,1.0,1.0,8.33,15.73,1.0,1.0,8.33,15.73,0.0,0.0,0.0,0.0,0.0,0.0,0.0,0.0,0.0,0.0,0.0,0.0,2.0,2.0,16.67,31.46,2.0,2.0,16.67,31.46,16.67,58.33,-41.67,125.85,-5.0,-5.0,-41.67,2.29,2.29,0.0,0.26,0.0,0.0,1.0,0.2,,0.0,0.6,0.5,0.0,0.0,0.17,16.67,0.67
4,新北國王,10873|10874|10875|13029,喬納森/熊祥泰/傑登/杰倫,1,7,9.0,105.0,1.75,01:45,105.0,1.75,01:45,2.0,2.0,22.22,41.14,4.0,4.0,44.44,82.29,2.0,2.0,22.22,41.14,0.0,0.0,0.0,0.0,1.0,1.0,11.11,20.57,0.0,0.0,0.0,0.0,1.0,1.0,11.11,20.57,0.0,0.0,0.0,0.0,2.0,2.0,22.22,41.14,2.0,2.0,22.22,41.14,0.0,0.0,0.0,0.0,2.0,2.0,22.22,41.14,2.0,2.0,22.22,41.14,1.0,1.0,11.11,20.57,1.0,1.0,11.11,20.57,0.0,0.0,0.0,0.0,0.0,0.0,0.0,0.0,0.0,0.0,0.0,0.0,1.0,1.0,11.11,20.57,0.0,0.0,0.0,0.0,22.22,44.44,-22.22,123.43,-2.0,-2.0,-22.22,1.75,1.75,0.0,0.35,0.0,0.0,1.0,0.26,,0.0,0.5,0.4,0.0,0.0,0.11,0.0,1.0
4,新北國王,21|22|10873|10875,李愷諺/簡祐哲/喬納森/傑登,1,3,3.0,32.31,0.54,00:32,32.31,0.54,00:32,0.0,0.0,0.0,0.0,3.0,3.0,100.0,200.57,1.0,1.0,33.33,66.86,0.0,0.0,0.0,0.0,0.0,0.0,0.0,0.0,0.0,0.0,0.0,0.0,1.0,1.0,33.33,66.86,0.0,0.0,0.0,0.0,0.0,0.0,0.0,0.0,0.0,0.0,0.0,0.0,0.0,0.0,0.0,0.0,1.0,1.0,33.33,66.86,0.0,0.0,0.0,0.0,0.0,0.0,0.0,0.0,0.0,0.0,0.0,0.0,0.0,0.0,0.0,0.0,0.0,0.0,0.0,0.0,0.0,0.0,0.0,0.0,1.0,1.0,33.33,66.86,2.0,2.0,66.67,133.71,0.0,100.0,-100.0,133.71,-3.0,-3.0,-100.0,0.54,0.54,0.0,0.0,,0.0,,0.0,,,1.0,1.0,0.0,0.0,0.33,66.67,0.0
4,新北國王,21|22|10873|13029,李愷諺/簡祐哲/喬納森/杰倫,1,3,3.0,32.31,0.54,00:32,32.31,0.54,00:32,0.0,0.0,0.0,0.0,3.0,3.0,100.0,200.57,1.0,1.0,33.33,66.86,0.0,0.0,0.0,0.0,0.0,0.0,0.0,0.0,0.0,0.0,0.0,0.0,1.0,1.0,33.33,66.86,0.0,0.0,0.0,0.0,0.0,0.0,0.0,0.0,0.0,0.0,0.0,0.0,0.0,0.0,0.0,0.0,1.0,1.0,33.33,66.86,0.0,0.0,0.0,0.0,0.0,0.0,0.0,0.0,0.0,0.0,0.0,0.0,0.0,0.0,0.0,0.0,0.0,0.0,0.0,0.0,0.0,0.0,0.0,0.0,1.0,1.0,33.33,66.86,2.0,2.0,66.67,133.71,0.0,100.0,-100.0,133.71,-3.0,-3.0,-100.0,0.54,0.54,0.0,0.0,,0.0,,0.0,,,1.0,1.0,0.0,0.0,0.33,66.67,0.0
4,新北國王,21|22|10875|13029,李愷諺/簡祐哲/傑登/杰倫,1,3,3.0,32.31,0.54,00:32,32.31,0.54,00:32,0.0,0.0,0.0,0.0,3.0,3.0,100.0,200.57,1.0,1.0,33.33,66.86,0.0,0.0,0.0,0.0,0.0,0.0,0.0,0.0,0.0,0.0,0.0,0.0,1.0,1.0,33.33,66.86,0.0,0.0,0.0,0.0,0.0,0.0,0.0,0.0,0.0,0.0,0.0,0.0,0.0,0.0,0.0,0.0,1.0,1.0,33.33,66.86,0.0,0.0,0.0,0.0,0.0,0.0,0.0,0.0,0.0,0.0,0.0,0.0,0.0,0.0,0.0,0.0,0.0,0.0,0.0,0.0,0.0,0.0,0.0,0.0,1.0,1.0,33.33,66.86,2.0,2.0,66.67,133.71,0.0,100.0,-100.0,133.71,-3.0,-3.0,-100.0,0.54,0.54,0.0,0.0,,0.0,,0.0,,,1.0,1.0,0.0,0.0,0.33,66.67,0.0
4,新北國王,22|10873|10875|13029,簡祐哲/喬納森/傑登/杰倫,1,4,5.0,65.0,1.08,01:05,65.0,1.08,01:05,4.0,4.0,80.0,132.92,3.0,3.0,60.0,99.69,2.0,2.0,40.0,66.46,1.0,1.0,20.0,33.23,0.0,0.0,0.0,0.0,0.0,0.0,0.0,0.0,2.0,2.0,40.0,66.46,1.0,1.0,20.0,33.23,2.0,2.0,40.0,66.46,1.0,1.0,20.0,33.23,1.0,1.0,20.0,33.23,1.0,1.0,20.0,33.23,0.0,0.0,0.0,0.0,0.0,0.0,0.0,0.0,0.0,0.0,0.0,0.0,1.0,1.0,20.0,33.23,0.0,0.0,0.0,0.0,0.0,0.0,0.0,0.0,2.0,2.0,40.0,66.46,2.0,2.0,40.0,66.46,80.0,60.0,20.0,110.77,1.0,1.0,20.0,1.08,1.08,0.75,0.69,,0.5,0.5,0.0,1.0,1.0,1.0,1.0,0.0,0.0,0.4,40.0,1.0
4,新北國王,22|29|10873|10875,簡祐哲/林書緯/喬納森/傑登,1,1,2.0,32.69,0.54,00:33,32.69,0.54,00:33,4.0,4.0,200.0,264.28,0.0,0.0,0.0,0.0,1.0,1.0,50.0,66.07,1.0,1.0,50.0,66.07,0.0,0.0,0.0,0.0,0.0,0.0,0.0,0.0,1.0,1.0,50.0,66.07,1.0,1.0,50.0,66.07,2.0,2.0,100.0,132.14,1.0,1.0,50.0,66.07,1.0,1.0,50.0,66.07,0.0,0.0,0.0,0.0,0.0,0.0,0.0,0.0,0.0,0.0,0.0,0.0,0.0,0.0,0.0,0.0,1.0,1.0,50.0,66.07,0.0,0.0,0.0,0.0,0.0,0.0,0.0,0.0,1.0,1.0,50.0,66.07,0.0,0.0,0.0,0.0,200.0,0.0,200.0,88.09,4.0,4.0,200.0,0.54,0.54,1.5,1.06,,1.0,0.5,0.0,1.0,1.0,,1.0,0.0,0.0,0.5,0.0,2.0
4,新北國王,22|29|10873|13029,簡祐哲/林書緯/喬納森/杰倫,1,1,2.0,32.69,0.54,00:33,32.69,0.54,00:33,4.0,4.0,200.0,264.28,0.0,0.0,0.0,0.0,1.0,1.0,50.0,66.07,1.0,1.0,50.0,66.07,0.0,0.0,0.0,0.0,0.0,0.0,0.0,0.0,1.0,1.0,50.0,66.07,1.0,1.0,50.0,66.07,2.0,2.0,100.0,132.14,1.0,1.0,50.0,66.07,1.0,1.0,50.0,66.07,0.0,0.0,0.0,0.0,0.0,0.0,0.0,0.0,0.0,0.0,0.0,0.0,0.0,0.0,0.0,0.0,1.0,1.0,50.0,66.07,0.0,0.0,0.0,0.0,0.0,0.0,0.0,0.0,1.0,1.0,50.0,66.07,0.0,0.0,0.0,0.0,200.0,0.0,200.0,88.09,4.0,4.0,200.0,0.54,0.54,1.5,1.06,,1.0,0.5,0.0,1.0,1.0,,1.0,0.0,0.0,0.5,0.0,2.0
4,新北國王,29|10873|10875|13029,林書緯/喬納森/傑登/杰倫,1,1,2.0,32.69,0.54,00:33,32.69,0.54,00:33,4.0,4.0,200.0,264.28,0.0,0.0,0.0,0.0,1.0,1.0,50.0,66.07,1.0,1.0,50.0,66.07,0.0,0.0,0.0,0.0,0.0,0.0,0.0,0.0,1.0,1.0,50.0,66.07,1.0,1.0,50.0,66.07,2.0,2.0,100.0,132.14,1.0,1.0,50.0,66.07,1.0,1.0,50.0,66.07,0.0,0.0,0.0,0.0,0.0,0.0,0.0,0.0,0.0,0.0,0.0,0.0,0.0,0.0,0.0,0.0,1.0,1.0,50.0,66.07,0.0,0.0,0.0,0.0,0.0,0.0,0.0,0.0,1.0,1.0,50.0,66.07,0.0,0.0,0.0,0.0,200.0,0.0,200.0,88.09,4.0,4.0,200.0,0.54,0.54,1.5,1.06,,1.0,0.5,0.0,1.0,1.0,,1.0,0.0,0.0,0.5,0.0,2.0
4,新北國王,19|23|10871|10875,蘇培凱/王柏智/鍾理翔/傑登,1,1,2.0,0.94,0.02,00:01,0.94,0.02,00:01,0.0,0.0,0.0,0.0,2.0,2.0,100.0,4571.43,0.0,0.0,0.0,0.0,0.0,0.0,0.0,0.0,0.0,0.0,0.0,0.0,0.0,0.0,0.0,0.0,0.0,0.0,0.0,0.0,0.0,0.0,0.0,0.0,3.0,3.0,150.0,6857.14,0.0,0.0,0.0,0.0,0.0,0.0,0.0,0.0,0.0,0.0,0.0,0.0,0.0,0.0,0.0,0.0,0.0,0.0,0.0,0.0,0.0,0.0,0.0,0.0,0.0,0.0,0.0,0.0,0.0,0.0,0.0,0.0,0.0,0.0,0.0,0.0,0.0,0.0,0.0,0.0,2.0,2.0,100.0,4571.43,0.0,100.0,-100.0,3047.62,-2.0,-2.0,-100.0,0.02,0.02,,0.0,,,0.0,0.0,,,,,0.0,0.0,0.0,100.0,
4,新北國王,19|10871|10873|10875,蘇培凱/鍾理翔/喬納森/傑登,2,5,9.0,51.96,0.87,00:52,25.98,0.43,00:26,2.0,1.0,22.22,83.15,3.0,1.5,33.33,124.72,4.0,2.0,44.44,166.3,1.0,0.5,11.11,41.57,4.0,2.0,44.44,166.3,1.0,0.5,11.11,41.57,0.0,0.0,0.0,0.0,0.0,0.0,0.0,0.0,3.0,1.5,33.33,124.72,0.0,0.0,0.0,0.0,2.0,1.0,22.22,83.15,1.0,0.5,11.11,41.57,0.0,0.0,0.0,0.0,1.0,0.5,11.11,41.57,0.0,0.0,0.0,0.0,0.0,0.0,0.0,0.0,0.0,0.0,0.0,0.0,0.0,0.0,0.0,0.0,0.0,0.0,0.0,0.0,3.0,1.5,33.33,124.72,22.22,33.33,-11.11,249.45,-1.0,-0.5,-11.11,0.87,0.43,0.25,0.19,0.25,,0.0,0.0,0.0,0.67,1.0,0.75,0.0,0.0,0.0,33.33,0.75
4,新北國王,23|10871|10873|10875,王柏智/鍾理翔/喬納森/傑登,1,1,2.0,0.94,0.02,00:01,0.94,0.02,00:01,0.0,0.0,0.0,0.0,2.0,2.0,100.0,4571.43,0.0,0.0,0.0,0.0,0.0,0.0,0.0,0.0,0.0,0.0,0.0,0.0,0.0,0.0,0.0,0.0,0.0,0.0,0.0,0.0,0.0,0.0,0.0,0.0,3.0,3.0,150.0,6857.14,0.0,0.0,0.0,0.0,0.0,0.0,0.0,0.0,0.0,0.0,0.0,0.0,0.0,0.0,0.0,0.0,0.0,0.0,0.0,0.0,0.0,0.0,0.0,0.0,0.0,0.0,0.0,0.0,0.0,0.0,0.0,0.0,0.0,0.0,0.0,0.0,0.0,0.0,0.0,0.0,2.0,2.0,100.0,4571.43,0.0,100.0,-100.0,3047.62,-2.0,-2.0,-100.0,0.02,0.02,,0.0,,,0.0,0.0,,,,,0.0,0.0,0.0,100.0,
4,桃園台啤永豐雲豹,12|54|55|57,曹薰襄/高錦瑋/汪哲宇/莊博元,1,1,1.0,8.69,0.14,00:09,8.69,0.14,00:09,0.0,0.0,0.0,0.0,1.0,1.0,100.0,248.68,0.0,0.0,0.0,0.0,0.0,0.0,0.0,0.0,0.0,0.0,0.0,0.0,0.0,0.0,0.0,0.0,0.0,0.0,0.0,0.0,0.0,0.0,0.0,0.0,0.0,0.0,0.0,0.0,0.0,0.0,0.0,0.0,0.0,0.0,0.0,0.0,0.0,0.0,0.0,0.0,0.0,0.0,0.0,0.0,1.0,1.0,100.0,248.68,0.0,0.0,0.0,0.0,0.0,0.0,0.0,0.0,0.0,0.0,0.0,0.0,0.0,0.0,0.0,0.0,1.0,1.0,100.0,248.68,2.0,2.0,200.0,497.35,0.0,100.0,-100.0,165.78,-1.0,-1.0,-100.0,0.14,0.14,,,,,,,,0.0,,0.0,0.0,0.0,1.0,200.0,
4,桃園台啤永豐雲豹,12|54|55|64,曹薰襄/高錦瑋/汪哲宇/劉元凱,1,1,1.0,8.69,0.14,00:09,8.69,0.14,00:09,0.0,0.0,0.0,0.0,1.0,1.0,100.0,248.68,0.0,0.0,0.0,0.0,0.0,0.0,0.0,0.0,0.0,0.0,0.0,0.0,0.0,0.0,0.0,0.0,0.0,0.0,0.0,0.0,0.0,0.0,0.0,0.0,0.0,0.0,0.0,0.0,0.0,0.0,0.0,0.0,0.0,0.0,0.0,0.0,0.0,0.0,0.0,0.0,0.0,0.0,0.0,0.0,1.0,1.0,100.0,248.68,0.0,0.0,0.0,0.0,0.0,0.0,0.0,0.0,0.0,0.0,0.0,0.0,0.0,0.0,0.0,0.0,1.0,1.0,100.0,248.68,2.0,2.0,200.0,497.35,0.0,100.0,-100.0,165.78,-1.0,-1.0,-100.0,0.14,0.14,,,,,,,,0.0,,0.0,0.0,0.0,1.0,200.0,
4,桃園台啤永豐雲豹,12|54|57|64,曹薰襄/高錦瑋/莊博元/劉元凱,1,1,1.0,8.69,0.14,00:09,8.69,0.14,00:09,0.0,0.0,0.0,0.0,1.0,1.0,100.0,248.68,0.0,0.0,0.0,0.0,0.0,0.0,0.0,0.0,0.0,0.0,0.0,0.0,0.0,0.0,0.0,0.0,0.0,0.0,0.0,0.0,0.0,0.0,0.0,0.0,0.0,0.0,0.0,0.0,0.0,0.0,0.0,0.0,0.0,0.0,0.0,0.0,0.0,0.0,0.0,0.0,0.0,0.0,0.0,0.0,1.0,1.0,100.0,248.68,0.0,0.0,0.0,0.0,0.0,0.0,0.0,0.0,0.0,0.0,0.0,0.0,0.0,0.0,0.0,0.0,1.0,1.0,100.0,248.68,2.0,2.0,200.0,497.35,0.0,100.0,-100.0,165.78,-1.0,-1.0,-100.0,0.14,0.14,,,,,,,,0.0,,0.0,0.0,0.0,1.0,200.0,
4,桃園台啤永豐雲豹,54|55|57|64,高錦瑋/汪哲宇/莊博元/劉元凱,1,1,1.0,8.69,0.14,00:09,8.69,0.14,00:09,0.0,0.0,0.0,0.0,1.0,1.0,100.0,248.68,0.0,0.0,0.0,0.0,0.0,0.0,0.0,0.0,0.0,0.0,0.0,0.0,0.0,0.0,0.0,0.0,0.0,0.0,0.0,0.0,0.0,0.0,0.0,0.0,0.0,0.0,0.0,0.0,0.0,0.0,0.0,0.0,0.0,0.0,0.0,0.0,0.0,0.0,0.0,0.0,0.0,0.0,0.0,0.0,1.0,1.0,100.0,248.68,0.0,0.0,0.0,0.0,0.0,0.0,0.0,0.0,0.0,0.0,0.0,0.0,0.0,0.0,0.0,0.0,1.0,1.0,100.0,248.68,2.0,2.0,200.0,497.35,0.0,100.0,-100.0,165.78,-1.0,-1.0,-100.0,0.14,0.14,,,,,,,,0.0,,0.0,0.0,0.0,1.0,200.0,
4,桃園台啤永豐雲豹,12|55|57|10884,曹薰襄/汪哲宇/莊博元/徐宏瑋,1,14,21.0,179.64,2.99,03:00,179.64,2.99,03:00,0.0,0.0,0.0,0.0,3.0,3.0,14.29,36.07,4.0,4.0,19.05,48.1,0.0,0.0,0.0,0.0,1.0,1.0,4.76,12.02,0.0,0.0,0.0,0.0,3.0,3.0,14.29,36.07,0.0,0.0,0.0,0.0,0.0,0.0,0.0,0.0,0.0,0.0,0.0,0.0,1.0,1.0,4.76,12.02,2.0,2.0,9.52,24.05,3.0,3.0,14.29,36.07,4.0,4.0,19.05,48.1,6.0,6.0,28.57,72.15,0.0,0.0,0.0,0.0,2.0,2.0,9.52,24.05,0.0,0.0,0.0,0.0,0.0,0.0,0.0,0.0,4.0,4.0,19.05,48.1,0.0,14.29,-14.29,168.34,-3.0,-3.0,-14.29,2.99,2.99,0.0,0.0,0.0,0.0,,0.6,,0.2,0.4,0.3,9.52,0.0,0.0,19.05,0.0
4,桃園台啤永豐雲豹,12|55|64|10884,曹薰襄/汪哲宇/劉元凱/徐宏瑋,2,15,24.0,204.64,3.41,03:25,102.32,1.71,01:42,0.0,0.0,0.0,0.0,3.0,1.5,12.5,31.67,4.0,2.0,16.67,42.22,0.0,0.0,0.0,0.0,1.0,0.5,4.17,10.56,0.0,0.0,0.0,0.0,3.0,1.5,12.5,31.67,0.0,0.0,0.0,0.0,0.0,0.0,0.0,0.0,0.0,0.0,0.0,0.0,1.0,0.5,4.17,10.56,2.0,1.0,8.33,21.11,4.0,2.0,16.67,42.22,5.0,2.5,20.83,52.78,7.0,3.5,29.17,73.89,0.0,0.0,0.0,0.0,2.0,1.0,8.33,21.11,0.0,0.0,0.0,0.0,0.0,0.0,0.0,0.0,4.0,2.0,16.67,42.22,0.0,12.5,-12.5,168.88,-3.0,-1.5,-12.5,3.41,1.71,0.0,0.0,0.0,0.0,,0.64,,0.17,0.33,0.25,8.33,0.0,0.0,16.67,0.0
4,桃園台啤永豐雲豹,12|57|64|10884,曹薰襄/莊博元/劉元凱/徐宏瑋,1,14,21.0,179.64,2.99,03:00,179.64,2.99,03:00,0.0,0.0,0.0,0.0,3.0,3.0,14.29,36.07,4.0,4.0,19.05,48.1,0.0,0.0,0.0,0.0,1.0,1.0,4.76,12.02,0.0,0.0,0.0,0.0,3.0,3.0,14.29,36.07,0.0,0.0,0.0,0.0,0.0,0.0,0.0,0.0,0.0,0.0,0.0,0.0,1.0,1.0,4.76,12.02,2.0,2.0,9.52,24.05,3.0,3.0,14.29,36.07,4.0,4.0,19.05,48.1,6.0,6.0,28.57,72.15,0.0,0.0,0.0,0.0,2.0,2.0,9.52,24.05,0.0,0.0,0.0,0.0,0.0,0.0,0.0,0.0,4.0,4.0,19.05,48.1,0.0,14.29,-14.29,168.34,-3.0,-3.0,-14.29,2.99,2.99,0.0,0.0,0.0,0.0,,0.6,,0.2,0.4,0.3,9.52,0.0,0.0,19.05,0.0
4,桃園台啤永豐雲豹,55|57|64|10884,汪哲宇/莊博元/劉元凱/徐宏瑋,2,18,26.0,255.25,4.25,04:15,127.62,2.13,02:08,1.0,0.5,3.85,8.46,6.0,3.0,23.08,50.77,5.0,2.5,19.23,42.31,0.0,0.0,0.0,0.0,2.0,1.0,7.69,16.92,0.0,0.0,0.0,0.0,3.0,1.5,11.54,25.39,0.0,0.0,0.0,0.0,2.0,1.0,7.69,16.92,1.0,0.5,3.85,8.46,1.0,0.5,3.85,8.46,4.0,2.0,15.38,33.85,4.0,2.0,15.38,33.85,4.0,2.0,15.38,33.85,6.0,3.0,23.08,50.77,0.0,0.0,0.0,0.0,2.0,1.0,7.69,16.92,0.0,0.0,0.0,0.0,0.0,0.0,0.0,0.0,4.0,2.0,15.38,33.85,3.85,23.08,-19.23,146.68,-5.0,-2.5,-19.23,4.25,2.13,0.0,0.09,0.0,0.0,0.5,0.51,,0.2,0.5,0.38,7.69,0.0,0.0,15.38,0.4
4,高雄全家海神,45|109|12668|12908,施晉堯/于煥亞/歐提斯/布里茲克,2,25,31.0,386.13,6.44,06:26,193.06,3.22,03:13,6.0,3.0,19.35,33.56,12.0,6.0,38.71,67.13,12.0,6.0,38.71,67.13,2.0,1.0,6.45,11.19,1.0,0.5,3.23,5.59,0.0,0.0,0.0,0.0,11.0,5.5,35.48,61.53,2.0,1.0,6.45,11.19,0.0,0.0,0.0,0.0,0.0,0.0,0.0,0.0,2.0,1.0,6.45,11.19,8.0,4.0,25.81,44.75,5.0,2.5,16.13,27.97,6.0,3.0,19.35,33.56,2.0,1.0,6.45,11.19,1.0,0.5,3.23,5.59,2.0,1.0,6.45,11.19,0.0,0.0,0.0,0.0,3.0,1.5,9.68,16.78,2.0,1.0,6.45,11.19,19.35,38.71,-19.35,115.61,-6.0,-3.0,-19.35,6.44,3.22,0.25,0.25,0.0,0.18,,0.14,0.5,0.25,0.62,0.48,6.45,0.0,0.1,6.45,0.0
4,高雄全家海神,45|110|12668|12908,施晉堯/胡瓏貿/歐提斯/布里茲克,2,16,18.0,242.01,4.03,04:02,121.01,2.02,02:01,3.0,1.5,16.67,26.78,10.0,5.0,55.56,89.25,7.0,3.5,38.89,62.48,1.0,0.5,5.56,8.93,1.0,0.5,5.56,8.93,0.0,0.0,0.0,0.0,6.0,3.0,33.33,53.55,1.0,0.5,5.56,8.93,0.0,0.0,0.0,0.0,0.0,0.0,0.0,0.0,0.0,0.0,0.0,0.0,6.0,3.0,33.33,53.55,3.0,1.5,16.67,26.78,3.0,1.5,16.67,26.78,0.0,0.0,0.0,0.0,0.0,0.0,0.0,0.0,0.0,0.0,0.0,0.0,0.0,0.0,0.0,0.0,3.0,1.5,16.67,26.78,2.0,1.0,11.11,17.85,16.67,55.56,-38.89,107.1,-7.0,-3.5,-38.89,4.03,2.02,0.21,0.21,0.0,0.17,,0.0,0.0,0.0,0.67,0.5,0.0,0.0,0.17,11.11,0.0
4,高雄全家海神,109|110|12668|12908,于煥亞/胡瓏貿/歐提斯/布里茲克,2,36,45.0,593.08,9.88,09:53,296.54,4.94,04:57,16.0,8.0,35.56,58.27,27.0,13.5,60.0,98.33,18.0,9.0,40.0,65.56,6.0,3.0,13.33,21.85,10.0,5.0,22.22,36.42,5.0,2.5,11.11,18.21,8.0,4.0,17.78,29.14,1.0,0.5,2.22,3.64,2.0,1.0,4.44,7.28,2.0,1.0,4.44,7.28,3.0,1.5,6.67,10.93,9.0,4.5,20.0,32.78,8.0,4.0,17.78,29.14,4.0,2.0,8.89,14.57,0.0,0.0,0.0,0.0,2.0,1.0,4.44,7.28,0.0,0.0,0.0,0.0,1.0,0.5,2.22,3.64,5.0,2.5,11.11,18.21,2.0,1.0,4.44,7.28,35.56,60.0,-24.44,109.26,-11.0,-5.5,-24.44,9.88,4.94,0.36,0.42,0.5,0.12,1.0,0.0,0.33,0.43,0.53,0.5,0.0,2.22,0.11,4.44,0.11
4,高雄全家海神,45|109|116|12668,施晉堯/于煥亞/呂威霆/歐提斯,1,8,11.0,109.11,1.82,01:49,109.11,1.82,01:49,3.0,3.0,27.27,59.39,2.0,2.0,18.18,39.59,4.0,4.0,36.36,79.18,1.0,1.0,9.09,19.8,0.0,0.0,0.0,0.0,0.0,0.0,0.0,0.0,4.0,4.0,36.36,79.18,1.0,1.0,9.09,19.8,0.0,0.0,0.0,0.0,0.0,0.0,0.0,0.0,1.0,1.0,9.09,19.8,2.0,2.0,18.18,39.59,2.0,2.0,18.18,39.59,3.0,3.0,27.27,59.39,1.0,1.0,9.09,19.8,1.0,1.0,9.09,19.8,1.0,1.0,9.09,19.8,0.0,0.0,0.0,0.0,0.0,0.0,0.0,0.0,0.0,0.0,0.0,0.0,27.27,18.18,9.09,145.17,1.0,1.0,9.09,1.82,1.82,0.38,0.38,,0.25,,0.2,1.0,0.25,0.5,0.38,9.09,0.0,0.0,0.0,0.0
4,高雄全家海神,45|116|12668|12908,施晉堯/呂威霆/歐提斯/布里茲克,1,8,11.0,109.11,1.82,01:49,109.11,1.82,01:49,3.0,3.0,27.27,59.39,2.0,2.0,18.18,39.59,4.0,4.0,36.36,79.18,1.0,1.0,9.09,19.8,0.0,0.0,0.0,0.0,0.0,0.0,0.0,0.0,4.0,4.0,36.36,79.18,1.0,1.0,9.09,19.8,0.0,0.0,0.0,0.0,0.0,0.0,0.0,0.0,1.0,1.0,9.09,19.8,2.0,2.0,18.18,39.59,2.0,2.0,18.18,39.59,3.0,3.0,27.27,59.39,1.0,1.0,9.09,19.8,1.0,1.0,9.09,19.8,1.0,1.0,9.09,19.8,0.0,0.0,0.0,0.0,0.0,0.0,0.0,0.0,0.0,0.0,0.0,0.0,27.27,18.18,9.09,145.17,1.0,1.0,9.09,1.82,1.82,0.38,0.38,,0.25,,0.2,1.0,0.25,0.5,0.38,9.09,0.0,0.0,0.0,0.0
4,高雄全家海神,109|116|12668|12908,于煥亞/呂威霆/歐提斯/布里茲克,2,25,32.0,383.73,6.4,06:24,191.87,3.2,03:12,12.0,6.0,37.5,67.55,5.0,2.5,15.62,28.14,13.0,6.5,40.62,73.18,4.0,2.0,12.5,22.52,5.0,2.5,15.62,28.14,2.0,1.0,6.25,11.26,8.0,4.0,25.0,45.03,2.0,1.0,6.25,11.26,2.0,1.0,6.25,11.26,2.0,1.0,6.25,11.26,3.0,1.5,9.38,16.89,6.0,3.0,18.75,33.77,3.0,1.5,9.38,16.89,7.0,3.5,21.88,39.4,4.0,2.0,12.5,22.52,3.0,1.5,9.38,16.89,2.0,1.0,6.25,11.26,0.0,0.0,0.0,0.0,3.0,1.5,9.38,16.89,3.0,1.5,9.38,16.89,37.5,15.62,21.88,120.08,7.0,3.5,21.88,6.4,3.2,0.38,0.43,0.4,0.25,1.0,0.22,0.75,0.3,0.67,0.47,6.25,0.0,0.09,9.38,0.15
4,高雄全家海神,51|111|116|121,克力斯/唐維傑/呂威霆/吳曉謹,4,62,76.0,1006.01,16.77,16:46,251.5,4.19,04:12,29.0,7.25,38.16,62.27,31.0,7.75,40.79,66.56,33.0,8.25,43.42,70.85,12.0,3.0,15.79,25.77,21.0,5.25,27.63,45.09,10.0,2.5,13.16,21.47,12.0,3.0,15.79,25.77,2.0,0.5,2.63,4.29,3.0,0.75,3.95,6.44,3.0,0.75,3.95,6.44,11.0,2.75,14.47,23.62,10.0,2.5,13.16,21.47,3.0,0.75,3.95,6.44,11.0,2.75,14.47,23.62,5.0,1.25,6.58,10.74,6.0,1.5,7.89,12.88,5.0,1.25,6.58,10.74,1.0,0.25,1.32,2.15,7.0,1.75,9.21,15.03,5.0,1.25,6.58,10.74,38.16,40.79,-2.63,108.79,-2.0,-0.5,-2.63,16.77,4.19,0.39,0.42,0.48,0.17,1.0,0.13,0.5,0.5,0.77,0.6,6.58,1.32,0.09,6.58,0.09
4,高雄全家海神,51|111|116|12668,克力斯/唐維傑/呂威霆/歐提斯,2,22,24.0,323.96,5.4,05:24,161.98,2.7,02:42,14.0,7.0,58.33,93.34,8.0,4.0,33.33,53.34,9.0,4.5,37.5,60.01,5.0,2.5,20.83,33.34,6.0,3.0,25.0,40.0,5.0,2.5,20.83,33.34,3.0,1.5,12.5,20.0,0.0,0.0,0.0,0.0,5.0,2.5,20.83,33.34,4.0,2.0,16.67,26.67,1.0,0.5,4.17,6.67,1.0,0.5,4.17,6.67,0.0,0.0,0.0,0.0,5.0,2.5,20.83,33.34,2.0,1.0,8.33,13.33,0.0,0.0,0.0,0.0,2.0,1.0,8.33,13.33,0.0,0.0,0.0,0.0,3.0,1.5,12.5,20.0,5.0,2.5,20.83,33.34,58.33,33.33,25.0,106.68,6.0,3.0,25.0,5.4,2.7,0.56,0.62,0.83,0.0,0.8,0.15,0.0,0.17,1.0,0.29,8.33,0.0,0.12,20.83,0.56
4,高雄全家海神,51|116|121|12668,克力斯/呂威霆/吳曉謹/歐提斯,2,26,35.0,411.43,6.86,06:51,205.71,3.43,03:26,15.0,7.5,42.86,78.75,9.0,4.5,25.71,47.25,13.0,6.5,37.14,68.25,4.0,2.0,11.43,21.0,10.0,5.0,28.57,52.5,4.0,2.0,11.43,21.0,3.0,1.5,8.57,15.75,0.0,0.0,0.0,0.0,5.0,2.5,14.29,26.25,5.0,2.5,14.29,26.25,5.0,2.5,14.29,26.25,3.0,1.5,8.57,15.75,1.0,0.5,2.86,5.25,7.0,3.5,20.0,36.75,3.0,1.5,8.57,15.75,1.0,0.5,2.86,5.25,3.0,1.5,8.57,15.75,0.0,0.0,0.0,0.0,5.0,2.5,14.29,26.25,5.0,2.5,14.29,26.25,42.86,25.71,17.14,122.5,6.0,3.0,17.14,6.86,3.43,0.31,0.49,0.4,0.0,1.0,0.16,0.25,0.42,0.75,0.5,8.57,0.0,0.14,14.29,0.38
4,高雄全家海神,111|116|121|12668,唐維傑/呂威霆/吳曉謹/歐提斯,2,24,31.0,393.25,6.55,06:33,196.63,3.28,03:17,13.0,6.5,41.94,71.4,11.0,5.5,35.48,60.42,10.0,5.0,32.26,54.93,5.0,2.5,16.13,27.46,8.0,4.0,25.81,43.94,5.0,2.5,16.13,27.46,2.0,1.0,6.45,10.99,0.0,0.0,0.0,0.0,3.0,1.5,9.68,16.48,3.0,1.5,9.68,16.48,2.0,1.0,6.45,10.99,2.0,1.0,6.45,10.99,2.0,1.0,6.45,10.99,6.0,3.0,19.35,32.96,4.0,2.0,12.9,21.97,0.0,0.0,0.0,0.0,4.0,2.0,12.9,21.97,0.0,0.0,0.0,0.0,2.0,1.0,6.45,10.99,1.0,0.5,3.23,5.49,41.94,35.48,6.45,113.52,2.0,1.0,6.45,6.55,3.28,0.5,0.57,0.62,0.0,1.0,0.26,0.0,0.25,0.5,0.33,12.9,0.0,0.06,3.23,0.3
4,高雄全家海神,51|110|111|13275,克力斯/胡瓏貿/唐維傑/吳彥侖,1,7,7.0,82.0,1.37,01:22,82.0,1.37,01:22,2.0,2.0,28.57,52.68,4.0,4.0,57.14,105.37,1.0,1.0,14.29,26.34,1.0,1.0,14.29,26.34,1.0,1.0,14.29,26.34,1.0,1.0,14.29,26.34,0.0,0.0,0.0,0.0,0.0,0.0,0.0,0.0,0.0,0.0,0.0,0.0,0.0,0.0,0.0,0.0,0.0,0.0,0.0,0.0,0.0,0.0,0.0,0.0,0.0,0.0,0.0,0.0,1.0,1.0,14.29,26.34,2.0,2.0,28.57,52.68,0.0,0.0,0.0,0.0,0.0,0.0,0.0,0.0,0.0,0.0,0.0,0.0,0.0,0.0,0.0,0.0,0.0,0.0,0.0,0.0,28.57,57.14,-28.57,122.93,-2.0,-2.0,-28.57,1.37,1.37,1.0,1.0,1.0,,,0.67,0.0,0.0,,0.0,0.0,0.0,0.0,0.0,0.0
4,高雄全家海神,110|111|12908|13275,胡瓏貿/唐維傑/布里茲克/吳彥侖,1,4,4.0,62.0,1.03,01:02,62.0,1.03,01:02,2.0,2.0,50.0,69.68,2.0,2.0,50.0,69.68,1.0,1.0,25.0,34.84,1.0,1.0,25.0,34.84,1.0,1.0,25.0,34.84,1.0,1.0,25.0,34.84,0.0,0.0,0.0,0.0,0.0,0.0,0.0,0.0,0.0,0.0,0.0,0.0,0.0,0.0,0.0,0.0,0.0,0.0,0.0,0.0,0.0,0.0,0.0,0.0,0.0,0.0,0.0,0.0,1.0,1.0,25.0,34.84,1.0,1.0,25.0,34.84,0.0,0.0,0.0,0.0,0.0,0.0,0.0,0.0,0.0,0.0,0.0,0.0,0.0,0.0,0.0,0.0,0.0,0.0,0.0,0.0,50.0,50.0,0.0,92.9,0.0,0.0,0.0,1.03,1.03,1.0,1.0,1.0,,,0.5,0.0,0.0,,0.0,0.0,0.0,0.0,0.0,0.0
4,高雄全家海神,45|51|110|12668,施晉堯/克力斯/胡瓏貿/歐提斯,2,7,7.0,128.16,2.14,02:08,64.08,1.07,01:04,5.0,2.5,71.43,84.27,6.0,3.0,85.71,101.12,2.0,1.0,28.57,33.71,2.0,1.0,28.57,33.71,1.0,0.5,14.29,16.85,1.0,0.5,14.29,16.85,1.0,0.5,14.29,16.85,1.0,0.5,14.29,16.85,0.0,0.0,0.0,0.0,0.0,0.0,0.0,0.0,0.0,0.0,0.0,0.0,0.0,0.0,0.0,0.0,0.0,0.0,0.0,0.0,1.0,0.5,14.29,16.85,1.0,0.5,14.29,16.85,1.0,0.5,14.29,16.85,0.0,0.0,0.0,0.0,0.0,0.0,0.0,0.0,1.0,0.5,14.29,16.85,2.0,1.0,28.57,33.71,71.43,85.71,-14.29,78.65,-1.0,-0.5,-14.29,2.14,1.07,1.25,1.25,1.0,1.0,,0.33,0.5,0.0,,0.0,0.0,0.0,0.14,28.57,0.0
4,高雄全家海神,45|51|111|12668,施晉堯/克力斯/唐維傑/歐提斯,1,15,16.0,234.92,3.92,03:55,234.92,3.92,03:55,7.0,7.0,43.75,64.36,17.0,17.0,106.25,156.31,4.0,4.0,25.0,36.78,3.0,3.0,18.75,27.58,3.0,3.0,18.75,27.58,2.0,2.0,12.5,18.39,1.0,1.0,6.25,9.19,1.0,1.0,6.25,9.19,0.0,0.0,0.0,0.0,0.0,0.0,0.0,0.0,0.0,0.0,0.0,0.0,1.0,1.0,6.25,9.19,1.0,1.0,6.25,9.19,1.0,1.0,6.25,9.19,3.0,3.0,18.75,27.58,2.0,2.0,12.5,18.39,2.0,2.0,12.5,18.39,0.0,0.0,0.0,0.0,1.0,1.0,6.25,9.19,2.0,2.0,12.5,18.39,43.75,106.25,-62.5,98.08,-10.0,-10.0,-62.5,3.92,3.92,0.88,0.88,0.67,1.0,,0.43,0.67,0.0,0.5,0.33,12.5,0.0,0.06,12.5,0.0
4,高雄全家海神,45|110|111|12668,施晉堯/胡瓏貿/唐維傑/歐提斯,1,6,6.0,128.0,2.13,02:08,128.0,2.13,02:08,5.0,5.0,83.33,84.38,5.0,5.0,83.33,84.38,2.0,2.0,33.33,33.75,2.0,2.0,33.33,33.75,1.0,1.0,16.67,16.88,1.0,1.0,16.67,16.88,1.0,1.0,16.67,16.88,1.0,1.0,16.67,16.88,0.0,0.0,0.0,0.0,0.0,0.0,0.0,0.0,0.0,0.0,0.0,0.0,0.0,0.0,0.0,0.0,0.0,0.0,0.0,0.0,1.0,1.0,16.67,16.88,1.0,1.0,16.67,16.88,1.0,1.0,16.67,16.88,0.0,0.0,0.0,0.0,0.0,0.0,0.0,0.0,1.0,1.0,16.67,16.88,0.0,0.0,0.0,0.0,83.33,83.33,0.0,67.5,0.0,0.0,0.0,2.13,2.13,1.25,1.25,1.0,1.0,,0.33,0.5,0.0,,0.0,0.0,0.0,0.17,0.0,0.0
4,高雄全家海神,51|110|111|12668,克力斯/胡瓏貿/唐維傑/歐提斯,3,35,42.0,568.99,9.48,09:29,189.66,3.16,03:10,17.0,5.67,40.48,64.54,26.0,8.67,61.9,98.7,15.0,5.0,35.71,56.94,8.0,2.67,19.05,30.37,9.0,3.0,21.43,34.17,7.0,2.33,16.67,26.57,6.0,2.0,14.29,22.78,1.0,0.33,2.38,3.8,2.0,0.67,4.76,7.59,2.0,0.67,4.76,7.59,3.0,1.0,7.14,11.39,4.0,1.33,9.52,15.18,2.0,0.67,4.76,7.59,5.0,1.67,11.9,18.98,4.0,1.33,9.52,15.18,3.0,1.0,7.14,11.39,1.0,0.33,2.38,3.8,0.0,0.0,0.0,0.0,2.0,0.67,4.76,7.59,4.0,1.33,9.52,15.18,40.48,61.9,-21.43,106.29,-9.0,-3.0,-21.43,9.48,3.16,0.57,0.54,0.78,0.17,1.0,0.2,0.38,0.38,0.67,0.5,2.38,0.0,0.05,9.52,0.13
4,高雄全家海神,45|51|109|111,施晉堯/克力斯/于煥亞/唐維傑,1,9,10.0,106.92,1.78,01:47,106.92,1.78,01:47,2.0,2.0,20.0,40.4,12.0,12.0,120.0,242.43,2.0,2.0,20.0,40.4,1.0,1.0,10.0,20.2,2.0,2.0,20.0,40.4,1.0,1.0,10.0,20.2,0.0,0.0,0.0,0.0,0.0,0.0,0.0,0.0,0.0,0.0,0.0,0.0,0.0,0.0,0.0,0.0,0.0,0.0,0.0,0.0,1.0,1.0,10.0,20.2,1.0,1.0,10.0,20.2,0.0,0.0,0.0,0.0,2.0,2.0,20.0,40.4,1.0,1.0,10.0,20.2,2.0,2.0,20.0,40.4,0.0,0.0,0.0,0.0,0.0,0.0,0.0,0.0,2.0,2.0,20.0,40.4,20.0,120.0,-100.0,134.68,-10.0,-10.0,-100.0,1.78,1.78,0.5,0.5,0.5,,,0.5,1.0,,0.5,0.5,20.0,0.0,0.0,20.0,0.0
4,高雄全家海神,45|51|109|12668,施晉堯/克力斯/于煥亞/歐提斯,2,20,23.0,270.59,4.51,04:31,135.3,2.25,02:15,4.0,2.0,17.39,31.93,17.0,8.5,73.91,135.7,6.0,3.0,26.09,47.89,2.0,1.0,8.7,15.96,3.0,1.5,13.04,23.95,2.0,1.0,8.7,15.96,3.0,1.5,13.04,23.95,0.0,0.0,0.0,0.0,0.0,0.0,0.0,0.0,0.0,0.0,0.0,0.0,0.0,0.0,0.0,0.0,4.0,2.0,17.39,31.93,2.0,1.0,8.7,15.96,1.0,0.5,4.35,7.98,3.0,1.5,13.04,23.95,2.0,1.0,8.7,15.96,3.0,1.5,13.04,23.95,0.0,0.0,0.0,0.0,1.0,0.5,4.35,7.98,3.0,1.5,13.04,23.95,17.39,73.91,-56.52,122.4,-13.0,-6.5,-56.52,4.51,2.25,0.33,0.33,0.67,0.0,,0.33,1.0,0.0,0.67,0.57,13.04,0.0,0.04,13.04,0.0
4,高雄全家海神,45|109|111|12668,施晉堯/于煥亞/唐維傑/歐提斯,1,10,12.0,141.92,2.37,02:22,141.92,2.37,02:22,2.0,2.0,16.67,30.44,12.0,12.0,100.0,182.64,3.0,3.0,25.0,45.66,1.0,1.0,8.33,15.22,2.0,2.0,16.67,30.44,1.0,1.0,8.33,15.22,1.0,1.0,8.33,15.22,0.0,0.0,0.0,0.0,0.0,0.0,0.0,0.0,0.0,0.0,0.0,0.0,1.0,1.0,8.33,15.22,1.0,1.0,8.33,15.22,1.0,1.0,8.33,15.22,0.0,0.0,0.0,0.0,3.0,3.0,25.0,45.66,1.0,1.0,8.33,15.22,3.0,3.0,25.0,45.66,0.0,0.0,0.0,0.0,0.0,0.0,0.0,0.0,2.0,2.0,16.67,30.44,16.67,100.0,-83.33,121.76,-10.0,-10.0,-83.33,2.37,2.37,0.33,0.33,0.5,0.0,,0.5,1.0,1.0,0.5,0.67,25.0,0.0,0.0,16.67,0.0
4,高雄全家海神,51|109|111|12668,克力斯/于煥亞/唐維傑/歐提斯,3,37,44.0,490.61,8.18,08:11,163.54,2.73,02:44,19.0,6.33,43.18,83.65,29.0,9.67,65.91,127.68,14.0,4.67,31.82,61.64,8.0,2.67,18.18,35.22,10.0,3.33,22.73,44.03,8.0,2.67,18.18,35.22,4.0,1.33,9.09,17.61,0.0,0.0,0.0,0.0,4.0,1.33,9.09,17.61,3.0,1.0,6.82,13.21,3.0,1.0,6.82,13.21,2.0,0.67,4.55,8.81,2.0,0.67,4.55,8.81,4.0,1.33,9.09,17.61,4.0,1.33,9.09,17.61,2.0,0.67,4.55,8.81,3.0,1.0,6.82,13.21,0.0,0.0,0.0,0.0,2.0,0.67,4.55,8.81,10.0,3.33,22.73,44.03,43.18,65.91,-22.73,129.15,-10.0,-3.33,-22.73,8.18,2.73,0.57,0.6,0.8,0.0,0.75,0.2,0.25,0.43,0.5,0.45,6.82,0.0,0.05,22.73,0.29
4,高雄全家海神,45|111|12668|12908,施晉堯/唐維傑/歐提斯/布里茲克,1,1,2.0,35.0,0.58,00:35,35.0,0.58,00:35,0.0,0.0,0.0,0.0,0.0,0.0,0.0,0.0,1.0,1.0,50.0,61.71,0.0,0.0,0.0,0.0,0.0,0.0,0.0,0.0,0.0,0.0,0.0,0.0,1.0,1.0,50.0,61.71,0.0,0.0,0.0,0.0,0.0,0.0,0.0,0.0,0.0,0.0,0.0,0.0,1.0,1.0,50.0,61.71,0.0,0.0,0.0,0.0,0.0,0.0,0.0,0.0,0.0,0.0,0.0,0.0,1.0,1.0,50.0,61.71,0.0,0.0,0.0,0.0,1.0,1.0,50.0,61.71,0.0,0.0,0.0,0.0,0.0,0.0,0.0,0.0,0.0,0.0,0.0,0.0,0.0,0.0,0.0,82.29,0.0,0.0,0.0,0.58,0.58,0.0,0.0,,0.0,,0.5,,1.0,,1.0,50.0,0.0,0.0,0.0,0.0
4,高雄全家海神,109|111|12668|12908,于煥亞/唐維傑/歐提斯/布里茲克,2,2,3.0,35.86,0.6,00:36,17.93,0.3,00:18,2.0,1.0,66.67,120.48,0.0,0.0,0.0,0.0,1.0,0.5,33.33,60.24,0.0,0.0,0.0,0.0,0.0,0.0,0.0,0.0,0.0,0.0,0.0,0.0,1.0,0.5,33.33,60.24,0.0,0.0,0.0,0.0,2.0,1.0,66.67,120.48,2.0,1.0,66.67,120.48,1.0,0.5,33.33,60.24,0.0,0.0,0.0,0.0,0.0,0.0,0.0,0.0,0.0,0.0,0.0,0.0,1.0,0.5,33.33,60.24,0.0,0.0,0.0,0.0,1.0,0.5,33.33,60.24,0.0,0.0,0.0,0.0,0.0,0.0,0.0,0.0,0.0,0.0,0.0,0.0,66.67,0.0,66.67,120.48,2.0,1.0,66.67,0.6,0.3,0.0,0.53,,0.0,1.0,0.35,,1.0,,1.0,33.33,0.0,0.0,0.0,2.0
4,高雄全家海神,109|110|12668|13275,于煥亞/胡瓏貿/歐提斯/吳彥侖,2,18,21.0,285.0,4.75,04:45,142.5,2.37,02:22,13.0,6.5,61.9,98.53,7.0,3.5,33.33,53.05,8.0,4.0,38.1,60.63,5.0,2.5,23.81,37.89,5.0,2.5,23.81,37.89,3.0,1.5,14.29,22.74,3.0,1.5,14.29,22.74,2.0,1.0,9.52,15.16,0.0,0.0,0.0,0.0,0.0,0.0,0.0,0.0,0.0,0.0,0.0,0.0,3.0,1.5,14.29,22.74,3.0,1.5,14.29,22.74,1.0,0.5,4.76,7.58,1.0,0.5,4.76,7.58,4.0,2.0,19.05,30.32,0.0,0.0,0.0,0.0,0.0,0.0,0.0,0.0,1.0,0.5,4.76,7.58,0.0,0.0,0.0,0.0,61.9,33.33,28.57,106.11,6.0,3.0,28.57,4.75,2.37,0.75,0.81,0.6,0.67,,0.11,0.8,0.0,0.5,0.43,0.0,0.0,0.05,0.0,0.0
4,高雄全家海神,109|12668|12908|13275,于煥亞/歐提斯/布里茲克/吳彥侖,2,10,12.0,169.0,2.82,02:49,84.5,1.41,01:24,4.0,2.0,33.33,51.12,2.0,1.0,16.67,25.56,4.0,2.0,33.33,51.12,2.0,1.0,16.67,25.56,3.0,1.5,25.0,38.34,2.0,1.0,16.67,25.56,1.0,0.5,8.33,12.78,0.0,0.0,0.0,0.0,0.0,0.0,0.0,0.0,0.0,0.0,0.0,0.0,0.0,0.0,0.0,0.0,2.0,1.0,16.67,25.56,3.0,1.5,25.0,38.34,1.0,0.5,8.33,12.78,1.0,0.5,8.33,12.78,1.0,0.5,8.33,12.78,0.0,0.0,0.0,0.0,0.0,0.0,0.0,0.0,2.0,1.0,16.67,25.56,1.0,0.5,8.33,12.78,33.33,16.67,16.67,102.25,2.0,1.0,16.67,2.82,1.41,0.5,0.5,0.67,0.0,,0.2,0.5,0.0,0.4,0.33,0.0,0.0,0.17,8.33,0.0
4,高雄全家海神,110|12668|12908|13275,胡瓏貿/歐提斯/布里茲克/吳彥侖,2,6,7.0,112.0,1.87,01:52,56.0,0.93,00:56,4.0,2.0,57.14,77.14,2.0,1.0,28.57,38.57,3.0,1.5,42.86,57.86,2.0,1.0,28.57,38.57,3.0,1.5,42.86,57.86,2.0,1.0,28.57,38.57,0.0,0.0,0.0,0.0,0.0,0.0,0.0,0.0,0.0,0.0,0.0,0.0,0.0,0.0,0.0,0.0,0.0,0.0,0.0,0.0,1.0,0.5,14.29,19.29,2.0,1.0,28.57,38.57,0.0,0.0,0.0,0.0,0.0,0.0,0.0,0.0,1.0,0.5,14.29,19.29,0.0,0.0,0.0,0.0,0.0,0.0,0.0,0.0,1.0,0.5,14.29,19.29,0.0,0.0,0.0,0.0,57.14,28.57,28.57,90.0,2.0,1.0,28.57,1.87,0.93,0.67,0.67,0.67,,,0.0,0.5,,0.33,0.33,0.0,0.0,0.14,0.0,0.0
4,高雄全家海神,51|110|111|121,克力斯/胡瓏貿/唐維傑/吳曉謹,4,30,39.0,525.65,8.76,08:46,131.41,2.19,02:11,9.0,2.25,23.08,36.98,9.0,2.25,23.08,36.98,14.0,3.5,35.9,57.53,4.0,1.0,10.26,16.44,7.0,1.75,17.95,28.76,3.0,0.75,7.69,12.33,7.0,1.75,17.95,28.76,1.0,0.25,2.56,4.11,0.0,0.0,0.0,0.0,0.0,0.0,0.0,0.0,3.0,0.75,7.69,12.33,6.0,1.5,15.38,24.66,5.0,1.25,12.82,20.55,7.0,1.75,17.95,28.76,5.0,1.25,12.82,20.55,3.0,0.75,7.69,12.33,2.0,0.5,5.13,8.22,2.0,0.5,5.13,8.22,3.0,0.75,7.69,12.33,6.0,1.5,15.38,24.66,23.08,23.08,0.0,106.84,0.0,0.0,0.0,8.76,2.19,0.32,0.32,0.43,0.14,,0.26,0.75,0.3,0.55,0.43,5.13,5.13,0.08,15.38,0.0
4,高雄全家海神,110|111|121|12908,胡瓏貿/唐維傑/吳曉謹/布里茲克,2,8,10.0,153.44,2.56,02:33,76.72,1.28,01:17,0.0,0.0,0.0,0.0,4.0,2.0,40.0,56.31,1.0,0.5,10.0,14.08,0.0,0.0,0.0,0.0,0.0,0.0,0.0,0.0,0.0,0.0,0.0,0.0,1.0,0.5,10.0,14.08,0.0,0.0,0.0,0.0,2.0,1.0,20.0,28.15,1.0,0.5,10.0,14.08,0.0,0.0,0.0,0.0,2.0,1.0,20.0,28.15,2.0,1.0,20.0,28.15,2.0,1.0,20.0,28.15,3.0,1.5,30.0,42.23,0.0,0.0,0.0,0.0,1.0,0.5,10.0,14.08,0.0,0.0,0.0,0.0,0.0,0.0,0.0,0.0,2.0,1.0,20.0,28.15,0.0,40.0,-40.0,93.85,-4.0,-2.0,-40.0,2.56,1.28,0.0,0.0,,0.0,0.5,0.61,,0.0,0.5,0.33,10.0,0.0,0.0,20.0,2.0
4,高雄全家海神,109|116|121|12668,于煥亞/呂威霆/吳曉謹/歐提斯,2,17,25.0,299.8,5.0,05:00,149.9,2.5,02:30,11.0,5.5,44.0,79.25,4.0,2.0,16.0,28.82,13.0,6.5,52.0,93.66,3.0,1.5,12.0,21.61,9.0,4.5,36.0,64.84,2.0,1.0,8.0,14.41,4.0,2.0,16.0,28.82,1.0,0.5,4.0,7.2,2.0,1.0,8.0,14.41,2.0,1.0,8.0,14.41,6.0,3.0,24.0,43.23,4.0,2.0,16.0,28.82,1.0,0.5,4.0,7.2,5.0,2.5,20.0,36.02,2.0,1.0,8.0,14.41,3.0,1.5,12.0,21.61,1.0,0.5,4.0,7.2,0.0,0.0,0.0,0.0,4.0,2.0,16.0,28.82,6.0,3.0,24.0,43.23,44.0,16.0,28.0,120.08,7.0,3.5,28.0,5.0,2.5,0.27,0.4,0.22,0.25,1.0,0.13,1.0,0.55,0.8,0.62,4.0,0.0,0.16,24.0,0.15
4,高雄全家海神,109|121|12668|12908,于煥亞/吳曉謹/歐提斯/布里茲克,2,26,35.0,455.83,7.6,07:36,227.91,3.8,03:48,16.0,8.0,45.71,75.82,18.0,9.0,51.43,85.3,16.0,8.0,45.71,75.82,6.0,3.0,17.14,28.43,11.0,5.5,31.43,52.12,5.0,2.5,14.29,23.69,5.0,2.5,14.29,23.69,1.0,0.5,2.86,4.74,2.0,1.0,5.71,9.48,2.0,1.0,5.71,9.48,5.0,2.5,14.29,23.69,5.0,2.5,14.29,23.69,3.0,1.5,8.57,14.22,4.0,2.0,11.43,18.95,2.0,1.0,5.71,9.48,3.0,1.5,8.57,14.22,1.0,0.5,2.86,4.74,1.0,0.5,2.86,4.74,3.0,1.5,8.57,14.22,2.0,1.0,5.71,9.48,45.71,51.43,-5.71,110.57,-2.0,-1.0,-5.71,7.6,3.8,0.41,0.47,0.45,0.2,1.0,0.11,0.5,0.56,0.62,0.59,2.86,2.86,0.09,5.71,0.12
4,高雄全家海神,116|121|12668|12908,呂威霆/吳曉謹/歐提斯/布里茲克,2,23,31.0,385.62,6.43,06:26,192.81,3.21,03:13,13.0,6.5,41.94,72.82,9.0,4.5,29.03,50.41,12.0,6.0,38.71,67.22,5.0,2.5,16.13,28.01,9.0,4.5,29.03,50.41,4.0,2.0,12.9,22.41,3.0,1.5,9.68,16.8,1.0,0.5,3.23,5.6,2.0,1.0,6.45,11.2,2.0,1.0,6.45,11.2,3.0,1.5,9.68,16.8,4.0,2.0,12.9,22.41,2.0,1.0,6.45,11.2,5.0,2.5,16.13,28.01,4.0,2.0,12.9,22.41,2.0,1.0,6.45,11.2,3.0,1.5,9.68,16.8,0.0,0.0,0.0,0.0,2.0,1.0,6.45,11.2,2.0,1.0,6.45,11.2,41.94,29.03,12.9,115.76,4.0,2.0,12.9,6.43,3.21,0.46,0.5,0.44,0.33,1.0,0.24,0.4,0.38,0.67,0.5,9.68,0.0,0.06,6.45,0.17
4,高雄全家海神,51|109|116|12668,克力斯/于煥亞/呂威霆/歐提斯,2,15,24.0,264.89,4.41,04:25,132.44,2.21,02:12,7.0,3.5,29.17,57.08,9.0,4.5,37.5,73.39,9.0,4.5,37.5,73.39,2.0,1.0,8.33,16.31,7.0,3.5,29.17,57.08,2.0,1.0,8.33,16.31,2.0,1.0,8.33,16.31,0.0,0.0,0.0,0.0,2.0,1.0,8.33,16.31,1.0,0.5,4.17,8.15,4.0,2.0,16.67,32.62,2.0,1.0,8.33,16.31,3.0,1.5,12.5,24.46,4.0,2.0,16.67,32.62,1.0,0.5,4.17,8.15,1.0,0.5,4.17,8.15,1.0,0.5,4.17,8.15,0.0,0.0,0.0,0.0,3.0,1.5,12.5,24.46,8.0,4.0,33.33,65.24,29.17,37.5,-8.33,130.47,-2.0,-1.0,-8.33,4.41,2.21,0.22,0.35,0.29,0.0,0.5,0.09,0.5,0.5,0.4,0.46,4.17,0.0,0.12,33.33,0.22
4,高雄全家海神,51|109|121|12668,克力斯/于煥亞/吳曉謹/歐提斯,3,16,23.0,269.38,4.49,04:29,89.79,1.5,01:30,4.0,1.33,17.39,32.07,11.0,3.67,47.83,88.2,13.0,4.33,56.52,104.24,2.0,0.67,8.7,16.04,8.0,2.67,34.78,64.15,2.0,0.67,8.7,16.04,5.0,1.67,21.74,40.09,0.0,0.0,0.0,0.0,1.0,0.33,4.35,8.02,1.0,0.33,4.35,8.02,6.0,2.0,26.09,48.11,5.0,1.67,21.74,40.09,2.0,0.67,8.7,16.04,2.0,0.67,8.7,16.04,0.0,0.0,0.0,0.0,1.0,0.33,4.35,8.02,0.0,0.0,0.0,0.0,2.0,0.67,8.7,16.04,3.0,1.0,13.04,24.05,7.0,2.33,30.43,56.13,17.39,47.83,-30.43,122.95,-7.0,-2.33,-30.43,4.49,1.5,0.15,0.15,0.25,0.0,1.0,0.0,0.5,0.75,0.71,0.73,0.0,8.7,0.13,30.43,0.08
4,高雄全家海神,51|109|110|12668,克力斯/于煥亞/胡瓏貿/歐提斯,3,45,57.0,644.7,10.75,10:45,214.9,3.58,03:35,25.0,8.33,43.86,83.76,30.0,10.0,52.63,100.51,22.0,7.33,38.6,73.71,10.0,3.33,17.54,33.5,12.0,4.0,21.05,40.2,8.0,2.67,14.04,26.8,10.0,3.33,17.54,33.5,2.0,0.67,3.51,6.7,3.0,1.0,5.26,10.05,3.0,1.0,5.26,10.05,6.0,2.0,10.53,20.1,6.0,2.0,10.53,20.1,4.0,1.33,7.02,13.4,4.0,1.33,7.02,13.4,3.0,1.0,5.26,10.05,4.0,1.33,7.02,13.4,2.0,0.67,3.51,6.7,2.0,0.67,3.51,6.7,3.0,1.0,5.26,10.05,6.0,2.0,10.53,20.1,43.86,52.63,-8.77,127.31,-5.0,-1.67,-8.77,10.75,3.58,0.5,0.54,0.67,0.2,1.0,0.11,0.4,0.6,0.6,0.6,3.51,3.51,0.05,10.53,0.14
4,高雄全家海神,51|109|12668|13275,克力斯/于煥亞/歐提斯/吳彥侖,2,12,14.0,173.0,2.88,02:53,86.5,1.44,01:27,9.0,4.5,64.29,112.37,5.0,2.5,35.71,62.43,5.0,2.5,35.71,62.43,3.0,1.5,21.43,37.46,2.0,1.0,14.29,24.97,1.0,0.5,7.14,12.49,3.0,1.5,21.43,37.46,2.0,1.0,14.29,24.97,0.0,0.0,0.0,0.0,0.0,0.0,0.0,0.0,0.0,0.0,0.0,0.0,2.0,1.0,14.29,24.97,1.0,0.5,7.14,12.49,1.0,0.5,7.14,12.49,1.0,0.5,7.14,12.49,3.0,1.5,21.43,37.46,0.0,0.0,0.0,0.0,0.0,0.0,0.0,0.0,0.0,0.0,0.0,0.0,0.0,0.0,0.0,0.0,64.29,35.71,28.57,116.53,4.0,2.0,28.57,2.88,1.44,0.8,0.9,0.5,0.67,,0.17,1.0,0.0,0.67,0.5,0.0,0.0,0.0,0.0,0.0
4,高雄全家海神,51|110|12668|13275,克力斯/胡瓏貿/歐提斯/吳彥侖,2,15,17.0,193.0,3.22,03:13,96.5,1.61,01:37,9.0,4.5,52.94,100.73,7.0,3.5,41.18,78.34,5.0,2.5,29.41,55.96,3.0,1.5,17.65,33.58,2.0,1.0,11.76,22.38,1.0,0.5,5.88,11.19,3.0,1.5,17.65,33.58,2.0,1.0,11.76,22.38,0.0,0.0,0.0,0.0,0.0,0.0,0.0,0.0,0.0,0.0,0.0,0.0,2.0,1.0,11.76,22.38,1.0,0.5,5.88,11.19,1.0,0.5,5.88,11.19,2.0,1.0,11.76,22.38,3.0,1.5,17.65,33.58,0.0,0.0,0.0,0.0,0.0,0.0,0.0,0.0,0.0,0.0,0.0,0.0,0.0,0.0,0.0,0.0,52.94,41.18,11.76,126.84,2.0,1.0,11.76,3.22,1.61,0.8,0.9,0.5,0.67,,0.29,1.0,0.0,0.67,0.5,0.0,0.0,0.0,0.0,0.0
4,新北中信特攻,43|48|8889|10880,林韋翰/李沛澄/馬可/內馬,3,46,58.0,759.62,12.66,12:40,253.21,4.22,04:13,28.0,9.33,48.28,79.62,15.0,5.0,25.86,42.65,27.0,9.0,46.55,76.77,12.0,4.0,20.69,34.12,19.0,6.33,32.76,54.03,11.0,3.67,18.97,31.28,8.0,2.67,13.79,22.75,1.0,0.33,1.72,2.84,4.0,1.33,6.9,11.37,3.0,1.0,5.17,8.53,7.0,2.33,12.07,19.9,8.0,2.67,13.79,22.75,4.0,1.33,6.9,11.37,11.0,3.67,18.97,31.28,2.0,0.67,3.45,5.69,3.0,1.0,5.17,8.53,2.0,0.67,3.45,5.69,1.0,0.33,1.72,2.84,6.0,2.0,10.34,17.06,7.0,2.33,12.07,19.9,48.28,25.86,22.41,109.95,13.0,4.33,22.41,12.66,4.22,0.46,0.49,0.58,0.12,0.75,0.07,0.25,0.39,0.67,0.5,3.45,1.72,0.1,12.07,0.15
4,高雄全家海神,110|111|12668|13275,胡瓏貿/唐維傑/歐提斯/吳彥侖,2,7,9.0,80.06,1.33,01:20,40.03,0.67,00:40,4.0,2.0,44.44,107.92,5.0,2.5,55.56,134.89,2.0,1.0,22.22,53.96,1.0,0.5,11.11,26.98,1.0,0.5,11.11,26.98,0.0,0.0,0.0,0.0,1.0,0.5,11.11,26.98,1.0,0.5,11.11,26.98,2.0,1.0,22.22,53.96,1.0,0.5,11.11,26.98,1.0,0.5,11.11,26.98,0.0,0.0,0.0,0.0,1.0,0.5,11.11,26.98,0.0,0.0,0.0,0.0,1.0,0.5,11.11,26.98,1.0,0.5,11.11,26.98,0.0,0.0,0.0,0.0,0.0,0.0,0.0,0.0,1.0,0.5,11.11,26.98,2.0,1.0,22.22,53.96,44.44,55.56,-11.11,161.87,-1.0,-0.5,-11.11,1.33,0.67,0.75,0.69,0.0,1.0,0.5,0.26,1.0,1.0,0.0,0.5,0.0,0.0,0.11,22.22,1.0
4,高雄全家海神,51|109|110|111,克力斯/于煥亞/胡瓏貿/唐維傑,5,49,62.0,758.63,12.64,12:39,151.73,2.53,02:32,23.0,4.6,37.1,65.49,25.0,5.0,40.32,71.18,23.0,4.6,37.1,65.49,10.0,2.0,16.13,28.47,14.0,2.8,22.58,39.86,9.0,1.8,14.52,25.63,9.0,1.8,14.52,25.63,1.0,0.2,1.61,2.85,3.0,0.6,4.84,8.54,2.0,0.4,3.23,5.69,6.0,1.2,9.68,17.08,7.0,1.4,11.29,19.93,4.0,0.8,6.45,11.39,9.0,1.8,14.52,25.63,6.0,1.2,9.68,17.08,5.0,1.0,8.06,14.24,3.0,0.6,4.84,8.54,2.0,0.4,3.23,5.69,6.0,1.2,9.68,17.08,9.0,1.8,14.52,25.63,37.1,40.32,-3.23,117.69,-2.0,-0.4,-3.23,12.64,2.53,0.46,0.47,0.64,0.11,0.67,0.2,0.5,0.4,0.64,0.5,4.84,3.23,0.1,14.52,0.13
4,高雄全家海神,109|110|111|12908,于煥亞/胡瓏貿/唐維傑/布里茲克,2,8,9.0,115.86,1.93,01:56,57.93,0.97,00:58,4.0,2.0,44.44,74.58,6.0,3.0,66.67,111.86,2.0,1.0,22.22,37.29,1.0,0.5,11.11,18.64,1.0,0.5,11.11,18.64,1.0,0.5,11.11,18.64,1.0,0.5,11.11,18.64,0.0,0.0,0.0,0.0,3.0,1.5,33.33,55.93,2.0,1.0,22.22,37.29,0.0,0.0,0.0,0.0,2.0,1.0,22.22,37.29,1.0,0.5,11.11,18.64,1.0,0.5,11.11,18.64,1.0,0.5,11.11,18.64,1.0,0.5,11.11,18.64,1.0,0.5,11.11,18.64,0.0,0.0,0.0,0.0,2.0,1.0,22.22,37.29,1.0,0.5,11.11,18.64,44.44,66.67,-22.22,111.86,-2.0,-1.0,-22.22,1.93,0.97,0.5,0.6,1.0,0.0,0.67,0.23,1.0,0.0,0.67,0.5,11.11,0.0,0.22,11.11,1.5
4,高雄全家海神,51|109|110|121,克力斯/于煥亞/胡瓏貿/吳曉謹,6,81,99.0,1345.38,22.42,22:25,224.23,3.74,03:44,42.0,7.0,42.42,67.43,48.0,8.0,48.48,77.06,40.0,6.67,40.4,64.22,16.0,2.67,16.16,25.69,19.0,3.17,19.19,30.5,11.0,1.83,11.11,17.66,21.0,3.5,21.21,33.72,5.0,0.83,5.05,8.03,8.0,1.33,8.08,12.84,8.0,1.33,8.08,12.84,7.0,1.17,7.07,11.24,15.0,2.5,15.15,24.08,11.0,1.83,11.11,17.66,11.0,1.83,11.11,17.66,6.0,1.0,6.06,9.63,9.0,1.5,9.09,14.45,4.0,0.67,4.04,6.42,4.0,0.67,4.04,6.42,9.0,1.5,9.09,14.45,8.0,1.33,8.08,12.84,42.42,48.48,-6.06,105.96,-6.0,-1.0,-6.06,22.42,3.74,0.46,0.48,0.58,0.24,1.0,0.12,0.56,0.39,0.58,0.5,4.04,4.04,0.09,8.08,0.2
4,高雄全家海神,109|110|121|12668,于煥亞/胡瓏貿/吳曉謹/歐提斯,3,26,34.0,459.64,7.66,07:40,153.21,2.55,02:33,12.0,4.0,35.29,56.39,24.0,8.0,70.59,112.78,17.0,5.67,50.0,79.89,6.0,2.0,17.65,28.2,11.0,3.67,32.35,51.69,5.0,1.67,14.71,23.5,6.0,2.0,17.65,28.2,1.0,0.33,2.94,4.7,1.0,0.33,2.94,4.7,1.0,0.33,2.94,4.7,5.0,1.67,14.71,23.5,6.0,2.0,17.65,28.2,4.0,1.33,11.76,18.8,1.0,0.33,2.94,4.7,0.0,0.0,0.0,0.0,2.0,0.67,5.88,9.4,0.0,0.0,0.0,0.0,3.0,1.0,8.82,14.1,2.0,0.67,5.88,9.4,4.0,1.33,11.76,18.8,35.29,70.59,-35.29,106.52,-12.0,-4.0,-35.29,7.66,2.55,0.38,0.34,0.45,0.17,1.0,0.0,0.33,0.83,0.6,0.69,0.0,8.82,0.06,11.76,0.06
4,高雄全家海神,110|121|12668|12908,胡瓏貿/吳曉謹/歐提斯/布里茲克,2,15,21.0,272.65,4.54,04:33,136.32,2.27,02:16,7.0,3.5,33.33,55.46,17.0,8.5,80.95,134.68,8.0,4.0,38.1,63.38,3.0,1.5,14.29,23.77,6.0,3.0,28.57,47.53,3.0,1.5,14.29,23.77,2.0,1.0,9.52,15.84,0.0,0.0,0.0,0.0,2.0,1.0,9.52,15.84,1.0,0.5,4.76,7.92,3.0,1.5,14.29,23.77,3.0,1.5,14.29,23.77,3.0,1.5,14.29,23.77,1.0,0.5,4.76,7.92,1.0,0.5,4.76,7.92,1.0,0.5,4.76,7.92,0.0,0.0,0.0,0.0,1.0,0.5,4.76,7.92,1.0,0.5,4.76,7.92,0.0,0.0,0.0,0.0,33.33,80.95,-47.62,110.91,-10.0,-5.0,-47.62,4.54,2.27,0.38,0.39,0.5,0.0,0.5,0.1,0.33,0.75,0.5,0.6,0.0,4.76,0.05,0.0,0.25
4,高雄全家海神,109|116|12668|13275,于煥亞/呂威霆/歐提斯/吳彥侖,1,4,5.0,57.0,0.95,00:57,57.0,0.95,00:57,0.0,0.0,0.0,0.0,0.0,0.0,0.0,0.0,1.0,1.0,20.0,37.89,0.0,0.0,0.0,0.0,0.0,0.0,0.0,0.0,0.0,0.0,0.0,0.0,1.0,1.0,20.0,37.89,0.0,0.0,0.0,0.0,0.0,0.0,0.0,0.0,0.0,0.0,0.0,0.0,0.0,0.0,0.0,0.0,1.0,1.0,20.0,37.89,1.0,1.0,20.0,37.89,1.0,1.0,20.0,37.89,1.0,1.0,20.0,37.89,0.0,0.0,0.0,0.0,0.0,0.0,0.0,0.0,0.0,0.0,0.0,0.0,1.0,1.0,20.0,37.89,1.0,1.0,20.0,37.89,0.0,0.0,0.0,126.32,0.0,0.0,0.0,0.95,0.95,0.0,0.0,,0.0,,0.5,,0.0,0.5,0.33,0.0,0.0,0.2,20.0,0.0
4,高雄全家海神,116|12668|12908|13275,呂威霆/歐提斯/布里茲克/吳彥侖,1,4,5.0,57.0,0.95,00:57,57.0,0.95,00:57,0.0,0.0,0.0,0.0,0.0,0.0,0.0,0.0,1.0,1.0,20.0,37.89,0.0,0.0,0.0,0.0,0.0,0.0,0.0,0.0,0.0,0.0,0.0,0.0,1.0,1.0,20.0,37.89,0.0,0.0,0.0,0.0,0.0,0.0,0.0,0.0,0.0,0.0,0.0,0.0,0.0,0.0,0.0,0.0,1.0,1.0,20.0,37.89,1.0,1.0,20.0,37.89,1.0,1.0,20.0,37.89,1.0,1.0,20.0,37.89,0.0,0.0,0.0,0.0,0.0,0.0,0.0,0.0,0.0,0.0,0.0,0.0,1.0,1.0,20.0,37.89,1.0,1.0,20.0,37.89,0.0,0.0,0.0,126.32,0.0,0.0,0.0,0.95,0.95,0.0,0.0,,0.0,,0.5,,0.0,0.5,0.33,0.0,0.0,0.2,20.0,0.0
4,新北中信特攻,40|47|8889|10881,謝亞軒/曾文鼎/馬可/飛克,1,9,10.0,149.9,2.5,02:30,149.9,2.5,02:30,4.0,4.0,40.0,57.64,5.0,5.0,50.0,72.05,3.0,3.0,30.0,43.23,2.0,2.0,20.0,28.82,2.0,2.0,20.0,28.82,2.0,2.0,20.0,28.82,1.0,1.0,10.0,14.41,0.0,0.0,0.0,0.0,0.0,0.0,0.0,0.0,0.0,0.0,0.0,0.0,1.0,1.0,10.0,14.41,0.0,0.0,0.0,0.0,0.0,0.0,0.0,0.0,2.0,2.0,20.0,28.82,2.0,2.0,20.0,28.82,1.0,1.0,10.0,14.41,0.0,0.0,0.0,0.0,0.0,0.0,0.0,0.0,0.0,0.0,0.0,0.0,2.0,2.0,20.0,28.82,40.0,50.0,-10.0,96.06,-1.0,-1.0,-10.0,2.5,2.5,0.67,0.67,1.0,0.0,,0.4,0.5,0.33,,0.33,0.0,0.0,0.0,20.0,0.0
4,新北中信特攻,43|47|8889|10881,林韋翰/曾文鼎/馬可/飛克,1,9,10.0,150.9,2.52,02:31,150.9,2.52,02:31,4.0,4.0,40.0,57.26,5.0,5.0,50.0,71.57,3.0,3.0,30.0,42.94,2.0,2.0,20.0,28.63,2.0,2.0,20.0,28.63,2.0,2.0,20.0,28.63,1.0,1.0,10.0,14.31,0.0,0.0,0.0,0.0,0.0,0.0,0.0,0.0,0.0,0.0,0.0,0.0,1.0,1.0,10.0,14.31,0.0,0.0,0.0,0.0,0.0,0.0,0.0,0.0,2.0,2.0,20.0,28.63,2.0,2.0,20.0,28.63,1.0,1.0,10.0,14.31,0.0,0.0,0.0,0.0,0.0,0.0,0.0,0.0,0.0,0.0,0.0,0.0,2.0,2.0,20.0,28.63,40.0,50.0,-10.0,95.43,-1.0,-1.0,-10.0,2.52,2.52,0.67,0.67,1.0,0.0,,0.4,0.5,0.33,,0.33,0.0,0.0,0.0,20.0,0.0
4,高雄全家海神,51|110|116|121,克力斯/胡瓏貿/呂威霆/吳曉謹,2,8,12.0,136.8,2.28,02:17,68.4,1.14,01:08,1.0,0.5,8.33,15.79,6.0,3.0,50.0,94.74,6.0,3.0,50.0,94.74,0.0,0.0,0.0,0.0,3.0,1.5,25.0,47.37,0.0,0.0,0.0,0.0,3.0,1.5,25.0,47.37,0.0,0.0,0.0,0.0,2.0,1.0,16.67,31.58,1.0,0.5,8.33,15.79,2.0,1.0,16.67,31.58,3.0,1.5,25.0,47.37,1.0,0.5,8.33,15.79,3.0,1.5,25.0,47.37,0.0,0.0,0.0,0.0,0.0,0.0,0.0,0.0,0.0,0.0,0.0,0.0,1.0,0.5,8.33,15.79,1.0,0.5,8.33,15.79,2.0,1.0,16.67,31.58,8.33,50.0,-41.67,126.32,-5.0,-2.5,-41.67,2.28,1.14,0.0,0.07,0.0,0.0,0.5,0.0,,0.4,0.75,0.56,0.0,8.33,0.08,16.67,0.33
4,高雄全家海神,51|110|116|12908,克力斯/胡瓏貿/呂威霆/布里茲克,1,1,1.0,16.0,0.27,00:16,16.0,0.27,00:16,0.0,0.0,0.0,0.0,3.0,3.0,300.0,405.0,0.0,0.0,0.0,0.0,0.0,0.0,0.0,0.0,0.0,0.0,0.0,0.0,0.0,0.0,0.0,0.0,0.0,0.0,0.0,0.0,0.0,0.0,0.0,0.0,0.0,0.0,0.0,0.0,0.0,0.0,0.0,0.0,0.0,0.0,0.0,0.0,0.0,0.0,0.0,0.0,0.0,0.0,0.0,0.0,0.0,0.0,0.0,0.0,0.0,0.0,0.0,0.0,0.0,0.0,0.0,0.0,0.0,0.0,0.0,0.0,0.0,0.0,0.0,0.0,0.0,0.0,0.0,0.0,0.0,0.0,0.0,0.0,0.0,300.0,-300.0,90.0,-3.0,-3.0,-300.0,0.27,0.27,,,,,,,,,,,0.0,0.0,0.0,0.0,
4,高雄全家海神,110|116|121|12908,胡瓏貿/呂威霆/吳曉謹/布里茲克,1,1,1.0,16.0,0.27,00:16,16.0,0.27,00:16,0.0,0.0,0.0,0.0,3.0,3.0,300.0,405.0,0.0,0.0,0.0,0.0,0.0,0.0,0.0,0.0,0.0,0.0,0.0,0.0,0.0,0.0,0.0,0.0,0.0,0.0,0.0,0.0,0.0,0.0,0.0,0.0,0.0,0.0,0.0,0.0,0.0,0.0,0.0,0.0,0.0,0.0,0.0,0.0,0.0,0.0,0.0,0.0,0.0,0.0,0.0,0.0,0.0,0.0,0.0,0.0,0.0,0.0,0.0,0.0,0.0,0.0,0.0,0.0,0.0,0.0,0.0,0.0,0.0,0.0,0.0,0.0,0.0,0.0,0.0,0.0,0.0,0.0,0.0,0.0,0.0,300.0,-300.0,90.0,-3.0,-3.0,-300.0,0.27,0.27,,,,,,,,,,,0.0,0.0,0.0,0.0,
4,福爾摩沙夢想家,77|89|10890|13777,馬建豪/蔣淯安/湯普金斯/布依德,1,54,62.0,810.79,13.51,13:31,810.79,13.51,13:31,31.0,31.0,50.0,82.59,35.0,35.0,56.45,93.24,18.0,18.0,29.03,47.95,11.0,11.0,17.74,29.3,14.0,14.0,22.58,37.3,10.0,10.0,16.13,26.64,4.0,4.0,6.45,10.66,1.0,1.0,1.61,2.66,8.0,8.0,12.9,21.31,8.0,8.0,12.9,21.31,3.0,3.0,4.84,7.99,4.0,4.0,6.45,10.66,2.0,2.0,3.23,5.33,11.0,11.0,17.74,29.3,7.0,7.0,11.29,18.65,7.0,7.0,11.29,18.65,3.0,3.0,4.84,7.99,0.0,0.0,0.0,0.0,7.0,7.0,11.29,18.65,8.0,8.0,12.9,21.31,50.0,56.45,-6.45,110.12,-4.0,-4.0,-6.45,13.51,13.51,0.64,0.72,0.71,0.25,1.0,0.25,0.64,0.21,0.67,0.35,4.84,0.0,0.11,12.9,0.44
4,福爾摩沙夢想家,77|103|10890|13777,馬建豪/忻沃克/湯普金斯/布依德,1,18,20.0,310.08,5.17,05:10,310.08,5.17,05:10,13.0,13.0,65.0,90.56,15.0,15.0,75.0,104.49,6.0,6.0,30.0,41.8,4.0,4.0,20.0,27.86,4.0,4.0,20.0,27.86,3.0,3.0,15.0,20.9,2.0,2.0,10.0,13.93,1.0,1.0,5.0,6.97,4.0,4.0,20.0,27.86,4.0,4.0,20.0,27.86,0.0,0.0,0.0,0.0,2.0,2.0,10.0,13.93,1.0,1.0,5.0,6.97,3.0,3.0,15.0,20.9,1.0,1.0,5.0,6.97,2.0,2.0,10.0,13.93,1.0,1.0,5.0,6.97,0.0,0.0,0.0,0.0,2.0,2.0,10.0,13.93,4.0,4.0,20.0,27.86,65.0,75.0,-10.0,92.88,-2.0,-2.0,-10.0,5.17,5.17,0.75,0.84,0.75,0.5,1.0,0.11,0.5,0.0,0.67,0.33,5.0,0.0,0.1,20.0,0.67
4,福爾摩沙夢想家,89|103|10890|13777,蔣淯安/忻沃克/湯普金斯/布依德,1,26,29.0,438.28,7.3,07:18,438.28,7.3,07:18,18.0,18.0,62.07,88.71,17.0,17.0,58.62,83.78,10.0,10.0,34.48,49.28,6.0,6.0,20.69,29.57,6.0,6.0,20.69,29.57,5.0,5.0,17.24,24.64,4.0,4.0,13.79,19.71,1.0,1.0,3.45,4.93,6.0,6.0,20.69,29.57,5.0,5.0,17.24,24.64,1.0,1.0,3.45,4.93,3.0,3.0,10.34,14.79,1.0,1.0,3.45,4.93,5.0,5.0,17.24,24.64,1.0,1.0,3.45,4.93,2.0,2.0,6.9,9.86,1.0,1.0,3.45,4.93,0.0,0.0,0.0,0.0,3.0,3.0,10.34,14.79,4.0,4.0,13.79,19.71,62.07,58.62,3.45,95.28,1.0,1.0,3.45,7.3,7.3,0.65,0.71,0.83,0.25,0.83,0.07,0.33,0.17,0.75,0.4,3.45,0.0,0.1,13.79,0.6
4,臺北台新戰神,1|5|10865|10867,丁聖儒/黃聰翰/謝銘駿/威力斯,1,6,12.0,167.96,2.8,02:48,167.96,2.8,02:48,6.0,6.0,50.0,77.16,5.0,5.0,41.67,64.3,4.0,4.0,33.33,51.44,2.0,2.0,16.67,25.72,2.0,2.0,16.67,25.72,0.0,0.0,0.0,0.0,2.0,2.0,16.67,25.72,2.0,2.0,16.67,25.72,0.0,0.0,0.0,0.0,0.0,0.0,0.0,0.0,0.0,0.0,0.0,0.0,2.0,2.0,16.67,25.72,0.0,0.0,0.0,0.0,2.0,2.0,16.67,25.72,1.0,1.0,8.33,12.86,2.0,2.0,16.67,25.72,0.0,0.0,0.0,0.0,0.0,0.0,0.0,0.0,0.0,0.0,0.0,0.0,4.0,4.0,33.33,51.44,50.0,41.67,8.33,102.88,1.0,1.0,8.33,2.8,2.8,0.75,0.75,0.0,1.0,,0.2,1.0,0.0,1.0,0.5,0.0,0.0,0.0,33.33,0.0
4,福爾摩沙夢想家,77|79|86|13777,馬建豪/張宗憲/林俊吉/布依德,3,43,60.0,827.51,13.79,13:48,275.84,4.6,04:36,20.0,6.67,33.33,52.2,22.0,7.33,36.67,57.42,22.0,7.33,36.67,57.42,8.0,2.67,13.33,20.88,13.0,4.33,21.67,33.93,6.0,2.0,10.0,15.66,9.0,3.0,15.0,23.49,2.0,0.67,3.33,5.22,5.0,1.67,8.33,13.05,2.0,0.67,3.33,5.22,5.0,1.67,8.33,13.05,10.0,3.33,16.67,26.1,6.0,2.0,10.0,15.66,12.0,4.0,20.0,31.32,5.0,1.67,8.33,13.05,5.0,1.67,8.33,13.05,3.0,1.0,5.0,7.83,1.0,0.33,1.67,2.61,6.0,2.0,10.0,15.66,5.0,1.67,8.33,13.05,33.33,36.67,-3.33,104.41,-2.0,-0.67,-3.33,13.79,4.6,0.41,0.41,0.46,0.22,0.4,0.17,0.62,0.29,0.62,0.45,5.0,1.67,0.1,8.33,0.23
4,福爾摩沙夢想家,77|79|10890|13777,馬建豪/張宗憲/湯普金斯/布依德,1,24,34.0,479.37,7.99,07:59,479.37,7.99,07:59,11.0,11.0,32.35,49.57,15.0,15.0,44.12,67.59,9.0,9.0,26.47,40.55,3.0,3.0,8.82,13.52,6.0,6.0,17.65,27.04,3.0,3.0,8.82,13.52,3.0,3.0,8.82,13.52,0.0,0.0,0.0,0.0,6.0,6.0,17.65,27.04,5.0,5.0,14.71,22.53,3.0,3.0,8.82,13.52,3.0,3.0,8.82,13.52,1.0,1.0,2.94,4.51,7.0,7.0,20.59,31.54,5.0,5.0,14.71,22.53,3.0,3.0,8.82,13.52,1.0,1.0,2.94,4.51,0.0,0.0,0.0,0.0,3.0,3.0,8.82,13.52,3.0,3.0,8.82,13.52,32.35,44.12,-11.76,102.13,-4.0,-4.0,-11.76,7.99,7.99,0.33,0.47,0.5,0.0,0.83,0.3,1.0,0.3,0.75,0.43,2.94,0.0,0.09,8.82,0.67
4,福爾摩沙夢想家,77|86|10890|13777,馬建豪/林俊吉/湯普金斯/布依德,1,18,25.0,397.11,6.62,06:37,397.11,6.62,06:37,11.0,11.0,44.0,59.83,7.0,7.0,28.0,38.07,7.0,7.0,28.0,38.07,4.0,4.0,16.0,21.76,5.0,5.0,20.0,27.2,4.0,4.0,16.0,21.76,2.0,2.0,8.0,10.88,0.0,0.0,0.0,0.0,4.0,4.0,16.0,21.76,3.0,3.0,12.0,16.32,1.0,1.0,4.0,5.44,2.0,2.0,8.0,10.88,1.0,1.0,4.0,5.44,8.0,8.0,32.0,43.51,2.0,2.0,8.0,10.88,1.0,1.0,4.0,5.44,1.0,1.0,4.0,5.44,0.0,0.0,0.0,0.0,5.0,5.0,20.0,27.2,1.0,1.0,4.0,5.44,44.0,28.0,16.0,90.65,4.0,4.0,16.0,6.62,6.62,0.57,0.63,0.8,0.0,0.75,0.19,0.25,0.11,0.67,0.25,4.0,0.0,0.2,4.0,0.57
4,福爾摩沙夢想家,79|86|10890|13777,張宗憲/林俊吉/湯普金斯/布依德,1,7,15.0,267.21,4.45,04:27,267.21,4.45,04:27,1.0,1.0,6.67,8.08,6.0,6.0,40.0,48.5,3.0,3.0,20.0,24.25,0.0,0.0,0.0,0.0,1.0,1.0,6.67,8.08,0.0,0.0,0.0,0.0,2.0,2.0,13.33,16.17,0.0,0.0,0.0,0.0,4.0,4.0,26.67,32.33,1.0,1.0,6.67,8.08,1.0,1.0,6.67,8.08,3.0,3.0,20.0,24.25,2.0,2.0,13.33,16.17,3.0,3.0,20.0,24.25,1.0,1.0,6.67,8.08,0.0,0.0,0.0,0.0,0.0,0.0,0.0,0.0,0.0,0.0,0.0,0.0,4.0,4.0,26.67,32.33,0.0,0.0,0.0,0.0,6.67,40.0,-33.33,80.84,-5.0,-5.0,-33.33,4.45,4.45,0.0,0.11,0.0,0.0,0.25,0.17,,0.25,0.6,0.44,0.0,0.0,0.27,0.0,1.33
4,臺北台新戰神,5|14|10863|10867,黃聰翰/錢肯尼/魏芃禾/威力斯,2,13,16.0,199.04,3.32,03:19,99.52,1.66,01:40,0.0,0.0,0.0,0.0,8.0,4.0,50.0,86.82,6.0,3.0,37.5,65.11,0.0,0.0,0.0,0.0,5.0,2.5,31.25,54.26,0.0,0.0,0.0,0.0,1.0,0.5,6.25,10.85,0.0,0.0,0.0,0.0,0.0,0.0,0.0,0.0,0.0,0.0,0.0,0.0,2.0,1.0,12.5,21.7,4.0,2.0,25.0,43.41,1.0,0.5,6.25,10.85,2.0,1.0,12.5,21.7,1.0,0.5,6.25,10.85,0.0,0.0,0.0,0.0,0.0,0.0,0.0,0.0,1.0,0.5,6.25,10.85,1.0,0.5,6.25,10.85,1.0,0.5,6.25,10.85,0.0,50.0,-50.0,115.76,-8.0,-4.0,-50.0,3.32,1.66,0.0,0.0,0.0,0.0,,0.14,,0.5,0.8,0.67,0.0,6.25,0.06,6.25,0.0
4,臺北台新戰神,5|14|10863|10869,黃聰翰/錢肯尼/魏芃禾/基德,2,13,16.0,190.06,3.17,03:10,95.03,1.58,01:35,0.0,0.0,0.0,0.0,2.0,1.0,12.5,22.73,6.0,3.0,37.5,68.19,0.0,0.0,0.0,0.0,3.0,1.5,18.75,34.1,0.0,0.0,0.0,0.0,3.0,1.5,18.75,34.1,0.0,0.0,0.0,0.0,0.0,0.0,0.0,0.0,0.0,0.0,0.0,0.0,2.0,1.0,12.5,22.73,4.0,2.0,25.0,45.46,2.0,1.0,12.5,22.73,4.0,2.0,25.0,45.46,2.0,1.0,12.5,22.73,0.0,0.0,0.0,0.0,0.0,0.0,0.0,0.0,1.0,0.5,6.25,11.37,1.0,0.5,6.25,11.37,0.0,0.0,0.0,0.0,0.0,12.5,-12.5,121.23,-2.0,-1.0,-12.5,3.17,1.58,0.0,0.0,0.0,0.0,,0.25,,0.33,0.67,0.5,0.0,6.25,0.06,0.0,0.0
4,福爾摩沙夢想家,77|86|106|13777,馬建豪/林俊吉/高柏鎧/布依德,4,108,132.0,1516.36,25.27,25:16,379.09,6.32,06:19,51.0,12.75,38.64,72.65,55.0,13.75,41.67,78.35,45.0,11.25,34.09,64.1,18.0,4.5,13.64,25.64,34.0,8.5,25.76,48.43,15.0,3.75,11.36,21.37,11.0,2.75,8.33,15.67,3.0,0.75,2.27,4.27,17.0,4.25,12.88,24.22,12.0,3.0,9.09,17.09,11.0,2.75,8.33,15.67,16.0,4.0,12.12,22.79,11.0,2.75,8.33,15.67,24.0,6.0,18.18,34.19,12.0,3.0,9.09,17.09,8.0,2.0,6.06,11.4,7.0,1.75,5.3,9.97,4.0,1.0,3.03,5.7,11.0,2.75,8.33,15.67,21.0,5.25,15.91,29.91,38.64,41.67,-3.03,125.35,-4.0,-1.0,-3.03,25.27,6.32,0.43,0.49,0.44,0.27,0.71,0.19,0.44,0.31,0.59,0.44,5.3,3.03,0.08,15.91,0.38
4,福爾摩沙夢想家,79|86|106|13777,張宗憲/林俊吉/高柏鎧/布依德,3,24,32.0,423.59,7.06,07:04,141.2,2.35,02:21,9.0,3.0,28.12,45.89,15.0,5.0,46.88,76.49,15.0,5.0,46.88,76.49,4.0,1.33,12.5,20.4,9.0,3.0,28.12,45.89,3.0,1.0,9.38,15.3,6.0,2.0,18.75,30.6,1.0,0.33,3.12,5.1,0.0,0.0,0.0,0.0,0.0,0.0,0.0,0.0,4.0,1.33,12.5,20.4,5.0,1.67,15.62,25.5,3.0,1.0,9.38,15.3,5.0,1.67,15.62,25.5,3.0,1.0,9.38,15.3,2.0,0.67,6.25,10.2,2.0,0.67,6.25,10.2,1.0,0.33,3.12,5.1,1.0,0.33,3.12,5.1,4.0,1.33,12.5,20.4,28.12,46.88,-18.75,108.78,-6.0,-2.0,-18.75,7.06,2.35,0.3,0.3,0.33,0.17,,0.17,0.5,0.44,0.62,0.53,6.25,3.12,0.03,12.5,0.0
4,臺北台新戰神,1|5|14|13400,丁聖儒/黃聰翰/錢肯尼/史東,5,54,61.0,808.85,13.48,13:29,161.77,2.7,02:42,18.0,3.6,29.51,48.07,34.0,6.8,55.74,90.8,24.0,4.8,39.34,64.09,6.0,1.2,9.84,16.02,15.0,3.0,24.59,40.06,4.0,0.8,6.56,10.68,9.0,1.8,14.75,24.03,2.0,0.4,3.28,5.34,4.0,0.8,6.56,10.68,4.0,0.8,6.56,10.68,3.0,0.6,4.92,8.01,14.0,2.8,22.95,37.39,2.0,0.4,3.28,5.34,6.0,1.2,9.84,16.02,6.0,1.2,9.84,16.02,4.0,0.8,6.56,10.68,3.0,0.6,4.92,8.01,3.0,0.6,4.92,8.01,4.0,0.8,6.56,10.68,6.0,1.2,9.84,16.02,29.51,55.74,-26.23,108.6,-16.0,-3.2,-26.23,13.48,2.7,0.29,0.35,0.27,0.22,1.0,0.19,0.67,0.33,0.88,0.68,4.92,4.92,0.07,9.84,0.17
4,臺北台新戰神,1|5|10869|13400,丁聖儒/黃聰翰/基德/史東,4,94,110.0,1530.46,25.51,25:30,382.61,6.38,06:23,44.0,11.0,40.0,62.1,63.0,15.75,57.27,88.91,41.0,10.25,37.27,57.87,17.0,4.25,15.45,23.99,26.0,6.5,23.64,36.69,13.0,3.25,11.82,18.35,15.0,3.75,13.64,21.17,4.0,1.0,3.64,5.65,8.0,2.0,7.27,11.29,6.0,1.5,5.45,8.47,5.0,1.25,4.55,7.06,19.0,4.75,17.27,26.82,11.0,2.75,10.0,15.52,10.0,2.5,9.09,14.11,8.0,2.0,7.27,11.29,9.0,2.25,8.18,12.7,7.0,1.75,6.36,9.88,6.0,1.5,5.45,8.47,7.0,1.75,6.36,9.88,17.0,4.25,15.45,23.99,40.0,57.27,-17.27,103.5,-19.0,-4.75,-17.27,25.51,6.38,0.46,0.49,0.5,0.27,0.75,0.15,0.53,0.33,0.63,0.53,6.36,5.45,0.06,15.45,0.2
4,臺北台新戰神,5|14|10869|13400,黃聰翰/錢肯尼/基德/史東,4,44,52.0,642.93,10.72,10:43,160.73,2.68,02:41,25.0,6.25,48.08,83.99,22.0,5.5,42.31,73.91,19.0,4.75,36.54,63.83,7.0,1.75,13.46,23.52,10.0,2.5,19.23,33.6,3.0,0.75,5.77,10.08,9.0,2.25,17.31,30.24,4.0,1.0,7.69,13.44,8.0,2.0,15.38,26.88,7.0,1.75,13.46,23.52,4.0,1.0,7.69,13.44,7.0,1.75,13.46,23.52,4.0,1.0,7.69,13.44,8.0,2.0,15.38,26.88,3.0,0.75,5.77,10.08,4.0,1.0,7.69,13.44,3.0,0.75,5.77,10.08,2.0,0.5,3.85,6.72,5.0,1.25,9.62,16.8,6.0,1.5,11.54,20.16,48.08,42.31,5.77,116.47,3.0,0.75,5.77,10.72,2.68,0.47,0.56,0.3,0.44,0.88,0.12,0.57,0.33,0.64,0.48,5.77,3.85,0.1,11.54,0.42
4,臺北台新戰神,5|10|14|10863,黃聰翰/雷蒙恩/錢肯尼/魏芃禾,1,8,9.0,71.1,1.19,01:11,71.1,1.19,01:11,6.0,6.0,66.67,182.28,6.0,6.0,66.67,182.28,3.0,3.0,33.33,91.14,2.0,2.0,22.22,60.76,3.0,3.0,33.33,91.14,2.0,2.0,22.22,60.76,0.0,0.0,0.0,0.0,0.0,0.0,0.0,0.0,2.0,2.0,22.22,60.76,2.0,2.0,22.22,60.76,1.0,1.0,11.11,30.38,0.0,0.0,0.0,0.0,0.0,0.0,0.0,0.0,0.0,0.0,0.0,0.0,0.0,0.0,0.0,0.0,1.0,1.0,11.11,30.38,0.0,0.0,0.0,0.0,0.0,0.0,0.0,0.0,1.0,1.0,11.11,30.38,2.0,2.0,22.22,60.76,66.67,66.67,0.0,182.28,0.0,0.0,0.0,1.19,1.19,0.67,0.77,0.67,,1.0,0.0,0.5,1.0,,1.0,0.0,0.0,0.11,22.22,0.67
4,臺北台新戰神,5|10|14|13400,黃聰翰/雷蒙恩/錢肯尼/史東,3,39,50.0,520.68,8.68,08:41,173.56,2.89,02:54,22.0,7.33,44.0,91.26,28.0,9.33,56.0,116.15,15.0,5.0,30.0,62.23,6.0,2.0,12.0,24.89,10.0,3.33,20.0,41.48,5.0,1.67,10.0,20.74,5.0,1.67,10.0,20.74,1.0,0.33,2.0,4.15,10.0,3.33,20.0,41.48,9.0,3.0,18.0,37.34,2.0,0.67,4.0,8.3,7.0,2.33,14.0,29.04,5.0,1.67,10.0,20.74,5.0,1.67,10.0,20.74,1.0,0.33,2.0,4.15,3.0,1.0,6.0,12.45,1.0,0.33,2.0,4.15,1.0,0.33,2.0,4.15,5.0,1.67,10.0,20.74,2.0,0.67,4.0,8.3,44.0,56.0,-12.0,138.28,-6.0,-2.0,-12.0,8.68,2.89,0.43,0.57,0.5,0.2,0.9,0.05,0.5,0.29,0.58,0.47,2.0,2.0,0.1,4.0,0.67
4,臺北台新戰神,5|10|10863|13400,黃聰翰/雷蒙恩/魏芃禾/史東,2,15,17.0,160.16,2.67,02:40,80.08,1.33,01:20,6.0,3.0,35.29,80.92,10.0,5.0,58.82,134.87,5.0,2.5,29.41,67.43,2.0,1.0,11.76,26.97,3.0,1.5,17.65,40.46,2.0,1.0,11.76,26.97,2.0,1.0,11.76,26.97,0.0,0.0,0.0,0.0,2.0,1.0,11.76,26.97,2.0,1.0,11.76,26.97,1.0,0.5,5.88,13.49,2.0,1.0,11.76,26.97,1.0,0.5,5.88,13.49,2.0,1.0,11.76,26.97,1.0,0.5,5.88,13.49,1.0,0.5,5.88,13.49,1.0,0.5,5.88,13.49,0.0,0.0,0.0,0.0,2.0,1.0,11.76,26.97,5.0,2.5,29.41,67.43,35.29,58.82,-23.53,152.85,-4.0,-2.0,-23.53,2.67,1.33,0.4,0.51,0.67,0.0,1.0,0.15,0.5,0.33,0.67,0.5,5.88,0.0,0.12,29.41,0.4
4,臺北台新戰神,5|14|10863|13400,黃聰翰/錢肯尼/魏芃禾/史東,2,11,13.0,128.1,2.14,02:08,64.05,1.07,01:04,11.0,5.5,84.62,185.48,5.0,2.5,38.46,84.31,5.0,2.5,38.46,84.31,3.0,1.5,23.08,50.59,3.0,1.5,23.08,50.59,2.0,1.0,15.38,33.72,2.0,1.0,15.38,33.72,1.0,0.5,7.69,16.86,2.0,1.0,15.38,33.72,2.0,1.0,15.38,33.72,2.0,1.0,15.38,33.72,0.0,0.0,0.0,0.0,0.0,0.0,0.0,0.0,2.0,1.0,15.38,33.72,0.0,0.0,0.0,0.0,2.0,1.0,15.38,33.72,0.0,0.0,0.0,0.0,0.0,0.0,0.0,0.0,1.0,0.5,7.69,16.86,4.0,2.0,30.77,67.45,84.62,38.46,46.15,146.13,6.0,3.0,46.15,2.14,1.07,0.7,0.94,0.67,0.5,1.0,0.0,0.67,0.5,,0.5,0.0,0.0,0.08,30.77,0.4
4,臺北台新戰神,10|14|10863|13400,雷蒙恩/錢肯尼/魏芃禾/史東,1,10,11.0,111.41,1.86,01:51,111.41,1.86,01:51,6.0,6.0,54.55,116.33,6.0,6.0,54.55,116.33,4.0,4.0,36.36,77.55,2.0,2.0,18.18,38.78,3.0,3.0,27.27,58.17,2.0,2.0,18.18,38.78,1.0,1.0,9.09,19.39,0.0,0.0,0.0,0.0,2.0,2.0,18.18,38.78,2.0,2.0,18.18,38.78,1.0,1.0,9.09,19.39,1.0,1.0,9.09,19.39,0.0,0.0,0.0,0.0,0.0,0.0,0.0,0.0,1.0,1.0,9.09,19.39,1.0,1.0,9.09,19.39,0.0,0.0,0.0,0.0,0.0,0.0,0.0,0.0,1.0,1.0,9.09,19.39,2.0,2.0,18.18,38.78,54.55,54.55,0.0,142.18,0.0,0.0,0.0,1.86,1.86,0.5,0.61,0.67,0.0,1.0,0.17,0.5,1.0,1.0,1.0,0.0,0.0,0.09,18.18,0.5
4,臺北台新戰神,1|5|10|14,丁聖儒/黃聰翰/雷蒙恩/錢肯尼,5,48,55.0,722.24,12.04,12:02,144.45,2.41,02:24,23.0,4.6,41.82,68.79,33.0,6.6,60.0,98.69,17.0,3.4,30.91,50.84,7.0,1.4,12.73,20.93,10.0,2.0,18.18,29.91,4.0,0.8,7.27,11.96,7.0,1.4,12.73,20.93,3.0,0.6,5.45,8.97,7.0,1.4,12.73,20.93,7.0,1.4,12.73,20.93,1.0,0.2,1.82,2.99,9.0,1.8,16.36,26.92,2.0,0.4,3.64,5.98,6.0,1.2,10.91,17.94,6.0,1.2,10.91,17.94,3.0,0.6,5.45,8.97,4.0,0.8,7.27,11.96,1.0,0.2,1.82,2.99,6.0,1.2,10.91,17.94,5.0,1.0,9.09,14.95,41.82,60.0,-18.18,109.66,-10.0,-2.0,-18.18,12.04,2.41,0.5,0.57,0.4,0.43,1.0,0.23,0.43,0.14,0.82,0.56,7.27,1.82,0.11,9.09,0.41
4,臺北台新戰神,1|5|10|13400,丁聖儒/黃聰翰/雷蒙恩/史東,4,51,63.0,775.84,12.93,12:56,193.96,3.23,03:14,22.0,5.5,34.92,61.25,40.0,10.0,63.49,111.36,21.0,5.25,33.33,58.47,7.0,1.75,11.11,19.49,11.0,2.75,17.46,30.62,6.0,1.5,9.52,16.7,10.0,2.5,15.87,27.84,1.0,0.25,1.59,2.78,8.0,2.0,12.7,22.27,7.0,1.75,11.11,19.49,1.0,0.25,1.59,2.78,14.0,3.5,22.22,38.98,5.0,1.25,7.94,13.92,6.0,1.5,9.52,16.7,4.0,1.0,6.35,11.14,6.0,1.5,9.52,16.7,4.0,1.0,6.35,11.14,1.0,0.25,1.59,2.78,5.0,1.25,7.94,13.92,11.0,2.75,17.46,30.62,34.92,63.49,-28.57,116.93,-18.0,-4.5,-28.57,12.93,3.23,0.36,0.45,0.55,0.1,0.88,0.14,0.86,0.14,0.74,0.58,6.35,1.59,0.08,17.46,0.38
4,福爾摩沙夢想家,79|89|10890|13777,張宗憲/蔣淯安/湯普金斯/布依德,1,24,28.0,383.16,6.39,06:23,383.16,6.39,06:23,10.0,10.0,35.71,56.37,19.0,19.0,67.86,107.11,6.0,6.0,21.43,33.82,3.0,3.0,10.71,16.91,5.0,5.0,17.86,28.19,3.0,3.0,10.71,16.91,1.0,1.0,3.57,5.64,0.0,0.0,0.0,0.0,6.0,6.0,21.43,33.82,4.0,4.0,14.29,22.55,2.0,2.0,7.14,11.27,2.0,2.0,7.14,11.27,1.0,1.0,3.57,5.64,4.0,4.0,14.29,22.55,4.0,4.0,14.29,22.55,3.0,3.0,10.71,16.91,1.0,1.0,3.57,5.64,0.0,0.0,0.0,0.0,4.0,4.0,14.29,22.55,3.0,3.0,10.71,16.91,35.71,67.86,-32.14,105.23,-9.0,-9.0,-32.14,6.39,6.39,0.5,0.58,0.6,0.0,0.67,0.32,1.0,0.33,0.67,0.44,3.57,0.0,0.14,10.71,1.0
4,臺北台新戰神,1|4|5|14,丁聖儒/張兆辰/黃聰翰/錢肯尼,4,28,34.0,585.07,9.75,09:45,146.27,2.44,02:26,20.0,5.0,58.82,73.84,25.0,6.25,73.53,92.3,16.0,4.0,47.06,59.07,9.0,2.25,26.47,33.23,10.0,2.5,29.41,36.92,7.0,1.75,20.59,25.84,6.0,1.5,17.65,22.15,2.0,0.5,5.88,7.38,1.0,0.25,2.94,3.69,0.0,0.0,0.0,0.0,2.0,0.5,5.88,7.38,5.0,1.25,14.71,18.46,1.0,0.25,2.94,3.69,3.0,0.75,8.82,11.08,1.0,0.25,2.94,3.69,5.0,1.25,14.71,18.46,0.0,0.0,0.0,0.0,0.0,0.0,0.0,0.0,2.0,0.5,5.88,7.38,2.0,0.5,5.88,7.38,58.82,73.53,-14.71,83.68,-5.0,-1.25,-14.71,9.75,2.44,0.62,0.61,0.7,0.33,0.0,0.06,0.56,0.4,0.83,0.64,0.0,0.0,0.06,5.88,0.06
4,臺北台新戰神,1|4|5|13400,丁聖儒/張兆辰/黃聰翰/史東,2,24,28.0,348.3,5.81,05:48,174.15,2.9,02:54,12.0,6.0,42.86,74.42,8.0,4.0,28.57,49.61,8.0,4.0,28.57,49.61,5.0,2.5,17.86,31.01,7.0,3.5,25.0,43.41,5.0,2.5,17.86,31.01,1.0,0.5,3.57,6.2,0.0,0.0,0.0,0.0,3.0,1.5,10.71,18.6,2.0,1.0,7.14,12.4,1.0,0.5,3.57,6.2,3.0,1.5,10.71,18.6,2.0,1.0,7.14,12.4,4.0,2.0,14.29,24.81,4.0,2.0,14.29,24.81,2.0,1.0,7.14,12.4,1.0,0.5,3.57,6.2,0.0,0.0,0.0,0.0,2.0,1.0,7.14,12.4,8.0,4.0,28.57,49.61,42.86,28.57,14.29,115.76,4.0,2.0,14.29,5.81,2.9,0.62,0.64,0.71,0.0,0.67,0.3,0.4,0.2,0.6,0.4,3.57,0.0,0.07,28.57,0.38
4,臺北台新戰神,1|4|14|13400,丁聖儒/張兆辰/錢肯尼/史東,2,3,4.0,76.0,1.27,01:16,38.0,0.63,00:38,2.0,1.0,50.0,56.84,2.0,1.0,50.0,56.84,1.0,0.5,25.0,28.42,1.0,0.5,25.0,28.42,1.0,0.5,25.0,28.42,1.0,0.5,25.0,28.42,0.0,0.0,0.0,0.0,0.0,0.0,0.0,0.0,0.0,0.0,0.0,0.0,0.0,0.0,0.0,0.0,0.0,0.0,0.0,0.0,0.0,0.0,0.0,0.0,0.0,0.0,0.0,0.0,1.0,0.5,25.0,28.42,1.0,0.5,25.0,28.42,1.0,0.5,25.0,28.42,0.0,0.0,0.0,0.0,0.0,0.0,0.0,0.0,0.0,0.0,0.0,0.0,0.0,0.0,0.0,0.0,50.0,50.0,0.0,75.79,0.0,0.0,0.0,1.27,0.63,1.0,1.0,1.0,,,0.5,1.0,0.0,,0.0,0.0,0.0,0.0,0.0,0.0
4,臺北台新戰神,4|5|14|13400,張兆辰/黃聰翰/錢肯尼/史東,2,7,9.0,141.0,2.35,02:21,70.5,1.18,01:10,7.0,3.5,77.78,107.23,3.0,1.5,33.33,45.96,3.0,1.5,33.33,45.96,2.0,1.0,22.22,30.64,1.0,0.5,11.11,15.32,1.0,0.5,11.11,15.32,2.0,1.0,22.22,30.64,1.0,0.5,11.11,15.32,0.0,0.0,0.0,0.0,0.0,0.0,0.0,0.0,1.0,0.5,11.11,15.32,0.0,0.0,0.0,0.0,0.0,0.0,0.0,0.0,3.0,1.5,33.33,45.96,1.0,0.5,11.11,15.32,2.0,1.0,22.22,30.64,0.0,0.0,0.0,0.0,0.0,0.0,0.0,0.0,0.0,0.0,0.0,0.0,2.0,1.0,22.22,30.64,77.78,33.33,44.44,91.91,4.0,2.0,44.44,2.35,1.18,0.83,1.17,1.0,0.5,,0.25,1.0,0.25,,0.25,0.0,0.0,0.0,22.22,0.0
4,臺北台新戰神,1|4|5|10865,丁聖儒/張兆辰/黃聰翰/謝銘駿,2,12,15.0,198.26,3.3,03:18,99.13,1.65,01:39,6.0,3.0,40.0,65.37,4.0,2.0,26.67,43.58,5.0,2.5,33.33,54.48,2.0,1.0,13.33,21.79,3.0,1.5,20.0,32.69,2.0,1.0,13.33,21.79,2.0,1.0,13.33,21.79,0.0,0.0,0.0,0.0,2.0,1.0,13.33,21.79,2.0,1.0,13.33,21.79,1.0,0.5,6.67,10.9,2.0,1.0,13.33,21.79,3.0,1.5,20.0,32.69,3.0,1.5,20.0,32.69,1.0,0.5,6.67,10.9,0.0,0.0,0.0,0.0,1.0,0.5,6.67,10.9,0.0,0.0,0.0,0.0,1.0,0.5,6.67,10.9,4.0,2.0,26.67,43.58,40.0,26.67,13.33,108.95,2.0,1.0,13.33,3.3,1.65,0.4,0.51,0.67,0.0,1.0,0.15,0.0,0.25,0.4,0.33,6.67,0.0,0.07,26.67,0.4
4,臺北台新戰神,1|4|10865|13400,丁聖儒/張兆辰/謝銘駿/史東,1,4,5.0,70.03,1.17,01:10,70.03,1.17,01:10,4.0,4.0,80.0,123.37,2.0,2.0,40.0,61.69,3.0,3.0,60.0,92.53,2.0,2.0,40.0,61.69,3.0,3.0,60.0,92.53,2.0,2.0,40.0,61.69,0.0,0.0,0.0,0.0,0.0,0.0,0.0,0.0,0.0,0.0,0.0,0.0,0.0,0.0,0.0,0.0,1.0,1.0,20.0,30.84,0.0,0.0,0.0,0.0,0.0,0.0,0.0,0.0,1.0,1.0,20.0,30.84,0.0,0.0,0.0,0.0,0.0,0.0,0.0,0.0,0.0,0.0,0.0,0.0,0.0,0.0,0.0,0.0,0.0,0.0,0.0,0.0,4.0,4.0,80.0,123.37,80.0,40.0,40.0,102.81,2.0,2.0,40.0,1.17,1.17,0.67,0.67,0.67,,,0.0,0.0,0.5,,0.5,0.0,0.0,0.0,80.0,0.0
4,臺北台新戰神,1|5|10865|13400,丁聖儒/黃聰翰/謝銘駿/史東,2,40,49.0,656.03,10.93,10:56,328.02,5.47,05:28,19.0,9.5,38.78,62.56,29.0,14.5,59.18,95.48,16.0,8.0,32.65,52.68,8.0,4.0,16.33,26.34,13.0,6.5,26.53,42.8,8.0,4.0,16.33,26.34,3.0,1.5,6.12,9.88,0.0,0.0,0.0,0.0,4.0,2.0,8.16,13.17,3.0,1.5,6.12,9.88,2.0,1.0,4.08,6.59,7.0,3.5,14.29,23.05,7.0,3.5,14.29,23.05,4.0,2.0,8.16,13.17,4.0,2.0,8.16,13.17,3.0,1.5,6.12,9.88,3.0,1.5,6.12,9.88,1.0,0.5,2.04,3.29,2.0,1.0,4.08,6.59,8.0,4.0,16.33,26.34,38.78,59.18,-20.41,107.56,-10.0,-5.0,-20.41,10.93,5.47,0.5,0.53,0.62,0.0,0.75,0.18,0.38,0.33,0.5,0.45,6.12,2.04,0.04,16.33,0.25
4,臺北台新戰神,4|5|10865|13400,張兆辰/黃聰翰/謝銘駿/史東,1,4,5.0,70.03,1.17,01:10,70.03,1.17,01:10,4.0,4.0,80.0,123.37,2.0,2.0,40.0,61.69,3.0,3.0,60.0,92.53,2.0,2.0,40.0,61.69,3.0,3.0,60.0,92.53,2.0,2.0,40.0,61.69,0.0,0.0,0.0,0.0,0.0,0.0,0.0,0.0,0.0,0.0,0.0,0.0,0.0,0.0,0.0,0.0,1.0,1.0,20.0,30.84,0.0,0.0,0.0,0.0,0.0,0.0,0.0,0.0,1.0,1.0,20.0,30.84,0.0,0.0,0.0,0.0,0.0,0.0,0.0,0.0,0.0,0.0,0.0,0.0,0.0,0.0,0.0,0.0,0.0,0.0,0.0,0.0,4.0,4.0,80.0,123.37,80.0,40.0,40.0,102.81,2.0,2.0,40.0,1.17,1.17,0.67,0.67,0.67,,,0.0,0.0,0.5,,0.5,0.0,0.0,0.0,80.0,0.0
4,福爾摩沙夢想家,79|86|89|10890,張宗憲/林俊吉/蔣淯安/湯普金斯,5,69,81.0,1131.46,18.86,18:51,226.29,3.77,03:46,36.0,7.2,44.44,68.73,38.0,7.6,46.91,72.54,29.0,5.8,35.8,55.36,14.0,2.8,17.28,26.73,18.0,3.6,22.22,34.36,10.0,2.0,12.35,19.09,11.0,2.2,13.58,21.0,4.0,0.8,4.94,7.64,8.0,1.6,9.88,15.27,4.0,0.8,4.94,7.64,4.0,0.8,4.94,7.64,12.0,2.4,14.81,22.91,3.0,0.6,3.7,5.73,13.0,2.6,16.05,24.82,7.0,1.4,8.64,13.36,10.0,2.0,12.35,19.09,4.0,0.8,4.94,7.64,0.0,0.0,0.0,0.0,7.0,1.4,8.64,13.36,19.0,3.8,23.46,36.27,44.44,46.91,-2.47,103.09,-2.0,-0.4,-2.47,18.86,3.77,0.55,0.55,0.56,0.36,0.5,0.18,0.71,0.24,0.8,0.5,4.94,0.0,0.09,23.46,0.28
4,福爾摩沙夢想家,79|86|89|13777,張宗憲/林俊吉/蔣淯安/布依德,1,3,4.0,70.0,1.17,01:10,70.0,1.17,01:10,0.0,0.0,0.0,0.0,4.0,4.0,100.0,123.43,0.0,0.0,0.0,0.0,0.0,0.0,0.0,0.0,0.0,0.0,0.0,0.0,0.0,0.0,0.0,0.0,0.0,0.0,0.0,0.0,0.0,0.0,0.0,0.0,2.0,2.0,50.0,61.71,0.0,0.0,0.0,0.0,0.0,0.0,0.0,0.0,1.0,1.0,25.0,30.86,1.0,1.0,25.0,30.86,0.0,0.0,0.0,0.0,0.0,0.0,0.0,0.0,0.0,0.0,0.0,0.0,0.0,0.0,0.0,0.0,0.0,0.0,0.0,0.0,2.0,2.0,50.0,61.71,0.0,0.0,0.0,0.0,0.0,100.0,-100.0,82.29,-4.0,-4.0,-100.0,1.17,1.17,,0.0,,,0.0,0.0,,,0.5,0.5,0.0,0.0,0.5,0.0,
4,福爾摩沙夢想家,86|89|10890|13777,林俊吉/蔣淯安/湯普金斯/布依德,1,20,22.0,296.2,4.94,04:56,296.2,4.94,04:56,11.0,11.0,50.0,80.22,7.0,7.0,31.82,51.05,7.0,7.0,31.82,51.05,5.0,5.0,22.73,36.46,5.0,5.0,22.73,36.46,5.0,5.0,22.73,36.46,2.0,2.0,9.09,14.58,0.0,0.0,0.0,0.0,4.0,4.0,18.18,29.17,1.0,1.0,4.55,7.29,1.0,1.0,4.55,7.29,2.0,2.0,9.09,14.58,1.0,1.0,4.55,7.29,5.0,5.0,22.73,36.46,1.0,1.0,4.55,7.29,1.0,1.0,4.55,7.29,1.0,1.0,4.55,7.29,0.0,0.0,0.0,0.0,5.0,5.0,22.73,36.46,0.0,0.0,0.0,0.0,50.0,31.82,18.18,106.96,4.0,4.0,18.18,4.94,4.94,0.71,0.63,1.0,0.0,0.25,0.1,0.2,0.17,0.67,0.33,4.55,0.0,0.23,0.0,0.57
4,臺北台新戰神,5|10865|10869|13400,黃聰翰/謝銘駿/基德/史東,4,49,63.0,792.38,13.21,13:12,198.09,3.3,03:18,18.0,4.5,28.57,49.07,32.0,8.0,50.79,87.23,20.0,5.0,31.75,54.52,8.0,2.0,12.7,21.81,12.0,3.0,19.05,32.71,7.0,1.75,11.11,19.08,8.0,2.0,12.7,21.81,1.0,0.25,1.59,2.73,2.0,0.5,3.17,5.45,1.0,0.25,1.59,2.73,2.0,0.5,3.17,5.45,10.0,2.5,15.87,27.26,10.0,2.5,15.87,27.26,7.0,1.75,11.11,19.08,6.0,1.5,9.52,16.36,4.0,1.0,6.35,10.9,5.0,1.25,7.94,13.63,2.0,0.5,3.17,5.45,3.0,0.75,4.76,8.18,4.0,1.0,6.35,10.9,28.57,50.79,-22.22,114.49,-14.0,-3.5,-22.22,13.21,3.3,0.42,0.43,0.58,0.12,0.5,0.22,0.5,0.22,0.5,0.41,7.94,3.17,0.05,6.35,0.1
4,福爾摩沙夢想家,86|89|103|10890,林俊吉/蔣淯安/忻沃克/湯普金斯,8,129,155.0,2405.95,40.1,40:06,300.74,5.01,05:01,89.0,11.12,57.42,79.9,56.0,7.0,36.13,50.28,61.0,7.62,39.35,54.76,30.0,3.75,19.35,26.93,27.0,3.38,17.42,24.24,18.0,2.25,11.61,16.16,34.0,4.25,21.94,30.52,12.0,1.5,7.74,10.77,22.0,2.75,14.19,19.75,17.0,2.12,10.97,15.26,8.0,1.0,5.16,7.18,24.0,3.0,15.48,21.55,7.0,0.88,4.52,6.28,30.0,3.75,19.35,26.93,9.0,1.12,5.81,8.08,19.0,2.38,12.26,17.06,4.0,0.5,2.58,3.59,0.0,0.0,0.0,0.0,14.0,1.75,9.03,12.57,18.0,2.25,11.61,16.16,57.42,36.13,21.29,92.77,33.0,4.12,21.29,40.1,5.01,0.59,0.63,0.67,0.35,0.77,0.11,0.63,0.21,0.77,0.46,2.58,0.0,0.09,11.61,0.36
4,福爾摩沙夢想家,86|89|103|13777,林俊吉/蔣淯安/忻沃克/布依德,3,16,18.0,284.09,4.73,04:44,94.7,1.58,01:35,12.0,4.0,66.67,91.24,5.0,1.67,27.78,38.02,9.0,3.0,50.0,68.43,5.0,1.67,27.78,38.02,5.0,1.67,27.78,38.02,4.0,1.33,22.22,30.41,4.0,1.33,22.22,30.41,1.0,0.33,5.56,7.6,2.0,0.67,11.11,15.21,1.0,0.33,5.56,7.6,2.0,0.67,11.11,15.21,2.0,0.67,11.11,15.21,0.0,0.0,0.0,0.0,3.0,1.0,16.67,22.81,1.0,0.33,5.56,7.6,2.0,0.67,11.11,15.21,0.0,0.0,0.0,0.0,0.0,0.0,0.0,0.0,1.0,0.33,5.56,7.6,0.0,0.0,0.0,0.0,66.67,27.78,38.89,91.24,7.0,2.33,38.89,4.73,1.58,0.61,0.61,0.8,0.25,0.5,0.09,0.4,0.4,1.0,0.57,0.0,0.0,0.06,0.0,0.22
4,福爾摩沙夢想家,86|103|10890|13777,林俊吉/忻沃克/湯普金斯/布依德,1,7,8.0,97.2,1.62,01:37,97.2,1.62,01:37,5.0,5.0,62.5,111.11,0.0,0.0,0.0,0.0,4.0,4.0,50.0,88.89,2.0,2.0,25.0,44.44,2.0,2.0,25.0,44.44,2.0,2.0,25.0,44.44,2.0,2.0,25.0,44.44,0.0,0.0,0.0,0.0,2.0,2.0,25.0,44.44,1.0,1.0,12.5,22.22,1.0,1.0,12.5,22.22,1.0,1.0,12.5,22.22,0.0,0.0,0.0,0.0,2.0,2.0,25.0,44.44,0.0,0.0,0.0,0.0,0.0,0.0,0.0,0.0,0.0,0.0,0.0,0.0,0.0,0.0,0.0,0.0,0.0,0.0,0.0,0.0,0.0,0.0,0.0,0.0,62.5,0.0,62.5,118.52,5.0,5.0,62.5,1.62,1.62,0.5,0.51,1.0,0.0,0.5,0.0,0.0,0.33,1.0,0.5,0.0,0.0,0.0,0.0,0.5
4,臺北台新戰神,10|10863|10865|13400,雷蒙恩/魏芃禾/謝銘駿/史東,1,15,16.0,225.0,3.75,03:45,225.0,3.75,03:45,8.0,8.0,50.0,76.8,6.0,6.0,37.5,57.6,5.0,5.0,31.25,48.0,2.0,2.0,12.5,19.2,1.0,1.0,6.25,9.6,0.0,0.0,0.0,0.0,4.0,4.0,25.0,38.4,2.0,2.0,12.5,19.2,4.0,4.0,25.0,38.4,2.0,2.0,12.5,19.2,0.0,0.0,0.0,0.0,3.0,3.0,18.75,28.8,0.0,0.0,0.0,0.0,3.0,3.0,18.75,28.8,1.0,1.0,6.25,9.6,2.0,2.0,12.5,19.2,1.0,1.0,6.25,9.6,0.0,0.0,0.0,0.0,3.0,3.0,18.75,28.8,0.0,0.0,0.0,0.0,50.0,37.5,12.5,102.4,2.0,2.0,12.5,3.75,3.75,0.6,0.59,0.0,0.5,0.5,0.13,1.0,0.0,1.0,0.5,6.25,0.0,0.19,0.0,0.8
4,福爾摩沙夢想家,77|86|89|13777,馬建豪/林俊吉/蔣淯安/布依德,5,48,54.0,652.32,10.87,10:52,130.46,2.17,02:10,20.0,4.0,37.04,66.22,25.0,5.0,46.3,82.78,16.0,3.2,29.63,52.98,8.0,1.6,14.81,26.49,13.0,2.6,24.07,43.05,7.0,1.4,12.96,23.18,3.0,0.6,5.56,9.93,1.0,0.2,1.85,3.31,3.0,0.6,5.56,9.93,3.0,0.6,5.56,9.93,2.0,0.4,3.7,6.62,5.0,1.0,9.26,16.56,4.0,0.8,7.41,13.24,7.0,1.4,12.96,23.18,6.0,1.2,11.11,19.87,2.0,0.4,3.7,6.62,5.0,1.0,9.26,16.56,1.0,0.2,1.85,3.31,5.0,1.0,9.26,16.56,0.0,0.0,0.0,0.0,37.04,46.3,-9.26,119.2,-5.0,-1.0,-9.26,10.87,2.17,0.53,0.58,0.54,0.33,1.0,0.26,0.25,0.22,0.56,0.39,9.26,1.85,0.09,0.0,0.19
4,臺北台新戰神,4|10|10863|13400,張兆辰/雷蒙恩/魏芃禾/史東,2,13,15.0,187.2,3.12,03:07,93.6,1.56,01:34,5.0,2.5,33.33,57.69,4.0,2.0,26.67,46.15,3.0,1.5,20.0,34.62,1.0,0.5,6.67,11.54,0.0,0.0,0.0,0.0,0.0,0.0,0.0,0.0,3.0,1.5,20.0,34.62,1.0,0.5,6.67,11.54,4.0,2.0,26.67,46.15,2.0,1.0,13.33,23.08,0.0,0.0,0.0,0.0,2.0,1.0,13.33,23.08,1.0,0.5,6.67,11.54,5.0,2.5,33.33,57.69,1.0,0.5,6.67,11.54,1.0,0.5,6.67,11.54,1.0,0.5,6.67,11.54,0.0,0.0,0.0,0.0,4.0,2.0,26.67,46.15,1.0,0.5,6.67,11.54,33.33,26.67,6.67,115.38,1.0,0.5,6.67,3.12,1.56,0.5,0.53,,0.33,0.5,0.17,1.0,0.0,0.67,0.25,6.67,0.0,0.27,6.67,1.33
4,臺北台新戰神,4|10|10865|13400,張兆辰/雷蒙恩/謝銘駿/史東,1,10,11.0,150.0,2.5,02:30,150.0,2.5,02:30,5.0,5.0,45.45,72.0,4.0,4.0,36.36,57.6,2.0,2.0,18.18,28.8,1.0,1.0,9.09,14.4,0.0,0.0,0.0,0.0,0.0,0.0,0.0,0.0,2.0,2.0,18.18,28.8,1.0,1.0,9.09,14.4,4.0,4.0,36.36,57.6,2.0,2.0,18.18,28.8,0.0,0.0,0.0,0.0,1.0,1.0,9.09,14.4,0.0,0.0,0.0,0.0,3.0,3.0,27.27,43.2,1.0,1.0,9.09,14.4,1.0,1.0,9.09,14.4,1.0,1.0,9.09,14.4,0.0,0.0,0.0,0.0,3.0,3.0,27.27,43.2,0.0,0.0,0.0,0.0,45.45,36.36,9.09,105.6,1.0,1.0,9.09,2.5,2.5,0.75,0.66,,0.5,0.5,0.21,1.0,0.0,1.0,0.25,9.09,0.0,0.27,0.0,2.0
4,臺北台新戰神,4|10863|10865|13400,張兆辰/魏芃禾/謝銘駿/史東,2,18,20.0,238.0,3.97,03:58,119.0,1.98,01:59,5.0,2.5,25.0,45.38,9.0,4.5,45.0,81.68,3.0,1.5,15.0,27.23,1.0,0.5,5.0,9.08,1.0,0.5,5.0,9.08,0.0,0.0,0.0,0.0,2.0,1.0,10.0,18.15,1.0,0.5,5.0,9.08,4.0,2.0,20.0,36.3,2.0,1.0,10.0,18.15,0.0,0.0,0.0,0.0,2.0,1.0,10.0,18.15,0.0,0.0,0.0,0.0,4.0,2.0,20.0,36.3,4.0,2.0,20.0,36.3,1.0,0.5,5.0,9.08,3.0,1.5,15.0,27.23,0.0,0.0,0.0,0.0,3.0,1.5,15.0,27.23,0.0,0.0,0.0,0.0,25.0,45.0,-20.0,121.01,-4.0,-2.0,-20.0,3.97,1.98,0.5,0.53,0.0,0.5,0.5,0.46,1.0,0.0,1.0,0.33,15.0,0.0,0.15,0.0,1.33
4,臺北台新戰神,4|7|10|10863,張兆辰/孫思堯/雷蒙恩/魏芃禾,1,8,11.0,87.08,1.45,01:27,87.08,1.45,01:27,2.0,2.0,18.18,49.61,6.0,6.0,54.55,148.84,4.0,4.0,36.36,99.22,0.0,0.0,0.0,0.0,2.0,2.0,18.18,49.61,0.0,0.0,0.0,0.0,2.0,2.0,18.18,49.61,0.0,0.0,0.0,0.0,2.0,2.0,18.18,49.61,2.0,2.0,18.18,49.61,2.0,2.0,18.18,49.61,1.0,1.0,9.09,24.81,1.0,1.0,9.09,24.81,0.0,0.0,0.0,0.0,1.0,1.0,9.09,24.81,0.0,0.0,0.0,0.0,1.0,1.0,9.09,24.81,0.0,0.0,0.0,0.0,0.0,0.0,0.0,0.0,2.0,2.0,18.18,49.61,18.18,54.55,-36.36,181.91,-4.0,-4.0,-36.36,1.45,1.45,0.0,0.2,0.0,0.0,1.0,0.17,,1.0,0.5,0.75,9.09,0.0,0.0,18.18,0.5
4,臺北台新戰神,4|7|10|10865,張兆辰/孫思堯/雷蒙恩/謝銘駿,1,9,12.0,90.08,1.5,01:30,90.08,1.5,01:30,2.0,2.0,16.67,47.96,6.0,6.0,50.0,143.88,5.0,5.0,41.67,119.9,0.0,0.0,0.0,0.0,2.0,2.0,16.67,47.96,0.0,0.0,0.0,0.0,3.0,3.0,25.0,71.94,0.0,0.0,0.0,0.0,2.0,2.0,16.67,47.96,2.0,2.0,16.67,47.96,2.0,2.0,16.67,47.96,1.0,1.0,8.33,23.98,1.0,1.0,8.33,23.98,0.0,0.0,0.0,0.0,1.0,1.0,8.33,23.98,0.0,0.0,0.0,0.0,1.0,1.0,8.33,23.98,0.0,0.0,0.0,0.0,0.0,0.0,0.0,0.0,2.0,2.0,16.67,47.96,16.67,50.0,-33.33,191.84,-4.0,-4.0,-33.33,1.5,1.5,0.0,0.17,0.0,0.0,1.0,0.15,,1.0,0.5,0.75,8.33,0.0,0.0,16.67,0.4
4,臺北台新戰神,4|7|10863|10865,張兆辰/孫思堯/魏芃禾/謝銘駿,1,8,11.0,87.08,1.45,01:27,87.08,1.45,01:27,2.0,2.0,18.18,49.61,6.0,6.0,54.55,148.84,4.0,4.0,36.36,99.22,0.0,0.0,0.0,0.0,2.0,2.0,18.18,49.61,0.0,0.0,0.0,0.0,2.0,2.0,18.18,49.61,0.0,0.0,0.0,0.0,2.0,2.0,18.18,49.61,2.0,2.0,18.18,49.61,2.0,2.0,18.18,49.61,1.0,1.0,9.09,24.81,1.0,1.0,9.09,24.81,0.0,0.0,0.0,0.0,1.0,1.0,9.09,24.81,0.0,0.0,0.0,0.0,1.0,1.0,9.09,24.81,0.0,0.0,0.0,0.0,0.0,0.0,0.0,0.0,2.0,2.0,18.18,49.61,18.18,54.55,-36.36,181.91,-4.0,-4.0,-36.36,1.45,1.45,0.0,0.2,0.0,0.0,1.0,0.17,,1.0,0.5,0.75,9.09,0.0,0.0,18.18,0.5
4,臺北台新戰神,7|10|10863|10865,孫思堯/雷蒙恩/魏芃禾/謝銘駿,1,8,11.0,87.08,1.45,01:27,87.08,1.45,01:27,2.0,2.0,18.18,49.61,6.0,6.0,54.55,148.84,4.0,4.0,36.36,99.22,0.0,0.0,0.0,0.0,2.0,2.0,18.18,49.61,0.0,0.0,0.0,0.0,2.0,2.0,18.18,49.61,0.0,0.0,0.0,0.0,2.0,2.0,18.18,49.61,2.0,2.0,18.18,49.61,2.0,2.0,18.18,49.61,1.0,1.0,9.09,24.81,1.0,1.0,9.09,24.81,0.0,0.0,0.0,0.0,1.0,1.0,9.09,24.81,0.0,0.0,0.0,0.0,1.0,1.0,9.09,24.81,0.0,0.0,0.0,0.0,0.0,0.0,0.0,0.0,2.0,2.0,18.18,49.61,18.18,54.55,-36.36,181.91,-4.0,-4.0,-36.36,1.45,1.45,0.0,0.2,0.0,0.0,1.0,0.17,,1.0,0.5,0.75,9.09,0.0,0.0,18.18,0.5
4,福爾摩沙夢想家,77|86|89|101,馬建豪/林俊吉/蔣淯安/周柏臣,2,3,4.0,60.69,1.01,01:01,30.35,0.51,00:30,2.0,1.0,50.0,71.18,0.0,0.0,0.0,0.0,2.0,1.0,50.0,71.18,0.0,0.0,0.0,0.0,2.0,1.0,50.0,71.18,0.0,0.0,0.0,0.0,0.0,0.0,0.0,0.0,0.0,0.0,0.0,0.0,2.0,1.0,50.0,71.18,2.0,1.0,50.0,71.18,0.0,0.0,0.0,0.0,2.0,1.0,50.0,71.18,0.0,0.0,0.0,0.0,1.0,0.5,25.0,35.59,0.0,0.0,0.0,0.0,0.0,0.0,0.0,0.0,0.0,0.0,0.0,0.0,0.0,0.0,0.0,0.0,0.0,0.0,0.0,0.0,0.0,0.0,0.0,0.0,50.0,0.0,50.0,94.9,2.0,1.0,50.0,1.01,0.51,0.0,0.35,0.0,,1.0,0.0,,0.0,1.0,0.67,0.0,0.0,0.0,0.0,1.0
4,福爾摩沙夢想家,86|89|101|10890,林俊吉/蔣淯安/周柏臣/湯普金斯,1,1,1.0,0.69,0.01,00:01,0.69,0.01,00:01,2.0,2.0,200.0,6224.78,0.0,0.0,0.0,0.0,0.0,0.0,0.0,0.0,0.0,0.0,0.0,0.0,0.0,0.0,0.0,0.0,0.0,0.0,0.0,0.0,0.0,0.0,0.0,0.0,0.0,0.0,0.0,0.0,2.0,2.0,200.0,6224.78,2.0,2.0,200.0,6224.78,0.0,0.0,0.0,0.0,0.0,0.0,0.0,0.0,0.0,0.0,0.0,0.0,0.0,0.0,0.0,0.0,0.0,0.0,0.0,0.0,0.0,0.0,0.0,0.0,0.0,0.0,0.0,0.0,0.0,0.0,0.0,0.0,0.0,0.0,0.0,0.0,0.0,0.0,0.0,0.0,200.0,0.0,200.0,2074.93,2.0,2.0,200.0,0.01,0.01,,1.14,,,1.0,0.0,,,,,0.0,0.0,0.0,0.0,
4,臺北台新戰神,4|7|10|10869,張兆辰/孫思堯/雷蒙恩/基德,1,1,1.0,3.0,0.05,00:03,3.0,0.05,00:03,0.0,0.0,0.0,0.0,0.0,0.0,0.0,0.0,1.0,1.0,100.0,720.0,0.0,0.0,0.0,0.0,0.0,0.0,0.0,0.0,0.0,0.0,0.0,0.0,1.0,1.0,100.0,720.0,0.0,0.0,0.0,0.0,0.0,0.0,0.0,0.0,0.0,0.0,0.0,0.0,0.0,0.0,0.0,0.0,0.0,0.0,0.0,0.0,0.0,0.0,0.0,0.0,0.0,0.0,0.0,0.0,0.0,0.0,0.0,0.0,0.0,0.0,0.0,0.0,0.0,0.0,0.0,0.0,0.0,0.0,0.0,0.0,0.0,0.0,0.0,0.0,0.0,0.0,0.0,0.0,0.0,0.0,0.0,480.0,0.0,0.0,0.0,0.05,0.05,0.0,0.0,,0.0,,0.0,,,,,0.0,0.0,0.0,0.0,0.0
4,臺北台新戰神,4|7|10865|10869,張兆辰/孫思堯/謝銘駿/基德,1,1,1.0,3.0,0.05,00:03,3.0,0.05,00:03,0.0,0.0,0.0,0.0,0.0,0.0,0.0,0.0,1.0,1.0,100.0,720.0,0.0,0.0,0.0,0.0,0.0,0.0,0.0,0.0,0.0,0.0,0.0,0.0,1.0,1.0,100.0,720.0,0.0,0.0,0.0,0.0,0.0,0.0,0.0,0.0,0.0,0.0,0.0,0.0,0.0,0.0,0.0,0.0,0.0,0.0,0.0,0.0,0.0,0.0,0.0,0.0,0.0,0.0,0.0,0.0,0.0,0.0,0.0,0.0,0.0,0.0,0.0,0.0,0.0,0.0,0.0,0.0,0.0,0.0,0.0,0.0,0.0,0.0,0.0,0.0,0.0,0.0,0.0,0.0,0.0,0.0,0.0,480.0,0.0,0.0,0.0,0.05,0.05,0.0,0.0,,0.0,,0.0,,,,,0.0,0.0,0.0,0.0,0.0
4,臺北台新戰神,7|10|10865|10869,孫思堯/雷蒙恩/謝銘駿/基德,1,4,4.0,27.0,0.45,00:27,27.0,0.45,00:27,2.0,2.0,50.0,160.0,0.0,0.0,0.0,0.0,2.0,2.0,50.0,160.0,1.0,1.0,25.0,80.0,1.0,1.0,25.0,80.0,1.0,1.0,25.0,80.0,1.0,1.0,25.0,80.0,0.0,0.0,0.0,0.0,1.0,1.0,25.0,80.0,1.0,1.0,25.0,80.0,0.0,0.0,0.0,0.0,0.0,0.0,0.0,0.0,0.0,0.0,0.0,0.0,0.0,0.0,0.0,0.0,1.0,1.0,25.0,80.0,1.0,1.0,25.0,80.0,1.0,1.0,25.0,80.0,0.0,0.0,0.0,0.0,1.0,1.0,25.0,80.0,0.0,0.0,0.0,0.0,50.0,0.0,50.0,213.33,2.0,2.0,50.0,0.45,0.45,0.5,0.41,1.0,0.0,1.0,0.29,1.0,,,,25.0,0.0,0.25,0.0,0.5
4,福爾摩沙夢想家,77|79|101|10890,馬建豪/張宗憲/周柏臣/湯普金斯,1,1,1.0,3.0,0.05,00:03,3.0,0.05,00:03,0.0,0.0,0.0,0.0,0.0,0.0,0.0,0.0,0.0,0.0,0.0,0.0,0.0,0.0,0.0,0.0,0.0,0.0,0.0,0.0,0.0,0.0,0.0,0.0,0.0,0.0,0.0,0.0,0.0,0.0,0.0,0.0,0.0,0.0,0.0,0.0,0.0,0.0,0.0,0.0,0.0,0.0,0.0,0.0,0.0,0.0,0.0,0.0,0.0,0.0,0.0,0.0,0.0,0.0,0.0,0.0,0.0,0.0,0.0,0.0,0.0,0.0,0.0,0.0,0.0,0.0,0.0,0.0,0.0,0.0,0.0,0.0,0.0,0.0,0.0,0.0,0.0,0.0,0.0,0.0,0.0,0.0,0.0,480.0,0.0,0.0,0.0,0.05,0.05,,,,,,,,,,,0.0,0.0,0.0,0.0,
4,福爾摩沙夢想家,79|89|101|10890,張宗憲/蔣淯安/周柏臣/湯普金斯,1,1,1.0,3.0,0.05,00:03,3.0,0.05,00:03,0.0,0.0,0.0,0.0,0.0,0.0,0.0,0.0,0.0,0.0,0.0,0.0,0.0,0.0,0.0,0.0,0.0,0.0,0.0,0.0,0.0,0.0,0.0,0.0,0.0,0.0,0.0,0.0,0.0,0.0,0.0,0.0,0.0,0.0,0.0,0.0,0.0,0.0,0.0,0.0,0.0,0.0,0.0,0.0,0.0,0.0,0.0,0.0,0.0,0.0,0.0,0.0,0.0,0.0,0.0,0.0,0.0,0.0,0.0,0.0,0.0,0.0,0.0,0.0,0.0,0.0,0.0,0.0,0.0,0.0,0.0,0.0,0.0,0.0,0.0,0.0,0.0,0.0,0.0,0.0,0.0,0.0,0.0,480.0,0.0,0.0,0.0,0.05,0.05,,,,,,,,,,,0.0,0.0,0.0,0.0,
4,福爾摩沙夢想家,79|103|10890|13777,張宗憲/忻沃克/湯普金斯/布依德,1,1,1.0,31.0,0.52,00:31,31.0,0.52,00:31,0.0,0.0,0.0,0.0,2.0,2.0,200.0,139.35,0.0,0.0,0.0,0.0,0.0,0.0,0.0,0.0,0.0,0.0,0.0,0.0,0.0,0.0,0.0,0.0,0.0,0.0,0.0,0.0,0.0,0.0,0.0,0.0,0.0,0.0,0.0,0.0,0.0,0.0,0.0,0.0,0.0,0.0,0.0,0.0,0.0,0.0,0.0,0.0,0.0,0.0,0.0,0.0,0.0,0.0,0.0,0.0,0.0,0.0,0.0,0.0,0.0,0.0,0.0,0.0,0.0,0.0,0.0,0.0,0.0,0.0,0.0,0.0,1.0,1.0,100.0,69.68,0.0,0.0,0.0,0.0,0.0,200.0,-200.0,46.45,-2.0,-2.0,-200.0,0.52,0.52,,,,,,,,,,,0.0,0.0,1.0,0.0,
4,福爾摩沙夢想家,77|99|10890|13777,馬建豪/盧冠良/湯普金斯/布依德,1,10,13.0,160.46,2.67,02:40,160.46,2.67,02:40,6.0,6.0,46.15,80.77,6.0,6.0,46.15,80.77,4.0,4.0,30.77,53.84,2.0,2.0,15.38,26.92,3.0,3.0,23.08,40.38,2.0,2.0,15.38,26.92,1.0,1.0,7.69,13.46,0.0,0.0,0.0,0.0,2.0,2.0,15.38,26.92,2.0,2.0,15.38,26.92,1.0,1.0,7.69,13.46,1.0,1.0,7.69,13.46,1.0,1.0,7.69,13.46,3.0,3.0,23.08,40.38,1.0,1.0,7.69,13.46,1.0,1.0,7.69,13.46,0.0,0.0,0.0,0.0,0.0,0.0,0.0,0.0,1.0,1.0,7.69,13.46,2.0,2.0,15.38,26.92,46.15,46.15,0.0,116.66,0.0,0.0,0.0,2.67,2.67,0.5,0.61,0.67,0.0,1.0,0.17,0.5,0.25,0.5,0.33,0.0,0.0,0.08,15.38,0.5
4,福爾摩沙夢想家,89|99|10890|13777,蔣淯安/盧冠良/湯普金斯/布依德,1,6,9.0,89.55,1.49,01:30,89.55,1.49,01:30,2.0,2.0,22.22,48.24,4.0,4.0,44.44,96.48,3.0,3.0,33.33,72.36,1.0,1.0,11.11,24.12,2.0,2.0,22.22,48.24,1.0,1.0,11.11,24.12,1.0,1.0,11.11,24.12,0.0,0.0,0.0,0.0,0.0,0.0,0.0,0.0,0.0,0.0,0.0,0.0,1.0,1.0,11.11,24.12,1.0,1.0,11.11,24.12,1.0,1.0,11.11,24.12,1.0,1.0,11.11,24.12,1.0,1.0,11.11,24.12,1.0,1.0,11.11,24.12,0.0,0.0,0.0,0.0,0.0,0.0,0.0,0.0,1.0,1.0,11.11,24.12,1.0,1.0,11.11,24.12,22.22,44.44,-22.22,144.72,-2.0,-2.0,-22.22,1.49,1.49,0.33,0.33,0.5,0.0,,0.25,1.0,0.5,0.5,0.5,0.0,0.0,0.11,11.11,0.0
4,福爾摩沙夢想家,77|86|99|13777,馬建豪/林俊吉/盧冠良/布依德,3,50,58.0,700.84,11.68,11:41,233.61,3.89,03:54,30.0,10.0,51.72,92.46,19.0,6.33,32.76,58.56,18.0,6.0,31.03,55.48,9.0,3.0,15.52,27.74,14.0,4.67,24.14,43.15,7.0,2.33,12.07,21.57,4.0,1.33,6.9,12.33,2.0,0.67,3.45,6.16,13.0,4.33,22.41,40.07,10.0,3.33,17.24,30.82,5.0,1.67,8.62,15.41,4.0,1.33,6.9,12.33,1.0,0.33,1.72,3.08,13.0,4.33,22.41,40.07,4.0,1.33,6.9,12.33,5.0,1.67,8.62,15.41,2.0,0.67,3.45,6.16,2.0,0.67,3.45,6.16,10.0,3.33,17.24,30.82,8.0,2.67,13.79,24.66,51.72,32.76,18.97,119.17,11.0,3.67,18.97,11.68,3.89,0.56,0.63,0.5,0.5,0.77,0.14,0.56,0.28,0.8,0.39,3.45,3.45,0.17,13.79,0.72
4,福爾摩沙夢想家,86|99|10890|13777,林俊吉/盧冠良/湯普金斯/布依德,1,4,4.0,70.91,1.18,01:11,70.91,1.18,01:11,4.0,4.0,100.0,121.84,2.0,2.0,50.0,60.92,1.0,1.0,25.0,30.46,1.0,1.0,25.0,30.46,1.0,1.0,25.0,30.46,1.0,1.0,25.0,30.46,0.0,0.0,0.0,0.0,0.0,0.0,0.0,0.0,2.0,2.0,50.0,60.92,2.0,2.0,50.0,60.92,0.0,0.0,0.0,0.0,0.0,0.0,0.0,0.0,0.0,0.0,0.0,0.0,2.0,2.0,50.0,60.92,0.0,0.0,0.0,0.0,0.0,0.0,0.0,0.0,0.0,0.0,0.0,0.0,0.0,0.0,0.0,0.0,0.0,0.0,0.0,0.0,1.0,1.0,25.0,30.46,100.0,50.0,50.0,81.23,2.0,2.0,50.0,1.18,1.18,1.0,1.06,1.0,,1.0,0.0,0.0,0.0,,0.0,0.0,0.0,0.0,25.0,2.0
4,臺北台新戰神,1|5|7|14,丁聖儒/黃聰翰/孫思堯/錢肯尼,1,5,6.0,57.04,0.95,00:57,57.04,0.95,00:57,2.0,2.0,33.33,75.73,4.0,4.0,66.67,151.47,0.0,0.0,0.0,0.0,0.0,0.0,0.0,0.0,0.0,0.0,0.0,0.0,0.0,0.0,0.0,0.0,0.0,0.0,0.0,0.0,0.0,0.0,0.0,0.0,2.0,2.0,33.33,75.73,2.0,2.0,33.33,75.73,0.0,0.0,0.0,0.0,0.0,0.0,0.0,0.0,1.0,1.0,16.67,37.87,0.0,0.0,0.0,0.0,2.0,2.0,33.33,75.73,0.0,0.0,0.0,0.0,1.0,1.0,16.67,37.87,0.0,0.0,0.0,0.0,0.0,0.0,0.0,0.0,0.0,0.0,0.0,0.0,33.33,66.67,-33.33,151.47,-2.0,-2.0,-33.33,0.95,0.95,,1.14,,,1.0,0.69,,,0.0,0.0,16.67,0.0,0.0,0.0,
4,臺北台新戰神,1|5|7|10869,丁聖儒/黃聰翰/孫思堯/基德,2,8,9.0,95.02,1.58,01:35,47.51,0.79,00:48,2.0,1.0,22.22,45.47,8.0,4.0,88.89,181.86,1.0,0.5,11.11,22.73,0.0,0.0,0.0,0.0,1.0,0.5,11.11,22.73,0.0,0.0,0.0,0.0,0.0,0.0,0.0,0.0,0.0,0.0,0.0,0.0,2.0,1.0,22.22,45.47,2.0,1.0,22.22,45.47,0.0,0.0,0.0,0.0,0.0,0.0,0.0,0.0,1.0,0.5,11.11,22.73,0.0,0.0,0.0,0.0,3.0,1.5,33.33,68.2,0.0,0.0,0.0,0.0,2.0,1.0,22.22,45.47,0.0,0.0,0.0,0.0,1.0,0.5,11.11,22.73,2.0,1.0,22.22,45.47,22.22,88.89,-66.67,136.4,-6.0,-3.0,-66.67,1.58,0.79,0.0,0.53,0.0,,1.0,0.61,,,0.0,0.0,22.22,0.0,0.11,22.22,2.0
4,臺北台新戰神,1|7|14|10869,丁聖儒/孫思堯/錢肯尼/基德,1,5,6.0,57.04,0.95,00:57,57.04,0.95,00:57,2.0,2.0,33.33,75.73,4.0,4.0,66.67,151.47,0.0,0.0,0.0,0.0,0.0,0.0,0.0,0.0,0.0,0.0,0.0,0.0,0.0,0.0,0.0,0.0,0.0,0.0,0.0,0.0,0.0,0.0,0.0,0.0,2.0,2.0,33.33,75.73,2.0,2.0,33.33,75.73,0.0,0.0,0.0,0.0,0.0,0.0,0.0,0.0,1.0,1.0,16.67,37.87,0.0,0.0,0.0,0.0,2.0,2.0,33.33,75.73,0.0,0.0,0.0,0.0,1.0,1.0,16.67,37.87,0.0,0.0,0.0,0.0,0.0,0.0,0.0,0.0,0.0,0.0,0.0,0.0,33.33,66.67,-33.33,151.47,-2.0,-2.0,-33.33,0.95,0.95,,1.14,,,1.0,0.69,,,0.0,0.0,16.67,0.0,0.0,0.0,
4,臺北台新戰神,5|7|14|10869,黃聰翰/孫思堯/錢肯尼/基德,1,5,6.0,57.04,0.95,00:57,57.04,0.95,00:57,2.0,2.0,33.33,75.73,4.0,4.0,66.67,151.47,0.0,0.0,0.0,0.0,0.0,0.0,0.0,0.0,0.0,0.0,0.0,0.0,0.0,0.0,0.0,0.0,0.0,0.0,0.0,0.0,0.0,0.0,0.0,0.0,2.0,2.0,33.33,75.73,2.0,2.0,33.33,75.73,0.0,0.0,0.0,0.0,0.0,0.0,0.0,0.0,1.0,1.0,16.67,37.87,0.0,0.0,0.0,0.0,2.0,2.0,33.33,75.73,0.0,0.0,0.0,0.0,1.0,1.0,16.67,37.87,0.0,0.0,0.0,0.0,0.0,0.0,0.0,0.0,0.0,0.0,0.0,0.0,33.33,66.67,-33.33,151.47,-2.0,-2.0,-33.33,0.95,0.95,,1.14,,,1.0,0.69,,,0.0,0.0,16.67,0.0,0.0,0.0,
4,福爾摩沙夢想家,86|99|106|13777,林俊吉/盧冠良/高柏鎧/布依德,2,35,42.0,488.68,8.14,08:09,244.34,4.07,04:04,24.0,12.0,57.14,106.08,15.0,7.5,35.71,66.3,13.0,6.5,30.95,57.46,8.0,4.0,19.05,35.36,10.0,5.0,23.81,44.2,6.0,3.0,14.29,26.52,3.0,1.5,7.14,13.26,2.0,1.0,4.76,8.84,9.0,4.5,21.43,39.78,6.0,3.0,14.29,26.52,3.0,1.5,7.14,13.26,2.0,1.0,4.76,8.84,0.0,0.0,0.0,0.0,7.0,3.5,16.67,30.94,3.0,1.5,7.14,13.26,5.0,2.5,11.9,22.1,1.0,0.5,2.38,4.42,2.0,1.0,4.76,8.84,7.0,3.5,16.67,30.94,5.0,2.5,11.9,22.1,57.14,35.71,21.43,123.76,9.0,4.5,21.43,8.14,4.07,0.69,0.71,0.6,0.67,0.67,0.15,0.62,0.3,1.0,0.42,2.38,4.76,0.17,11.9,0.69
4,臺北台新戰神,5|7|10|14,黃聰翰/孫思堯/雷蒙恩/錢肯尼,1,1,1.0,8.0,0.13,00:08,8.0,0.13,00:08,0.0,0.0,0.0,0.0,2.0,2.0,200.0,540.0,0.0,0.0,0.0,0.0,0.0,0.0,0.0,0.0,0.0,0.0,0.0,0.0,0.0,0.0,0.0,0.0,0.0,0.0,0.0,0.0,0.0,0.0,0.0,0.0,0.0,0.0,0.0,0.0,0.0,0.0,0.0,0.0,0.0,0.0,0.0,0.0,0.0,0.0,0.0,0.0,0.0,0.0,0.0,0.0,0.0,0.0,0.0,0.0,0.0,0.0,0.0,0.0,0.0,0.0,0.0,0.0,0.0,0.0,0.0,0.0,0.0,0.0,0.0,0.0,0.0,0.0,0.0,0.0,0.0,0.0,0.0,0.0,0.0,200.0,-200.0,180.0,-2.0,-2.0,-200.0,0.13,0.13,,,,,,,,,,,0.0,0.0,0.0,0.0,
4,臺北台新戰神,5|7|10|10863,黃聰翰/孫思堯/雷蒙恩/魏芃禾,1,6,7.0,97.0,1.62,01:37,97.0,1.62,01:37,0.0,0.0,0.0,0.0,4.0,4.0,57.14,89.07,2.0,2.0,28.57,44.54,0.0,0.0,0.0,0.0,1.0,1.0,14.29,22.27,0.0,0.0,0.0,0.0,1.0,1.0,14.29,22.27,0.0,0.0,0.0,0.0,0.0,0.0,0.0,0.0,0.0,0.0,0.0,0.0,0.0,0.0,0.0,0.0,2.0,2.0,28.57,44.54,0.0,0.0,0.0,0.0,1.0,1.0,14.29,22.27,1.0,1.0,14.29,22.27,0.0,0.0,0.0,0.0,0.0,0.0,0.0,0.0,0.0,0.0,0.0,0.0,1.0,1.0,14.29,22.27,0.0,0.0,0.0,0.0,0.0,57.14,-57.14,103.92,-4.0,-4.0,-57.14,1.62,1.62,0.0,0.0,0.0,0.0,,0.33,,0.0,1.0,0.67,0.0,0.0,0.14,0.0,0.0
4,臺北台新戰神,5|7|14|10863,黃聰翰/孫思堯/錢肯尼/魏芃禾,1,1,1.0,8.0,0.13,00:08,8.0,0.13,00:08,0.0,0.0,0.0,0.0,2.0,2.0,200.0,540.0,0.0,0.0,0.0,0.0,0.0,0.0,0.0,0.0,0.0,0.0,0.0,0.0,0.0,0.0,0.0,0.0,0.0,0.0,0.0,0.0,0.0,0.0,0.0,0.0,0.0,0.0,0.0,0.0,0.0,0.0,0.0,0.0,0.0,0.0,0.0,0.0,0.0,0.0,0.0,0.0,0.0,0.0,0.0,0.0,0.0,0.0,0.0,0.0,0.0,0.0,0.0,0.0,0.0,0.0,0.0,0.0,0.0,0.0,0.0,0.0,0.0,0.0,0.0,0.0,0.0,0.0,0.0,0.0,0.0,0.0,0.0,0.0,0.0,200.0,-200.0,180.0,-2.0,-2.0,-200.0,0.13,0.13,,,,,,,,,,,0.0,0.0,0.0,0.0,
4,臺北台新戰神,7|10|14|10863,孫思堯/雷蒙恩/錢肯尼/魏芃禾,1,1,1.0,8.0,0.13,00:08,8.0,0.13,00:08,0.0,0.0,0.0,0.0,2.0,2.0,200.0,540.0,0.0,0.0,0.0,0.0,0.0,0.0,0.0,0.0,0.0,0.0,0.0,0.0,0.0,0.0,0.0,0.0,0.0,0.0,0.0,0.0,0.0,0.0,0.0,0.0,0.0,0.0,0.0,0.0,0.0,0.0,0.0,0.0,0.0,0.0,0.0,0.0,0.0,0.0,0.0,0.0,0.0,0.0,0.0,0.0,0.0,0.0,0.0,0.0,0.0,0.0,0.0,0.0,0.0,0.0,0.0,0.0,0.0,0.0,0.0,0.0,0.0,0.0,0.0,0.0,0.0,0.0,0.0,0.0,0.0,0.0,0.0,0.0,0.0,200.0,-200.0,180.0,-2.0,-2.0,-200.0,0.13,0.13,,,,,,,,,,,0.0,0.0,0.0,0.0,
4,臺北台新戰神,5|7|10863|10869,黃聰翰/孫思堯/魏芃禾/基德,1,5,6.0,89.0,1.48,01:29,89.0,1.48,01:29,0.0,0.0,0.0,0.0,2.0,2.0,33.33,48.54,2.0,2.0,33.33,48.54,0.0,0.0,0.0,0.0,1.0,1.0,16.67,24.27,0.0,0.0,0.0,0.0,1.0,1.0,16.67,24.27,0.0,0.0,0.0,0.0,0.0,0.0,0.0,0.0,0.0,0.0,0.0,0.0,0.0,0.0,0.0,0.0,2.0,2.0,33.33,48.54,0.0,0.0,0.0,0.0,1.0,1.0,16.67,24.27,1.0,1.0,16.67,24.27,0.0,0.0,0.0,0.0,0.0,0.0,0.0,0.0,0.0,0.0,0.0,0.0,1.0,1.0,16.67,24.27,0.0,0.0,0.0,0.0,0.0,33.33,-33.33,97.08,-2.0,-2.0,-33.33,1.48,1.48,0.0,0.0,0.0,0.0,,0.33,,0.0,1.0,0.67,0.0,0.0,0.17,0.0,0.0
4,臺北台新戰神,7|10|10863|10869,孫思堯/雷蒙恩/魏芃禾/基德,1,5,6.0,89.0,1.48,01:29,89.0,1.48,01:29,0.0,0.0,0.0,0.0,2.0,2.0,33.33,48.54,2.0,2.0,33.33,48.54,0.0,0.0,0.0,0.0,1.0,1.0,16.67,24.27,0.0,0.0,0.0,0.0,1.0,1.0,16.67,24.27,0.0,0.0,0.0,0.0,0.0,0.0,0.0,0.0,0.0,0.0,0.0,0.0,0.0,0.0,0.0,0.0,2.0,2.0,33.33,48.54,0.0,0.0,0.0,0.0,1.0,1.0,16.67,24.27,1.0,1.0,16.67,24.27,0.0,0.0,0.0,0.0,0.0,0.0,0.0,0.0,0.0,0.0,0.0,0.0,1.0,1.0,16.67,24.27,0.0,0.0,0.0,0.0,0.0,33.33,-33.33,97.08,-2.0,-2.0,-33.33,1.48,1.48,0.0,0.0,0.0,0.0,,0.33,,0.0,1.0,0.67,0.0,0.0,0.17,0.0,0.0
4,臺北台新戰神,5|10|10869|13400,黃聰翰/雷蒙恩/基德/史東,3,30,41.0,475.31,7.92,07:55,158.44,2.64,02:38,21.0,7.0,51.22,95.43,22.0,7.33,53.66,99.98,12.0,4.0,29.27,54.53,7.0,2.33,17.07,31.81,5.0,1.67,12.2,22.72,5.0,1.67,12.2,22.72,7.0,2.33,17.07,31.81,2.0,0.67,4.88,9.09,6.0,2.0,14.63,27.27,5.0,1.67,12.2,22.72,2.0,0.67,4.88,9.09,3.0,1.0,7.32,13.63,5.0,1.67,12.2,22.72,6.0,2.0,14.63,27.27,3.0,1.0,7.32,13.63,4.0,1.33,9.76,18.18,3.0,1.0,7.32,13.63,0.0,0.0,0.0,0.0,5.0,1.67,12.2,22.72,5.0,1.67,12.2,22.72,51.22,53.66,-2.44,124.21,-1.0,-0.33,-2.44,7.92,2.64,0.67,0.72,1.0,0.29,0.83,0.17,0.57,0.25,0.38,0.31,7.32,0.0,0.12,12.2,0.5
4,臺北台新戰神,5|10863|10869|13400,黃聰翰/魏芃禾/基德/史東,4,18,21.0,275.01,4.58,04:35,68.75,1.15,01:09,3.0,0.75,14.29,23.56,17.0,4.25,80.95,133.52,8.0,2.0,38.1,62.83,1.0,0.25,4.76,7.85,1.0,0.25,4.76,7.85,0.0,0.0,0.0,0.0,7.0,1.75,33.33,54.98,1.0,0.25,4.76,7.85,0.0,0.0,0.0,0.0,0.0,0.0,0.0,0.0,0.0,0.0,0.0,0.0,6.0,1.5,28.57,47.13,1.0,0.25,4.76,7.85,2.0,0.5,9.52,15.71,2.0,0.5,9.52,15.71,1.0,0.25,4.76,7.85,2.0,0.5,9.52,15.71,1.0,0.25,4.76,7.85,0.0,0.0,0.0,0.0,4.0,1.0,19.05,31.42,14.29,80.95,-66.67,109.96,-14.0,-3.5,-66.67,4.58,1.15,0.19,0.19,0.0,0.14,,0.2,1.0,0.0,0.86,0.67,9.52,4.76,0.0,19.05,0.0
4,臺北台新戰神,3|5|10863|13400,陳文宏/黃聰翰/魏芃禾/史東,1,5,5.0,110.0,1.83,01:50,110.0,1.83,01:50,3.0,3.0,60.0,58.91,4.0,4.0,80.0,78.55,3.0,3.0,60.0,58.91,1.0,1.0,20.0,19.64,1.0,1.0,20.0,19.64,0.0,0.0,0.0,0.0,2.0,2.0,40.0,39.27,1.0,1.0,20.0,19.64,0.0,0.0,0.0,0.0,0.0,0.0,0.0,0.0,0.0,0.0,0.0,0.0,2.0,2.0,40.0,39.27,0.0,0.0,0.0,0.0,0.0,0.0,0.0,0.0,0.0,0.0,0.0,0.0,1.0,1.0,20.0,19.64,0.0,0.0,0.0,0.0,0.0,0.0,0.0,0.0,0.0,0.0,0.0,0.0,2.0,2.0,40.0,39.27,60.0,80.0,-20.0,65.45,-1.0,-1.0,-20.0,1.83,1.83,0.5,0.5,0.0,0.5,,0.0,1.0,,1.0,1.0,0.0,0.0,0.0,40.0,0.0
4,臺北台新戰神,3|5|10869|13400,陳文宏/黃聰翰/基德/史東,2,25,27.0,433.0,7.22,07:13,216.5,3.61,03:36,13.0,6.5,48.15,64.85,20.0,10.0,74.07,99.77,12.0,6.0,44.44,59.86,4.0,2.0,14.81,19.95,6.0,3.0,22.22,29.93,2.0,1.0,7.41,9.98,6.0,3.0,22.22,29.93,2.0,1.0,7.41,9.98,4.0,2.0,14.81,19.95,3.0,1.5,11.11,14.97,1.0,0.5,3.7,4.99,7.0,3.5,25.93,34.92,1.0,0.5,3.7,4.99,3.0,1.5,11.11,14.97,0.0,0.0,0.0,0.0,2.0,1.0,7.41,9.98,0.0,0.0,0.0,0.0,3.0,1.5,11.11,14.97,2.0,1.0,7.41,9.98,6.0,3.0,22.22,29.93,48.15,74.07,-25.93,89.79,-7.0,-3.5,-25.93,7.22,3.61,0.42,0.47,0.33,0.33,0.75,0.0,0.5,0.25,0.88,0.67,0.0,11.11,0.07,22.22,0.33
4,臺北台新戰神,3|4|5|10863,陳文宏/張兆辰/黃聰翰/魏芃禾,2,13,15.0,244.53,4.08,04:05,122.26,2.04,02:02,5.0,2.5,33.33,44.17,14.0,7.0,93.33,123.67,4.0,2.0,26.67,35.33,1.0,0.5,6.67,8.83,1.0,0.5,6.67,8.83,0.0,0.0,0.0,0.0,3.0,1.5,20.0,26.5,1.0,0.5,6.67,8.83,2.0,1.0,13.33,17.67,2.0,1.0,13.33,17.67,0.0,0.0,0.0,0.0,4.0,2.0,26.67,35.33,3.0,1.5,20.0,26.5,0.0,0.0,0.0,0.0,1.0,0.5,6.67,8.83,1.0,0.5,6.67,8.83,1.0,0.5,6.67,8.83,0.0,0.0,0.0,0.0,1.0,0.5,6.67,8.83,6.0,3.0,40.0,53.0,33.33,93.33,-60.0,88.33,-9.0,-4.5,-60.0,4.08,2.04,0.38,0.51,0.0,0.33,1.0,0.17,1.0,,0.57,0.57,6.67,0.0,0.07,40.0,0.5
4,臺北台新戰神,3|4|5|13400,陳文宏/張兆辰/黃聰翰/史東,1,15,17.0,193.27,3.22,03:13,193.27,3.22,03:13,5.0,5.0,29.41,55.88,3.0,3.0,17.65,33.53,5.0,5.0,29.41,55.88,2.0,2.0,11.76,22.35,4.0,4.0,23.53,44.7,2.0,2.0,11.76,22.35,1.0,1.0,5.88,11.18,0.0,0.0,0.0,0.0,1.0,1.0,5.88,11.18,1.0,1.0,5.88,11.18,0.0,0.0,0.0,0.0,3.0,3.0,17.65,33.53,2.0,2.0,11.76,22.35,2.0,2.0,11.76,22.35,2.0,2.0,11.76,22.35,0.0,0.0,0.0,0.0,0.0,0.0,0.0,0.0,0.0,0.0,0.0,0.0,1.0,1.0,5.88,11.18,6.0,6.0,35.29,67.06,29.41,17.65,11.76,126.66,2.0,2.0,11.76,3.22,3.22,0.4,0.46,0.5,0.0,1.0,0.27,0.0,0.0,0.6,0.43,0.0,0.0,0.06,35.29,0.2
4,臺北台新戰神,3|4|10863|13400,陳文宏/張兆辰/魏芃禾/史東,1,2,2.0,50.0,0.83,00:50,50.0,0.83,00:50,0.0,0.0,0.0,0.0,1.0,1.0,50.0,43.2,1.0,1.0,50.0,43.2,0.0,0.0,0.0,0.0,1.0,1.0,50.0,43.2,0.0,0.0,0.0,0.0,0.0,0.0,0.0,0.0,0.0,0.0,0.0,0.0,0.0,0.0,0.0,0.0,0.0,0.0,0.0,0.0,0.0,0.0,0.0,0.0,1.0,1.0,50.0,43.2,0.0,0.0,0.0,0.0,0.0,0.0,0.0,0.0,0.0,0.0,0.0,0.0,0.0,0.0,0.0,0.0,0.0,0.0,0.0,0.0,0.0,0.0,0.0,0.0,0.0,0.0,0.0,0.0,2.0,2.0,100.0,86.4,0.0,50.0,-50.0,57.6,-1.0,-1.0,-50.0,0.83,0.83,0.0,0.0,0.0,,,0.0,,,1.0,1.0,0.0,0.0,0.0,100.0,0.0
4,臺北台新戰神,4|5|10863|13400,張兆辰/黃聰翰/魏芃禾/史東,2,9,11.0,152.2,2.54,02:32,76.1,1.27,01:16,5.0,2.5,45.45,70.96,2.0,1.0,18.18,28.38,4.0,2.0,36.36,56.77,1.0,0.5,9.09,14.19,1.0,0.5,9.09,14.19,0.0,0.0,0.0,0.0,3.0,1.5,27.27,42.57,1.0,0.5,9.09,14.19,0.0,0.0,0.0,0.0,0.0,0.0,0.0,0.0,1.0,0.5,9.09,14.19,2.0,1.0,18.18,28.38,1.0,0.5,9.09,14.19,4.0,2.0,36.36,56.77,0.0,0.0,0.0,0.0,1.0,0.5,9.09,14.19,0.0,0.0,0.0,0.0,0.0,0.0,0.0,0.0,1.0,0.5,9.09,14.19,5.0,2.5,45.45,70.96,45.45,18.18,27.27,104.07,3.0,1.5,27.27,2.54,1.27,0.38,0.62,0.0,0.33,,0.0,1.0,0.2,0.67,0.38,0.0,0.0,0.09,45.45,0.0
4,臺北台新戰神,1|3|4|5,丁聖儒/陳文宏/張兆辰/黃聰翰,1,13,15.0,143.27,2.39,02:23,143.27,2.39,02:23,5.0,5.0,33.33,75.38,2.0,2.0,13.33,30.15,4.0,4.0,26.67,60.31,2.0,2.0,13.33,30.15,3.0,3.0,20.0,45.23,2.0,2.0,13.33,30.15,1.0,1.0,6.67,15.08,0.0,0.0,0.0,0.0,1.0,1.0,6.67,15.08,1.0,1.0,6.67,15.08,0.0,0.0,0.0,0.0,2.0,2.0,13.33,30.15,2.0,2.0,13.33,30.15,2.0,2.0,13.33,30.15,2.0,2.0,13.33,30.15,0.0,0.0,0.0,0.0,0.0,0.0,0.0,0.0,0.0,0.0,0.0,0.0,1.0,1.0,6.67,15.08,4.0,4.0,26.67,60.31,33.33,13.33,20.0,150.76,3.0,3.0,20.0,2.39,2.39,0.5,0.56,0.67,0.0,1.0,0.31,0.0,0.0,0.5,0.33,0.0,0.0,0.07,26.67,0.25
4,臺北台新戰神,1|3|4|13400,丁聖儒/陳文宏/張兆辰/史東,1,13,15.0,143.27,2.39,02:23,143.27,2.39,02:23,5.0,5.0,33.33,75.38,2.0,2.0,13.33,30.15,4.0,4.0,26.67,60.31,2.0,2.0,13.33,30.15,3.0,3.0,20.0,45.23,2.0,2.0,13.33,30.15,1.0,1.0,6.67,15.08,0.0,0.0,0.0,0.0,1.0,1.0,6.67,15.08,1.0,1.0,6.67,15.08,0.0,0.0,0.0,0.0,2.0,2.0,13.33,30.15,2.0,2.0,13.33,30.15,2.0,2.0,13.33,30.15,2.0,2.0,13.33,30.15,0.0,0.0,0.0,0.0,0.0,0.0,0.0,0.0,0.0,0.0,0.0,0.0,1.0,1.0,6.67,15.08,4.0,4.0,26.67,60.31,33.33,13.33,20.0,150.76,3.0,3.0,20.0,2.39,2.39,0.5,0.56,0.67,0.0,1.0,0.31,0.0,0.0,0.5,0.33,0.0,0.0,0.07,26.67,0.25
4,臺北台新戰神,1|3|5|13400,丁聖儒/陳文宏/黃聰翰/史東,2,36,41.0,538.27,8.97,08:58,269.13,4.49,04:29,15.0,7.5,36.59,60.19,19.0,9.5,46.34,76.24,15.0,7.5,36.59,60.19,5.0,2.5,12.2,20.06,10.0,5.0,24.39,40.13,4.0,2.0,9.76,16.05,5.0,2.5,12.2,20.06,1.0,0.5,2.44,4.01,5.0,2.5,12.2,20.06,4.0,2.0,9.76,16.05,2.0,1.0,4.88,8.03,8.0,4.0,19.51,32.1,3.0,1.5,7.32,12.04,5.0,2.5,12.2,20.06,3.0,1.5,7.32,12.04,1.0,0.5,2.44,4.01,0.0,0.0,0.0,0.0,3.0,1.5,7.32,12.04,3.0,1.5,7.32,12.04,10.0,5.0,24.39,40.13,36.59,46.34,-9.76,109.68,-4.0,-2.0,-9.76,8.97,4.49,0.37,0.44,0.4,0.2,0.8,0.15,0.2,0.29,0.73,0.56,0.0,7.32,0.07,24.39,0.33
4,福爾摩沙夢想家,77|79|89|103,馬建豪/張宗憲/蔣淯安/忻沃克,1,3,3.0,38.63,0.64,00:39,38.63,0.64,00:39,1.0,1.0,33.33,55.92,1.0,1.0,33.33,55.92,0.0,0.0,0.0,0.0,0.0,0.0,0.0,0.0,0.0,0.0,0.0,0.0,0.0,0.0,0.0,0.0,0.0,0.0,0.0,0.0,0.0,0.0,0.0,0.0,2.0,2.0,66.67,111.84,1.0,1.0,33.33,55.92,0.0,0.0,0.0,0.0,1.0,1.0,33.33,55.92,0.0,0.0,0.0,0.0,0.0,0.0,0.0,0.0,0.0,0.0,0.0,0.0,0.0,0.0,0.0,0.0,0.0,0.0,0.0,0.0,0.0,0.0,0.0,0.0,1.0,1.0,33.33,55.92,1.0,1.0,33.33,55.92,33.33,33.33,0.0,111.84,0.0,0.0,0.0,0.64,0.64,,0.57,,,0.5,0.0,,,1.0,1.0,0.0,0.0,0.33,33.33,
4,臺北台新戰神,1|3|5|10869,丁聖儒/陳文宏/黃聰翰/基德,2,39,42.0,570.69,9.51,09:31,285.35,4.76,04:45,19.0,9.5,45.24,71.91,27.0,13.5,64.29,102.19,16.0,8.0,38.1,60.56,7.0,3.5,16.67,26.49,9.0,4.5,21.43,34.06,5.0,2.5,11.9,18.92,7.0,3.5,16.67,26.49,2.0,1.0,4.76,7.57,4.0,2.0,9.52,15.14,3.0,1.5,7.14,11.35,2.0,1.0,4.76,7.57,7.0,3.5,16.67,26.49,1.0,0.5,2.38,3.78,4.0,2.0,9.52,15.14,3.0,1.5,7.14,11.35,2.0,1.0,4.76,7.57,3.0,1.5,7.14,11.35,3.0,1.5,7.14,11.35,2.0,1.0,4.76,7.57,11.0,5.5,26.19,41.63,45.24,64.29,-19.05,105.98,-8.0,-4.0,-19.05,9.51,4.76,0.5,0.53,0.56,0.29,0.75,0.14,0.29,0.33,0.88,0.64,7.14,7.14,0.05,26.19,0.25
4,臺北台新戰神,1|5|7|10,丁聖儒/黃聰翰/孫思堯/雷蒙恩,2,3,3.0,37.98,0.63,00:38,18.99,0.32,00:19,0.0,0.0,0.0,0.0,4.0,2.0,133.33,227.51,1.0,0.5,33.33,56.88,0.0,0.0,0.0,0.0,1.0,0.5,33.33,56.88,0.0,0.0,0.0,0.0,0.0,0.0,0.0,0.0,0.0,0.0,0.0,0.0,0.0,0.0,0.0,0.0,0.0,0.0,0.0,0.0,0.0,0.0,0.0,0.0,0.0,0.0,0.0,0.0,0.0,0.0,0.0,0.0,0.0,0.0,0.0,0.0,1.0,0.5,33.33,56.88,0.0,0.0,0.0,0.0,1.0,0.5,33.33,56.88,0.0,0.0,0.0,0.0,1.0,0.5,33.33,56.88,2.0,1.0,66.67,113.75,0.0,133.33,-133.33,113.75,-4.0,-2.0,-133.33,0.63,0.32,0.0,0.0,0.0,,,0.5,,,,,33.33,0.0,0.33,66.67,0.0
4,臺北台新戰神,1|7|10|10869,丁聖儒/孫思堯/雷蒙恩/基德,2,6,6.0,61.98,1.03,01:02,30.99,0.52,00:31,2.0,1.0,33.33,69.7,4.0,2.0,66.67,139.41,2.0,1.0,33.33,69.7,1.0,0.5,16.67,34.85,2.0,1.0,33.33,69.7,1.0,0.5,16.67,34.85,0.0,0.0,0.0,0.0,0.0,0.0,0.0,0.0,1.0,0.5,16.67,34.85,1.0,0.5,16.67,34.85,0.0,0.0,0.0,0.0,0.0,0.0,0.0,0.0,0.0,0.0,0.0,0.0,0.0,0.0,0.0,0.0,2.0,1.0,33.33,69.7,1.0,0.5,16.67,34.85,2.0,1.0,33.33,69.7,0.0,0.0,0.0,0.0,2.0,1.0,33.33,69.7,2.0,1.0,33.33,69.7,33.33,66.67,-33.33,139.41,-2.0,-1.0,-33.33,1.03,0.52,0.5,0.41,0.5,,1.0,0.45,1.0,,,,33.33,0.0,0.33,33.33,0.5
4,臺北台新戰神,1|7|10|10865,丁聖儒/孫思堯/雷蒙恩/謝銘駿,1,3,3.0,24.0,0.4,00:24,24.0,0.4,00:24,2.0,2.0,66.67,180.0,0.0,0.0,0.0,0.0,1.0,1.0,33.33,90.0,1.0,1.0,33.33,90.0,1.0,1.0,33.33,90.0,1.0,1.0,33.33,90.0,0.0,0.0,0.0,0.0,0.0,0.0,0.0,0.0,1.0,1.0,33.33,90.0,1.0,1.0,33.33,90.0,0.0,0.0,0.0,0.0,0.0,0.0,0.0,0.0,0.0,0.0,0.0,0.0,0.0,0.0,0.0,0.0,1.0,1.0,33.33,90.0,1.0,1.0,33.33,90.0,1.0,1.0,33.33,90.0,0.0,0.0,0.0,0.0,1.0,1.0,33.33,90.0,0.0,0.0,0.0,0.0,66.67,0.0,66.67,180.0,2.0,2.0,66.67,0.4,0.4,1.0,0.69,1.0,,1.0,0.41,1.0,,,,33.33,0.0,0.33,0.0,1.0
4,臺北台新戰神,1|7|10865|10869,丁聖儒/孫思堯/謝銘駿/基德,1,3,3.0,24.0,0.4,00:24,24.0,0.4,00:24,2.0,2.0,66.67,180.0,0.0,0.0,0.0,0.0,1.0,1.0,33.33,90.0,1.0,1.0,33.33,90.0,1.0,1.0,33.33,90.0,1.0,1.0,33.33,90.0,0.0,0.0,0.0,0.0,0.0,0.0,0.0,0.0,1.0,1.0,33.33,90.0,1.0,1.0,33.33,90.0,0.0,0.0,0.0,0.0,0.0,0.0,0.0,0.0,0.0,0.0,0.0,0.0,0.0,0.0,0.0,0.0,1.0,1.0,33.33,90.0,1.0,1.0,33.33,90.0,1.0,1.0,33.33,90.0,0.0,0.0,0.0,0.0,1.0,1.0,33.33,90.0,0.0,0.0,0.0,0.0,66.67,0.0,66.67,180.0,2.0,2.0,66.67,0.4,0.4,1.0,0.69,1.0,,1.0,0.41,1.0,,,,33.33,0.0,0.33,0.0,1.0
4,福爾摩沙夢想家,77|103|106|13777,馬建豪/忻沃克/高柏鎧/布依德,6,99,111.0,1472.97,24.55,24:33,245.5,4.09,04:05,37.0,6.17,33.33,54.26,55.0,9.17,49.55,80.65,34.0,5.67,30.63,49.86,13.0,2.17,11.71,19.06,24.0,4.0,21.62,35.19,10.0,1.67,9.01,14.66,10.0,1.67,9.01,14.66,3.0,0.5,2.7,4.4,12.0,2.0,10.81,17.6,9.0,1.5,8.11,13.2,2.0,0.33,1.8,2.93,21.0,3.5,18.92,30.79,6.0,1.0,5.41,8.8,25.0,4.17,22.52,36.66,12.0,2.0,10.81,17.6,9.0,1.5,8.11,13.2,9.0,1.5,8.11,13.2,3.0,0.5,2.7,4.4,9.0,1.5,8.11,13.2,23.0,3.83,20.72,33.73,33.33,49.55,-16.22,108.52,-18.0,-3.0,-16.22,24.55,4.09,0.43,0.47,0.42,0.3,0.75,0.23,0.69,0.07,0.78,0.43,8.11,2.7,0.08,20.72,0.35
4,福爾摩沙夢想家,77|83|91|101,馬建豪/吳家駿/簡偉儒/周柏臣,1,7,10.0,86.38,1.44,01:26,86.38,1.44,01:26,4.0,4.0,40.0,100.02,2.0,2.0,20.0,50.01,3.0,3.0,30.0,75.02,2.0,2.0,20.0,50.01,2.0,2.0,20.0,50.01,2.0,2.0,20.0,50.01,1.0,1.0,10.0,25.01,0.0,0.0,0.0,0.0,0.0,0.0,0.0,0.0,0.0,0.0,0.0,0.0,1.0,1.0,10.0,25.01,0.0,0.0,0.0,0.0,2.0,2.0,20.0,50.01,1.0,1.0,10.0,25.01,1.0,1.0,10.0,25.01,1.0,1.0,10.0,25.01,0.0,0.0,0.0,0.0,0.0,0.0,0.0,0.0,0.0,0.0,0.0,0.0,2.0,2.0,20.0,50.01,40.0,20.0,20.0,166.7,2.0,2.0,20.0,1.44,1.44,0.67,0.67,1.0,0.0,,0.25,0.5,0.5,0.0,0.25,0.0,0.0,0.0,20.0,0.0
4,福爾摩沙夢想家,77|83|101|106,馬建豪/吳家駿/周柏臣/高柏鎧,1,2,2.0,22.38,0.37,00:22,22.38,0.37,00:22,0.0,0.0,0.0,0.0,2.0,2.0,100.0,193.02,0.0,0.0,0.0,0.0,0.0,0.0,0.0,0.0,0.0,0.0,0.0,0.0,0.0,0.0,0.0,0.0,0.0,0.0,0.0,0.0,0.0,0.0,0.0,0.0,0.0,0.0,0.0,0.0,0.0,0.0,0.0,0.0,0.0,0.0,0.0,0.0,0.0,0.0,0.0,0.0,0.0,0.0,0.0,0.0,0.0,0.0,0.0,0.0,1.0,1.0,50.0,96.51,0.0,0.0,0.0,0.0,0.0,0.0,0.0,0.0,0.0,0.0,0.0,0.0,0.0,0.0,0.0,0.0,2.0,2.0,100.0,193.02,0.0,100.0,-100.0,128.68,-2.0,-2.0,-100.0,0.37,0.37,,,,,,1.0,,,,,0.0,0.0,0.0,100.0,
4,福爾摩沙夢想家,77|91|101|106,馬建豪/簡偉儒/周柏臣/高柏鎧,1,2,2.0,22.38,0.37,00:22,22.38,0.37,00:22,0.0,0.0,0.0,0.0,2.0,2.0,100.0,193.02,0.0,0.0,0.0,0.0,0.0,0.0,0.0,0.0,0.0,0.0,0.0,0.0,0.0,0.0,0.0,0.0,0.0,0.0,0.0,0.0,0.0,0.0,0.0,0.0,0.0,0.0,0.0,0.0,0.0,0.0,0.0,0.0,0.0,0.0,0.0,0.0,0.0,0.0,0.0,0.0,0.0,0.0,0.0,0.0,0.0,0.0,0.0,0.0,1.0,1.0,50.0,96.51,0.0,0.0,0.0,0.0,0.0,0.0,0.0,0.0,0.0,0.0,0.0,0.0,0.0,0.0,0.0,0.0,2.0,2.0,100.0,193.02,0.0,100.0,-100.0,128.68,-2.0,-2.0,-100.0,0.37,0.37,,,,,,1.0,,,,,0.0,0.0,0.0,100.0,
4,福爾摩沙夢想家,83|91|101|106,吳家駿/簡偉儒/周柏臣/高柏鎧,1,2,2.0,22.38,0.37,00:22,22.38,0.37,00:22,0.0,0.0,0.0,0.0,2.0,2.0,100.0,193.02,0.0,0.0,0.0,0.0,0.0,0.0,0.0,0.0,0.0,0.0,0.0,0.0,0.0,0.0,0.0,0.0,0.0,0.0,0.0,0.0,0.0,0.0,0.0,0.0,0.0,0.0,0.0,0.0,0.0,0.0,0.0,0.0,0.0,0.0,0.0,0.0,0.0,0.0,0.0,0.0,0.0,0.0,0.0,0.0,0.0,0.0,0.0,0.0,1.0,1.0,50.0,96.51,0.0,0.0,0.0,0.0,0.0,0.0,0.0,0.0,0.0,0.0,0.0,0.0,0.0,0.0,0.0,0.0,2.0,2.0,100.0,193.02,0.0,100.0,-100.0,128.68,-2.0,-2.0,-100.0,0.37,0.37,,,,,,1.0,,,,,0.0,0.0,0.0,100.0,
4,福爾摩沙夢想家,77|83|91|97,馬建豪/吳家駿/簡偉儒/史承平,1,5,8.0,64.0,1.07,01:04,64.0,1.07,01:04,4.0,4.0,50.0,135.0,0.0,0.0,0.0,0.0,3.0,3.0,37.5,101.25,2.0,2.0,25.0,67.5,2.0,2.0,25.0,67.5,2.0,2.0,25.0,67.5,1.0,1.0,12.5,33.75,0.0,0.0,0.0,0.0,0.0,0.0,0.0,0.0,0.0,0.0,0.0,0.0,1.0,1.0,12.5,33.75,0.0,0.0,0.0,0.0,2.0,2.0,25.0,67.5,1.0,1.0,12.5,33.75,0.0,0.0,0.0,0.0,1.0,1.0,12.5,33.75,0.0,0.0,0.0,0.0,0.0,0.0,0.0,0.0,0.0,0.0,0.0,0.0,0.0,0.0,0.0,0.0,50.0,0.0,50.0,180.0,4.0,4.0,50.0,1.07,1.07,0.67,0.67,1.0,0.0,,0.0,0.5,0.5,0.0,0.25,0.0,0.0,0.0,0.0,0.0
4,福爾摩沙夢想家,77|83|97|101,馬建豪/吳家駿/史承平/周柏臣,3,9,13.0,110.82,1.85,01:51,36.94,0.62,00:37,9.0,3.0,69.23,175.41,0.0,0.0,0.0,0.0,4.0,1.33,30.77,77.96,2.0,0.67,15.38,38.98,2.0,0.67,15.38,38.98,2.0,0.67,15.38,38.98,2.0,0.67,15.38,38.98,0.0,0.0,0.0,0.0,6.0,2.0,46.15,116.94,5.0,1.67,38.46,97.45,1.0,0.33,7.69,19.49,1.0,0.33,7.69,19.49,2.0,0.67,15.38,38.98,2.0,0.67,15.38,38.98,0.0,0.0,0.0,0.0,1.0,0.33,7.69,19.49,0.0,0.0,0.0,0.0,0.0,0.0,0.0,0.0,2.0,0.67,15.38,38.98,0.0,0.0,0.0,0.0,69.23,0.0,69.23,168.91,9.0,3.0,69.23,1.85,0.62,0.5,0.68,1.0,0.0,0.83,0.0,0.5,0.33,0.33,0.33,0.0,0.0,0.15,0.0,1.5
4,福爾摩沙夢想家,77|91|97|101,馬建豪/簡偉儒/史承平/周柏臣,1,5,8.0,64.0,1.07,01:04,64.0,1.07,01:04,4.0,4.0,50.0,135.0,0.0,0.0,0.0,0.0,3.0,3.0,37.5,101.25,2.0,2.0,25.0,67.5,2.0,2.0,25.0,67.5,2.0,2.0,25.0,67.5,1.0,1.0,12.5,33.75,0.0,0.0,0.0,0.0,0.0,0.0,0.0,0.0,0.0,0.0,0.0,0.0,1.0,1.0,12.5,33.75,0.0,0.0,0.0,0.0,2.0,2.0,25.0,67.5,1.0,1.0,12.5,33.75,0.0,0.0,0.0,0.0,1.0,1.0,12.5,33.75,0.0,0.0,0.0,0.0,0.0,0.0,0.0,0.0,0.0,0.0,0.0,0.0,0.0,0.0,0.0,0.0,50.0,0.0,50.0,180.0,4.0,4.0,50.0,1.07,1.07,0.67,0.67,1.0,0.0,,0.0,0.5,0.5,0.0,0.25,0.0,0.0,0.0,0.0,0.0
4,高雄全家海神,51|116|121|13275,克力斯/呂威霆/吳曉謹/吳彥侖,1,24,28.0,358.0,5.97,05:58,358.0,5.97,05:58,14.0,14.0,50.0,84.47,12.0,12.0,42.86,72.4,10.0,10.0,35.71,60.34,5.0,5.0,17.86,30.17,5.0,5.0,17.86,30.17,3.0,3.0,10.71,18.1,5.0,5.0,17.86,30.17,2.0,2.0,7.14,12.07,2.0,2.0,7.14,12.07,2.0,2.0,7.14,12.07,2.0,2.0,7.14,12.07,3.0,3.0,10.71,18.1,0.0,0.0,0.0,0.0,6.0,6.0,21.43,36.2,3.0,3.0,10.71,18.1,4.0,4.0,14.29,24.13,2.0,2.0,7.14,12.07,0.0,0.0,0.0,0.0,3.0,3.0,10.71,18.1,2.0,2.0,7.14,12.07,50.0,42.86,7.14,112.63,2.0,2.0,7.14,5.97,5.97,0.6,0.64,0.6,0.4,1.0,0.22,0.8,0.25,1.0,0.45,7.14,0.0,0.11,7.14,0.2
4,高雄全家海神,109|110|111|12668,于煥亞/胡瓏貿/唐維傑/歐提斯,2,24,30.0,353.06,5.88,05:53,176.53,2.94,02:57,17.0,8.5,56.67,104.0,16.0,8.0,53.33,97.89,11.0,5.5,36.67,67.3,6.0,3.0,20.0,36.71,7.0,3.5,23.33,42.83,5.0,2.5,16.67,30.59,4.0,2.0,13.33,24.47,1.0,0.5,3.33,6.12,4.0,2.0,13.33,24.47,4.0,2.0,13.33,24.47,3.0,1.5,10.0,18.35,2.0,1.0,6.67,12.24,1.0,0.5,3.33,6.12,3.0,1.5,10.0,18.35,2.0,1.0,6.67,12.24,2.0,1.0,6.67,12.24,1.0,0.5,3.33,6.12,0.0,0.0,0.0,0.0,1.0,0.5,3.33,6.12,6.0,3.0,20.0,36.71,56.67,53.33,3.33,122.36,1.0,0.5,3.33,5.88,2.94,0.59,0.67,0.71,0.25,1.0,0.14,0.33,0.5,0.67,0.56,3.33,0.0,0.03,20.0,0.36
4,高雄全家海神,110|111|12668|12908,胡瓏貿/唐維傑/歐提斯/布里茲克,1,3,3.0,35.3,0.59,00:35,35.3,0.59,00:35,2.0,2.0,66.67,122.39,2.0,2.0,66.67,122.39,0.0,0.0,0.0,0.0,0.0,0.0,0.0,0.0,0.0,0.0,0.0,0.0,0.0,0.0,0.0,0.0,0.0,0.0,0.0,0.0,0.0,0.0,0.0,0.0,4.0,4.0,133.33,244.78,3.0,3.0,100.0,183.59,0.0,0.0,0.0,0.0,1.0,1.0,33.33,61.2,0.0,0.0,0.0,0.0,0.0,0.0,0.0,0.0,1.0,1.0,33.33,61.2,0.0,0.0,0.0,0.0,0.0,0.0,0.0,0.0,0.0,0.0,0.0,0.0,0.0,0.0,0.0,0.0,0.0,0.0,0.0,0.0,66.67,66.67,0.0,122.39,0.0,0.0,0.0,0.59,0.59,,0.57,,,0.75,0.36,,,1.0,1.0,0.0,0.0,0.0,0.0,
4,高雄全家海神,109|111|116|12668,于煥亞/唐維傑/呂威霆/歐提斯,1,8,8.0,98.71,1.65,01:39,98.71,1.65,01:39,5.0,5.0,62.5,109.41,3.0,3.0,37.5,65.65,3.0,3.0,37.5,65.65,2.0,2.0,25.0,43.77,2.0,2.0,25.0,43.77,2.0,2.0,25.0,43.77,1.0,1.0,12.5,21.88,0.0,0.0,0.0,0.0,2.0,2.0,25.0,43.77,1.0,1.0,12.5,21.88,0.0,0.0,0.0,0.0,0.0,0.0,0.0,0.0,0.0,0.0,0.0,0.0,1.0,1.0,12.5,21.88,0.0,0.0,0.0,0.0,0.0,0.0,0.0,0.0,0.0,0.0,0.0,0.0,0.0,0.0,0.0,0.0,1.0,1.0,12.5,21.88,4.0,4.0,50.0,87.53,62.5,37.5,25.0,116.71,2.0,2.0,25.0,1.65,1.65,0.67,0.64,1.0,0.0,0.5,0.0,0.0,0.0,,0.0,0.0,0.0,0.12,50.0,0.67
4,高雄全家海神,51|109|116|10891,克力斯/于煥亞/呂威霆/廖偉皓,1,3,7.0,84.0,1.4,01:24,84.0,1.4,01:24,0.0,0.0,0.0,0.0,5.0,5.0,71.43,128.57,1.0,1.0,14.29,25.71,0.0,0.0,0.0,0.0,1.0,1.0,14.29,25.71,0.0,0.0,0.0,0.0,0.0,0.0,0.0,0.0,0.0,0.0,0.0,0.0,0.0,0.0,0.0,0.0,0.0,0.0,0.0,0.0,0.0,0.0,0.0,0.0,1.0,1.0,14.29,25.71,2.0,2.0,28.57,51.43,1.0,1.0,14.29,25.71,1.0,1.0,14.29,25.71,0.0,0.0,0.0,0.0,1.0,1.0,14.29,25.71,0.0,0.0,0.0,0.0,0.0,0.0,0.0,0.0,0.0,0.0,0.0,0.0,0.0,71.43,-71.43,120.0,-5.0,-5.0,-71.43,1.4,1.4,0.0,0.0,0.0,,,0.5,,0.0,0.33,0.25,14.29,0.0,0.0,0.0,0.0
4,高雄全家海神,51|109|10891|12668,克力斯/于煥亞/廖偉皓/歐提斯,1,3,7.0,84.0,1.4,01:24,84.0,1.4,01:24,0.0,0.0,0.0,0.0,5.0,5.0,71.43,128.57,1.0,1.0,14.29,25.71,0.0,0.0,0.0,0.0,1.0,1.0,14.29,25.71,0.0,0.0,0.0,0.0,0.0,0.0,0.0,0.0,0.0,0.0,0.0,0.0,0.0,0.0,0.0,0.0,0.0,0.0,0.0,0.0,0.0,0.0,0.0,0.0,1.0,1.0,14.29,25.71,2.0,2.0,28.57,51.43,1.0,1.0,14.29,25.71,1.0,1.0,14.29,25.71,0.0,0.0,0.0,0.0,1.0,1.0,14.29,25.71,0.0,0.0,0.0,0.0,0.0,0.0,0.0,0.0,0.0,0.0,0.0,0.0,0.0,71.43,-71.43,120.0,-5.0,-5.0,-71.43,1.4,1.4,0.0,0.0,0.0,,,0.5,,0.0,0.33,0.25,14.29,0.0,0.0,0.0,0.0
4,高雄全家海神,51|116|10891|12668,克力斯/呂威霆/廖偉皓/歐提斯,1,3,7.0,84.0,1.4,01:24,84.0,1.4,01:24,0.0,0.0,0.0,0.0,5.0,5.0,71.43,128.57,1.0,1.0,14.29,25.71,0.0,0.0,0.0,0.0,1.0,1.0,14.29,25.71,0.0,0.0,0.0,0.0,0.0,0.0,0.0,0.0,0.0,0.0,0.0,0.0,0.0,0.0,0.0,0.0,0.0,0.0,0.0,0.0,0.0,0.0,0.0,0.0,1.0,1.0,14.29,25.71,2.0,2.0,28.57,51.43,1.0,1.0,14.29,25.71,1.0,1.0,14.29,25.71,0.0,0.0,0.0,0.0,1.0,1.0,14.29,25.71,0.0,0.0,0.0,0.0,0.0,0.0,0.0,0.0,0.0,0.0,0.0,0.0,0.0,71.43,-71.43,120.0,-5.0,-5.0,-71.43,1.4,1.4,0.0,0.0,0.0,,,0.5,,0.0,0.33,0.25,14.29,0.0,0.0,0.0,0.0
4,高雄全家海神,109|116|10891|12668,于煥亞/呂威霆/廖偉皓/歐提斯,1,3,7.0,84.0,1.4,01:24,84.0,1.4,01:24,0.0,0.0,0.0,0.0,5.0,5.0,71.43,128.57,1.0,1.0,14.29,25.71,0.0,0.0,0.0,0.0,1.0,1.0,14.29,25.71,0.0,0.0,0.0,0.0,0.0,0.0,0.0,0.0,0.0,0.0,0.0,0.0,0.0,0.0,0.0,0.0,0.0,0.0,0.0,0.0,0.0,0.0,0.0,0.0,1.0,1.0,14.29,25.71,2.0,2.0,28.57,51.43,1.0,1.0,14.29,25.71,1.0,1.0,14.29,25.71,0.0,0.0,0.0,0.0,1.0,1.0,14.29,25.71,0.0,0.0,0.0,0.0,0.0,0.0,0.0,0.0,0.0,0.0,0.0,0.0,0.0,71.43,-71.43,120.0,-5.0,-5.0,-71.43,1.4,1.4,0.0,0.0,0.0,,,0.5,,0.0,0.33,0.25,14.29,0.0,0.0,0.0,0.0
4,高雄全家海神,110|111|121|12668,胡瓏貿/唐維傑/吳曉謹/歐提斯,2,11,14.0,209.73,3.5,03:30,104.87,1.75,01:45,7.0,3.5,50.0,72.09,9.0,4.5,64.29,92.69,5.0,2.5,35.71,51.49,2.0,1.0,14.29,20.6,2.0,1.0,14.29,20.6,0.0,0.0,0.0,0.0,3.0,1.5,21.43,30.9,2.0,1.0,14.29,20.6,4.0,2.0,28.57,41.2,2.0,1.0,14.29,20.6,1.0,0.5,7.14,10.3,3.0,1.5,21.43,30.9,2.0,1.0,14.29,20.6,0.0,0.0,0.0,0.0,1.0,0.5,7.14,10.3,2.0,1.0,14.29,20.6,0.0,0.0,0.0,0.0,0.0,0.0,0.0,0.0,1.0,0.5,7.14,10.3,4.0,2.0,28.57,41.2,50.0,64.29,-14.29,96.12,-2.0,-1.0,-14.29,3.5,1.75,0.6,0.52,0.0,0.67,0.5,0.13,1.0,1.0,0.6,0.67,0.0,0.0,0.07,28.57,0.8
4,高雄全家海神,111|121|12668|12908,唐維傑/吳曉謹/歐提斯/布里茲克,1,12,17.0,202.44,3.37,03:22,202.44,3.37,03:22,4.0,4.0,23.53,42.68,8.0,8.0,47.06,85.36,4.0,4.0,23.53,42.68,2.0,2.0,11.76,21.34,4.0,4.0,23.53,42.68,2.0,2.0,11.76,21.34,0.0,0.0,0.0,0.0,0.0,0.0,0.0,0.0,2.0,2.0,11.76,21.34,1.0,1.0,5.88,10.67,1.0,1.0,5.88,10.67,2.0,2.0,11.76,21.34,2.0,2.0,11.76,21.34,2.0,2.0,11.76,21.34,3.0,3.0,17.65,32.01,0.0,0.0,0.0,0.0,2.0,2.0,11.76,21.34,0.0,0.0,0.0,0.0,0.0,0.0,0.0,0.0,0.0,0.0,0.0,0.0,23.53,47.06,-23.53,120.92,-4.0,-4.0,-23.53,3.37,3.37,0.5,0.41,0.5,,0.5,0.38,0.0,0.33,0.5,0.43,11.76,0.0,0.0,0.0,0.5
4,高雄全家海神,111|116|12668|12908,唐維傑/呂威霆/歐提斯/布里茲克,1,10,15.0,168.0,2.8,02:48,168.0,2.8,02:48,4.0,4.0,26.67,51.43,6.0,6.0,40.0,77.14,4.0,4.0,26.67,51.43,2.0,2.0,13.33,25.71,4.0,4.0,26.67,51.43,2.0,2.0,13.33,25.71,0.0,0.0,0.0,0.0,0.0,0.0,0.0,0.0,0.0,0.0,0.0,0.0,0.0,0.0,0.0,0.0,1.0,1.0,6.67,12.86,1.0,1.0,6.67,12.86,2.0,2.0,13.33,25.71,2.0,2.0,13.33,25.71,2.0,2.0,13.33,25.71,0.0,0.0,0.0,0.0,2.0,2.0,13.33,25.71,0.0,0.0,0.0,0.0,0.0,0.0,0.0,0.0,0.0,0.0,0.0,0.0,26.67,40.0,-13.33,128.57,-2.0,-2.0,-13.33,2.8,2.8,0.5,0.5,0.5,,,0.33,0.0,0.33,0.33,0.33,13.33,0.0,0.0,0.0,0.0
4,高雄全家海神,51|116|12668|13275,克力斯/呂威霆/歐提斯/吳彥侖,1,8,10.0,104.0,1.73,01:44,104.0,1.73,01:44,4.0,4.0,40.0,83.08,3.0,3.0,30.0,62.31,2.0,2.0,20.0,41.54,1.0,1.0,10.0,20.77,2.0,2.0,20.0,41.54,1.0,1.0,10.0,20.77,0.0,0.0,0.0,0.0,0.0,0.0,0.0,0.0,2.0,2.0,20.0,41.54,2.0,2.0,20.0,41.54,0.0,0.0,0.0,0.0,1.0,1.0,10.0,20.77,0.0,0.0,0.0,0.0,1.0,1.0,10.0,20.77,1.0,1.0,10.0,20.77,0.0,0.0,0.0,0.0,1.0,1.0,10.0,20.77,0.0,0.0,0.0,0.0,1.0,1.0,10.0,20.77,0.0,0.0,0.0,0.0,40.0,30.0,10.0,138.46,1.0,1.0,10.0,1.73,1.73,0.5,0.69,0.5,,1.0,0.26,0.0,0.0,1.0,0.5,10.0,0.0,0.1,0.0,1.0
4,高雄全家海神,116|121|12668|13275,呂威霆/吳曉謹/歐提斯/吳彥侖,1,17,27.0,272.0,4.53,04:32,272.0,4.53,04:32,13.0,13.0,48.15,103.24,7.0,7.0,25.93,55.59,11.0,11.0,40.74,87.35,4.0,4.0,14.81,31.76,5.0,5.0,18.52,39.71,3.0,3.0,11.11,23.82,6.0,6.0,22.22,47.65,1.0,1.0,3.7,7.94,2.0,2.0,7.41,15.88,2.0,2.0,7.41,15.88,6.0,6.0,22.22,47.65,1.0,1.0,3.7,7.94,2.0,2.0,7.41,15.88,1.0,1.0,3.7,7.94,2.0,2.0,7.41,15.88,0.0,0.0,0.0,0.0,2.0,2.0,7.41,15.88,2.0,2.0,7.41,15.88,2.0,2.0,7.41,15.88,0.0,0.0,0.0,0.0,48.15,25.93,22.22,142.94,6.0,6.0,22.22,4.53,4.53,0.41,0.55,0.6,0.17,1.0,0.14,0.0,0.86,0.33,0.7,7.41,7.41,0.07,0.0,0.18
4,高雄全家海神,51|110|121|12668,克力斯/胡瓏貿/吳曉謹/歐提斯,1,12,15.0,195.21,3.25,03:15,195.21,3.25,03:15,2.0,2.0,13.33,22.13,9.0,9.0,60.0,99.59,8.0,8.0,53.33,88.52,2.0,2.0,13.33,22.13,4.0,4.0,26.67,44.26,2.0,2.0,13.33,22.13,4.0,4.0,26.67,44.26,0.0,0.0,0.0,0.0,1.0,1.0,6.67,11.07,1.0,1.0,6.67,11.07,2.0,2.0,13.33,22.13,4.0,4.0,26.67,44.26,2.0,2.0,13.33,22.13,0.0,0.0,0.0,0.0,0.0,0.0,0.0,0.0,0.0,0.0,0.0,0.0,0.0,0.0,0.0,0.0,2.0,2.0,13.33,22.13,1.0,1.0,6.67,11.07,2.0,2.0,13.33,22.13,13.33,60.0,-46.67,110.65,-7.0,-7.0,-46.67,3.25,3.25,0.25,0.12,0.5,0.0,1.0,0.0,0.0,1.0,0.67,0.75,0.0,13.33,0.07,13.33,0.12
4,高雄全家海神,110|116|121|12668,胡瓏貿/呂威霆/吳曉謹/歐提斯,1,9,17.0,168.0,2.8,02:48,168.0,2.8,02:48,9.0,9.0,52.94,115.71,4.0,4.0,23.53,51.43,9.0,9.0,52.94,115.71,3.0,3.0,17.65,38.57,3.0,3.0,17.65,38.57,2.0,2.0,11.76,25.71,6.0,6.0,35.29,77.14,1.0,1.0,5.88,12.86,0.0,0.0,0.0,0.0,0.0,0.0,0.0,0.0,6.0,6.0,35.29,77.14,0.0,0.0,0.0,0.0,2.0,2.0,11.76,25.71,0.0,0.0,0.0,0.0,1.0,1.0,5.88,12.86,0.0,0.0,0.0,0.0,1.0,1.0,5.88,12.86,2.0,2.0,11.76,25.71,1.0,1.0,5.88,12.86,0.0,0.0,0.0,0.0,52.94,23.53,29.41,145.71,5.0,5.0,29.41,2.8,2.8,0.39,0.5,0.67,0.17,,0.1,0.0,1.0,0.0,0.75,5.88,11.76,0.06,0.0,0.0
4,高雄全家海神,110|116|121|13275,胡瓏貿/呂威霆/吳曉謹/吳彥侖,1,9,17.0,168.0,2.8,02:48,168.0,2.8,02:48,9.0,9.0,52.94,115.71,4.0,4.0,23.53,51.43,9.0,9.0,52.94,115.71,3.0,3.0,17.65,38.57,3.0,3.0,17.65,38.57,2.0,2.0,11.76,25.71,6.0,6.0,35.29,77.14,1.0,1.0,5.88,12.86,0.0,0.0,0.0,0.0,0.0,0.0,0.0,0.0,6.0,6.0,35.29,77.14,0.0,0.0,0.0,0.0,2.0,2.0,11.76,25.71,0.0,0.0,0.0,0.0,1.0,1.0,5.88,12.86,0.0,0.0,0.0,0.0,1.0,1.0,5.88,12.86,2.0,2.0,11.76,25.71,1.0,1.0,5.88,12.86,0.0,0.0,0.0,0.0,52.94,23.53,29.41,145.71,5.0,5.0,29.41,2.8,2.8,0.39,0.5,0.67,0.17,,0.1,0.0,1.0,0.0,0.75,5.88,11.76,0.06,0.0,0.0
4,高雄全家海神,110|116|12668|13275,胡瓏貿/呂威霆/歐提斯/吳彥侖,1,9,17.0,168.0,2.8,02:48,168.0,2.8,02:48,9.0,9.0,52.94,115.71,4.0,4.0,23.53,51.43,9.0,9.0,52.94,115.71,3.0,3.0,17.65,38.57,3.0,3.0,17.65,38.57,2.0,2.0,11.76,25.71,6.0,6.0,35.29,77.14,1.0,1.0,5.88,12.86,0.0,0.0,0.0,0.0,0.0,0.0,0.0,0.0,6.0,6.0,35.29,77.14,0.0,0.0,0.0,0.0,2.0,2.0,11.76,25.71,0.0,0.0,0.0,0.0,1.0,1.0,5.88,12.86,0.0,0.0,0.0,0.0,1.0,1.0,5.88,12.86,2.0,2.0,11.76,25.71,1.0,1.0,5.88,12.86,0.0,0.0,0.0,0.0,52.94,23.53,29.41,145.71,5.0,5.0,29.41,2.8,2.8,0.39,0.5,0.67,0.17,,0.1,0.0,1.0,0.0,0.75,5.88,11.76,0.06,0.0,0.0
4,高雄全家海神,110|121|12668|13275,胡瓏貿/吳曉謹/歐提斯/吳彥侖,2,16,26.0,241.6,4.03,04:02,120.8,2.01,02:01,13.0,6.5,50.0,116.22,10.0,5.0,38.46,89.4,11.0,5.5,42.31,98.34,4.0,2.0,15.38,35.76,4.0,2.0,15.38,35.76,2.0,1.0,7.69,17.88,7.0,3.5,26.92,62.58,2.0,1.0,7.69,17.88,2.0,1.0,7.69,17.88,1.0,0.5,3.85,8.94,7.0,3.5,26.92,62.58,0.0,0.0,0.0,0.0,3.0,1.5,11.54,26.82,0.0,0.0,0.0,0.0,2.0,1.0,7.69,17.88,1.0,0.5,3.85,8.94,2.0,1.0,7.69,17.88,2.0,1.0,7.69,17.88,2.0,1.0,7.69,17.88,3.0,1.5,11.54,26.82,50.0,38.46,11.54,154.96,3.0,1.5,11.54,4.03,2.01,0.45,0.55,0.5,0.29,0.5,0.14,0.25,1.0,0.0,0.7,7.69,7.69,0.08,11.54,0.18
4,高雄全家海神,110|111|116|10891,胡瓏貿/唐維傑/呂威霆/廖偉皓,1,4,4.0,57.06,0.95,00:57,57.06,0.95,00:57,0.0,0.0,0.0,0.0,0.0,0.0,0.0,0.0,0.0,0.0,0.0,0.0,0.0,0.0,0.0,0.0,0.0,0.0,0.0,0.0,0.0,0.0,0.0,0.0,0.0,0.0,0.0,0.0,0.0,0.0,0.0,0.0,4.0,4.0,100.0,151.42,2.0,2.0,50.0,75.71,0.0,0.0,0.0,0.0,1.0,1.0,25.0,37.85,0.0,0.0,0.0,0.0,2.0,2.0,50.0,75.71,1.0,1.0,25.0,37.85,1.0,1.0,25.0,37.85,1.0,1.0,25.0,37.85,0.0,0.0,0.0,0.0,1.0,1.0,25.0,37.85,0.0,0.0,0.0,0.0,0.0,0.0,0.0,100.95,0.0,0.0,0.0,0.95,0.95,,0.0,,,0.5,0.36,,0.0,1.0,0.33,25.0,0.0,0.25,0.0,
4,高雄全家海神,110|111|116|12668,胡瓏貿/唐維傑/呂威霆/歐提斯,1,4,4.0,57.06,0.95,00:57,57.06,0.95,00:57,0.0,0.0,0.0,0.0,0.0,0.0,0.0,0.0,0.0,0.0,0.0,0.0,0.0,0.0,0.0,0.0,0.0,0.0,0.0,0.0,0.0,0.0,0.0,0.0,0.0,0.0,0.0,0.0,0.0,0.0,0.0,0.0,4.0,4.0,100.0,151.42,2.0,2.0,50.0,75.71,0.0,0.0,0.0,0.0,1.0,1.0,25.0,37.85,0.0,0.0,0.0,0.0,2.0,2.0,50.0,75.71,1.0,1.0,25.0,37.85,1.0,1.0,25.0,37.85,1.0,1.0,25.0,37.85,0.0,0.0,0.0,0.0,1.0,1.0,25.0,37.85,0.0,0.0,0.0,0.0,0.0,0.0,0.0,100.95,0.0,0.0,0.0,0.95,0.95,,0.0,,,0.5,0.36,,0.0,1.0,0.33,25.0,0.0,0.25,0.0,
4,高雄全家海神,110|111|10891|12668,胡瓏貿/唐維傑/廖偉皓/歐提斯,1,4,4.0,57.06,0.95,00:57,57.06,0.95,00:57,0.0,0.0,0.0,0.0,0.0,0.0,0.0,0.0,0.0,0.0,0.0,0.0,0.0,0.0,0.0,0.0,0.0,0.0,0.0,0.0,0.0,0.0,0.0,0.0,0.0,0.0,0.0,0.0,0.0,0.0,0.0,0.0,4.0,4.0,100.0,151.42,2.0,2.0,50.0,75.71,0.0,0.0,0.0,0.0,1.0,1.0,25.0,37.85,0.0,0.0,0.0,0.0,2.0,2.0,50.0,75.71,1.0,1.0,25.0,37.85,1.0,1.0,25.0,37.85,1.0,1.0,25.0,37.85,0.0,0.0,0.0,0.0,1.0,1.0,25.0,37.85,0.0,0.0,0.0,0.0,0.0,0.0,0.0,100.95,0.0,0.0,0.0,0.95,0.95,,0.0,,,0.5,0.36,,0.0,1.0,0.33,25.0,0.0,0.25,0.0,
4,高雄全家海神,110|116|10891|12668,胡瓏貿/呂威霆/廖偉皓/歐提斯,1,4,4.0,57.06,0.95,00:57,57.06,0.95,00:57,0.0,0.0,0.0,0.0,0.0,0.0,0.0,0.0,0.0,0.0,0.0,0.0,0.0,0.0,0.0,0.0,0.0,0.0,0.0,0.0,0.0,0.0,0.0,0.0,0.0,0.0,0.0,0.0,0.0,0.0,0.0,0.0,4.0,4.0,100.0,151.42,2.0,2.0,50.0,75.71,0.0,0.0,0.0,0.0,1.0,1.0,25.0,37.85,0.0,0.0,0.0,0.0,2.0,2.0,50.0,75.71,1.0,1.0,25.0,37.85,1.0,1.0,25.0,37.85,1.0,1.0,25.0,37.85,0.0,0.0,0.0,0.0,1.0,1.0,25.0,37.85,0.0,0.0,0.0,0.0,0.0,0.0,0.0,100.95,0.0,0.0,0.0,0.95,0.95,,0.0,,,0.5,0.36,,0.0,1.0,0.33,25.0,0.0,0.25,0.0,
4,高雄全家海神,111|116|10891|12668,唐維傑/呂威霆/廖偉皓/歐提斯,1,4,4.0,57.06,0.95,00:57,57.06,0.95,00:57,0.0,0.0,0.0,0.0,0.0,0.0,0.0,0.0,0.0,0.0,0.0,0.0,0.0,0.0,0.0,0.0,0.0,0.0,0.0,0.0,0.0,0.0,0.0,0.0,0.0,0.0,0.0,0.0,0.0,0.0,0.0,0.0,4.0,4.0,100.0,151.42,2.0,2.0,50.0,75.71,0.0,0.0,0.0,0.0,1.0,1.0,25.0,37.85,0.0,0.0,0.0,0.0,2.0,2.0,50.0,75.71,1.0,1.0,25.0,37.85,1.0,1.0,25.0,37.85,1.0,1.0,25.0,37.85,0.0,0.0,0.0,0.0,1.0,1.0,25.0,37.85,0.0,0.0,0.0,0.0,0.0,0.0,0.0,100.95,0.0,0.0,0.0,0.95,0.95,,0.0,,,0.5,0.36,,0.0,1.0,0.33,25.0,0.0,0.25,0.0,
4,新竹御嵿攻城獅,75|80|84|10862,高國豪/田浩/李家瑞/提傑,1,4,4.0,57.06,0.95,00:57,57.06,0.95,00:57,0.0,0.0,0.0,0.0,0.0,0.0,0.0,0.0,2.0,2.0,50.0,75.71,0.0,0.0,0.0,0.0,1.0,1.0,25.0,37.85,0.0,0.0,0.0,0.0,1.0,1.0,25.0,37.85,0.0,0.0,0.0,0.0,0.0,0.0,0.0,0.0,0.0,0.0,0.0,0.0,0.0,0.0,0.0,0.0,2.0,2.0,50.0,75.71,0.0,0.0,0.0,0.0,1.0,1.0,25.0,37.85,0.0,0.0,0.0,0.0,0.0,0.0,0.0,0.0,0.0,0.0,0.0,0.0,0.0,0.0,0.0,0.0,0.0,0.0,0.0,0.0,4.0,4.0,100.0,151.42,0.0,0.0,0.0,100.95,0.0,0.0,0.0,0.95,0.95,0.0,0.0,0.0,0.0,,0.0,,0.0,1.0,0.67,0.0,0.0,0.0,100.0,0.0
4,新竹御嵿攻城獅,75|80|84|10886,高國豪/田浩/李家瑞/梁瀚,1,4,4.0,57.06,0.95,00:57,57.06,0.95,00:57,0.0,0.0,0.0,0.0,0.0,0.0,0.0,0.0,2.0,2.0,50.0,75.71,0.0,0.0,0.0,0.0,1.0,1.0,25.0,37.85,0.0,0.0,0.0,0.0,1.0,1.0,25.0,37.85,0.0,0.0,0.0,0.0,0.0,0.0,0.0,0.0,0.0,0.0,0.0,0.0,0.0,0.0,0.0,0.0,2.0,2.0,50.0,75.71,0.0,0.0,0.0,0.0,1.0,1.0,25.0,37.85,0.0,0.0,0.0,0.0,0.0,0.0,0.0,0.0,0.0,0.0,0.0,0.0,0.0,0.0,0.0,0.0,0.0,0.0,0.0,0.0,4.0,4.0,100.0,151.42,0.0,0.0,0.0,100.95,0.0,0.0,0.0,0.95,0.95,0.0,0.0,0.0,0.0,,0.0,,0.0,1.0,0.67,0.0,0.0,0.0,100.0,0.0
4,新竹御嵿攻城獅,75|80|10862|10886,高國豪/田浩/提傑/梁瀚,1,4,4.0,57.06,0.95,00:57,57.06,0.95,00:57,0.0,0.0,0.0,0.0,0.0,0.0,0.0,0.0,2.0,2.0,50.0,75.71,0.0,0.0,0.0,0.0,1.0,1.0,25.0,37.85,0.0,0.0,0.0,0.0,1.0,1.0,25.0,37.85,0.0,0.0,0.0,0.0,0.0,0.0,0.0,0.0,0.0,0.0,0.0,0.0,0.0,0.0,0.0,0.0,2.0,2.0,50.0,75.71,0.0,0.0,0.0,0.0,1.0,1.0,25.0,37.85,0.0,0.0,0.0,0.0,0.0,0.0,0.0,0.0,0.0,0.0,0.0,0.0,0.0,0.0,0.0,0.0,0.0,0.0,0.0,0.0,4.0,4.0,100.0,151.42,0.0,0.0,0.0,100.95,0.0,0.0,0.0,0.95,0.95,0.0,0.0,0.0,0.0,,0.0,,0.0,1.0,0.67,0.0,0.0,0.0,100.0,0.0
4,新竹御嵿攻城獅,75|84|10862|10886,高國豪/李家瑞/提傑/梁瀚,1,4,4.0,57.06,0.95,00:57,57.06,0.95,00:57,0.0,0.0,0.0,0.0,0.0,0.0,0.0,0.0,2.0,2.0,50.0,75.71,0.0,0.0,0.0,0.0,1.0,1.0,25.0,37.85,0.0,0.0,0.0,0.0,1.0,1.0,25.0,37.85,0.0,0.0,0.0,0.0,0.0,0.0,0.0,0.0,0.0,0.0,0.0,0.0,0.0,0.0,0.0,0.0,2.0,2.0,50.0,75.71,0.0,0.0,0.0,0.0,1.0,1.0,25.0,37.85,0.0,0.0,0.0,0.0,0.0,0.0,0.0,0.0,0.0,0.0,0.0,0.0,0.0,0.0,0.0,0.0,0.0,0.0,0.0,0.0,4.0,4.0,100.0,151.42,0.0,0.0,0.0,100.95,0.0,0.0,0.0,0.95,0.95,0.0,0.0,0.0,0.0,,0.0,,0.0,1.0,0.67,0.0,0.0,0.0,100.0,0.0
4,新竹御嵿攻城獅,80|84|10862|10886,田浩/李家瑞/提傑/梁瀚,1,4,4.0,57.06,0.95,00:57,57.06,0.95,00:57,0.0,0.0,0.0,0.0,0.0,0.0,0.0,0.0,2.0,2.0,50.0,75.71,0.0,0.0,0.0,0.0,1.0,1.0,25.0,37.85,0.0,0.0,0.0,0.0,1.0,1.0,25.0,37.85,0.0,0.0,0.0,0.0,0.0,0.0,0.0,0.0,0.0,0.0,0.0,0.0,0.0,0.0,0.0,0.0,2.0,2.0,50.0,75.71,0.0,0.0,0.0,0.0,1.0,1.0,25.0,37.85,0.0,0.0,0.0,0.0,0.0,0.0,0.0,0.0,0.0,0.0,0.0,0.0,0.0,0.0,0.0,0.0,0.0,0.0,0.0,0.0,4.0,4.0,100.0,151.42,0.0,0.0,0.0,100.95,0.0,0.0,0.0,0.95,0.95,0.0,0.0,0.0,0.0,,0.0,,0.0,1.0,0.67,0.0,0.0,0.0,100.0,0.0
4,臺北台新戰神,5|10|14|10865,黃聰翰/雷蒙恩/錢肯尼/謝銘駿,2,13,17.0,151.16,2.52,02:31,75.58,1.26,01:16,8.0,4.0,47.06,114.32,5.0,2.5,29.41,71.45,4.0,2.0,23.53,57.16,2.0,1.0,11.76,28.58,2.0,1.0,11.76,28.58,1.0,0.5,5.88,14.29,2.0,1.0,11.76,28.58,1.0,0.5,5.88,14.29,2.0,1.0,11.76,28.58,1.0,0.5,5.88,14.29,2.0,1.0,11.76,28.58,0.0,0.0,0.0,0.0,2.0,1.0,11.76,28.58,2.0,1.0,11.76,28.58,1.0,0.5,5.88,14.29,1.0,0.5,5.88,14.29,1.0,0.5,5.88,14.29,0.0,0.0,0.0,0.0,0.0,0.0,0.0,0.0,0.0,0.0,0.0,0.0,47.06,29.41,17.65,161.95,3.0,1.5,17.65,2.52,1.26,0.62,0.82,0.5,0.5,0.5,0.17,0.5,0.5,0.0,0.33,5.88,0.0,0.0,0.0,0.5
4,臺北台新戰神,5|11|14|13400,黃聰翰/蘇奕晉/錢肯尼/史東,1,3,6.0,73.0,1.22,01:13,73.0,1.22,01:13,0.0,0.0,0.0,0.0,4.0,4.0,66.67,118.36,1.0,1.0,16.67,29.59,1.0,1.0,16.67,29.59,1.0,1.0,16.67,29.59,1.0,1.0,16.67,29.59,0.0,0.0,0.0,0.0,0.0,0.0,0.0,0.0,0.0,0.0,0.0,0.0,0.0,0.0,0.0,0.0,0.0,0.0,0.0,0.0,0.0,0.0,0.0,0.0,3.0,3.0,50.0,88.77,0.0,0.0,0.0,0.0,1.0,1.0,16.67,29.59,0.0,0.0,0.0,0.0,1.0,1.0,16.67,29.59,0.0,0.0,0.0,0.0,0.0,0.0,0.0,0.0,0.0,0.0,0.0,0.0,0.0,66.67,-66.67,118.36,-4.0,-4.0,-66.67,1.22,1.22,1.0,0.0,1.0,,,0.5,0.0,,0.0,0.0,16.67,0.0,0.0,0.0,0.0
4,臺北台新戰神,5|11|10865|13400,黃聰翰/蘇奕晉/謝銘駿/史東,1,3,6.0,73.0,1.22,01:13,73.0,1.22,01:13,0.0,0.0,0.0,0.0,4.0,4.0,66.67,118.36,1.0,1.0,16.67,29.59,1.0,1.0,16.67,29.59,1.0,1.0,16.67,29.59,1.0,1.0,16.67,29.59,0.0,0.0,0.0,0.0,0.0,0.0,0.0,0.0,0.0,0.0,0.0,0.0,0.0,0.0,0.0,0.0,0.0,0.0,0.0,0.0,0.0,0.0,0.0,0.0,3.0,3.0,50.0,88.77,0.0,0.0,0.0,0.0,1.0,1.0,16.67,29.59,0.0,0.0,0.0,0.0,1.0,1.0,16.67,29.59,0.0,0.0,0.0,0.0,0.0,0.0,0.0,0.0,0.0,0.0,0.0,0.0,0.0,66.67,-66.67,118.36,-4.0,-4.0,-66.67,1.22,1.22,1.0,0.0,1.0,,,0.5,0.0,,0.0,0.0,16.67,0.0,0.0,0.0,0.0
4,臺北台新戰神,5|14|10865|13400,黃聰翰/錢肯尼/謝銘駿/史東,1,14,21.0,239.29,3.99,03:59,239.29,3.99,03:59,5.0,5.0,23.81,45.13,6.0,6.0,28.57,54.16,5.0,5.0,23.81,45.13,3.0,3.0,14.29,27.08,3.0,3.0,14.29,27.08,2.0,2.0,9.52,18.05,2.0,2.0,9.52,18.05,1.0,1.0,4.76,9.03,0.0,0.0,0.0,0.0,0.0,0.0,0.0,0.0,1.0,1.0,4.76,9.03,1.0,1.0,4.76,9.03,6.0,6.0,28.57,54.16,3.0,3.0,14.29,27.08,2.0,2.0,9.52,18.05,1.0,1.0,4.76,9.03,2.0,2.0,9.52,18.05,0.0,0.0,0.0,0.0,1.0,1.0,4.76,9.03,0.0,0.0,0.0,0.0,23.81,28.57,-4.76,126.38,-1.0,-1.0,-4.76,3.99,3.99,0.7,0.5,0.67,0.5,,0.29,0.33,0.25,0.14,0.18,9.52,0.0,0.05,0.0,0.0
4,臺北台新戰神,11|14|10865|13400,蘇奕晉/錢肯尼/謝銘駿/史東,1,3,6.0,73.0,1.22,01:13,73.0,1.22,01:13,0.0,0.0,0.0,0.0,4.0,4.0,66.67,118.36,1.0,1.0,16.67,29.59,1.0,1.0,16.67,29.59,1.0,1.0,16.67,29.59,1.0,1.0,16.67,29.59,0.0,0.0,0.0,0.0,0.0,0.0,0.0,0.0,0.0,0.0,0.0,0.0,0.0,0.0,0.0,0.0,0.0,0.0,0.0,0.0,0.0,0.0,0.0,0.0,3.0,3.0,50.0,88.77,0.0,0.0,0.0,0.0,1.0,1.0,16.67,29.59,0.0,0.0,0.0,0.0,1.0,1.0,16.67,29.59,0.0,0.0,0.0,0.0,0.0,0.0,0.0,0.0,0.0,0.0,0.0,0.0,0.0,66.67,-66.67,118.36,-4.0,-4.0,-66.67,1.22,1.22,1.0,0.0,1.0,,,0.5,0.0,,0.0,0.0,16.67,0.0,0.0,0.0,0.0
4,臺北台新戰神,1|4|10|14,丁聖儒/張兆辰/雷蒙恩/錢肯尼,1,6,6.0,92.88,1.55,01:33,92.88,1.55,01:33,3.0,3.0,50.0,69.77,7.0,7.0,116.67,162.79,2.0,2.0,33.33,46.51,1.0,1.0,16.67,23.26,1.0,1.0,16.67,23.26,1.0,1.0,16.67,23.26,1.0,1.0,16.67,23.26,0.0,0.0,0.0,0.0,0.0,0.0,0.0,0.0,0.0,0.0,0.0,0.0,0.0,0.0,0.0,0.0,1.0,1.0,16.67,23.26,0.0,0.0,0.0,0.0,0.0,0.0,0.0,0.0,1.0,1.0,16.67,23.26,0.0,0.0,0.0,0.0,0.0,0.0,0.0,0.0,0.0,0.0,0.0,0.0,1.0,1.0,16.67,23.26,1.0,1.0,16.67,23.26,50.0,116.67,-66.67,93.02,-4.0,-4.0,-66.67,1.55,1.55,0.5,0.75,1.0,0.0,,0.33,0.0,,1.0,1.0,0.0,0.0,0.17,16.67,0.0
4,臺北台新戰神,1|4|14|10869,丁聖儒/張兆辰/錢肯尼/基德,2,11,11.0,205.01,3.42,03:25,102.5,1.71,01:43,5.0,2.5,45.45,52.68,7.0,3.5,63.64,73.75,4.0,2.0,36.36,42.14,2.0,1.0,18.18,21.07,3.0,1.5,27.27,31.61,2.0,1.0,18.18,21.07,1.0,0.5,9.09,10.54,0.0,0.0,0.0,0.0,0.0,0.0,0.0,0.0,0.0,0.0,0.0,0.0,0.0,0.0,0.0,0.0,2.0,1.0,18.18,21.07,0.0,0.0,0.0,0.0,0.0,0.0,0.0,0.0,1.0,0.5,9.09,10.54,0.0,0.0,0.0,0.0,0.0,0.0,0.0,0.0,0.0,0.0,0.0,0.0,2.0,1.0,18.18,21.07,3.0,1.5,27.27,31.61,45.45,63.64,-18.18,77.27,-2.0,-1.0,-18.18,3.42,1.71,0.5,0.62,0.67,0.0,,0.2,0.0,,1.0,1.0,0.0,0.0,0.18,27.27,0.0
4,臺北台新戰神,5|10|10865|13400,黃聰翰/雷蒙恩/謝銘駿/史東,2,30,34.0,418.97,6.98,06:59,209.49,3.49,03:29,11.0,5.5,32.35,56.71,10.0,5.0,29.41,51.55,10.0,5.0,29.41,51.55,4.0,2.0,11.76,20.62,7.0,3.5,20.59,36.09,4.0,2.0,11.76,20.62,3.0,1.5,8.82,15.47,0.0,0.0,0.0,0.0,5.0,2.5,14.71,25.78,3.0,1.5,8.82,15.47,0.0,0.0,0.0,0.0,7.0,3.5,20.59,36.09,2.0,1.0,5.88,10.31,7.0,3.5,20.59,36.09,2.0,1.0,5.88,10.31,2.0,1.0,5.88,10.31,1.0,0.5,2.94,5.16,0.0,0.0,0.0,0.0,3.0,1.5,8.82,15.47,4.0,2.0,11.76,20.62,32.35,29.41,2.94,116.86,1.0,0.5,2.94,6.98,3.49,0.4,0.45,0.57,0.0,0.6,0.14,0.5,0.0,0.78,0.44,2.94,0.0,0.09,11.76,0.5
4,福爾摩沙夢想家,79|89|103|13906,張宗憲/蔣淯安/忻沃克/班提爾,14,655,778.0,11683.89,194.73,194:44,834.56,13.91,13:55,371.0,26.5,47.69,68.59,329.0,23.5,42.29,60.82,302.0,21.57,38.82,55.83,136.0,9.71,17.48,25.14,191.0,13.64,24.55,35.31,88.0,6.29,11.31,16.27,111.0,7.93,14.27,20.52,48.0,3.43,6.17,8.87,78.0,5.57,10.03,14.42,48.0,3.43,6.17,8.87,62.0,4.43,7.97,11.46,116.0,8.29,14.91,21.44,50.0,3.57,6.43,9.24,133.0,9.5,17.1,24.59,50.0,3.57,6.43,9.24,89.0,6.36,11.44,16.45,30.0,2.14,3.86,5.55,8.0,0.57,1.03,1.48,67.0,4.79,8.61,12.39,42.0,3.0,5.4,7.76,47.69,42.29,5.4,95.89,42.0,3.0,5.4,194.73,13.91,0.53,0.55,0.46,0.43,0.62,0.13,0.65,0.32,0.7,0.49,3.86,1.03,0.09,5.4,0.26
4,福爾摩沙夢想家,79|89|106|13906,張宗憲/蔣淯安/高柏鎧/班提爾,6,303,367.0,5574.6,92.91,92:55,929.1,15.48,15:29,163.0,27.17,44.41,63.16,157.0,26.17,42.78,60.83,135.0,22.5,36.78,52.31,60.0,10.0,16.35,23.25,87.0,14.5,23.71,33.71,40.0,6.67,10.9,15.5,48.0,8.0,13.08,18.6,20.0,3.33,5.45,7.75,34.0,5.67,9.26,13.17,23.0,3.83,6.27,8.91,31.0,5.17,8.45,12.01,46.0,7.67,12.53,17.82,25.0,4.17,6.81,9.69,65.0,10.83,17.71,25.19,29.0,4.83,7.9,11.24,34.0,5.67,9.26,13.17,14.0,2.33,3.81,5.42,3.0,0.5,0.82,1.16,31.0,5.17,8.45,12.01,23.0,3.83,6.27,8.91,44.41,42.78,1.63,94.8,6.0,1.0,1.63,92.91,15.48,0.52,0.54,0.46,0.42,0.68,0.16,0.57,0.32,0.65,0.46,3.81,0.82,0.08,6.27,0.25
4,福爾摩沙夢想家,79|103|106|13906,張宗憲/忻沃克/高柏鎧/班提爾,6,238,296.0,4612.53,76.88,76:53,768.76,12.81,12:49,127.0,21.17,42.91,59.47,124.0,20.67,41.89,58.07,111.0,18.5,37.5,51.98,47.0,7.83,15.88,22.01,73.0,12.17,24.66,34.19,31.0,5.17,10.47,14.52,38.0,6.33,12.84,17.79,16.0,2.67,5.41,7.49,24.0,4.0,8.11,11.24,17.0,2.83,5.74,7.96,28.0,4.67,9.46,13.11,39.0,6.5,13.18,18.26,23.0,3.83,7.77,10.77,53.0,8.83,17.91,24.82,24.0,4.0,8.11,11.24,24.0,4.0,8.11,11.24,13.0,2.17,4.39,6.09,2.0,0.33,0.68,0.94,24.0,4.0,8.11,11.24,14.0,2.33,4.73,6.56,42.91,41.89,1.01,92.41,3.0,0.5,1.01,76.88,12.81,0.5,0.52,0.42,0.42,0.71,0.16,0.51,0.35,0.63,0.47,4.39,0.68,0.08,4.73,0.22
4,福爾摩沙夢想家,89|103|106|13906,蔣淯安/忻沃克/高柏鎧/班提爾,7,308,378.0,5688.28,94.8,94:48,812.61,13.54,13:33,166.0,23.71,43.92,63.03,149.0,21.29,39.42,56.58,144.0,20.57,38.1,54.68,61.0,8.71,16.14,23.16,85.0,12.14,22.49,32.28,38.0,5.43,10.05,14.43,59.0,8.43,15.61,22.4,23.0,3.29,6.08,8.73,29.0,4.14,7.67,11.01,21.0,3.0,5.56,7.97,35.0,5.0,9.26,13.29,51.0,7.29,13.49,19.37,28.0,4.0,7.41,10.63,71.0,10.14,18.78,26.96,30.0,4.29,7.94,11.39,32.0,4.57,8.47,12.15,17.0,2.43,4.5,6.46,3.0,0.43,0.79,1.14,32.0,4.57,8.47,12.15,22.0,3.14,5.82,8.35,43.92,39.42,4.5,95.69,17.0,2.43,4.5,94.8,13.54,0.5,0.53,0.45,0.39,0.72,0.16,0.52,0.33,0.65,0.46,4.5,0.79,0.08,5.82,0.2
4,新北國王,29|32|10874|10875,林書緯/奧帝/熊祥泰/傑登,2,51,57.0,812.76,13.55,13:33,406.38,6.77,06:46,20.0,10.0,35.09,53.15,35.0,17.5,61.4,93.02,25.0,12.5,43.86,66.44,8.0,4.0,14.04,21.26,13.0,6.5,22.81,34.55,5.0,2.5,8.77,13.29,12.0,6.0,21.05,31.89,3.0,1.5,5.26,7.97,2.0,1.0,3.51,5.32,1.0,0.5,1.75,2.66,5.0,2.5,8.77,13.29,13.0,6.5,22.81,34.55,2.0,1.0,3.51,5.32,7.0,3.5,12.28,18.6,4.0,2.0,7.02,10.63,5.0,2.5,8.77,13.29,3.0,1.5,5.26,7.97,0.0,0.0,0.0,0.0,3.0,1.5,5.26,7.97,9.0,4.5,15.79,23.92,35.09,61.4,-26.32,100.99,-15.0,-7.5,-26.32,13.55,6.77,0.38,0.39,0.38,0.25,0.5,0.13,0.62,0.42,0.87,0.67,5.26,0.0,0.05,15.79,0.08
4,福爾摩沙夢想家,77|89|103|13906,馬建豪/蔣淯安/忻沃克/班提爾,7,162,197.0,2624.35,43.74,43:44,374.91,6.25,06:15,91.0,13.0,46.19,74.9,83.0,11.86,42.13,68.31,77.0,11.0,39.09,63.38,28.0,4.0,14.21,23.05,36.0,5.14,18.27,29.63,16.0,2.29,8.12,13.17,41.0,5.86,20.81,33.75,12.0,1.71,6.09,9.88,28.0,4.0,14.21,23.05,23.0,3.29,11.68,18.93,16.0,2.29,8.12,13.17,34.0,4.86,17.26,27.98,11.0,1.57,5.58,9.05,35.0,5.0,17.77,28.81,12.0,1.71,6.09,9.88,17.0,2.43,8.63,13.99,6.0,0.86,3.05,4.94,3.0,0.43,1.52,2.47,24.0,3.43,12.18,19.75,19.0,2.71,9.64,15.64,46.19,42.13,4.06,108.1,8.0,1.14,4.06,43.74,6.25,0.44,0.51,0.44,0.29,0.82,0.12,0.61,0.31,0.76,0.52,3.05,1.52,0.12,9.64,0.36
4,福爾摩沙夢想家,77|89|13777|13906,馬建豪/蔣淯安/布依德/班提爾,6,169,203.0,2694.12,44.9,44:54,449.02,7.48,07:29,82.0,13.67,40.39,65.74,93.0,15.5,45.81,74.56,72.0,12.0,35.47,57.73,29.0,4.83,14.29,23.25,43.0,7.17,21.18,34.48,21.0,3.5,10.34,16.84,29.0,4.83,14.29,23.25,8.0,1.33,3.94,6.41,24.0,4.0,11.82,19.24,19.0,3.17,9.36,15.23,12.0,2.0,5.91,9.62,33.0,5.5,16.26,26.46,15.0,2.5,7.39,12.03,27.0,4.5,13.3,21.65,12.0,2.0,5.91,9.62,12.0,2.0,5.91,9.62,6.0,1.0,2.96,4.81,3.0,0.5,1.48,2.41,21.0,3.5,10.34,16.84,15.0,2.5,7.39,12.03,40.39,45.81,-5.42,108.5,-11.0,-1.83,-5.42,44.9,7.48,0.46,0.5,0.49,0.28,0.79,0.13,0.41,0.31,0.69,0.52,2.96,1.48,0.1,7.39,0.33
4,福爾摩沙夢想家,77|103|13777|13906,馬建豪/忻沃克/布依德/班提爾,6,117,147.0,1898.95,31.65,31:39,316.49,5.27,05:16,69.0,11.5,46.94,78.49,73.0,12.17,49.66,83.04,55.0,9.17,37.41,62.56,22.0,3.67,14.97,25.02,29.0,4.83,19.73,32.99,13.0,2.17,8.84,14.79,26.0,4.33,17.69,29.57,9.0,1.5,6.12,10.24,19.0,3.17,12.93,21.61,16.0,2.67,10.88,18.2,12.0,2.0,8.16,13.65,21.0,3.5,14.29,23.89,12.0,2.0,8.16,13.65,15.0,2.5,10.2,17.06,9.0,1.5,6.12,10.24,13.0,2.17,8.84,14.79,3.0,0.5,2.04,3.41,4.0,0.67,2.72,4.55,15.0,2.5,10.2,17.06,21.0,3.5,14.29,23.89,46.94,49.66,-2.72,111.47,-4.0,-0.67,-2.72,31.65,5.27,0.48,0.54,0.45,0.35,0.84,0.12,0.59,0.44,0.64,0.55,2.04,2.72,0.1,14.29,0.35
4,福爾摩沙夢想家,89|103|13777|13906,蔣淯安/忻沃克/布依德/班提爾,6,156,185.0,2593.44,43.22,43:13,432.24,7.2,07:12,91.0,15.17,49.19,75.79,100.0,16.67,54.05,83.29,71.0,11.83,38.38,59.13,30.0,5.0,16.22,24.99,40.0,6.67,21.62,33.31,19.0,3.17,10.27,15.82,31.0,5.17,16.76,25.82,11.0,1.83,5.95,9.16,23.0,3.83,12.43,19.16,17.0,2.83,9.19,14.16,13.0,2.17,7.03,10.83,31.0,5.17,16.76,25.82,11.0,1.83,5.95,9.16,23.0,3.83,12.43,19.16,11.0,1.83,5.95,9.16,19.0,3.17,10.27,15.82,4.0,0.67,2.16,3.33,3.0,0.5,1.62,2.5,18.0,3.0,9.73,14.99,17.0,2.83,9.19,14.16,49.19,54.05,-4.86,102.72,-9.0,-1.5,-4.86,43.22,7.2,0.5,0.56,0.48,0.35,0.74,0.12,0.63,0.36,0.74,0.56,2.16,1.62,0.1,9.19,0.32
4,福爾摩沙夢想家,77|79|89|13906,馬建豪/張宗憲/蔣淯安/班提爾,6,142,160.0,2043.44,34.06,34:03,340.57,5.68,05:41,75.0,12.5,46.88,79.28,66.0,11.0,41.25,69.76,57.0,9.5,35.62,60.25,28.0,4.67,17.5,29.6,38.0,6.33,23.75,40.17,21.0,3.5,13.12,22.2,19.0,3.17,11.88,20.08,7.0,1.17,4.38,7.4,22.0,3.67,13.75,23.25,15.0,2.5,9.38,15.86,9.0,1.5,5.62,9.51,19.0,3.17,11.88,20.08,3.0,0.5,1.88,3.17,33.0,5.5,20.62,34.88,9.0,1.5,5.62,9.51,15.0,2.5,9.38,15.86,2.0,0.33,1.25,2.11,2.0,0.33,1.25,2.11,19.0,3.17,11.88,20.08,13.0,2.17,8.12,13.74,46.88,41.25,5.62,112.75,9.0,1.5,5.62,34.06,5.68,0.55,0.56,0.55,0.37,0.68,0.12,0.54,0.21,0.86,0.44,1.25,1.25,0.12,8.12,0.39
4,福爾摩沙夢想家,77|79|13777|13906,馬建豪/張宗憲/布依德/班提爾,5,67,77.0,1001.83,16.7,16:42,200.37,3.34,03:20,40.0,8.0,51.95,86.24,30.0,6.0,38.96,64.68,29.0,5.8,37.66,62.53,18.0,3.6,23.38,38.81,19.0,3.8,24.68,40.96,14.0,2.8,18.18,30.18,10.0,2.0,12.99,21.56,4.0,0.8,5.19,8.62,5.0,1.0,6.49,10.78,3.0,0.6,3.9,6.47,3.0,0.6,3.9,6.47,10.0,2.0,12.99,21.56,5.0,1.0,6.49,10.78,17.0,3.4,22.08,36.65,2.0,0.4,2.6,4.31,8.0,1.6,10.39,17.25,1.0,0.2,1.3,2.16,0.0,0.0,0.0,0.0,7.0,1.4,9.09,15.09,4.0,0.8,5.19,8.62,51.95,38.96,12.99,110.68,10.0,2.0,12.99,16.7,3.34,0.69,0.64,0.74,0.4,0.6,0.06,0.44,0.15,0.67,0.37,1.3,0.0,0.09,5.19,0.17
4,福爾摩沙夢想家,79|89|13777|13906,張宗憲/蔣淯安/布依德/班提爾,5,123,142.0,1904.82,31.75,31:45,380.96,6.35,06:21,75.0,15.0,52.82,85.05,66.0,13.2,46.48,74.84,55.0,11.0,38.73,62.37,30.0,6.0,21.13,34.02,33.0,6.6,23.24,37.42,21.0,4.2,14.79,23.81,22.0,4.4,15.49,24.95,9.0,1.8,6.34,10.21,9.0,1.8,6.34,10.21,6.0,1.2,4.23,6.8,8.0,1.6,5.63,9.07,19.0,3.8,13.38,21.55,10.0,2.0,7.04,11.34,27.0,5.4,19.01,30.62,5.0,1.0,3.52,5.67,16.0,3.2,11.27,18.14,2.0,0.4,1.41,2.27,1.0,0.2,0.7,1.13,8.0,1.6,5.63,9.07,7.0,1.4,4.93,7.94,52.82,46.48,6.34,107.35,9.0,1.8,6.34,31.75,6.35,0.63,0.64,0.64,0.41,0.67,0.08,0.53,0.23,0.66,0.42,1.41,0.7,0.06,4.93,0.16
4,福爾摩沙夢想家,77|79|86|13906,馬建豪/張宗憲/林俊吉/班提爾,2,31,37.0,437.97,7.3,07:18,218.99,3.65,03:39,18.0,9.0,48.65,88.77,17.0,8.5,45.95,83.84,11.0,5.5,29.73,54.25,6.0,3.0,16.22,29.59,8.0,4.0,21.62,39.45,4.0,2.0,10.81,19.73,3.0,1.5,8.11,14.8,2.0,1.0,5.41,9.86,7.0,3.5,18.92,34.52,4.0,2.0,10.81,19.73,1.0,0.5,2.7,4.93,8.0,4.0,21.62,39.45,2.0,1.0,5.41,9.86,5.0,2.5,13.51,24.66,3.0,1.5,8.11,14.8,3.0,1.5,8.11,14.8,1.0,0.5,2.7,4.93,1.0,0.5,2.7,4.93,4.0,2.0,10.81,19.73,3.0,1.5,8.11,14.8,48.65,45.95,2.7,121.65,1.0,0.5,2.7,7.3,3.65,0.64,0.64,0.5,0.67,0.57,0.18,0.5,0.17,0.8,0.56,2.7,2.7,0.11,8.11,0.64
4,福爾摩沙夢想家,77|79|106|13906,馬建豪/張宗憲/高柏鎧/班提爾,4,68,74.0,924.12,15.4,15:24,231.03,3.85,03:51,33.0,8.25,44.59,77.13,31.0,7.75,41.89,72.46,24.0,6.0,32.43,56.1,10.0,2.5,13.51,23.37,16.0,4.0,21.62,37.4,8.0,2.0,10.81,18.7,8.0,2.0,10.81,18.7,2.0,0.5,2.7,4.67,16.0,4.0,21.62,37.4,11.0,2.75,14.86,25.71,4.0,1.0,5.41,9.35,11.0,2.75,14.86,25.71,0.0,0.0,0.0,0.0,14.0,3.5,18.92,32.72,5.0,1.25,6.76,11.69,6.0,1.5,8.11,14.02,1.0,0.25,1.35,2.34,2.0,0.5,2.7,4.67,9.0,2.25,12.16,21.04,6.0,1.5,8.11,14.02,44.59,41.89,2.7,115.31,2.0,0.5,2.7,15.4,3.85,0.46,0.53,0.5,0.25,0.69,0.14,0.6,0.22,1.0,0.52,1.35,2.7,0.12,8.11,0.67
4,福爾摩沙夢想家,77|86|106|13906,馬建豪/林俊吉/高柏鎧/班提爾,3,62,79.0,959.51,15.99,16:00,319.84,5.33,05:20,35.0,11.67,44.3,78.79,21.0,7.0,26.58,47.27,28.0,9.33,35.44,63.03,10.0,3.33,12.66,22.51,18.0,6.0,22.78,40.52,7.0,2.33,8.86,15.76,10.0,3.33,12.66,22.51,3.0,1.0,3.8,6.75,15.0,5.0,18.99,33.77,12.0,4.0,15.19,27.01,7.0,2.33,8.86,15.76,15.0,5.0,18.99,33.77,4.0,1.33,5.06,9.0,12.0,4.0,15.19,27.01,4.0,1.33,5.06,9.0,3.0,1.0,3.8,6.75,3.0,1.0,3.8,6.75,2.0,0.67,2.53,4.5,10.0,3.33,12.66,22.51,2.0,0.67,2.53,4.5,44.3,26.58,17.72,118.56,14.0,4.67,17.72,15.99,5.33,0.41,0.51,0.39,0.3,0.8,0.1,0.3,0.37,0.79,0.58,3.8,2.53,0.13,2.53,0.54
4,福爾摩沙夢想家,79|86|106|13906,張宗憲/林俊吉/高柏鎧/班提爾,2,12,14.0,154.47,2.57,02:34,77.24,1.29,01:17,8.0,4.0,57.14,111.86,6.0,3.0,42.86,83.9,4.0,2.0,28.57,55.93,1.0,0.5,7.14,13.98,3.0,1.5,21.43,41.95,0.0,0.0,0.0,0.0,1.0,0.5,7.14,13.98,1.0,0.5,7.14,13.98,6.0,3.0,42.86,83.9,5.0,2.5,35.71,69.92,1.0,0.5,7.14,13.98,4.0,2.0,28.57,55.93,0.0,0.0,0.0,0.0,2.0,1.0,14.29,27.97,0.0,0.0,0.0,0.0,0.0,0.0,0.0,0.0,0.0,0.0,0.0,0.0,1.0,0.5,7.14,13.98,2.0,1.0,14.29,27.97,0.0,0.0,0.0,0.0,57.14,42.86,14.29,130.51,2.0,1.0,14.29,2.57,1.29,0.38,0.6,0.0,1.0,0.83,0.0,0.0,0.33,1.0,0.71,0.0,7.14,0.14,0.0,1.5
4,福爾摩沙夢想家,86|99|103|13906,林俊吉/盧冠良/忻沃克/班提爾,8,67,87.0,1090.24,18.17,18:10,136.28,2.27,02:16,48.0,6.0,55.17,95.1,38.0,4.75,43.68,75.29,34.0,4.25,39.08,67.36,16.0,2.0,18.39,31.7,19.0,2.38,21.84,37.64,9.0,1.12,10.34,17.83,15.0,1.88,17.24,29.72,7.0,0.88,8.05,13.87,12.0,1.5,13.79,23.77,10.0,1.25,11.49,19.81,9.0,1.12,10.34,17.83,9.0,1.12,10.34,17.83,4.0,0.5,4.6,7.92,12.0,1.5,13.79,23.77,7.0,0.88,8.05,13.87,9.0,1.12,10.34,17.83,4.0,0.5,4.6,7.92,0.0,0.0,0.0,0.0,16.0,2.0,18.39,31.7,8.0,1.0,9.2,15.85,55.17,43.68,11.49,114.91,10.0,1.25,11.49,18.17,2.27,0.57,0.61,0.47,0.47,0.83,0.15,0.56,0.43,0.69,0.53,4.6,0.0,0.18,9.2,0.35
4,福爾摩沙夢想家,86|99|106|13906,林俊吉/盧冠良/高柏鎧/班提爾,3,25,30.0,383.55,6.39,06:24,127.85,2.13,02:08,10.0,3.33,33.33,56.32,12.0,4.0,40.0,67.58,12.0,4.0,40.0,67.58,3.0,1.0,10.0,16.89,5.0,1.67,16.67,28.16,3.0,1.0,10.0,16.89,7.0,2.33,23.33,39.42,0.0,0.0,0.0,0.0,4.0,1.33,13.33,22.53,4.0,1.33,13.33,22.53,3.0,1.0,10.0,16.89,6.0,2.0,20.0,33.79,0.0,0.0,0.0,0.0,6.0,2.0,20.0,33.79,2.0,0.67,6.67,11.26,1.0,0.33,3.33,5.63,0.0,0.0,0.0,0.0,0.0,0.0,0.0,0.0,3.0,1.0,10.0,16.89,2.0,0.67,6.67,11.26,33.33,40.0,-6.67,112.63,-2.0,-0.67,-6.67,6.39,2.13,0.25,0.36,0.6,0.0,1.0,0.13,0.33,0.33,1.0,0.6,0.0,0.0,0.1,6.67,0.33
4,福爾摩沙夢想家,86|103|106|13906,林俊吉/忻沃克/高柏鎧/班提爾,3,22,28.0,408.64,6.81,06:49,136.21,2.27,02:16,17.0,5.67,60.71,89.86,10.0,3.33,35.71,52.86,12.0,4.0,42.86,63.43,5.0,1.67,17.86,26.43,8.0,2.67,28.57,42.29,4.0,1.33,14.29,21.14,4.0,1.33,14.29,21.14,1.0,0.33,3.57,5.29,6.0,2.0,21.43,31.71,6.0,2.0,21.43,31.71,4.0,1.33,14.29,21.14,3.0,1.0,10.71,15.86,1.0,0.33,3.57,5.29,4.0,1.33,14.29,21.14,1.0,0.33,3.57,5.29,1.0,0.33,3.57,5.29,1.0,0.33,3.57,5.29,0.0,0.0,0.0,0.0,7.0,2.33,25.0,37.0,2.0,0.67,7.14,10.57,60.71,35.71,25.0,98.67,7.0,2.33,25.0,6.81,2.27,0.46,0.58,0.5,0.25,1.0,0.06,0.2,0.5,0.75,0.58,3.57,0.0,0.25,7.14,0.5
4,福爾摩沙夢想家,99|103|106|13906,盧冠良/忻沃克/高柏鎧/班提爾,1,8,9.0,132.08,2.2,02:12,132.08,2.2,02:12,6.0,6.0,66.67,98.13,8.0,8.0,88.89,130.83,4.0,4.0,44.44,65.42,2.0,2.0,22.22,32.71,2.0,2.0,22.22,32.71,2.0,2.0,22.22,32.71,2.0,2.0,22.22,32.71,0.0,0.0,0.0,0.0,2.0,2.0,22.22,32.71,2.0,2.0,22.22,32.71,1.0,1.0,11.11,16.35,1.0,1.0,11.11,16.35,0.0,0.0,0.0,0.0,1.0,1.0,11.11,16.35,0.0,0.0,0.0,0.0,1.0,1.0,11.11,16.35,0.0,0.0,0.0,0.0,0.0,0.0,0.0,0.0,3.0,3.0,33.33,49.06,0.0,0.0,0.0,0.0,66.67,88.89,-22.22,98.13,-2.0,-2.0,-22.22,2.2,2.2,0.5,0.61,1.0,0.0,1.0,0.0,0.5,0.5,1.0,0.67,0.0,0.0,0.33,0.0,0.5
4,福爾摩沙夢想家,86|89|103|106,林俊吉/蔣淯安/忻沃克/高柏鎧,3,8,10.0,135.34,2.26,02:15,45.11,0.75,00:45,13.0,4.33,130.0,207.47,2.0,0.67,20.0,31.92,5.0,1.67,50.0,79.8,4.0,1.33,40.0,63.84,2.0,0.67,20.0,31.92,1.0,0.33,10.0,15.96,3.0,1.0,30.0,47.88,3.0,1.0,30.0,47.88,0.0,0.0,0.0,0.0,0.0,0.0,0.0,0.0,1.0,0.33,10.0,15.96,0.0,0.0,0.0,0.0,1.0,0.33,10.0,15.96,0.0,0.0,0.0,0.0,0.0,0.0,0.0,0.0,1.0,0.33,10.0,15.96,0.0,0.0,0.0,0.0,0.0,0.0,0.0,0.0,1.0,0.33,10.0,15.96,4.0,1.33,40.0,63.84,130.0,20.0,110.0,106.4,11.0,3.67,110.0,2.26,0.75,1.1,1.3,0.5,1.0,,0.0,0.25,1.0,0.0,0.5,0.0,0.0,0.1,40.0,0.0
4,福爾摩沙夢想家,86|89|103|13906,林俊吉/蔣淯安/忻沃克/班提爾,6,67,80.0,1445.77,24.1,24:06,240.96,4.02,04:01,42.0,7.0,52.5,62.75,31.0,5.17,38.75,46.31,27.0,4.5,33.75,40.34,14.0,2.33,17.5,20.92,14.0,2.33,17.5,20.92,10.0,1.67,12.5,14.94,13.0,2.17,16.25,19.42,4.0,0.67,5.0,5.98,11.0,1.83,13.75,16.43,10.0,1.67,12.5,14.94,3.0,0.5,3.75,4.48,10.0,1.67,12.5,14.94,5.0,0.83,6.25,7.47,13.0,2.17,16.25,19.42,7.0,1.17,8.75,10.46,5.0,0.83,6.25,7.47,3.0,0.5,3.75,4.48,0.0,0.0,0.0,0.0,8.0,1.33,10.0,11.95,8.0,1.33,10.0,11.95,52.5,38.75,13.75,79.68,11.0,1.83,13.75,24.1,4.02,0.59,0.66,0.71,0.31,0.91,0.18,0.36,0.19,0.67,0.42,3.75,0.0,0.1,10.0,0.41
4,福爾摩沙夢想家,86|89|106|13906,林俊吉/蔣淯安/高柏鎧/班提爾,3,24,33.0,372.0,6.2,06:12,124.0,2.07,02:04,14.0,4.67,42.42,81.29,8.0,2.67,24.24,46.45,7.0,2.33,21.21,40.65,4.0,1.33,12.12,23.23,4.0,1.33,12.12,23.23,3.0,1.0,9.09,17.42,3.0,1.0,9.09,17.42,1.0,0.33,3.03,5.81,7.0,2.33,21.21,40.65,5.0,1.67,15.15,29.03,0.0,0.0,0.0,0.0,5.0,1.67,15.15,29.03,4.0,1.33,12.12,23.23,4.0,1.33,12.12,23.23,3.0,1.0,9.09,17.42,1.0,0.33,3.03,5.81,2.0,0.67,6.06,11.61,1.0,0.33,3.03,5.81,5.0,1.67,15.15,29.03,0.0,0.0,0.0,0.0,42.42,24.24,18.18,127.74,6.0,2.0,18.18,6.2,2.07,0.64,0.69,0.75,0.33,0.71,0.23,0.25,0.0,0.56,0.38,6.06,3.03,0.15,0.0,1.0
4,福爾摩沙夢想家,86|89|13777|13906,林俊吉/蔣淯安/布依德/班提爾,3,30,36.0,492.31,8.21,08:12,164.1,2.74,02:44,13.0,4.33,36.11,57.04,15.0,5.0,41.67,65.81,11.0,3.67,30.56,48.26,5.0,1.67,13.89,21.94,7.0,2.33,19.44,30.71,3.0,1.0,8.33,13.16,4.0,1.33,11.11,17.55,2.0,0.67,5.56,8.77,1.0,0.33,2.78,4.39,1.0,0.33,2.78,4.39,2.0,0.67,5.56,8.77,4.0,1.33,11.11,17.55,2.0,0.67,5.56,8.77,4.0,1.33,11.11,17.55,5.0,1.67,13.89,21.94,3.0,1.0,8.33,13.16,3.0,1.0,8.33,13.16,1.0,0.33,2.78,4.39,3.0,1.0,8.33,13.16,0.0,0.0,0.0,0.0,36.11,41.67,-5.56,105.3,-2.0,-0.67,-5.56,8.21,2.74,0.55,0.57,0.43,0.5,1.0,0.3,0.6,0.33,0.67,0.5,8.33,2.78,0.08,0.0,0.09
4,福爾摩沙夢想家,86|103|13777|13906,林俊吉/忻沃克/布依德/班提爾,4,58,74.0,869.95,14.5,14:30,217.49,3.62,03:37,33.0,8.25,44.59,81.94,29.0,7.25,39.19,72.0,25.0,6.25,33.78,62.07,10.0,2.5,13.51,24.83,12.0,3.0,16.22,29.79,6.0,1.5,8.11,14.9,13.0,3.25,17.57,32.28,4.0,1.0,5.41,9.93,10.0,2.5,13.51,24.83,7.0,1.75,9.46,17.38,7.0,1.75,9.46,17.38,10.0,2.5,13.51,24.83,6.0,1.5,8.11,14.9,10.0,2.5,13.51,24.83,4.0,1.0,5.41,9.93,10.0,2.5,13.51,24.83,1.0,0.25,1.35,2.48,0.0,0.0,0.0,0.0,11.0,2.75,14.86,27.31,18.0,4.5,24.32,44.69,44.59,39.19,5.41,122.49,4.0,1.0,5.41,14.5,3.62,0.48,0.56,0.5,0.31,0.7,0.12,1.0,0.41,0.62,0.52,1.35,0.0,0.15,24.32,0.4
4,新北國王,22|24|32|13029,簡祐哲/蘇士軒/奧帝/杰倫,1,18,21.0,279.05,4.65,04:39,279.05,4.65,04:39,7.0,7.0,33.33,54.18,11.0,11.0,52.38,85.15,10.0,10.0,47.62,77.41,2.0,2.0,9.52,15.48,5.0,5.0,23.81,38.7,1.0,1.0,4.76,7.74,5.0,5.0,23.81,38.7,1.0,1.0,4.76,7.74,2.0,2.0,9.52,15.48,2.0,2.0,9.52,15.48,2.0,2.0,9.52,15.48,6.0,6.0,28.57,46.44,0.0,0.0,0.0,0.0,3.0,3.0,14.29,23.22,1.0,1.0,4.76,7.74,1.0,1.0,4.76,7.74,1.0,1.0,4.76,7.74,2.0,2.0,9.52,15.48,2.0,2.0,9.52,15.48,2.0,2.0,9.52,15.48,33.33,52.38,-19.05,108.37,-4.0,-4.0,-19.05,4.65,4.65,0.25,0.32,0.2,0.2,1.0,0.08,0.5,0.4,1.0,0.73,4.76,9.52,0.1,9.52,0.2
4,新北國王,22|32|10872|13029,簡祐哲/奧帝/林彥廷/杰倫,1,15,18.0,245.05,4.08,04:05,245.05,4.08,04:05,5.0,5.0,27.78,44.07,11.0,11.0,61.11,96.96,9.0,9.0,50.0,79.33,2.0,2.0,11.11,17.63,5.0,5.0,27.78,44.07,1.0,1.0,5.56,8.81,4.0,4.0,22.22,35.26,1.0,1.0,5.56,8.81,0.0,0.0,0.0,0.0,0.0,0.0,0.0,0.0,2.0,2.0,11.11,17.63,5.0,5.0,27.78,44.07,0.0,0.0,0.0,0.0,2.0,2.0,11.11,17.63,1.0,1.0,5.56,8.81,1.0,1.0,5.56,8.81,1.0,1.0,5.56,8.81,2.0,2.0,11.11,17.63,1.0,1.0,5.56,8.81,2.0,2.0,11.11,17.63,27.78,61.11,-33.33,105.77,-6.0,-6.0,-33.33,4.08,4.08,0.28,0.28,0.2,0.25,,0.1,0.5,0.5,1.0,0.78,5.56,11.11,0.06,11.11,0.0
4,新北國王,22|29|32|10875,簡祐哲/林書緯/奧帝/傑登,2,22,27.0,337.17,5.62,05:37,168.59,2.81,02:49,7.0,3.5,25.93,44.84,11.0,5.5,40.74,70.47,9.0,4.5,33.33,57.66,3.0,1.5,11.11,19.22,5.0,2.5,18.52,32.03,2.0,1.0,7.41,12.81,4.0,2.0,14.81,25.62,1.0,0.5,3.7,6.41,0.0,0.0,0.0,0.0,0.0,0.0,0.0,0.0,3.0,1.5,11.11,19.22,3.0,1.5,11.11,19.22,2.0,1.0,7.41,12.81,2.0,1.0,7.41,12.81,3.0,1.5,11.11,19.22,2.0,1.0,7.41,12.81,2.0,1.0,7.41,12.81,0.0,0.0,0.0,0.0,2.0,1.0,7.41,12.81,6.0,3.0,22.22,38.44,25.93,40.74,-14.81,115.31,-4.0,-2.0,-14.81,5.62,2.81,0.39,0.39,0.4,0.25,,0.25,0.67,0.6,0.6,0.6,7.41,0.0,0.07,22.22,0.0
4,福爾摩沙夢想家,77|89|106|13906,馬建豪/蔣淯安/高柏鎧/班提爾,5,163,188.0,2367.58,39.46,39:28,473.52,7.89,07:54,79.0,15.8,42.02,72.07,73.0,14.6,38.83,66.6,66.0,13.2,35.11,60.21,26.0,5.2,13.83,23.72,34.0,6.8,18.09,31.02,18.0,3.6,9.57,16.42,32.0,6.4,17.02,29.19,8.0,1.6,4.26,7.3,26.0,5.2,13.83,23.72,19.0,3.8,10.11,17.33,11.0,2.2,5.85,10.04,30.0,6.0,15.96,27.37,6.0,1.2,3.19,5.47,40.0,8.0,21.28,36.49,16.0,3.2,8.51,14.6,15.0,3.0,7.98,13.68,8.0,1.6,4.26,7.3,3.0,0.6,1.6,2.74,23.0,4.6,12.23,20.98,14.0,2.8,7.45,12.77,42.02,38.83,3.19,114.34,6.0,1.2,3.19,39.46,7.89,0.45,0.51,0.53,0.25,0.73,0.17,0.58,0.22,0.83,0.47,4.26,1.6,0.12,7.45,0.39
4,新北國王,29|32|10872|10873,林書緯/奧帝/林彥廷/喬納森,4,30,35.0,500.21,8.34,08:20,125.05,2.08,02:05,15.0,3.75,42.86,64.77,23.0,5.75,65.71,99.32,12.0,3.0,34.29,51.82,5.0,1.25,14.29,21.59,5.0,1.25,14.29,21.59,1.0,0.25,2.86,4.32,7.0,1.75,20.0,30.23,4.0,1.0,11.43,17.27,2.0,0.5,5.71,8.64,1.0,0.25,2.86,4.32,1.0,0.25,2.86,4.32,7.0,1.75,20.0,30.23,4.0,1.0,11.43,17.27,3.0,0.75,8.57,12.95,3.0,0.75,8.57,12.95,4.0,1.0,11.43,17.27,3.0,0.75,8.57,12.95,0.0,0.0,0.0,0.0,1.0,0.25,2.86,4.32,4.0,1.0,11.43,17.27,42.86,65.71,-22.86,100.76,-8.0,-2.0,-22.86,8.34,2.08,0.58,0.58,0.2,0.57,0.5,0.19,0.8,0.25,0.64,0.53,8.57,0.0,0.03,11.43,0.17
4,新北國王,29|32|10873|10875,林書緯/奧帝/喬納森/傑登,1,7,10.0,88.34,1.47,01:28,88.34,1.47,01:28,4.0,4.0,40.0,97.8,5.0,5.0,50.0,122.25,1.0,1.0,10.0,24.45,1.0,1.0,10.0,24.45,0.0,0.0,0.0,0.0,0.0,0.0,0.0,0.0,1.0,1.0,10.0,24.45,1.0,1.0,10.0,24.45,2.0,2.0,20.0,48.9,1.0,1.0,10.0,24.45,0.0,0.0,0.0,0.0,1.0,1.0,10.0,24.45,3.0,3.0,30.0,73.35,1.0,1.0,10.0,24.45,1.0,1.0,10.0,24.45,2.0,2.0,20.0,48.9,1.0,1.0,10.0,24.45,0.0,0.0,0.0,0.0,0.0,0.0,0.0,0.0,2.0,2.0,20.0,48.9,40.0,50.0,-10.0,163.0,-1.0,-1.0,-10.0,1.47,1.47,1.5,1.06,,1.0,0.5,0.35,2.0,0.0,0.25,0.2,10.0,0.0,0.0,20.0,2.0
4,新北國王,29|10872|10873|10875,林書緯/林彥廷/喬納森/傑登,2,10,14.0,122.35,2.04,02:02,61.17,1.02,01:01,7.0,3.5,50.0,123.58,7.0,3.5,50.0,123.58,2.0,1.0,14.29,35.31,2.0,1.0,14.29,35.31,1.0,0.5,7.14,17.65,1.0,0.5,7.14,17.65,1.0,0.5,7.14,17.65,1.0,0.5,7.14,17.65,5.0,2.5,35.71,88.27,2.0,1.0,14.29,35.31,1.0,0.5,7.14,17.65,2.0,1.0,14.29,35.31,3.0,1.5,21.43,52.96,1.0,0.5,7.14,17.65,1.0,0.5,7.14,17.65,2.0,1.0,14.29,35.31,1.0,0.5,7.14,17.65,0.0,0.0,0.0,0.0,1.0,0.5,7.14,17.65,2.0,1.0,14.29,35.31,50.0,50.0,0.0,164.78,0.0,0.0,0.0,2.04,1.02,1.25,0.83,1.0,1.0,0.4,0.19,1.0,0.5,0.4,0.43,7.14,0.0,0.07,14.29,2.5
4,新北國王,32|10872|10873|10875,奧帝/林彥廷/喬納森/傑登,1,7,10.0,88.34,1.47,01:28,88.34,1.47,01:28,4.0,4.0,40.0,97.8,5.0,5.0,50.0,122.25,1.0,1.0,10.0,24.45,1.0,1.0,10.0,24.45,0.0,0.0,0.0,0.0,0.0,0.0,0.0,0.0,1.0,1.0,10.0,24.45,1.0,1.0,10.0,24.45,2.0,2.0,20.0,48.9,1.0,1.0,10.0,24.45,0.0,0.0,0.0,0.0,1.0,1.0,10.0,24.45,3.0,3.0,30.0,73.35,1.0,1.0,10.0,24.45,1.0,1.0,10.0,24.45,2.0,2.0,20.0,48.9,1.0,1.0,10.0,24.45,0.0,0.0,0.0,0.0,0.0,0.0,0.0,0.0,2.0,2.0,20.0,48.9,40.0,50.0,-10.0,163.0,-1.0,-1.0,-10.0,1.47,1.47,1.5,1.06,,1.0,0.5,0.35,2.0,0.0,0.25,0.2,10.0,0.0,0.0,20.0,2.0
4,新北國王,23|29|32|10874,王柏智/林書緯/奧帝/熊祥泰,1,1,1.0,13.0,0.22,00:13,13.0,0.22,00:13,0.0,0.0,0.0,0.0,0.0,0.0,0.0,0.0,0.0,0.0,0.0,0.0,0.0,0.0,0.0,0.0,0.0,0.0,0.0,0.0,0.0,0.0,0.0,0.0,0.0,0.0,0.0,0.0,0.0,0.0,0.0,0.0,0.0,0.0,0.0,0.0,0.0,0.0,0.0,0.0,0.0,0.0,0.0,0.0,0.0,0.0,0.0,0.0,0.0,0.0,0.0,0.0,0.0,0.0,0.0,0.0,1.0,1.0,100.0,166.15,0.0,0.0,0.0,0.0,1.0,1.0,100.0,166.15,0.0,0.0,0.0,0.0,0.0,0.0,0.0,0.0,0.0,0.0,0.0,0.0,0.0,0.0,0.0,110.77,0.0,0.0,0.0,0.22,0.22,,,,,,1.0,,,,,100.0,0.0,0.0,0.0,
4,新北國王,23|29|32|13029,王柏智/林書緯/奧帝/杰倫,2,11,15.0,164.59,2.74,02:45,82.29,1.37,01:22,4.0,2.0,26.67,52.49,4.0,2.0,26.67,52.49,6.0,3.0,40.0,78.74,1.0,0.5,6.67,13.12,3.0,1.5,20.0,39.37,1.0,0.5,6.67,13.12,3.0,1.5,20.0,39.37,0.0,0.0,0.0,0.0,2.0,1.0,13.33,26.25,2.0,1.0,13.33,26.25,1.0,0.5,6.67,13.12,3.0,1.5,20.0,39.37,1.0,0.5,6.67,13.12,2.0,1.0,13.33,26.25,1.0,0.5,6.67,13.12,1.0,0.5,6.67,13.12,1.0,0.5,6.67,13.12,0.0,0.0,0.0,0.0,0.0,0.0,0.0,0.0,2.0,1.0,13.33,26.25,26.67,26.67,0.0,131.24,0.0,0.0,0.0,2.74,1.37,0.17,0.29,0.33,0.0,1.0,0.13,1.0,0.33,0.75,0.57,6.67,0.0,0.0,13.33,0.33
4,新北國王,23|32|10874|13029,王柏智/奧帝/熊祥泰/杰倫,1,1,1.0,13.0,0.22,00:13,13.0,0.22,00:13,0.0,0.0,0.0,0.0,0.0,0.0,0.0,0.0,0.0,0.0,0.0,0.0,0.0,0.0,0.0,0.0,0.0,0.0,0.0,0.0,0.0,0.0,0.0,0.0,0.0,0.0,0.0,0.0,0.0,0.0,0.0,0.0,0.0,0.0,0.0,0.0,0.0,0.0,0.0,0.0,0.0,0.0,0.0,0.0,0.0,0.0,0.0,0.0,0.0,0.0,0.0,0.0,0.0,0.0,0.0,0.0,1.0,1.0,100.0,166.15,0.0,0.0,0.0,0.0,1.0,1.0,100.0,166.15,0.0,0.0,0.0,0.0,0.0,0.0,0.0,0.0,0.0,0.0,0.0,0.0,0.0,0.0,0.0,110.77,0.0,0.0,0.0,0.22,0.22,,,,,,1.0,,,,,100.0,0.0,0.0,0.0,
4,新北國王,22|29|32|10874,簡祐哲/林書緯/奧帝/熊祥泰,2,9,11.0,131.34,2.19,02:11,65.67,1.09,01:06,0.0,0.0,0.0,0.0,3.0,1.5,27.27,49.34,4.0,2.0,36.36,65.78,0.0,0.0,0.0,0.0,2.0,1.0,18.18,32.89,0.0,0.0,0.0,0.0,2.0,1.0,18.18,32.89,0.0,0.0,0.0,0.0,0.0,0.0,0.0,0.0,0.0,0.0,0.0,0.0,2.0,1.0,18.18,32.89,2.0,1.0,18.18,32.89,1.0,0.5,9.09,16.45,1.0,0.5,9.09,16.45,2.0,1.0,18.18,32.89,0.0,0.0,0.0,0.0,2.0,1.0,18.18,32.89,0.0,0.0,0.0,0.0,0.0,0.0,0.0,0.0,1.0,0.5,9.09,16.45,0.0,27.27,-27.27,120.61,-3.0,-1.5,-27.27,2.19,1.09,0.0,0.0,0.0,0.0,,0.33,,0.67,0.67,0.67,18.18,0.0,0.0,9.09,0.0
4,新北國王,22|29|10874|10875,簡祐哲/林書緯/熊祥泰/傑登,2,12,16.0,176.42,2.94,02:56,88.21,1.47,01:28,3.0,1.5,18.75,36.73,5.0,2.5,31.25,61.22,5.0,2.5,31.25,61.22,1.0,0.5,6.25,12.24,3.0,1.5,18.75,36.73,1.0,0.5,6.25,12.24,2.0,1.0,12.5,24.49,0.0,0.0,0.0,0.0,1.0,0.5,6.25,12.24,1.0,0.5,6.25,12.24,2.0,1.0,12.5,24.49,2.0,1.0,12.5,24.49,2.0,1.0,12.5,24.49,2.0,1.0,12.5,24.49,2.0,1.0,12.5,24.49,0.0,0.0,0.0,0.0,2.0,1.0,12.5,24.49,0.0,0.0,0.0,0.0,2.0,1.0,12.5,24.49,3.0,1.5,18.75,36.73,18.75,31.25,-12.5,130.6,-2.0,-1.0,-12.5,2.94,1.47,0.2,0.28,0.33,0.0,1.0,0.27,0.0,0.5,0.5,0.5,12.5,0.0,0.12,18.75,0.2
4,福爾摩沙夢想家,77|86|13777|13906,馬建豪/林俊吉/布依德/班提爾,4,98,126.0,1454.77,24.25,24:15,363.69,6.06,06:04,47.0,11.75,37.3,69.78,56.0,14.0,44.44,83.15,40.0,10.0,31.75,59.39,16.0,4.0,12.7,23.76,23.0,5.75,18.25,34.15,9.0,2.25,7.14,13.36,17.0,4.25,13.49,25.24,7.0,1.75,5.56,10.39,13.0,3.25,10.32,19.3,10.0,2.5,7.94,14.85,10.0,2.5,7.94,14.85,15.0,3.75,11.9,22.27,12.0,3.0,9.52,17.82,17.0,4.25,13.49,25.24,11.0,2.75,8.73,16.33,11.0,2.75,8.73,16.33,5.0,1.25,3.97,7.42,1.0,0.25,0.79,1.48,10.0,2.5,7.94,14.85,16.0,4.0,12.7,23.76,37.3,44.44,-7.14,124.72,-9.0,-2.25,-7.14,24.25,6.06,0.49,0.51,0.39,0.41,0.77,0.19,0.69,0.37,0.56,0.46,3.97,0.79,0.08,12.7,0.32
4,福爾摩沙夢想家,79|86|13777|13906,張宗憲/林俊吉/布依德/班提爾,3,29,33.0,412.75,6.88,06:53,137.58,2.29,02:18,13.0,4.33,39.39,68.03,14.0,4.67,42.42,73.26,9.0,3.0,27.27,47.1,5.0,1.67,15.15,26.17,6.0,2.0,18.18,31.4,4.0,1.33,12.12,20.93,3.0,1.0,9.09,15.7,1.0,0.33,3.03,5.23,5.0,1.67,15.15,26.17,2.0,0.67,6.06,10.47,0.0,0.0,0.0,0.0,6.0,2.0,18.18,31.4,3.0,1.0,9.09,15.7,6.0,2.0,18.18,31.4,3.0,1.0,9.09,15.7,4.0,1.33,12.12,20.93,2.0,0.67,6.06,10.47,0.0,0.0,0.0,0.0,5.0,1.67,15.15,26.17,3.0,1.0,9.09,15.7,39.39,42.42,-3.03,115.13,-1.0,-0.33,-3.03,6.88,2.29,0.61,0.58,0.67,0.33,0.4,0.21,0.8,0.0,0.67,0.4,6.06,0.0,0.15,9.09,0.56
4,新北國王,22|24|29|13029,簡祐哲/蘇士軒/林書緯/杰倫,1,17,20.0,253.0,4.22,04:13,253.0,4.22,04:13,14.0,14.0,70.0,119.53,9.0,9.0,45.0,76.84,8.0,8.0,40.0,68.3,4.0,4.0,20.0,34.15,3.0,3.0,15.0,25.61,3.0,3.0,15.0,25.61,5.0,5.0,25.0,42.69,1.0,1.0,5.0,8.54,7.0,7.0,35.0,59.76,5.0,5.0,25.0,42.69,3.0,3.0,15.0,25.61,3.0,3.0,15.0,25.61,0.0,0.0,0.0,0.0,3.0,3.0,15.0,25.61,1.0,1.0,5.0,8.54,3.0,3.0,15.0,25.61,1.0,1.0,5.0,8.54,0.0,0.0,0.0,0.0,4.0,4.0,20.0,34.15,1.0,1.0,5.0,8.54,70.0,45.0,25.0,113.83,5.0,5.0,25.0,4.22,4.22,0.56,0.63,1.0,0.2,0.71,0.08,0.75,0.5,1.0,0.67,5.0,0.0,0.2,5.0,0.88
4,福爾摩沙夢想家,77|86|103|13777,馬建豪/林俊吉/忻沃克/布依德,4,60,71.0,771.42,12.86,12:51,192.85,3.21,03:13,28.0,7.0,39.44,78.4,31.0,7.75,43.66,86.8,18.0,4.5,25.35,50.4,9.0,2.25,12.68,25.2,12.0,3.0,16.9,33.6,7.0,1.75,9.86,19.6,6.0,1.5,8.45,16.8,2.0,0.5,2.82,5.6,11.0,2.75,15.49,30.8,8.0,2.0,11.27,22.4,1.0,0.25,1.41,2.8,10.0,2.5,14.08,28.0,7.0,1.75,9.86,19.6,14.0,3.5,19.72,39.2,7.0,1.75,9.86,19.6,5.0,1.25,7.04,14.0,3.0,0.75,4.23,8.4,1.0,0.25,1.41,2.8,5.0,1.25,7.04,14.0,21.0,5.25,29.58,58.8,39.44,43.66,-4.23,132.54,-3.0,-0.75,-4.23,12.86,3.21,0.56,0.61,0.58,0.33,0.73,0.23,0.56,0.07,0.59,0.34,4.23,1.41,0.07,29.58,0.61
4,福爾摩沙夢想家,86|103|106|13777,林俊吉/忻沃克/高柏鎧/布依德,3,52,62.0,685.14,11.42,11:25,228.38,3.81,03:48,23.0,7.67,37.1,72.51,32.0,10.67,51.61,100.88,16.0,5.33,25.81,50.44,8.0,2.67,12.9,25.22,13.0,4.33,20.97,40.98,7.0,2.33,11.29,22.07,3.0,1.0,4.84,9.46,1.0,0.33,1.61,3.15,10.0,3.33,16.13,31.53,6.0,2.0,9.68,18.92,0.0,0.0,0.0,0.0,9.0,3.0,14.52,28.37,5.0,1.67,8.06,15.76,11.0,3.67,17.74,34.68,7.0,2.33,11.29,22.07,4.0,1.33,6.45,12.61,3.0,1.0,4.84,9.46,1.0,0.33,1.61,3.15,3.0,1.0,4.84,9.46,14.0,4.67,22.58,44.14,37.1,51.61,-14.52,130.31,-9.0,-3.0,-14.52,11.42,3.81,0.53,0.56,0.54,0.33,0.6,0.26,0.5,0.0,0.64,0.36,4.84,1.61,0.05,22.58,0.62
4,新北國王,22|24|29|32,簡祐哲/蘇士軒/林書緯/奧帝,1,3,3.0,34.0,0.57,00:34,34.0,0.57,00:34,2.0,2.0,66.67,127.06,0.0,0.0,0.0,0.0,1.0,1.0,33.33,63.53,0.0,0.0,0.0,0.0,0.0,0.0,0.0,0.0,0.0,0.0,0.0,0.0,1.0,1.0,33.33,63.53,0.0,0.0,0.0,0.0,2.0,2.0,66.67,127.06,2.0,2.0,66.67,127.06,0.0,0.0,0.0,0.0,1.0,1.0,33.33,63.53,0.0,0.0,0.0,0.0,1.0,1.0,33.33,63.53,0.0,0.0,0.0,0.0,0.0,0.0,0.0,0.0,0.0,0.0,0.0,0.0,0.0,0.0,0.0,0.0,1.0,1.0,33.33,63.53,0.0,0.0,0.0,0.0,66.67,0.0,66.67,127.06,2.0,2.0,66.67,0.57,0.57,0.0,0.53,,0.0,1.0,0.0,,0.0,1.0,0.5,0.0,0.0,0.33,0.0,2.0
4,新北國王,22|29|32|13029,簡祐哲/林書緯/奧帝/杰倫,2,8,11.0,107.0,1.78,01:47,53.5,0.89,00:54,2.0,1.0,18.18,40.37,7.0,3.5,63.64,141.31,3.0,1.5,27.27,60.56,0.0,0.0,0.0,0.0,2.0,1.0,18.18,40.37,0.0,0.0,0.0,0.0,1.0,0.5,9.09,20.19,0.0,0.0,0.0,0.0,2.0,1.0,18.18,40.37,2.0,1.0,18.18,40.37,1.0,0.5,9.09,20.19,2.0,1.0,18.18,40.37,0.0,0.0,0.0,0.0,1.0,0.5,9.09,20.19,2.0,1.0,18.18,40.37,0.0,0.0,0.0,0.0,2.0,1.0,18.18,40.37,1.0,0.5,9.09,20.19,1.0,0.5,9.09,20.19,1.0,0.5,9.09,20.19,18.18,63.64,-45.45,148.04,-5.0,-2.5,-45.45,1.78,0.89,0.0,0.26,0.0,0.0,1.0,0.34,,0.5,1.0,0.75,18.18,9.09,0.09,9.09,0.67
4,福爾摩沙夢想家,79|89|99|13906,張宗憲/蔣淯安/盧冠良/班提爾,6,61,68.0,1054.78,17.58,17:35,175.8,2.93,02:56,39.0,6.5,57.35,79.87,35.0,5.83,51.47,71.67,24.0,4.0,35.29,49.15,15.0,2.5,22.06,30.72,14.0,2.33,20.59,28.67,8.0,1.33,11.76,16.38,10.0,1.67,14.71,20.48,7.0,1.17,10.29,14.33,2.0,0.33,2.94,4.1,2.0,0.33,2.94,4.1,3.0,0.5,4.41,6.14,6.0,1.0,8.82,12.29,4.0,0.67,5.88,8.19,9.0,1.5,13.24,18.43,8.0,1.33,11.76,16.38,8.0,1.33,11.76,16.38,4.0,0.67,5.88,8.19,0.0,0.0,0.0,0.0,2.0,0.33,2.94,4.1,4.0,0.67,5.88,8.19,57.35,51.47,5.88,92.83,4.0,0.67,5.88,17.58,2.93,0.77,0.78,0.57,0.7,1.0,0.24,0.53,0.25,0.6,0.41,5.88,0.0,0.03,5.88,0.08
4,福爾摩沙夢想家,79|99|106|13906,張宗憲/盧冠良/高柏鎧/班提爾,1,3,3.0,65.42,1.09,01:05,65.42,1.09,01:05,2.0,2.0,66.67,66.03,3.0,3.0,100.0,99.05,1.0,1.0,33.33,33.02,1.0,1.0,33.33,33.02,1.0,1.0,33.33,33.02,1.0,1.0,33.33,33.02,0.0,0.0,0.0,0.0,0.0,0.0,0.0,0.0,0.0,0.0,0.0,0.0,0.0,0.0,0.0,0.0,0.0,0.0,0.0,0.0,0.0,0.0,0.0,0.0,0.0,0.0,0.0,0.0,0.0,0.0,0.0,0.0,0.0,0.0,0.0,0.0,1.0,1.0,33.33,33.02,0.0,0.0,0.0,0.0,0.0,0.0,0.0,0.0,0.0,0.0,0.0,0.0,1.0,1.0,33.33,33.02,66.67,100.0,-33.33,66.03,-1.0,-1.0,-33.33,1.09,1.09,1.0,1.0,1.0,,,0.0,1.0,,,,0.0,0.0,0.0,33.33,0.0
4,福爾摩沙夢想家,89|99|106|13906,蔣淯安/盧冠良/高柏鎧/班提爾,2,14,15.0,239.42,3.99,03:59,119.71,2.0,02:00,6.0,3.0,40.0,54.13,8.0,4.0,53.33,72.17,7.0,3.5,46.67,63.15,3.0,1.5,20.0,27.07,5.0,2.5,33.33,45.11,3.0,1.5,20.0,27.07,2.0,1.0,13.33,18.04,0.0,0.0,0.0,0.0,0.0,0.0,0.0,0.0,0.0,0.0,0.0,0.0,1.0,0.5,6.67,9.02,3.0,1.5,20.0,27.07,0.0,0.0,0.0,0.0,3.0,1.5,20.0,27.07,1.0,0.5,6.67,9.02,1.0,0.5,6.67,9.02,0.0,0.0,0.0,0.0,0.0,0.0,0.0,0.0,0.0,0.0,0.0,0.0,1.0,0.5,6.67,9.02,40.0,53.33,-13.33,90.22,-2.0,-1.0,-13.33,3.99,2.0,0.43,0.43,0.6,0.0,,0.12,0.33,0.25,1.0,0.57,0.0,0.0,0.0,6.67,0.0
4,新北國王,28|29|32|10874,呂政儒/林書緯/奧帝/熊祥泰,2,2,2.0,41.17,0.69,00:41,20.59,0.34,00:21,2.0,1.0,100.0,104.93,0.0,0.0,0.0,0.0,2.0,1.0,100.0,104.93,1.0,0.5,50.0,52.46,1.0,0.5,50.0,52.46,1.0,0.5,50.0,52.46,1.0,0.5,50.0,52.46,0.0,0.0,0.0,0.0,0.0,0.0,0.0,0.0,0.0,0.0,0.0,0.0,0.0,0.0,0.0,0.0,1.0,0.5,50.0,52.46,0.0,0.0,0.0,0.0,0.0,0.0,0.0,0.0,0.0,0.0,0.0,0.0,1.0,0.5,50.0,52.46,0.0,0.0,0.0,0.0,0.0,0.0,0.0,0.0,1.0,0.5,50.0,52.46,0.0,0.0,0.0,0.0,100.0,0.0,100.0,69.95,2.0,1.0,100.0,0.69,0.34,0.5,0.5,1.0,0.0,,0.0,1.0,,1.0,1.0,0.0,0.0,0.5,0.0,0.0
4,新北國王,28|29|32|10875,呂政儒/林書緯/奧帝/傑登,2,7,9.0,128.0,2.13,02:08,64.0,1.07,01:04,4.0,2.0,44.44,67.5,3.0,1.5,33.33,50.63,3.0,1.5,33.33,50.63,2.0,1.0,22.22,33.75,2.0,1.0,22.22,33.75,2.0,1.0,22.22,33.75,1.0,0.5,11.11,16.88,0.0,0.0,0.0,0.0,0.0,0.0,0.0,0.0,0.0,0.0,0.0,0.0,0.0,0.0,0.0,0.0,1.0,0.5,11.11,16.88,1.0,0.5,11.11,16.88,2.0,1.0,22.22,33.75,1.0,0.5,11.11,16.88,2.0,1.0,22.22,33.75,0.0,0.0,0.0,0.0,0.0,0.0,0.0,0.0,2.0,1.0,22.22,33.75,2.0,1.0,22.22,33.75,44.44,33.33,11.11,101.25,1.0,0.5,11.11,2.13,1.07,0.67,0.67,1.0,0.0,,0.25,1.0,0.0,0.5,0.25,0.0,0.0,0.22,22.22,0.0
4,福爾摩沙夢想家,79|89|99|13777,張宗憲/蔣淯安/盧冠良/布依德,1,12,13.0,185.0,3.08,03:05,185.0,3.08,03:05,4.0,4.0,30.77,46.7,8.0,8.0,61.54,93.41,4.0,4.0,30.77,46.7,2.0,2.0,15.38,23.35,3.0,3.0,23.08,35.03,2.0,2.0,15.38,23.35,1.0,1.0,7.69,11.68,0.0,0.0,0.0,0.0,0.0,0.0,0.0,0.0,0.0,0.0,0.0,0.0,0.0,0.0,0.0,0.0,2.0,2.0,15.38,23.35,2.0,2.0,15.38,23.35,2.0,2.0,15.38,23.35,1.0,1.0,7.69,11.68,0.0,0.0,0.0,0.0,0.0,0.0,0.0,0.0,0.0,0.0,0.0,0.0,0.0,0.0,0.0,0.0,0.0,0.0,0.0,0.0,30.77,61.54,-30.77,101.19,-4.0,-4.0,-30.77,3.08,3.08,0.5,0.5,0.67,0.0,,0.2,0.0,0.0,0.5,0.33,0.0,0.0,0.0,0.0,0.0
4,福爾摩沙夢想家,79|99|13777|13906,張宗憲/盧冠良/布依德/班提爾,1,12,13.0,185.0,3.08,03:05,185.0,3.08,03:05,4.0,4.0,30.77,46.7,8.0,8.0,61.54,93.41,4.0,4.0,30.77,46.7,2.0,2.0,15.38,23.35,3.0,3.0,23.08,35.03,2.0,2.0,15.38,23.35,1.0,1.0,7.69,11.68,0.0,0.0,0.0,0.0,0.0,0.0,0.0,0.0,0.0,0.0,0.0,0.0,0.0,0.0,0.0,0.0,2.0,2.0,15.38,23.35,2.0,2.0,15.38,23.35,2.0,2.0,15.38,23.35,1.0,1.0,7.69,11.68,0.0,0.0,0.0,0.0,0.0,0.0,0.0,0.0,0.0,0.0,0.0,0.0,0.0,0.0,0.0,0.0,0.0,0.0,0.0,0.0,30.77,61.54,-30.77,101.19,-4.0,-4.0,-30.77,3.08,3.08,0.5,0.5,0.67,0.0,,0.2,0.0,0.0,0.5,0.33,0.0,0.0,0.0,0.0,0.0
4,福爾摩沙夢想家,89|99|13777|13906,蔣淯安/盧冠良/布依德/班提爾,2,15,16.0,211.43,3.52,03:31,105.71,1.76,01:46,4.0,2.0,25.0,40.86,9.0,4.5,56.25,91.95,5.0,2.5,31.25,51.08,2.0,1.0,12.5,20.43,4.0,2.0,25.0,40.86,2.0,1.0,12.5,20.43,1.0,0.5,6.25,10.22,0.0,0.0,0.0,0.0,0.0,0.0,0.0,0.0,0.0,0.0,0.0,0.0,0.0,0.0,0.0,0.0,3.0,1.5,18.75,30.65,2.0,1.0,12.5,20.43,2.0,1.0,12.5,20.43,1.0,0.5,6.25,10.22,0.0,0.0,0.0,0.0,0.0,0.0,0.0,0.0,0.0,0.0,0.0,0.0,0.0,0.0,0.0,0.0,1.0,0.5,6.25,10.22,25.0,56.25,-31.25,108.97,-5.0,-2.5,-31.25,3.52,1.76,0.4,0.4,0.5,0.0,,0.17,0.0,0.0,0.6,0.43,0.0,0.0,0.0,6.25,0.0
4,新北國王,23|28|32|10872,王柏智/呂政儒/奧帝/林彥廷,1,6,6.0,76.0,1.27,01:16,76.0,1.27,01:16,4.0,4.0,66.67,113.68,3.0,3.0,50.0,85.26,3.0,3.0,50.0,85.26,2.0,2.0,33.33,56.84,3.0,3.0,50.0,85.26,2.0,2.0,33.33,56.84,0.0,0.0,0.0,0.0,0.0,0.0,0.0,0.0,0.0,0.0,0.0,0.0,0.0,0.0,0.0,0.0,0.0,0.0,0.0,0.0,1.0,1.0,16.67,28.42,0.0,0.0,0.0,0.0,2.0,2.0,33.33,56.84,0.0,0.0,0.0,0.0,1.0,1.0,16.67,28.42,0.0,0.0,0.0,0.0,1.0,1.0,16.67,28.42,1.0,1.0,16.67,28.42,2.0,2.0,33.33,56.84,66.67,50.0,16.67,113.68,1.0,1.0,16.67,1.27,1.27,0.67,0.67,0.67,,,0.0,0.5,0.0,1.0,0.33,0.0,16.67,0.17,33.33,0.0
4,新北國王,23|28|32|13029,王柏智/呂政儒/奧帝/杰倫,1,8,9.0,97.41,1.62,01:37,97.41,1.62,01:37,4.0,4.0,44.44,88.7,4.0,4.0,44.44,88.7,4.0,4.0,44.44,88.7,2.0,2.0,22.22,44.35,4.0,4.0,44.44,88.7,2.0,2.0,22.22,44.35,0.0,0.0,0.0,0.0,0.0,0.0,0.0,0.0,0.0,0.0,0.0,0.0,0.0,0.0,0.0,0.0,0.0,0.0,0.0,0.0,2.0,2.0,22.22,44.35,0.0,0.0,0.0,0.0,2.0,2.0,22.22,44.35,0.0,0.0,0.0,0.0,1.0,1.0,11.11,22.17,0.0,0.0,0.0,0.0,1.0,1.0,11.11,22.17,1.0,1.0,11.11,22.17,3.0,3.0,33.33,66.52,44.44,44.44,0.0,133.05,0.0,0.0,0.0,1.62,1.62,0.5,0.5,0.5,,,0.0,0.5,0.0,1.0,0.5,0.0,11.11,0.11,33.33,0.0
4,新北國王,23|32|10872|13029,王柏智/奧帝/林彥廷/杰倫,2,18,21.0,259.12,4.32,04:19,129.56,2.16,02:10,11.0,5.5,52.38,91.69,10.0,5.0,47.62,83.36,9.0,4.5,42.86,75.02,4.0,2.0,19.05,33.34,5.0,2.5,23.81,41.68,3.0,1.5,14.29,25.01,4.0,2.0,19.05,33.34,1.0,0.5,4.76,8.34,2.0,1.0,9.52,16.67,2.0,1.0,9.52,16.67,1.0,0.5,4.76,8.34,3.0,1.5,14.29,25.01,1.0,0.5,4.76,8.34,4.0,2.0,19.05,33.34,0.0,0.0,0.0,0.0,3.0,1.5,14.29,25.01,0.0,0.0,0.0,0.0,1.0,0.5,4.76,8.34,1.0,0.5,4.76,8.34,4.0,2.0,19.05,33.34,52.38,47.62,4.76,116.7,1.0,0.5,4.76,4.32,2.16,0.5,0.56,0.6,0.25,1.0,0.0,0.75,0.2,0.75,0.44,0.0,4.76,0.05,19.05,0.22
4,福爾摩沙夢想家,79|103|13777|13906,張宗憲/忻沃克/布依德/班提爾,5,80,92.0,1230.06,20.5,20:30,246.01,4.1,04:06,44.0,8.8,47.83,77.26,45.0,9.0,48.91,79.02,33.0,6.6,35.87,57.95,15.0,3.0,16.3,26.34,18.0,3.6,19.57,31.61,9.0,1.8,9.78,15.8,15.0,3.0,16.3,26.34,6.0,1.2,6.52,10.54,9.0,1.8,9.78,15.8,5.0,1.0,5.43,8.78,5.0,1.0,5.43,8.78,15.0,3.0,16.3,26.34,6.0,1.2,6.52,10.54,15.0,3.0,16.3,26.34,6.0,1.2,6.52,10.54,12.0,2.4,13.04,21.07,4.0,0.8,4.35,7.02,1.0,0.2,1.09,1.76,7.0,1.4,7.61,12.29,8.0,1.6,8.7,14.05,47.83,48.91,-1.09,107.7,-1.0,-0.2,-1.09,20.5,4.1,0.55,0.6,0.5,0.4,0.56,0.14,0.8,0.25,0.71,0.49,4.35,1.09,0.08,8.7,0.27
4,新北國王,23|28|29|32,王柏智/呂政儒/林書緯/奧帝,2,10,14.0,134.58,2.24,02:15,67.29,1.12,01:07,6.0,3.0,42.86,96.3,2.0,1.0,14.29,32.1,8.0,4.0,57.14,128.4,3.0,1.5,21.43,48.15,6.0,3.0,42.86,96.3,3.0,1.5,21.43,48.15,2.0,1.0,14.29,32.1,0.0,0.0,0.0,0.0,0.0,0.0,0.0,0.0,0.0,0.0,0.0,0.0,3.0,1.5,21.43,48.15,2.0,1.0,14.29,32.1,0.0,0.0,0.0,0.0,2.0,1.0,14.29,32.1,0.0,0.0,0.0,0.0,1.0,0.5,7.14,16.05,0.0,0.0,0.0,0.0,0.0,0.0,0.0,0.0,0.0,0.0,0.0,0.0,2.0,1.0,14.29,32.1,42.86,14.29,28.57,149.8,4.0,2.0,28.57,2.24,1.12,0.38,0.38,0.5,0.0,,0.0,0.33,0.6,1.0,0.71,0.0,0.0,0.0,14.29,0.0
4,新北國王,24|28|29|32,蘇士軒/呂政儒/林書緯/奧帝,1,7,7.0,93.8,1.56,01:34,93.8,1.56,01:34,0.0,0.0,0.0,0.0,4.0,4.0,57.14,92.11,1.0,1.0,14.29,23.03,0.0,0.0,0.0,0.0,0.0,0.0,0.0,0.0,0.0,0.0,0.0,0.0,1.0,1.0,14.29,23.03,0.0,0.0,0.0,0.0,0.0,0.0,0.0,0.0,0.0,0.0,0.0,0.0,0.0,0.0,0.0,0.0,2.0,2.0,28.57,46.06,0.0,0.0,0.0,0.0,1.0,1.0,14.29,23.03,3.0,3.0,42.86,69.08,0.0,0.0,0.0,0.0,1.0,1.0,14.29,23.03,0.0,0.0,0.0,0.0,1.0,1.0,14.29,23.03,0.0,0.0,0.0,0.0,0.0,57.14,-57.14,107.46,-4.0,-4.0,-57.14,1.56,1.56,0.0,0.0,,0.0,,0.75,,0.0,1.0,0.67,14.29,0.0,0.14,0.0,0.0
4,新北國王,24|28|32|13029,蘇士軒/呂政儒/奧帝/杰倫,1,7,7.0,93.8,1.56,01:34,93.8,1.56,01:34,0.0,0.0,0.0,0.0,4.0,4.0,57.14,92.11,1.0,1.0,14.29,23.03,0.0,0.0,0.0,0.0,0.0,0.0,0.0,0.0,0.0,0.0,0.0,0.0,1.0,1.0,14.29,23.03,0.0,0.0,0.0,0.0,0.0,0.0,0.0,0.0,0.0,0.0,0.0,0.0,0.0,0.0,0.0,0.0,2.0,2.0,28.57,46.06,0.0,0.0,0.0,0.0,1.0,1.0,14.29,23.03,3.0,3.0,42.86,69.08,0.0,0.0,0.0,0.0,1.0,1.0,14.29,23.03,0.0,0.0,0.0,0.0,1.0,1.0,14.29,23.03,0.0,0.0,0.0,0.0,0.0,57.14,-57.14,107.46,-4.0,-4.0,-57.14,1.56,1.56,0.0,0.0,,0.0,,0.75,,0.0,1.0,0.67,14.29,0.0,0.14,0.0,0.0
4,福爾摩沙夢想家,77|86|89|13906,馬建豪/林俊吉/蔣淯安/班提爾,4,54,69.0,789.42,13.16,13:09,197.35,3.29,03:17,26.0,6.5,37.68,71.14,27.0,6.75,39.13,73.88,18.0,4.5,26.09,49.25,8.0,2.0,11.59,21.89,12.0,3.0,17.39,32.83,6.0,1.5,8.7,16.42,6.0,1.5,8.7,16.42,2.0,0.5,2.9,5.47,10.0,2.5,14.49,27.36,8.0,2.0,11.59,21.89,2.0,0.5,2.9,5.47,9.0,2.25,13.04,24.63,6.0,1.5,8.7,16.42,8.0,2.0,11.59,21.89,7.0,1.75,10.14,19.15,6.0,1.5,8.7,16.42,5.0,1.25,7.25,13.68,2.0,0.5,2.9,5.47,8.0,2.0,11.59,21.89,1.0,0.25,1.45,2.74,37.68,39.13,-1.45,125.87,-1.0,-0.25,-1.45,13.16,3.29,0.5,0.58,0.5,0.33,0.8,0.24,0.75,0.2,0.6,0.44,7.25,2.9,0.12,1.45,0.56
4,福爾摩沙夢想家,77|86|89|95,馬建豪/林俊吉/蔣淯安/李德威,1,4,5.0,82.41,1.37,01:22,82.41,1.37,01:22,2.0,2.0,40.0,52.42,2.0,2.0,40.0,52.42,3.0,3.0,60.0,78.63,1.0,1.0,20.0,26.21,3.0,3.0,60.0,78.63,1.0,1.0,20.0,26.21,0.0,0.0,0.0,0.0,0.0,0.0,0.0,0.0,0.0,0.0,0.0,0.0,0.0,0.0,0.0,0.0,0.0,0.0,0.0,0.0,2.0,2.0,40.0,52.42,0.0,0.0,0.0,0.0,1.0,1.0,20.0,26.21,0.0,0.0,0.0,0.0,1.0,1.0,20.0,26.21,0.0,0.0,0.0,0.0,0.0,0.0,0.0,0.0,0.0,0.0,0.0,0.0,0.0,0.0,0.0,0.0,40.0,40.0,0.0,87.37,0.0,0.0,0.0,1.37,1.37,0.33,0.33,0.33,,,0.0,1.0,0.0,1.0,0.67,0.0,0.0,0.0,0.0,0.0
4,福爾摩沙夢想家,77|86|95|13906,馬建豪/林俊吉/李德威/班提爾,1,2,2.0,22.41,0.37,00:22,22.41,0.37,00:22,2.0,2.0,100.0,192.75,2.0,2.0,100.0,192.75,1.0,1.0,50.0,96.38,1.0,1.0,50.0,96.38,1.0,1.0,50.0,96.38,1.0,1.0,50.0,96.38,0.0,0.0,0.0,0.0,0.0,0.0,0.0,0.0,0.0,0.0,0.0,0.0,0.0,0.0,0.0,0.0,0.0,0.0,0.0,0.0,0.0,0.0,0.0,0.0,0.0,0.0,0.0,0.0,0.0,0.0,0.0,0.0,0.0,0.0,0.0,0.0,1.0,1.0,50.0,96.38,0.0,0.0,0.0,0.0,0.0,0.0,0.0,0.0,0.0,0.0,0.0,0.0,0.0,0.0,0.0,0.0,100.0,100.0,0.0,128.5,0.0,0.0,0.0,0.37,0.37,1.0,1.0,1.0,,,0.0,1.0,,,,0.0,0.0,0.0,0.0,0.0
4,福爾摩沙夢想家,77|89|95|13906,馬建豪/蔣淯安/李德威/班提爾,1,2,2.0,22.41,0.37,00:22,22.41,0.37,00:22,2.0,2.0,100.0,192.75,2.0,2.0,100.0,192.75,1.0,1.0,50.0,96.38,1.0,1.0,50.0,96.38,1.0,1.0,50.0,96.38,1.0,1.0,50.0,96.38,0.0,0.0,0.0,0.0,0.0,0.0,0.0,0.0,0.0,0.0,0.0,0.0,0.0,0.0,0.0,0.0,0.0,0.0,0.0,0.0,0.0,0.0,0.0,0.0,0.0,0.0,0.0,0.0,0.0,0.0,0.0,0.0,0.0,0.0,0.0,0.0,1.0,1.0,50.0,96.38,0.0,0.0,0.0,0.0,0.0,0.0,0.0,0.0,0.0,0.0,0.0,0.0,0.0,0.0,0.0,0.0,100.0,100.0,0.0,128.5,0.0,0.0,0.0,0.37,0.37,1.0,1.0,1.0,,,0.0,1.0,,,,0.0,0.0,0.0,0.0,0.0
4,福爾摩沙夢想家,86|89|95|13906,林俊吉/蔣淯安/李德威/班提爾,1,2,2.0,22.41,0.37,00:22,22.41,0.37,00:22,2.0,2.0,100.0,192.75,2.0,2.0,100.0,192.75,1.0,1.0,50.0,96.38,1.0,1.0,50.0,96.38,1.0,1.0,50.0,96.38,1.0,1.0,50.0,96.38,0.0,0.0,0.0,0.0,0.0,0.0,0.0,0.0,0.0,0.0,0.0,0.0,0.0,0.0,0.0,0.0,0.0,0.0,0.0,0.0,0.0,0.0,0.0,0.0,0.0,0.0,0.0,0.0,0.0,0.0,0.0,0.0,0.0,0.0,0.0,0.0,1.0,1.0,50.0,96.38,0.0,0.0,0.0,0.0,0.0,0.0,0.0,0.0,0.0,0.0,0.0,0.0,0.0,0.0,0.0,0.0,100.0,100.0,0.0,128.5,0.0,0.0,0.0,0.37,0.37,1.0,1.0,1.0,,,0.0,1.0,,,,0.0,0.0,0.0,0.0,0.0
4,新北國王,23|29|10872|10874,王柏智/林書緯/林彥廷/熊祥泰,1,2,2.0,22.41,0.37,00:22,22.41,0.37,00:22,2.0,2.0,100.0,192.75,2.0,2.0,100.0,192.75,1.0,1.0,50.0,96.38,1.0,1.0,50.0,96.38,1.0,1.0,50.0,96.38,1.0,1.0,50.0,96.38,0.0,0.0,0.0,0.0,0.0,0.0,0.0,0.0,0.0,0.0,0.0,0.0,0.0,0.0,0.0,0.0,0.0,0.0,0.0,0.0,0.0,0.0,0.0,0.0,0.0,0.0,0.0,0.0,0.0,0.0,0.0,0.0,0.0,0.0,0.0,0.0,1.0,1.0,50.0,96.38,0.0,0.0,0.0,0.0,0.0,0.0,0.0,0.0,0.0,0.0,0.0,0.0,0.0,0.0,0.0,0.0,100.0,100.0,0.0,128.5,0.0,0.0,0.0,0.37,0.37,1.0,1.0,1.0,,,0.0,1.0,,,,0.0,0.0,0.0,0.0,0.0
4,福爾摩沙夢想家,86|89|95|101,林俊吉/蔣淯安/李德威/周柏臣,1,2,3.0,60.0,1.0,01:00,60.0,1.0,01:00,0.0,0.0,0.0,0.0,0.0,0.0,0.0,0.0,2.0,2.0,66.67,72.0,0.0,0.0,0.0,0.0,2.0,2.0,66.67,72.0,0.0,0.0,0.0,0.0,0.0,0.0,0.0,0.0,0.0,0.0,0.0,0.0,0.0,0.0,0.0,0.0,0.0,0.0,0.0,0.0,0.0,0.0,0.0,0.0,2.0,2.0,66.67,72.0,0.0,0.0,0.0,0.0,1.0,1.0,33.33,36.0,0.0,0.0,0.0,0.0,0.0,0.0,0.0,0.0,0.0,0.0,0.0,0.0,0.0,0.0,0.0,0.0,0.0,0.0,0.0,0.0,0.0,0.0,0.0,0.0,0.0,0.0,0.0,72.0,0.0,0.0,0.0,1.0,1.0,0.0,0.0,0.0,,,0.0,,0.0,1.0,0.67,0.0,0.0,0.0,0.0,0.0
4,新北國王,23|10871|10872|10874,王柏智/鍾理翔/林彥廷/熊祥泰,1,4,6.0,89.0,1.48,01:29,89.0,1.48,01:29,0.0,0.0,0.0,0.0,0.0,0.0,0.0,0.0,2.0,2.0,33.33,48.54,0.0,0.0,0.0,0.0,1.0,1.0,16.67,24.27,0.0,0.0,0.0,0.0,1.0,1.0,16.67,24.27,0.0,0.0,0.0,0.0,0.0,0.0,0.0,0.0,0.0,0.0,0.0,0.0,0.0,0.0,0.0,0.0,2.0,2.0,33.33,48.54,0.0,0.0,0.0,0.0,2.0,2.0,33.33,48.54,0.0,0.0,0.0,0.0,0.0,0.0,0.0,0.0,0.0,0.0,0.0,0.0,0.0,0.0,0.0,0.0,1.0,1.0,16.67,24.27,0.0,0.0,0.0,0.0,0.0,0.0,0.0,97.08,0.0,0.0,0.0,1.48,1.48,0.0,0.0,0.0,0.0,,0.0,,0.0,1.0,0.5,0.0,0.0,0.17,0.0,0.0
4,新北國王,23|10871|10873|10874,王柏智/鍾理翔/喬納森/熊祥泰,1,4,6.0,89.0,1.48,01:29,89.0,1.48,01:29,0.0,0.0,0.0,0.0,0.0,0.0,0.0,0.0,2.0,2.0,33.33,48.54,0.0,0.0,0.0,0.0,1.0,1.0,16.67,24.27,0.0,0.0,0.0,0.0,1.0,1.0,16.67,24.27,0.0,0.0,0.0,0.0,0.0,0.0,0.0,0.0,0.0,0.0,0.0,0.0,0.0,0.0,0.0,0.0,2.0,2.0,33.33,48.54,0.0,0.0,0.0,0.0,2.0,2.0,33.33,48.54,0.0,0.0,0.0,0.0,0.0,0.0,0.0,0.0,0.0,0.0,0.0,0.0,0.0,0.0,0.0,0.0,1.0,1.0,16.67,24.27,0.0,0.0,0.0,0.0,0.0,0.0,0.0,97.08,0.0,0.0,0.0,1.48,1.48,0.0,0.0,0.0,0.0,,0.0,,0.0,1.0,0.5,0.0,0.0,0.17,0.0,0.0
4,新北國王,23|10872|10873|10874,王柏智/林彥廷/喬納森/熊祥泰,2,17,21.0,292.33,4.87,04:52,146.16,2.44,02:26,5.0,2.5,23.81,36.94,12.0,6.0,57.14,88.67,7.0,3.5,33.33,51.72,2.0,1.0,9.52,14.78,5.0,2.5,23.81,36.94,2.0,1.0,9.52,14.78,2.0,1.0,9.52,14.78,0.0,0.0,0.0,0.0,1.0,0.5,4.76,7.39,1.0,0.5,4.76,7.39,0.0,0.0,0.0,0.0,5.0,2.5,23.81,36.94,1.0,0.5,4.76,7.39,3.0,1.5,14.29,22.17,1.0,0.5,4.76,7.39,2.0,1.0,9.52,14.78,1.0,0.5,4.76,7.39,0.0,0.0,0.0,0.0,3.0,1.5,14.29,22.17,2.0,1.0,9.52,14.78,23.81,57.14,-33.33,103.45,-7.0,-3.5,-33.33,4.87,2.44,0.29,0.34,0.4,0.0,1.0,0.12,1.0,0.0,0.83,0.56,4.76,0.0,0.14,9.52,0.14
4,新北國王,10871|10872|10873|10874,鍾理翔/林彥廷/喬納森/熊祥泰,1,4,6.0,89.0,1.48,01:29,89.0,1.48,01:29,0.0,0.0,0.0,0.0,0.0,0.0,0.0,0.0,2.0,2.0,33.33,48.54,0.0,0.0,0.0,0.0,1.0,1.0,16.67,24.27,0.0,0.0,0.0,0.0,1.0,1.0,16.67,24.27,0.0,0.0,0.0,0.0,0.0,0.0,0.0,0.0,0.0,0.0,0.0,0.0,0.0,0.0,0.0,0.0,2.0,2.0,33.33,48.54,0.0,0.0,0.0,0.0,2.0,2.0,33.33,48.54,0.0,0.0,0.0,0.0,0.0,0.0,0.0,0.0,0.0,0.0,0.0,0.0,0.0,0.0,0.0,0.0,1.0,1.0,16.67,24.27,0.0,0.0,0.0,0.0,0.0,0.0,0.0,97.08,0.0,0.0,0.0,1.48,1.48,0.0,0.0,0.0,0.0,,0.0,,0.0,1.0,0.5,0.0,0.0,0.17,0.0,0.0
4,臺北台新戰神,4|5|14|10863,張兆辰/黃聰翰/錢肯尼/魏芃禾,1,4,5.0,65.0,1.08,01:05,65.0,1.08,01:05,5.0,5.0,100.0,166.15,1.0,1.0,20.0,33.23,2.0,2.0,40.0,66.46,1.0,1.0,20.0,33.23,0.0,0.0,0.0,0.0,0.0,0.0,0.0,0.0,2.0,2.0,40.0,66.46,1.0,1.0,20.0,33.23,0.0,0.0,0.0,0.0,0.0,0.0,0.0,0.0,1.0,1.0,20.0,33.23,0.0,0.0,0.0,0.0,0.0,0.0,0.0,0.0,2.0,2.0,40.0,66.46,0.0,0.0,0.0,0.0,1.0,1.0,20.0,33.23,0.0,0.0,0.0,0.0,0.0,0.0,0.0,0.0,0.0,0.0,0.0,0.0,2.0,2.0,40.0,66.46,100.0,20.0,80.0,110.77,4.0,4.0,80.0,1.08,1.08,0.75,1.25,,0.5,,0.0,1.0,0.33,,0.33,0.0,0.0,0.0,40.0,0.0
4,臺北台新戰神,4|14|10863|13400,張兆辰/錢肯尼/魏芃禾/史東,1,12,14.0,153.0,2.55,02:33,153.0,2.55,02:33,5.0,5.0,35.71,70.59,6.0,6.0,42.86,84.71,3.0,3.0,21.43,42.35,1.0,1.0,7.14,14.12,1.0,1.0,7.14,14.12,0.0,0.0,0.0,0.0,2.0,2.0,14.29,28.24,1.0,1.0,7.14,14.12,0.0,0.0,0.0,0.0,0.0,0.0,0.0,0.0,1.0,1.0,7.14,14.12,1.0,1.0,7.14,14.12,0.0,0.0,0.0,0.0,3.0,3.0,21.43,42.35,3.0,3.0,21.43,42.35,1.0,1.0,7.14,14.12,2.0,2.0,14.29,28.24,0.0,0.0,0.0,0.0,0.0,0.0,0.0,0.0,2.0,2.0,14.29,28.24,35.71,42.86,-7.14,131.76,-1.0,-1.0,-7.14,2.55,2.55,0.5,0.83,0.0,0.5,,0.5,1.0,0.25,1.0,0.4,14.29,0.0,0.0,14.29,0.0
4,新北中信特攻,104|10877|10879|10880,貝奇/阿巴西/簡廷兆/內馬,5,45,50.0,721.2,12.02,12:01,144.24,2.4,02:24,25.0,5.0,50.0,74.88,22.0,4.4,44.0,65.89,18.0,3.6,36.0,53.91,10.0,2.0,20.0,29.95,12.0,2.4,24.0,35.94,8.0,1.6,16.0,23.96,6.0,1.2,12.0,17.97,2.0,0.4,4.0,5.99,6.0,1.2,12.0,17.97,3.0,0.6,6.0,8.99,2.0,0.4,4.0,5.99,8.0,1.6,16.0,23.96,3.0,0.6,6.0,8.99,10.0,2.0,20.0,29.95,5.0,1.0,10.0,14.98,7.0,1.4,14.0,20.97,3.0,0.6,6.0,8.99,1.0,0.2,2.0,3.0,2.0,0.4,4.0,5.99,4.0,0.8,8.0,11.98,50.0,44.0,6.0,99.83,3.0,0.6,6.0,12.02,2.4,0.61,0.61,0.67,0.33,0.5,0.2,0.7,0.17,0.73,0.43,6.0,2.0,0.04,8.0,0.33
4,臺北台新戰神,4|5|10|10863,張兆辰/黃聰翰/雷蒙恩/魏芃禾,2,22,27.0,392.2,6.54,06:32,196.1,3.27,03:16,9.0,4.5,33.33,49.57,8.0,4.0,29.63,44.06,10.0,5.0,37.04,55.07,5.0,2.5,18.52,27.54,4.0,2.0,14.81,22.03,4.0,2.0,14.81,22.03,6.0,3.0,22.22,33.04,1.0,0.5,3.7,5.51,0.0,0.0,0.0,0.0,0.0,0.0,0.0,0.0,0.0,0.0,0.0,0.0,5.0,2.5,18.52,27.54,2.0,1.0,7.41,11.01,6.0,3.0,22.22,33.04,1.0,0.5,3.7,5.51,1.0,0.5,3.7,5.51,0.0,0.0,0.0,0.0,0.0,0.0,0.0,0.0,4.0,2.0,14.81,22.03,4.0,2.0,14.81,22.03,33.33,29.63,3.7,99.13,1.0,0.5,3.7,6.54,3.27,0.55,0.45,1.0,0.17,,0.09,0.2,0.0,0.71,0.38,0.0,0.0,0.15,14.81,0.0
4,臺北台新戰神,4|5|10863|10869,張兆辰/黃聰翰/魏芃禾/基德,1,7,8.0,136.0,2.27,02:16,136.0,2.27,02:16,0.0,0.0,0.0,0.0,0.0,0.0,0.0,0.0,3.0,3.0,37.5,47.65,1.0,1.0,12.5,15.88,1.0,1.0,12.5,15.88,1.0,1.0,12.5,15.88,2.0,2.0,25.0,31.76,0.0,0.0,0.0,0.0,0.0,0.0,0.0,0.0,0.0,0.0,0.0,0.0,0.0,0.0,0.0,0.0,2.0,2.0,25.0,31.76,0.0,0.0,0.0,0.0,2.0,2.0,25.0,31.76,1.0,1.0,12.5,15.88,0.0,0.0,0.0,0.0,0.0,0.0,0.0,0.0,0.0,0.0,0.0,0.0,1.0,1.0,12.5,15.88,0.0,0.0,0.0,0.0,0.0,0.0,0.0,84.71,0.0,0.0,0.0,2.27,2.27,0.33,0.0,1.0,0.0,,0.25,0.0,0.0,1.0,0.5,0.0,0.0,0.12,0.0,0.0
4,臺北台新戰神,4|10|10863|10869,張兆辰/雷蒙恩/魏芃禾/基德,1,9,11.0,179.0,2.98,02:59,179.0,2.98,02:59,0.0,0.0,0.0,0.0,2.0,2.0,18.18,24.13,4.0,4.0,36.36,48.27,1.0,1.0,9.09,12.07,1.0,1.0,9.09,12.07,1.0,1.0,9.09,12.07,3.0,3.0,27.27,36.2,0.0,0.0,0.0,0.0,0.0,0.0,0.0,0.0,0.0,0.0,0.0,0.0,0.0,0.0,0.0,0.0,3.0,3.0,27.27,36.2,1.0,1.0,9.09,12.07,2.0,2.0,18.18,24.13,1.0,1.0,9.09,12.07,0.0,0.0,0.0,0.0,0.0,0.0,0.0,0.0,0.0,0.0,0.0,0.0,1.0,1.0,9.09,12.07,0.0,0.0,0.0,0.0,0.0,18.18,-18.18,88.49,-2.0,-2.0,-18.18,2.98,2.98,0.25,0.0,1.0,0.0,,0.2,0.0,0.0,0.75,0.5,0.0,0.0,0.09,0.0,0.0
4,臺北台新戰神,4|5|10|13400,張兆辰/黃聰翰/雷蒙恩/史東,1,7,8.0,96.2,1.6,01:36,96.2,1.6,01:36,1.0,1.0,12.5,22.45,2.0,2.0,25.0,44.91,1.0,1.0,12.5,22.45,0.0,0.0,0.0,0.0,0.0,0.0,0.0,0.0,0.0,0.0,0.0,0.0,1.0,1.0,12.5,22.45,0.0,0.0,0.0,0.0,2.0,2.0,25.0,44.91,1.0,1.0,12.5,22.45,0.0,0.0,0.0,0.0,2.0,2.0,25.0,44.91,1.0,1.0,12.5,22.45,2.0,2.0,25.0,44.91,1.0,1.0,12.5,22.45,1.0,1.0,12.5,22.45,1.0,1.0,12.5,22.45,0.0,0.0,0.0,0.0,2.0,2.0,25.0,44.91,1.0,1.0,12.5,22.45,12.5,25.0,-12.5,119.75,-1.0,-1.0,-12.5,1.6,1.6,0.0,0.27,,0.0,0.5,0.35,,0.0,0.67,0.4,12.5,0.0,0.25,12.5,2.0
4,臺北台新戰神,1|4|5|10,丁聖儒/張兆辰/黃聰翰/雷蒙恩,2,25,30.0,443.92,7.4,07:24,221.96,3.7,03:42,10.0,5.0,33.33,48.66,11.0,5.5,36.67,53.52,7.0,3.5,23.33,34.06,3.0,1.5,10.0,14.6,2.0,1.0,6.67,9.73,1.0,0.5,3.33,4.87,5.0,2.5,16.67,24.33,2.0,1.0,6.67,9.73,4.0,2.0,13.33,19.46,2.0,1.0,6.67,9.73,0.0,0.0,0.0,0.0,6.0,3.0,20.0,29.19,3.0,1.5,10.0,14.6,4.0,2.0,13.33,19.46,3.0,1.5,10.0,14.6,2.0,1.0,6.67,9.73,3.0,1.5,10.0,14.6,0.0,0.0,0.0,0.0,3.0,1.5,10.0,14.6,2.0,1.0,6.67,9.73,33.33,36.67,-3.33,97.31,-1.0,-0.5,-3.33,7.4,3.7,0.57,0.57,0.5,0.4,0.5,0.26,0.67,0.0,0.67,0.46,10.0,0.0,0.1,6.67,0.57
4,臺北台新戰神,1|4|10|13400,丁聖儒/張兆辰/雷蒙恩/史東,1,4,4.0,59.0,0.98,00:59,59.0,0.98,00:59,1.0,1.0,25.0,36.61,2.0,2.0,50.0,73.22,0.0,0.0,0.0,0.0,0.0,0.0,0.0,0.0,0.0,0.0,0.0,0.0,0.0,0.0,0.0,0.0,0.0,0.0,0.0,0.0,0.0,0.0,0.0,0.0,2.0,2.0,50.0,73.22,1.0,1.0,25.0,36.61,0.0,0.0,0.0,0.0,1.0,1.0,25.0,36.61,0.0,0.0,0.0,0.0,0.0,0.0,0.0,0.0,1.0,1.0,25.0,36.61,1.0,1.0,25.0,36.61,1.0,1.0,25.0,36.61,0.0,0.0,0.0,0.0,1.0,1.0,25.0,36.61,0.0,0.0,0.0,0.0,25.0,50.0,-25.0,97.63,-1.0,-1.0,-25.0,0.98,0.98,,0.57,,,0.5,0.53,,,1.0,1.0,25.0,0.0,0.25,0.0,
4,臺北台新戰神,4|14|10865|13400,張兆辰/錢肯尼/謝銘駿/史東,1,8,9.0,88.0,1.47,01:28,88.0,1.47,01:28,0.0,0.0,0.0,0.0,5.0,5.0,55.56,122.73,1.0,1.0,11.11,24.55,0.0,0.0,0.0,0.0,1.0,1.0,11.11,24.55,0.0,0.0,0.0,0.0,0.0,0.0,0.0,0.0,0.0,0.0,0.0,0.0,0.0,0.0,0.0,0.0,0.0,0.0,0.0,0.0,0.0,0.0,0.0,0.0,1.0,1.0,11.11,24.55,0.0,0.0,0.0,0.0,1.0,1.0,11.11,24.55,3.0,3.0,33.33,73.64,0.0,0.0,0.0,0.0,2.0,2.0,22.22,49.09,0.0,0.0,0.0,0.0,0.0,0.0,0.0,0.0,0.0,0.0,0.0,0.0,0.0,55.56,-55.56,147.27,-5.0,-5.0,-55.56,1.47,1.47,0.0,0.0,0.0,,,0.75,,0.0,1.0,0.5,22.22,0.0,0.0,0.0,0.0
4,臺北台新戰神,14|10863|10865|13400,錢肯尼/魏芃禾/謝銘駿/史東,1,8,9.0,88.0,1.47,01:28,88.0,1.47,01:28,0.0,0.0,0.0,0.0,5.0,5.0,55.56,122.73,1.0,1.0,11.11,24.55,0.0,0.0,0.0,0.0,1.0,1.0,11.11,24.55,0.0,0.0,0.0,0.0,0.0,0.0,0.0,0.0,0.0,0.0,0.0,0.0,0.0,0.0,0.0,0.0,0.0,0.0,0.0,0.0,0.0,0.0,0.0,0.0,1.0,1.0,11.11,24.55,0.0,0.0,0.0,0.0,1.0,1.0,11.11,24.55,3.0,3.0,33.33,73.64,0.0,0.0,0.0,0.0,2.0,2.0,22.22,49.09,0.0,0.0,0.0,0.0,0.0,0.0,0.0,0.0,0.0,0.0,0.0,0.0,0.0,55.56,-55.56,147.27,-5.0,-5.0,-55.56,1.47,1.47,0.0,0.0,0.0,,,0.75,,0.0,1.0,0.5,22.22,0.0,0.0,0.0,0.0
4,臺北台新戰神,4|10863|10865|10869,張兆辰/魏芃禾/謝銘駿/基德,1,2,3.0,43.0,0.72,00:43,43.0,0.72,00:43,0.0,0.0,0.0,0.0,2.0,2.0,66.67,100.47,1.0,1.0,33.33,50.23,0.0,0.0,0.0,0.0,0.0,0.0,0.0,0.0,0.0,0.0,0.0,0.0,1.0,1.0,33.33,50.23,0.0,0.0,0.0,0.0,0.0,0.0,0.0,0.0,0.0,0.0,0.0,0.0,0.0,0.0,0.0,0.0,1.0,1.0,33.33,50.23,1.0,1.0,33.33,50.23,0.0,0.0,0.0,0.0,0.0,0.0,0.0,0.0,0.0,0.0,0.0,0.0,0.0,0.0,0.0,0.0,0.0,0.0,0.0,0.0,0.0,0.0,0.0,0.0,0.0,0.0,0.0,0.0,0.0,66.67,-66.67,100.47,-2.0,-2.0,-66.67,0.72,0.72,0.0,0.0,,0.0,,0.0,,,0.5,0.5,0.0,0.0,0.0,0.0,0.0
4,臺北台新戰神,10|10863|10864|10865,雷蒙恩/魏芃禾/劉彥廷/謝銘駿,2,15,18.0,247.21,4.12,04:07,123.6,2.06,02:04,8.0,4.0,44.44,69.9,9.0,4.5,50.0,78.64,4.0,2.0,22.22,34.95,2.0,1.0,11.11,17.48,3.0,1.5,16.67,26.21,2.0,1.0,11.11,17.48,1.0,0.5,5.56,8.74,0.0,0.0,0.0,0.0,8.0,4.0,44.44,69.9,4.0,2.0,22.22,34.95,0.0,0.0,0.0,0.0,4.0,2.0,22.22,34.95,0.0,0.0,0.0,0.0,3.0,1.5,16.67,26.21,1.0,0.5,5.56,8.74,0.0,0.0,0.0,0.0,1.0,0.5,5.56,8.74,0.0,0.0,0.0,0.0,5.0,2.5,27.78,43.69,2.0,1.0,11.11,17.48,44.44,50.0,-5.56,104.85,-1.0,-0.5,-5.56,4.12,2.06,0.5,0.53,0.67,0.0,0.5,0.12,0.0,0.0,1.0,0.57,5.56,0.0,0.28,11.11,2.0
4,臺北台新戰神,10|10863|10864|10869,雷蒙恩/魏芃禾/劉彥廷/基德,1,6,8.0,101.31,1.69,01:41,101.31,1.69,01:41,4.0,4.0,50.0,85.29,2.0,2.0,25.0,42.64,2.0,2.0,25.0,42.64,1.0,1.0,12.5,21.32,1.0,1.0,12.5,21.32,1.0,1.0,12.5,21.32,1.0,1.0,12.5,21.32,0.0,0.0,0.0,0.0,4.0,4.0,50.0,85.29,2.0,2.0,25.0,42.64,0.0,0.0,0.0,0.0,2.0,2.0,25.0,42.64,0.0,0.0,0.0,0.0,3.0,3.0,37.5,63.96,0.0,0.0,0.0,0.0,0.0,0.0,0.0,0.0,0.0,0.0,0.0,0.0,0.0,0.0,0.0,0.0,3.0,3.0,37.5,63.96,2.0,2.0,25.0,42.64,50.0,25.0,25.0,113.71,2.0,2.0,25.0,1.69,1.69,0.5,0.53,1.0,0.0,0.5,0.0,0.0,0.0,1.0,0.4,0.0,0.0,0.38,25.0,2.0
4,臺北台新戰神,10|10864|10865|10869,雷蒙恩/劉彥廷/謝銘駿/基德,1,5,7.0,83.31,1.39,01:23,83.31,1.39,01:23,4.0,4.0,57.14,103.71,0.0,0.0,0.0,0.0,2.0,2.0,28.57,51.86,1.0,1.0,14.29,25.93,1.0,1.0,14.29,25.93,1.0,1.0,14.29,25.93,1.0,1.0,14.29,25.93,0.0,0.0,0.0,0.0,4.0,4.0,57.14,103.71,2.0,2.0,28.57,51.86,0.0,0.0,0.0,0.0,2.0,2.0,28.57,51.86,0.0,0.0,0.0,0.0,3.0,3.0,42.86,77.78,0.0,0.0,0.0,0.0,0.0,0.0,0.0,0.0,0.0,0.0,0.0,0.0,0.0,0.0,0.0,0.0,3.0,3.0,42.86,77.78,0.0,0.0,0.0,0.0,57.14,0.0,57.14,121.0,4.0,4.0,57.14,1.39,1.39,0.5,0.53,1.0,0.0,0.5,0.0,0.0,0.0,1.0,0.4,0.0,0.0,0.43,0.0,2.0
4,臺北台新戰神,10863|10864|10865|10869,魏芃禾/劉彥廷/謝銘駿/基德,1,5,7.0,83.31,1.39,01:23,83.31,1.39,01:23,4.0,4.0,57.14,103.71,0.0,0.0,0.0,0.0,2.0,2.0,28.57,51.86,1.0,1.0,14.29,25.93,1.0,1.0,14.29,25.93,1.0,1.0,14.29,25.93,1.0,1.0,14.29,25.93,0.0,0.0,0.0,0.0,4.0,4.0,57.14,103.71,2.0,2.0,28.57,51.86,0.0,0.0,0.0,0.0,2.0,2.0,28.57,51.86,0.0,0.0,0.0,0.0,3.0,3.0,42.86,77.78,0.0,0.0,0.0,0.0,0.0,0.0,0.0,0.0,0.0,0.0,0.0,0.0,0.0,0.0,0.0,0.0,3.0,3.0,42.86,77.78,0.0,0.0,0.0,0.0,57.14,0.0,57.14,121.0,4.0,4.0,57.14,1.39,1.39,0.5,0.53,1.0,0.0,0.5,0.0,0.0,0.0,1.0,0.4,0.0,0.0,0.43,0.0,2.0
4,臺北台新戰神,5|10|10863|10864,黃聰翰/雷蒙恩/魏芃禾/劉彥廷,2,20,22.0,326.33,5.44,05:26,163.16,2.72,02:43,17.0,8.5,77.27,112.52,12.0,6.0,54.55,79.43,10.0,5.0,45.45,66.19,7.0,3.5,31.82,46.33,6.0,3.0,27.27,39.71,5.0,2.5,22.73,33.1,4.0,2.0,18.18,26.48,2.0,1.0,9.09,13.24,2.0,1.0,9.09,13.24,1.0,0.5,4.55,6.62,1.0,0.5,4.55,6.62,2.0,1.0,9.09,13.24,0.0,0.0,0.0,0.0,3.0,1.5,13.64,19.86,1.0,0.5,4.55,6.62,2.0,1.0,9.09,13.24,1.0,0.5,4.55,6.62,0.0,0.0,0.0,0.0,4.0,2.0,18.18,26.48,4.0,2.0,18.18,26.48,77.27,54.55,22.73,97.08,5.0,2.5,22.73,5.44,2.72,0.8,0.78,0.83,0.5,0.5,0.08,0.29,0.25,1.0,0.5,4.55,0.0,0.18,18.18,0.2
4,臺北台新戰神,5|10|10864|10869,黃聰翰/雷蒙恩/劉彥廷/基德,1,10,15.0,200.2,3.34,03:20,200.2,3.34,03:20,8.0,8.0,53.33,86.31,9.0,9.0,60.0,97.1,3.0,3.0,20.0,32.37,2.0,2.0,13.33,21.58,1.0,1.0,6.67,10.79,1.0,1.0,6.67,10.79,2.0,2.0,13.33,21.58,1.0,1.0,6.67,10.79,3.0,3.0,20.0,32.37,3.0,3.0,20.0,32.37,0.0,0.0,0.0,0.0,1.0,1.0,6.67,10.79,3.0,3.0,20.0,32.37,1.0,1.0,6.67,10.79,2.0,2.0,13.33,21.58,0.0,0.0,0.0,0.0,2.0,2.0,13.33,21.58,0.0,0.0,0.0,0.0,1.0,1.0,6.67,10.79,2.0,2.0,13.33,21.58,53.33,60.0,-6.67,107.89,-1.0,-1.0,-6.67,3.34,3.34,0.83,0.93,1.0,0.5,1.0,0.32,0.0,0.0,0.25,0.2,13.33,0.0,0.07,13.33,1.0
4,臺北台新戰神,5|10863|10864|10869,黃聰翰/魏芃禾/劉彥廷/基德,1,1,1.0,18.0,0.3,00:18,18.0,0.3,00:18,0.0,0.0,0.0,0.0,2.0,2.0,200.0,240.0,0.0,0.0,0.0,0.0,0.0,0.0,0.0,0.0,0.0,0.0,0.0,0.0,0.0,0.0,0.0,0.0,0.0,0.0,0.0,0.0,0.0,0.0,0.0,0.0,0.0,0.0,0.0,0.0,0.0,0.0,0.0,0.0,0.0,0.0,0.0,0.0,0.0,0.0,0.0,0.0,0.0,0.0,0.0,0.0,0.0,0.0,0.0,0.0,0.0,0.0,0.0,0.0,0.0,0.0,0.0,0.0,0.0,0.0,0.0,0.0,0.0,0.0,0.0,0.0,0.0,0.0,0.0,0.0,2.0,2.0,200.0,240.0,0.0,200.0,-200.0,80.0,-2.0,-2.0,-200.0,0.3,0.3,,,,,,,,,,,0.0,0.0,0.0,200.0,
4,新北中信特攻,48|104|8889|10879,李沛澄/貝奇/馬可/簡廷兆,1,6,11.0,135.5,2.26,02:16,135.5,2.26,02:16,4.0,4.0,36.36,63.76,8.0,8.0,72.73,127.53,5.0,5.0,45.45,79.7,1.0,1.0,9.09,15.94,3.0,3.0,27.27,47.82,1.0,1.0,9.09,15.94,2.0,2.0,18.18,31.88,0.0,0.0,0.0,0.0,2.0,2.0,18.18,31.88,2.0,2.0,18.18,31.88,3.0,3.0,27.27,47.82,1.0,1.0,9.09,15.94,0.0,0.0,0.0,0.0,0.0,0.0,0.0,0.0,1.0,1.0,9.09,15.94,0.0,0.0,0.0,0.0,1.0,1.0,9.09,15.94,0.0,0.0,0.0,0.0,1.0,1.0,9.09,15.94,3.0,3.0,27.27,47.82,36.36,72.73,-36.36,116.9,-4.0,-4.0,-36.36,2.26,2.26,0.2,0.34,0.33,0.0,1.0,0.15,0.0,1.0,1.0,1.0,9.09,0.0,0.09,27.27,0.4
4,新北中信特攻,48|104|10877|10879,李沛澄/貝奇/阿巴西/簡廷兆,1,6,11.0,135.5,2.26,02:16,135.5,2.26,02:16,4.0,4.0,36.36,63.76,8.0,8.0,72.73,127.53,5.0,5.0,45.45,79.7,1.0,1.0,9.09,15.94,3.0,3.0,27.27,47.82,1.0,1.0,9.09,15.94,2.0,2.0,18.18,31.88,0.0,0.0,0.0,0.0,2.0,2.0,18.18,31.88,2.0,2.0,18.18,31.88,3.0,3.0,27.27,47.82,1.0,1.0,9.09,15.94,0.0,0.0,0.0,0.0,0.0,0.0,0.0,0.0,1.0,1.0,9.09,15.94,0.0,0.0,0.0,0.0,1.0,1.0,9.09,15.94,0.0,0.0,0.0,0.0,1.0,1.0,9.09,15.94,3.0,3.0,27.27,47.82,36.36,72.73,-36.36,116.9,-4.0,-4.0,-36.36,2.26,2.26,0.2,0.34,0.33,0.0,1.0,0.15,0.0,1.0,1.0,1.0,9.09,0.0,0.09,27.27,0.4
4,臺北台新戰神,1|5|10|10864,丁聖儒/黃聰翰/雷蒙恩/劉彥廷,4,50,67.0,805.44,13.42,13:25,201.36,3.36,03:21,22.0,5.5,32.84,59.0,28.0,7.0,41.79,75.09,14.0,3.5,20.9,37.54,5.0,1.25,7.46,13.41,6.0,1.5,8.96,16.09,2.0,0.5,2.99,5.36,8.0,2.0,11.94,21.45,3.0,0.75,4.48,8.05,11.0,2.75,16.42,29.5,9.0,2.25,13.43,24.14,1.0,0.25,1.49,2.68,9.0,2.25,13.43,24.14,10.0,2.5,14.93,26.82,9.0,2.25,13.43,24.14,8.0,2.0,11.94,21.45,3.0,0.75,4.48,8.05,6.0,1.5,8.96,16.09,0.0,0.0,0.0,0.0,7.0,1.75,10.45,18.77,11.0,2.75,16.42,29.5,32.84,41.79,-8.96,119.79,-6.0,-1.5,-8.96,13.42,3.36,0.46,0.58,0.33,0.38,0.82,0.3,0.6,0.1,0.47,0.34,8.96,0.0,0.1,16.42,0.79
4,臺北台新戰神,1|5|10864|10869,丁聖儒/黃聰翰/劉彥廷/基德,1,9,14.0,182.2,3.04,03:02,182.2,3.04,03:02,8.0,8.0,57.14,94.84,7.0,7.0,50.0,82.99,3.0,3.0,21.43,35.57,2.0,2.0,14.29,23.71,1.0,1.0,7.14,11.86,1.0,1.0,7.14,11.86,2.0,2.0,14.29,23.71,1.0,1.0,7.14,11.86,3.0,3.0,21.43,35.57,3.0,3.0,21.43,35.57,0.0,0.0,0.0,0.0,1.0,1.0,7.14,11.86,3.0,3.0,21.43,35.57,1.0,1.0,7.14,11.86,2.0,2.0,14.29,23.71,0.0,0.0,0.0,0.0,2.0,2.0,14.29,23.71,0.0,0.0,0.0,0.0,1.0,1.0,7.14,11.86,0.0,0.0,0.0,0.0,57.14,50.0,7.14,110.65,1.0,1.0,7.14,3.04,3.04,0.83,0.93,1.0,0.5,1.0,0.32,0.0,0.0,0.25,0.2,14.29,0.0,0.07,0.0,1.0
4,臺北台新戰神,1|10|10864|10869,丁聖儒/雷蒙恩/劉彥廷/基德,1,9,14.0,182.2,3.04,03:02,182.2,3.04,03:02,8.0,8.0,57.14,94.84,7.0,7.0,50.0,82.99,3.0,3.0,21.43,35.57,2.0,2.0,14.29,23.71,1.0,1.0,7.14,11.86,1.0,1.0,7.14,11.86,2.0,2.0,14.29,23.71,1.0,1.0,7.14,11.86,3.0,3.0,21.43,35.57,3.0,3.0,21.43,35.57,0.0,0.0,0.0,0.0,1.0,1.0,7.14,11.86,3.0,3.0,21.43,35.57,1.0,1.0,7.14,11.86,2.0,2.0,14.29,23.71,0.0,0.0,0.0,0.0,2.0,2.0,14.29,23.71,0.0,0.0,0.0,0.0,1.0,1.0,7.14,11.86,0.0,0.0,0.0,0.0,57.14,50.0,7.14,110.65,1.0,1.0,7.14,3.04,3.04,0.83,0.93,1.0,0.5,1.0,0.32,0.0,0.0,0.25,0.2,14.29,0.0,0.07,0.0,1.0
4,臺北台新戰神,1|4|5|10864,丁聖儒/張兆辰/黃聰翰/劉彥廷,2,32,38.0,577.95,9.63,09:38,288.98,4.82,04:49,16.0,8.0,42.11,59.8,17.0,8.5,44.74,63.53,11.0,5.5,28.95,41.11,5.0,2.5,13.16,18.69,2.0,1.0,5.26,7.47,2.0,1.0,5.26,7.47,9.0,4.5,23.68,33.64,3.0,1.5,7.89,11.21,4.0,2.0,10.53,14.95,3.0,1.5,7.89,11.21,1.0,0.5,2.63,3.74,6.0,3.0,15.79,22.42,4.0,2.0,10.53,14.95,6.0,3.0,15.79,22.42,4.0,2.0,10.53,14.95,2.0,1.0,5.26,7.47,3.0,1.5,7.89,11.21,0.0,0.0,0.0,0.0,3.0,1.5,7.89,11.21,2.0,1.0,5.26,7.47,42.11,44.74,-2.63,94.68,-1.0,-0.5,-2.63,9.63,4.82,0.59,0.63,1.0,0.33,0.75,0.24,0.4,0.14,0.6,0.41,7.89,0.0,0.08,5.26,0.36
4,臺北台新戰神,1|4|10|10864,丁聖儒/張兆辰/雷蒙恩/劉彥廷,2,16,21.0,244.5,4.08,04:05,122.25,2.04,02:02,6.0,3.0,28.57,53.01,9.0,4.5,42.86,79.51,5.0,2.5,23.81,44.17,2.0,1.0,9.52,17.67,3.0,1.5,14.29,26.5,1.0,0.5,4.76,8.83,2.0,1.0,9.52,17.67,1.0,0.5,4.76,8.83,2.0,1.0,9.52,17.67,1.0,0.5,4.76,8.83,1.0,0.5,4.76,8.83,4.0,2.0,19.05,35.34,3.0,1.5,14.29,26.5,2.0,1.0,9.52,17.67,2.0,1.0,9.52,17.67,0.0,0.0,0.0,0.0,2.0,1.0,9.52,17.67,0.0,0.0,0.0,0.0,0.0,0.0,0.0,0.0,4.0,2.0,19.05,35.34,28.57,42.86,-14.29,123.68,-3.0,-1.5,-14.29,4.08,2.04,0.5,0.51,0.33,0.5,0.5,0.25,0.0,0.33,0.57,0.5,9.52,0.0,0.0,19.05,0.4
4,臺北台新戰神,4|5|10|10864,張兆辰/黃聰翰/雷蒙恩/劉彥廷,3,31,39.0,546.98,9.12,09:07,182.33,3.04,03:02,11.0,3.67,28.21,43.44,20.0,6.67,51.28,78.98,14.0,4.67,35.9,55.28,4.0,1.33,10.26,15.8,10.0,3.33,25.64,39.49,3.0,1.0,7.69,11.85,4.0,1.33,10.26,15.8,1.0,0.33,2.56,3.95,4.0,1.33,10.26,15.8,2.0,0.67,5.13,7.9,3.0,1.0,7.69,11.85,8.0,2.67,20.51,31.59,2.0,0.67,5.13,7.9,2.0,0.67,5.13,7.9,2.0,0.67,5.13,7.9,0.0,0.0,0.0,0.0,2.0,0.67,5.13,7.9,2.0,0.67,5.13,7.9,4.0,1.33,10.26,15.8,3.0,1.0,7.69,11.85,28.21,51.28,-23.08,102.67,-9.0,-3.0,-23.08,9.12,3.04,0.32,0.35,0.3,0.25,0.5,0.11,0.0,0.6,0.8,0.73,5.13,5.13,0.1,7.69,0.29
4,新北中信特攻,47|48|104|10879,曾文鼎/李沛澄/貝奇/簡廷兆,2,8,9.0,93.0,1.55,01:33,46.5,0.78,00:46,0.0,0.0,0.0,0.0,2.0,1.0,22.22,46.45,4.0,2.0,44.44,92.9,0.0,0.0,0.0,0.0,1.0,0.5,11.11,23.23,0.0,0.0,0.0,0.0,3.0,1.5,33.33,69.68,0.0,0.0,0.0,0.0,0.0,0.0,0.0,0.0,0.0,0.0,0.0,0.0,0.0,0.0,0.0,0.0,3.0,1.5,33.33,69.68,0.0,0.0,0.0,0.0,2.0,1.0,22.22,46.45,1.0,0.5,11.11,23.23,0.0,0.0,0.0,0.0,0.0,0.0,0.0,0.0,0.0,0.0,0.0,0.0,0.0,0.0,0.0,0.0,0.0,0.0,0.0,0.0,0.0,22.22,-22.22,139.35,-2.0,-1.0,-22.22,1.55,0.78,0.0,0.0,0.0,0.0,,0.2,,0.0,1.0,0.6,0.0,0.0,0.0,0.0,0.0
4,新北中信特攻,47|48|104|10880,曾文鼎/李沛澄/貝奇/內馬,1,1,1.0,1.0,0.02,00:01,1.0,0.02,00:01,0.0,0.0,0.0,0.0,0.0,0.0,0.0,0.0,0.0,0.0,0.0,0.0,0.0,0.0,0.0,0.0,0.0,0.0,0.0,0.0,0.0,0.0,0.0,0.0,0.0,0.0,0.0,0.0,0.0,0.0,0.0,0.0,0.0,0.0,0.0,0.0,0.0,0.0,0.0,0.0,0.0,0.0,0.0,0.0,0.0,0.0,0.0,0.0,0.0,0.0,0.0,0.0,0.0,0.0,0.0,0.0,1.0,1.0,100.0,2160.0,0.0,0.0,0.0,0.0,0.0,0.0,0.0,0.0,0.0,0.0,0.0,0.0,0.0,0.0,0.0,0.0,0.0,0.0,0.0,0.0,0.0,0.0,0.0,1440.0,0.0,0.0,0.0,0.02,0.02,,,,,,1.0,,,,,0.0,0.0,0.0,0.0,
4,新北中信特攻,47|48|10879|10880,曾文鼎/李沛澄/簡廷兆/內馬,2,2,2.0,1.05,0.02,00:01,0.53,0.01,00:01,2.0,1.0,100.0,4106.46,0.0,0.0,0.0,0.0,0.0,0.0,0.0,0.0,0.0,0.0,0.0,0.0,0.0,0.0,0.0,0.0,0.0,0.0,0.0,0.0,0.0,0.0,0.0,0.0,0.0,0.0,0.0,0.0,2.0,1.0,100.0,4106.46,2.0,1.0,100.0,4106.46,0.0,0.0,0.0,0.0,0.0,0.0,0.0,0.0,0.0,0.0,0.0,0.0,0.0,0.0,0.0,0.0,1.0,0.5,50.0,2053.23,0.0,0.0,0.0,0.0,0.0,0.0,0.0,0.0,0.0,0.0,0.0,0.0,0.0,0.0,0.0,0.0,0.0,0.0,0.0,0.0,100.0,0.0,100.0,2737.64,2.0,1.0,100.0,0.02,0.01,,1.14,,,1.0,0.53,,,,,0.0,0.0,0.0,0.0,
4,新北中信特攻,48|104|10879|10880,李沛澄/貝奇/簡廷兆/內馬,2,5,7.0,65.63,1.09,01:06,32.82,0.55,00:33,3.0,1.5,42.86,98.73,1.0,0.5,14.29,32.91,2.0,1.0,28.57,65.82,1.0,0.5,14.29,32.91,1.0,0.5,14.29,32.91,0.0,0.0,0.0,0.0,1.0,0.5,14.29,32.91,1.0,0.5,14.29,32.91,1.0,0.5,14.29,32.91,0.0,0.0,0.0,0.0,1.0,0.5,14.29,32.91,0.0,0.0,0.0,0.0,0.0,0.0,0.0,0.0,1.0,0.5,14.29,32.91,2.0,1.0,28.57,65.82,1.0,0.5,14.29,32.91,0.0,0.0,0.0,0.0,0.0,0.0,0.0,0.0,0.0,0.0,0.0,0.0,2.0,1.0,28.57,65.82,42.86,14.29,28.57,153.59,2.0,1.0,28.57,1.09,0.55,0.75,0.61,0.0,1.0,0.0,0.45,1.0,0.5,,0.5,0.0,0.0,0.0,28.57,0.5
4,新北中信特攻,40|43|104|10880,謝亞軒/林韋翰/貝奇/內馬,5,42,50.0,751.2,12.52,12:31,150.24,2.5,02:30,30.0,6.0,60.0,86.26,17.0,3.4,34.0,48.88,16.0,3.2,32.0,46.01,10.0,2.0,20.0,28.75,9.0,1.8,18.0,25.88,5.0,1.0,10.0,14.38,7.0,1.4,14.0,20.13,5.0,1.0,10.0,14.38,8.0,1.6,16.0,23.0,3.0,0.6,6.0,8.63,3.0,0.6,6.0,8.63,4.0,0.8,8.0,11.5,4.0,0.8,8.0,11.5,8.0,1.6,16.0,23.0,4.0,0.8,8.0,11.5,8.0,1.6,16.0,23.0,2.0,0.4,4.0,5.75,0.0,0.0,0.0,0.0,7.0,1.4,14.0,20.13,10.0,2.0,20.0,28.75,60.0,34.0,26.0,95.85,13.0,2.6,26.0,12.52,2.5,0.78,0.77,0.56,0.71,0.38,0.17,0.8,0.27,0.5,0.37,4.0,0.0,0.14,20.0,0.5
4,新北中信特攻,40|47|104|10880,謝亞軒/曾文鼎/貝奇/內馬,5,70,82.0,1151.71,19.2,19:12,230.34,3.84,03:50,46.0,9.2,56.1,86.27,20.0,4.0,24.39,37.51,29.0,5.8,35.37,54.39,16.0,3.2,19.51,30.01,13.0,2.6,15.85,24.38,7.0,1.4,8.54,13.13,16.0,3.2,19.51,30.01,9.0,1.8,10.98,16.88,9.0,1.8,10.98,16.88,5.0,1.0,6.1,9.38,3.0,0.6,3.66,5.63,11.0,2.2,13.41,20.63,5.0,1.0,6.1,9.38,18.0,3.6,21.95,33.76,6.0,1.2,7.32,11.25,15.0,3.0,18.29,28.13,3.0,0.6,3.66,5.63,0.0,0.0,0.0,0.0,11.0,2.2,13.41,20.63,2.0,0.4,2.44,3.75,56.1,24.39,31.71,102.53,26.0,5.2,31.71,19.2,3.84,0.71,0.7,0.54,0.56,0.56,0.15,0.94,0.14,0.69,0.38,3.66,0.0,0.13,2.44,0.31
4,臺北台新戰神,1|4|5|10869,丁聖儒/張兆辰/黃聰翰/基德,1,9,10.0,185.13,3.09,03:05,185.13,3.09,03:05,2.0,2.0,20.0,23.34,0.0,0.0,0.0,0.0,3.0,3.0,30.0,35.0,1.0,1.0,10.0,11.67,3.0,3.0,30.0,35.0,1.0,1.0,10.0,11.67,0.0,0.0,0.0,0.0,0.0,0.0,0.0,0.0,0.0,0.0,0.0,0.0,0.0,0.0,0.0,0.0,0.0,0.0,0.0,0.0,2.0,2.0,20.0,23.34,0.0,0.0,0.0,0.0,2.0,2.0,20.0,23.34,1.0,1.0,10.0,11.67,0.0,0.0,0.0,0.0,1.0,1.0,10.0,11.67,0.0,0.0,0.0,0.0,2.0,2.0,20.0,23.34,2.0,2.0,20.0,23.34,20.0,0.0,20.0,77.78,2.0,2.0,20.0,3.09,3.09,0.33,0.33,0.33,,,0.25,0.0,0.0,1.0,0.5,10.0,0.0,0.2,20.0,0.0
4,臺北台新戰神,1|4|14|10864,丁聖儒/張兆辰/錢肯尼/劉彥廷,1,3,4.0,94.0,1.57,01:34,94.0,1.57,01:34,3.0,3.0,75.0,68.94,3.0,3.0,75.0,68.94,3.0,3.0,75.0,68.94,1.0,1.0,25.0,22.98,0.0,0.0,0.0,0.0,0.0,0.0,0.0,0.0,3.0,3.0,75.0,68.94,1.0,1.0,25.0,22.98,0.0,0.0,0.0,0.0,0.0,0.0,0.0,0.0,1.0,1.0,25.0,22.98,1.0,1.0,25.0,22.98,0.0,0.0,0.0,0.0,0.0,0.0,0.0,0.0,0.0,0.0,0.0,0.0,0.0,0.0,0.0,0.0,0.0,0.0,0.0,0.0,0.0,0.0,0.0,0.0,0.0,0.0,0.0,0.0,0.0,0.0,0.0,0.0,75.0,75.0,0.0,61.28,0.0,0.0,0.0,1.57,1.57,0.5,0.5,,0.33,,0.0,0.0,1.0,1.0,1.0,0.0,0.0,0.0,0.0,0.0
4,臺北台新戰神,1|5|14|10864,丁聖儒/黃聰翰/錢肯尼/劉彥廷,2,9,10.0,228.74,3.81,03:49,114.37,1.91,01:54,9.0,4.5,90.0,84.99,8.0,4.0,80.0,75.54,6.0,3.0,60.0,56.66,3.0,1.5,30.0,28.33,0.0,0.0,0.0,0.0,0.0,0.0,0.0,0.0,6.0,3.0,60.0,56.66,3.0,1.5,30.0,28.33,0.0,0.0,0.0,0.0,0.0,0.0,0.0,0.0,1.0,0.5,10.0,9.44,2.0,1.0,20.0,18.89,0.0,0.0,0.0,0.0,0.0,0.0,0.0,0.0,0.0,0.0,0.0,0.0,2.0,1.0,20.0,18.89,0.0,0.0,0.0,0.0,0.0,0.0,0.0,0.0,2.0,1.0,20.0,18.89,2.0,1.0,20.0,18.89,90.0,80.0,10.0,62.95,1.0,0.5,10.0,3.81,1.91,0.75,0.75,,0.5,,0.0,0.67,1.0,1.0,1.0,0.0,0.0,0.2,20.0,0.0
4,臺北台新戰神,4|5|14|10864,張兆辰/黃聰翰/錢肯尼/劉彥廷,1,3,4.0,94.0,1.57,01:34,94.0,1.57,01:34,3.0,3.0,75.0,68.94,3.0,3.0,75.0,68.94,3.0,3.0,75.0,68.94,1.0,1.0,25.0,22.98,0.0,0.0,0.0,0.0,0.0,0.0,0.0,0.0,3.0,3.0,75.0,68.94,1.0,1.0,25.0,22.98,0.0,0.0,0.0,0.0,0.0,0.0,0.0,0.0,1.0,1.0,25.0,22.98,1.0,1.0,25.0,22.98,0.0,0.0,0.0,0.0,0.0,0.0,0.0,0.0,0.0,0.0,0.0,0.0,0.0,0.0,0.0,0.0,0.0,0.0,0.0,0.0,0.0,0.0,0.0,0.0,0.0,0.0,0.0,0.0,0.0,0.0,0.0,0.0,75.0,75.0,0.0,61.28,0.0,0.0,0.0,1.57,1.57,0.5,0.5,,0.33,,0.0,0.0,1.0,1.0,1.0,0.0,0.0,0.0,0.0,0.0
4,臺北台新戰神,1|5|14|10865,丁聖儒/黃聰翰/錢肯尼/謝銘駿,2,29,34.0,507.94,8.47,08:28,253.97,4.23,04:14,21.0,10.5,61.76,89.3,14.0,7.0,41.18,59.54,17.0,8.5,50.0,72.29,9.0,4.5,26.47,38.27,11.0,5.5,32.35,46.78,7.0,3.5,20.59,29.77,6.0,3.0,17.65,25.52,2.0,1.0,5.88,8.51,2.0,1.0,5.88,8.51,1.0,0.5,2.94,4.25,1.0,0.5,2.94,4.25,8.0,4.0,23.53,34.02,1.0,0.5,2.94,4.25,1.0,0.5,2.94,4.25,0.0,0.0,0.0,0.0,5.0,2.5,14.71,21.26,0.0,0.0,0.0,0.0,0.0,0.0,0.0,0.0,0.0,0.0,0.0,0.0,1.0,0.5,2.94,4.25,61.76,41.18,20.59,96.39,7.0,3.5,20.59,8.47,4.23,0.59,0.59,0.64,0.33,0.5,0.0,0.56,0.5,0.89,0.82,0.0,0.0,0.0,2.94,0.12
4,臺北台新戰神,4|5|14|10865,張兆辰/黃聰翰/錢肯尼/謝銘駿,2,26,35.0,453.51,7.56,07:34,226.76,3.78,03:47,19.0,9.5,54.29,90.49,15.0,7.5,42.86,71.44,15.0,7.5,42.86,71.44,6.0,3.0,17.14,28.58,11.0,5.5,31.43,52.39,3.0,1.5,8.57,14.29,4.0,2.0,11.43,19.05,3.0,1.5,8.57,14.29,7.0,3.5,20.0,33.34,4.0,2.0,11.43,19.05,5.0,2.5,14.29,23.81,6.0,3.0,17.14,28.58,3.0,1.5,8.57,14.29,4.0,2.0,11.43,19.05,0.0,0.0,0.0,0.0,4.0,2.0,11.43,19.05,0.0,0.0,0.0,0.0,1.0,0.5,2.86,4.76,3.0,1.5,8.57,14.29,4.0,2.0,11.43,19.05,54.29,42.86,11.43,111.13,4.0,2.0,11.43,7.56,3.78,0.5,0.53,0.27,0.75,0.57,0.0,0.67,0.56,0.67,0.61,0.0,2.86,0.09,11.43,0.47
4,臺北台新戰神,10|14|10863|10864,雷蒙恩/錢肯尼/魏芃禾/劉彥廷,1,2,2.0,38.0,0.63,00:38,38.0,0.63,00:38,0.0,0.0,0.0,0.0,2.0,2.0,100.0,113.68,0.0,0.0,0.0,0.0,0.0,0.0,0.0,0.0,0.0,0.0,0.0,0.0,0.0,0.0,0.0,0.0,0.0,0.0,0.0,0.0,0.0,0.0,0.0,0.0,0.0,0.0,0.0,0.0,0.0,0.0,0.0,0.0,0.0,0.0,0.0,0.0,0.0,0.0,0.0,0.0,0.0,0.0,0.0,0.0,0.0,0.0,0.0,0.0,1.0,1.0,50.0,56.84,0.0,0.0,0.0,0.0,1.0,1.0,50.0,56.84,0.0,0.0,0.0,0.0,0.0,0.0,0.0,0.0,0.0,0.0,0.0,0.0,0.0,100.0,-100.0,75.79,-2.0,-2.0,-100.0,0.63,0.63,,,,,,1.0,,,,,50.0,0.0,0.0,0.0,
4,臺北台新戰神,10|14|10863|10865,雷蒙恩/錢肯尼/魏芃禾/謝銘駿,1,2,2.0,38.0,0.63,00:38,38.0,0.63,00:38,0.0,0.0,0.0,0.0,2.0,2.0,100.0,113.68,0.0,0.0,0.0,0.0,0.0,0.0,0.0,0.0,0.0,0.0,0.0,0.0,0.0,0.0,0.0,0.0,0.0,0.0,0.0,0.0,0.0,0.0,0.0,0.0,0.0,0.0,0.0,0.0,0.0,0.0,0.0,0.0,0.0,0.0,0.0,0.0,0.0,0.0,0.0,0.0,0.0,0.0,0.0,0.0,0.0,0.0,0.0,0.0,1.0,1.0,50.0,56.84,0.0,0.0,0.0,0.0,1.0,1.0,50.0,56.84,0.0,0.0,0.0,0.0,0.0,0.0,0.0,0.0,0.0,0.0,0.0,0.0,0.0,100.0,-100.0,75.79,-2.0,-2.0,-100.0,0.63,0.63,,,,,,1.0,,,,,50.0,0.0,0.0,0.0,
4,臺北台新戰神,10|14|10864|10865,雷蒙恩/錢肯尼/劉彥廷/謝銘駿,2,8,9.0,180.0,3.0,03:00,90.0,1.5,01:30,3.0,1.5,33.33,36.0,8.0,4.0,88.89,96.0,2.0,1.0,22.22,24.0,1.0,0.5,11.11,12.0,1.0,0.5,11.11,12.0,0.0,0.0,0.0,0.0,1.0,0.5,11.11,12.0,1.0,0.5,11.11,12.0,0.0,0.0,0.0,0.0,0.0,0.0,0.0,0.0,0.0,0.0,0.0,0.0,1.0,0.5,11.11,12.0,0.0,0.0,0.0,0.0,1.0,0.5,11.11,12.0,2.0,1.0,22.22,24.0,1.0,0.5,11.11,12.0,2.0,1.0,22.22,24.0,0.0,0.0,0.0,0.0,1.0,0.5,11.11,12.0,0.0,0.0,0.0,0.0,33.33,88.89,-55.56,72.0,-5.0,-2.5,-55.56,3.0,1.5,0.75,0.75,0.0,1.0,,0.5,1.0,0.0,1.0,0.5,22.22,0.0,0.11,0.0,0.0
4,臺北台新戰神,14|10863|10864|10865,錢肯尼/魏芃禾/劉彥廷/謝銘駿,1,2,2.0,38.0,0.63,00:38,38.0,0.63,00:38,0.0,0.0,0.0,0.0,2.0,2.0,100.0,113.68,0.0,0.0,0.0,0.0,0.0,0.0,0.0,0.0,0.0,0.0,0.0,0.0,0.0,0.0,0.0,0.0,0.0,0.0,0.0,0.0,0.0,0.0,0.0,0.0,0.0,0.0,0.0,0.0,0.0,0.0,0.0,0.0,0.0,0.0,0.0,0.0,0.0,0.0,0.0,0.0,0.0,0.0,0.0,0.0,0.0,0.0,0.0,0.0,1.0,1.0,50.0,56.84,0.0,0.0,0.0,0.0,1.0,1.0,50.0,56.84,0.0,0.0,0.0,0.0,0.0,0.0,0.0,0.0,0.0,0.0,0.0,0.0,0.0,100.0,-100.0,75.79,-2.0,-2.0,-100.0,0.63,0.63,,,,,,1.0,,,,,50.0,0.0,0.0,0.0,
4,新北中信特攻,40|43|48|104,謝亞軒/林韋翰/李沛澄/貝奇,2,7,10.0,124.0,2.07,02:04,62.0,1.03,01:02,4.0,2.0,40.0,69.68,2.0,1.0,20.0,34.84,3.0,1.5,30.0,52.26,1.0,0.5,10.0,17.42,2.0,1.0,20.0,34.84,1.0,0.5,10.0,17.42,1.0,0.5,10.0,17.42,0.0,0.0,0.0,0.0,2.0,1.0,20.0,34.84,2.0,1.0,20.0,34.84,0.0,0.0,0.0,0.0,2.0,1.0,20.0,34.84,1.0,0.5,10.0,17.42,2.0,1.0,20.0,34.84,0.0,0.0,0.0,0.0,0.0,0.0,0.0,0.0,0.0,0.0,0.0,0.0,1.0,0.5,10.0,17.42,1.0,0.5,10.0,17.42,0.0,0.0,0.0,0.0,40.0,20.0,20.0,116.13,2.0,1.0,20.0,2.07,1.03,0.33,0.52,0.5,0.0,1.0,0.0,0.0,0.0,0.67,0.4,0.0,10.0,0.1,0.0,0.67
4,新北中信特攻,40|43|48|10880,謝亞軒/林韋翰/李沛澄/內馬,1,1,2.0,43.0,0.72,00:43,43.0,0.72,00:43,0.0,0.0,0.0,0.0,2.0,2.0,100.0,100.47,0.0,0.0,0.0,0.0,0.0,0.0,0.0,0.0,0.0,0.0,0.0,0.0,0.0,0.0,0.0,0.0,0.0,0.0,0.0,0.0,0.0,0.0,0.0,0.0,0.0,0.0,0.0,0.0,0.0,0.0,0.0,0.0,0.0,0.0,0.0,0.0,0.0,0.0,0.0,0.0,1.0,1.0,50.0,50.23,0.0,0.0,0.0,0.0,0.0,0.0,0.0,0.0,0.0,0.0,0.0,0.0,0.0,0.0,0.0,0.0,0.0,0.0,0.0,0.0,0.0,0.0,0.0,0.0,0.0,0.0,0.0,0.0,0.0,100.0,-100.0,66.98,-2.0,-2.0,-100.0,0.72,0.72,,,,,,,,,0.0,0.0,0.0,0.0,0.0,0.0,
4,新北中信特攻,40|48|104|10880,謝亞軒/李沛澄/貝奇/內馬,2,13,17.0,194.39,3.24,03:14,97.19,1.62,01:37,8.0,4.0,47.06,88.89,7.0,3.5,41.18,77.78,8.0,4.0,47.06,88.89,3.0,1.5,17.65,33.34,2.0,1.0,11.76,22.22,1.0,0.5,5.88,11.11,6.0,3.0,35.29,66.67,2.0,1.0,11.76,22.22,0.0,0.0,0.0,0.0,0.0,0.0,0.0,0.0,3.0,1.5,17.65,33.34,2.0,1.0,11.76,22.22,1.0,0.5,5.88,11.11,1.0,0.5,5.88,11.11,1.0,0.5,5.88,11.11,2.0,1.0,11.76,22.22,1.0,0.5,5.88,11.11,0.0,0.0,0.0,0.0,0.0,0.0,0.0,0.0,1.0,0.5,5.88,11.11,47.06,41.18,5.88,125.93,1.0,0.5,5.88,3.24,1.62,0.5,0.5,0.5,0.33,,0.11,0.67,0.75,0.67,0.71,5.88,0.0,0.0,5.88,0.0
4,新北中信特攻,39|48|104|10879,魏嘉豪/李沛澄/貝奇/簡廷兆,1,3,5.0,60.63,1.01,01:01,60.63,1.01,01:01,3.0,3.0,60.0,106.88,0.0,0.0,0.0,0.0,2.0,2.0,40.0,71.25,1.0,1.0,20.0,35.63,1.0,1.0,20.0,35.63,0.0,0.0,0.0,0.0,1.0,1.0,20.0,35.63,1.0,1.0,20.0,35.63,1.0,1.0,20.0,35.63,0.0,0.0,0.0,0.0,1.0,1.0,20.0,35.63,0.0,0.0,0.0,0.0,0.0,0.0,0.0,0.0,1.0,1.0,20.0,35.63,1.0,1.0,20.0,35.63,1.0,1.0,20.0,35.63,0.0,0.0,0.0,0.0,0.0,0.0,0.0,0.0,0.0,0.0,0.0,0.0,0.0,0.0,0.0,0.0,60.0,0.0,60.0,118.75,3.0,3.0,60.0,1.01,1.01,0.75,0.61,0.0,1.0,0.0,0.29,1.0,0.5,,0.5,0.0,0.0,0.0,0.0,0.5
4,新北中信特攻,39|48|10879|10880,魏嘉豪/李沛澄/簡廷兆/內馬,1,3,5.0,60.63,1.01,01:01,60.63,1.01,01:01,3.0,3.0,60.0,106.88,0.0,0.0,0.0,0.0,2.0,2.0,40.0,71.25,1.0,1.0,20.0,35.63,1.0,1.0,20.0,35.63,0.0,0.0,0.0,0.0,1.0,1.0,20.0,35.63,1.0,1.0,20.0,35.63,1.0,1.0,20.0,35.63,0.0,0.0,0.0,0.0,1.0,1.0,20.0,35.63,0.0,0.0,0.0,0.0,0.0,0.0,0.0,0.0,1.0,1.0,20.0,35.63,1.0,1.0,20.0,35.63,1.0,1.0,20.0,35.63,0.0,0.0,0.0,0.0,0.0,0.0,0.0,0.0,0.0,0.0,0.0,0.0,0.0,0.0,0.0,0.0,60.0,0.0,60.0,118.75,3.0,3.0,60.0,1.01,1.01,0.75,0.61,0.0,1.0,0.0,0.29,1.0,0.5,,0.5,0.0,0.0,0.0,0.0,0.5
4,新北中信特攻,39|104|10879|10880,魏嘉豪/貝奇/簡廷兆/內馬,4,30,32.0,427.79,7.13,07:08,106.95,1.78,01:47,16.0,4.0,50.0,80.79,6.0,1.5,18.75,30.3,10.0,2.5,31.25,50.49,6.0,1.5,18.75,30.3,4.0,1.0,12.5,20.2,3.0,0.75,9.38,15.15,6.0,1.5,18.75,30.3,3.0,0.75,9.38,15.15,4.0,1.0,12.5,20.2,1.0,0.25,3.12,5.05,1.0,0.25,3.12,5.05,4.0,1.0,12.5,20.2,0.0,0.0,0.0,0.0,5.0,1.25,15.62,25.25,5.0,1.25,15.62,25.25,4.0,1.0,12.5,20.2,2.0,0.5,6.25,10.1,0.0,0.0,0.0,0.0,3.0,0.75,9.38,15.15,8.0,2.0,25.0,40.39,50.0,18.75,31.25,107.72,10.0,2.5,31.25,7.13,1.78,0.75,0.68,0.75,0.5,0.25,0.3,0.67,0.17,1.0,0.5,6.25,0.0,0.09,25.0,0.4
4,福爾摩沙夢想家,77|86|99|13906,馬建豪/林俊吉/盧冠良/班提爾,1,24,28.0,324.66,5.41,05:25,324.66,5.41,05:25,10.0,10.0,35.71,66.53,7.0,7.0,25.0,46.57,9.0,9.0,32.14,59.88,2.0,2.0,7.14,13.31,5.0,5.0,17.86,33.27,1.0,1.0,3.57,6.65,4.0,4.0,14.29,26.61,1.0,1.0,3.57,6.65,6.0,6.0,21.43,39.92,5.0,5.0,17.86,33.27,2.0,2.0,7.14,13.31,5.0,5.0,17.86,33.27,1.0,1.0,3.57,6.65,6.0,6.0,21.43,39.92,1.0,1.0,3.57,6.65,2.0,2.0,7.14,13.31,1.0,1.0,3.57,6.65,0.0,0.0,0.0,0.0,3.0,3.0,10.71,19.96,3.0,3.0,10.71,19.96,35.71,25.0,10.71,124.19,3.0,3.0,10.71,5.41,5.41,0.28,0.43,0.2,0.25,0.83,0.08,1.0,0.25,0.83,0.5,3.57,0.0,0.11,10.71,0.67
4,福爾摩沙夢想家,77|99|13777|13906,馬建豪/盧冠良/布依德/班提爾,2,24,28.0,319.86,5.33,05:20,159.93,2.67,02:40,10.0,5.0,35.71,67.53,10.0,5.0,35.71,67.53,8.0,4.0,28.57,54.02,2.0,1.0,7.14,13.51,5.0,2.5,17.86,33.76,1.0,0.5,3.57,6.75,3.0,1.5,10.71,20.26,1.0,0.5,3.57,6.75,8.0,4.0,28.57,54.02,5.0,2.5,17.86,33.76,2.0,1.0,7.14,13.51,4.0,2.0,14.29,27.01,1.0,0.5,3.57,6.75,5.0,2.5,17.86,33.76,1.0,0.5,3.57,6.75,2.0,1.0,7.14,13.51,1.0,0.5,3.57,6.75,0.0,0.0,0.0,0.0,4.0,2.0,14.29,27.01,4.0,2.0,14.29,27.01,35.71,35.71,0.0,126.05,0.0,0.0,0.0,5.33,2.67,0.31,0.43,0.2,0.33,0.62,0.08,1.0,0.29,0.8,0.5,3.57,0.0,0.14,14.29,1.0
4,福爾摩沙夢想家,86|99|13777|13906,林俊吉/盧冠良/布依德/班提爾,2,22,27.0,300.8,5.01,05:01,150.4,2.51,02:30,11.0,5.5,40.74,78.99,8.0,4.0,29.63,57.45,8.0,4.0,29.63,57.45,3.0,1.5,11.11,21.54,5.0,2.5,18.52,35.9,1.0,0.5,3.7,7.18,3.0,1.5,11.11,21.54,2.0,1.0,7.41,14.36,4.0,2.0,14.81,28.72,3.0,1.5,11.11,21.54,3.0,1.5,11.11,21.54,2.0,1.0,7.41,14.36,1.0,0.5,3.7,7.18,5.0,2.5,18.52,35.9,2.0,1.0,7.41,14.36,3.0,1.5,11.11,21.54,1.0,0.5,3.7,7.18,0.0,0.0,0.0,0.0,5.0,2.5,18.52,35.9,4.0,2.0,14.81,28.72,40.74,29.63,11.11,129.26,3.0,1.5,11.11,5.01,2.51,0.5,0.56,0.2,0.67,0.75,0.17,1.0,0.38,0.67,0.45,3.7,0.0,0.19,14.81,0.5
4,福爾摩沙夢想家,77|99|106|13906,馬建豪/盧冠良/高柏鎧/班提爾,2,18,20.0,271.47,4.52,04:31,135.73,2.26,02:16,6.0,3.0,30.0,47.74,5.0,2.5,25.0,39.78,9.0,4.5,45.0,71.61,2.0,1.0,10.0,15.91,5.0,2.5,25.0,39.78,2.0,1.0,10.0,15.91,4.0,2.0,20.0,31.83,0.0,0.0,0.0,0.0,2.0,1.0,10.0,15.91,2.0,1.0,10.0,15.91,1.0,0.5,5.0,7.96,6.0,3.0,30.0,47.74,0.0,0.0,0.0,0.0,5.0,2.5,25.0,39.78,1.0,0.5,5.0,7.96,0.0,0.0,0.0,0.0,0.0,0.0,0.0,0.0,0.0,0.0,0.0,0.0,0.0,0.0,0.0,0.0,0.0,0.0,0.0,0.0,30.0,25.0,5.0,106.09,1.0,0.5,5.0,4.52,2.26,0.22,0.3,0.4,0.0,1.0,0.09,0.0,0.17,1.0,0.58,0.0,0.0,0.0,0.0,0.22
4,福爾摩沙夢想家,77|86|103|13906,馬建豪/林俊吉/忻沃克/班提爾,3,31,38.0,480.83,8.01,08:01,160.28,2.67,02:40,19.0,6.33,50.0,85.35,14.0,4.67,36.84,62.89,12.0,4.0,31.58,53.91,5.0,1.67,13.16,22.46,6.0,2.0,15.79,26.95,3.0,1.0,7.89,13.48,6.0,2.0,15.79,26.95,2.0,0.67,5.26,8.98,7.0,2.33,18.42,31.45,7.0,2.33,18.42,31.45,4.0,1.33,10.53,17.97,3.0,1.0,7.89,13.48,2.0,0.67,5.26,8.98,6.0,2.0,15.79,26.95,3.0,1.0,7.89,13.48,3.0,1.0,7.89,13.48,2.0,0.67,5.26,8.98,0.0,0.0,0.0,0.0,6.0,2.0,15.79,26.95,10.0,3.33,26.32,44.92,50.0,36.84,13.16,113.8,5.0,1.67,13.16,8.01,2.67,0.5,0.63,0.5,0.33,1.0,0.17,0.6,0.4,0.6,0.47,5.26,0.0,0.16,26.32,0.58
4,福爾摩沙夢想家,79|86|103|13777,張宗憲/林俊吉/忻沃克/布依德,2,22,25.0,350.04,5.83,05:50,175.02,2.92,02:55,10.0,5.0,40.0,61.71,15.0,7.5,60.0,92.56,10.0,5.0,40.0,61.71,4.0,2.0,16.0,24.68,6.0,3.0,24.0,37.02,3.0,1.5,12.0,18.51,4.0,2.0,16.0,24.68,1.0,0.5,4.0,6.17,2.0,1.0,8.0,12.34,1.0,0.5,4.0,6.17,1.0,0.5,4.0,6.17,4.0,2.0,16.0,24.68,1.0,0.5,4.0,6.17,2.0,1.0,8.0,12.34,2.0,1.0,8.0,12.34,2.0,1.0,8.0,12.34,1.0,0.5,4.0,6.17,0.0,0.0,0.0,0.0,2.0,1.0,8.0,12.34,2.0,1.0,8.0,12.34,40.0,60.0,-20.0,102.85,-5.0,-2.5,-20.0,5.83,2.92,0.45,0.46,0.5,0.25,0.5,0.16,0.5,0.33,0.8,0.62,4.0,0.0,0.08,8.0,0.2
4,福爾摩沙夢想家,86|89|106|13777,林俊吉/蔣淯安/高柏鎧/布依德,1,17,18.0,217.91,3.63,03:38,217.91,3.63,03:38,8.0,8.0,44.44,79.3,12.0,12.0,66.67,118.95,7.0,7.0,38.89,69.39,3.0,3.0,16.67,29.74,6.0,6.0,33.33,59.47,3.0,3.0,16.67,29.74,1.0,1.0,5.56,9.91,0.0,0.0,0.0,0.0,2.0,2.0,11.11,19.82,2.0,2.0,11.11,19.82,1.0,1.0,5.56,9.91,2.0,2.0,11.11,19.82,2.0,2.0,11.11,19.82,1.0,1.0,5.56,9.91,1.0,1.0,5.56,9.91,0.0,0.0,0.0,0.0,1.0,1.0,5.56,9.91,0.0,0.0,0.0,0.0,0.0,0.0,0.0,0.0,0.0,0.0,0.0,0.0,44.44,66.67,-22.22,118.95,-4.0,-4.0,-22.22,3.63,3.63,0.43,0.51,0.5,0.0,1.0,0.11,0.0,0.5,0.5,0.5,5.56,0.0,0.0,0.0,0.29
4,福爾摩沙夢想家,79|86|103|13906,張宗憲/林俊吉/忻沃克/班提爾,8,97,112.0,1497.84,24.96,24:58,187.23,3.12,03:07,55.0,6.88,49.11,79.31,38.0,4.75,33.93,54.8,35.0,4.38,31.25,50.47,16.0,2.0,14.29,23.07,17.0,2.12,15.18,24.52,6.0,0.75,5.36,8.65,18.0,2.25,16.07,25.96,10.0,1.25,8.93,14.42,16.0,2.0,14.29,23.07,13.0,1.62,11.61,18.75,3.0,0.38,2.68,4.33,16.0,2.0,14.29,23.07,8.0,1.0,7.14,11.54,23.0,2.88,20.54,33.17,7.0,0.88,6.25,10.09,12.0,1.5,10.71,17.3,4.0,0.5,3.57,5.77,1.0,0.12,0.89,1.44,19.0,2.38,16.96,27.4,15.0,1.88,13.39,21.63,49.11,33.93,15.18,107.67,17.0,2.12,15.18,24.96,3.12,0.6,0.65,0.35,0.56,0.81,0.14,0.75,0.12,0.67,0.38,3.57,0.89,0.17,13.39,0.46
4,福爾摩沙夢想家,77|103|106|13906,馬建豪/忻沃克/高柏鎧/班提爾,4,82,98.0,1322.2,22.04,22:02,330.55,5.51,05:31,46.0,11.5,46.94,75.15,33.0,8.25,33.67,53.91,39.0,9.75,39.8,63.71,15.0,3.75,15.31,24.5,16.0,4.0,16.33,26.14,7.0,1.75,7.14,11.44,23.0,5.75,23.47,37.57,8.0,2.0,8.16,13.07,9.0,2.25,9.18,14.7,8.0,2.0,8.16,13.07,10.0,2.5,10.2,16.34,14.0,3.5,14.29,22.87,5.0,1.25,5.1,8.17,22.0,5.5,22.45,35.94,8.0,2.0,8.16,13.07,10.0,2.5,10.2,16.34,6.0,1.5,6.12,9.8,1.0,0.25,1.02,1.63,12.0,3.0,12.24,19.6,10.0,2.5,10.2,16.34,46.94,33.67,13.27,106.73,13.0,3.25,13.27,22.04,5.51,0.49,0.54,0.44,0.35,0.89,0.16,0.67,0.31,0.74,0.47,6.12,1.02,0.12,10.2,0.23
4,臺北台新戰神,1|10|14|13907,丁聖儒/雷蒙恩/錢肯尼/梅克,9,375,450.0,6331.08,105.52,105:31,703.45,11.72,11:43,211.0,23.44,46.89,71.99,217.0,24.11,48.22,74.03,170.0,18.89,37.78,58.0,77.0,8.56,17.11,26.27,100.0,11.11,22.22,34.12,54.0,6.0,12.0,18.42,70.0,7.78,15.56,23.88,23.0,2.56,5.11,7.85,44.0,4.89,9.78,15.01,32.0,3.56,7.11,10.92,27.0,3.0,6.0,9.21,72.0,8.0,16.0,24.56,26.0,2.89,5.78,8.87,76.0,8.44,16.89,25.93,27.0,3.0,6.0,9.21,50.0,5.56,11.11,17.06,18.0,2.0,4.0,6.14,2.0,0.22,0.44,0.68,43.0,4.78,9.56,14.67,39.0,4.33,8.67,13.31,46.89,48.22,-1.33,102.35,-6.0,-0.67,-1.33,105.52,11.72,0.52,0.56,0.54,0.33,0.73,0.12,0.65,0.26,0.73,0.49,4.0,0.44,0.1,8.67,0.26
4,臺北台新戰神,1|10|10869|13907,丁聖儒/雷蒙恩/基德/梅克,3,183,218.0,3118.44,51.97,51:58,1039.48,17.32,17:19,110.0,36.67,50.46,76.19,100.0,33.33,45.87,69.27,78.0,26.0,35.78,54.03,38.0,12.67,17.43,26.32,38.0,12.67,17.43,26.32,20.0,6.67,9.17,13.85,40.0,13.33,18.35,27.71,18.0,6.0,8.26,12.47,23.0,7.67,10.55,15.93,14.0,4.67,6.42,9.7,10.0,3.33,4.59,6.93,32.0,10.67,14.68,22.16,16.0,5.33,7.34,11.08,39.0,13.0,17.89,27.01,15.0,5.0,6.88,10.39,30.0,10.0,13.76,20.78,6.0,2.0,2.75,4.16,3.0,1.0,1.38,2.08,21.0,7.0,9.63,14.55,9.0,3.0,4.13,6.23,50.46,45.87,4.59,100.67,10.0,3.33,4.59,51.97,17.32,0.6,0.62,0.53,0.45,0.61,0.15,0.79,0.2,0.67,0.43,2.75,1.38,0.1,4.13,0.29
4,臺北台新戰神,1|14|10869|13907,丁聖儒/錢肯尼/基德/梅克,3,152,187.0,2591.36,43.19,43:11,863.79,14.4,14:24,89.0,29.67,47.59,74.18,93.0,31.0,49.73,77.52,63.0,21.0,33.69,52.51,30.0,10.0,16.04,25.01,34.0,11.33,18.18,28.34,17.0,5.67,9.09,14.17,29.0,9.67,15.51,24.17,13.0,4.33,6.95,10.84,25.0,8.33,13.37,20.84,17.0,5.67,9.09,14.17,8.0,2.67,4.28,6.67,26.0,8.67,13.9,21.67,16.0,5.33,8.56,13.34,31.0,10.33,16.58,25.84,15.0,5.0,8.02,12.5,23.0,7.67,12.3,19.17,7.0,2.33,3.74,5.83,2.0,0.67,1.07,1.67,23.0,7.67,12.3,19.17,9.0,3.0,4.81,7.5,47.59,49.73,-2.14,103.91,-4.0,-1.33,-2.14,43.19,14.4,0.58,0.6,0.5,0.45,0.68,0.17,0.77,0.21,0.62,0.42,3.74,1.07,0.12,4.81,0.4
4,臺北台新戰神,10|14|10869|13907,雷蒙恩/錢肯尼/基德/梅克,3,126,156.0,2093.28,34.89,34:53,697.76,11.63,11:38,79.0,26.33,50.64,81.52,71.0,23.67,45.51,73.26,55.0,18.33,35.26,56.75,26.0,8.67,16.67,26.83,30.0,10.0,19.23,30.96,13.0,4.33,8.33,13.41,25.0,8.33,16.03,25.8,13.0,4.33,8.33,13.41,17.0,5.67,10.9,17.54,12.0,4.0,7.69,12.38,8.0,2.67,5.13,8.25,22.0,7.33,14.1,22.7,13.0,4.33,8.33,13.41,25.0,8.33,16.03,25.8,10.0,3.33,6.41,10.32,21.0,7.0,13.46,21.67,4.0,1.33,2.56,4.13,2.0,0.67,1.28,2.06,16.0,5.33,10.26,16.51,7.0,2.33,4.49,7.22,50.64,45.51,5.13,107.31,8.0,2.67,5.13,34.89,11.63,0.59,0.63,0.43,0.52,0.71,0.14,0.81,0.24,0.63,0.44,2.56,1.28,0.1,4.49,0.31
4,臺北台新戰神,1|5|14|13907,丁聖儒/黃聰翰/錢肯尼/梅克,9,252,290.0,3918.51,65.31,65:19,435.39,7.26,07:15,142.0,15.78,48.97,78.27,136.0,15.11,46.9,74.97,100.0,11.11,34.48,55.12,45.0,5.0,15.52,24.81,48.0,5.33,16.55,26.46,24.0,2.67,8.28,13.23,52.0,5.78,17.93,28.66,21.0,2.33,7.24,11.58,42.0,4.67,14.48,23.15,31.0,3.44,10.69,17.09,15.0,1.67,5.17,8.27,43.0,4.78,14.83,23.7,15.0,1.67,5.17,8.27,51.0,5.67,17.59,28.11,23.0,2.56,7.93,12.68,28.0,3.11,9.66,15.43,15.0,1.67,5.17,8.27,4.0,0.44,1.38,2.2,33.0,3.67,11.38,18.19,21.0,2.33,7.24,11.58,48.97,46.9,2.07,106.57,6.0,0.67,2.07,65.31,7.26,0.56,0.6,0.5,0.4,0.74,0.16,0.62,0.23,0.74,0.47,5.17,1.38,0.11,7.24,0.42
4,臺北台新戰神,1|5|10869|13907,丁聖儒/黃聰翰/基德/梅克,3,112,120.0,1887.32,31.46,31:27,629.11,10.49,10:29,67.0,22.33,55.83,76.68,59.0,19.67,49.17,67.52,45.0,15.0,37.5,51.5,24.0,8.0,20.0,27.47,17.0,5.67,14.17,19.46,14.0,4.67,11.67,16.02,28.0,9.33,23.33,32.05,10.0,3.33,8.33,11.44,12.0,4.0,10.0,13.73,9.0,3.0,7.5,10.3,4.0,1.33,3.33,4.58,17.0,5.67,14.17,19.46,2.0,0.67,1.67,2.29,23.0,7.67,19.17,26.32,10.0,3.33,8.33,11.44,17.0,5.67,14.17,19.46,7.0,2.33,5.83,8.01,2.0,0.67,1.67,2.29,13.0,4.33,10.83,14.88,19.0,6.33,15.83,21.75,55.83,49.17,6.67,91.56,8.0,2.67,6.67,31.46,10.49,0.64,0.67,0.82,0.36,0.75,0.17,0.71,0.15,0.89,0.46,5.83,1.67,0.11,15.83,0.27
4,臺北台新戰神,5|14|10869|13907,黃聰翰/錢肯尼/基德/梅克,2,45,48.0,730.07,12.17,12:10,365.03,6.08,06:05,25.0,12.5,52.08,73.97,23.0,11.5,47.92,68.05,16.0,8.0,33.33,47.34,8.0,4.0,16.67,23.67,7.0,3.5,14.58,20.71,5.0,2.5,10.42,14.79,9.0,4.5,18.75,26.63,3.0,1.5,6.25,8.88,8.0,4.0,16.67,23.67,6.0,3.0,12.5,17.75,0.0,0.0,0.0,0.0,8.0,4.0,16.67,23.67,3.0,1.5,6.25,8.88,9.0,4.5,18.75,26.63,4.0,2.0,8.33,11.83,5.0,2.5,10.42,14.79,2.0,1.0,4.17,5.92,0.0,0.0,0.0,0.0,5.0,2.5,10.42,14.79,4.0,2.0,8.33,11.83,52.08,47.92,4.17,94.68,2.0,1.0,4.17,12.17,6.08,0.59,0.64,0.71,0.33,0.75,0.17,0.62,0.0,0.73,0.4,4.17,0.0,0.1,8.33,0.5
4,臺北台新戰神,1|5|10865|13907,丁聖儒/黃聰翰/謝銘駿/梅克,4,51,58.0,933.46,15.56,15:33,233.37,3.89,03:53,30.0,7.5,51.72,69.42,25.0,6.25,43.1,57.85,19.0,4.75,32.76,43.97,8.0,2.0,13.79,18.51,5.0,1.25,8.62,11.57,3.0,0.75,5.17,6.94,14.0,3.5,24.14,32.4,5.0,1.25,8.62,11.57,10.0,2.5,17.24,23.14,9.0,2.25,15.52,20.83,1.0,0.25,1.72,2.31,11.0,2.75,18.97,25.45,4.0,1.0,6.9,9.26,14.0,3.5,24.14,32.4,2.0,0.5,3.45,4.63,7.0,1.75,12.07,16.2,2.0,0.5,3.45,4.63,1.0,0.25,1.72,2.31,12.0,3.0,20.69,27.77,14.0,3.5,24.14,32.4,51.72,43.1,8.62,89.47,5.0,1.25,8.62,15.56,3.89,0.55,0.64,0.6,0.36,0.9,0.08,0.88,0.07,0.73,0.4,3.45,1.72,0.21,24.14,0.53
4,臺北台新戰神,1|10865|10869|13907,丁聖儒/謝銘駿/基德/梅克,2,29,35.0,527.13,8.79,08:47,263.56,4.39,04:24,17.0,8.5,48.57,69.66,12.0,6.0,34.29,49.17,10.0,5.0,28.57,40.98,4.0,2.0,11.43,16.39,4.0,2.0,11.43,16.39,2.0,1.0,5.71,8.2,6.0,3.0,17.14,24.59,2.0,1.0,5.71,8.2,10.0,5.0,28.57,40.98,7.0,3.5,20.0,28.68,1.0,0.5,2.86,4.1,6.0,3.0,17.14,24.59,4.0,2.0,11.43,16.39,8.0,4.0,22.86,32.78,2.0,1.0,5.71,8.2,5.0,2.5,14.29,20.49,1.0,0.5,2.86,4.1,2.0,1.0,5.71,8.2,8.0,4.0,22.86,32.78,10.0,5.0,28.57,40.98,48.57,34.29,14.29,95.61,5.0,2.5,14.29,8.79,4.39,0.5,0.59,0.5,0.33,0.7,0.12,1.25,0.11,0.6,0.37,2.86,5.71,0.23,28.57,1.0
4,臺北台新戰神,5|10865|10869|13907,黃聰翰/謝銘駿/基德/梅克,3,38,43.0,1209.13,20.15,20:09,403.04,6.72,06:43,36.0,12.0,83.72,64.31,18.0,6.0,41.86,32.16,15.0,5.0,34.88,26.8,11.0,3.67,25.58,19.65,6.0,2.0,13.95,10.72,5.0,1.67,11.63,8.93,9.0,3.0,20.93,16.08,6.0,2.0,13.95,10.72,8.0,2.67,18.6,14.29,8.0,2.67,18.6,14.29,1.0,0.33,2.33,1.79,3.0,1.0,6.98,5.36,2.0,0.67,4.65,3.57,12.0,4.0,27.91,21.44,2.0,0.67,4.65,3.57,7.0,2.33,16.28,12.5,2.0,0.67,4.65,3.57,1.0,0.33,2.33,1.79,9.0,3.0,20.93,16.08,14.0,4.67,32.56,25.01,83.72,41.86,41.86,51.21,18.0,6.0,41.86,20.15,6.72,0.93,0.97,0.83,0.67,1.0,0.1,0.64,0.08,0.6,0.22,4.65,2.33,0.21,32.56,0.53
4,臺北台新戰神,1|5|10|13907,丁聖儒/黃聰翰/雷蒙恩/梅克,10,253,296.0,4455.01,74.25,74:15,445.5,7.43,07:26,124.0,12.4,41.89,60.12,171.0,17.1,57.77,82.91,101.0,10.1,34.12,48.97,39.0,3.9,13.18,18.91,56.0,5.6,18.92,27.15,25.0,2.5,8.45,12.12,45.0,4.5,15.2,21.82,14.0,1.4,4.73,6.79,40.0,4.0,13.51,19.39,32.0,3.2,10.81,15.52,13.0,1.3,4.39,6.3,48.0,4.8,16.22,23.27,13.0,1.3,4.39,6.3,38.0,3.8,12.84,18.42,22.0,2.2,7.43,10.67,25.0,2.5,8.45,12.12,11.0,1.1,3.72,5.33,4.0,0.4,1.35,1.94,28.0,2.8,9.46,13.58,38.0,3.8,12.84,18.42,41.89,57.77,-15.88,95.68,-47.0,-4.7,-15.88,74.25,7.43,0.46,0.52,0.45,0.31,0.8,0.16,0.64,0.25,0.79,0.54,3.72,1.35,0.09,12.84,0.4
4,臺北台新戰神,1|10|10865|13907,丁聖儒/雷蒙恩/謝銘駿/梅克,5,83,109.0,1530.6,25.51,25:31,306.12,5.1,05:06,50.0,10.0,45.87,70.56,58.0,11.6,53.21,81.85,39.0,7.8,35.78,55.04,16.0,3.2,14.68,22.58,18.0,3.6,16.51,25.4,9.0,1.8,8.26,12.7,21.0,4.2,19.27,29.64,7.0,1.4,6.42,9.88,19.0,3.8,17.43,26.81,11.0,2.2,10.09,15.52,8.0,1.6,7.34,11.29,18.0,3.6,16.51,25.4,14.0,2.8,12.84,19.76,13.0,2.6,11.93,18.35,4.0,0.8,3.67,5.64,5.0,1.0,4.59,7.06,2.0,0.4,1.83,2.82,1.0,0.2,0.92,1.41,9.0,1.8,8.26,12.7,13.0,2.6,11.93,18.35,45.87,53.21,-7.34,102.55,-8.0,-1.6,-7.34,25.51,5.1,0.5,0.53,0.5,0.33,0.58,0.08,0.31,0.38,0.56,0.49,1.83,0.92,0.08,11.93,0.49
4,臺北台新戰神,5|10|10865|13907,黃聰翰/雷蒙恩/謝銘駿/梅克,5,56,64.0,1354.33,22.57,22:34,270.87,4.51,04:31,27.0,5.4,42.19,43.06,24.0,4.8,37.5,38.28,18.0,3.6,28.12,28.71,10.0,2.0,15.62,15.95,8.0,1.6,12.5,12.76,5.0,1.0,7.81,7.97,10.0,2.0,15.62,15.95,5.0,1.0,7.81,7.97,5.0,1.0,7.81,7.97,2.0,0.4,3.12,3.19,0.0,0.0,0.0,0.0,9.0,1.8,14.06,14.35,5.0,1.0,7.81,7.97,12.0,2.4,18.75,19.14,6.0,1.2,9.38,9.57,5.0,1.0,7.81,7.97,4.0,0.8,6.25,6.38,0.0,0.0,0.0,0.0,6.0,1.2,9.38,9.57,4.0,0.8,6.25,6.38,42.19,37.5,4.69,68.05,3.0,0.6,4.69,22.57,4.51,0.69,0.67,0.62,0.5,0.4,0.23,0.5,0.0,0.64,0.35,6.25,0.0,0.09,6.25,0.28
4,臺北台新戰神,10|10865|10869|13907,雷蒙恩/謝銘駿/基德/梅克,3,22,25.0,874.73,14.58,14:35,291.58,4.86,04:52,14.0,4.67,56.0,34.57,9.0,3.0,36.0,22.22,6.0,2.0,24.0,14.82,4.0,1.33,16.0,9.88,2.0,0.67,8.0,4.94,1.0,0.33,4.0,2.47,4.0,1.33,16.0,9.88,3.0,1.0,12.0,7.41,6.0,2.0,24.0,14.82,3.0,1.0,12.0,7.41,0.0,0.0,0.0,0.0,3.0,1.0,12.0,7.41,3.0,1.0,12.0,7.41,6.0,2.0,24.0,14.82,2.0,0.67,8.0,4.94,3.0,1.0,12.0,7.41,1.0,0.33,4.0,2.47,0.0,0.0,0.0,0.0,4.0,1.33,16.0,9.88,0.0,0.0,0.0,0.0,56.0,36.0,20.0,41.16,5.0,1.67,20.0,14.58,4.86,0.92,0.81,0.5,0.75,0.5,0.19,0.75,0.0,0.5,0.25,4.0,0.0,0.16,0.0,1.0
4,臺北台新戰神,10|14|10865|13907,雷蒙恩/錢肯尼/謝銘駿/梅克,2,3,3.0,18.0,0.3,00:18,9.0,0.15,00:09,0.0,0.0,0.0,0.0,3.0,1.5,100.0,360.0,0.0,0.0,0.0,0.0,0.0,0.0,0.0,0.0,0.0,0.0,0.0,0.0,0.0,0.0,0.0,0.0,0.0,0.0,0.0,0.0,0.0,0.0,0.0,0.0,0.0,0.0,0.0,0.0,0.0,0.0,0.0,0.0,0.0,0.0,0.0,0.0,0.0,0.0,0.0,0.0,0.0,0.0,0.0,0.0,0.0,0.0,0.0,0.0,0.0,0.0,0.0,0.0,0.0,0.0,0.0,0.0,0.0,0.0,0.0,0.0,0.0,0.0,0.0,0.0,0.0,0.0,0.0,0.0,0.0,0.0,0.0,0.0,0.0,100.0,-100.0,240.0,-3.0,-1.5,-100.0,0.3,0.15,,,,,,,,,,,0.0,0.0,0.0,0.0,
4,臺北台新戰神,14|10865|10869|13907,錢肯尼/謝銘駿/基德/梅克,1,7,9.0,130.75,2.18,02:11,130.75,2.18,02:11,5.0,5.0,55.56,82.6,5.0,5.0,55.56,82.6,2.0,2.0,22.22,33.04,2.0,2.0,22.22,33.04,1.0,1.0,11.11,16.52,1.0,1.0,11.11,16.52,1.0,1.0,11.11,16.52,1.0,1.0,11.11,16.52,0.0,0.0,0.0,0.0,0.0,0.0,0.0,0.0,0.0,0.0,0.0,0.0,0.0,0.0,0.0,0.0,2.0,2.0,22.22,33.04,1.0,1.0,11.11,16.52,1.0,1.0,11.11,16.52,1.0,1.0,11.11,16.52,1.0,1.0,11.11,16.52,0.0,0.0,0.0,0.0,0.0,0.0,0.0,0.0,2.0,2.0,22.22,33.04,55.56,55.56,0.0,99.12,0.0,0.0,0.0,2.18,2.18,1.25,1.25,1.0,1.0,,0.33,0.5,0.0,0.0,0.0,11.11,0.0,0.0,22.22,0.0
4,臺北台新戰神,1|14|10865|13907,丁聖儒/錢肯尼/謝銘駿/梅克,1,2,4.0,40.0,0.67,00:40,40.0,0.67,00:40,0.0,0.0,0.0,0.0,3.0,3.0,75.0,162.0,0.0,0.0,0.0,0.0,0.0,0.0,0.0,0.0,0.0,0.0,0.0,0.0,0.0,0.0,0.0,0.0,0.0,0.0,0.0,0.0,0.0,0.0,0.0,0.0,0.0,0.0,0.0,0.0,0.0,0.0,0.0,0.0,0.0,0.0,0.0,0.0,0.0,0.0,0.0,0.0,2.0,2.0,50.0,108.0,0.0,0.0,0.0,0.0,1.0,1.0,25.0,54.0,0.0,0.0,0.0,0.0,1.0,1.0,25.0,54.0,0.0,0.0,0.0,0.0,0.0,0.0,0.0,0.0,0.0,0.0,0.0,0.0,0.0,75.0,-75.0,144.0,-3.0,-3.0,-75.0,0.67,0.67,,,,,,1.0,,,0.0,0.0,25.0,0.0,0.0,0.0,
4,臺北台新戰神,3|14|10863|13907,陳文宏/錢肯尼/魏芃禾/梅克,1,8,10.0,163.0,2.72,02:43,163.0,2.72,02:43,1.0,1.0,10.0,13.25,3.0,3.0,30.0,39.75,3.0,3.0,30.0,39.75,0.0,0.0,0.0,0.0,1.0,1.0,10.0,13.25,0.0,0.0,0.0,0.0,2.0,2.0,20.0,26.5,0.0,0.0,0.0,0.0,0.0,0.0,0.0,0.0,0.0,0.0,0.0,0.0,1.0,1.0,10.0,13.25,2.0,2.0,20.0,26.5,0.0,0.0,0.0,0.0,0.0,0.0,0.0,0.0,1.0,1.0,10.0,13.25,0.0,0.0,0.0,0.0,1.0,1.0,10.0,13.25,0.0,0.0,0.0,0.0,1.0,1.0,10.0,13.25,0.0,0.0,0.0,0.0,10.0,30.0,-20.0,88.34,-2.0,-2.0,-20.0,2.72,2.72,0.0,0.17,0.0,0.0,,0.25,,1.0,1.0,1.0,10.0,0.0,0.1,0.0,0.0
4,臺北台新戰神,3|14|10869|13907,陳文宏/錢肯尼/基德/梅克,2,10,15.0,224.4,3.74,03:44,112.2,1.87,01:52,1.0,0.5,6.67,9.63,5.0,2.5,33.33,48.13,3.0,1.5,20.0,28.88,0.0,0.0,0.0,0.0,1.0,0.5,6.67,9.63,0.0,0.0,0.0,0.0,2.0,1.0,13.33,19.25,0.0,0.0,0.0,0.0,4.0,2.0,26.67,38.5,3.0,1.5,20.0,28.88,1.0,0.5,6.67,9.63,2.0,1.0,13.33,19.25,2.0,1.0,13.33,19.25,0.0,0.0,0.0,0.0,2.0,1.0,13.33,19.25,0.0,0.0,0.0,0.0,1.0,0.5,6.67,9.63,0.0,0.0,0.0,0.0,3.0,1.5,20.0,28.88,0.0,0.0,0.0,0.0,6.67,33.33,-26.67,96.26,-4.0,-2.0,-26.67,3.74,1.87,0.0,0.11,0.0,0.0,0.75,0.3,,1.0,0.5,0.6,6.67,0.0,0.2,0.0,1.33
4,臺北台新戰神,3|10863|10869|13907,陳文宏/魏芃禾/基德/梅克,1,8,10.0,163.0,2.72,02:43,163.0,2.72,02:43,1.0,1.0,10.0,13.25,3.0,3.0,30.0,39.75,3.0,3.0,30.0,39.75,0.0,0.0,0.0,0.0,1.0,1.0,10.0,13.25,0.0,0.0,0.0,0.0,2.0,2.0,20.0,26.5,0.0,0.0,0.0,0.0,0.0,0.0,0.0,0.0,0.0,0.0,0.0,0.0,1.0,1.0,10.0,13.25,2.0,2.0,20.0,26.5,0.0,0.0,0.0,0.0,0.0,0.0,0.0,0.0,1.0,1.0,10.0,13.25,0.0,0.0,0.0,0.0,1.0,1.0,10.0,13.25,0.0,0.0,0.0,0.0,1.0,1.0,10.0,13.25,0.0,0.0,0.0,0.0,10.0,30.0,-20.0,88.34,-2.0,-2.0,-20.0,2.72,2.72,0.0,0.17,0.0,0.0,,0.25,,1.0,1.0,1.0,10.0,0.0,0.1,0.0,0.0
4,臺北台新戰神,14|10863|10869|13907,錢肯尼/魏芃禾/基德/梅克,1,14,17.0,249.0,4.15,04:09,249.0,4.15,04:09,1.0,1.0,5.88,8.67,3.0,3.0,17.65,26.02,5.0,5.0,29.41,43.37,0.0,0.0,0.0,0.0,1.0,1.0,5.88,8.67,0.0,0.0,0.0,0.0,4.0,4.0,23.53,34.7,0.0,0.0,0.0,0.0,0.0,0.0,0.0,0.0,0.0,0.0,0.0,0.0,1.0,1.0,5.88,8.67,4.0,4.0,23.53,34.7,2.0,2.0,11.76,17.35,2.0,2.0,11.76,17.35,2.0,2.0,11.76,17.35,0.0,0.0,0.0,0.0,1.0,1.0,5.88,8.67,0.0,0.0,0.0,0.0,1.0,1.0,5.88,8.67,0.0,0.0,0.0,0.0,5.88,17.65,-11.76,98.31,-2.0,-2.0,-11.76,4.15,4.15,0.0,0.1,0.0,0.0,,0.29,,0.33,0.67,0.56,5.88,0.0,0.06,0.0,0.0
4,臺北台新戰神,1|3|10|13907,丁聖儒/陳文宏/雷蒙恩/梅克,6,71,83.0,1247.29,20.79,20:47,207.88,3.46,03:28,41.0,6.83,49.4,71.0,38.0,6.33,45.78,65.81,25.0,4.17,30.12,43.29,12.0,2.0,14.46,20.78,12.0,2.0,14.46,20.78,9.0,1.5,10.84,15.59,13.0,2.17,15.66,22.51,3.0,0.5,3.61,5.2,19.0,3.17,22.89,32.9,16.0,2.67,19.28,27.71,2.0,0.33,2.41,3.46,12.0,2.0,14.46,20.78,4.0,0.67,4.82,6.93,14.0,2.33,16.87,24.24,6.0,1.0,7.23,10.39,7.0,1.17,8.43,12.12,4.0,0.67,4.82,6.93,1.0,0.17,1.2,1.73,8.0,1.33,9.64,13.85,5.0,0.83,6.02,8.66,49.4,45.78,3.61,95.82,3.0,0.5,3.61,20.79,3.46,0.54,0.61,0.75,0.23,0.84,0.15,0.58,0.12,0.75,0.44,4.82,1.2,0.1,6.02,0.76
4,臺北台新戰神,1|3|13400|13907,丁聖儒/陳文宏/史東/梅克,2,4,5.0,78.35,1.31,01:18,39.17,0.65,00:39,2.0,1.0,40.0,55.14,2.0,1.0,40.0,55.14,1.0,0.5,20.0,27.57,0.0,0.0,0.0,0.0,1.0,0.5,20.0,27.57,0.0,0.0,0.0,0.0,0.0,0.0,0.0,0.0,0.0,0.0,0.0,0.0,2.0,1.0,40.0,55.14,2.0,1.0,40.0,55.14,1.0,0.5,20.0,27.57,0.0,0.0,0.0,0.0,0.0,0.0,0.0,0.0,0.0,0.0,0.0,0.0,2.0,1.0,40.0,55.14,0.0,0.0,0.0,0.0,1.0,0.5,20.0,27.57,0.0,0.0,0.0,0.0,1.0,0.5,20.0,27.57,2.0,1.0,40.0,55.14,40.0,40.0,0.0,91.9,0.0,0.0,0.0,1.31,0.65,0.0,0.53,0.0,,1.0,0.52,,1.0,,1.0,20.0,0.0,0.2,40.0,2.0
4,臺北台新戰神,1|10|13400|13907,丁聖儒/雷蒙恩/史東/梅克,3,38,47.0,684.08,11.4,11:24,228.03,3.8,03:48,24.0,8.0,51.06,75.78,23.0,7.67,48.94,72.62,16.0,5.33,34.04,50.52,5.0,1.67,10.64,15.79,7.0,2.33,14.89,22.1,3.0,1.0,6.38,9.47,9.0,3.0,19.15,28.42,2.0,0.67,4.26,6.32,12.0,4.0,25.53,37.89,10.0,3.33,21.28,31.58,3.0,1.0,6.38,9.47,9.0,3.0,19.15,28.42,2.0,0.67,4.26,6.32,7.0,2.33,14.89,22.1,1.0,0.33,2.13,3.16,2.0,0.67,4.26,6.32,1.0,0.33,2.13,3.16,0.0,0.0,0.0,0.0,7.0,2.33,14.89,22.1,14.0,4.67,29.79,44.21,51.06,48.94,2.13,98.94,1.0,0.33,2.13,11.4,3.8,0.38,0.56,0.43,0.22,0.83,0.04,0.4,0.3,0.82,0.57,2.13,0.0,0.15,29.79,0.75
4,臺北台新戰神,3|10|13400|13907,陳文宏/雷蒙恩/史東/梅克,1,8,9.0,134.63,2.24,02:15,134.63,2.24,02:15,6.0,6.0,66.67,96.26,4.0,4.0,44.44,64.18,2.0,2.0,22.22,32.09,2.0,2.0,22.22,32.09,2.0,2.0,22.22,32.09,2.0,2.0,22.22,32.09,0.0,0.0,0.0,0.0,0.0,0.0,0.0,0.0,2.0,2.0,22.22,32.09,2.0,2.0,22.22,32.09,0.0,0.0,0.0,0.0,0.0,0.0,0.0,0.0,0.0,0.0,0.0,0.0,1.0,1.0,11.11,16.04,1.0,1.0,11.11,16.04,0.0,0.0,0.0,0.0,1.0,1.0,11.11,16.04,0.0,0.0,0.0,0.0,1.0,1.0,11.11,16.04,4.0,4.0,44.44,64.18,66.67,44.44,22.22,96.26,2.0,2.0,22.22,2.24,2.24,1.0,1.04,1.0,,1.0,0.26,0.0,0.0,,0.0,11.11,0.0,0.11,44.44,1.0
4,臺北台新戰神,3|10|10865|13400,陳文宏/雷蒙恩/謝銘駿/史東,1,5,6.0,78.28,1.3,01:18,78.28,1.3,01:18,4.0,4.0,66.67,110.37,2.0,2.0,33.33,55.18,2.0,2.0,33.33,55.18,2.0,2.0,33.33,55.18,2.0,2.0,33.33,55.18,2.0,2.0,33.33,55.18,0.0,0.0,0.0,0.0,0.0,0.0,0.0,0.0,0.0,0.0,0.0,0.0,0.0,0.0,0.0,0.0,0.0,0.0,0.0,0.0,0.0,0.0,0.0,0.0,0.0,0.0,0.0,0.0,1.0,1.0,16.67,27.59,0.0,0.0,0.0,0.0,0.0,0.0,0.0,0.0,0.0,0.0,0.0,0.0,0.0,0.0,0.0,0.0,0.0,0.0,0.0,0.0,2.0,2.0,33.33,55.18,66.67,33.33,33.33,110.37,2.0,2.0,33.33,1.3,1.3,1.0,1.0,1.0,,,0.0,0.0,0.0,,0.0,0.0,0.0,0.0,33.33,0.0
4,臺北台新戰神,3|10|10865|13907,陳文宏/雷蒙恩/謝銘駿/梅克,2,8,10.0,101.59,1.69,01:42,50.8,0.85,00:51,4.0,2.0,40.0,85.05,4.0,2.0,40.0,85.05,3.0,1.5,30.0,63.79,2.0,1.0,20.0,42.52,3.0,1.5,30.0,63.79,2.0,1.0,20.0,42.52,0.0,0.0,0.0,0.0,0.0,0.0,0.0,0.0,2.0,1.0,20.0,42.52,2.0,1.0,20.0,42.52,1.0,0.5,10.0,21.26,0.0,0.0,0.0,0.0,0.0,0.0,0.0,0.0,1.0,0.5,10.0,21.26,1.0,0.5,10.0,21.26,0.0,0.0,0.0,0.0,0.0,0.0,0.0,0.0,0.0,0.0,0.0,0.0,0.0,0.0,0.0,0.0,2.0,1.0,20.0,42.52,40.0,40.0,0.0,141.74,0.0,0.0,0.0,1.69,0.85,0.67,0.52,0.67,,1.0,0.2,0.0,0.5,,0.5,0.0,0.0,0.0,20.0,0.67
4,臺北台新戰神,3|10865|13400|13907,陳文宏/謝銘駿/史東/梅克,2,13,14.0,199.15,3.32,03:19,99.57,1.66,01:40,11.0,5.5,78.57,119.31,8.0,4.0,57.14,86.77,6.0,3.0,42.86,65.08,5.0,2.5,35.71,54.23,4.0,2.0,28.57,43.39,4.0,2.0,28.57,43.39,2.0,1.0,14.29,21.69,1.0,0.5,7.14,10.85,0.0,0.0,0.0,0.0,0.0,0.0,0.0,0.0,0.0,0.0,0.0,0.0,1.0,0.5,7.14,10.85,0.0,0.0,0.0,0.0,2.0,1.0,14.29,21.69,0.0,0.0,0.0,0.0,1.0,0.5,7.14,10.85,0.0,0.0,0.0,0.0,0.0,0.0,0.0,0.0,2.0,1.0,14.29,21.69,4.0,2.0,28.57,43.39,78.57,57.14,21.43,101.23,3.0,1.5,21.43,3.32,1.66,0.92,0.92,1.0,0.5,,0.0,0.2,0.0,1.0,0.33,0.0,0.0,0.14,28.57,0.0
4,臺北台新戰神,10|10865|13400|13907,雷蒙恩/謝銘駿/史東/梅克,3,39,45.0,644.66,10.74,10:45,214.89,3.58,03:35,25.0,8.33,55.56,83.77,21.0,7.0,46.67,70.36,16.0,5.33,35.56,53.61,9.0,3.0,20.0,30.16,13.0,4.33,28.89,43.56,8.0,2.67,17.78,26.8,3.0,1.0,6.67,10.05,1.0,0.33,2.22,3.35,7.0,2.33,15.56,23.45,4.0,1.33,8.89,13.4,1.0,0.33,2.22,3.35,7.0,2.33,15.56,23.45,1.0,0.33,2.22,3.35,7.0,2.33,15.56,23.45,2.0,0.67,4.44,6.7,2.0,0.67,4.44,6.7,1.0,0.33,2.22,3.35,0.0,0.0,0.0,0.0,3.0,1.0,6.67,10.05,6.0,2.0,13.33,20.1,55.56,46.67,8.89,100.52,4.0,1.33,8.89,10.74,3.58,0.59,0.66,0.62,0.33,0.57,0.09,0.22,0.12,0.88,0.5,2.22,0.0,0.07,13.33,0.44
4,臺北台新戰神,1|10865|13400|13907,丁聖儒/謝銘駿/史東/梅克,3,12,14.0,255.47,4.26,04:15,85.16,1.42,01:25,12.0,4.0,85.71,101.46,14.0,4.67,100.0,118.37,6.0,2.0,42.86,50.73,3.0,1.0,21.43,25.36,5.0,1.67,35.71,42.27,2.0,0.67,14.29,16.91,1.0,0.33,7.14,8.45,1.0,0.33,7.14,8.45,4.0,1.33,28.57,33.82,3.0,1.0,21.43,25.36,1.0,0.33,7.14,8.45,2.0,0.67,14.29,16.91,0.0,0.0,0.0,0.0,0.0,0.0,0.0,0.0,0.0,0.0,0.0,0.0,0.0,0.0,0.0,0.0,0.0,0.0,0.0,0.0,0.0,0.0,0.0,0.0,0.0,0.0,0.0,0.0,2.0,0.67,14.29,16.91,85.71,100.0,-14.29,78.91,-2.0,-0.67,-14.29,4.26,1.42,0.58,0.77,0.4,1.0,0.75,0.0,0.0,1.0,1.0,1.0,0.0,0.0,0.0,14.29,0.67
4,臺北台新戰神,3|10|14|10865,陳文宏/雷蒙恩/錢肯尼/謝銘駿,1,1,1.0,1.0,0.02,00:01,1.0,0.02,00:01,0.0,0.0,0.0,0.0,0.0,0.0,0.0,0.0,0.0,0.0,0.0,0.0,0.0,0.0,0.0,0.0,0.0,0.0,0.0,0.0,0.0,0.0,0.0,0.0,0.0,0.0,0.0,0.0,0.0,0.0,0.0,0.0,0.0,0.0,0.0,0.0,0.0,0.0,0.0,0.0,0.0,0.0,0.0,0.0,0.0,0.0,0.0,0.0,0.0,0.0,0.0,0.0,0.0,0.0,0.0,0.0,0.0,0.0,0.0,0.0,0.0,0.0,0.0,0.0,0.0,0.0,0.0,0.0,0.0,0.0,0.0,0.0,0.0,0.0,0.0,0.0,0.0,0.0,0.0,0.0,0.0,0.0,0.0,1440.0,0.0,0.0,0.0,0.02,0.02,,,,,,,,,,,0.0,0.0,0.0,0.0,
4,臺北台新戰神,3|10|14|13907,陳文宏/雷蒙恩/錢肯尼/梅克,4,25,27.0,330.69,5.51,05:31,82.67,1.38,01:23,10.0,2.5,37.04,65.32,14.0,3.5,51.85,91.45,7.0,1.75,25.93,45.72,3.0,0.75,11.11,19.6,3.0,0.75,11.11,19.6,1.0,0.25,3.7,6.53,4.0,1.0,14.81,26.13,2.0,0.5,7.41,13.06,2.0,0.5,7.41,13.06,2.0,0.5,7.41,13.06,0.0,0.0,0.0,0.0,4.0,1.0,14.81,26.13,2.0,0.5,7.41,13.06,5.0,1.25,18.52,32.66,2.0,0.5,7.41,13.06,3.0,0.75,11.11,19.6,2.0,0.5,7.41,13.06,0.0,0.0,0.0,0.0,3.0,0.75,11.11,19.6,1.0,0.25,3.7,6.53,37.04,51.85,-14.81,117.57,-4.0,-1.0,-14.81,5.51,1.38,0.57,0.63,0.33,0.5,1.0,0.2,1.0,0.0,0.67,0.36,7.41,0.0,0.11,3.7,0.29
4,臺北台新戰神,3|14|10865|13907,陳文宏/錢肯尼/謝銘駿/梅克,2,12,12.0,181.62,3.03,03:02,90.81,1.51,01:31,5.0,2.5,41.67,59.46,7.0,3.5,58.33,83.25,2.0,1.0,16.67,23.79,0.0,0.0,0.0,0.0,1.0,0.5,8.33,11.89,0.0,0.0,0.0,0.0,1.0,0.5,8.33,11.89,0.0,0.0,0.0,0.0,8.0,4.0,66.67,95.14,5.0,2.5,41.67,59.46,0.0,0.0,0.0,0.0,5.0,2.5,41.67,59.46,0.0,0.0,0.0,0.0,0.0,0.0,0.0,0.0,0.0,0.0,0.0,0.0,0.0,0.0,0.0,0.0,0.0,0.0,0.0,0.0,0.0,0.0,0.0,0.0,3.0,1.5,25.0,35.68,0.0,0.0,0.0,0.0,41.67,58.33,-16.67,95.14,-2.0,-1.0,-16.67,3.03,1.51,0.0,0.45,0.0,0.0,0.62,0.0,,,1.0,1.0,0.0,0.0,0.25,0.0,4.0
4,臺北台新戰神,1|14|13400|13907,丁聖儒/錢肯尼/史東/梅克,3,23,30.0,391.35,6.52,06:31,130.45,2.17,02:10,8.0,2.67,26.67,44.15,2.0,0.67,6.67,11.04,10.0,3.33,33.33,55.19,2.0,0.67,6.67,11.04,3.0,1.0,10.0,16.56,1.0,0.33,3.33,5.52,7.0,2.33,23.33,38.64,1.0,0.33,3.33,5.52,4.0,1.33,13.33,22.08,3.0,1.0,10.0,16.56,3.0,1.0,10.0,16.56,6.0,2.0,20.0,33.12,2.0,0.67,6.67,11.04,8.0,2.67,26.67,44.15,2.0,0.67,6.67,11.04,1.0,0.33,3.33,5.52,0.0,0.0,0.0,0.0,0.0,0.0,0.0,0.0,7.0,2.33,23.33,38.64,4.0,1.33,13.33,22.08,26.67,6.67,20.0,110.39,6.0,2.0,20.0,6.52,2.17,0.25,0.34,0.33,0.14,0.75,0.15,0.5,0.27,0.75,0.47,0.0,0.0,0.23,13.33,0.4
4,臺北台新戰神,10|14|13400|13907,雷蒙恩/錢肯尼/史東/梅克,3,19,24.0,336.35,5.61,05:36,112.12,1.87,01:52,8.0,2.67,33.33,51.37,2.0,0.67,8.33,12.84,8.0,2.67,33.33,51.37,2.0,0.67,8.33,12.84,2.0,0.67,8.33,12.84,1.0,0.33,4.17,6.42,6.0,2.0,25.0,38.53,1.0,0.33,4.17,6.42,4.0,1.33,16.67,25.69,3.0,1.0,12.5,19.27,2.0,0.67,8.33,12.84,5.0,1.67,20.83,32.11,2.0,0.67,8.33,12.84,7.0,2.33,29.17,44.95,0.0,0.0,0.0,0.0,1.0,0.33,4.17,6.42,0.0,0.0,0.0,0.0,0.0,0.0,0.0,0.0,5.0,1.67,20.83,32.11,4.0,1.33,16.67,25.69,33.33,8.33,25.0,102.75,6.0,2.0,25.0,5.61,1.87,0.31,0.41,0.5,0.17,0.75,0.0,0.5,0.22,0.71,0.44,0.0,0.0,0.21,16.67,0.5
4,臺北台新戰神,1|5|13400|13907,丁聖儒/黃聰翰/史東/梅克,2,9,14.0,112.91,1.88,01:53,56.45,0.94,00:56,2.0,1.0,14.29,38.26,5.0,2.5,35.71,95.65,5.0,2.5,35.71,95.65,0.0,0.0,0.0,0.0,2.0,1.0,14.29,38.26,0.0,0.0,0.0,0.0,3.0,1.5,21.43,57.39,0.0,0.0,0.0,0.0,2.0,1.0,14.29,38.26,2.0,1.0,14.29,38.26,2.0,1.0,14.29,38.26,3.0,1.5,21.43,57.39,0.0,0.0,0.0,0.0,1.0,0.5,7.14,19.13,3.0,1.5,21.43,57.39,1.0,0.5,7.14,19.13,0.0,0.0,0.0,0.0,0.0,0.0,0.0,0.0,3.0,1.5,21.43,57.39,6.0,3.0,42.86,114.78,14.29,35.71,-21.43,178.55,-3.0,-1.5,-21.43,1.88,0.94,0.0,0.17,0.0,0.0,1.0,0.34,,0.67,1.0,0.83,0.0,0.0,0.21,42.86,0.4
4,臺北台新戰神,5|14|13400|13907,黃聰翰/錢肯尼/史東/梅克,2,4,6.0,55.0,0.92,00:55,27.5,0.46,00:27,0.0,0.0,0.0,0.0,0.0,0.0,0.0,0.0,2.0,1.0,33.33,78.55,0.0,0.0,0.0,0.0,1.0,0.5,16.67,39.27,0.0,0.0,0.0,0.0,1.0,0.5,16.67,39.27,0.0,0.0,0.0,0.0,0.0,0.0,0.0,0.0,0.0,0.0,0.0,0.0,1.0,0.5,16.67,39.27,1.0,0.5,16.67,39.27,0.0,0.0,0.0,0.0,1.0,0.5,16.67,39.27,2.0,1.0,33.33,78.55,0.0,0.0,0.0,0.0,0.0,0.0,0.0,0.0,0.0,0.0,0.0,0.0,2.0,1.0,33.33,78.55,0.0,0.0,0.0,0.0,0.0,0.0,0.0,157.09,0.0,0.0,0.0,0.92,0.46,0.0,0.0,0.0,0.0,,0.5,,0.5,1.0,0.67,0.0,0.0,0.33,0.0,0.0
4,臺北台新戰神,5|10863|10865|13907,黃聰翰/魏芃禾/謝銘駿/梅克,3,14,17.0,231.5,3.86,03:52,77.17,1.29,01:17,10.0,3.33,58.82,93.3,11.0,3.67,64.71,102.63,5.0,1.67,29.41,46.65,3.0,1.0,17.65,27.99,3.0,1.0,17.65,27.99,3.0,1.0,17.65,27.99,2.0,0.67,11.76,18.66,0.0,0.0,0.0,0.0,4.0,1.33,23.53,37.32,4.0,1.33,23.53,37.32,1.0,0.33,5.88,9.33,1.0,0.33,5.88,9.33,1.0,0.33,5.88,9.33,3.0,1.0,17.65,27.99,2.0,0.67,11.76,18.66,0.0,0.0,0.0,0.0,2.0,0.67,11.76,18.66,0.0,0.0,0.0,0.0,2.0,0.67,11.76,18.66,2.0,0.67,11.76,18.66,58.82,64.71,-5.88,105.74,-1.0,-0.33,-5.88,3.86,1.29,0.6,0.74,1.0,0.0,1.0,0.23,0.0,0.25,0.5,0.33,11.76,0.0,0.12,11.76,0.8
4,臺北台新戰神,5|10863|10869|13907,黃聰翰/魏芃禾/基德/梅克,2,16,19.0,252.5,4.21,04:13,126.25,2.1,02:06,10.0,5.0,52.63,85.54,6.0,3.0,31.58,51.33,5.0,2.5,26.32,42.77,3.0,1.5,15.79,25.66,3.0,1.5,15.79,25.66,3.0,1.5,15.79,25.66,2.0,1.0,10.53,17.11,0.0,0.0,0.0,0.0,4.0,2.0,21.05,34.22,4.0,2.0,21.05,34.22,0.0,0.0,0.0,0.0,2.0,1.0,10.53,17.11,3.0,1.5,15.79,25.66,5.0,2.5,26.32,42.77,2.0,1.0,10.53,17.11,0.0,0.0,0.0,0.0,1.0,0.5,5.26,8.55,0.0,0.0,0.0,0.0,2.0,1.0,10.53,17.11,2.0,1.0,10.53,17.11,52.63,31.58,21.05,108.35,4.0,2.0,21.05,4.21,2.1,0.6,0.74,1.0,0.0,1.0,0.23,0.0,0.0,0.4,0.2,5.26,0.0,0.11,10.53,0.8
4,臺北台新戰神,10863|10865|10869|13907,魏芃禾/謝銘駿/基德/梅克,2,10,12.0,166.5,2.78,02:47,83.25,1.39,01:23,10.0,5.0,83.33,129.73,6.0,3.0,50.0,77.84,3.0,1.5,25.0,38.92,3.0,1.5,25.0,38.92,3.0,1.5,25.0,38.92,3.0,1.5,25.0,38.92,0.0,0.0,0.0,0.0,0.0,0.0,0.0,0.0,4.0,2.0,33.33,51.89,4.0,2.0,33.33,51.89,0.0,0.0,0.0,0.0,0.0,0.0,0.0,0.0,1.0,0.5,8.33,12.97,3.0,1.5,25.0,38.92,1.0,0.5,8.33,12.97,0.0,0.0,0.0,0.0,1.0,0.5,8.33,12.97,0.0,0.0,0.0,0.0,2.0,1.0,16.67,25.95,2.0,1.0,16.67,25.95,83.33,50.0,33.33,103.78,4.0,2.0,33.33,2.78,1.39,1.0,1.05,1.0,,1.0,0.17,0.0,0.0,0.0,0.0,8.33,0.0,0.17,16.67,1.33
4,臺北台新戰神,5|14|10863|13907,黃聰翰/錢肯尼/魏芃禾/梅克,2,9,10.0,126.89,2.11,02:07,63.45,1.06,01:03,0.0,0.0,0.0,0.0,3.0,1.5,30.0,51.07,3.0,1.5,30.0,51.07,0.0,0.0,0.0,0.0,1.0,0.5,10.0,17.02,0.0,0.0,0.0,0.0,2.0,1.0,20.0,34.04,0.0,0.0,0.0,0.0,0.0,0.0,0.0,0.0,0.0,0.0,0.0,0.0,0.0,0.0,0.0,0.0,3.0,1.5,30.0,51.07,2.0,1.0,20.0,34.04,2.0,1.0,20.0,34.04,1.0,0.5,10.0,17.02,0.0,0.0,0.0,0.0,0.0,0.0,0.0,0.0,0.0,0.0,0.0,0.0,0.0,0.0,0.0,0.0,1.0,0.5,10.0,17.02,0.0,30.0,-30.0,113.48,-3.0,-1.5,-30.0,2.11,1.06,0.0,0.0,0.0,0.0,,0.25,,0.0,0.6,0.43,0.0,0.0,0.0,10.0,0.0
4,臺北台新戰神,5|14|10865|13907,黃聰翰/錢肯尼/謝銘駿/梅克,3,10,10.0,186.66,3.11,03:07,62.22,1.04,01:02,9.0,3.0,90.0,104.15,10.0,3.33,100.0,115.72,3.0,1.0,30.0,34.72,2.0,0.67,20.0,23.14,1.0,0.33,10.0,11.57,1.0,0.33,10.0,11.57,2.0,0.67,20.0,23.14,1.0,0.33,10.0,11.57,5.0,1.67,50.0,57.86,4.0,1.33,40.0,46.29,0.0,0.0,0.0,0.0,2.0,0.67,20.0,23.14,0.0,0.0,0.0,0.0,1.0,0.33,10.0,11.57,0.0,0.0,0.0,0.0,1.0,0.33,10.0,11.57,0.0,0.0,0.0,0.0,0.0,0.0,0.0,0.0,1.0,0.33,10.0,11.57,2.0,0.67,20.0,23.14,90.0,100.0,-10.0,77.15,-1.0,-0.33,-10.0,3.11,1.04,0.83,0.87,1.0,0.5,0.8,0.0,0.5,0.0,1.0,0.67,0.0,0.0,0.1,20.0,1.67
4,臺北台新戰神,5|10|10869|13907,黃聰翰/雷蒙恩/基德/梅克,3,66,72.0,1661.28,27.69,27:41,553.76,9.23,09:14,45.0,15.0,62.5,58.51,32.0,10.67,44.44,41.61,27.0,9.0,37.5,35.11,16.0,5.33,22.22,20.8,8.0,2.67,11.11,10.4,6.0,2.0,8.33,7.8,19.0,6.33,26.39,24.7,10.0,3.33,13.89,13.0,4.0,1.33,5.56,5.2,3.0,1.0,4.17,3.9,2.0,0.67,2.78,2.6,9.0,3.0,12.5,11.7,4.0,1.33,5.56,5.2,14.0,4.67,19.44,18.2,5.0,1.67,6.94,6.5,12.0,4.0,16.67,15.6,3.0,1.0,4.17,3.9,1.0,0.33,1.39,1.3,5.0,1.67,6.94,6.5,2.0,0.67,2.78,2.6,62.5,44.44,18.06,62.41,13.0,4.33,18.06,27.69,9.23,0.78,0.78,0.75,0.53,0.75,0.15,0.75,0.12,0.69,0.38,4.17,1.39,0.07,2.78,0.15
4,高雄全家海神,51|109|111|122,克力斯/于煥亞/唐維傑/陳懷安,1,33,39.0,585.0,9.75,09:45,585.0,9.75,09:45,25.0,25.0,64.1,92.31,13.0,13.0,33.33,48.0,18.0,18.0,46.15,66.46,10.0,10.0,25.64,36.92,12.0,12.0,30.77,44.31,6.0,6.0,15.38,22.15,6.0,6.0,15.38,22.15,4.0,4.0,10.26,14.77,2.0,2.0,5.13,7.38,1.0,1.0,2.56,3.69,4.0,4.0,10.26,14.77,4.0,4.0,10.26,14.77,2.0,2.0,5.13,7.38,6.0,6.0,15.38,22.15,2.0,2.0,5.13,7.38,6.0,6.0,15.38,22.15,2.0,2.0,5.13,7.38,0.0,0.0,0.0,0.0,4.0,4.0,10.26,14.77,0.0,0.0,0.0,0.0,64.1,33.33,30.77,96.0,12.0,12.0,30.77,9.75,9.75,0.67,0.66,0.5,0.67,0.5,0.1,0.6,0.4,0.67,0.5,5.13,0.0,0.1,0.0,0.11
4,高雄全家海神,51|109|111|14037,克力斯/于煥亞/唐維傑/奧迪傑,2,45,55.0,736.04,12.27,12:16,368.02,6.13,06:08,31.0,15.5,56.36,90.97,22.0,11.0,40.0,64.56,21.0,10.5,38.18,61.63,13.0,6.5,23.64,38.15,15.0,7.5,27.27,44.02,9.0,4.5,16.36,26.41,6.0,3.0,10.91,17.61,4.0,2.0,7.27,11.74,2.0,1.0,3.64,5.87,1.0,0.5,1.82,2.93,4.0,2.0,7.27,11.74,4.0,2.0,7.27,11.74,3.0,1.5,5.45,8.8,6.0,3.0,10.91,17.61,5.0,2.5,9.09,14.67,7.0,3.5,12.73,20.54,4.0,2.0,7.27,11.74,0.0,0.0,0.0,0.0,5.0,2.5,9.09,14.67,0.0,0.0,0.0,0.0,56.36,40.0,16.36,107.6,9.0,4.5,16.36,12.27,6.13,0.71,0.71,0.6,0.67,0.5,0.19,0.54,0.4,0.57,0.47,7.27,0.0,0.09,0.0,0.1
4,高雄全家海神,51|109|122|14037,克力斯/于煥亞/陳懷安/奧迪傑,1,39,45.0,686.8,11.45,11:27,686.8,11.45,11:27,27.0,27.0,60.0,84.92,19.0,19.0,42.22,59.76,20.0,20.0,44.44,62.9,11.0,11.0,24.44,34.6,13.0,13.0,28.89,40.89,7.0,7.0,15.56,22.02,7.0,7.0,15.56,22.02,4.0,4.0,8.89,12.58,2.0,2.0,4.44,6.29,1.0,1.0,2.22,3.15,4.0,4.0,8.89,12.58,5.0,5.0,11.11,15.73,2.0,2.0,4.44,6.29,6.0,6.0,13.33,18.87,3.0,3.0,6.67,9.44,6.0,6.0,13.33,18.87,3.0,3.0,6.67,9.44,0.0,0.0,0.0,0.0,4.0,4.0,8.89,12.58,0.0,0.0,0.0,0.0,60.0,42.22,17.78,94.35,8.0,8.0,17.78,11.45,11.45,0.65,0.65,0.54,0.57,0.5,0.13,0.55,0.4,0.71,0.53,6.67,0.0,0.09,0.0,0.1
4,高雄全家海神,51|111|122|14037,克力斯/唐維傑/陳懷安/奧迪傑,1,33,39.0,585.0,9.75,09:45,585.0,9.75,09:45,25.0,25.0,64.1,92.31,13.0,13.0,33.33,48.0,18.0,18.0,46.15,66.46,10.0,10.0,25.64,36.92,12.0,12.0,30.77,44.31,6.0,6.0,15.38,22.15,6.0,6.0,15.38,22.15,4.0,4.0,10.26,14.77,2.0,2.0,5.13,7.38,1.0,1.0,2.56,3.69,4.0,4.0,10.26,14.77,4.0,4.0,10.26,14.77,2.0,2.0,5.13,7.38,6.0,6.0,15.38,22.15,2.0,2.0,5.13,7.38,6.0,6.0,15.38,22.15,2.0,2.0,5.13,7.38,0.0,0.0,0.0,0.0,4.0,4.0,10.26,14.77,0.0,0.0,0.0,0.0,64.1,33.33,30.77,96.0,12.0,12.0,30.77,9.75,9.75,0.67,0.66,0.5,0.67,0.5,0.1,0.6,0.4,0.67,0.5,5.13,0.0,0.1,0.0,0.11
4,高雄全家海神,109|111|122|14037,于煥亞/唐維傑/陳懷安/奧迪傑,1,38,46.0,633.51,10.56,10:34,633.51,10.56,10:34,27.0,27.0,58.7,92.06,13.0,13.0,28.26,44.32,21.0,21.0,45.65,71.6,11.0,11.0,23.91,37.51,15.0,15.0,32.61,51.14,7.0,7.0,15.22,23.87,6.0,6.0,13.04,20.46,4.0,4.0,8.7,13.64,2.0,2.0,4.35,6.82,1.0,1.0,2.17,3.41,5.0,5.0,10.87,17.05,5.0,5.0,10.87,17.05,2.0,2.0,4.35,6.82,7.0,7.0,15.22,23.87,3.0,3.0,6.52,10.23,7.0,7.0,15.22,23.87,3.0,3.0,6.52,10.23,0.0,0.0,0.0,0.0,4.0,4.0,8.7,13.64,0.0,0.0,0.0,0.0,58.7,28.26,30.43,104.56,14.0,14.0,30.43,10.56,10.56,0.62,0.62,0.47,0.67,0.5,0.12,0.64,0.42,0.71,0.53,6.52,0.0,0.09,0.0,0.1
4,高雄全家海神,45|121|122|14037,施晉堯/吳曉謹/陳懷安/奧迪傑,1,3,3.0,28.46,0.47,00:28,28.46,0.47,00:28,1.0,1.0,33.33,75.89,0.0,0.0,0.0,0.0,1.0,1.0,33.33,75.89,0.0,0.0,0.0,0.0,1.0,1.0,33.33,75.89,0.0,0.0,0.0,0.0,0.0,0.0,0.0,0.0,0.0,0.0,0.0,0.0,2.0,2.0,66.67,151.78,1.0,1.0,33.33,75.89,0.0,0.0,0.0,0.0,1.0,1.0,33.33,75.89,0.0,0.0,0.0,0.0,0.0,0.0,0.0,0.0,0.0,0.0,0.0,0.0,1.0,1.0,33.33,75.89,0.0,0.0,0.0,0.0,0.0,0.0,0.0,0.0,0.0,0.0,0.0,0.0,0.0,0.0,0.0,0.0,33.33,0.0,33.33,151.78,1.0,1.0,33.33,0.47,0.47,0.0,0.27,0.0,,0.5,0.0,,,1.0,1.0,0.0,0.0,0.0,0.0,2.0
4,高雄全家海神,45|121|12668|14037,施晉堯/吳曉謹/歐提斯/奧迪傑,1,3,3.0,28.46,0.47,00:28,28.46,0.47,00:28,1.0,1.0,33.33,75.89,0.0,0.0,0.0,0.0,1.0,1.0,33.33,75.89,0.0,0.0,0.0,0.0,1.0,1.0,33.33,75.89,0.0,0.0,0.0,0.0,0.0,0.0,0.0,0.0,0.0,0.0,0.0,0.0,2.0,2.0,66.67,151.78,1.0,1.0,33.33,75.89,0.0,0.0,0.0,0.0,1.0,1.0,33.33,75.89,0.0,0.0,0.0,0.0,0.0,0.0,0.0,0.0,0.0,0.0,0.0,0.0,1.0,1.0,33.33,75.89,0.0,0.0,0.0,0.0,0.0,0.0,0.0,0.0,0.0,0.0,0.0,0.0,0.0,0.0,0.0,0.0,33.33,0.0,33.33,151.78,1.0,1.0,33.33,0.47,0.47,0.0,0.27,0.0,,0.5,0.0,,,1.0,1.0,0.0,0.0,0.0,0.0,2.0
4,高雄全家海神,45|122|12668|14037,施晉堯/陳懷安/歐提斯/奧迪傑,1,26,29.0,323.06,5.38,05:23,323.06,5.38,05:23,11.0,11.0,37.93,73.55,18.0,18.0,62.07,120.35,6.0,6.0,20.69,40.12,3.0,3.0,10.34,20.06,4.0,4.0,13.79,26.74,2.0,2.0,6.9,13.37,2.0,2.0,6.9,13.37,1.0,1.0,3.45,6.69,5.0,5.0,17.24,33.43,4.0,4.0,13.79,26.74,0.0,0.0,0.0,0.0,3.0,3.0,10.34,20.06,0.0,0.0,0.0,0.0,1.0,1.0,3.45,6.69,5.0,5.0,17.24,33.43,2.0,2.0,6.9,13.37,3.0,3.0,10.34,20.06,0.0,0.0,0.0,0.0,4.0,4.0,13.79,26.74,2.0,2.0,6.9,13.37,37.93,62.07,-24.14,129.26,-7.0,-7.0,-24.14,5.38,5.38,0.58,0.67,0.5,0.5,0.8,0.38,0.67,0.0,1.0,0.75,10.34,0.0,0.14,6.9,0.83
4,高雄全家海神,121|122|12668|14037,吳曉謹/陳懷安/歐提斯/奧迪傑,1,3,3.0,28.46,0.47,00:28,28.46,0.47,00:28,1.0,1.0,33.33,75.89,0.0,0.0,0.0,0.0,1.0,1.0,33.33,75.89,0.0,0.0,0.0,0.0,1.0,1.0,33.33,75.89,0.0,0.0,0.0,0.0,0.0,0.0,0.0,0.0,0.0,0.0,0.0,0.0,2.0,2.0,66.67,151.78,1.0,1.0,33.33,75.89,0.0,0.0,0.0,0.0,1.0,1.0,33.33,75.89,0.0,0.0,0.0,0.0,0.0,0.0,0.0,0.0,0.0,0.0,0.0,0.0,1.0,1.0,33.33,75.89,0.0,0.0,0.0,0.0,0.0,0.0,0.0,0.0,0.0,0.0,0.0,0.0,0.0,0.0,0.0,0.0,33.33,0.0,33.33,151.78,1.0,1.0,33.33,0.47,0.47,0.0,0.27,0.0,,0.5,0.0,,,1.0,1.0,0.0,0.0,0.0,0.0,2.0
4,高雄全家海神,45|110|121|12668,施晉堯/胡瓏貿/吳曉謹/歐提斯,1,8,9.0,77.54,1.29,01:18,77.54,1.29,01:18,2.0,2.0,22.22,55.71,7.0,7.0,77.78,194.99,2.0,2.0,22.22,55.71,1.0,1.0,11.11,27.86,2.0,2.0,22.22,55.71,1.0,1.0,11.11,27.86,0.0,0.0,0.0,0.0,0.0,0.0,0.0,0.0,0.0,0.0,0.0,0.0,0.0,0.0,0.0,0.0,0.0,0.0,0.0,0.0,1.0,1.0,11.11,27.86,0.0,0.0,0.0,0.0,0.0,0.0,0.0,0.0,1.0,1.0,11.11,27.86,0.0,0.0,0.0,0.0,1.0,1.0,11.11,27.86,0.0,0.0,0.0,0.0,0.0,0.0,0.0,0.0,1.0,1.0,11.11,27.86,22.22,77.78,-55.56,167.14,-5.0,-5.0,-55.56,1.29,1.29,0.5,0.5,0.5,,,0.33,0.0,,1.0,1.0,11.11,0.0,0.0,11.11,0.0
4,高雄全家海神,45|110|121|13275,施晉堯/胡瓏貿/吳曉謹/吳彥侖,1,3,3.0,13.54,0.23,00:14,13.54,0.23,00:14,0.0,0.0,0.0,0.0,3.0,3.0,100.0,478.55,0.0,0.0,0.0,0.0,0.0,0.0,0.0,0.0,0.0,0.0,0.0,0.0,0.0,0.0,0.0,0.0,0.0,0.0,0.0,0.0,0.0,0.0,0.0,0.0,0.0,0.0,0.0,0.0,0.0,0.0,0.0,0.0,0.0,0.0,0.0,0.0,0.0,0.0,0.0,0.0,0.0,0.0,0.0,0.0,0.0,0.0,0.0,0.0,1.0,1.0,33.33,159.52,0.0,0.0,0.0,0.0,1.0,1.0,33.33,159.52,0.0,0.0,0.0,0.0,0.0,0.0,0.0,0.0,1.0,1.0,33.33,159.52,0.0,100.0,-100.0,319.03,-3.0,-3.0,-100.0,0.23,0.23,,,,,,1.0,,,,,33.33,0.0,0.0,33.33,
4,高雄全家海神,45|110|12668|13275,施晉堯/胡瓏貿/歐提斯/吳彥侖,1,3,3.0,13.54,0.23,00:14,13.54,0.23,00:14,0.0,0.0,0.0,0.0,3.0,3.0,100.0,478.55,0.0,0.0,0.0,0.0,0.0,0.0,0.0,0.0,0.0,0.0,0.0,0.0,0.0,0.0,0.0,0.0,0.0,0.0,0.0,0.0,0.0,0.0,0.0,0.0,0.0,0.0,0.0,0.0,0.0,0.0,0.0,0.0,0.0,0.0,0.0,0.0,0.0,0.0,0.0,0.0,0.0,0.0,0.0,0.0,0.0,0.0,0.0,0.0,1.0,1.0,33.33,159.52,0.0,0.0,0.0,0.0,1.0,1.0,33.33,159.52,0.0,0.0,0.0,0.0,0.0,0.0,0.0,0.0,1.0,1.0,33.33,159.52,0.0,100.0,-100.0,319.03,-3.0,-3.0,-100.0,0.23,0.23,,,,,,1.0,,,,,33.33,0.0,0.0,33.33,
4,高雄全家海神,45|121|12668|13275,施晉堯/吳曉謹/歐提斯/吳彥侖,1,3,3.0,13.54,0.23,00:14,13.54,0.23,00:14,0.0,0.0,0.0,0.0,3.0,3.0,100.0,478.55,0.0,0.0,0.0,0.0,0.0,0.0,0.0,0.0,0.0,0.0,0.0,0.0,0.0,0.0,0.0,0.0,0.0,0.0,0.0,0.0,0.0,0.0,0.0,0.0,0.0,0.0,0.0,0.0,0.0,0.0,0.0,0.0,0.0,0.0,0.0,0.0,0.0,0.0,0.0,0.0,0.0,0.0,0.0,0.0,0.0,0.0,0.0,0.0,1.0,1.0,33.33,159.52,0.0,0.0,0.0,0.0,1.0,1.0,33.33,159.52,0.0,0.0,0.0,0.0,0.0,0.0,0.0,0.0,1.0,1.0,33.33,159.52,0.0,100.0,-100.0,319.03,-3.0,-3.0,-100.0,0.23,0.23,,,,,,1.0,,,,,33.33,0.0,0.0,33.33,
4,高雄全家海神,110|111|121|13275,胡瓏貿/唐維傑/吳曉謹/吳彥侖,1,4,6.0,60.06,1.0,01:00,60.06,1.0,01:00,4.0,4.0,66.67,143.85,3.0,3.0,50.0,107.89,2.0,2.0,33.33,71.92,1.0,1.0,16.67,35.96,1.0,1.0,16.67,35.96,0.0,0.0,0.0,0.0,1.0,1.0,16.67,35.96,1.0,1.0,16.67,35.96,2.0,2.0,33.33,71.92,1.0,1.0,16.67,35.96,1.0,1.0,16.67,35.96,0.0,0.0,0.0,0.0,1.0,1.0,16.67,35.96,0.0,0.0,0.0,0.0,0.0,0.0,0.0,0.0,1.0,1.0,16.67,35.96,0.0,0.0,0.0,0.0,0.0,0.0,0.0,0.0,1.0,1.0,16.67,35.96,2.0,2.0,33.33,71.92,66.67,50.0,16.67,143.85,1.0,1.0,16.67,1.0,1.0,0.75,0.69,0.0,1.0,0.5,0.0,1.0,1.0,0.0,0.5,0.0,0.0,0.17,33.33,1.0
4,高雄全家海神,109|110|111|121,于煥亞/胡瓏貿/唐維傑/吳曉謹,3,38,46.0,661.14,11.02,11:01,220.38,3.67,03:40,23.0,7.67,50.0,75.14,16.0,5.33,34.78,52.27,20.0,6.67,43.48,65.34,8.0,2.67,17.39,26.14,9.0,3.0,19.57,29.4,3.0,1.0,6.52,9.8,11.0,3.67,23.91,35.94,5.0,1.67,10.87,16.34,2.0,0.67,4.35,6.53,2.0,0.67,4.35,6.53,4.0,1.33,8.7,13.07,6.0,2.0,13.04,19.6,3.0,1.0,6.52,9.8,6.0,2.0,13.04,19.6,4.0,1.33,8.7,13.07,6.0,2.0,13.04,19.6,1.0,0.33,2.17,3.27,3.0,1.0,6.52,9.8,5.0,1.67,10.87,16.34,6.0,2.0,13.04,19.6,50.0,34.78,15.22,100.19,7.0,2.33,15.22,11.02,3.67,0.52,0.55,0.33,0.45,1.0,0.16,0.75,0.4,0.67,0.53,2.17,6.52,0.11,13.04,0.1
4,高雄全家海神,109|111|121|12668,于煥亞/唐維傑/吳曉謹/歐提斯,1,3,3.0,67.23,1.12,01:07,67.23,1.12,01:07,3.0,3.0,100.0,96.39,2.0,2.0,66.67,64.26,2.0,2.0,66.67,64.26,1.0,1.0,33.33,32.13,1.0,1.0,33.33,32.13,0.0,0.0,0.0,0.0,1.0,1.0,33.33,32.13,1.0,1.0,33.33,32.13,0.0,0.0,0.0,0.0,0.0,0.0,0.0,0.0,0.0,0.0,0.0,0.0,1.0,1.0,33.33,32.13,0.0,0.0,0.0,0.0,0.0,0.0,0.0,0.0,0.0,0.0,0.0,0.0,1.0,1.0,33.33,32.13,0.0,0.0,0.0,0.0,0.0,0.0,0.0,0.0,0.0,0.0,0.0,0.0,2.0,2.0,66.67,64.26,100.0,66.67,33.33,64.26,1.0,1.0,33.33,1.12,1.12,0.75,0.75,0.0,1.0,,0.0,1.0,,1.0,1.0,0.0,0.0,0.0,66.67,0.0
4,新北中信特攻,43|47|104|8889,林韋翰/曾文鼎/貝奇/馬可,4,75,92.0,1468.3,24.47,24:28,367.08,6.12,06:07,39.0,9.75,42.39,57.37,31.0,7.75,33.7,45.6,34.0,8.5,36.96,50.02,15.0,3.75,16.3,22.07,16.0,4.0,17.39,23.54,12.0,3.0,13.04,17.65,18.0,4.5,19.57,26.48,3.0,0.75,3.26,4.41,8.0,2.0,8.7,11.77,6.0,1.5,6.52,8.83,4.0,1.0,4.35,5.88,14.0,3.5,15.22,20.6,8.0,2.0,8.7,11.77,14.0,3.5,15.22,20.6,6.0,1.5,6.52,8.83,9.0,2.25,9.78,13.24,2.0,0.5,2.17,2.94,0.0,0.0,0.0,0.0,7.0,1.75,7.61,10.3,3.0,0.75,3.26,4.41,42.39,33.7,8.7,90.23,8.0,2.0,8.7,24.47,6.12,0.49,0.52,0.75,0.17,0.75,0.14,0.6,0.22,0.64,0.45,2.17,0.0,0.08,3.26,0.24
4,新北中信特攻,43|47|8889|10879,林韋翰/曾文鼎/馬可/簡廷兆,3,24,31.0,671.12,11.19,11:11,223.71,3.73,03:44,17.0,5.67,54.84,54.71,9.0,3.0,29.03,28.97,10.0,3.33,32.26,32.19,6.0,2.0,19.35,19.31,6.0,2.0,19.35,19.31,5.0,1.67,16.13,16.09,4.0,1.33,12.9,12.87,1.0,0.33,3.23,3.22,4.0,1.33,12.9,12.87,4.0,1.33,12.9,12.87,1.0,0.33,3.23,3.22,2.0,0.67,6.45,6.44,5.0,1.67,16.13,16.09,6.0,2.0,19.35,19.31,2.0,0.67,6.45,6.44,3.0,1.0,9.68,9.66,1.0,0.33,3.23,3.22,0.0,0.0,0.0,0.0,3.0,1.0,9.68,9.66,0.0,0.0,0.0,0.0,54.84,29.03,25.81,66.52,8.0,2.67,25.81,11.19,3.73,0.65,0.72,0.83,0.25,1.0,0.15,0.5,0.14,0.29,0.21,3.23,0.0,0.1,0.0,0.4
4,新北中信特攻,47|104|8889|10879,曾文鼎/貝奇/馬可/簡廷兆,5,51,68.0,1250.3,20.84,20:50,250.06,4.17,04:10,31.0,6.2,45.59,53.55,20.0,4.0,29.41,34.55,23.0,4.6,33.82,39.73,10.0,2.0,14.71,17.28,13.0,2.6,19.12,22.46,7.0,1.4,10.29,12.09,10.0,2.0,14.71,17.28,3.0,0.6,4.41,5.18,14.0,2.8,20.59,24.19,9.0,1.8,13.24,15.55,5.0,1.0,7.35,8.64,9.0,1.8,13.24,15.55,9.0,1.8,13.24,15.55,14.0,2.8,20.59,24.19,4.0,0.8,5.88,6.91,6.0,1.2,8.82,10.37,3.0,0.6,4.41,5.18,0.0,0.0,0.0,0.0,6.0,1.2,8.82,10.37,0.0,0.0,0.0,0.0,45.59,29.41,16.18,78.32,11.0,2.2,16.18,20.84,4.17,0.5,0.53,0.54,0.3,0.64,0.12,0.6,0.26,0.5,0.38,4.41,0.0,0.09,0.0,0.61
4,新北中信特攻,43|44|47|104,林韋翰/黃泓瀚/曾文鼎/貝奇,1,6,7.0,80.52,1.34,01:21,80.52,1.34,01:21,3.0,3.0,42.86,80.48,0.0,0.0,0.0,0.0,4.0,4.0,57.14,107.31,1.0,1.0,14.29,26.83,1.0,1.0,14.29,26.83,0.0,0.0,0.0,0.0,3.0,3.0,42.86,80.48,1.0,1.0,14.29,26.83,0.0,0.0,0.0,0.0,0.0,0.0,0.0,0.0,1.0,1.0,14.29,26.83,1.0,1.0,14.29,26.83,0.0,0.0,0.0,0.0,1.0,1.0,14.29,26.83,0.0,0.0,0.0,0.0,1.0,1.0,14.29,26.83,0.0,0.0,0.0,0.0,0.0,0.0,0.0,0.0,0.0,0.0,0.0,0.0,0.0,0.0,0.0,0.0,42.86,0.0,42.86,125.19,3.0,3.0,42.86,1.34,1.34,0.38,0.38,0.0,0.33,,0.0,1.0,0.5,1.0,0.67,0.0,0.0,0.0,0.0,0.0
4,新北中信特攻,43|44|47|10879,林韋翰/黃泓瀚/曾文鼎/簡廷兆,1,6,7.0,80.52,1.34,01:21,80.52,1.34,01:21,3.0,3.0,42.86,80.48,0.0,0.0,0.0,0.0,4.0,4.0,57.14,107.31,1.0,1.0,14.29,26.83,1.0,1.0,14.29,26.83,0.0,0.0,0.0,0.0,3.0,3.0,42.86,80.48,1.0,1.0,14.29,26.83,0.0,0.0,0.0,0.0,0.0,0.0,0.0,0.0,1.0,1.0,14.29,26.83,1.0,1.0,14.29,26.83,0.0,0.0,0.0,0.0,1.0,1.0,14.29,26.83,0.0,0.0,0.0,0.0,1.0,1.0,14.29,26.83,0.0,0.0,0.0,0.0,0.0,0.0,0.0,0.0,0.0,0.0,0.0,0.0,0.0,0.0,0.0,0.0,42.86,0.0,42.86,125.19,3.0,3.0,42.86,1.34,1.34,0.38,0.38,0.0,0.33,,0.0,1.0,0.5,1.0,0.67,0.0,0.0,0.0,0.0,0.0
4,新北中信特攻,43|44|104|10879,林韋翰/黃泓瀚/貝奇/簡廷兆,1,6,7.0,80.52,1.34,01:21,80.52,1.34,01:21,3.0,3.0,42.86,80.48,0.0,0.0,0.0,0.0,4.0,4.0,57.14,107.31,1.0,1.0,14.29,26.83,1.0,1.0,14.29,26.83,0.0,0.0,0.0,0.0,3.0,3.0,42.86,80.48,1.0,1.0,14.29,26.83,0.0,0.0,0.0,0.0,0.0,0.0,0.0,0.0,1.0,1.0,14.29,26.83,1.0,1.0,14.29,26.83,0.0,0.0,0.0,0.0,1.0,1.0,14.29,26.83,0.0,0.0,0.0,0.0,1.0,1.0,14.29,26.83,0.0,0.0,0.0,0.0,0.0,0.0,0.0,0.0,0.0,0.0,0.0,0.0,0.0,0.0,0.0,0.0,42.86,0.0,42.86,125.19,3.0,3.0,42.86,1.34,1.34,0.38,0.38,0.0,0.33,,0.0,1.0,0.5,1.0,0.67,0.0,0.0,0.0,0.0,0.0
4,新北中信特攻,44|47|104|10879,黃泓瀚/曾文鼎/貝奇/簡廷兆,3,17,21.0,244.42,4.07,04:04,81.47,1.36,01:21,5.0,1.67,23.81,44.19,5.0,1.67,23.81,44.19,9.0,3.0,42.86,79.54,2.0,0.67,9.52,17.67,3.0,1.0,14.29,26.51,1.0,0.33,4.76,8.84,6.0,2.0,28.57,53.02,1.0,0.33,4.76,8.84,2.0,0.67,9.52,17.67,0.0,0.0,0.0,0.0,1.0,0.33,4.76,8.84,5.0,1.67,23.81,44.19,1.0,0.33,4.76,8.84,4.0,1.33,19.05,35.35,1.0,0.33,4.76,8.84,2.0,0.67,9.52,17.67,0.0,0.0,0.0,0.0,0.0,0.0,0.0,0.0,1.0,0.33,4.76,8.84,0.0,0.0,0.0,0.0,23.81,23.81,0.0,123.72,0.0,0.0,0.0,4.07,1.36,0.28,0.25,0.33,0.17,0.0,0.09,1.0,0.2,0.83,0.55,0.0,0.0,0.05,0.0,0.22
4,新北中信特攻,40|104|10879|10880,謝亞軒/貝奇/簡廷兆/內馬,3,42,52.0,693.47,11.56,11:33,231.16,3.85,03:51,26.0,8.67,50.0,80.98,13.0,4.33,25.0,40.49,17.0,5.67,32.69,52.95,9.0,3.0,17.31,28.03,9.0,3.0,17.31,28.03,4.0,1.33,7.69,12.46,8.0,2.67,15.38,24.92,5.0,1.67,9.62,15.57,6.0,2.0,11.54,18.69,3.0,1.0,5.77,9.34,2.0,0.67,3.85,6.23,8.0,2.67,15.38,24.92,5.0,1.67,9.62,15.57,13.0,4.33,25.0,40.49,4.0,1.33,7.69,12.46,6.0,2.0,11.54,18.69,3.0,1.0,5.77,9.34,0.0,0.0,0.0,0.0,8.0,2.67,15.38,24.92,3.0,1.0,5.77,9.34,50.0,25.0,25.0,107.98,13.0,4.33,25.0,11.56,3.85,0.68,0.66,0.44,0.62,0.5,0.17,0.67,0.13,0.62,0.36,5.77,0.0,0.15,5.77,0.35
4,高雄全家海神,109|111|122|12668,于煥亞/唐維傑/陳懷安/歐提斯,1,5,7.0,48.52,0.81,00:49,48.52,0.81,00:49,2.0,2.0,28.57,89.04,0.0,0.0,0.0,0.0,3.0,3.0,42.86,133.57,1.0,1.0,14.29,44.52,3.0,3.0,42.86,133.57,1.0,1.0,14.29,44.52,0.0,0.0,0.0,0.0,0.0,0.0,0.0,0.0,0.0,0.0,0.0,0.0,0.0,0.0,0.0,0.0,1.0,1.0,14.29,44.52,1.0,1.0,14.29,44.52,0.0,0.0,0.0,0.0,1.0,1.0,14.29,44.52,1.0,1.0,14.29,44.52,1.0,1.0,14.29,44.52,1.0,1.0,14.29,44.52,0.0,0.0,0.0,0.0,0.0,0.0,0.0,0.0,0.0,0.0,0.0,0.0,28.57,0.0,28.57,207.77,2.0,2.0,28.57,0.81,0.81,0.33,0.33,0.33,,,0.25,1.0,0.5,1.0,0.67,14.29,0.0,0.0,0.0,0.0
4,高雄全家海神,109|111|12668|14037,于煥亞/唐維傑/歐提斯/奧迪傑,1,5,7.0,48.52,0.81,00:49,48.52,0.81,00:49,2.0,2.0,28.57,89.04,0.0,0.0,0.0,0.0,3.0,3.0,42.86,133.57,1.0,1.0,14.29,44.52,3.0,3.0,42.86,133.57,1.0,1.0,14.29,44.52,0.0,0.0,0.0,0.0,0.0,0.0,0.0,0.0,0.0,0.0,0.0,0.0,0.0,0.0,0.0,0.0,1.0,1.0,14.29,44.52,1.0,1.0,14.29,44.52,0.0,0.0,0.0,0.0,1.0,1.0,14.29,44.52,1.0,1.0,14.29,44.52,1.0,1.0,14.29,44.52,1.0,1.0,14.29,44.52,0.0,0.0,0.0,0.0,0.0,0.0,0.0,0.0,0.0,0.0,0.0,0.0,28.57,0.0,28.57,207.77,2.0,2.0,28.57,0.81,0.81,0.33,0.33,0.33,,,0.25,1.0,0.5,1.0,0.67,14.29,0.0,0.0,0.0,0.0
4,高雄全家海神,109|122|12668|14037,于煥亞/陳懷安/歐提斯/奧迪傑,1,5,7.0,48.52,0.81,00:49,48.52,0.81,00:49,2.0,2.0,28.57,89.04,0.0,0.0,0.0,0.0,3.0,3.0,42.86,133.57,1.0,1.0,14.29,44.52,3.0,3.0,42.86,133.57,1.0,1.0,14.29,44.52,0.0,0.0,0.0,0.0,0.0,0.0,0.0,0.0,0.0,0.0,0.0,0.0,0.0,0.0,0.0,0.0,1.0,1.0,14.29,44.52,1.0,1.0,14.29,44.52,0.0,0.0,0.0,0.0,1.0,1.0,14.29,44.52,1.0,1.0,14.29,44.52,1.0,1.0,14.29,44.52,1.0,1.0,14.29,44.52,0.0,0.0,0.0,0.0,0.0,0.0,0.0,0.0,0.0,0.0,0.0,0.0,28.57,0.0,28.57,207.77,2.0,2.0,28.57,0.81,0.81,0.33,0.33,0.33,,,0.25,1.0,0.5,1.0,0.67,14.29,0.0,0.0,0.0,0.0
4,高雄全家海神,111|122|12668|14037,唐維傑/陳懷安/歐提斯/奧迪傑,1,14,16.0,194.52,3.24,03:15,194.52,3.24,03:15,12.0,12.0,75.0,133.25,7.0,7.0,43.75,77.73,7.0,7.0,43.75,77.73,5.0,5.0,31.25,55.52,6.0,6.0,37.5,66.63,4.0,4.0,25.0,44.42,1.0,1.0,6.25,11.1,1.0,1.0,6.25,11.1,2.0,2.0,12.5,22.21,1.0,1.0,6.25,11.1,1.0,1.0,6.25,11.1,1.0,1.0,6.25,11.1,0.0,0.0,0.0,0.0,2.0,2.0,12.5,22.21,1.0,1.0,6.25,11.1,3.0,3.0,18.75,33.31,1.0,1.0,6.25,11.1,0.0,0.0,0.0,0.0,3.0,3.0,18.75,33.31,0.0,0.0,0.0,0.0,75.0,43.75,31.25,118.45,5.0,5.0,31.25,3.24,3.24,0.79,0.76,0.67,1.0,0.5,0.11,0.6,0.33,1.0,0.5,6.25,0.0,0.19,0.0,0.29
4,高雄全家海神,109|121|12668|13275,于煥亞/吳曉謹/歐提斯/吳彥侖,1,10,11.0,134.86,2.25,02:15,134.86,2.25,02:15,2.0,2.0,18.18,32.03,9.0,9.0,81.82,144.15,1.0,1.0,9.09,16.02,1.0,1.0,9.09,16.02,1.0,1.0,9.09,16.02,1.0,1.0,9.09,16.02,0.0,0.0,0.0,0.0,0.0,0.0,0.0,0.0,0.0,0.0,0.0,0.0,0.0,0.0,0.0,0.0,0.0,0.0,0.0,0.0,0.0,0.0,0.0,0.0,1.0,1.0,9.09,16.02,1.0,1.0,9.09,16.02,4.0,4.0,36.36,64.07,0.0,0.0,0.0,0.0,2.0,2.0,18.18,32.03,0.0,0.0,0.0,0.0,1.0,1.0,9.09,16.02,0.0,0.0,0.0,0.0,18.18,81.82,-63.64,117.46,-7.0,-7.0,-63.64,2.25,2.25,1.0,1.0,1.0,,,0.8,0.0,0.0,0.0,0.0,18.18,0.0,0.09,0.0,0.0
4,高雄全家海神,109|121|12668|14037,于煥亞/吳曉謹/歐提斯/奧迪傑,1,10,11.0,134.86,2.25,02:15,134.86,2.25,02:15,2.0,2.0,18.18,32.03,9.0,9.0,81.82,144.15,1.0,1.0,9.09,16.02,1.0,1.0,9.09,16.02,1.0,1.0,9.09,16.02,1.0,1.0,9.09,16.02,0.0,0.0,0.0,0.0,0.0,0.0,0.0,0.0,0.0,0.0,0.0,0.0,0.0,0.0,0.0,0.0,0.0,0.0,0.0,0.0,0.0,0.0,0.0,0.0,1.0,1.0,9.09,16.02,1.0,1.0,9.09,16.02,4.0,4.0,36.36,64.07,0.0,0.0,0.0,0.0,2.0,2.0,18.18,32.03,0.0,0.0,0.0,0.0,1.0,1.0,9.09,16.02,0.0,0.0,0.0,0.0,18.18,81.82,-63.64,117.46,-7.0,-7.0,-63.64,2.25,2.25,1.0,1.0,1.0,,,0.8,0.0,0.0,0.0,0.0,18.18,0.0,0.09,0.0,0.0
4,高雄全家海神,109|121|13275|14037,于煥亞/吳曉謹/吳彥侖/奧迪傑,1,10,11.0,134.86,2.25,02:15,134.86,2.25,02:15,2.0,2.0,18.18,32.03,9.0,9.0,81.82,144.15,1.0,1.0,9.09,16.02,1.0,1.0,9.09,16.02,1.0,1.0,9.09,16.02,1.0,1.0,9.09,16.02,0.0,0.0,0.0,0.0,0.0,0.0,0.0,0.0,0.0,0.0,0.0,0.0,0.0,0.0,0.0,0.0,0.0,0.0,0.0,0.0,0.0,0.0,0.0,0.0,1.0,1.0,9.09,16.02,1.0,1.0,9.09,16.02,4.0,4.0,36.36,64.07,0.0,0.0,0.0,0.0,2.0,2.0,18.18,32.03,0.0,0.0,0.0,0.0,1.0,1.0,9.09,16.02,0.0,0.0,0.0,0.0,18.18,81.82,-63.64,117.46,-7.0,-7.0,-63.64,2.25,2.25,1.0,1.0,1.0,,,0.8,0.0,0.0,0.0,0.0,18.18,0.0,0.09,0.0,0.0
4,高雄全家海神,109|12668|13275|14037,于煥亞/歐提斯/吳彥侖/奧迪傑,1,10,11.0,134.86,2.25,02:15,134.86,2.25,02:15,2.0,2.0,18.18,32.03,9.0,9.0,81.82,144.15,1.0,1.0,9.09,16.02,1.0,1.0,9.09,16.02,1.0,1.0,9.09,16.02,1.0,1.0,9.09,16.02,0.0,0.0,0.0,0.0,0.0,0.0,0.0,0.0,0.0,0.0,0.0,0.0,0.0,0.0,0.0,0.0,0.0,0.0,0.0,0.0,0.0,0.0,0.0,0.0,1.0,1.0,9.09,16.02,1.0,1.0,9.09,16.02,4.0,4.0,36.36,64.07,0.0,0.0,0.0,0.0,2.0,2.0,18.18,32.03,0.0,0.0,0.0,0.0,1.0,1.0,9.09,16.02,0.0,0.0,0.0,0.0,18.18,81.82,-63.64,117.46,-7.0,-7.0,-63.64,2.25,2.25,1.0,1.0,1.0,,,0.8,0.0,0.0,0.0,0.0,18.18,0.0,0.09,0.0,0.0
4,高雄全家海神,121|12668|13275|14037,吳曉謹/歐提斯/吳彥侖/奧迪傑,1,10,11.0,134.86,2.25,02:15,134.86,2.25,02:15,2.0,2.0,18.18,32.03,9.0,9.0,81.82,144.15,1.0,1.0,9.09,16.02,1.0,1.0,9.09,16.02,1.0,1.0,9.09,16.02,1.0,1.0,9.09,16.02,0.0,0.0,0.0,0.0,0.0,0.0,0.0,0.0,0.0,0.0,0.0,0.0,0.0,0.0,0.0,0.0,0.0,0.0,0.0,0.0,0.0,0.0,0.0,0.0,1.0,1.0,9.09,16.02,1.0,1.0,9.09,16.02,4.0,4.0,36.36,64.07,0.0,0.0,0.0,0.0,2.0,2.0,18.18,32.03,0.0,0.0,0.0,0.0,1.0,1.0,9.09,16.02,0.0,0.0,0.0,0.0,18.18,81.82,-63.64,117.46,-7.0,-7.0,-63.64,2.25,2.25,1.0,1.0,1.0,,,0.8,0.0,0.0,0.0,0.0,18.18,0.0,0.09,0.0,0.0
4,高雄全家海神,51|109|122|12668,克力斯/于煥亞/陳懷安/歐提斯,1,16,20.0,243.19,4.05,04:03,243.19,4.05,04:03,4.0,4.0,20.0,35.53,12.0,12.0,60.0,106.58,6.0,6.0,30.0,53.29,1.0,1.0,5.0,8.88,1.0,1.0,5.0,8.88,1.0,1.0,5.0,8.88,5.0,5.0,25.0,44.41,0.0,0.0,0.0,0.0,0.0,0.0,0.0,0.0,0.0,0.0,0.0,0.0,1.0,1.0,5.0,8.88,4.0,4.0,20.0,35.53,2.0,2.0,10.0,17.76,1.0,1.0,5.0,8.88,1.0,1.0,5.0,8.88,1.0,1.0,5.0,8.88,2.0,2.0,10.0,17.76,0.0,0.0,0.0,0.0,2.0,2.0,10.0,17.76,2.0,2.0,10.0,17.76,20.0,60.0,-40.0,118.43,-8.0,-8.0,-40.0,4.05,4.05,0.17,0.33,1.0,0.0,,0.14,1.0,0.5,0.67,0.62,10.0,0.0,0.1,10.0,0.0
4,高雄全家海神,51|109|110|122,克力斯/于煥亞/胡瓏貿/陳懷安,1,3,5.0,39.52,0.66,00:40,39.52,0.66,00:40,2.0,2.0,40.0,109.32,4.0,4.0,80.0,218.65,1.0,1.0,20.0,54.66,0.0,0.0,0.0,0.0,0.0,0.0,0.0,0.0,0.0,0.0,0.0,0.0,1.0,1.0,20.0,54.66,0.0,0.0,0.0,0.0,0.0,0.0,0.0,0.0,0.0,0.0,0.0,0.0,1.0,1.0,20.0,54.66,0.0,0.0,0.0,0.0,1.0,1.0,20.0,54.66,0.0,0.0,0.0,0.0,0.0,0.0,0.0,0.0,0.0,0.0,0.0,0.0,1.0,1.0,20.0,54.66,0.0,0.0,0.0,0.0,1.0,1.0,20.0,54.66,0.0,0.0,0.0,0.0,40.0,80.0,-40.0,182.2,-2.0,-2.0,-40.0,0.66,0.66,0.0,1.0,,0.0,,0.0,,1.0,0.0,0.5,20.0,0.0,0.2,0.0,0.0
4,高雄全家海神,51|110|122|12668,克力斯/胡瓏貿/陳懷安/歐提斯,1,8,10.0,127.69,2.13,02:08,127.69,2.13,02:08,2.0,2.0,20.0,33.83,8.0,8.0,80.0,135.33,4.0,4.0,40.0,67.66,1.0,1.0,10.0,16.92,2.0,2.0,20.0,33.83,1.0,1.0,10.0,16.92,2.0,2.0,20.0,33.83,0.0,0.0,0.0,0.0,0.0,0.0,0.0,0.0,0.0,0.0,0.0,0.0,1.0,1.0,10.0,16.92,2.0,2.0,20.0,33.83,1.0,1.0,10.0,16.92,1.0,1.0,10.0,16.92,0.0,0.0,0.0,0.0,1.0,1.0,10.0,16.92,1.0,1.0,10.0,16.92,0.0,0.0,0.0,0.0,1.0,1.0,10.0,16.92,2.0,2.0,20.0,33.83,20.0,80.0,-60.0,112.77,-6.0,-6.0,-60.0,2.13,2.13,0.25,0.25,0.5,0.0,,0.0,1.0,0.5,0.67,0.6,10.0,0.0,0.1,20.0,0.0
4,高雄全家海神,51|110|111|122,克力斯/胡瓏貿/唐維傑/陳懷安,1,4,4.0,88.01,1.47,01:28,88.01,1.47,01:28,0.0,0.0,0.0,0.0,3.0,3.0,75.0,73.63,3.0,3.0,75.0,73.63,1.0,1.0,25.0,24.54,2.0,2.0,50.0,49.09,1.0,1.0,25.0,24.54,1.0,1.0,25.0,24.54,0.0,0.0,0.0,0.0,0.0,0.0,0.0,0.0,0.0,0.0,0.0,0.0,0.0,0.0,0.0,0.0,2.0,2.0,50.0,49.09,0.0,0.0,0.0,0.0,1.0,1.0,25.0,24.54,0.0,0.0,0.0,0.0,1.0,1.0,25.0,24.54,0.0,0.0,0.0,0.0,0.0,0.0,0.0,0.0,0.0,0.0,0.0,0.0,0.0,0.0,0.0,0.0,0.0,75.0,-75.0,65.45,-3.0,-3.0,-75.0,1.47,1.47,0.33,0.0,0.5,0.0,,0.0,1.0,0.0,1.0,0.67,0.0,0.0,0.0,0.0,0.0
4,高雄全家海神,51|111|122|12668,克力斯/唐維傑/陳懷安/歐提斯,1,6,6.0,88.78,1.48,01:29,88.78,1.48,01:29,2.0,2.0,33.33,48.66,3.0,3.0,50.0,72.99,3.0,3.0,50.0,72.99,1.0,1.0,16.67,24.33,2.0,2.0,33.33,48.66,1.0,1.0,16.67,24.33,1.0,1.0,16.67,24.33,0.0,0.0,0.0,0.0,2.0,2.0,33.33,48.66,2.0,2.0,33.33,48.66,0.0,0.0,0.0,0.0,2.0,2.0,33.33,48.66,0.0,0.0,0.0,0.0,1.0,1.0,16.67,24.33,0.0,0.0,0.0,0.0,1.0,1.0,16.67,24.33,0.0,0.0,0.0,0.0,0.0,0.0,0.0,0.0,0.0,0.0,0.0,0.0,0.0,0.0,0.0,0.0,33.33,50.0,-16.67,97.31,-1.0,-1.0,-16.67,1.48,1.48,0.33,0.26,0.5,0.0,1.0,0.0,1.0,0.0,1.0,0.67,0.0,0.0,0.0,0.0,0.67
4,高雄全家海神,110|111|122|12668,胡瓏貿/唐維傑/陳懷安/歐提斯,1,13,13.0,234.01,3.9,03:54,234.01,3.9,03:54,10.0,10.0,76.92,92.3,10.0,10.0,76.92,92.3,7.0,7.0,53.85,64.61,5.0,5.0,38.46,46.15,5.0,5.0,38.46,46.15,4.0,4.0,30.77,36.92,2.0,2.0,15.38,18.46,1.0,1.0,7.69,9.23,2.0,2.0,15.38,18.46,1.0,1.0,7.69,9.23,0.0,0.0,0.0,0.0,2.0,2.0,15.38,18.46,0.0,0.0,0.0,0.0,2.0,2.0,15.38,18.46,0.0,0.0,0.0,0.0,3.0,3.0,23.08,27.69,0.0,0.0,0.0,0.0,0.0,0.0,0.0,0.0,3.0,3.0,23.08,27.69,0.0,0.0,0.0,0.0,76.92,76.92,0.0,80.0,0.0,0.0,0.0,3.9,3.9,0.79,0.63,0.8,0.5,0.5,0.0,0.6,0.0,1.0,0.5,0.0,0.0,0.23,0.0,0.29
4,高雄全家海神,45|51|122|12668,施晉堯/克力斯/陳懷安/歐提斯,1,12,14.0,163.84,2.73,02:44,163.84,2.73,02:44,2.0,2.0,14.29,26.37,6.0,6.0,42.86,79.1,4.0,4.0,28.57,52.74,1.0,1.0,7.14,13.18,1.0,1.0,7.14,13.18,1.0,1.0,7.14,13.18,3.0,3.0,21.43,39.55,0.0,0.0,0.0,0.0,0.0,0.0,0.0,0.0,0.0,0.0,0.0,0.0,0.0,0.0,0.0,0.0,3.0,3.0,21.43,39.55,1.0,1.0,7.14,13.18,1.0,1.0,7.14,13.18,1.0,1.0,7.14,13.18,1.0,1.0,7.14,13.18,1.0,1.0,7.14,13.18,0.0,0.0,0.0,0.0,1.0,1.0,7.14,13.18,3.0,3.0,21.43,39.55,14.29,42.86,-28.57,123.05,-4.0,-4.0,-28.57,2.73,2.73,0.25,0.25,1.0,0.0,,0.2,1.0,0.0,0.75,0.6,7.14,0.0,0.07,21.43,0.0
4,高雄全家海神,45|110|122|14037,施晉堯/胡瓏貿/陳懷安/奧迪傑,1,23,26.0,294.6,4.91,04:55,294.6,4.91,04:55,10.0,10.0,38.46,73.32,18.0,18.0,69.23,131.98,5.0,5.0,19.23,36.66,3.0,3.0,11.54,22.0,3.0,3.0,11.54,22.0,2.0,2.0,7.69,14.66,2.0,2.0,7.69,14.66,1.0,1.0,3.85,7.33,3.0,3.0,11.54,22.0,3.0,3.0,11.54,22.0,0.0,0.0,0.0,0.0,2.0,2.0,7.69,14.66,0.0,0.0,0.0,0.0,1.0,1.0,3.85,7.33,5.0,5.0,19.23,36.66,1.0,1.0,3.85,7.33,3.0,3.0,11.54,22.0,0.0,0.0,0.0,0.0,4.0,4.0,15.38,29.33,2.0,2.0,7.69,14.66,38.46,69.23,-30.77,127.09,-8.0,-8.0,-30.77,4.91,4.91,0.7,0.79,0.67,0.5,1.0,0.44,0.33,0.0,1.0,0.67,11.54,0.0,0.15,7.69,0.6
4,高雄全家海神,45|110|12668|14037,施晉堯/胡瓏貿/歐提斯/奧迪傑,1,23,26.0,294.6,4.91,04:55,294.6,4.91,04:55,10.0,10.0,38.46,73.32,18.0,18.0,69.23,131.98,5.0,5.0,19.23,36.66,3.0,3.0,11.54,22.0,3.0,3.0,11.54,22.0,2.0,2.0,7.69,14.66,2.0,2.0,7.69,14.66,1.0,1.0,3.85,7.33,3.0,3.0,11.54,22.0,3.0,3.0,11.54,22.0,0.0,0.0,0.0,0.0,2.0,2.0,7.69,14.66,0.0,0.0,0.0,0.0,1.0,1.0,3.85,7.33,5.0,5.0,19.23,36.66,1.0,1.0,3.85,7.33,3.0,3.0,11.54,22.0,0.0,0.0,0.0,0.0,4.0,4.0,15.38,29.33,2.0,2.0,7.69,14.66,38.46,69.23,-30.77,127.09,-8.0,-8.0,-30.77,4.91,4.91,0.7,0.79,0.67,0.5,1.0,0.44,0.33,0.0,1.0,0.67,11.54,0.0,0.15,7.69,0.6
4,高雄全家海神,110|122|12668|14037,胡瓏貿/陳懷安/歐提斯/奧迪傑,1,32,35.0,440.6,7.34,07:21,440.6,7.34,07:21,20.0,20.0,57.14,98.05,25.0,25.0,71.43,122.56,9.0,9.0,25.71,44.12,7.0,7.0,20.0,34.32,6.0,6.0,17.14,29.41,5.0,5.0,14.29,24.51,3.0,3.0,8.57,14.71,2.0,2.0,5.71,9.8,5.0,5.0,14.29,24.51,4.0,4.0,11.43,19.61,0.0,0.0,0.0,0.0,2.0,2.0,5.71,9.8,0.0,0.0,0.0,0.0,2.0,2.0,5.71,9.8,5.0,5.0,14.29,24.51,3.0,3.0,8.57,14.71,3.0,3.0,8.57,14.71,0.0,0.0,0.0,0.0,7.0,7.0,20.0,34.32,2.0,2.0,5.71,9.8,57.14,71.43,-14.29,114.39,-5.0,-5.0,-14.29,7.34,7.34,0.89,0.89,0.83,0.67,0.8,0.31,0.43,0.0,1.0,0.5,8.57,0.0,0.2,5.71,0.56
4,高雄全家海神,110|111|122|14037,胡瓏貿/唐維傑/陳懷安/奧迪傑,1,9,9.0,146.0,2.43,02:26,146.0,2.43,02:26,10.0,10.0,111.11,147.95,7.0,7.0,77.78,103.56,4.0,4.0,44.44,59.18,4.0,4.0,44.44,59.18,3.0,3.0,33.33,44.38,3.0,3.0,33.33,44.38,1.0,1.0,11.11,14.79,1.0,1.0,11.11,14.79,2.0,2.0,22.22,29.59,1.0,1.0,11.11,14.79,0.0,0.0,0.0,0.0,0.0,0.0,0.0,0.0,0.0,0.0,0.0,0.0,1.0,1.0,11.11,14.79,0.0,0.0,0.0,0.0,2.0,2.0,22.22,29.59,0.0,0.0,0.0,0.0,0.0,0.0,0.0,0.0,3.0,3.0,33.33,44.38,0.0,0.0,0.0,0.0,111.11,77.78,33.33,88.77,3.0,3.0,33.33,2.43,2.43,1.12,1.02,1.0,1.0,0.5,0.0,0.5,0.0,,0.0,0.0,0.0,0.33,0.0,0.5
4,高雄全家海神,110|111|12668|14037,胡瓏貿/唐維傑/歐提斯/奧迪傑,1,9,9.0,146.0,2.43,02:26,146.0,2.43,02:26,10.0,10.0,111.11,147.95,7.0,7.0,77.78,103.56,4.0,4.0,44.44,59.18,4.0,4.0,44.44,59.18,3.0,3.0,33.33,44.38,3.0,3.0,33.33,44.38,1.0,1.0,11.11,14.79,1.0,1.0,11.11,14.79,2.0,2.0,22.22,29.59,1.0,1.0,11.11,14.79,0.0,0.0,0.0,0.0,0.0,0.0,0.0,0.0,0.0,0.0,0.0,0.0,1.0,1.0,11.11,14.79,0.0,0.0,0.0,0.0,2.0,2.0,22.22,29.59,0.0,0.0,0.0,0.0,0.0,0.0,0.0,0.0,3.0,3.0,33.33,44.38,0.0,0.0,0.0,0.0,111.11,77.78,33.33,88.77,3.0,3.0,33.33,2.43,2.43,1.12,1.02,1.0,1.0,0.5,0.0,0.5,0.0,,0.0,0.0,0.0,0.33,0.0,0.5
4,高雄全家海神,45|51|109|122,施晉堯/克力斯/于煥亞/陳懷安,1,17,19.0,265.47,4.42,04:25,265.47,4.42,04:25,4.0,4.0,21.05,32.55,11.0,11.0,57.89,89.5,6.0,6.0,31.58,48.82,2.0,2.0,10.53,16.27,2.0,2.0,10.53,16.27,2.0,2.0,10.53,16.27,4.0,4.0,21.05,32.55,0.0,0.0,0.0,0.0,0.0,0.0,0.0,0.0,0.0,0.0,0.0,0.0,0.0,0.0,0.0,0.0,4.0,4.0,21.05,32.55,1.0,1.0,5.26,8.14,1.0,1.0,5.26,8.14,2.0,2.0,10.53,16.27,1.0,1.0,5.26,8.14,2.0,2.0,10.53,16.27,0.0,0.0,0.0,0.0,1.0,1.0,5.26,8.14,1.0,1.0,5.26,8.14,21.05,57.89,-36.84,103.06,-7.0,-7.0,-36.84,4.42,4.42,0.33,0.33,1.0,0.0,,0.25,0.5,0.0,0.8,0.67,10.53,0.0,0.05,5.26,0.0
4,高雄全家海神,45|51|109|14037,施晉堯/克力斯/于煥亞/奧迪傑,1,6,6.0,101.8,1.7,01:42,101.8,1.7,01:42,2.0,2.0,33.33,42.44,6.0,6.0,100.0,127.31,2.0,2.0,33.33,42.44,1.0,1.0,16.67,21.22,1.0,1.0,16.67,21.22,1.0,1.0,16.67,21.22,1.0,1.0,16.67,21.22,0.0,0.0,0.0,0.0,0.0,0.0,0.0,0.0,0.0,0.0,0.0,0.0,0.0,0.0,0.0,0.0,1.0,1.0,16.67,21.22,0.0,0.0,0.0,0.0,0.0,0.0,0.0,0.0,1.0,1.0,16.67,21.22,0.0,0.0,0.0,0.0,1.0,1.0,16.67,21.22,0.0,0.0,0.0,0.0,0.0,0.0,0.0,0.0,0.0,0.0,0.0,0.0,33.33,100.0,-66.67,84.87,-4.0,-4.0,-66.67,1.7,1.7,0.5,0.5,1.0,0.0,,0.33,0.0,,1.0,1.0,16.67,0.0,0.0,0.0,0.0
4,高雄全家海神,45|51|122|14037,施晉堯/克力斯/陳懷安/奧迪傑,1,6,6.0,101.8,1.7,01:42,101.8,1.7,01:42,2.0,2.0,33.33,42.44,6.0,6.0,100.0,127.31,2.0,2.0,33.33,42.44,1.0,1.0,16.67,21.22,1.0,1.0,16.67,21.22,1.0,1.0,16.67,21.22,1.0,1.0,16.67,21.22,0.0,0.0,0.0,0.0,0.0,0.0,0.0,0.0,0.0,0.0,0.0,0.0,0.0,0.0,0.0,0.0,1.0,1.0,16.67,21.22,0.0,0.0,0.0,0.0,0.0,0.0,0.0,0.0,1.0,1.0,16.67,21.22,0.0,0.0,0.0,0.0,1.0,1.0,16.67,21.22,0.0,0.0,0.0,0.0,0.0,0.0,0.0,0.0,0.0,0.0,0.0,0.0,33.33,100.0,-66.67,84.87,-4.0,-4.0,-66.67,1.7,1.7,0.5,0.5,1.0,0.0,,0.33,0.0,,1.0,1.0,16.67,0.0,0.0,0.0,0.0
4,高雄全家海神,45|109|122|14037,施晉堯/于煥亞/陳懷安/奧迪傑,1,6,6.0,101.8,1.7,01:42,101.8,1.7,01:42,2.0,2.0,33.33,42.44,6.0,6.0,100.0,127.31,2.0,2.0,33.33,42.44,1.0,1.0,16.67,21.22,1.0,1.0,16.67,21.22,1.0,1.0,16.67,21.22,1.0,1.0,16.67,21.22,0.0,0.0,0.0,0.0,0.0,0.0,0.0,0.0,0.0,0.0,0.0,0.0,0.0,0.0,0.0,0.0,1.0,1.0,16.67,21.22,0.0,0.0,0.0,0.0,0.0,0.0,0.0,0.0,1.0,1.0,16.67,21.22,0.0,0.0,0.0,0.0,1.0,1.0,16.67,21.22,0.0,0.0,0.0,0.0,0.0,0.0,0.0,0.0,0.0,0.0,0.0,0.0,33.33,100.0,-66.67,84.87,-4.0,-4.0,-66.67,1.7,1.7,0.5,0.5,1.0,0.0,,0.33,0.0,,1.0,1.0,16.67,0.0,0.0,0.0,0.0
4,新北中信特攻,39|48|8889|10880,魏嘉豪/李沛澄/馬可/內馬,1,12,14.0,164.06,2.73,02:44,164.06,2.73,02:44,5.0,5.0,35.71,65.83,3.0,3.0,21.43,39.5,5.0,5.0,35.71,65.83,2.0,2.0,14.29,26.33,3.0,3.0,21.43,39.5,2.0,2.0,14.29,26.33,2.0,2.0,14.29,26.33,0.0,0.0,0.0,0.0,1.0,1.0,7.14,13.17,1.0,1.0,7.14,13.17,1.0,1.0,7.14,13.17,1.0,1.0,7.14,13.17,0.0,0.0,0.0,0.0,3.0,3.0,21.43,39.5,2.0,2.0,14.29,26.33,1.0,1.0,7.14,13.17,1.0,1.0,7.14,13.17,0.0,0.0,0.0,0.0,0.0,0.0,0.0,0.0,1.0,1.0,7.14,13.17,35.71,21.43,14.29,122.88,2.0,2.0,14.29,2.73,2.73,0.4,0.46,0.67,0.0,1.0,0.27,0.5,0.25,1.0,0.4,7.14,0.0,0.0,7.14,0.2
4,高雄全家海神,45|109|122|12668,施晉堯/于煥亞/陳懷安/歐提斯,1,11,13.0,163.67,2.73,02:44,163.67,2.73,02:44,2.0,2.0,15.38,26.39,5.0,5.0,38.46,65.98,4.0,4.0,30.77,52.79,1.0,1.0,7.69,13.2,1.0,1.0,7.69,13.2,1.0,1.0,7.69,13.2,3.0,3.0,23.08,39.59,0.0,0.0,0.0,0.0,0.0,0.0,0.0,0.0,0.0,0.0,0.0,0.0,0.0,0.0,0.0,0.0,3.0,3.0,23.08,39.59,1.0,1.0,7.69,13.2,1.0,1.0,7.69,13.2,1.0,1.0,7.69,13.2,1.0,1.0,7.69,13.2,1.0,1.0,7.69,13.2,0.0,0.0,0.0,0.0,1.0,1.0,7.69,13.2,1.0,1.0,7.69,13.2,15.38,38.46,-23.08,114.37,-3.0,-3.0,-23.08,2.73,2.73,0.25,0.25,1.0,0.0,,0.2,1.0,0.0,0.75,0.6,7.69,0.0,0.08,7.69,0.0
4,高雄全家海神,51|108|111|122,克力斯/魏莨哲/唐維傑/陳懷安,1,2,2.0,0.77,0.01,00:01,0.77,0.01,00:01,2.0,2.0,100.0,5581.4,0.0,0.0,0.0,0.0,0.0,0.0,0.0,0.0,0.0,0.0,0.0,0.0,0.0,0.0,0.0,0.0,0.0,0.0,0.0,0.0,0.0,0.0,0.0,0.0,0.0,0.0,0.0,0.0,2.0,2.0,100.0,5581.4,2.0,2.0,100.0,5581.4,0.0,0.0,0.0,0.0,0.0,0.0,0.0,0.0,0.0,0.0,0.0,0.0,0.0,0.0,0.0,0.0,0.0,0.0,0.0,0.0,0.0,0.0,0.0,0.0,0.0,0.0,0.0,0.0,0.0,0.0,0.0,0.0,0.0,0.0,0.0,0.0,0.0,0.0,0.0,0.0,100.0,0.0,100.0,3720.93,2.0,2.0,100.0,0.01,0.01,,1.14,,,1.0,0.0,,,,,0.0,0.0,0.0,0.0,
4,高雄全家海神,108|111|122|12668,魏莨哲/唐維傑/陳懷安/歐提斯,1,2,2.0,0.77,0.01,00:01,0.77,0.01,00:01,2.0,2.0,100.0,5581.4,0.0,0.0,0.0,0.0,0.0,0.0,0.0,0.0,0.0,0.0,0.0,0.0,0.0,0.0,0.0,0.0,0.0,0.0,0.0,0.0,0.0,0.0,0.0,0.0,0.0,0.0,0.0,0.0,2.0,2.0,100.0,5581.4,2.0,2.0,100.0,5581.4,0.0,0.0,0.0,0.0,0.0,0.0,0.0,0.0,0.0,0.0,0.0,0.0,0.0,0.0,0.0,0.0,0.0,0.0,0.0,0.0,0.0,0.0,0.0,0.0,0.0,0.0,0.0,0.0,0.0,0.0,0.0,0.0,0.0,0.0,0.0,0.0,0.0,0.0,0.0,0.0,100.0,0.0,100.0,3720.93,2.0,2.0,100.0,0.01,0.01,,1.14,,,1.0,0.0,,,,,0.0,0.0,0.0,0.0,
4,新北中信特攻,39|40|48|104,魏嘉豪/謝亞軒/李沛澄/貝奇,1,12,15.0,169.39,2.82,02:49,169.39,2.82,02:49,8.0,8.0,53.33,102.01,5.0,5.0,33.33,63.76,8.0,8.0,53.33,102.01,3.0,3.0,20.0,38.26,2.0,2.0,13.33,25.5,1.0,1.0,6.67,12.75,6.0,6.0,40.0,76.51,2.0,2.0,13.33,25.5,0.0,0.0,0.0,0.0,0.0,0.0,0.0,0.0,3.0,3.0,20.0,38.26,2.0,2.0,13.33,25.5,0.0,0.0,0.0,0.0,1.0,1.0,6.67,12.75,1.0,1.0,6.67,12.75,2.0,2.0,13.33,25.5,1.0,1.0,6.67,12.75,0.0,0.0,0.0,0.0,0.0,0.0,0.0,0.0,1.0,1.0,6.67,12.75,53.33,33.33,20.0,127.52,3.0,3.0,20.0,2.82,2.82,0.5,0.5,0.5,0.33,,0.11,0.67,0.75,1.0,0.83,6.67,0.0,0.0,6.67,0.0
4,新北中信特攻,39|40|48|10880,魏嘉豪/謝亞軒/李沛澄/內馬,1,12,15.0,169.39,2.82,02:49,169.39,2.82,02:49,8.0,8.0,53.33,102.01,5.0,5.0,33.33,63.76,8.0,8.0,53.33,102.01,3.0,3.0,20.0,38.26,2.0,2.0,13.33,25.5,1.0,1.0,6.67,12.75,6.0,6.0,40.0,76.51,2.0,2.0,13.33,25.5,0.0,0.0,0.0,0.0,0.0,0.0,0.0,0.0,3.0,3.0,20.0,38.26,2.0,2.0,13.33,25.5,0.0,0.0,0.0,0.0,1.0,1.0,6.67,12.75,1.0,1.0,6.67,12.75,2.0,2.0,13.33,25.5,1.0,1.0,6.67,12.75,0.0,0.0,0.0,0.0,0.0,0.0,0.0,0.0,1.0,1.0,6.67,12.75,53.33,33.33,20.0,127.52,3.0,3.0,20.0,2.82,2.82,0.5,0.5,0.5,0.33,,0.11,0.67,0.75,1.0,0.83,6.67,0.0,0.0,6.67,0.0
4,新北中信特攻,39|40|104|10880,魏嘉豪/謝亞軒/貝奇/內馬,4,88,106.0,1349.56,22.49,22:30,337.39,5.62,05:37,53.0,13.25,50.0,84.83,39.0,9.75,36.79,62.42,52.0,13.0,49.06,83.23,21.0,5.25,19.81,33.61,28.0,7.0,26.42,44.81,14.0,3.5,13.21,22.41,24.0,6.0,22.64,38.41,7.0,1.75,6.6,11.2,5.0,1.25,4.72,8.0,4.0,1.0,3.77,6.4,11.0,2.75,10.38,17.61,21.0,5.25,19.81,33.61,4.0,1.0,3.77,6.4,15.0,3.75,14.15,24.01,1.0,0.25,0.94,1.6,18.0,4.5,16.98,28.81,1.0,0.25,0.94,1.6,2.0,0.5,1.89,3.2,4.0,1.0,3.77,6.4,9.0,2.25,8.49,14.4,50.0,36.79,13.21,113.1,14.0,3.5,13.21,22.49,5.62,0.47,0.49,0.5,0.29,0.8,0.02,0.86,0.42,0.84,0.63,0.94,1.89,0.04,8.49,0.1
4,高雄全家海神,51|108|111|13275,克力斯/魏莨哲/唐維傑/吳彥侖,1,9,11.0,146.0,2.43,02:26,146.0,2.43,02:26,2.0,2.0,18.18,29.59,8.0,8.0,72.73,118.36,2.0,2.0,18.18,29.59,1.0,1.0,9.09,14.79,2.0,2.0,18.18,29.59,1.0,1.0,9.09,14.79,0.0,0.0,0.0,0.0,0.0,0.0,0.0,0.0,0.0,0.0,0.0,0.0,0.0,0.0,0.0,0.0,0.0,0.0,0.0,0.0,1.0,1.0,9.09,14.79,2.0,2.0,18.18,29.59,2.0,2.0,18.18,29.59,2.0,2.0,18.18,29.59,0.0,0.0,0.0,0.0,1.0,1.0,9.09,14.79,1.0,1.0,9.09,14.79,0.0,0.0,0.0,0.0,0.0,0.0,0.0,0.0,18.18,72.73,-54.55,108.49,-6.0,-6.0,-54.55,2.43,2.43,0.5,0.5,0.5,,,0.5,0.0,0.0,0.33,0.2,9.09,9.09,0.0,0.0,0.0
4,高雄全家海神,51|108|12668|13275,克力斯/魏莨哲/歐提斯/吳彥侖,1,9,11.0,146.0,2.43,02:26,146.0,2.43,02:26,2.0,2.0,18.18,29.59,8.0,8.0,72.73,118.36,2.0,2.0,18.18,29.59,1.0,1.0,9.09,14.79,2.0,2.0,18.18,29.59,1.0,1.0,9.09,14.79,0.0,0.0,0.0,0.0,0.0,0.0,0.0,0.0,0.0,0.0,0.0,0.0,0.0,0.0,0.0,0.0,0.0,0.0,0.0,0.0,1.0,1.0,9.09,14.79,2.0,2.0,18.18,29.59,2.0,2.0,18.18,29.59,2.0,2.0,18.18,29.59,0.0,0.0,0.0,0.0,1.0,1.0,9.09,14.79,1.0,1.0,9.09,14.79,0.0,0.0,0.0,0.0,0.0,0.0,0.0,0.0,18.18,72.73,-54.55,108.49,-6.0,-6.0,-54.55,2.43,2.43,0.5,0.5,0.5,,,0.5,0.0,0.0,0.33,0.2,9.09,9.09,0.0,0.0,0.0
4,高雄全家海神,108|111|12668|13275,魏莨哲/唐維傑/歐提斯/吳彥侖,1,9,11.0,146.0,2.43,02:26,146.0,2.43,02:26,2.0,2.0,18.18,29.59,8.0,8.0,72.73,118.36,2.0,2.0,18.18,29.59,1.0,1.0,9.09,14.79,2.0,2.0,18.18,29.59,1.0,1.0,9.09,14.79,0.0,0.0,0.0,0.0,0.0,0.0,0.0,0.0,0.0,0.0,0.0,0.0,0.0,0.0,0.0,0.0,0.0,0.0,0.0,0.0,1.0,1.0,9.09,14.79,2.0,2.0,18.18,29.59,2.0,2.0,18.18,29.59,2.0,2.0,18.18,29.59,0.0,0.0,0.0,0.0,1.0,1.0,9.09,14.79,1.0,1.0,9.09,14.79,0.0,0.0,0.0,0.0,0.0,0.0,0.0,0.0,18.18,72.73,-54.55,108.49,-6.0,-6.0,-54.55,2.43,2.43,0.5,0.5,0.5,,,0.5,0.0,0.0,0.33,0.2,9.09,9.09,0.0,0.0,0.0
4,高雄全家海神,108|111|116|12668,魏莨哲/唐維傑/呂威霆/歐提斯,1,13,15.0,198.0,3.3,03:18,198.0,3.3,03:18,6.0,6.0,40.0,65.45,10.0,10.0,66.67,109.09,6.0,6.0,40.0,65.45,3.0,3.0,20.0,32.73,5.0,5.0,33.33,54.55,3.0,3.0,20.0,32.73,1.0,1.0,6.67,10.91,0.0,0.0,0.0,0.0,0.0,0.0,0.0,0.0,0.0,0.0,0.0,0.0,1.0,1.0,6.67,10.91,2.0,2.0,13.33,21.82,1.0,1.0,6.67,10.91,2.0,2.0,13.33,21.82,1.0,1.0,6.67,10.91,1.0,1.0,6.67,10.91,1.0,1.0,6.67,10.91,0.0,0.0,0.0,0.0,1.0,1.0,6.67,10.91,0.0,0.0,0.0,0.0,40.0,66.67,-26.67,109.09,-4.0,-4.0,-26.67,3.3,3.3,0.5,0.5,0.6,0.0,,0.14,0.33,0.33,0.67,0.5,6.67,0.0,0.07,0.0,0.0
4,高雄全家海神,108|111|116|14037,魏莨哲/唐維傑/呂威霆/奧迪傑,2,29,34.0,394.03,6.57,06:34,197.02,3.28,03:17,8.0,4.0,23.53,43.85,16.0,8.0,47.06,87.71,15.0,7.5,44.12,82.23,3.0,1.5,8.82,16.45,13.0,6.5,38.24,71.26,3.0,1.5,8.82,16.45,2.0,1.0,5.88,10.96,0.0,0.0,0.0,0.0,2.0,1.0,5.88,10.96,2.0,1.0,5.88,10.96,3.0,1.5,8.82,16.45,7.0,3.5,20.59,38.37,1.0,0.5,2.94,5.48,6.0,3.0,17.65,32.89,2.0,1.0,5.88,10.96,1.0,0.5,2.94,5.48,1.0,0.5,2.94,5.48,0.0,0.0,0.0,0.0,2.0,1.0,5.88,10.96,4.0,2.0,11.76,21.93,23.53,47.06,-23.53,124.25,-8.0,-4.0,-23.53,6.57,3.28,0.2,0.25,0.23,0.0,1.0,0.11,0.33,0.33,0.88,0.59,2.94,0.0,0.06,11.76,0.13
4,高雄全家海神,108|111|12668|14037,魏莨哲/唐維傑/歐提斯/奧迪傑,1,13,15.0,198.0,3.3,03:18,198.0,3.3,03:18,6.0,6.0,40.0,65.45,10.0,10.0,66.67,109.09,6.0,6.0,40.0,65.45,3.0,3.0,20.0,32.73,5.0,5.0,33.33,54.55,3.0,3.0,20.0,32.73,1.0,1.0,6.67,10.91,0.0,0.0,0.0,0.0,0.0,0.0,0.0,0.0,0.0,0.0,0.0,0.0,1.0,1.0,6.67,10.91,2.0,2.0,13.33,21.82,1.0,1.0,6.67,10.91,2.0,2.0,13.33,21.82,1.0,1.0,6.67,10.91,1.0,1.0,6.67,10.91,1.0,1.0,6.67,10.91,0.0,0.0,0.0,0.0,1.0,1.0,6.67,10.91,0.0,0.0,0.0,0.0,40.0,66.67,-26.67,109.09,-4.0,-4.0,-26.67,3.3,3.3,0.5,0.5,0.6,0.0,,0.14,0.33,0.33,0.67,0.5,6.67,0.0,0.07,0.0,0.0
4,高雄全家海神,108|116|12668|14037,魏莨哲/呂威霆/歐提斯/奧迪傑,1,13,15.0,198.0,3.3,03:18,198.0,3.3,03:18,6.0,6.0,40.0,65.45,10.0,10.0,66.67,109.09,6.0,6.0,40.0,65.45,3.0,3.0,20.0,32.73,5.0,5.0,33.33,54.55,3.0,3.0,20.0,32.73,1.0,1.0,6.67,10.91,0.0,0.0,0.0,0.0,0.0,0.0,0.0,0.0,0.0,0.0,0.0,0.0,1.0,1.0,6.67,10.91,2.0,2.0,13.33,21.82,1.0,1.0,6.67,10.91,2.0,2.0,13.33,21.82,1.0,1.0,6.67,10.91,1.0,1.0,6.67,10.91,1.0,1.0,6.67,10.91,0.0,0.0,0.0,0.0,1.0,1.0,6.67,10.91,0.0,0.0,0.0,0.0,40.0,66.67,-26.67,109.09,-4.0,-4.0,-26.67,3.3,3.3,0.5,0.5,0.6,0.0,,0.14,0.33,0.33,0.67,0.5,6.67,0.0,0.07,0.0,0.0
4,高雄全家海神,111|116|12668|14037,唐維傑/呂威霆/歐提斯/奧迪傑,1,17,19.0,264.0,4.4,04:24,264.0,4.4,04:24,8.0,8.0,42.11,65.45,15.0,15.0,78.95,122.73,8.0,8.0,42.11,65.45,4.0,4.0,21.05,32.73,6.0,6.0,31.58,49.09,4.0,4.0,21.05,32.73,2.0,2.0,10.53,16.36,0.0,0.0,0.0,0.0,0.0,0.0,0.0,0.0,0.0,0.0,0.0,0.0,1.0,1.0,5.26,8.18,3.0,3.0,15.79,24.55,1.0,1.0,5.26,8.18,2.0,2.0,10.53,16.36,1.0,1.0,5.26,8.18,1.0,1.0,5.26,8.18,1.0,1.0,5.26,8.18,0.0,0.0,0.0,0.0,1.0,1.0,5.26,8.18,0.0,0.0,0.0,0.0,42.11,78.95,-36.84,103.64,-7.0,-7.0,-36.84,4.4,4.4,0.5,0.5,0.67,0.0,,0.11,0.25,0.33,0.75,0.57,5.26,0.0,0.05,0.0,0.0
4,新北中信特攻,39|40|47|104,魏嘉豪/謝亞軒/曾文鼎/貝奇,3,23,29.0,388.0,6.47,06:28,129.33,2.16,02:09,16.0,5.33,55.17,89.07,6.0,2.0,20.69,33.4,14.0,4.67,48.28,77.94,6.0,2.0,20.69,33.4,8.0,2.67,27.59,44.54,3.0,1.0,10.34,16.7,6.0,2.0,20.69,33.4,3.0,1.0,10.34,16.7,3.0,1.0,10.34,16.7,1.0,0.33,3.45,5.57,3.0,1.0,10.34,16.7,6.0,2.0,20.69,33.4,3.0,1.0,10.34,16.7,5.0,1.67,17.24,27.84,0.0,0.0,0.0,0.0,6.0,2.0,20.69,33.4,0.0,0.0,0.0,0.0,0.0,0.0,0.0,0.0,2.0,0.67,6.9,11.13,0.0,0.0,0.0,0.0,55.17,20.69,34.48,107.63,10.0,3.33,34.48,6.47,2.16,0.54,0.52,0.38,0.5,0.33,0.0,1.0,0.38,0.67,0.53,0.0,0.0,0.07,0.0,0.21
4,新北中信特攻,39|47|104|10880,魏嘉豪/曾文鼎/貝奇/內馬,2,44,45.0,699.1,11.65,11:39,349.55,5.83,05:50,36.0,18.0,80.0,111.23,16.0,8.0,35.56,49.43,19.0,9.5,42.22,58.7,14.0,7.0,31.11,43.26,9.0,4.5,20.0,27.81,7.0,3.5,15.56,21.63,10.0,5.0,22.22,30.9,7.0,3.5,15.56,21.63,4.0,2.0,8.89,12.36,1.0,0.5,2.22,3.09,0.0,0.0,0.0,0.0,6.0,3.0,13.33,18.54,1.0,0.5,2.22,3.09,9.0,4.5,20.0,27.81,1.0,0.5,2.22,3.09,12.0,6.0,26.67,37.08,0.0,0.0,0.0,0.0,0.0,0.0,0.0,0.0,3.0,1.5,6.67,9.27,2.0,1.0,4.44,6.18,80.0,35.56,44.44,92.69,20.0,10.0,44.44,11.65,5.83,0.92,0.87,0.78,0.7,0.25,0.05,0.86,0.0,0.86,0.38,0.0,0.0,0.07,4.44,0.21
4,高雄全家海神,45|111|116|12668,施晉堯/唐維傑/呂威霆/歐提斯,1,4,4.0,66.0,1.1,01:06,66.0,1.1,01:06,2.0,2.0,50.0,65.45,5.0,5.0,125.0,163.64,2.0,2.0,50.0,65.45,1.0,1.0,25.0,32.73,1.0,1.0,25.0,32.73,1.0,1.0,25.0,32.73,1.0,1.0,25.0,32.73,0.0,0.0,0.0,0.0,0.0,0.0,0.0,0.0,0.0,0.0,0.0,0.0,0.0,0.0,0.0,0.0,1.0,1.0,25.0,32.73,0.0,0.0,0.0,0.0,0.0,0.0,0.0,0.0,0.0,0.0,0.0,0.0,0.0,0.0,0.0,0.0,0.0,0.0,0.0,0.0,0.0,0.0,0.0,0.0,0.0,0.0,0.0,0.0,0.0,0.0,0.0,0.0,50.0,125.0,-75.0,87.27,-3.0,-3.0,-75.0,1.1,1.1,0.5,0.5,1.0,0.0,,0.0,0.0,,1.0,1.0,0.0,0.0,0.0,0.0,0.0
4,高雄全家海神,45|111|116|14037,施晉堯/唐維傑/呂威霆/奧迪傑,2,17,17.0,281.0,4.68,04:41,140.5,2.34,02:20,4.0,2.0,23.53,30.75,10.0,5.0,58.82,76.87,7.0,3.5,41.18,53.81,2.0,1.0,11.76,15.37,2.0,1.0,11.76,15.37,2.0,1.0,11.76,15.37,5.0,2.5,29.41,38.43,0.0,0.0,0.0,0.0,0.0,0.0,0.0,0.0,0.0,0.0,0.0,0.0,0.0,0.0,0.0,0.0,5.0,2.5,29.41,38.43,0.0,0.0,0.0,0.0,4.0,2.0,23.53,30.75,2.0,1.0,11.76,15.37,1.0,0.5,5.88,7.69,1.0,0.5,5.88,7.69,0.0,0.0,0.0,0.0,1.0,0.5,5.88,7.69,0.0,0.0,0.0,0.0,23.53,58.82,-35.29,87.12,-6.0,-3.0,-35.29,4.68,2.34,0.29,0.29,1.0,0.0,,0.22,0.5,0.0,1.0,0.56,5.88,0.0,0.06,0.0,0.0
4,高雄全家海神,45|111|12668|14037,施晉堯/唐維傑/歐提斯/奧迪傑,1,4,4.0,66.0,1.1,01:06,66.0,1.1,01:06,2.0,2.0,50.0,65.45,5.0,5.0,125.0,163.64,2.0,2.0,50.0,65.45,1.0,1.0,25.0,32.73,1.0,1.0,25.0,32.73,1.0,1.0,25.0,32.73,1.0,1.0,25.0,32.73,0.0,0.0,0.0,0.0,0.0,0.0,0.0,0.0,0.0,0.0,0.0,0.0,0.0,0.0,0.0,0.0,1.0,1.0,25.0,32.73,0.0,0.0,0.0,0.0,0.0,0.0,0.0,0.0,0.0,0.0,0.0,0.0,0.0,0.0,0.0,0.0,0.0,0.0,0.0,0.0,0.0,0.0,0.0,0.0,0.0,0.0,0.0,0.0,0.0,0.0,0.0,0.0,50.0,125.0,-75.0,87.27,-3.0,-3.0,-75.0,1.1,1.1,0.5,0.5,1.0,0.0,,0.0,0.0,,1.0,1.0,0.0,0.0,0.0,0.0,0.0
4,高雄全家海神,45|116|12668|14037,施晉堯/呂威霆/歐提斯/奧迪傑,1,4,4.0,66.0,1.1,01:06,66.0,1.1,01:06,2.0,2.0,50.0,65.45,5.0,5.0,125.0,163.64,2.0,2.0,50.0,65.45,1.0,1.0,25.0,32.73,1.0,1.0,25.0,32.73,1.0,1.0,25.0,32.73,1.0,1.0,25.0,32.73,0.0,0.0,0.0,0.0,0.0,0.0,0.0,0.0,0.0,0.0,0.0,0.0,0.0,0.0,0.0,0.0,1.0,1.0,25.0,32.73,0.0,0.0,0.0,0.0,0.0,0.0,0.0,0.0,0.0,0.0,0.0,0.0,0.0,0.0,0.0,0.0,0.0,0.0,0.0,0.0,0.0,0.0,0.0,0.0,0.0,0.0,0.0,0.0,0.0,0.0,0.0,0.0,50.0,125.0,-75.0,87.27,-3.0,-3.0,-75.0,1.1,1.1,0.5,0.5,1.0,0.0,,0.0,0.0,,1.0,1.0,0.0,0.0,0.0,0.0,0.0
4,新北中信特攻,39|47|10879|10880,魏嘉豪/曾文鼎/簡廷兆/內馬,2,28,31.0,1204.88,20.08,20:05,602.44,10.04,10:02,15.0,7.5,48.39,26.89,10.0,5.0,32.26,17.93,11.0,5.5,35.48,19.72,6.0,3.0,19.35,10.76,5.0,2.5,16.13,8.96,3.0,1.5,9.68,5.38,6.0,3.0,19.35,10.76,3.0,1.5,9.68,5.38,2.0,1.0,6.45,3.59,0.0,0.0,0.0,0.0,2.0,1.0,6.45,3.59,4.0,2.0,12.9,7.17,0.0,0.0,0.0,0.0,5.0,2.5,16.13,8.96,4.0,2.0,12.9,7.17,4.0,2.0,12.9,7.17,1.0,0.5,3.23,1.79,0.0,0.0,0.0,0.0,3.0,1.5,9.68,5.38,4.0,2.0,12.9,7.17,48.39,32.26,16.13,37.05,5.0,2.5,16.13,20.08,10.04,0.68,0.63,0.6,0.5,0.0,0.25,0.67,0.29,1.0,0.55,3.23,0.0,0.1,12.9,0.18
4,高雄全家海神,45|51|111|14037,施晉堯/克力斯/唐維傑/奧迪傑,1,5,5.0,71.0,1.18,01:11,71.0,1.18,01:11,0.0,0.0,0.0,0.0,3.0,3.0,60.0,91.27,1.0,1.0,20.0,30.42,0.0,0.0,0.0,0.0,0.0,0.0,0.0,0.0,0.0,0.0,0.0,0.0,1.0,1.0,20.0,30.42,0.0,0.0,0.0,0.0,0.0,0.0,0.0,0.0,0.0,0.0,0.0,0.0,0.0,0.0,0.0,0.0,1.0,1.0,20.0,30.42,0.0,0.0,0.0,0.0,1.0,1.0,20.0,30.42,2.0,2.0,40.0,60.85,0.0,0.0,0.0,0.0,1.0,1.0,20.0,30.42,0.0,0.0,0.0,0.0,0.0,0.0,0.0,0.0,0.0,0.0,0.0,0.0,0.0,60.0,-60.0,101.41,-3.0,-3.0,-60.0,1.18,1.18,0.0,0.0,,0.0,,0.67,,0.0,1.0,0.5,20.0,0.0,0.0,0.0,0.0
4,高雄全家海神,45|51|116|14037,施晉堯/克力斯/呂威霆/奧迪傑,1,5,5.0,71.0,1.18,01:11,71.0,1.18,01:11,0.0,0.0,0.0,0.0,3.0,3.0,60.0,91.27,1.0,1.0,20.0,30.42,0.0,0.0,0.0,0.0,0.0,0.0,0.0,0.0,0.0,0.0,0.0,0.0,1.0,1.0,20.0,30.42,0.0,0.0,0.0,0.0,0.0,0.0,0.0,0.0,0.0,0.0,0.0,0.0,0.0,0.0,0.0,0.0,1.0,1.0,20.0,30.42,0.0,0.0,0.0,0.0,1.0,1.0,20.0,30.42,2.0,2.0,40.0,60.85,0.0,0.0,0.0,0.0,1.0,1.0,20.0,30.42,0.0,0.0,0.0,0.0,0.0,0.0,0.0,0.0,0.0,0.0,0.0,0.0,0.0,60.0,-60.0,101.41,-3.0,-3.0,-60.0,1.18,1.18,0.0,0.0,,0.0,,0.67,,0.0,1.0,0.5,20.0,0.0,0.0,0.0,0.0
4,高雄全家海神,51|111|116|14037,克力斯/唐維傑/呂威霆/奧迪傑,1,5,5.0,71.0,1.18,01:11,71.0,1.18,01:11,0.0,0.0,0.0,0.0,3.0,3.0,60.0,91.27,1.0,1.0,20.0,30.42,0.0,0.0,0.0,0.0,0.0,0.0,0.0,0.0,0.0,0.0,0.0,0.0,1.0,1.0,20.0,30.42,0.0,0.0,0.0,0.0,0.0,0.0,0.0,0.0,0.0,0.0,0.0,0.0,0.0,0.0,0.0,0.0,1.0,1.0,20.0,30.42,0.0,0.0,0.0,0.0,1.0,1.0,20.0,30.42,2.0,2.0,40.0,60.85,0.0,0.0,0.0,0.0,1.0,1.0,20.0,30.42,0.0,0.0,0.0,0.0,0.0,0.0,0.0,0.0,0.0,0.0,0.0,0.0,0.0,60.0,-60.0,101.41,-3.0,-3.0,-60.0,1.18,1.18,0.0,0.0,,0.0,,0.67,,0.0,1.0,0.5,20.0,0.0,0.0,0.0,0.0
4,高雄全家海神,51|116|121|10891,克力斯/呂威霆/吳曉謹/廖偉皓,2,22,23.0,349.98,5.83,05:50,174.99,2.92,02:55,6.0,3.0,26.09,37.03,11.0,5.5,47.83,67.89,7.0,3.5,30.43,43.2,1.0,0.5,4.35,6.17,2.0,1.0,8.7,12.34,0.0,0.0,0.0,0.0,5.0,2.5,21.74,30.86,1.0,0.5,4.35,6.17,4.0,2.0,17.39,24.69,3.0,1.5,13.04,18.52,1.0,0.5,4.35,6.17,5.0,2.5,21.74,30.86,1.0,0.5,4.35,6.17,5.0,2.5,21.74,30.86,2.0,1.0,8.7,12.34,1.0,0.5,4.35,6.17,2.0,1.0,8.7,12.34,0.0,0.0,0.0,0.0,3.0,1.5,13.04,18.52,4.0,2.0,17.39,24.69,26.09,47.83,-21.74,94.63,-5.0,-2.5,-21.74,5.83,2.92,0.21,0.34,0.0,0.2,0.75,0.19,1.0,0.17,0.83,0.5,8.7,0.0,0.13,17.39,0.57
4,高雄全家海神,51|116|121|14037,克力斯/呂威霆/吳曉謹/奧迪傑,1,5,5.0,90.6,1.51,01:31,90.6,1.51,01:31,0.0,0.0,0.0,0.0,5.0,5.0,100.0,119.21,1.0,1.0,20.0,23.84,0.0,0.0,0.0,0.0,0.0,0.0,0.0,0.0,0.0,0.0,0.0,0.0,1.0,1.0,20.0,23.84,0.0,0.0,0.0,0.0,0.0,0.0,0.0,0.0,0.0,0.0,0.0,0.0,0.0,0.0,0.0,0.0,1.0,1.0,20.0,23.84,0.0,0.0,0.0,0.0,1.0,1.0,20.0,23.84,1.0,1.0,20.0,23.84,0.0,0.0,0.0,0.0,1.0,1.0,20.0,23.84,0.0,0.0,0.0,0.0,1.0,1.0,20.0,23.84,2.0,2.0,40.0,47.68,0.0,100.0,-100.0,79.47,-5.0,-5.0,-100.0,1.51,1.51,0.0,0.0,,0.0,,0.5,,0.0,1.0,0.5,20.0,0.0,0.2,40.0,0.0
4,高雄全家海神,51|116|10891|14037,克力斯/呂威霆/廖偉皓/奧迪傑,1,5,5.0,90.6,1.51,01:31,90.6,1.51,01:31,0.0,0.0,0.0,0.0,5.0,5.0,100.0,119.21,1.0,1.0,20.0,23.84,0.0,0.0,0.0,0.0,0.0,0.0,0.0,0.0,0.0,0.0,0.0,0.0,1.0,1.0,20.0,23.84,0.0,0.0,0.0,0.0,0.0,0.0,0.0,0.0,0.0,0.0,0.0,0.0,0.0,0.0,0.0,0.0,1.0,1.0,20.0,23.84,0.0,0.0,0.0,0.0,1.0,1.0,20.0,23.84,1.0,1.0,20.0,23.84,0.0,0.0,0.0,0.0,1.0,1.0,20.0,23.84,0.0,0.0,0.0,0.0,1.0,1.0,20.0,23.84,2.0,2.0,40.0,47.68,0.0,100.0,-100.0,79.47,-5.0,-5.0,-100.0,1.51,1.51,0.0,0.0,,0.0,,0.5,,0.0,1.0,0.5,20.0,0.0,0.2,40.0,0.0
4,高雄全家海神,51|121|10891|14037,克力斯/吳曉謹/廖偉皓/奧迪傑,1,5,5.0,90.6,1.51,01:31,90.6,1.51,01:31,0.0,0.0,0.0,0.0,5.0,5.0,100.0,119.21,1.0,1.0,20.0,23.84,0.0,0.0,0.0,0.0,0.0,0.0,0.0,0.0,0.0,0.0,0.0,0.0,1.0,1.0,20.0,23.84,0.0,0.0,0.0,0.0,0.0,0.0,0.0,0.0,0.0,0.0,0.0,0.0,0.0,0.0,0.0,0.0,1.0,1.0,20.0,23.84,0.0,0.0,0.0,0.0,1.0,1.0,20.0,23.84,1.0,1.0,20.0,23.84,0.0,0.0,0.0,0.0,1.0,1.0,20.0,23.84,0.0,0.0,0.0,0.0,1.0,1.0,20.0,23.84,2.0,2.0,40.0,47.68,0.0,100.0,-100.0,79.47,-5.0,-5.0,-100.0,1.51,1.51,0.0,0.0,,0.0,,0.5,,0.0,1.0,0.5,20.0,0.0,0.2,40.0,0.0
4,高雄全家海神,116|121|10891|14037,呂威霆/吳曉謹/廖偉皓/奧迪傑,2,12,13.0,189.6,3.16,03:10,94.8,1.58,01:35,2.0,1.0,15.38,22.79,9.0,4.5,69.23,102.53,4.0,2.0,30.77,45.57,1.0,0.5,7.69,11.39,1.0,0.5,7.69,11.39,1.0,0.5,7.69,11.39,3.0,1.5,23.08,34.18,0.0,0.0,0.0,0.0,0.0,0.0,0.0,0.0,0.0,0.0,0.0,0.0,1.0,0.5,7.69,11.39,2.0,1.0,15.38,22.79,0.0,0.0,0.0,0.0,1.0,0.5,7.69,11.39,3.0,1.5,23.08,34.18,1.0,0.5,7.69,11.39,2.0,1.0,15.38,22.79,0.0,0.0,0.0,0.0,2.0,1.0,15.38,22.79,2.0,1.0,15.38,22.79,15.38,69.23,-53.85,98.74,-7.0,-3.5,-53.85,3.16,1.58,0.25,0.25,1.0,0.0,,0.43,1.0,0.5,1.0,0.75,15.38,0.0,0.15,15.38,0.0
4,新北中信特攻,38|44|47|10879,余維豪/黃泓瀚/曾文鼎/簡廷兆,2,18,21.0,257.67,4.29,04:18,128.84,2.15,02:09,6.0,3.0,28.57,50.3,10.0,5.0,47.62,83.83,7.0,3.5,33.33,58.68,3.0,1.5,14.29,25.15,5.0,2.5,23.81,41.91,3.0,1.5,14.29,25.15,2.0,1.0,9.52,16.77,0.0,0.0,0.0,0.0,0.0,0.0,0.0,0.0,0.0,0.0,0.0,0.0,1.0,0.5,4.76,8.38,2.0,1.0,9.52,16.77,2.0,1.0,9.52,16.77,3.0,1.5,14.29,25.15,2.0,1.0,9.52,16.77,2.0,1.0,9.52,16.77,1.0,0.5,4.76,8.38,0.0,0.0,0.0,0.0,1.0,0.5,4.76,8.38,2.0,1.0,9.52,16.77,28.57,47.62,-19.05,117.36,-4.0,-2.0,-19.05,4.29,2.15,0.43,0.43,0.6,0.0,,0.22,0.67,0.25,0.5,0.38,4.76,0.0,0.05,9.52,0.0
4,新北中信特攻,38|44|113|10879,余維豪/黃泓瀚/林任鴻/簡廷兆,1,18,22.0,296.0,4.93,04:56,296.0,4.93,04:56,11.0,11.0,50.0,80.27,8.0,8.0,36.36,58.38,9.0,9.0,40.91,65.68,5.0,5.0,22.73,36.49,5.0,5.0,22.73,36.49,4.0,4.0,18.18,29.19,4.0,4.0,18.18,29.19,1.0,1.0,4.55,7.3,0.0,0.0,0.0,0.0,0.0,0.0,0.0,0.0,2.0,2.0,9.09,14.59,2.0,2.0,9.09,14.59,2.0,2.0,9.09,14.59,4.0,4.0,18.18,29.19,2.0,2.0,9.09,14.59,2.0,2.0,9.09,14.59,1.0,1.0,4.55,7.3,1.0,1.0,4.55,7.3,1.0,1.0,4.55,7.3,2.0,2.0,9.09,14.59,50.0,36.36,13.64,107.03,3.0,3.0,13.64,4.93,4.93,0.61,0.61,0.8,0.25,,0.18,0.4,0.33,0.5,0.4,4.55,4.55,0.05,9.09,0.0
4,新北中信特攻,38|47|113|10879,余維豪/曾文鼎/林任鴻/簡廷兆,1,5,6.0,64.0,1.07,01:04,64.0,1.07,01:04,2.0,2.0,33.33,67.5,2.0,2.0,33.33,67.5,1.0,1.0,16.67,33.75,1.0,1.0,16.67,33.75,1.0,1.0,16.67,33.75,1.0,1.0,16.67,33.75,0.0,0.0,0.0,0.0,0.0,0.0,0.0,0.0,0.0,0.0,0.0,0.0,0.0,0.0,0.0,0.0,0.0,0.0,0.0,0.0,0.0,0.0,0.0,0.0,1.0,1.0,16.67,33.75,1.0,1.0,16.67,33.75,1.0,1.0,16.67,33.75,0.0,0.0,0.0,0.0,1.0,1.0,16.67,33.75,0.0,0.0,0.0,0.0,0.0,0.0,0.0,0.0,0.0,0.0,0.0,0.0,33.33,33.33,0.0,135.0,0.0,0.0,0.0,1.07,1.07,1.0,1.0,1.0,,,0.5,0.0,0.0,0.0,0.0,16.67,0.0,0.0,0.0,0.0
4,新北中信特攻,44|47|113|10879,黃泓瀚/曾文鼎/林任鴻/簡廷兆,1,5,6.0,64.0,1.07,01:04,64.0,1.07,01:04,2.0,2.0,33.33,67.5,2.0,2.0,33.33,67.5,1.0,1.0,16.67,33.75,1.0,1.0,16.67,33.75,1.0,1.0,16.67,33.75,1.0,1.0,16.67,33.75,0.0,0.0,0.0,0.0,0.0,0.0,0.0,0.0,0.0,0.0,0.0,0.0,0.0,0.0,0.0,0.0,0.0,0.0,0.0,0.0,0.0,0.0,0.0,0.0,1.0,1.0,16.67,33.75,1.0,1.0,16.67,33.75,1.0,1.0,16.67,33.75,0.0,0.0,0.0,0.0,1.0,1.0,16.67,33.75,0.0,0.0,0.0,0.0,0.0,0.0,0.0,0.0,0.0,0.0,0.0,0.0,33.33,33.33,0.0,135.0,0.0,0.0,0.0,1.07,1.07,1.0,1.0,1.0,,,0.5,0.0,0.0,0.0,0.0,16.67,0.0,0.0,0.0,0.0
4,高雄全家海神,116|121|10891|13275,呂威霆/吳曉謹/廖偉皓/吳彥侖,1,5,6.0,64.0,1.07,01:04,64.0,1.07,01:04,2.0,2.0,33.33,67.5,2.0,2.0,33.33,67.5,3.0,3.0,50.0,101.25,1.0,1.0,16.67,33.75,1.0,1.0,16.67,33.75,1.0,1.0,16.67,33.75,2.0,2.0,33.33,67.5,0.0,0.0,0.0,0.0,0.0,0.0,0.0,0.0,0.0,0.0,0.0,0.0,1.0,1.0,16.67,33.75,1.0,1.0,16.67,33.75,0.0,0.0,0.0,0.0,0.0,0.0,0.0,0.0,1.0,1.0,16.67,33.75,1.0,1.0,16.67,33.75,1.0,1.0,16.67,33.75,0.0,0.0,0.0,0.0,0.0,0.0,0.0,0.0,0.0,0.0,0.0,0.0,33.33,33.33,0.0,135.0,0.0,0.0,0.0,1.07,1.07,0.33,0.33,1.0,0.0,,0.25,1.0,1.0,1.0,1.0,16.67,0.0,0.0,0.0,0.0
4,高雄全家海神,116|121|13275|14037,呂威霆/吳曉謹/吳彥侖/奧迪傑,1,5,6.0,64.0,1.07,01:04,64.0,1.07,01:04,2.0,2.0,33.33,67.5,2.0,2.0,33.33,67.5,3.0,3.0,50.0,101.25,1.0,1.0,16.67,33.75,1.0,1.0,16.67,33.75,1.0,1.0,16.67,33.75,2.0,2.0,33.33,67.5,0.0,0.0,0.0,0.0,0.0,0.0,0.0,0.0,0.0,0.0,0.0,0.0,1.0,1.0,16.67,33.75,1.0,1.0,16.67,33.75,0.0,0.0,0.0,0.0,0.0,0.0,0.0,0.0,1.0,1.0,16.67,33.75,1.0,1.0,16.67,33.75,1.0,1.0,16.67,33.75,0.0,0.0,0.0,0.0,0.0,0.0,0.0,0.0,0.0,0.0,0.0,0.0,33.33,33.33,0.0,135.0,0.0,0.0,0.0,1.07,1.07,0.33,0.33,1.0,0.0,,0.25,1.0,1.0,1.0,1.0,16.67,0.0,0.0,0.0,0.0
4,高雄全家海神,116|10891|13275|14037,呂威霆/廖偉皓/吳彥侖/奧迪傑,3,30,37.0,527.12,8.79,08:47,175.71,2.93,02:56,10.0,3.33,27.03,40.98,17.0,5.67,45.95,69.66,17.0,5.67,45.95,69.66,4.0,1.33,10.81,16.39,11.0,3.67,29.73,45.07,4.0,1.33,10.81,16.39,6.0,2.0,16.22,24.59,0.0,0.0,0.0,0.0,2.0,0.67,5.41,8.2,2.0,0.67,5.41,8.2,4.0,1.33,10.81,16.39,9.0,3.0,24.32,36.88,3.0,1.0,8.11,12.29,3.0,1.0,8.11,12.29,1.0,0.33,2.7,4.1,2.0,0.67,5.41,8.2,1.0,0.33,2.7,4.1,0.0,0.0,0.0,0.0,3.0,1.0,8.11,12.29,5.0,1.67,13.51,20.49,27.03,45.95,-18.92,101.08,-7.0,-2.33,-18.92,8.79,2.93,0.24,0.28,0.36,0.0,1.0,0.05,0.5,0.57,0.75,0.68,2.7,0.0,0.08,13.51,0.12
4,高雄全家海神,121|10891|13275|14037,吳曉謹/廖偉皓/吳彥侖/奧迪傑,2,15,17.0,213.08,3.55,03:33,106.54,1.78,01:47,7.0,3.5,41.18,70.96,12.0,6.0,70.59,121.64,7.0,3.5,41.18,70.96,3.0,1.5,17.65,30.41,3.0,1.5,17.65,30.41,2.0,1.0,11.76,20.27,4.0,2.0,23.53,40.55,1.0,0.5,5.88,10.14,0.0,0.0,0.0,0.0,0.0,0.0,0.0,0.0,2.0,1.0,11.76,20.27,2.0,1.0,11.76,20.27,0.0,0.0,0.0,0.0,1.0,0.5,5.88,10.14,3.0,1.5,17.65,30.41,1.0,0.5,5.88,10.14,3.0,1.5,17.65,30.41,0.0,0.0,0.0,0.0,1.0,0.5,5.88,10.14,0.0,0.0,0.0,0.0,41.18,70.59,-29.41,114.88,-5.0,-2.5,-29.41,3.55,1.78,0.5,0.5,0.67,0.25,,0.3,0.33,0.67,1.0,0.8,17.65,0.0,0.06,0.0,0.0
4,新北中信特攻,35|38|44|113,李睿麒/余維豪/黃泓瀚/林任鴻,1,13,16.0,232.0,3.87,03:52,232.0,3.87,03:52,9.0,9.0,56.25,83.79,6.0,6.0,37.5,55.86,8.0,8.0,50.0,74.48,4.0,4.0,25.0,37.24,4.0,4.0,25.0,37.24,3.0,3.0,18.75,27.93,4.0,4.0,25.0,37.24,1.0,1.0,6.25,9.31,0.0,0.0,0.0,0.0,0.0,0.0,0.0,0.0,2.0,2.0,12.5,18.62,2.0,2.0,12.5,18.62,1.0,1.0,6.25,9.31,3.0,3.0,18.75,27.93,1.0,1.0,6.25,9.31,2.0,2.0,12.5,18.62,0.0,0.0,0.0,0.0,1.0,1.0,6.25,9.31,1.0,1.0,6.25,9.31,2.0,2.0,12.5,18.62,56.25,37.5,18.75,99.31,3.0,3.0,18.75,3.87,3.87,0.56,0.56,0.75,0.25,,0.11,0.5,0.4,0.67,0.5,0.0,6.25,0.06,12.5,0.0
4,新北中信特攻,35|38|44|10879,李睿麒/余維豪/黃泓瀚/簡廷兆,1,13,16.0,232.0,3.87,03:52,232.0,3.87,03:52,9.0,9.0,56.25,83.79,6.0,6.0,37.5,55.86,8.0,8.0,50.0,74.48,4.0,4.0,25.0,37.24,4.0,4.0,25.0,37.24,3.0,3.0,18.75,27.93,4.0,4.0,25.0,37.24,1.0,1.0,6.25,9.31,0.0,0.0,0.0,0.0,0.0,0.0,0.0,0.0,2.0,2.0,12.5,18.62,2.0,2.0,12.5,18.62,1.0,1.0,6.25,9.31,3.0,3.0,18.75,27.93,1.0,1.0,6.25,9.31,2.0,2.0,12.5,18.62,0.0,0.0,0.0,0.0,1.0,1.0,6.25,9.31,1.0,1.0,6.25,9.31,2.0,2.0,12.5,18.62,56.25,37.5,18.75,99.31,3.0,3.0,18.75,3.87,3.87,0.56,0.56,0.75,0.25,,0.11,0.5,0.4,0.67,0.5,0.0,6.25,0.06,12.5,0.0
4,新北中信特攻,35|44|113|10879,李睿麒/黃泓瀚/林任鴻/簡廷兆,1,13,16.0,232.0,3.87,03:52,232.0,3.87,03:52,9.0,9.0,56.25,83.79,6.0,6.0,37.5,55.86,8.0,8.0,50.0,74.48,4.0,4.0,25.0,37.24,4.0,4.0,25.0,37.24,3.0,3.0,18.75,27.93,4.0,4.0,25.0,37.24,1.0,1.0,6.25,9.31,0.0,0.0,0.0,0.0,0.0,0.0,0.0,0.0,2.0,2.0,12.5,18.62,2.0,2.0,12.5,18.62,1.0,1.0,6.25,9.31,3.0,3.0,18.75,27.93,1.0,1.0,6.25,9.31,2.0,2.0,12.5,18.62,0.0,0.0,0.0,0.0,1.0,1.0,6.25,9.31,1.0,1.0,6.25,9.31,2.0,2.0,12.5,18.62,56.25,37.5,18.75,99.31,3.0,3.0,18.75,3.87,3.87,0.56,0.56,0.75,0.25,,0.11,0.5,0.4,0.67,0.5,0.0,6.25,0.06,12.5,0.0
4,高雄全家海神,108|116|10891|13275,魏莨哲/呂威霆/廖偉皓/吳彥侖,2,35,42.0,614.61,10.24,10:15,307.31,5.12,05:07,16.0,8.0,38.1,56.23,17.0,8.5,40.48,59.75,16.0,8.0,38.1,56.23,5.0,2.5,11.9,17.57,11.0,5.5,26.19,38.66,3.0,1.5,7.14,10.54,5.0,2.5,11.9,17.57,2.0,1.0,4.76,7.03,6.0,3.0,14.29,21.09,4.0,2.0,9.52,14.06,3.0,1.5,7.14,10.54,9.0,4.5,21.43,31.63,3.0,1.5,7.14,10.54,7.0,3.5,16.67,24.6,2.0,1.0,4.76,7.03,1.0,0.5,2.38,3.51,1.0,0.5,2.38,3.51,0.0,0.0,0.0,0.0,5.0,2.5,11.9,17.57,8.0,4.0,19.05,28.12,38.1,40.48,-2.38,98.4,-1.0,-0.5,-2.38,10.24,5.12,0.38,0.43,0.27,0.4,0.67,0.1,0.2,0.3,0.75,0.55,2.38,0.0,0.12,19.05,0.38
4,高雄全家海神,108|116|10891|14037,魏莨哲/呂威霆/廖偉皓/奧迪傑,4,42,52.0,669.93,11.17,11:10,167.48,2.79,02:47,10.0,2.5,19.23,32.24,24.0,6.0,46.15,77.38,20.0,5.0,38.46,64.48,3.0,0.75,5.77,9.67,17.0,4.25,32.69,54.81,3.0,0.75,5.77,9.67,3.0,0.75,5.77,9.67,0.0,0.0,0.0,0.0,4.0,1.0,7.69,12.9,4.0,1.0,7.69,12.9,4.0,1.0,7.69,12.9,11.0,2.75,21.15,35.47,4.0,1.0,7.69,12.9,7.0,1.75,13.46,22.57,3.0,0.75,5.77,9.67,2.0,0.5,3.85,6.45,0.0,0.0,0.0,0.0,0.0,0.0,0.0,0.0,5.0,1.25,9.62,16.12,6.0,1.5,11.54,19.35,19.23,46.15,-26.92,111.77,-14.0,-3.5,-26.92,11.17,2.79,0.15,0.23,0.18,0.0,1.0,0.12,0.67,0.36,0.73,0.58,0.0,0.0,0.1,11.54,0.2
4,高雄全家海神,108|116|13275|14037,魏莨哲/呂威霆/吳彥侖/奧迪傑,2,19,23.0,351.0,5.85,05:51,175.5,2.92,02:56,6.0,3.0,26.09,36.92,11.0,5.5,47.83,67.69,10.0,5.0,43.48,61.54,2.0,1.0,8.7,12.31,8.0,4.0,34.78,49.23,2.0,1.0,8.7,12.31,2.0,1.0,8.7,12.31,0.0,0.0,0.0,0.0,2.0,1.0,8.7,12.31,2.0,1.0,8.7,12.31,2.0,1.0,8.7,12.31,6.0,3.0,26.09,36.92,2.0,1.0,8.7,12.31,3.0,1.5,13.04,18.46,0.0,0.0,0.0,0.0,1.0,0.5,4.35,6.15,0.0,0.0,0.0,0.0,0.0,0.0,0.0,0.0,2.0,1.0,8.7,12.31,0.0,0.0,0.0,0.0,26.09,47.83,-21.74,94.36,-5.0,-2.5,-21.74,5.85,2.92,0.2,0.28,0.25,0.0,1.0,0.0,0.5,0.4,0.75,0.62,0.0,0.0,0.09,0.0,0.2
4,高雄全家海神,108|10891|13275|14037,魏莨哲/廖偉皓/吳彥侖/奧迪傑,2,23,28.0,425.0,7.08,07:05,212.5,3.54,03:32,10.0,5.0,35.71,50.82,13.0,6.5,46.43,66.07,12.0,6.0,42.86,60.99,3.0,1.5,10.71,15.25,9.0,4.5,32.14,45.74,3.0,1.5,10.71,15.25,3.0,1.5,10.71,15.25,0.0,0.0,0.0,0.0,4.0,2.0,14.29,20.33,4.0,2.0,14.29,20.33,3.0,1.5,10.71,15.25,6.0,3.0,21.43,30.49,2.0,1.0,7.14,10.16,4.0,2.0,14.29,20.33,0.0,0.0,0.0,0.0,2.0,1.0,7.14,10.16,0.0,0.0,0.0,0.0,0.0,0.0,0.0,0.0,3.0,1.5,10.71,15.25,0.0,0.0,0.0,0.0,35.71,46.43,-10.71,94.87,-3.0,-1.5,-10.71,7.08,3.54,0.25,0.36,0.33,0.0,1.0,0.0,0.67,0.43,0.75,0.6,0.0,0.0,0.11,0.0,0.33
4,福爾摩沙夢想家,86|99|103|13777,林俊吉/盧冠良/忻沃克/布依德,1,11,15.0,159.55,2.66,02:40,159.55,2.66,02:40,9.0,9.0,60.0,121.84,6.0,6.0,40.0,81.23,4.0,4.0,26.67,54.15,3.0,3.0,20.0,40.61,2.0,2.0,13.33,27.08,1.0,1.0,6.67,13.54,2.0,2.0,13.33,27.08,2.0,2.0,13.33,27.08,2.0,2.0,13.33,27.08,1.0,1.0,6.67,13.54,1.0,1.0,6.67,13.54,0.0,0.0,0.0,0.0,0.0,0.0,0.0,0.0,1.0,1.0,6.67,13.54,1.0,1.0,6.67,13.54,3.0,3.0,20.0,40.61,0.0,0.0,0.0,0.0,0.0,0.0,0.0,0.0,2.0,2.0,13.33,27.08,2.0,2.0,13.33,27.08,60.0,40.0,20.0,135.38,3.0,3.0,20.0,2.66,2.66,1.0,0.92,0.5,1.0,0.5,0.17,1.0,0.5,,0.5,0.0,0.0,0.13,13.33,0.5
4,福爾摩沙夢想家,99|103|13777|13906,盧冠良/忻沃克/布依德/班提爾,1,5,7.0,73.6,1.23,01:14,73.6,1.23,01:14,3.0,3.0,42.86,88.04,1.0,1.0,14.29,29.35,2.0,2.0,28.57,58.69,1.0,1.0,14.29,29.35,1.0,1.0,14.29,29.35,0.0,0.0,0.0,0.0,1.0,1.0,14.29,29.35,1.0,1.0,14.29,29.35,0.0,0.0,0.0,0.0,0.0,0.0,0.0,0.0,1.0,1.0,14.29,29.35,0.0,0.0,0.0,0.0,0.0,0.0,0.0,0.0,1.0,1.0,14.29,29.35,1.0,1.0,14.29,29.35,1.0,1.0,14.29,29.35,0.0,0.0,0.0,0.0,0.0,0.0,0.0,0.0,2.0,2.0,28.57,58.69,1.0,1.0,14.29,29.35,42.86,14.29,28.57,136.95,2.0,2.0,28.57,1.23,1.23,0.75,0.75,0.0,1.0,,0.33,1.0,0.5,,0.5,0.0,0.0,0.29,14.29,0.0
4,福爾摩沙夢想家,77|89|99|13906,馬建豪/蔣淯安/盧冠良/班提爾,2,14,15.0,200.43,3.34,03:20,100.22,1.67,01:40,4.0,2.0,26.67,43.11,6.0,3.0,40.0,64.66,7.0,3.5,46.67,75.44,2.0,1.0,13.33,21.55,5.0,2.5,33.33,53.88,2.0,1.0,13.33,21.55,2.0,1.0,13.33,21.55,0.0,0.0,0.0,0.0,0.0,0.0,0.0,0.0,0.0,0.0,0.0,0.0,1.0,0.5,6.67,10.78,4.0,2.0,26.67,43.11,0.0,0.0,0.0,0.0,3.0,1.5,20.0,32.33,1.0,0.5,6.67,10.78,0.0,0.0,0.0,0.0,0.0,0.0,0.0,0.0,0.0,0.0,0.0,0.0,0.0,0.0,0.0,0.0,1.0,0.5,6.67,10.78,26.67,40.0,-13.33,107.77,-2.0,-1.0,-13.33,3.34,1.67,0.29,0.29,0.4,0.0,,0.12,0.0,0.25,1.0,0.62,0.0,0.0,0.0,6.67,0.0
4,福爾摩沙夢想家,83|86|103|13777,吳家駿/林俊吉/忻沃克/布依德,1,16,24.0,231.19,3.85,03:51,231.19,3.85,03:51,9.0,9.0,37.5,84.09,10.0,10.0,41.67,93.43,9.0,9.0,37.5,84.09,2.0,2.0,8.33,18.69,5.0,5.0,20.83,46.71,2.0,2.0,8.33,18.69,4.0,4.0,16.67,37.37,0.0,0.0,0.0,0.0,5.0,5.0,20.83,46.71,3.0,3.0,12.5,28.03,4.0,4.0,16.67,37.37,5.0,5.0,20.83,46.71,3.0,3.0,12.5,28.03,3.0,3.0,12.5,28.03,0.0,0.0,0.0,0.0,3.0,3.0,12.5,28.03,0.0,0.0,0.0,0.0,0.0,0.0,0.0,0.0,4.0,4.0,16.67,37.37,7.0,7.0,29.17,65.4,37.5,41.67,-4.17,149.48,-1.0,-1.0,-4.17,3.85,3.85,0.22,0.4,0.4,0.0,0.6,0.0,1.5,0.57,0.62,0.6,0.0,0.0,0.17,29.17,0.56
4,福爾摩沙夢想家,83|86|103|13906,吳家駿/林俊吉/忻沃克/班提爾,2,26,36.0,382.19,6.37,06:22,191.1,3.18,03:11,11.0,5.5,30.56,62.17,19.0,9.5,52.78,107.38,13.0,6.5,36.11,73.47,3.0,1.5,8.33,16.95,6.0,3.0,16.67,33.91,3.0,1.5,8.33,16.95,7.0,3.5,19.44,39.56,0.0,0.0,0.0,0.0,5.0,2.5,13.89,28.26,3.0,1.5,8.33,16.95,5.0,2.5,13.89,28.26,7.0,3.5,19.44,39.56,3.0,1.5,8.33,16.95,3.0,1.5,8.33,16.95,2.0,1.0,5.56,11.3,4.0,2.0,11.11,22.61,0.0,0.0,0.0,0.0,0.0,0.0,0.0,0.0,5.0,2.5,13.89,28.26,9.0,4.5,25.0,50.86,30.56,52.78,-22.22,135.64,-8.0,-4.0,-22.22,6.37,3.18,0.23,0.36,0.5,0.0,0.6,0.12,1.33,0.62,0.7,0.67,0.0,0.0,0.14,25.0,0.38
4,福爾摩沙夢想家,83|86|13777|13906,吳家駿/林俊吉/布依德/班提爾,1,28,43.0,413.47,6.89,06:53,413.47,6.89,06:53,14.0,14.0,32.56,73.14,18.0,18.0,41.86,94.03,14.0,14.0,32.56,73.14,4.0,4.0,9.3,20.9,9.0,9.0,20.93,47.02,3.0,3.0,6.98,15.67,5.0,5.0,11.63,26.12,1.0,1.0,2.33,5.22,7.0,7.0,16.28,36.57,5.0,5.0,11.63,26.12,6.0,6.0,13.95,31.34,6.0,6.0,13.95,31.34,6.0,6.0,13.95,31.34,5.0,5.0,11.63,26.12,3.0,3.0,6.98,15.67,4.0,4.0,9.3,20.9,0.0,0.0,0.0,0.0,0.0,0.0,0.0,0.0,4.0,4.0,9.3,20.9,9.0,9.0,20.93,47.02,32.56,41.86,-9.3,149.76,-4.0,-4.0,-9.3,6.89,6.89,0.32,0.41,0.33,0.2,0.71,0.15,1.0,0.55,0.5,0.52,0.0,0.0,0.09,20.93,0.5
4,福爾摩沙夢想家,83|103|13777|13906,吳家駿/忻沃克/布依德/班提爾,3,41,58.0,625.59,10.43,10:26,208.53,3.48,03:29,26.0,8.67,44.83,89.77,22.0,7.33,37.93,75.96,23.0,7.67,39.66,79.41,9.0,3.0,15.52,31.07,13.0,4.33,22.41,44.89,6.0,2.0,10.34,20.72,10.0,3.33,17.24,34.53,3.0,1.0,5.17,10.36,5.0,1.67,8.62,17.26,3.0,1.0,5.17,10.36,8.0,2.67,13.79,27.62,7.0,2.33,12.07,24.17,7.0,2.33,12.07,24.17,6.0,2.0,10.34,20.72,3.0,1.0,5.17,10.36,7.0,2.33,12.07,24.17,2.0,0.67,3.45,6.91,2.0,0.67,3.45,6.91,6.0,2.0,10.34,20.72,11.0,3.67,18.97,37.98,44.83,37.93,6.9,133.5,4.0,1.33,6.9,10.43,3.48,0.46,0.52,0.46,0.3,0.6,0.11,0.78,0.57,0.5,0.54,3.45,3.45,0.1,18.97,0.22
4,福爾摩沙夢想家,77|83|86|13777,馬建豪/吳家駿/林俊吉/布依德,1,12,19.0,182.27,3.04,03:02,182.27,3.04,03:02,5.0,5.0,26.32,59.25,8.0,8.0,42.11,94.8,5.0,5.0,26.32,59.25,2.0,2.0,10.53,23.7,4.0,4.0,21.05,47.4,1.0,1.0,5.26,11.85,1.0,1.0,5.26,11.85,1.0,1.0,5.26,11.85,2.0,2.0,10.53,23.7,2.0,2.0,10.53,23.7,2.0,2.0,10.53,23.7,1.0,1.0,5.26,11.85,3.0,3.0,15.79,35.55,2.0,2.0,10.53,23.7,3.0,3.0,15.79,35.55,1.0,1.0,5.26,11.85,0.0,0.0,0.0,0.0,0.0,0.0,0.0,0.0,0.0,0.0,0.0,0.0,2.0,2.0,10.53,23.7,26.32,42.11,-15.79,150.1,-3.0,-3.0,-15.79,3.04,3.04,0.5,0.43,0.25,1.0,1.0,0.34,0.5,0.5,0.25,0.38,0.0,0.0,0.0,10.53,0.4
4,福爾摩沙夢想家,77|83|86|13906,馬建豪/吳家駿/林俊吉/班提爾,1,27,34.0,400.27,6.67,06:40,400.27,6.67,06:40,16.0,16.0,47.06,86.34,10.0,10.0,29.41,53.96,13.0,13.0,38.24,70.15,7.0,7.0,20.59,37.77,10.0,10.0,29.41,53.96,5.0,5.0,14.71,26.98,3.0,3.0,8.82,16.19,2.0,2.0,5.88,10.79,2.0,2.0,5.88,10.79,2.0,2.0,5.88,10.79,2.0,2.0,5.88,10.79,4.0,4.0,11.76,21.59,3.0,3.0,8.82,16.19,5.0,5.0,14.71,26.98,3.0,3.0,8.82,16.19,2.0,2.0,5.88,10.79,0.0,0.0,0.0,0.0,0.0,0.0,0.0,0.0,1.0,1.0,2.94,5.4,2.0,2.0,5.88,10.79,47.06,29.41,17.65,122.32,6.0,6.0,17.65,6.67,6.67,0.62,0.58,0.5,0.67,1.0,0.18,0.29,0.29,0.57,0.43,0.0,0.0,0.03,5.88,0.15
4,福爾摩沙夢想家,77|83|13777|13906,馬建豪/吳家駿/布依德/班提爾,3,49,70.0,769.99,12.83,12:50,256.66,4.28,04:17,30.0,10.0,42.86,84.16,29.0,9.67,41.43,81.35,25.0,8.33,35.71,70.13,12.0,4.0,17.14,33.66,16.0,5.33,22.86,44.88,8.0,2.67,11.43,22.44,9.0,3.0,12.86,25.25,4.0,1.33,5.71,11.22,6.0,2.0,8.57,16.83,4.0,1.33,5.71,11.22,8.0,2.67,11.43,22.44,4.0,1.33,5.71,11.22,9.0,3.0,12.86,25.25,6.0,2.0,8.57,16.83,7.0,2.33,10.0,19.64,8.0,2.67,11.43,22.44,1.0,0.33,1.43,2.81,2.0,0.67,2.86,5.61,2.0,0.67,2.86,5.61,6.0,2.0,8.57,16.83,42.86,41.43,1.43,130.91,1.0,0.33,1.43,12.83,4.28,0.56,0.54,0.5,0.44,0.67,0.2,0.67,0.57,0.31,0.44,1.43,2.86,0.03,8.57,0.24
4,新竹御嵿攻城獅,75|87|10885|10888,高國豪/蔡宸綱/劉丞勳/帕塞獅,2,3,3.0,18.87,0.31,00:19,9.43,0.16,00:09,2.0,1.0,66.67,228.97,2.0,1.0,66.67,228.97,0.0,0.0,0.0,0.0,0.0,0.0,0.0,0.0,0.0,0.0,0.0,0.0,0.0,0.0,0.0,0.0,0.0,0.0,0.0,0.0,0.0,0.0,0.0,0.0,2.0,1.0,66.67,228.97,2.0,1.0,66.67,228.97,0.0,0.0,0.0,0.0,0.0,0.0,0.0,0.0,0.0,0.0,0.0,0.0,0.0,0.0,0.0,0.0,0.0,0.0,0.0,0.0,1.0,0.5,33.33,114.49,0.0,0.0,0.0,0.0,0.0,0.0,0.0,0.0,0.0,0.0,0.0,0.0,0.0,0.0,0.0,0.0,66.67,66.67,0.0,228.97,0.0,0.0,0.0,0.31,0.16,,1.14,,,1.0,0.0,,,,,0.0,0.0,0.0,0.0,
4,福爾摩沙夢想家,77|83|86|106,馬建豪/吳家駿/林俊吉/高柏鎧,1,15,15.0,218.0,3.63,03:38,218.0,3.63,03:38,11.0,11.0,73.33,108.99,2.0,2.0,13.33,19.82,8.0,8.0,53.33,79.27,5.0,5.0,33.33,49.54,6.0,6.0,40.0,59.45,4.0,4.0,26.67,39.63,2.0,2.0,13.33,19.82,1.0,1.0,6.67,9.91,0.0,0.0,0.0,0.0,0.0,0.0,0.0,0.0,0.0,0.0,0.0,0.0,3.0,3.0,20.0,29.72,0.0,0.0,0.0,0.0,3.0,3.0,20.0,29.72,0.0,0.0,0.0,0.0,1.0,1.0,6.67,9.91,0.0,0.0,0.0,0.0,0.0,0.0,0.0,0.0,1.0,1.0,6.67,9.91,0.0,0.0,0.0,0.0,73.33,13.33,60.0,99.08,9.0,9.0,60.0,3.63,3.63,0.69,0.69,0.67,0.5,,0.0,0.2,0.0,1.0,0.5,0.0,0.0,0.07,0.0,0.0
4,福爾摩沙夢想家,77|83|106|13906,馬建豪/吳家駿/高柏鎧/班提爾,3,37,39.0,535.62,8.93,08:56,178.54,2.98,02:59,20.0,6.67,51.28,80.65,18.0,6.0,46.15,72.59,16.0,5.33,41.03,64.52,8.0,2.67,20.51,32.26,7.0,2.33,17.95,28.23,4.0,1.33,10.26,16.13,9.0,3.0,23.08,36.29,4.0,1.33,10.26,16.13,0.0,0.0,0.0,0.0,0.0,0.0,0.0,0.0,0.0,0.0,0.0,0.0,8.0,2.67,20.51,32.26,2.0,0.67,5.13,8.07,7.0,2.33,17.95,28.23,2.0,0.67,5.13,8.07,3.0,1.0,7.69,12.1,2.0,0.67,5.13,8.07,0.0,0.0,0.0,0.0,2.0,0.67,5.13,8.07,4.0,1.33,10.26,16.13,51.28,46.15,5.13,104.85,2.0,0.67,5.13,8.93,2.98,0.62,0.62,0.57,0.44,,0.11,0.38,0.0,0.8,0.47,5.13,0.0,0.05,10.26,0.0
4,福爾摩沙夢想家,83|86|106|13906,吳家駿/林俊吉/高柏鎧/班提爾,1,15,15.0,218.0,3.63,03:38,218.0,3.63,03:38,11.0,11.0,73.33,108.99,2.0,2.0,13.33,19.82,8.0,8.0,53.33,79.27,5.0,5.0,33.33,49.54,6.0,6.0,40.0,59.45,4.0,4.0,26.67,39.63,2.0,2.0,13.33,19.82,1.0,1.0,6.67,9.91,0.0,0.0,0.0,0.0,0.0,0.0,0.0,0.0,0.0,0.0,0.0,0.0,3.0,3.0,20.0,29.72,0.0,0.0,0.0,0.0,3.0,3.0,20.0,29.72,0.0,0.0,0.0,0.0,1.0,1.0,6.67,9.91,0.0,0.0,0.0,0.0,0.0,0.0,0.0,0.0,1.0,1.0,6.67,9.91,0.0,0.0,0.0,0.0,73.33,13.33,60.0,99.08,9.0,9.0,60.0,3.63,3.63,0.69,0.69,0.67,0.5,,0.0,0.2,0.0,1.0,0.5,0.0,0.0,0.07,0.0,0.0
4,福爾摩沙夢想家,83|89|103|13906,吳家駿/蔣淯安/忻沃克/班提爾,1,5,6.0,85.74,1.43,01:26,85.74,1.43,01:26,0.0,0.0,0.0,0.0,0.0,0.0,0.0,0.0,2.0,2.0,33.33,50.39,0.0,0.0,0.0,0.0,0.0,0.0,0.0,0.0,0.0,0.0,0.0,0.0,2.0,2.0,33.33,50.39,0.0,0.0,0.0,0.0,0.0,0.0,0.0,0.0,0.0,0.0,0.0,0.0,0.0,0.0,0.0,0.0,2.0,2.0,33.33,50.39,1.0,1.0,16.67,25.19,1.0,1.0,16.67,25.19,0.0,0.0,0.0,0.0,0.0,0.0,0.0,0.0,0.0,0.0,0.0,0.0,0.0,0.0,0.0,0.0,0.0,0.0,0.0,0.0,2.0,2.0,33.33,50.39,0.0,0.0,0.0,100.78,0.0,0.0,0.0,1.43,1.43,0.0,0.0,,0.0,,0.0,,0.0,0.67,0.5,0.0,0.0,0.0,33.33,0.0
4,福爾摩沙夢想家,83|89|106|13906,吳家駿/蔣淯安/高柏鎧/班提爾,2,16,17.0,209.73,3.5,03:30,104.87,1.75,01:45,3.0,1.5,17.65,30.9,10.0,5.0,58.82,102.99,6.0,3.0,35.29,61.79,1.0,0.5,5.88,10.3,1.0,0.5,5.88,10.3,0.0,0.0,0.0,0.0,5.0,2.5,29.41,51.49,1.0,0.5,5.88,10.3,0.0,0.0,0.0,0.0,0.0,0.0,0.0,0.0,0.0,0.0,0.0,0.0,5.0,2.5,29.41,51.49,1.0,0.5,5.88,10.3,3.0,1.5,17.65,30.9,1.0,0.5,5.88,10.3,0.0,0.0,0.0,0.0,1.0,0.5,5.88,10.3,0.0,0.0,0.0,0.0,1.0,0.5,5.88,10.3,4.0,2.0,23.53,41.19,17.65,58.82,-41.18,116.72,-7.0,-3.5,-41.18,3.5,1.75,0.25,0.25,0.0,0.2,,0.14,0.0,0.0,0.83,0.56,5.88,0.0,0.06,23.53,0.0
4,福爾摩沙夢想家,83|103|106|13906,吳家駿/忻沃克/高柏鎧/班提爾,2,23,27.0,360.02,6.0,06:00,180.01,3.0,03:00,12.0,6.0,44.44,72.0,7.0,3.5,25.93,42.0,10.0,5.0,37.04,60.0,5.0,2.5,18.52,30.0,4.0,2.0,14.81,24.0,3.0,1.5,11.11,18.0,6.0,3.0,22.22,36.0,2.0,1.0,7.41,12.0,0.0,0.0,0.0,0.0,0.0,0.0,0.0,0.0,1.0,0.5,3.7,6.0,4.0,2.0,14.81,24.0,3.0,1.5,11.11,18.0,4.0,2.0,14.81,24.0,1.0,0.5,3.7,6.0,4.0,2.0,14.81,24.0,1.0,0.5,3.7,6.0,0.0,0.0,0.0,0.0,0.0,0.0,0.0,0.0,6.0,3.0,22.22,36.0,44.44,25.93,18.52,107.99,5.0,2.5,18.52,6.0,3.0,0.6,0.6,0.75,0.33,,0.09,0.8,0.2,0.57,0.42,3.7,0.0,0.0,22.22,0.0
4,福爾摩沙夢想家,77|106|13777|13906,馬建豪/高柏鎧/布依德/班提爾,1,2,6.0,54.93,0.92,00:55,54.93,0.92,00:55,3.0,3.0,50.0,117.96,3.0,3.0,50.0,117.96,4.0,4.0,66.67,157.29,1.0,1.0,16.67,39.32,2.0,2.0,33.33,78.64,0.0,0.0,0.0,0.0,2.0,2.0,33.33,78.64,1.0,1.0,16.67,39.32,0.0,0.0,0.0,0.0,0.0,0.0,0.0,0.0,3.0,3.0,50.0,117.96,0.0,0.0,0.0,0.0,1.0,1.0,16.67,39.32,0.0,0.0,0.0,0.0,0.0,0.0,0.0,0.0,1.0,1.0,16.67,39.32,0.0,0.0,0.0,0.0,0.0,0.0,0.0,0.0,0.0,0.0,0.0,0.0,0.0,0.0,0.0,0.0,50.0,50.0,0.0,157.29,0.0,0.0,0.0,0.92,0.92,0.38,0.38,0.0,0.5,,0.0,1.0,1.0,0.0,0.75,0.0,0.0,0.0,0.0,0.0
4,福爾摩沙夢想家,86|106|13777|13906,林俊吉/高柏鎧/布依德/班提爾,1,2,6.0,54.93,0.92,00:55,54.93,0.92,00:55,3.0,3.0,50.0,117.96,3.0,3.0,50.0,117.96,4.0,4.0,66.67,157.29,1.0,1.0,16.67,39.32,2.0,2.0,33.33,78.64,0.0,0.0,0.0,0.0,2.0,2.0,33.33,78.64,1.0,1.0,16.67,39.32,0.0,0.0,0.0,0.0,0.0,0.0,0.0,0.0,3.0,3.0,50.0,117.96,0.0,0.0,0.0,0.0,1.0,1.0,16.67,39.32,0.0,0.0,0.0,0.0,0.0,0.0,0.0,0.0,1.0,1.0,16.67,39.32,0.0,0.0,0.0,0.0,0.0,0.0,0.0,0.0,0.0,0.0,0.0,0.0,0.0,0.0,0.0,0.0,50.0,50.0,0.0,157.29,0.0,0.0,0.0,0.92,0.92,0.38,0.38,0.0,0.5,,0.0,1.0,1.0,0.0,0.75,0.0,0.0,0.0,0.0,0.0
4,新北中信特攻,38|40|8889|10877,余維豪/謝亞軒/馬可/阿巴西,2,54,65.0,818.94,13.65,13:39,409.47,6.82,06:49,25.0,12.5,38.46,65.94,28.0,14.0,43.08,73.85,25.0,12.5,38.46,65.94,9.0,4.5,13.85,23.74,12.0,6.0,18.46,31.65,8.0,4.0,12.31,21.1,13.0,6.5,20.0,34.29,1.0,0.5,1.54,2.64,7.0,3.5,10.77,18.46,6.0,3.0,9.23,15.83,6.0,3.0,9.23,15.83,10.0,5.0,15.38,26.38,5.0,2.5,7.69,13.19,8.0,4.0,12.31,21.1,5.0,2.5,7.69,13.19,3.0,1.5,4.62,7.91,4.0,2.0,6.15,10.55,0.0,0.0,0.0,0.0,7.0,3.5,10.77,18.46,4.0,2.0,6.15,10.55,38.46,43.08,-4.62,114.29,-3.0,-1.5,-4.62,13.65,6.82,0.38,0.45,0.67,0.08,0.86,0.15,0.33,0.43,0.67,0.55,6.15,0.0,0.11,6.15,0.28
4,新北中信特攻,38|40|8889|10881,余維豪/謝亞軒/馬可/飛克,1,29,33.0,450.01,7.5,07:30,450.01,7.5,07:30,14.0,14.0,42.42,67.2,22.0,22.0,66.67,105.6,12.0,12.0,36.36,57.6,5.0,5.0,15.15,24.0,5.0,5.0,15.15,24.0,4.0,4.0,12.12,19.2,7.0,7.0,21.21,33.6,1.0,1.0,3.03,4.8,4.0,4.0,12.12,19.2,3.0,3.0,9.09,14.4,3.0,3.0,9.09,14.4,5.0,5.0,15.15,24.0,1.0,1.0,3.03,4.8,3.0,3.0,9.09,14.4,3.0,3.0,9.09,14.4,2.0,2.0,6.06,9.6,2.0,2.0,6.06,9.6,0.0,0.0,0.0,0.0,4.0,4.0,12.12,19.2,2.0,2.0,6.06,9.6,42.42,66.67,-24.24,105.6,-8.0,-8.0,-24.24,7.5,7.5,0.46,0.51,0.8,0.14,0.75,0.18,0.4,0.5,0.83,0.67,6.06,0.0,0.12,6.06,0.33
4,新北中信特攻,38|40|10877|10881,余維豪/謝亞軒/阿巴西/飛克,1,29,33.0,450.01,7.5,07:30,450.01,7.5,07:30,14.0,14.0,42.42,67.2,22.0,22.0,66.67,105.6,12.0,12.0,36.36,57.6,5.0,5.0,15.15,24.0,5.0,5.0,15.15,24.0,4.0,4.0,12.12,19.2,7.0,7.0,21.21,33.6,1.0,1.0,3.03,4.8,4.0,4.0,12.12,19.2,3.0,3.0,9.09,14.4,3.0,3.0,9.09,14.4,5.0,5.0,15.15,24.0,1.0,1.0,3.03,4.8,3.0,3.0,9.09,14.4,3.0,3.0,9.09,14.4,2.0,2.0,6.06,9.6,2.0,2.0,6.06,9.6,0.0,0.0,0.0,0.0,4.0,4.0,12.12,19.2,2.0,2.0,6.06,9.6,42.42,66.67,-24.24,105.6,-8.0,-8.0,-24.24,7.5,7.5,0.46,0.51,0.8,0.14,0.75,0.18,0.4,0.5,0.83,0.67,6.06,0.0,0.12,6.06,0.33
4,新北中信特攻,40|43|48|8889,謝亞軒/林韋翰/李沛澄/馬可,1,8,10.0,109.24,1.82,01:49,109.24,1.82,01:49,4.0,4.0,40.0,79.09,2.0,2.0,20.0,39.55,4.0,4.0,40.0,79.09,1.0,1.0,10.0,19.77,2.0,2.0,20.0,39.55,1.0,1.0,10.0,19.77,2.0,2.0,20.0,39.55,0.0,0.0,0.0,0.0,2.0,2.0,20.0,39.55,2.0,2.0,20.0,39.55,0.0,0.0,0.0,0.0,3.0,3.0,30.0,59.32,0.0,0.0,0.0,0.0,2.0,2.0,20.0,39.55,0.0,0.0,0.0,0.0,0.0,0.0,0.0,0.0,0.0,0.0,0.0,0.0,1.0,1.0,10.0,19.77,1.0,1.0,10.0,19.77,2.0,2.0,20.0,39.55,40.0,20.0,20.0,131.82,2.0,2.0,20.0,1.82,1.82,0.25,0.41,0.5,0.0,1.0,0.0,0.0,0.0,1.0,0.6,0.0,10.0,0.1,20.0,0.5
4,新北中信特攻,40|48|104|8889,謝亞軒/李沛澄/貝奇/馬可,1,15,17.0,267.56,4.46,04:28,267.56,4.46,04:28,12.0,12.0,70.59,96.88,10.0,10.0,58.82,80.73,8.0,8.0,47.06,64.58,4.0,4.0,23.53,32.29,4.0,4.0,23.53,32.29,2.0,2.0,11.76,16.15,4.0,4.0,23.53,32.29,2.0,2.0,11.76,16.15,2.0,2.0,11.76,16.15,2.0,2.0,11.76,16.15,0.0,0.0,0.0,0.0,4.0,4.0,23.53,32.29,0.0,0.0,0.0,0.0,2.0,2.0,11.76,16.15,0.0,0.0,0.0,0.0,3.0,3.0,17.65,24.22,0.0,0.0,0.0,0.0,1.0,1.0,5.88,8.07,1.0,1.0,5.88,8.07,2.0,2.0,11.76,16.15,70.59,58.82,11.76,91.49,2.0,2.0,11.76,4.46,4.46,0.62,0.68,0.5,0.5,1.0,0.0,0.75,0.0,1.0,0.67,0.0,5.88,0.06,11.76,0.25
4,臺北台新戰神,5|10863|10865|13400,黃聰翰/魏芃禾/謝銘駿/史東,2,14,18.0,220.16,3.67,03:40,110.08,1.83,01:50,0.0,0.0,0.0,0.0,13.0,6.5,72.22,127.55,7.0,3.5,38.89,68.68,0.0,0.0,0.0,0.0,1.0,0.5,5.56,9.81,0.0,0.0,0.0,0.0,6.0,3.0,33.33,58.87,0.0,0.0,0.0,0.0,0.0,0.0,0.0,0.0,0.0,0.0,0.0,0.0,1.0,0.5,5.56,9.81,5.0,2.5,27.78,49.06,1.0,0.5,5.56,9.81,2.0,1.0,11.11,19.62,2.0,1.0,11.11,19.62,0.0,0.0,0.0,0.0,2.0,1.0,11.11,19.62,1.0,0.5,5.56,9.81,0.0,0.0,0.0,0.0,2.0,1.0,11.11,19.62,0.0,72.22,-72.22,117.73,-13.0,-6.5,-72.22,3.67,1.83,0.0,0.0,0.0,0.0,,0.22,,0.33,0.83,0.67,11.11,5.56,0.0,11.11,0.0
4,新北中信特攻,40|47|104|10877,謝亞軒/曾文鼎/貝奇/阿巴西,4,38,42.0,597.92,9.97,09:58,149.48,2.49,02:29,25.0,6.25,59.52,90.31,27.0,6.75,64.29,97.54,15.0,3.75,35.71,54.19,9.0,2.25,21.43,32.51,7.0,1.75,16.67,25.29,4.0,1.0,9.52,14.45,8.0,2.0,19.05,28.9,5.0,1.25,11.9,18.06,2.0,0.5,4.76,7.23,2.0,0.5,4.76,7.23,2.0,0.5,4.76,7.23,3.0,0.75,7.14,10.84,0.0,0.0,0.0,0.0,6.0,1.5,14.29,21.68,5.0,1.25,11.9,18.06,4.0,1.0,9.52,14.45,2.0,0.5,4.76,7.23,0.0,0.0,0.0,0.0,4.0,1.0,9.52,14.45,5.0,1.25,11.9,18.06,59.52,64.29,-4.76,101.15,-2.0,-0.5,-4.76,9.97,2.49,0.77,0.79,0.57,0.62,1.0,0.24,0.44,0.25,1.0,0.45,4.76,0.0,0.1,11.9,0.13
4,臺北台新戰神,5|10|14|13907,黃聰翰/雷蒙恩/錢肯尼/梅克,6,81,98.0,1284.19,21.4,21:24,214.03,3.57,03:34,45.0,7.5,45.92,75.69,39.0,6.5,39.8,65.6,30.0,5.0,30.61,50.46,15.0,2.5,15.31,25.23,19.0,3.17,19.39,31.96,12.0,2.0,12.24,20.18,11.0,1.83,11.22,18.5,3.0,0.5,3.06,5.05,14.0,2.33,14.29,23.55,12.0,2.0,12.24,20.18,4.0,0.67,4.08,6.73,13.0,2.17,13.27,21.87,5.0,0.83,5.1,8.41,14.0,2.33,14.29,23.55,9.0,1.5,9.18,15.14,5.0,0.83,5.1,8.41,6.0,1.0,6.12,10.09,1.0,0.17,1.02,1.68,7.0,1.17,7.14,11.77,13.0,2.17,13.27,21.87,45.92,39.8,6.12,109.89,6.0,1.0,6.12,21.4,3.57,0.55,0.62,0.63,0.27,0.86,0.2,0.33,0.22,0.72,0.47,6.12,1.02,0.07,13.27,0.47
4,新北中信特攻,40|48|104|10877,謝亞軒/李沛澄/貝奇/阿巴西,1,9,9.0,168.56,2.81,02:49,168.56,2.81,02:49,8.0,8.0,88.89,102.52,10.0,10.0,111.11,128.14,5.0,5.0,55.56,64.07,3.0,3.0,33.33,38.44,2.0,2.0,22.22,25.63,1.0,1.0,11.11,12.81,3.0,3.0,33.33,38.44,2.0,2.0,22.22,25.63,0.0,0.0,0.0,0.0,0.0,0.0,0.0,0.0,0.0,0.0,0.0,0.0,2.0,2.0,22.22,25.63,0.0,0.0,0.0,0.0,0.0,0.0,0.0,0.0,0.0,0.0,0.0,0.0,3.0,3.0,33.33,38.44,0.0,0.0,0.0,0.0,0.0,0.0,0.0,0.0,0.0,0.0,0.0,0.0,2.0,2.0,22.22,25.63,88.89,111.11,-22.22,76.89,-2.0,-2.0,-22.22,2.81,2.81,0.8,0.8,0.5,0.67,,0.0,1.0,,1.0,1.0,0.0,0.0,0.0,22.22,0.0
4,新北中信特攻,48|104|10877|10881,李沛澄/貝奇/阿巴西/飛克,1,3,4.0,43.84,0.73,00:44,43.84,0.73,00:44,5.0,5.0,125.0,246.33,0.0,0.0,0.0,0.0,1.0,1.0,25.0,49.27,1.0,1.0,25.0,49.27,0.0,0.0,0.0,0.0,0.0,0.0,0.0,0.0,1.0,1.0,25.0,49.27,1.0,1.0,25.0,49.27,2.0,2.0,50.0,98.53,2.0,2.0,50.0,98.53,0.0,0.0,0.0,0.0,0.0,0.0,0.0,0.0,0.0,0.0,0.0,0.0,0.0,0.0,0.0,0.0,0.0,0.0,0.0,0.0,1.0,1.0,25.0,49.27,0.0,0.0,0.0,0.0,0.0,0.0,0.0,0.0,0.0,0.0,0.0,0.0,0.0,0.0,0.0,0.0,125.0,0.0,125.0,131.38,5.0,5.0,125.0,0.73,0.73,1.5,1.33,,1.0,1.0,0.0,1.0,,,,0.0,0.0,0.0,0.0,2.0
4,新北中信特攻,40|43|48|10877,謝亞軒/林韋翰/李沛澄/阿巴西,1,4,5.0,54.24,0.9,00:54,54.24,0.9,00:54,0.0,0.0,0.0,0.0,2.0,2.0,40.0,79.65,2.0,2.0,40.0,79.65,0.0,0.0,0.0,0.0,0.0,0.0,0.0,0.0,0.0,0.0,0.0,0.0,2.0,2.0,40.0,79.65,0.0,0.0,0.0,0.0,0.0,0.0,0.0,0.0,0.0,0.0,0.0,0.0,0.0,0.0,0.0,0.0,2.0,2.0,40.0,79.65,1.0,1.0,20.0,39.83,1.0,1.0,20.0,39.83,0.0,0.0,0.0,0.0,0.0,0.0,0.0,0.0,0.0,0.0,0.0,0.0,0.0,0.0,0.0,0.0,0.0,0.0,0.0,0.0,2.0,2.0,40.0,79.65,0.0,40.0,-40.0,132.75,-2.0,-2.0,-40.0,0.9,0.9,0.0,0.0,,0.0,,0.0,,0.0,0.67,0.5,0.0,0.0,0.0,40.0,0.0
4,新北中信特攻,40|43|48|10881,謝亞軒/林韋翰/李沛澄/飛克,1,2,3.0,62.0,1.03,01:02,62.0,1.03,01:02,0.0,0.0,0.0,0.0,0.0,0.0,0.0,0.0,1.0,1.0,33.33,34.84,0.0,0.0,0.0,0.0,0.0,0.0,0.0,0.0,0.0,0.0,0.0,0.0,1.0,1.0,33.33,34.84,0.0,0.0,0.0,0.0,0.0,0.0,0.0,0.0,0.0,0.0,0.0,0.0,0.0,0.0,0.0,0.0,1.0,1.0,33.33,34.84,1.0,1.0,33.33,34.84,1.0,1.0,33.33,34.84,0.0,0.0,0.0,0.0,0.0,0.0,0.0,0.0,0.0,0.0,0.0,0.0,0.0,0.0,0.0,0.0,0.0,0.0,0.0,0.0,0.0,0.0,0.0,0.0,0.0,0.0,0.0,69.68,0.0,0.0,0.0,1.03,1.03,0.0,0.0,,0.0,,0.0,,0.0,0.5,0.33,0.0,0.0,0.0,0.0,0.0
4,新北國王,22|28|29|14038,簡祐哲/呂政儒/林書緯/飛米,5,154,193.0,3256.59,54.28,54:17,651.32,10.86,10:51,77.0,15.4,39.9,51.07,86.0,17.2,44.56,57.04,72.0,14.4,37.31,47.76,30.0,6.0,15.54,19.9,48.0,9.6,24.87,31.84,22.0,4.4,11.4,14.59,24.0,4.8,12.44,15.92,8.0,1.6,4.15,5.31,11.0,2.2,5.7,7.3,9.0,1.8,4.66,5.97,13.0,2.6,6.74,8.62,30.0,6.0,15.54,19.9,19.0,3.8,9.84,12.6,29.0,5.8,15.03,19.23,12.0,2.4,6.22,7.96,16.0,3.2,8.29,10.61,9.0,1.8,4.66,5.97,2.0,0.4,1.04,1.33,15.0,3.0,7.77,9.95,15.0,3.0,7.77,9.95,39.9,44.56,-4.66,85.34,-9.0,-1.8,-4.66,54.28,10.86,0.47,0.5,0.46,0.33,0.82,0.14,0.53,0.31,0.61,0.47,4.66,1.04,0.08,7.77,0.15
4,新北國王,22|28|10875|14038,簡祐哲/呂政儒/傑登/飛米,1,41,52.0,630.53,10.51,10:31,630.53,10.51,10:31,17.0,17.0,32.69,58.24,22.0,22.0,42.31,75.36,21.0,21.0,40.38,71.94,6.0,6.0,11.54,20.55,13.0,13.0,25.0,44.53,4.0,4.0,7.69,13.7,8.0,8.0,15.38,27.41,2.0,2.0,3.85,6.85,3.0,3.0,5.77,10.28,3.0,3.0,5.77,10.28,5.0,5.0,9.62,17.13,10.0,10.0,19.23,34.26,4.0,4.0,7.69,13.7,9.0,9.0,17.31,30.83,4.0,4.0,7.69,13.7,3.0,3.0,5.77,10.28,2.0,2.0,3.85,6.85,1.0,1.0,1.92,3.43,4.0,4.0,7.69,13.7,2.0,2.0,3.85,6.85,32.69,42.31,-9.62,118.76,-5.0,-5.0,-9.62,10.51,10.51,0.33,0.38,0.31,0.25,1.0,0.15,0.5,0.36,0.71,0.54,3.85,1.92,0.08,3.85,0.14
4,新北國王,22|29|10875|14038,簡祐哲/林書緯/傑登/飛米,1,61,74.0,959.17,15.99,15:59,959.17,15.99,15:59,25.0,25.0,33.78,56.3,30.0,30.0,40.54,67.56,29.0,29.0,39.19,65.31,9.0,9.0,12.16,20.27,16.0,16.0,21.62,36.03,6.0,6.0,8.11,13.51,13.0,13.0,17.57,29.28,3.0,3.0,4.05,6.76,4.0,4.0,5.41,9.01,4.0,4.0,5.41,9.01,5.0,5.0,6.76,11.26,15.0,15.0,20.27,33.78,5.0,5.0,6.76,11.26,14.0,14.0,18.92,31.53,6.0,6.0,8.11,13.51,5.0,5.0,6.76,11.26,3.0,3.0,4.05,6.76,1.0,1.0,1.35,2.25,8.0,8.0,10.81,18.02,7.0,7.0,9.46,15.76,33.78,40.54,-6.76,111.1,-5.0,-5.0,-6.76,15.99,15.99,0.36,0.41,0.38,0.23,1.0,0.16,0.56,0.26,0.75,0.51,4.05,1.35,0.11,9.46,0.14
4,新北國王,28|29|10875|14038,呂政儒/林書緯/傑登/飛米,2,60,73.0,876.85,14.61,14:37,438.42,7.31,07:18,31.0,15.5,42.47,76.36,39.0,19.5,53.42,96.07,29.0,14.5,39.73,71.44,11.0,5.5,15.07,27.1,19.0,9.5,26.03,46.8,8.0,4.0,10.96,19.71,10.0,5.0,13.7,24.63,3.0,1.5,4.11,7.39,7.0,3.5,9.59,17.24,6.0,3.0,8.22,14.78,5.0,2.5,6.85,12.32,14.0,7.0,19.18,34.49,5.0,2.5,6.85,12.32,9.0,4.5,12.33,22.17,4.0,2.0,5.48,9.85,5.0,2.5,6.85,12.32,2.0,1.0,2.74,4.93,1.0,0.5,1.37,2.46,5.0,2.5,6.85,12.32,3.0,1.5,4.11,7.39,42.47,53.42,-10.96,119.88,-8.0,-4.0,-10.96,14.61,7.31,0.43,0.48,0.42,0.3,0.86,0.11,0.45,0.36,0.74,0.58,2.74,1.37,0.07,4.11,0.24
4,新北國王,22|29|32|14038,簡祐哲/林書緯/奧帝/飛米,3,29,29.0,476.02,7.93,07:56,158.67,2.64,02:39,15.0,5.0,51.72,68.06,9.0,3.0,31.03,40.84,9.0,3.0,31.03,40.84,4.0,1.33,13.79,18.15,6.0,2.0,20.69,27.23,1.0,0.33,3.45,4.54,3.0,1.0,10.34,13.61,3.0,1.0,10.34,13.61,6.0,2.0,20.69,27.23,4.0,1.33,13.79,18.15,0.0,0.0,0.0,0.0,6.0,2.0,20.69,27.23,0.0,0.0,0.0,0.0,10.0,3.33,34.48,45.38,3.0,1.0,10.34,13.61,3.0,1.0,10.34,13.61,1.0,0.33,3.45,4.54,0.0,0.0,0.0,0.0,5.0,1.67,17.24,22.69,6.0,2.0,20.69,27.23,51.72,31.03,20.69,87.73,6.0,2.0,20.69,7.93,2.64,0.61,0.64,0.17,1.0,0.67,0.2,0.75,0.0,1.0,0.38,3.45,0.0,0.17,20.69,0.67
4,新北國王,22|29|10872|14038,簡祐哲/林書緯/林彥廷/飛米,3,72,72.0,1098.57,18.31,18:19,366.19,6.1,06:06,30.0,10.0,41.67,58.99,29.0,9.67,40.28,57.02,28.0,9.33,38.89,55.05,11.0,3.67,15.28,21.63,16.0,5.33,22.22,31.46,5.0,1.67,6.94,9.83,12.0,4.0,16.67,23.59,6.0,2.0,8.33,11.8,4.0,1.33,5.56,7.86,2.0,0.67,2.78,3.93,0.0,0.0,0.0,0.0,18.0,6.0,25.0,35.39,0.0,0.0,0.0,0.0,18.0,6.0,25.0,35.39,7.0,2.33,9.72,13.76,9.0,3.0,12.5,17.7,4.0,1.33,5.56,7.86,0.0,0.0,0.0,0.0,5.0,1.67,6.94,9.83,5.0,1.67,6.94,9.83,41.67,40.28,1.39,94.38,1.0,0.33,1.39,18.31,6.1,0.5,0.5,0.31,0.5,0.5,0.19,0.82,0.0,1.0,0.5,5.56,0.0,0.07,6.94,0.14
4,新北國王,22|32|10872|14038,簡祐哲/奧帝/林彥廷/飛米,3,29,30.0,459.38,7.66,07:39,153.13,2.55,02:33,19.0,6.33,63.33,89.34,10.0,3.33,33.33,47.02,11.0,3.67,36.67,51.72,6.0,2.0,20.0,28.21,6.0,2.0,20.0,28.21,2.0,0.67,6.67,9.4,5.0,1.67,16.67,23.51,4.0,1.33,13.33,18.81,6.0,2.0,20.0,28.21,3.0,1.0,10.0,14.11,1.0,0.33,3.33,4.7,5.0,1.67,16.67,23.51,0.0,0.0,0.0,0.0,8.0,2.67,26.67,37.62,3.0,1.0,10.0,14.11,4.0,1.33,13.33,18.81,1.0,0.33,3.33,4.7,0.0,0.0,0.0,0.0,2.0,0.67,6.67,9.4,2.0,0.67,6.67,9.4,63.33,33.33,30.0,94.04,9.0,3.0,30.0,7.66,2.55,0.73,0.7,0.33,0.8,0.5,0.18,0.67,0.11,1.0,0.43,3.33,0.0,0.07,6.67,0.55
4,新北國王,29|32|10872|14038,林書緯/奧帝/林彥廷/飛米,6,195,220.0,2982.82,49.71,49:43,497.14,8.29,08:17,108.0,18.0,49.09,78.21,97.0,16.17,44.09,70.24,74.0,12.33,33.64,53.59,37.0,6.17,16.82,26.79,33.0,5.5,15.0,23.9,15.0,2.5,6.82,10.86,41.0,6.83,18.64,29.69,22.0,3.67,10.0,15.93,16.0,2.67,7.27,11.59,12.0,2.0,5.45,8.69,6.0,1.0,2.73,4.34,32.0,5.33,14.55,23.17,8.0,1.33,3.64,5.79,40.0,6.67,18.18,28.97,24.0,4.0,10.91,17.38,23.0,3.83,10.45,16.66,11.0,1.83,5.0,7.97,1.0,0.17,0.45,0.72,20.0,3.33,9.09,14.48,38.0,6.33,17.27,27.52,49.09,44.09,5.0,106.21,11.0,1.83,5.0,49.71,8.29,0.65,0.67,0.45,0.54,0.75,0.23,0.62,0.13,0.8,0.44,5.0,0.45,0.09,17.27,0.22
4,新北國王,22|10872|10875|14038,簡祐哲/林彥廷/傑登/飛米,1,26,31.0,535.2,8.92,08:55,535.2,8.92,08:55,10.0,10.0,32.26,40.36,11.0,11.0,35.48,44.39,12.0,12.0,38.71,48.43,4.0,4.0,12.9,16.14,5.0,5.0,16.13,20.18,2.0,2.0,6.45,8.07,7.0,7.0,22.58,28.25,2.0,2.0,6.45,8.07,0.0,0.0,0.0,0.0,0.0,0.0,0.0,0.0,2.0,2.0,6.45,8.07,6.0,6.0,19.35,24.22,3.0,3.0,9.68,12.11,5.0,5.0,16.13,20.18,3.0,3.0,9.68,12.11,3.0,3.0,9.68,12.11,2.0,2.0,6.45,8.07,0.0,0.0,0.0,0.0,3.0,3.0,9.68,12.11,3.0,3.0,9.68,12.11,32.26,35.48,-3.23,83.41,-1.0,-1.0,-3.23,8.92,8.92,0.42,0.42,0.4,0.29,,0.2,0.75,0.29,0.67,0.5,6.45,0.0,0.1,9.68,0.0
4,新北國王,29|10872|10875|14038,林書緯/林彥廷/傑登/飛米,2,43,49.0,638.88,10.65,10:39,319.44,5.32,05:19,24.0,12.0,48.98,81.14,30.0,15.0,61.22,101.43,22.0,11.0,44.9,74.38,9.0,4.5,18.37,30.43,10.0,5.0,20.41,33.81,6.0,3.0,12.24,20.29,12.0,6.0,24.49,40.57,3.0,1.5,6.12,10.14,4.0,2.0,8.16,13.52,3.0,1.5,6.12,10.14,3.0,1.5,6.12,10.14,11.0,5.5,22.45,37.19,1.0,0.5,2.04,3.38,4.0,2.0,8.16,13.52,2.0,1.0,4.08,6.76,5.0,2.5,10.2,16.9,1.0,0.5,2.04,3.38,0.0,0.0,0.0,0.0,3.0,1.5,6.12,10.14,7.0,3.5,14.29,23.67,48.98,61.22,-12.24,110.44,-6.0,-3.0,-12.24,10.65,5.32,0.48,0.51,0.6,0.25,0.75,0.08,0.56,0.43,0.92,0.74,2.04,0.0,0.06,14.29,0.18
4,新北國王,28|29|10872|14038,呂政儒/林書緯/林彥廷/飛米,9,171,192.0,2564.35,42.74,42:44,284.93,4.75,04:45,99.0,11.0,51.56,83.39,84.0,9.33,43.75,70.75,75.0,8.33,39.06,63.17,37.0,4.11,19.27,31.17,45.0,5.0,23.44,37.9,28.0,3.11,14.58,23.58,30.0,3.33,15.62,25.27,9.0,1.0,4.69,7.58,19.0,2.11,9.9,16.0,16.0,1.78,8.33,13.48,8.0,0.89,4.17,6.74,32.0,3.56,16.67,26.95,9.0,1.0,4.69,7.58,31.0,3.44,16.15,26.11,10.0,1.11,5.21,8.42,25.0,2.78,13.02,21.06,5.0,0.56,2.6,4.21,2.0,0.22,1.04,1.68,15.0,1.67,7.81,12.63,12.0,1.33,6.25,10.11,51.56,43.75,7.81,107.82,15.0,1.67,7.81,42.74,4.75,0.55,0.59,0.62,0.3,0.84,0.11,0.68,0.21,0.78,0.5,2.6,1.04,0.08,6.25,0.25
4,新北國王,28|10872|10875|14038,呂政儒/林彥廷/傑登/飛米,2,19,21.0,246.31,4.11,04:06,123.16,2.05,02:03,14.0,7.0,66.67,122.77,17.0,8.5,80.95,149.08,8.0,4.0,38.1,70.16,5.0,2.5,23.81,43.85,6.0,3.0,28.57,52.62,4.0,2.0,19.05,35.08,2.0,1.0,9.52,17.54,1.0,0.5,4.76,8.77,4.0,2.0,19.05,35.08,3.0,1.5,14.29,26.31,0.0,0.0,0.0,0.0,4.0,2.0,19.05,35.08,1.0,0.5,4.76,8.77,0.0,0.0,0.0,0.0,0.0,0.0,0.0,0.0,2.0,1.0,9.52,17.54,0.0,0.0,0.0,0.0,0.0,0.0,0.0,0.0,1.0,0.5,4.76,8.77,1.0,0.5,4.76,8.77,66.67,80.95,-14.29,122.77,-3.0,-1.5,-14.29,4.11,2.05,0.69,0.72,0.67,0.5,0.75,0.0,0.4,,0.8,0.8,0.0,0.0,0.05,4.76,0.5
4,新北國王,28|29|32|14038,呂政儒/林書緯/奧帝/飛米,3,35,36.0,490.89,8.18,08:11,163.63,2.73,02:44,19.0,6.33,52.78,83.6,11.0,3.67,30.56,48.4,13.0,4.33,36.11,57.2,6.0,2.0,16.67,26.4,4.0,1.33,11.11,17.6,3.0,1.0,8.33,13.2,9.0,3.0,25.0,39.6,3.0,1.0,8.33,13.2,5.0,1.67,13.89,22.0,4.0,1.33,11.11,17.6,0.0,0.0,0.0,0.0,6.0,2.0,16.67,26.4,0.0,0.0,0.0,0.0,10.0,3.33,27.78,44.0,2.0,0.67,5.56,8.8,4.0,1.33,11.11,17.6,0.0,0.0,0.0,0.0,0.0,0.0,0.0,0.0,8.0,2.67,22.22,35.2,9.0,3.0,25.0,39.6,52.78,30.56,22.22,105.6,8.0,2.67,22.22,8.18,2.73,0.58,0.62,0.75,0.33,0.8,0.12,0.67,0.0,1.0,0.38,0.0,0.0,0.22,25.0,0.38
4,新北國王,28|32|10872|14038,呂政儒/奧帝/林彥廷/飛米,3,30,31.0,388.89,6.48,06:29,129.63,2.16,02:10,17.0,5.67,54.84,94.42,9.0,3.0,29.03,49.99,12.0,4.0,38.71,66.65,6.0,2.0,19.35,33.33,3.0,1.0,9.68,16.66,3.0,1.0,9.68,16.66,9.0,3.0,29.03,49.99,3.0,1.0,9.68,16.66,3.0,1.0,9.68,16.66,2.0,0.67,6.45,11.11,0.0,0.0,0.0,0.0,5.0,1.67,16.13,27.77,0.0,0.0,0.0,0.0,7.0,2.33,22.58,38.88,2.0,0.67,6.45,11.11,4.0,1.33,12.9,22.22,0.0,0.0,0.0,0.0,0.0,0.0,0.0,0.0,5.0,1.67,16.13,27.77,5.0,1.67,16.13,27.77,54.84,29.03,25.81,114.79,8.0,2.67,25.81,6.48,2.16,0.62,0.64,1.0,0.33,0.67,0.13,0.67,0.0,1.0,0.42,0.0,0.0,0.16,16.13,0.25
4,新竹御嵿攻城獅,75|80|10885|10887,高國豪/田浩/劉丞勳/德魯,1,7,9.0,98.46,1.64,01:38,98.46,1.64,01:38,5.0,5.0,55.56,109.69,2.0,2.0,22.22,43.88,3.0,3.0,33.33,65.82,1.0,1.0,11.11,21.94,3.0,3.0,33.33,65.82,1.0,1.0,11.11,21.94,0.0,0.0,0.0,0.0,0.0,0.0,0.0,0.0,4.0,4.0,44.44,87.76,3.0,3.0,33.33,65.82,1.0,1.0,11.11,21.94,1.0,1.0,11.11,21.94,0.0,0.0,0.0,0.0,1.0,1.0,11.11,21.94,0.0,0.0,0.0,0.0,0.0,0.0,0.0,0.0,0.0,0.0,0.0,0.0,0.0,0.0,0.0,0.0,1.0,1.0,11.11,21.94,0.0,0.0,0.0,0.0,55.56,22.22,33.33,131.63,3.0,3.0,33.33,1.64,1.64,0.33,0.53,0.33,,0.75,0.0,0.0,0.5,1.0,0.67,0.0,0.0,0.11,0.0,1.33
4,新竹御嵿攻城獅,75|80|10885|10888,高國豪/田浩/劉丞勳/帕塞獅,1,7,9.0,98.46,1.64,01:38,98.46,1.64,01:38,5.0,5.0,55.56,109.69,2.0,2.0,22.22,43.88,3.0,3.0,33.33,65.82,1.0,1.0,11.11,21.94,3.0,3.0,33.33,65.82,1.0,1.0,11.11,21.94,0.0,0.0,0.0,0.0,0.0,0.0,0.0,0.0,4.0,4.0,44.44,87.76,3.0,3.0,33.33,65.82,1.0,1.0,11.11,21.94,1.0,1.0,11.11,21.94,0.0,0.0,0.0,0.0,1.0,1.0,11.11,21.94,0.0,0.0,0.0,0.0,0.0,0.0,0.0,0.0,0.0,0.0,0.0,0.0,0.0,0.0,0.0,0.0,1.0,1.0,11.11,21.94,0.0,0.0,0.0,0.0,55.56,22.22,33.33,131.63,3.0,3.0,33.33,1.64,1.64,0.33,0.53,0.33,,0.75,0.0,0.0,0.5,1.0,0.67,0.0,0.0,0.11,0.0,1.33
4,新竹御嵿攻城獅,75|80|10887|10888,高國豪/田浩/德魯/帕塞獅,1,7,9.0,98.46,1.64,01:38,98.46,1.64,01:38,5.0,5.0,55.56,109.69,2.0,2.0,22.22,43.88,3.0,3.0,33.33,65.82,1.0,1.0,11.11,21.94,3.0,3.0,33.33,65.82,1.0,1.0,11.11,21.94,0.0,0.0,0.0,0.0,0.0,0.0,0.0,0.0,4.0,4.0,44.44,87.76,3.0,3.0,33.33,65.82,1.0,1.0,11.11,21.94,1.0,1.0,11.11,21.94,0.0,0.0,0.0,0.0,1.0,1.0,11.11,21.94,0.0,0.0,0.0,0.0,0.0,0.0,0.0,0.0,0.0,0.0,0.0,0.0,0.0,0.0,0.0,0.0,1.0,1.0,11.11,21.94,0.0,0.0,0.0,0.0,55.56,22.22,33.33,131.63,3.0,3.0,33.33,1.64,1.64,0.33,0.53,0.33,,0.75,0.0,0.0,0.5,1.0,0.67,0.0,0.0,0.11,0.0,1.33
4,新北國王,22|28|29|32,簡祐哲/呂政儒/林書緯/奧帝,2,11,13.0,190.46,3.17,03:10,95.23,1.59,01:35,4.0,2.0,30.77,45.37,5.0,2.5,38.46,56.71,3.0,1.5,23.08,34.02,1.0,0.5,7.69,11.34,2.0,1.0,15.38,22.68,1.0,0.5,7.69,11.34,1.0,0.5,7.69,11.34,0.0,0.0,0.0,0.0,2.0,1.0,15.38,22.68,2.0,1.0,15.38,22.68,0.0,0.0,0.0,0.0,2.0,1.0,15.38,22.68,1.0,0.5,7.69,11.34,4.0,2.0,30.77,45.37,1.0,0.5,7.69,11.34,1.0,0.5,7.69,11.34,0.0,0.0,0.0,0.0,0.0,0.0,0.0,0.0,4.0,2.0,30.77,45.37,6.0,3.0,46.15,68.05,30.77,38.46,-7.69,98.29,-1.0,-0.5,-7.69,3.17,1.59,0.33,0.52,0.5,0.0,1.0,0.2,1.0,0.0,0.67,0.29,0.0,0.0,0.31,46.15,0.67
4,新北國王,29|32|10874|14038,林書緯/奧帝/熊祥泰/飛米,5,134,155.0,2067.34,34.46,34:27,413.47,6.89,06:53,82.0,16.4,52.9,85.68,67.0,13.4,43.23,70.0,54.0,10.8,34.84,56.42,29.0,5.8,18.71,30.3,24.0,4.8,15.48,25.08,13.0,2.6,8.39,13.58,30.0,6.0,19.35,31.34,16.0,3.2,10.32,16.72,9.0,1.8,5.81,9.4,8.0,1.6,5.16,8.36,6.0,1.2,3.87,6.27,20.0,4.0,12.9,20.9,7.0,1.4,4.52,7.31,28.0,5.6,18.06,29.26,16.0,3.2,10.32,16.72,20.0,4.0,12.9,20.9,7.0,1.4,4.52,7.31,1.0,0.2,0.65,1.04,13.0,2.6,8.39,13.58,28.0,5.6,18.06,29.26,52.9,43.23,9.68,107.96,15.0,3.0,9.68,34.46,6.89,0.69,0.71,0.54,0.53,0.89,0.22,0.69,0.18,0.74,0.43,4.52,0.65,0.08,18.06,0.17
4,新北國王,29|10872|10874|14038,林書緯/林彥廷/熊祥泰/飛米,11,318,370.0,5000.84,83.35,83:21,454.62,7.58,07:35,189.0,17.18,51.08,81.63,166.0,15.09,44.86,71.7,130.0,11.82,35.14,56.15,65.0,5.91,17.57,28.08,72.0,6.55,19.46,31.1,37.0,3.36,10.0,15.98,58.0,5.27,15.68,25.05,28.0,2.55,7.57,12.09,36.0,3.27,9.73,15.55,31.0,2.82,8.38,13.39,16.0,1.45,4.32,6.91,50.0,4.55,13.51,21.6,19.0,1.73,5.14,8.21,59.0,5.36,15.95,25.48,32.0,2.91,8.65,13.82,46.0,4.18,12.43,19.87,18.0,1.64,4.86,7.77,3.0,0.27,0.81,1.3,37.0,3.36,10.0,15.98,53.0,4.82,14.32,22.89,51.08,44.86,6.22,106.54,23.0,2.09,6.22,83.35,7.58,0.61,0.65,0.51,0.48,0.86,0.18,0.71,0.21,0.72,0.46,4.86,0.81,0.1,14.32,0.28
4,新北國王,32|10872|10874|14038,奧帝/林彥廷/熊祥泰/飛米,6,171,197.0,2628.96,43.82,43:49,438.16,7.3,07:18,107.0,17.83,54.31,87.91,78.0,13.0,39.59,64.09,71.0,11.83,36.04,58.33,36.0,6.0,18.27,29.58,34.0,5.67,17.26,27.93,17.0,2.83,8.63,13.97,37.0,6.17,18.78,30.4,19.0,3.17,9.64,15.61,18.0,3.0,9.14,14.79,16.0,2.67,8.12,13.15,10.0,1.67,5.08,8.22,26.0,4.33,13.2,21.36,7.0,1.17,3.55,5.75,36.0,6.0,18.27,29.58,17.0,2.83,8.63,13.97,23.0,3.83,11.68,18.9,7.0,1.17,3.55,5.75,5.0,0.83,2.54,4.11,19.0,3.17,9.64,15.61,35.0,5.83,17.77,28.76,54.31,39.59,14.72,107.91,29.0,4.83,14.72,43.82,7.3,0.64,0.68,0.5,0.51,0.89,0.18,0.64,0.22,0.79,0.46,3.55,2.54,0.1,17.77,0.25
4,新北國王,22|29|10874|14038,簡祐哲/林書緯/熊祥泰/飛米,4,37,43.0,631.8,10.53,10:32,157.95,2.63,02:38,16.0,4.0,37.21,54.7,15.0,3.75,34.88,51.28,17.0,4.25,39.53,58.12,6.0,1.5,13.95,20.51,11.0,2.75,25.58,37.61,5.0,1.25,11.63,17.09,6.0,1.5,13.95,20.51,1.0,0.25,2.33,3.42,3.0,0.75,6.98,10.26,3.0,0.75,6.98,10.26,0.0,0.0,0.0,0.0,11.0,2.75,25.58,37.61,4.0,1.0,9.3,13.68,10.0,2.5,23.26,34.19,2.0,0.5,4.65,6.84,3.0,0.75,6.98,10.26,0.0,0.0,0.0,0.0,0.0,0.0,0.0,0.0,6.0,1.5,13.95,20.51,6.0,1.5,13.95,20.51,37.21,34.88,2.33,98.01,1.0,0.25,2.33,10.53,2.63,0.38,0.44,0.45,0.17,1.0,0.1,0.5,0.0,0.73,0.44,0.0,0.0,0.14,13.95,0.18
4,新北國王,22|10874|10875|14038,簡祐哲/熊祥泰/傑登/飛米,1,12,19.0,296.73,4.95,04:57,296.73,4.95,04:57,8.0,8.0,42.11,58.24,7.0,7.0,36.84,50.96,6.0,6.0,31.58,43.68,3.0,3.0,15.79,21.84,4.0,4.0,21.05,29.12,2.0,2.0,10.53,14.56,2.0,2.0,10.53,14.56,1.0,1.0,5.26,7.28,1.0,1.0,5.26,7.28,1.0,1.0,5.26,7.28,2.0,2.0,10.53,14.56,1.0,1.0,5.26,7.28,4.0,4.0,21.05,29.12,2.0,2.0,10.53,14.56,1.0,1.0,5.26,7.28,1.0,1.0,5.26,7.28,1.0,1.0,5.26,7.28,0.0,0.0,0.0,0.0,3.0,3.0,15.79,21.84,2.0,2.0,10.53,14.56,42.11,36.84,5.26,92.21,1.0,1.0,5.26,4.95,4.95,0.58,0.62,0.5,0.5,1.0,0.13,0.33,0.5,0.2,0.33,5.26,0.0,0.16,10.53,0.17
4,新北國王,29|10874|10875|14038,林書緯/熊祥泰/傑登/飛米,2,8,13.0,119.1,1.98,01:59,59.55,0.99,01:00,6.0,3.0,46.15,108.82,7.0,3.5,53.85,126.95,6.0,3.0,46.15,108.82,2.0,1.0,15.38,36.27,2.0,1.0,15.38,36.27,1.0,0.5,7.69,18.14,4.0,2.0,30.77,72.54,1.0,0.5,7.69,18.14,1.0,0.5,7.69,18.14,1.0,0.5,7.69,18.14,2.0,1.0,15.38,36.27,2.0,1.0,15.38,36.27,1.0,0.5,7.69,18.14,1.0,0.5,7.69,18.14,0.0,0.0,0.0,0.0,1.0,0.5,7.69,18.14,0.0,0.0,0.0,0.0,0.0,0.0,0.0,0.0,2.0,1.0,15.38,36.27,5.0,2.5,38.46,90.68,46.15,53.85,-7.69,157.18,-1.0,-0.5,-7.69,1.98,0.99,0.42,0.47,0.5,0.25,1.0,0.0,0.5,0.67,0.67,0.67,0.0,0.0,0.15,38.46,0.17
4,新北國王,22|10872|10874|14038,簡祐哲/林彥廷/熊祥泰/飛米,3,22,29.0,445.24,7.42,07:25,148.41,2.47,02:28,11.0,3.67,37.93,53.36,9.0,3.0,31.03,43.66,10.0,3.33,34.48,48.51,4.0,1.33,13.79,19.41,4.0,1.33,13.79,19.41,2.0,0.67,6.9,9.7,6.0,2.0,20.69,29.11,2.0,0.67,6.9,9.7,2.0,0.67,6.9,9.7,1.0,0.33,3.45,4.85,3.0,1.0,10.34,14.55,3.0,1.0,10.34,14.55,3.0,1.0,10.34,14.55,4.0,1.33,13.79,19.41,3.0,1.0,10.34,14.55,2.0,0.67,6.9,9.7,2.0,0.67,6.9,9.7,0.0,0.0,0.0,0.0,1.0,0.33,3.45,4.85,2.0,0.67,6.9,9.7,37.93,31.03,6.9,93.79,2.0,0.67,6.9,7.42,2.47,0.5,0.51,0.5,0.33,0.5,0.22,0.5,0.43,0.5,0.46,6.9,0.0,0.03,6.9,0.2
4,新北國王,10872|10874|10875|14038,林彥廷/熊祥泰/傑登/飛米,2,29,41.0,552.67,9.21,09:13,276.33,4.61,04:36,14.0,7.0,34.15,54.72,17.0,8.5,41.46,66.44,17.0,8.5,41.46,66.44,6.0,3.0,14.63,23.45,11.0,5.5,26.83,42.99,4.0,2.0,9.76,15.63,6.0,3.0,14.63,23.45,2.0,1.0,4.88,7.82,3.0,1.5,7.32,11.72,2.0,1.0,4.88,7.82,4.0,2.0,9.76,15.63,7.0,3.5,17.07,27.36,5.0,2.5,12.2,19.54,3.0,1.5,7.32,11.72,2.0,1.0,4.88,7.82,3.0,1.5,7.32,11.72,1.0,0.5,2.44,3.91,0.0,0.0,0.0,0.0,2.0,1.0,4.88,7.82,5.0,2.5,12.2,19.54,34.15,41.46,-7.32,106.83,-3.0,-1.5,-7.32,9.21,4.61,0.41,0.38,0.36,0.33,0.67,0.1,0.5,0.57,0.58,0.58,2.44,0.0,0.05,12.2,0.18
4,新北國王,22|32|10874|14038,簡祐哲/奧帝/熊祥泰/飛米,2,5,6.0,85.36,1.42,01:25,42.68,0.71,00:43,6.0,3.0,100.0,151.83,3.0,1.5,50.0,75.92,3.0,1.5,50.0,75.92,2.0,1.0,33.33,50.61,1.0,0.5,16.67,25.31,1.0,0.5,16.67,25.31,2.0,1.0,33.33,50.61,1.0,0.5,16.67,25.31,2.0,1.0,33.33,50.61,1.0,0.5,16.67,25.31,1.0,0.5,16.67,25.31,0.0,0.0,0.0,0.0,0.0,0.0,0.0,0.0,1.0,0.5,16.67,25.31,0.0,0.0,0.0,0.0,1.0,0.5,16.67,25.31,0.0,0.0,0.0,0.0,0.0,0.0,0.0,0.0,0.0,0.0,0.0,0.0,0.0,0.0,0.0,0.0,100.0,50.0,50.0,101.22,3.0,1.5,50.0,1.42,0.71,0.83,0.77,1.0,0.5,0.5,0.0,0.5,0.5,,0.5,0.0,0.0,0.0,0.0,0.67
4,新北國王,22|28|29|14303,簡祐哲/呂政儒/林書緯/喬丹,3,75,97.0,1981.79,33.03,33:02,660.6,11.01,11:01,38.0,12.67,39.18,41.42,48.0,16.0,49.48,52.32,37.0,12.33,38.14,40.33,16.0,5.33,16.49,17.44,24.0,8.0,24.74,26.16,12.0,4.0,12.37,13.08,13.0,4.33,13.4,14.17,4.0,1.33,4.12,4.36,4.0,1.33,4.12,4.36,2.0,0.67,2.06,2.18,6.0,2.0,6.19,6.54,16.0,5.33,16.49,17.44,13.0,4.33,13.4,14.17,11.0,3.67,11.34,11.99,3.0,1.0,3.09,3.27,9.0,3.0,9.28,9.81,3.0,1.0,3.09,3.27,0.0,0.0,0.0,0.0,5.0,1.67,5.15,5.45,8.0,2.67,8.25,8.72,39.18,49.48,-10.31,70.48,-10.0,-3.33,-10.31,33.03,11.01,0.49,0.49,0.5,0.31,0.5,0.07,0.56,0.35,0.55,0.48,3.09,0.0,0.05,8.25,0.11
4,新北國王,22|28|14038|14303,簡祐哲/呂政儒/飛米/喬丹,3,75,97.0,1981.79,33.03,33:02,660.6,11.01,11:01,38.0,12.67,39.18,41.42,48.0,16.0,49.48,52.32,37.0,12.33,38.14,40.33,16.0,5.33,16.49,17.44,24.0,8.0,24.74,26.16,12.0,4.0,12.37,13.08,13.0,4.33,13.4,14.17,4.0,1.33,4.12,4.36,4.0,1.33,4.12,4.36,2.0,0.67,2.06,2.18,6.0,2.0,6.19,6.54,16.0,5.33,16.49,17.44,13.0,4.33,13.4,14.17,11.0,3.67,11.34,11.99,3.0,1.0,3.09,3.27,9.0,3.0,9.28,9.81,3.0,1.0,3.09,3.27,0.0,0.0,0.0,0.0,5.0,1.67,5.15,5.45,8.0,2.67,8.25,8.72,39.18,49.48,-10.31,70.48,-10.0,-3.33,-10.31,33.03,11.01,0.49,0.49,0.5,0.31,0.5,0.07,0.56,0.35,0.55,0.48,3.09,0.0,0.05,8.25,0.11
4,新北國王,22|29|14038|14303,簡祐哲/林書緯/飛米/喬丹,3,108,134.0,2545.51,42.43,42:26,848.5,14.14,14:09,49.0,16.33,36.57,41.58,61.0,20.33,45.52,51.76,52.0,17.33,38.81,44.12,20.0,6.67,14.93,16.97,33.0,11.0,24.63,28.0,15.0,5.0,11.19,12.73,19.0,6.33,14.18,16.12,5.0,1.67,3.73,4.24,6.0,2.0,4.48,5.09,4.0,1.33,2.99,3.39,6.0,2.0,4.48,5.09,27.0,9.0,20.15,22.91,16.0,5.33,11.94,13.58,20.0,6.67,14.93,16.97,5.0,1.67,3.73,4.24,12.0,4.0,8.96,10.18,3.0,1.0,2.24,2.55,0.0,0.0,0.0,0.0,9.0,3.0,6.72,7.64,12.0,4.0,8.96,10.18,36.57,45.52,-8.96,75.8,-12.0,-4.0,-8.96,42.43,14.14,0.43,0.45,0.45,0.26,0.67,0.08,0.6,0.23,0.63,0.48,2.24,0.0,0.07,8.96,0.12
4,新北國王,28|29|14038|14303,呂政儒/林書緯/飛米/喬丹,5,144,176.0,3126.17,52.1,52:06,625.23,10.42,10:25,74.0,14.8,42.05,51.13,87.0,17.4,49.43,60.11,66.0,13.2,37.5,45.6,30.0,6.0,17.05,20.73,39.0,7.8,22.16,26.95,21.0,4.2,11.93,14.51,27.0,5.4,15.34,18.66,9.0,1.8,5.11,6.22,9.0,1.8,5.11,6.22,5.0,1.0,2.84,3.45,9.0,1.8,5.11,6.22,29.0,5.8,16.48,20.04,16.0,3.2,9.09,11.06,22.0,4.4,12.5,15.2,11.0,2.2,6.25,7.6,19.0,3.8,10.8,13.13,9.0,1.8,5.11,6.22,0.0,0.0,0.0,0.0,11.0,2.2,6.25,7.6,11.0,2.2,6.25,7.6,42.05,49.43,-7.39,81.07,-13.0,-2.6,-7.39,52.1,10.42,0.52,0.53,0.54,0.33,0.56,0.14,0.63,0.29,0.64,0.5,5.11,0.0,0.06,6.25,0.14
4,新北國王,28|29|10872|14303,呂政儒/林書緯/林彥廷/喬丹,5,66,78.0,1124.01,18.73,18:44,224.8,3.75,03:45,35.0,7.0,44.87,67.26,34.0,6.8,43.59,65.34,33.0,6.6,42.31,63.42,15.0,3.0,19.23,28.83,22.0,4.4,28.21,42.28,12.0,2.4,15.38,23.06,11.0,2.2,14.1,21.14,3.0,0.6,3.85,5.77,2.0,0.4,2.56,3.84,2.0,0.4,2.56,3.84,6.0,1.2,7.69,11.53,12.0,2.4,15.38,23.06,5.0,1.0,6.41,9.61,12.0,2.4,15.38,23.06,6.0,1.2,7.69,11.53,9.0,1.8,11.54,17.3,5.0,1.0,6.41,9.61,2.0,0.4,2.56,3.84,6.0,1.2,7.69,11.53,3.0,0.6,3.85,5.77,44.87,43.59,1.28,99.93,1.0,0.2,1.28,18.73,3.75,0.5,0.52,0.55,0.27,1.0,0.15,0.6,0.33,0.71,0.51,6.41,2.56,0.08,3.85,0.06
4,新北國王,28|10872|14038|14303,呂政儒/林彥廷/飛米/喬丹,4,44,50.0,760.46,12.67,12:40,190.12,3.17,03:10,25.0,6.25,50.0,71.01,25.0,6.25,50.0,71.01,19.0,4.75,38.0,53.97,10.0,2.5,20.0,28.4,10.0,2.5,20.0,28.4,7.0,1.75,14.0,19.88,9.0,2.25,18.0,25.56,3.0,0.75,6.0,8.52,2.0,0.5,4.0,5.68,2.0,0.5,4.0,5.68,2.0,0.5,4.0,5.68,8.0,2.0,16.0,22.72,3.0,0.75,6.0,8.52,8.0,2.0,16.0,22.72,5.0,1.25,10.0,14.2,6.0,1.5,12.0,17.04,4.0,1.0,8.0,11.36,0.0,0.0,0.0,0.0,3.0,0.75,6.0,8.52,0.0,0.0,0.0,0.0,50.0,50.0,0.0,94.68,0.0,0.0,0.0,12.67,3.17,0.61,0.63,0.7,0.33,1.0,0.2,0.6,0.2,0.73,0.48,8.0,0.0,0.06,0.0,0.11
4,新北國王,29|10872|14038|14303,林書緯/林彥廷/飛米/喬丹,5,191,213.0,3137.74,52.3,52:18,627.55,10.46,10:28,129.0,25.8,60.56,88.8,98.0,19.6,46.01,67.46,82.0,16.4,38.5,56.45,46.0,9.2,21.6,31.67,41.0,8.2,19.25,28.22,26.0,5.2,12.21,17.9,41.0,8.2,19.25,28.22,20.0,4.0,9.39,13.77,19.0,3.8,8.92,13.08,17.0,3.4,7.98,11.7,8.0,1.6,3.76,5.51,28.0,5.6,13.15,19.28,11.0,2.2,5.16,7.57,39.0,7.8,18.31,26.85,13.0,2.6,6.1,8.95,31.0,6.2,14.55,21.34,9.0,1.8,4.23,6.2,2.0,0.4,0.94,1.38,20.0,4.0,9.39,13.77,23.0,4.6,10.8,15.83,60.56,46.01,14.55,97.75,31.0,6.2,14.55,52.3,10.46,0.68,0.71,0.63,0.49,0.89,0.13,0.67,0.17,0.72,0.42,4.23,0.94,0.09,10.8,0.23
4,新北國王,29|10872|10874|14303,林書緯/林彥廷/熊祥泰/喬丹,5,133,150.0,2150.42,35.84,35:50,430.08,7.17,07:10,89.0,17.8,59.33,89.4,74.0,14.8,49.33,74.33,56.0,11.2,37.33,56.25,31.0,6.2,20.67,31.14,31.0,6.2,20.67,31.14,18.0,3.6,12.0,18.08,25.0,5.0,16.67,25.11,13.0,2.6,8.67,13.06,15.0,3.0,10.0,15.07,14.0,2.8,9.33,14.06,8.0,1.6,5.33,8.04,17.0,3.4,11.33,17.08,6.0,1.2,4.0,6.03,27.0,5.4,18.0,27.12,11.0,2.2,7.33,11.05,22.0,4.4,14.67,22.1,7.0,1.4,4.67,7.03,2.0,0.4,1.33,2.01,16.0,3.2,10.67,16.07,25.0,5.0,16.67,25.11,59.33,49.33,10.0,100.45,15.0,3.0,10.0,35.84,7.17,0.67,0.71,0.58,0.52,0.93,0.15,0.71,0.23,0.74,0.43,4.67,1.33,0.11,16.67,0.27
4,新北國王,29|10874|14038|14303,林書緯/熊祥泰/飛米/喬丹,5,184,212.0,2935.06,48.92,48:55,587.01,9.78,09:47,99.0,19.8,46.7,72.86,89.0,17.8,41.98,65.5,75.0,15.0,35.38,55.19,33.0,6.6,15.57,24.29,42.0,8.4,19.81,30.91,18.0,3.6,8.49,13.25,33.0,6.6,15.57,24.29,15.0,3.0,7.08,11.04,22.0,4.4,10.38,16.19,18.0,3.6,8.49,13.25,9.0,1.8,4.25,6.62,33.0,6.6,15.57,24.29,13.0,2.6,6.13,9.57,38.0,7.6,17.92,27.97,17.0,3.4,8.02,12.51,26.0,5.2,12.26,19.13,11.0,2.2,5.19,8.1,3.0,0.6,1.42,2.21,19.0,3.8,8.96,13.98,35.0,7.0,16.51,25.76,46.7,41.98,4.72,104.01,10.0,2.0,4.72,48.92,9.78,0.54,0.58,0.43,0.45,0.82,0.17,0.79,0.19,0.72,0.45,5.19,1.42,0.09,16.51,0.29
4,新北國王,10872|10874|14038|14303,林彥廷/熊祥泰/飛米/喬丹,5,129,152.0,2085.91,34.77,34:46,417.18,6.95,06:57,81.0,16.2,53.29,83.88,64.0,12.8,42.11,66.27,56.0,11.2,36.84,57.99,27.0,5.4,17.76,27.96,28.0,5.6,18.42,28.99,15.0,3.0,9.87,15.53,28.0,5.6,18.42,28.99,12.0,2.4,7.89,12.43,14.0,2.8,9.21,14.5,13.0,2.6,8.55,13.46,10.0,2.0,6.58,10.36,19.0,3.8,12.5,19.67,8.0,1.6,5.26,8.28,26.0,5.2,17.11,26.92,11.0,2.2,7.24,11.39,20.0,4.0,13.16,20.71,7.0,1.4,4.61,7.25,2.0,0.4,1.32,2.07,12.0,2.4,7.89,12.43,22.0,4.4,14.47,22.78,53.29,42.11,11.18,104.93,17.0,3.4,11.18,34.77,6.95,0.59,0.65,0.54,0.43,0.93,0.15,0.74,0.28,0.7,0.46,4.61,1.32,0.08,14.47,0.25
4,新北國王,22|32|10872|14303,簡祐哲/奧帝/林彥廷/喬丹,2,40,48.0,680.33,11.34,11:20,340.16,5.67,05:40,28.0,14.0,58.33,88.9,22.0,11.0,45.83,69.85,18.0,9.0,37.5,57.15,10.0,5.0,20.83,31.75,7.0,3.5,14.58,22.22,5.0,2.5,10.42,15.87,11.0,5.5,22.92,34.92,5.0,2.5,10.42,15.87,3.0,1.5,6.25,9.52,3.0,1.5,6.25,9.52,1.0,0.5,2.08,3.17,6.0,3.0,12.5,19.05,7.0,3.5,14.58,22.22,6.0,3.0,12.5,19.05,1.0,0.5,2.08,3.17,7.0,3.5,14.58,22.22,0.0,0.0,0.0,0.0,1.0,0.5,2.08,3.17,2.0,1.0,4.17,6.35,5.0,2.5,10.42,15.87,58.33,45.83,12.5,101.6,6.0,3.0,12.5,11.34,5.67,0.69,0.72,0.71,0.45,1.0,0.05,0.7,0.14,0.46,0.35,0.0,2.08,0.04,10.42,0.17
4,新北國王,22|32|10874|14303,簡祐哲/奧帝/熊祥泰/喬丹,1,5,6.0,107.0,1.78,01:47,107.0,1.78,01:47,4.0,4.0,66.67,80.75,1.0,1.0,16.67,20.19,3.0,3.0,50.0,60.56,2.0,2.0,33.33,40.37,2.0,2.0,33.33,40.37,2.0,2.0,33.33,40.37,1.0,1.0,16.67,20.19,0.0,0.0,0.0,0.0,0.0,0.0,0.0,0.0,0.0,0.0,0.0,0.0,0.0,0.0,0.0,0.0,1.0,1.0,16.67,20.19,1.0,1.0,16.67,20.19,2.0,2.0,33.33,40.37,0.0,0.0,0.0,0.0,1.0,1.0,16.67,20.19,0.0,0.0,0.0,0.0,0.0,0.0,0.0,0.0,0.0,0.0,0.0,0.0,2.0,2.0,33.33,40.37,66.67,16.67,50.0,80.75,3.0,3.0,50.0,1.78,1.78,0.67,0.67,1.0,0.0,,0.0,0.5,0.0,0.5,0.25,0.0,0.0,0.0,33.33,0.0
4,新北國王,22|10872|10874|14303,簡祐哲/林彥廷/熊祥泰/喬丹,1,13,15.0,215.23,3.59,03:35,215.23,3.59,03:35,4.0,4.0,26.67,40.14,2.0,2.0,13.33,20.07,5.0,5.0,33.33,50.18,2.0,2.0,13.33,20.07,2.0,2.0,13.33,20.07,2.0,2.0,13.33,20.07,3.0,3.0,20.0,30.11,0.0,0.0,0.0,0.0,0.0,0.0,0.0,0.0,0.0,0.0,0.0,0.0,0.0,0.0,0.0,0.0,3.0,3.0,20.0,30.11,1.0,1.0,6.67,10.04,4.0,4.0,26.67,40.14,2.0,2.0,13.33,20.07,1.0,1.0,6.67,10.04,1.0,1.0,6.67,10.04,0.0,0.0,0.0,0.0,0.0,0.0,0.0,0.0,4.0,4.0,26.67,40.14,26.67,13.33,13.33,100.36,2.0,2.0,13.33,3.59,3.59,0.4,0.4,1.0,0.0,,0.29,0.5,0.0,0.75,0.38,6.67,0.0,0.0,26.67,0.0
4,新北國王,32|10872|10874|14303,奧帝/林彥廷/熊祥泰/喬丹,3,32,35.0,535.61,8.93,08:56,178.54,2.98,02:59,27.0,9.0,77.14,108.88,20.0,6.67,57.14,80.65,15.0,5.0,42.86,60.49,10.0,3.33,28.57,40.33,9.0,3.0,25.71,36.29,6.0,2.0,17.14,24.2,6.0,2.0,17.14,24.2,4.0,1.33,11.43,16.13,5.0,1.67,14.29,20.16,3.0,1.0,8.57,12.1,1.0,0.33,2.86,4.03,5.0,1.67,14.29,20.16,1.0,0.33,2.86,4.03,6.0,2.0,17.14,24.2,0.0,0.0,0.0,0.0,7.0,2.33,20.0,28.23,0.0,0.0,0.0,0.0,0.0,0.0,0.0,0.0,7.0,2.33,20.0,28.23,8.0,2.67,22.86,32.26,77.14,57.14,20.0,94.1,7.0,2.33,20.0,8.93,2.98,0.8,0.78,0.67,0.67,0.6,0.0,0.7,0.14,0.83,0.46,0.0,0.0,0.2,22.86,0.33
4,福爾摩沙夢想家,77|83|99|13906,馬建豪/吳家駿/盧冠良/班提爾,1,4,5.0,66.23,1.1,01:06,66.23,1.1,01:06,2.0,2.0,40.0,65.22,2.0,2.0,40.0,65.22,1.0,1.0,20.0,32.61,0.0,0.0,0.0,0.0,0.0,0.0,0.0,0.0,0.0,0.0,0.0,0.0,1.0,1.0,20.0,32.61,0.0,0.0,0.0,0.0,4.0,4.0,80.0,130.45,2.0,2.0,40.0,65.22,0.0,0.0,0.0,0.0,1.0,1.0,20.0,32.61,0.0,0.0,0.0,0.0,1.0,1.0,20.0,32.61,0.0,0.0,0.0,0.0,0.0,0.0,0.0,0.0,0.0,0.0,0.0,0.0,0.0,0.0,0.0,0.0,1.0,1.0,20.0,32.61,0.0,0.0,0.0,0.0,40.0,40.0,0.0,108.71,0.0,0.0,0.0,1.1,1.1,0.0,0.36,,0.0,0.5,0.0,,0.0,1.0,0.5,0.0,0.0,0.2,0.0,4.0
4,福爾摩沙夢想家,83|99|13777|13906,吳家駿/盧冠良/布依德/班提爾,1,4,5.0,66.23,1.1,01:06,66.23,1.1,01:06,2.0,2.0,40.0,65.22,2.0,2.0,40.0,65.22,1.0,1.0,20.0,32.61,0.0,0.0,0.0,0.0,0.0,0.0,0.0,0.0,0.0,0.0,0.0,0.0,1.0,1.0,20.0,32.61,0.0,0.0,0.0,0.0,4.0,4.0,80.0,130.45,2.0,2.0,40.0,65.22,0.0,0.0,0.0,0.0,1.0,1.0,20.0,32.61,0.0,0.0,0.0,0.0,1.0,1.0,20.0,32.61,0.0,0.0,0.0,0.0,0.0,0.0,0.0,0.0,0.0,0.0,0.0,0.0,0.0,0.0,0.0,0.0,1.0,1.0,20.0,32.61,0.0,0.0,0.0,0.0,40.0,40.0,0.0,108.71,0.0,0.0,0.0,1.1,1.1,0.0,0.36,,0.0,0.5,0.0,,0.0,1.0,0.5,0.0,0.0,0.2,0.0,4.0
4,新北國王,22|10872|14038|14303,簡祐哲/林彥廷/飛米/喬丹,1,8,9.0,108.23,1.8,01:48,108.23,1.8,01:48,0.0,0.0,0.0,0.0,1.0,1.0,11.11,19.96,2.0,2.0,22.22,39.91,0.0,0.0,0.0,0.0,0.0,0.0,0.0,0.0,0.0,0.0,0.0,0.0,2.0,2.0,22.22,39.91,0.0,0.0,0.0,0.0,0.0,0.0,0.0,0.0,0.0,0.0,0.0,0.0,0.0,0.0,0.0,0.0,2.0,2.0,22.22,39.91,0.0,0.0,0.0,0.0,2.0,2.0,22.22,39.91,2.0,2.0,22.22,39.91,0.0,0.0,0.0,0.0,1.0,1.0,11.11,19.96,0.0,0.0,0.0,0.0,0.0,0.0,0.0,0.0,2.0,2.0,22.22,39.91,0.0,11.11,-11.11,119.74,-1.0,-1.0,-11.11,1.8,1.8,0.0,0.0,,0.0,,0.5,,0.0,1.0,0.5,11.11,0.0,0.0,22.22,0.0
4,新北國王,22|10874|14038|14303,簡祐哲/熊祥泰/飛米/喬丹,2,41,46.0,671.96,11.2,11:12,335.98,5.6,05:36,11.0,5.5,23.91,35.36,14.0,7.0,30.43,45.0,17.0,8.5,36.96,54.65,4.0,2.0,8.7,12.86,9.0,4.5,19.57,28.93,3.0,1.5,6.52,9.64,8.0,4.0,17.39,25.72,1.0,0.5,2.17,3.21,2.0,1.0,4.35,6.43,2.0,1.0,4.35,6.43,0.0,0.0,0.0,0.0,13.0,6.5,28.26,41.79,3.0,1.5,6.52,9.64,11.0,5.5,23.91,35.36,4.0,2.0,8.7,12.86,3.0,1.5,6.52,9.64,1.0,0.5,2.17,3.21,0.0,0.0,0.0,0.0,4.0,2.0,8.7,12.86,6.0,3.0,13.04,19.29,23.91,30.43,-6.52,98.58,-3.0,-1.5,-6.52,11.2,5.6,0.26,0.31,0.33,0.12,1.0,0.18,0.75,0.0,0.81,0.48,2.17,0.0,0.09,13.04,0.12
4,新北國王,22|29|10874|14303,簡祐哲/林書緯/熊祥泰/喬丹,2,33,37.0,563.72,9.4,09:24,281.86,4.7,04:42,11.0,5.5,29.73,42.15,13.0,6.5,35.14,49.81,15.0,7.5,40.54,57.48,4.0,2.0,10.81,15.33,9.0,4.5,24.32,34.49,3.0,1.5,8.11,11.5,6.0,3.0,16.22,22.99,1.0,0.5,2.7,3.83,2.0,1.0,5.41,7.66,2.0,1.0,5.41,7.66,0.0,0.0,0.0,0.0,11.0,5.5,29.73,42.15,3.0,1.5,8.11,11.5,9.0,4.5,24.32,34.49,2.0,1.0,5.41,7.66,3.0,1.5,8.11,11.5,0.0,0.0,0.0,0.0,0.0,0.0,0.0,0.0,4.0,2.0,10.81,15.33,4.0,2.0,10.81,15.33,29.73,35.14,-5.41,94.51,-2.0,-1.0,-5.41,9.4,4.7,0.3,0.35,0.33,0.17,1.0,0.11,0.75,0.0,0.79,0.48,0.0,0.0,0.11,10.81,0.13
4,新北國王,22|29|32|14303,簡祐哲/林書緯/奧帝/喬丹,2,21,28.0,404.74,6.75,06:45,202.37,3.37,03:22,14.0,7.0,50.0,74.71,11.0,5.5,39.29,58.7,11.0,5.5,39.29,58.7,5.0,2.5,17.86,26.68,3.0,1.5,10.71,16.01,1.0,0.5,3.57,5.34,8.0,4.0,28.57,42.69,4.0,2.0,14.29,21.35,0.0,0.0,0.0,0.0,0.0,0.0,0.0,0.0,1.0,0.5,3.57,5.34,5.0,2.5,17.86,26.68,6.0,3.0,21.43,32.02,4.0,2.0,14.29,21.35,0.0,0.0,0.0,0.0,3.0,1.5,10.71,16.01,0.0,0.0,0.0,0.0,1.0,0.5,3.57,5.34,0.0,0.0,0.0,0.0,2.0,1.0,7.14,10.67,50.0,39.29,10.71,99.62,3.0,1.5,10.71,6.75,3.37,0.64,0.64,0.33,0.5,,0.0,0.6,0.2,0.45,0.38,0.0,3.57,0.0,7.14,0.0
4,新北國王,22|29|10872|14303,簡祐哲/林書緯/林彥廷/喬丹,2,21,28.0,404.74,6.75,06:45,202.37,3.37,03:22,14.0,7.0,50.0,74.71,11.0,5.5,39.29,58.7,11.0,5.5,39.29,58.7,5.0,2.5,17.86,26.68,3.0,1.5,10.71,16.01,1.0,0.5,3.57,5.34,8.0,4.0,28.57,42.69,4.0,2.0,14.29,21.35,0.0,0.0,0.0,0.0,0.0,0.0,0.0,0.0,1.0,0.5,3.57,5.34,5.0,2.5,17.86,26.68,6.0,3.0,21.43,32.02,4.0,2.0,14.29,21.35,0.0,0.0,0.0,0.0,3.0,1.5,10.71,16.01,0.0,0.0,0.0,0.0,1.0,0.5,3.57,5.34,0.0,0.0,0.0,0.0,2.0,1.0,7.14,10.67,50.0,39.29,10.71,99.62,3.0,1.5,10.71,6.75,3.37,0.64,0.64,0.33,0.5,,0.0,0.6,0.2,0.45,0.38,0.0,3.57,0.0,7.14,0.0
4,新北國王,29|32|10872|14303,林書緯/奧帝/林彥廷/喬丹,2,44,51.0,794.46,13.24,13:14,397.23,6.62,06:37,26.0,13.0,50.98,70.69,27.0,13.5,52.94,73.41,21.0,10.5,41.18,57.1,10.0,5.0,19.61,27.19,9.0,4.5,17.65,24.47,4.0,2.0,7.84,10.88,12.0,6.0,23.53,32.63,6.0,3.0,11.76,16.31,0.0,0.0,0.0,0.0,0.0,0.0,0.0,0.0,1.0,0.5,1.96,2.72,10.0,5.0,19.61,27.19,6.0,3.0,11.76,16.31,8.0,4.0,15.69,21.75,1.0,0.5,1.96,2.72,7.0,3.5,13.73,19.03,1.0,0.5,1.96,2.72,1.0,0.5,1.96,2.72,3.0,1.5,5.88,8.16,6.0,3.0,11.76,16.31,50.98,52.94,-1.96,92.44,-1.0,-0.5,-1.96,13.24,6.62,0.62,0.62,0.44,0.5,,0.05,0.7,0.11,0.62,0.44,1.96,1.96,0.06,11.76,0.0
4,福爾摩沙夢想家,79|83|106|13777,張宗憲/吳家駿/高柏鎧/布依德,1,7,7.0,115.67,1.93,01:56,115.67,1.93,01:56,5.0,5.0,71.43,93.37,9.0,9.0,128.57,168.06,3.0,3.0,42.86,56.02,2.0,2.0,28.57,37.35,2.0,2.0,28.57,37.35,1.0,1.0,14.29,18.67,1.0,1.0,14.29,18.67,1.0,1.0,14.29,18.67,2.0,2.0,28.57,37.35,0.0,0.0,0.0,0.0,0.0,0.0,0.0,0.0,2.0,2.0,28.57,37.35,0.0,0.0,0.0,0.0,0.0,0.0,0.0,0.0,0.0,0.0,0.0,0.0,2.0,2.0,28.57,37.35,0.0,0.0,0.0,0.0,0.0,0.0,0.0,0.0,1.0,1.0,14.29,18.67,0.0,0.0,0.0,0.0,71.43,128.57,-57.14,87.14,-4.0,-4.0,-57.14,1.93,1.93,0.83,0.64,0.5,1.0,0.0,0.0,1.0,,1.0,1.0,0.0,0.0,0.14,0.0,0.67
4,新北國王,29|10872|10873|14038,林書緯/林彥廷/喬納森/飛米,5,51,55.0,848.63,14.14,14:09,169.73,2.83,02:50,34.0,6.8,61.82,86.54,30.0,6.0,54.55,76.36,21.0,4.2,38.18,53.45,12.0,2.4,21.82,30.54,6.0,1.2,10.91,15.27,3.0,0.6,5.45,7.64,15.0,3.0,27.27,38.18,9.0,1.8,16.36,22.91,2.0,0.4,3.64,5.09,1.0,0.2,1.82,2.55,1.0,0.2,1.82,2.55,7.0,1.4,12.73,17.82,3.0,0.6,5.45,7.64,10.0,2.0,18.18,25.45,3.0,0.6,5.45,7.64,8.0,1.6,14.55,20.36,2.0,0.4,3.64,5.09,0.0,0.0,0.0,0.0,5.0,1.0,9.09,12.73,6.0,1.2,10.91,15.27,61.82,54.55,7.27,93.33,4.0,0.8,7.27,14.14,2.83,0.79,0.78,0.5,0.6,0.5,0.12,0.67,0.09,0.7,0.38,3.64,0.0,0.09,10.91,0.1
4,新北國王,29|10872|10873|14303,林書緯/林彥廷/喬納森/喬丹,3,50,54.0,788.31,13.14,13:08,262.77,4.38,04:23,40.0,13.33,74.07,109.6,21.0,7.0,38.89,57.54,23.0,7.67,42.59,63.02,15.0,5.0,27.78,41.1,10.0,3.33,18.52,27.4,7.0,2.33,12.96,19.18,13.0,4.33,24.07,35.62,8.0,2.67,14.81,21.92,5.0,1.67,9.26,13.7,2.0,0.67,3.7,5.48,1.0,0.33,1.85,2.74,8.0,2.67,14.81,21.92,3.0,1.0,5.56,8.22,11.0,3.67,20.37,30.14,0.0,0.0,0.0,0.0,8.0,2.67,14.81,21.92,0.0,0.0,0.0,0.0,0.0,0.0,0.0,0.0,5.0,1.67,9.26,13.7,4.0,1.33,7.41,10.96,74.07,38.89,35.19,98.64,19.0,6.33,35.19,13.14,4.38,0.83,0.79,0.7,0.62,0.4,0.0,0.53,0.08,0.73,0.39,0.0,0.0,0.09,7.41,0.22
4,新北國王,29|10873|14038|14303,林書緯/喬納森/飛米/喬丹,5,57,64.0,876.94,14.62,14:37,175.39,2.92,02:55,27.0,5.4,42.19,66.5,29.0,5.8,45.31,71.43,23.0,4.6,35.94,56.65,10.0,2.0,15.62,24.63,10.0,2.0,15.62,24.63,4.0,0.8,6.25,9.85,13.0,2.6,20.31,32.02,6.0,1.2,9.38,14.78,2.0,0.4,3.12,4.93,1.0,0.2,1.56,2.46,3.0,0.6,4.69,7.39,9.0,1.8,14.06,22.17,2.0,0.4,3.12,4.93,11.0,2.2,17.19,27.09,5.0,1.0,7.81,12.32,7.0,1.4,10.94,17.24,4.0,0.8,6.25,9.85,0.0,0.0,0.0,0.0,6.0,1.2,9.38,14.78,12.0,2.4,18.75,29.56,42.19,45.31,-3.12,105.09,-2.0,-0.4,-3.12,14.62,2.92,0.57,0.57,0.4,0.46,0.5,0.17,0.7,0.21,0.82,0.48,6.25,0.0,0.09,18.75,0.09
4,新北國王,10872|10873|14038|14303,林彥廷/喬納森/飛米/喬丹,4,48,57.0,768.96,12.82,12:49,192.24,3.2,03:12,34.0,8.5,59.65,95.5,25.0,6.25,43.86,70.22,23.0,5.75,40.35,64.61,12.0,3.0,21.05,33.71,9.0,2.25,15.79,25.28,5.0,1.25,8.77,14.04,14.0,3.5,24.56,39.33,7.0,1.75,12.28,19.66,2.0,0.5,3.51,5.62,1.0,0.25,1.75,2.81,4.0,1.0,7.02,11.24,6.0,1.5,10.53,16.85,4.0,1.0,7.02,11.24,9.0,2.25,15.79,25.28,1.0,0.25,1.75,2.81,8.0,2.0,14.04,22.47,1.0,0.25,1.75,2.81,0.0,0.0,0.0,0.0,5.0,1.25,8.77,14.04,7.0,1.75,12.28,19.66,59.65,43.86,15.79,106.74,9.0,2.25,15.79,12.82,3.2,0.67,0.71,0.56,0.5,0.5,0.04,0.67,0.31,0.6,0.43,1.75,0.0,0.09,12.28,0.09
4,福爾摩沙夢想家,79|83|103|13906,張宗憲/吳家駿/忻沃克/班提爾,1,7,7.0,99.33,1.66,01:39,99.33,1.66,01:39,0.0,0.0,0.0,0.0,3.0,3.0,42.86,65.24,2.0,2.0,28.57,43.49,0.0,0.0,0.0,0.0,1.0,1.0,14.29,21.75,0.0,0.0,0.0,0.0,1.0,1.0,14.29,21.75,0.0,0.0,0.0,0.0,0.0,0.0,0.0,0.0,0.0,0.0,0.0,0.0,0.0,0.0,0.0,0.0,2.0,2.0,28.57,43.49,0.0,0.0,0.0,0.0,1.0,1.0,14.29,21.75,1.0,1.0,14.29,21.75,0.0,0.0,0.0,0.0,1.0,1.0,14.29,21.75,0.0,0.0,0.0,0.0,1.0,1.0,14.29,21.75,2.0,2.0,28.57,43.49,0.0,42.86,-42.86,101.48,-3.0,-3.0,-42.86,1.66,1.66,0.0,0.0,0.0,0.0,,0.33,,0.0,1.0,0.67,14.29,0.0,0.14,28.57,0.0
4,福爾摩沙夢想家,79|83|13777|13906,張宗憲/吳家駿/布依德/班提爾,1,7,7.0,99.33,1.66,01:39,99.33,1.66,01:39,0.0,0.0,0.0,0.0,3.0,3.0,42.86,65.24,2.0,2.0,28.57,43.49,0.0,0.0,0.0,0.0,1.0,1.0,14.29,21.75,0.0,0.0,0.0,0.0,1.0,1.0,14.29,21.75,0.0,0.0,0.0,0.0,0.0,0.0,0.0,0.0,0.0,0.0,0.0,0.0,0.0,0.0,0.0,0.0,2.0,2.0,28.57,43.49,0.0,0.0,0.0,0.0,1.0,1.0,14.29,21.75,1.0,1.0,14.29,21.75,0.0,0.0,0.0,0.0,1.0,1.0,14.29,21.75,0.0,0.0,0.0,0.0,1.0,1.0,14.29,21.75,2.0,2.0,28.57,43.49,0.0,42.86,-42.86,101.48,-3.0,-3.0,-42.86,1.66,1.66,0.0,0.0,0.0,0.0,,0.33,,0.0,1.0,0.67,14.29,0.0,0.14,28.57,0.0
4,新北國王,29|32|10874|14303,林書緯/奧帝/熊祥泰/喬丹,1,8,8.0,133.31,2.22,02:13,133.31,2.22,02:13,5.0,5.0,62.5,81.01,9.0,9.0,112.5,145.82,3.0,3.0,37.5,48.61,2.0,2.0,25.0,32.41,1.0,1.0,12.5,16.2,1.0,1.0,12.5,16.2,2.0,2.0,25.0,32.41,1.0,1.0,12.5,16.2,0.0,0.0,0.0,0.0,0.0,0.0,0.0,0.0,0.0,0.0,0.0,0.0,1.0,1.0,12.5,16.2,0.0,0.0,0.0,0.0,1.0,1.0,12.5,16.2,0.0,0.0,0.0,0.0,2.0,2.0,25.0,32.41,0.0,0.0,0.0,0.0,0.0,0.0,0.0,0.0,3.0,3.0,37.5,48.61,4.0,4.0,50.0,64.81,62.5,112.5,-50.0,86.41,-4.0,-4.0,-50.0,2.22,2.22,0.83,0.83,1.0,0.5,,0.0,1.0,0.0,1.0,0.5,0.0,0.0,0.38,50.0,0.0
4,福爾摩沙夢想家,77|83|103|13777,馬建豪/吳家駿/忻沃克/布依德,2,18,27.0,295.07,4.92,04:55,147.54,2.46,02:28,17.0,8.5,62.96,124.44,9.0,4.5,33.33,65.88,12.0,6.0,44.44,87.84,7.0,3.5,25.93,51.24,7.0,3.5,25.93,51.24,4.0,2.0,14.81,29.28,5.0,2.5,18.52,36.6,3.0,1.5,11.11,21.96,0.0,0.0,0.0,0.0,0.0,0.0,0.0,0.0,4.0,2.0,14.81,29.28,0.0,0.0,0.0,0.0,4.0,2.0,14.81,29.28,2.0,1.0,7.41,14.64,2.0,1.0,7.41,14.64,4.0,2.0,14.81,29.28,1.0,0.5,3.7,7.32,2.0,1.0,7.41,14.64,1.0,0.5,3.7,7.32,2.0,1.0,7.41,14.64,62.96,33.33,29.63,131.76,8.0,4.0,29.63,4.92,2.46,0.71,0.71,0.57,0.6,,0.14,0.57,0.67,0.0,0.4,3.7,7.41,0.04,7.41,0.0
4,福爾摩沙夢想家,77|83|103|13906,馬建豪/吳家駿/忻沃克/班提爾,3,31,42.0,524.69,8.74,08:45,174.9,2.91,02:55,23.0,7.67,54.76,94.68,15.0,5.0,35.71,61.75,17.0,5.67,40.48,69.98,9.0,3.0,21.43,37.05,8.0,2.67,19.05,32.93,4.0,1.33,9.52,16.47,9.0,3.0,21.43,37.05,5.0,1.67,11.9,20.58,0.0,0.0,0.0,0.0,0.0,0.0,0.0,0.0,4.0,1.33,9.52,16.47,3.0,1.0,7.14,12.35,6.0,2.0,14.29,24.7,5.0,1.67,11.9,20.58,3.0,1.0,7.14,12.35,6.0,2.0,14.29,24.7,2.0,0.67,4.76,8.23,2.0,0.67,4.76,8.23,2.0,0.67,4.76,8.23,4.0,1.33,9.52,16.47,54.76,35.71,19.05,115.27,8.0,2.67,19.05,8.74,2.91,0.68,0.68,0.5,0.56,,0.15,0.67,0.44,0.33,0.39,4.76,4.76,0.05,9.52,0.0
4,新北國王,10872|10873|10874|14038,林彥廷/喬納森/熊祥泰/飛米,6,81,99.0,1252.22,20.87,20:52,208.7,3.48,03:29,57.0,9.5,57.58,98.32,37.0,6.17,37.37,63.82,37.0,6.17,37.37,63.82,19.0,3.17,19.19,32.77,22.0,3.67,22.22,37.95,13.0,2.17,13.13,22.42,15.0,2.5,15.15,25.87,6.0,1.0,6.06,10.35,14.0,2.33,14.14,24.15,13.0,2.17,13.13,22.42,6.0,1.0,6.06,10.35,12.0,2.0,12.12,20.7,7.0,1.17,7.07,12.07,15.0,2.5,15.15,25.87,3.0,0.5,3.03,5.17,15.0,2.5,15.15,25.87,1.0,0.17,1.01,1.72,0.0,0.0,0.0,0.0,12.0,2.0,12.12,20.7,11.0,1.83,11.11,18.97,57.58,37.37,20.2,113.85,20.0,3.33,20.2,20.87,3.48,0.59,0.66,0.59,0.4,0.93,0.06,0.79,0.29,0.63,0.45,1.01,0.0,0.12,11.11,0.38
4,新北國王,10872|10873|10874|14303,林彥廷/喬納森/熊祥泰/喬丹,5,58,72.0,886.7,14.78,14:47,177.34,2.96,02:57,40.0,8.0,55.56,97.44,36.0,7.2,50.0,87.7,30.0,6.0,41.67,73.08,14.0,2.8,19.44,34.1,16.0,3.2,22.22,38.98,7.0,1.4,9.72,17.05,14.0,2.8,19.44,34.1,7.0,1.4,9.72,17.05,5.0,1.0,6.94,12.18,3.0,0.6,4.17,7.31,8.0,1.6,11.11,19.49,9.0,1.8,12.5,21.92,3.0,0.6,4.17,7.31,6.0,1.2,8.33,14.62,2.0,0.4,2.78,4.87,9.0,1.8,12.5,21.92,1.0,0.2,1.39,2.44,0.0,0.0,0.0,0.0,5.0,1.0,6.94,12.18,13.0,2.6,18.06,31.67,55.56,50.0,5.56,116.93,4.0,0.8,5.56,14.78,2.96,0.58,0.62,0.44,0.5,0.6,0.06,0.64,0.57,0.75,0.65,1.39,0.0,0.07,18.06,0.17
4,新北國王,10873|10874|14038|14303,喬納森/熊祥泰/飛米/喬丹,3,35,48.0,520.9,8.68,08:41,173.63,2.89,02:54,11.0,3.67,22.92,45.61,23.0,7.67,47.92,95.37,15.0,5.0,31.25,62.2,4.0,1.33,8.33,16.59,10.0,3.33,20.83,41.47,3.0,1.0,6.25,12.44,5.0,1.67,10.42,20.73,1.0,0.33,2.08,4.15,0.0,0.0,0.0,0.0,0.0,0.0,0.0,0.0,6.0,2.0,12.5,24.88,5.0,1.67,10.42,20.73,4.0,1.33,8.33,16.59,3.0,1.0,6.25,12.44,5.0,1.67,10.42,20.73,3.0,1.0,6.25,12.44,4.0,1.33,8.33,16.59,0.0,0.0,0.0,0.0,3.0,1.0,6.25,12.44,11.0,3.67,22.92,45.61,22.92,47.92,-25.0,132.69,-12.0,-4.0,-25.0,8.68,2.89,0.3,0.37,0.3,0.2,,0.25,0.75,0.67,0.56,0.61,8.33,0.0,0.06,22.92,0.0
4,新北國王,29|32|10873|14303,林書緯/奧帝/喬納森/喬丹,2,10,11.0,168.87,2.81,02:49,84.43,1.41,01:24,5.0,2.5,45.45,63.95,7.0,3.5,63.64,89.54,5.0,2.5,45.45,63.95,2.0,1.0,18.18,25.58,3.0,1.5,27.27,38.37,1.0,0.5,9.09,12.79,2.0,1.0,18.18,25.58,1.0,0.5,9.09,12.79,0.0,0.0,0.0,0.0,0.0,0.0,0.0,0.0,0.0,0.0,0.0,0.0,3.0,1.5,27.27,38.37,1.0,0.5,9.09,12.79,2.0,1.0,18.18,25.58,0.0,0.0,0.0,0.0,1.0,0.5,9.09,12.79,0.0,0.0,0.0,0.0,0.0,0.0,0.0,0.0,0.0,0.0,0.0,0.0,2.0,1.0,18.18,25.58,45.45,63.64,-18.18,93.8,-2.0,-1.0,-18.18,2.81,1.41,0.5,0.5,0.33,0.5,,0.0,0.5,0.0,0.75,0.5,0.0,0.0,0.0,18.18,0.0
4,新北國王,32|10872|10873|14303,奧帝/林彥廷/喬納森/喬丹,3,32,34.0,477.46,7.96,07:57,159.15,2.65,02:39,24.0,8.0,70.59,108.57,19.0,6.33,55.88,85.95,15.0,5.0,44.12,67.86,8.0,2.67,23.53,36.19,9.0,3.0,26.47,40.72,4.0,1.33,11.76,18.1,6.0,2.0,17.65,27.14,4.0,1.33,11.76,18.1,6.0,2.0,17.65,27.14,4.0,1.33,11.76,18.1,1.0,0.33,2.94,4.52,6.0,2.0,17.65,27.14,0.0,0.0,0.0,0.0,5.0,1.67,14.71,22.62,0.0,0.0,0.0,0.0,5.0,1.67,14.71,22.62,0.0,0.0,0.0,0.0,0.0,0.0,0.0,0.0,4.0,1.33,11.76,18.1,2.0,0.67,5.88,9.05,70.59,55.88,14.71,102.54,5.0,1.67,14.71,7.96,2.65,0.67,0.68,0.44,0.67,0.67,0.0,0.62,0.17,1.0,0.58,0.0,0.0,0.12,5.88,0.4
4,福爾摩沙夢想家,77|83|89|106,馬建豪/吳家駿/蔣淯安/高柏鎧,1,19,19.0,277.35,4.62,04:37,277.35,4.62,04:37,12.0,12.0,63.16,93.46,13.0,13.0,68.42,101.24,7.0,7.0,36.84,54.52,3.0,3.0,15.79,23.36,1.0,1.0,5.26,7.79,0.0,0.0,0.0,0.0,6.0,6.0,31.58,46.73,3.0,3.0,15.79,23.36,3.0,3.0,15.79,23.36,3.0,3.0,15.79,23.36,0.0,0.0,0.0,0.0,4.0,4.0,21.05,31.15,0.0,0.0,0.0,0.0,5.0,5.0,26.32,38.94,1.0,1.0,5.26,7.79,2.0,2.0,10.53,15.58,1.0,1.0,5.26,7.79,0.0,0.0,0.0,0.0,3.0,3.0,15.79,23.36,2.0,2.0,10.53,15.58,63.16,68.42,-5.26,98.65,-1.0,-1.0,-5.26,4.62,4.62,0.64,0.72,0.0,0.5,1.0,0.11,0.67,0.0,1.0,0.44,5.26,0.0,0.16,10.53,0.43
4,福爾摩沙夢想家,77|83|89|13777,馬建豪/吳家駿/蔣淯安/布依德,1,8,8.0,153.35,2.56,02:33,153.35,2.56,02:33,9.0,9.0,112.5,126.77,3.0,3.0,37.5,42.26,3.0,3.0,37.5,42.26,2.0,2.0,25.0,28.17,0.0,0.0,0.0,0.0,0.0,0.0,0.0,0.0,3.0,3.0,37.5,42.26,2.0,2.0,25.0,28.17,3.0,3.0,37.5,42.26,3.0,3.0,37.5,42.26,0.0,0.0,0.0,0.0,1.0,1.0,12.5,14.09,0.0,0.0,0.0,0.0,3.0,3.0,37.5,42.26,0.0,0.0,0.0,0.0,2.0,2.0,25.0,28.17,0.0,0.0,0.0,0.0,0.0,0.0,0.0,0.0,2.0,2.0,25.0,28.17,0.0,0.0,0.0,0.0,112.5,37.5,75.0,75.12,6.0,6.0,75.0,2.56,2.56,1.0,1.04,,0.67,1.0,0.0,1.0,0.0,1.0,0.25,0.0,0.0,0.25,0.0,1.0
4,福爾摩沙夢想家,83|89|106|13777,吳家駿/蔣淯安/高柏鎧/布依德,1,8,8.0,153.35,2.56,02:33,153.35,2.56,02:33,9.0,9.0,112.5,126.77,3.0,3.0,37.5,42.26,3.0,3.0,37.5,42.26,2.0,2.0,25.0,28.17,0.0,0.0,0.0,0.0,0.0,0.0,0.0,0.0,3.0,3.0,37.5,42.26,2.0,2.0,25.0,28.17,3.0,3.0,37.5,42.26,3.0,3.0,37.5,42.26,0.0,0.0,0.0,0.0,1.0,1.0,12.5,14.09,0.0,0.0,0.0,0.0,3.0,3.0,37.5,42.26,0.0,0.0,0.0,0.0,2.0,2.0,25.0,28.17,0.0,0.0,0.0,0.0,0.0,0.0,0.0,0.0,2.0,2.0,25.0,28.17,0.0,0.0,0.0,0.0,112.5,37.5,75.0,75.12,6.0,6.0,75.0,2.56,2.56,1.0,1.04,,0.67,1.0,0.0,1.0,0.0,1.0,0.25,0.0,0.0,0.25,0.0,1.0
4,福爾摩沙夢想家,77|83|89|13906,馬建豪/吳家駿/蔣淯安/班提爾,1,11,11.0,124.0,2.07,02:04,124.0,2.07,02:04,3.0,3.0,27.27,52.26,10.0,10.0,90.91,174.19,4.0,4.0,36.36,69.68,1.0,1.0,9.09,17.42,1.0,1.0,9.09,17.42,0.0,0.0,0.0,0.0,3.0,3.0,27.27,52.26,1.0,1.0,9.09,17.42,0.0,0.0,0.0,0.0,0.0,0.0,0.0,0.0,0.0,0.0,0.0,0.0,3.0,3.0,27.27,52.26,0.0,0.0,0.0,0.0,2.0,2.0,18.18,34.84,1.0,1.0,9.09,17.42,0.0,0.0,0.0,0.0,1.0,1.0,9.09,17.42,0.0,0.0,0.0,0.0,1.0,1.0,9.09,17.42,2.0,2.0,18.18,34.84,27.27,90.91,-63.64,127.74,-7.0,-7.0,-63.64,2.07,2.07,0.38,0.38,0.0,0.33,,0.2,0.0,0.0,1.0,0.6,9.09,0.0,0.09,18.18,0.0
4,福爾摩沙夢想家,77|83|95|97,馬建豪/吳家駿/李德威/史承平,2,4,5.0,46.82,0.78,00:47,23.41,0.39,00:23,5.0,2.5,100.0,230.65,0.0,0.0,0.0,0.0,1.0,0.5,20.0,46.13,0.0,0.0,0.0,0.0,0.0,0.0,0.0,0.0,0.0,0.0,0.0,0.0,1.0,0.5,20.0,46.13,0.0,0.0,0.0,0.0,6.0,3.0,120.0,276.78,5.0,2.5,100.0,230.65,0.0,0.0,0.0,0.0,1.0,0.5,20.0,46.13,0.0,0.0,0.0,0.0,1.0,0.5,20.0,46.13,0.0,0.0,0.0,0.0,0.0,0.0,0.0,0.0,0.0,0.0,0.0,0.0,0.0,0.0,0.0,0.0,2.0,1.0,40.0,92.26,0.0,0.0,0.0,0.0,100.0,0.0,100.0,153.76,5.0,2.5,100.0,0.78,0.39,0.0,0.69,,0.0,0.83,0.0,,0.0,1.0,0.5,0.0,0.0,0.4,0.0,6.0
4,福爾摩沙夢想家,77|83|95|101,馬建豪/吳家駿/李德威/周柏臣,3,37,46.0,664.48,11.07,11:04,221.49,3.69,03:41,14.0,4.67,30.43,45.51,6.0,2.0,13.04,19.5,17.0,5.67,36.96,55.26,4.0,1.33,8.7,13.0,7.0,2.33,15.22,22.75,4.0,1.33,8.7,13.0,10.0,3.33,21.74,32.51,0.0,0.0,0.0,0.0,11.0,3.67,23.91,35.76,6.0,2.0,13.04,19.5,5.0,1.67,10.87,16.25,11.0,3.67,23.91,35.76,2.0,0.67,4.35,6.5,11.0,3.67,23.91,35.76,2.0,0.67,4.35,6.5,0.0,0.0,0.0,0.0,1.0,0.33,2.17,3.25,0.0,0.0,0.0,0.0,5.0,1.67,10.87,16.25,2.0,0.67,4.35,6.5,30.43,13.04,17.39,99.69,8.0,2.67,17.39,11.07,3.69,0.24,0.32,0.57,0.0,0.55,0.08,0.0,0.31,0.85,0.55,2.17,0.0,0.11,4.35,0.65
4,新北國王,22|28|10873|10874,簡祐哲/呂政儒/喬納森/熊祥泰,1,1,2.0,17.1,0.29,00:17,17.1,0.29,00:17,0.0,0.0,0.0,0.0,3.0,3.0,150.0,378.86,0.0,0.0,0.0,0.0,0.0,0.0,0.0,0.0,0.0,0.0,0.0,0.0,0.0,0.0,0.0,0.0,0.0,0.0,0.0,0.0,0.0,0.0,0.0,0.0,0.0,0.0,0.0,0.0,0.0,0.0,0.0,0.0,0.0,0.0,0.0,0.0,0.0,0.0,0.0,0.0,0.0,0.0,0.0,0.0,0.0,0.0,0.0,0.0,0.0,0.0,0.0,0.0,0.0,0.0,0.0,0.0,0.0,0.0,0.0,0.0,0.0,0.0,0.0,0.0,0.0,0.0,0.0,0.0,4.0,4.0,200.0,505.14,0.0,150.0,-150.0,168.38,-3.0,-3.0,-150.0,0.29,0.29,,,,,,,,,,,0.0,0.0,0.0,200.0,
4,新北國王,22|28|10873|14303,簡祐哲/呂政儒/喬納森/喬丹,1,1,2.0,17.1,0.29,00:17,17.1,0.29,00:17,0.0,0.0,0.0,0.0,3.0,3.0,150.0,378.86,0.0,0.0,0.0,0.0,0.0,0.0,0.0,0.0,0.0,0.0,0.0,0.0,0.0,0.0,0.0,0.0,0.0,0.0,0.0,0.0,0.0,0.0,0.0,0.0,0.0,0.0,0.0,0.0,0.0,0.0,0.0,0.0,0.0,0.0,0.0,0.0,0.0,0.0,0.0,0.0,0.0,0.0,0.0,0.0,0.0,0.0,0.0,0.0,0.0,0.0,0.0,0.0,0.0,0.0,0.0,0.0,0.0,0.0,0.0,0.0,0.0,0.0,0.0,0.0,0.0,0.0,0.0,0.0,4.0,4.0,200.0,505.14,0.0,150.0,-150.0,168.38,-3.0,-3.0,-150.0,0.29,0.29,,,,,,,,,,,0.0,0.0,0.0,200.0,
4,新北國王,22|28|10874|14303,簡祐哲/呂政儒/熊祥泰/喬丹,1,1,2.0,17.1,0.29,00:17,17.1,0.29,00:17,0.0,0.0,0.0,0.0,3.0,3.0,150.0,378.86,0.0,0.0,0.0,0.0,0.0,0.0,0.0,0.0,0.0,0.0,0.0,0.0,0.0,0.0,0.0,0.0,0.0,0.0,0.0,0.0,0.0,0.0,0.0,0.0,0.0,0.0,0.0,0.0,0.0,0.0,0.0,0.0,0.0,0.0,0.0,0.0,0.0,0.0,0.0,0.0,0.0,0.0,0.0,0.0,0.0,0.0,0.0,0.0,0.0,0.0,0.0,0.0,0.0,0.0,0.0,0.0,0.0,0.0,0.0,0.0,0.0,0.0,0.0,0.0,0.0,0.0,0.0,0.0,4.0,4.0,200.0,505.14,0.0,150.0,-150.0,168.38,-3.0,-3.0,-150.0,0.29,0.29,,,,,,,,,,,0.0,0.0,0.0,200.0,
4,新北國王,22|10873|10874|14303,簡祐哲/喬納森/熊祥泰/喬丹,1,1,2.0,17.1,0.29,00:17,17.1,0.29,00:17,0.0,0.0,0.0,0.0,3.0,3.0,150.0,378.86,0.0,0.0,0.0,0.0,0.0,0.0,0.0,0.0,0.0,0.0,0.0,0.0,0.0,0.0,0.0,0.0,0.0,0.0,0.0,0.0,0.0,0.0,0.0,0.0,0.0,0.0,0.0,0.0,0.0,0.0,0.0,0.0,0.0,0.0,0.0,0.0,0.0,0.0,0.0,0.0,0.0,0.0,0.0,0.0,0.0,0.0,0.0,0.0,0.0,0.0,0.0,0.0,0.0,0.0,0.0,0.0,0.0,0.0,0.0,0.0,0.0,0.0,0.0,0.0,0.0,0.0,0.0,0.0,4.0,4.0,200.0,505.14,0.0,150.0,-150.0,168.38,-3.0,-3.0,-150.0,0.29,0.29,,,,,,,,,,,0.0,0.0,0.0,200.0,
4,新北國王,28|10873|10874|14303,呂政儒/喬納森/熊祥泰/喬丹,1,1,2.0,17.1,0.29,00:17,17.1,0.29,00:17,0.0,0.0,0.0,0.0,3.0,3.0,150.0,378.86,0.0,0.0,0.0,0.0,0.0,0.0,0.0,0.0,0.0,0.0,0.0,0.0,0.0,0.0,0.0,0.0,0.0,0.0,0.0,0.0,0.0,0.0,0.0,0.0,0.0,0.0,0.0,0.0,0.0,0.0,0.0,0.0,0.0,0.0,0.0,0.0,0.0,0.0,0.0,0.0,0.0,0.0,0.0,0.0,0.0,0.0,0.0,0.0,0.0,0.0,0.0,0.0,0.0,0.0,0.0,0.0,0.0,0.0,0.0,0.0,0.0,0.0,0.0,0.0,0.0,0.0,0.0,0.0,4.0,4.0,200.0,505.14,0.0,150.0,-150.0,168.38,-3.0,-3.0,-150.0,0.29,0.29,,,,,,,,,,,0.0,0.0,0.0,200.0,
4,新竹御嵿攻城獅,80|88|90|10862,田浩/盧冠軒/李啓瑋/提傑,1,4,4.0,41.0,0.68,00:41,41.0,0.68,00:41,0.0,0.0,0.0,0.0,0.0,0.0,0.0,0.0,1.0,1.0,25.0,52.68,0.0,0.0,0.0,0.0,1.0,1.0,25.0,52.68,0.0,0.0,0.0,0.0,0.0,0.0,0.0,0.0,0.0,0.0,0.0,0.0,0.0,0.0,0.0,0.0,0.0,0.0,0.0,0.0,0.0,0.0,0.0,0.0,1.0,1.0,25.0,52.68,0.0,0.0,0.0,0.0,1.0,1.0,25.0,52.68,1.0,1.0,25.0,52.68,0.0,0.0,0.0,0.0,0.0,0.0,0.0,0.0,1.0,1.0,25.0,52.68,0.0,0.0,0.0,0.0,0.0,0.0,0.0,0.0,0.0,0.0,0.0,140.49,0.0,0.0,0.0,0.68,0.68,0.0,0.0,0.0,,,0.5,,0.0,1.0,0.5,0.0,25.0,0.0,0.0,0.0
4,新竹御嵿攻城獅,80|88|90|10888,田浩/盧冠軒/李啓瑋/帕塞獅,1,9,9.0,104.77,1.75,01:45,104.77,1.75,01:45,2.0,2.0,22.22,41.23,2.0,2.0,22.22,41.23,2.0,2.0,22.22,41.23,0.0,0.0,0.0,0.0,1.0,1.0,11.11,20.62,0.0,0.0,0.0,0.0,1.0,1.0,11.11,20.62,0.0,0.0,0.0,0.0,2.0,2.0,22.22,41.23,2.0,2.0,22.22,41.23,0.0,0.0,0.0,0.0,2.0,2.0,22.22,41.23,0.0,0.0,0.0,0.0,2.0,2.0,22.22,41.23,2.0,2.0,22.22,41.23,0.0,0.0,0.0,0.0,1.0,1.0,11.11,20.62,1.0,1.0,11.11,20.62,3.0,3.0,33.33,61.85,0.0,0.0,0.0,0.0,22.22,22.22,0.0,123.7,0.0,0.0,0.0,1.75,1.75,0.0,0.35,0.0,0.0,1.0,0.41,,0.0,1.0,0.5,11.11,11.11,0.33,0.0,1.0
4,新竹御嵿攻城獅,80|90|10862|10888,田浩/李啓瑋/提傑/帕塞獅,2,31,35.0,439.36,7.32,07:19,219.68,3.66,03:40,13.0,6.5,37.14,63.91,11.0,5.5,31.43,54.08,12.0,6.0,34.29,58.99,5.0,2.5,14.29,24.58,8.0,4.0,22.86,39.33,3.0,1.5,8.57,14.75,4.0,2.0,11.43,19.66,2.0,1.0,5.71,9.83,2.0,1.0,5.71,9.83,1.0,0.5,2.86,4.92,1.0,0.5,2.86,4.92,6.0,3.0,17.14,29.5,2.0,1.0,5.71,9.83,7.0,3.5,20.0,34.41,3.0,1.5,8.57,14.75,4.0,2.0,11.43,19.66,0.0,0.0,0.0,0.0,1.0,0.5,2.86,4.92,3.0,1.5,8.57,14.75,3.0,1.5,8.57,14.75,37.14,31.43,5.71,114.71,2.0,1.0,5.71,7.32,3.66,0.5,0.5,0.38,0.5,0.5,0.19,0.8,0.12,0.75,0.44,0.0,2.86,0.09,8.57,0.17
4,新竹御嵿攻城獅,80|88|90|10887,田浩/盧冠軒/李啓瑋/德魯,1,5,5.0,63.77,1.06,01:04,63.77,1.06,01:04,2.0,2.0,40.0,67.74,2.0,2.0,40.0,67.74,1.0,1.0,20.0,33.87,0.0,0.0,0.0,0.0,0.0,0.0,0.0,0.0,0.0,0.0,0.0,0.0,1.0,1.0,20.0,33.87,0.0,0.0,0.0,0.0,2.0,2.0,40.0,67.74,2.0,2.0,40.0,67.74,0.0,0.0,0.0,0.0,1.0,1.0,20.0,33.87,0.0,0.0,0.0,0.0,1.0,1.0,20.0,33.87,1.0,1.0,20.0,33.87,0.0,0.0,0.0,0.0,1.0,1.0,20.0,33.87,0.0,0.0,0.0,0.0,3.0,3.0,60.0,101.62,0.0,0.0,0.0,0.0,40.0,40.0,0.0,112.91,0.0,0.0,0.0,1.06,1.06,0.0,0.53,,0.0,1.0,0.35,,0.0,1.0,0.5,20.0,0.0,0.6,0.0,2.0
4,新竹御嵿攻城獅,80|88|10887|10888,田浩/盧冠軒/德魯/帕塞獅,2,11,12.0,147.77,2.46,02:28,73.88,1.23,01:14,8.0,4.0,66.67,116.94,6.0,3.0,50.0,87.7,3.0,1.5,25.0,43.85,2.0,1.0,16.67,29.23,0.0,0.0,0.0,0.0,0.0,0.0,0.0,0.0,3.0,1.5,25.0,43.85,2.0,1.0,16.67,29.23,2.0,1.0,16.67,29.23,2.0,1.0,16.67,29.23,0.0,0.0,0.0,0.0,1.0,0.5,8.33,14.62,0.0,0.0,0.0,0.0,1.0,0.5,8.33,14.62,2.0,1.0,16.67,29.23,2.0,1.0,16.67,29.23,2.0,1.0,16.67,29.23,0.0,0.0,0.0,0.0,3.0,1.5,25.0,43.85,0.0,0.0,0.0,0.0,66.67,50.0,16.67,116.94,2.0,1.0,16.67,2.46,1.23,1.0,1.03,,0.67,1.0,0.34,1.0,0.0,1.0,0.5,16.67,0.0,0.25,0.0,0.67
4,新竹御嵿攻城獅,80|90|10887|10888,田浩/李啓瑋/德魯/帕塞獅,1,23,24.0,262.36,4.37,04:22,262.36,4.37,04:22,14.0,14.0,58.33,115.26,7.0,7.0,29.17,57.63,7.0,7.0,29.17,57.63,4.0,4.0,16.67,32.93,4.0,4.0,16.67,32.93,3.0,3.0,12.5,24.7,3.0,3.0,12.5,24.7,1.0,1.0,4.17,8.23,7.0,7.0,29.17,57.63,5.0,5.0,20.83,41.16,1.0,1.0,4.17,8.23,3.0,3.0,12.5,24.7,0.0,0.0,0.0,0.0,5.0,5.0,20.83,41.16,2.0,2.0,8.33,16.47,3.0,3.0,12.5,24.7,1.0,1.0,4.17,8.23,0.0,0.0,0.0,0.0,6.0,6.0,25.0,49.4,1.0,1.0,4.17,8.23,58.33,29.17,29.17,131.73,7.0,7.0,29.17,4.37,4.37,0.64,0.69,0.75,0.33,0.71,0.17,0.75,0.17,1.0,0.44,4.17,0.0,0.25,4.17,1.0
4,新竹御嵿攻城獅,80|90|10885|10888,田浩/李啓瑋/劉丞勳/帕塞獅,1,18,19.0,198.59,3.31,03:19,198.59,3.31,03:19,12.0,12.0,63.16,130.52,5.0,5.0,26.32,54.38,6.0,6.0,31.58,65.26,4.0,4.0,21.05,43.51,4.0,4.0,21.05,43.51,3.0,3.0,15.79,32.63,2.0,2.0,10.53,21.75,1.0,1.0,5.26,10.88,5.0,5.0,26.32,54.38,3.0,3.0,15.79,32.63,1.0,1.0,5.26,10.88,2.0,2.0,10.53,21.75,0.0,0.0,0.0,0.0,4.0,4.0,21.05,43.51,1.0,1.0,5.26,10.88,3.0,3.0,15.79,32.63,0.0,0.0,0.0,0.0,0.0,0.0,0.0,0.0,3.0,3.0,15.79,32.63,1.0,1.0,5.26,10.88,63.16,26.32,36.84,137.77,7.0,7.0,36.84,3.31,3.31,0.75,0.73,0.75,0.5,0.6,0.11,0.75,0.2,1.0,0.43,0.0,0.0,0.16,5.26,0.83
4,高雄全家海神,51|109|119|121,克力斯/于煥亞/余純安/吳曉謹,1,26,31.0,394.7,6.58,06:35,394.7,6.58,06:35,14.0,14.0,45.16,76.62,18.0,18.0,58.06,98.51,11.0,11.0,35.48,60.2,6.0,6.0,19.35,32.84,7.0,7.0,22.58,38.31,4.0,4.0,12.9,21.89,4.0,4.0,12.9,21.89,2.0,2.0,6.45,10.95,0.0,0.0,0.0,0.0,0.0,0.0,0.0,0.0,1.0,1.0,3.23,5.47,4.0,4.0,12.9,21.89,2.0,2.0,6.45,10.95,5.0,5.0,16.13,27.36,3.0,3.0,9.68,16.42,4.0,4.0,12.9,21.89,2.0,2.0,6.45,10.95,1.0,1.0,3.23,5.47,1.0,1.0,3.23,5.47,4.0,4.0,12.9,21.89,45.16,58.06,-12.9,113.1,-4.0,-4.0,-12.9,6.58,6.58,0.64,0.64,0.57,0.5,,0.21,0.67,0.17,0.67,0.42,6.45,3.23,0.03,12.9,0.0
4,高雄全家海神,51|109|119|14037,克力斯/于煥亞/余純安/奧迪傑,2,33,42.0,459.74,7.66,07:40,229.87,3.83,03:50,18.0,9.0,42.86,84.57,22.0,11.0,52.38,103.36,13.0,6.5,30.95,61.08,8.0,4.0,19.05,37.59,9.0,4.5,21.43,42.29,6.0,3.0,14.29,28.19,4.0,2.0,9.52,18.79,2.0,1.0,4.76,9.4,0.0,0.0,0.0,0.0,0.0,0.0,0.0,0.0,1.0,0.5,2.38,4.7,4.0,2.0,9.52,18.79,3.0,1.5,7.14,14.1,5.0,2.5,11.9,23.49,5.0,2.5,11.9,23.49,5.0,2.5,11.9,23.49,3.0,1.5,7.14,14.1,1.0,0.5,2.38,4.7,2.0,1.0,4.76,9.4,4.0,2.0,9.52,18.79,42.86,52.38,-9.52,131.55,-4.0,-2.0,-9.52,7.66,3.83,0.69,0.69,0.67,0.5,,0.28,0.62,0.17,0.57,0.38,7.14,2.38,0.05,9.52,0.0
4,高雄全家海神,51|109|121|14037,克力斯/于煥亞/吳曉謹/奧迪傑,1,21,26.0,308.7,5.14,05:09,308.7,5.14,05:09,12.0,12.0,46.15,83.97,13.0,13.0,50.0,90.96,10.0,10.0,38.46,69.97,5.0,5.0,19.23,34.99,6.0,6.0,23.08,41.98,3.0,3.0,11.54,20.99,4.0,4.0,15.38,27.99,2.0,2.0,7.69,13.99,0.0,0.0,0.0,0.0,0.0,0.0,0.0,0.0,1.0,1.0,3.85,7.0,4.0,4.0,15.38,27.99,2.0,2.0,7.69,13.99,5.0,5.0,19.23,34.99,2.0,2.0,7.69,13.99,4.0,4.0,15.38,27.99,1.0,1.0,3.85,7.0,1.0,1.0,3.85,7.0,1.0,1.0,3.85,7.0,4.0,4.0,15.38,27.99,46.15,50.0,-3.85,121.28,-1.0,-1.0,-3.85,5.14,5.14,0.6,0.6,0.5,0.5,,0.17,0.8,0.17,0.67,0.42,3.85,3.85,0.04,15.38,0.0
4,高雄全家海神,51|119|121|14037,克力斯/余純安/吳曉謹/奧迪傑,1,21,26.0,308.7,5.14,05:09,308.7,5.14,05:09,12.0,12.0,46.15,83.97,13.0,13.0,50.0,90.96,10.0,10.0,38.46,69.97,5.0,5.0,19.23,34.99,6.0,6.0,23.08,41.98,3.0,3.0,11.54,20.99,4.0,4.0,15.38,27.99,2.0,2.0,7.69,13.99,0.0,0.0,0.0,0.0,0.0,0.0,0.0,0.0,1.0,1.0,3.85,7.0,4.0,4.0,15.38,27.99,2.0,2.0,7.69,13.99,5.0,5.0,19.23,34.99,2.0,2.0,7.69,13.99,4.0,4.0,15.38,27.99,1.0,1.0,3.85,7.0,1.0,1.0,3.85,7.0,1.0,1.0,3.85,7.0,4.0,4.0,15.38,27.99,46.15,50.0,-3.85,121.28,-1.0,-1.0,-3.85,5.14,5.14,0.6,0.6,0.5,0.5,,0.17,0.8,0.17,0.67,0.42,3.85,3.85,0.04,15.38,0.0
4,高雄全家海神,109|119|121|14037,于煥亞/余純安/吳曉謹/奧迪傑,2,59,72.0,828.45,13.81,13:48,414.22,6.9,06:54,29.0,14.5,40.28,75.61,31.0,15.5,43.06,80.83,26.0,13.0,36.11,67.79,11.0,5.5,15.28,28.68,15.0,7.5,20.83,39.11,6.0,3.0,8.33,15.64,11.0,5.5,15.28,28.68,5.0,2.5,6.94,13.04,2.0,1.0,2.78,5.21,2.0,1.0,2.78,5.21,4.0,2.0,5.56,10.43,10.0,5.0,13.89,26.07,7.0,3.5,9.72,18.25,11.0,5.5,15.28,28.68,8.0,4.0,11.11,20.86,7.0,3.5,9.72,18.25,7.0,3.5,9.72,18.25,1.0,0.5,1.39,2.61,4.0,2.0,5.56,10.43,6.0,3.0,8.33,15.64,40.28,43.06,-2.78,125.15,-2.0,-1.0,-2.78,13.81,6.9,0.52,0.54,0.4,0.45,1.0,0.23,0.64,0.27,0.59,0.44,9.72,1.39,0.06,8.33,0.08
4,高雄全家海神,51|109|111|121,克力斯/于煥亞/唐維傑/吳曉謹,2,55,70.0,914.41,15.24,15:14,457.2,7.62,07:37,27.0,13.5,38.57,63.78,25.0,12.5,35.71,59.05,33.0,16.5,47.14,77.95,12.0,6.0,17.14,28.35,19.0,9.5,27.14,44.88,9.0,4.5,12.86,21.26,14.0,7.0,20.0,33.07,3.0,1.5,4.29,7.09,0.0,0.0,0.0,0.0,0.0,0.0,0.0,0.0,10.0,5.0,14.29,23.62,10.0,5.0,14.29,23.62,4.0,2.0,5.71,9.45,8.0,4.0,11.43,18.9,4.0,2.0,5.71,9.45,8.0,4.0,11.43,18.9,2.0,1.0,2.86,4.72,3.0,1.5,4.29,7.09,5.0,2.5,7.14,11.81,6.0,3.0,8.57,14.17,38.57,35.71,2.86,110.24,2.0,1.0,2.86,15.24,7.62,0.41,0.41,0.47,0.21,,0.11,0.67,0.56,0.71,0.62,2.86,4.29,0.07,8.57,0.0
4,高雄全家海神,45|109|110|111,施晉堯/于煥亞/胡瓏貿/唐維傑,1,9,11.0,135.62,2.26,02:16,135.62,2.26,02:16,6.0,6.0,54.55,95.56,7.0,7.0,63.64,111.49,3.0,3.0,27.27,47.78,1.0,1.0,9.09,15.93,0.0,0.0,0.0,0.0,0.0,0.0,0.0,0.0,3.0,3.0,27.27,47.78,1.0,1.0,9.09,15.93,2.0,2.0,18.18,31.85,1.0,1.0,9.09,15.93,1.0,1.0,9.09,15.93,2.0,2.0,18.18,31.85,0.0,0.0,0.0,0.0,1.0,1.0,9.09,15.93,1.0,1.0,9.09,15.93,1.0,1.0,9.09,15.93,1.0,1.0,9.09,15.93,0.0,0.0,0.0,0.0,1.0,1.0,9.09,15.93,0.0,0.0,0.0,0.0,54.55,63.64,-9.09,116.8,-1.0,-1.0,-9.09,2.26,2.26,0.5,0.77,,0.33,0.5,0.2,1.0,0.5,1.0,0.75,9.09,0.0,0.09,0.0,0.67
4,高雄全家海神,45|109|110|14037,施晉堯/于煥亞/胡瓏貿/奧迪傑,1,9,11.0,135.62,2.26,02:16,135.62,2.26,02:16,6.0,6.0,54.55,95.56,7.0,7.0,63.64,111.49,3.0,3.0,27.27,47.78,1.0,1.0,9.09,15.93,0.0,0.0,0.0,0.0,0.0,0.0,0.0,0.0,3.0,3.0,27.27,47.78,1.0,1.0,9.09,15.93,2.0,2.0,18.18,31.85,1.0,1.0,9.09,15.93,1.0,1.0,9.09,15.93,2.0,2.0,18.18,31.85,0.0,0.0,0.0,0.0,1.0,1.0,9.09,15.93,1.0,1.0,9.09,15.93,1.0,1.0,9.09,15.93,1.0,1.0,9.09,15.93,0.0,0.0,0.0,0.0,1.0,1.0,9.09,15.93,0.0,0.0,0.0,0.0,54.55,63.64,-9.09,116.8,-1.0,-1.0,-9.09,2.26,2.26,0.5,0.77,,0.33,0.5,0.2,1.0,0.5,1.0,0.75,9.09,0.0,0.09,0.0,0.67
4,高雄全家海神,45|109|111|14037,施晉堯/于煥亞/唐維傑/奧迪傑,1,9,11.0,135.62,2.26,02:16,135.62,2.26,02:16,6.0,6.0,54.55,95.56,7.0,7.0,63.64,111.49,3.0,3.0,27.27,47.78,1.0,1.0,9.09,15.93,0.0,0.0,0.0,0.0,0.0,0.0,0.0,0.0,3.0,3.0,27.27,47.78,1.0,1.0,9.09,15.93,2.0,2.0,18.18,31.85,1.0,1.0,9.09,15.93,1.0,1.0,9.09,15.93,2.0,2.0,18.18,31.85,0.0,0.0,0.0,0.0,1.0,1.0,9.09,15.93,1.0,1.0,9.09,15.93,1.0,1.0,9.09,15.93,1.0,1.0,9.09,15.93,0.0,0.0,0.0,0.0,1.0,1.0,9.09,15.93,0.0,0.0,0.0,0.0,54.55,63.64,-9.09,116.8,-1.0,-1.0,-9.09,2.26,2.26,0.5,0.77,,0.33,0.5,0.2,1.0,0.5,1.0,0.75,9.09,0.0,0.09,0.0,0.67
4,高雄全家海神,45|110|111|14037,施晉堯/胡瓏貿/唐維傑/奧迪傑,1,9,11.0,135.62,2.26,02:16,135.62,2.26,02:16,6.0,6.0,54.55,95.56,7.0,7.0,63.64,111.49,3.0,3.0,27.27,47.78,1.0,1.0,9.09,15.93,0.0,0.0,0.0,0.0,0.0,0.0,0.0,0.0,3.0,3.0,27.27,47.78,1.0,1.0,9.09,15.93,2.0,2.0,18.18,31.85,1.0,1.0,9.09,15.93,1.0,1.0,9.09,15.93,2.0,2.0,18.18,31.85,0.0,0.0,0.0,0.0,1.0,1.0,9.09,15.93,1.0,1.0,9.09,15.93,1.0,1.0,9.09,15.93,1.0,1.0,9.09,15.93,0.0,0.0,0.0,0.0,1.0,1.0,9.09,15.93,0.0,0.0,0.0,0.0,54.55,63.64,-9.09,116.8,-1.0,-1.0,-9.09,2.26,2.26,0.5,0.77,,0.33,0.5,0.2,1.0,0.5,1.0,0.75,9.09,0.0,0.09,0.0,0.67
4,高雄全家海神,109|110|111|14037,于煥亞/胡瓏貿/唐維傑/奧迪傑,2,22,26.0,370.88,6.18,06:11,185.44,3.09,03:05,17.0,8.5,65.38,99.01,16.0,8.0,61.54,93.18,9.0,4.5,34.62,52.42,4.0,2.0,15.38,23.3,1.0,0.5,3.85,5.82,0.0,0.0,0.0,0.0,8.0,4.0,30.77,46.59,4.0,2.0,15.38,23.3,4.0,2.0,15.38,23.3,3.0,1.5,11.54,17.47,2.0,1.0,7.69,11.65,3.0,1.5,11.54,17.47,1.0,0.5,3.85,5.82,2.0,1.0,7.69,11.65,2.0,1.0,7.69,11.65,3.0,1.5,11.54,17.47,1.0,0.5,3.85,5.82,1.0,0.5,3.85,5.82,3.0,1.5,11.54,17.47,0.0,0.0,0.0,0.0,65.38,61.54,3.85,100.95,1.0,0.5,3.85,6.18,3.09,0.67,0.79,0.0,0.5,0.75,0.16,0.75,0.5,0.75,0.62,3.85,3.85,0.12,0.0,0.44
4,福爾摩沙夢想家,79|89|91|13777,張宗憲/蔣淯安/簡偉儒/布依德,1,9,13.0,150.29,2.5,02:30,150.29,2.5,02:30,8.0,8.0,61.54,114.98,2.0,2.0,15.38,28.74,6.0,6.0,46.15,86.23,2.0,2.0,15.38,28.74,6.0,6.0,46.15,86.23,2.0,2.0,15.38,28.74,0.0,0.0,0.0,0.0,0.0,0.0,0.0,0.0,4.0,4.0,30.77,57.49,4.0,4.0,30.77,57.49,3.0,3.0,23.08,43.12,1.0,1.0,7.69,14.37,1.0,1.0,7.69,14.37,2.0,2.0,15.38,28.74,0.0,0.0,0.0,0.0,0.0,0.0,0.0,0.0,0.0,0.0,0.0,0.0,0.0,0.0,0.0,0.0,2.0,2.0,15.38,28.74,0.0,0.0,0.0,0.0,61.54,15.38,46.15,124.56,6.0,6.0,46.15,2.5,2.5,0.33,0.52,0.33,,1.0,0.0,0.0,0.6,0.5,0.57,0.0,0.0,0.15,0.0,0.67
4,福爾摩沙夢想家,79|91|106|13777,張宗憲/簡偉儒/高柏鎧/布依德,1,9,13.0,150.29,2.5,02:30,150.29,2.5,02:30,8.0,8.0,61.54,114.98,2.0,2.0,15.38,28.74,6.0,6.0,46.15,86.23,2.0,2.0,15.38,28.74,6.0,6.0,46.15,86.23,2.0,2.0,15.38,28.74,0.0,0.0,0.0,0.0,0.0,0.0,0.0,0.0,4.0,4.0,30.77,57.49,4.0,4.0,30.77,57.49,3.0,3.0,23.08,43.12,1.0,1.0,7.69,14.37,1.0,1.0,7.69,14.37,2.0,2.0,15.38,28.74,0.0,0.0,0.0,0.0,0.0,0.0,0.0,0.0,0.0,0.0,0.0,0.0,0.0,0.0,0.0,0.0,2.0,2.0,15.38,28.74,0.0,0.0,0.0,0.0,61.54,15.38,46.15,124.56,6.0,6.0,46.15,2.5,2.5,0.33,0.52,0.33,,1.0,0.0,0.0,0.6,0.5,0.57,0.0,0.0,0.15,0.0,0.67
4,福爾摩沙夢想家,89|91|106|13777,蔣淯安/簡偉儒/高柏鎧/布依德,1,14,18.0,216.84,3.61,03:37,216.84,3.61,03:37,11.0,11.0,61.11,109.57,2.0,2.0,11.11,19.92,7.0,7.0,38.89,69.73,3.0,3.0,16.67,29.88,7.0,7.0,38.89,69.73,3.0,3.0,16.67,29.88,0.0,0.0,0.0,0.0,0.0,0.0,0.0,0.0,6.0,6.0,33.33,59.77,5.0,5.0,27.78,49.81,3.0,3.0,16.67,29.88,2.0,2.0,11.11,19.92,1.0,1.0,5.56,9.96,4.0,4.0,22.22,39.84,1.0,1.0,5.56,9.96,1.0,1.0,5.56,9.96,0.0,0.0,0.0,0.0,0.0,0.0,0.0,0.0,3.0,3.0,16.67,29.88,0.0,0.0,0.0,0.0,61.11,11.11,50.0,119.53,9.0,9.0,50.0,3.61,3.61,0.43,0.57,0.43,,0.83,0.09,0.33,0.43,0.67,0.5,0.0,0.0,0.17,0.0,0.86
4,高雄全家海神,45|110|116|13275,施晉堯/胡瓏貿/呂威霆/吳彥侖,2,19,24.0,305.67,5.09,05:06,152.84,2.55,02:33,5.0,2.5,20.83,35.33,13.0,6.5,54.17,91.86,6.0,3.0,25.0,42.4,2.0,1.0,8.33,14.13,3.0,1.5,12.5,21.2,1.0,0.5,4.17,7.07,3.0,1.5,12.5,21.2,1.0,0.5,4.17,7.07,2.0,1.0,8.33,14.13,2.0,1.0,8.33,14.13,1.0,0.5,4.17,7.07,2.0,1.0,8.33,14.13,3.0,1.5,12.5,21.2,5.0,2.5,20.83,35.33,4.0,2.0,16.67,28.27,2.0,1.0,8.33,14.13,1.0,0.5,4.17,7.07,1.0,0.5,4.17,7.07,2.0,1.0,8.33,14.13,5.0,2.5,20.83,35.33,20.83,54.17,-33.33,113.06,-8.0,-4.0,-33.33,5.09,2.55,0.42,0.36,0.33,0.33,1.0,0.37,1.0,0.17,0.4,0.27,4.17,4.17,0.08,20.83,0.33
4,高雄全家海神,45|110|116|14037,施晉堯/胡瓏貿/呂威霆/奧迪傑,1,9,13.0,151.29,2.52,02:31,151.29,2.52,02:31,2.0,2.0,15.38,28.55,8.0,8.0,61.54,114.22,5.0,5.0,38.46,71.39,2.0,2.0,15.38,28.55,2.0,2.0,15.38,28.55,2.0,2.0,15.38,28.55,3.0,3.0,23.08,42.83,0.0,0.0,0.0,0.0,0.0,0.0,0.0,0.0,0.0,0.0,0.0,0.0,1.0,1.0,7.69,14.28,2.0,2.0,15.38,28.55,3.0,3.0,23.08,42.83,1.0,1.0,7.69,14.28,1.0,1.0,7.69,14.28,2.0,2.0,15.38,28.55,1.0,1.0,7.69,14.28,1.0,1.0,7.69,14.28,0.0,0.0,0.0,0.0,4.0,4.0,30.77,57.11,15.38,61.54,-46.15,123.73,-6.0,-6.0,-46.15,2.52,2.52,0.4,0.2,1.0,0.0,,0.17,1.0,0.5,0.4,0.43,7.69,7.69,0.0,30.77,0.0
4,高雄全家海神,45|110|13275|14037,施晉堯/胡瓏貿/吳彥侖/奧迪傑,1,5,8.0,63.29,1.05,01:03,63.29,1.05,01:03,0.0,0.0,0.0,0.0,6.0,6.0,75.0,204.77,3.0,3.0,37.5,102.38,1.0,1.0,12.5,34.13,1.0,1.0,12.5,34.13,1.0,1.0,12.5,34.13,2.0,2.0,25.0,68.26,0.0,0.0,0.0,0.0,0.0,0.0,0.0,0.0,0.0,0.0,0.0,0.0,1.0,1.0,12.5,34.13,1.0,1.0,12.5,34.13,2.0,2.0,25.0,68.26,0.0,0.0,0.0,0.0,1.0,1.0,12.5,34.13,1.0,1.0,12.5,34.13,1.0,1.0,12.5,34.13,1.0,1.0,12.5,34.13,0.0,0.0,0.0,0.0,4.0,4.0,50.0,136.51,0.0,75.0,-75.0,182.01,-6.0,-6.0,-75.0,1.05,1.05,0.33,0.0,1.0,0.0,,0.25,1.0,1.0,0.33,0.5,12.5,12.5,0.0,50.0,0.0
4,高雄全家海神,45|116|13275|14037,施晉堯/呂威霆/吳彥侖/奧迪傑,2,11,16.0,175.42,2.92,02:55,87.71,1.46,01:28,2.0,1.0,12.5,24.63,10.0,5.0,62.5,123.14,7.0,3.5,43.75,86.2,2.0,1.0,12.5,24.63,3.0,1.5,18.75,36.94,2.0,1.0,12.5,24.63,4.0,2.0,25.0,49.25,0.0,0.0,0.0,0.0,0.0,0.0,0.0,0.0,0.0,0.0,0.0,0.0,2.0,1.0,12.5,24.63,3.0,1.5,18.75,36.94,3.0,1.5,18.75,36.94,0.0,0.0,0.0,0.0,1.0,0.5,6.25,12.31,1.0,0.5,6.25,12.31,1.0,0.5,6.25,12.31,1.0,0.5,6.25,12.31,1.0,0.5,6.25,12.31,9.0,4.5,56.25,110.82,12.5,62.5,-50.0,131.35,-8.0,-4.0,-50.0,2.92,1.46,0.29,0.14,0.67,0.0,,0.12,0.5,1.0,0.5,0.62,6.25,6.25,0.06,56.25,0.0
4,高雄全家海神,110|116|13275|14037,胡瓏貿/呂威霆/吳彥侖/奧迪傑,1,5,8.0,63.29,1.05,01:03,63.29,1.05,01:03,0.0,0.0,0.0,0.0,6.0,6.0,75.0,204.77,3.0,3.0,37.5,102.38,1.0,1.0,12.5,34.13,1.0,1.0,12.5,34.13,1.0,1.0,12.5,34.13,2.0,2.0,25.0,68.26,0.0,0.0,0.0,0.0,0.0,0.0,0.0,0.0,0.0,0.0,0.0,0.0,1.0,1.0,12.5,34.13,1.0,1.0,12.5,34.13,2.0,2.0,25.0,68.26,0.0,0.0,0.0,0.0,1.0,1.0,12.5,34.13,1.0,1.0,12.5,34.13,1.0,1.0,12.5,34.13,1.0,1.0,12.5,34.13,0.0,0.0,0.0,0.0,4.0,4.0,50.0,136.51,0.0,75.0,-75.0,182.01,-6.0,-6.0,-75.0,1.05,1.05,0.33,0.0,1.0,0.0,,0.25,1.0,1.0,0.33,0.5,12.5,12.5,0.0,50.0,0.0
4,高雄全家海神,45|110|116|121,施晉堯/胡瓏貿/呂威霆/吳曉謹,1,4,5.0,77.0,1.28,01:17,77.0,1.28,01:17,2.0,2.0,40.0,56.1,2.0,2.0,40.0,56.1,2.0,2.0,40.0,56.1,1.0,1.0,20.0,28.05,1.0,1.0,20.0,28.05,1.0,1.0,20.0,28.05,1.0,1.0,20.0,28.05,0.0,0.0,0.0,0.0,0.0,0.0,0.0,0.0,0.0,0.0,0.0,0.0,0.0,0.0,0.0,0.0,1.0,1.0,20.0,28.05,1.0,1.0,20.0,28.05,1.0,1.0,20.0,28.05,0.0,0.0,0.0,0.0,1.0,1.0,20.0,28.05,0.0,0.0,0.0,0.0,0.0,0.0,0.0,0.0,0.0,0.0,0.0,0.0,0.0,0.0,0.0,0.0,40.0,40.0,0.0,93.51,0.0,0.0,0.0,1.28,1.28,0.5,0.5,1.0,0.0,,0.0,1.0,0.0,0.5,0.33,0.0,0.0,0.0,0.0,0.0
4,高雄全家海神,45|110|121|14037,施晉堯/胡瓏貿/吳曉謹/奧迪傑,1,4,5.0,77.0,1.28,01:17,77.0,1.28,01:17,2.0,2.0,40.0,56.1,2.0,2.0,40.0,56.1,2.0,2.0,40.0,56.1,1.0,1.0,20.0,28.05,1.0,1.0,20.0,28.05,1.0,1.0,20.0,28.05,1.0,1.0,20.0,28.05,0.0,0.0,0.0,0.0,0.0,0.0,0.0,0.0,0.0,0.0,0.0,0.0,0.0,0.0,0.0,0.0,1.0,1.0,20.0,28.05,1.0,1.0,20.0,28.05,1.0,1.0,20.0,28.05,0.0,0.0,0.0,0.0,1.0,1.0,20.0,28.05,0.0,0.0,0.0,0.0,0.0,0.0,0.0,0.0,0.0,0.0,0.0,0.0,0.0,0.0,0.0,0.0,40.0,40.0,0.0,93.51,0.0,0.0,0.0,1.28,1.28,0.5,0.5,1.0,0.0,,0.0,1.0,0.0,0.5,0.33,0.0,0.0,0.0,0.0,0.0
4,高雄全家海神,45|116|121|14037,施晉堯/呂威霆/吳曉謹/奧迪傑,1,4,5.0,77.0,1.28,01:17,77.0,1.28,01:17,2.0,2.0,40.0,56.1,2.0,2.0,40.0,56.1,2.0,2.0,40.0,56.1,1.0,1.0,20.0,28.05,1.0,1.0,20.0,28.05,1.0,1.0,20.0,28.05,1.0,1.0,20.0,28.05,0.0,0.0,0.0,0.0,0.0,0.0,0.0,0.0,0.0,0.0,0.0,0.0,0.0,0.0,0.0,0.0,1.0,1.0,20.0,28.05,1.0,1.0,20.0,28.05,1.0,1.0,20.0,28.05,0.0,0.0,0.0,0.0,1.0,1.0,20.0,28.05,0.0,0.0,0.0,0.0,0.0,0.0,0.0,0.0,0.0,0.0,0.0,0.0,0.0,0.0,0.0,0.0,40.0,40.0,0.0,93.51,0.0,0.0,0.0,1.28,1.28,0.5,0.5,1.0,0.0,,0.0,1.0,0.0,0.5,0.33,0.0,0.0,0.0,0.0,0.0
4,高雄全家海神,110|116|121|14037,胡瓏貿/呂威霆/吳曉謹/奧迪傑,1,7,9.0,86.91,1.45,01:27,86.91,1.45,01:27,2.0,2.0,22.22,49.71,4.0,4.0,44.44,99.42,2.0,2.0,22.22,49.71,1.0,1.0,11.11,24.85,1.0,1.0,11.11,24.85,1.0,1.0,11.11,24.85,1.0,1.0,11.11,24.85,0.0,0.0,0.0,0.0,0.0,0.0,0.0,0.0,0.0,0.0,0.0,0.0,0.0,0.0,0.0,0.0,1.0,1.0,11.11,24.85,2.0,2.0,22.22,49.71,1.0,1.0,11.11,24.85,1.0,1.0,11.11,24.85,1.0,1.0,11.11,24.85,0.0,0.0,0.0,0.0,0.0,0.0,0.0,0.0,0.0,0.0,0.0,0.0,2.0,2.0,22.22,49.71,22.22,44.44,-22.22,149.12,-2.0,-2.0,-22.22,1.45,1.45,0.5,0.5,1.0,0.0,,0.33,1.0,0.0,0.33,0.25,0.0,0.0,0.0,22.22,0.0
4,福爾摩沙夢想家,79|83|91|13906,張宗憲/吳家駿/簡偉儒/班提爾,2,15,20.0,273.0,4.55,04:33,136.5,2.28,02:16,8.0,4.0,40.0,63.3,11.0,5.5,55.0,87.03,11.0,5.5,55.0,87.03,4.0,2.0,20.0,31.65,8.0,4.0,40.0,63.3,4.0,2.0,20.0,31.65,3.0,1.5,15.0,23.74,0.0,0.0,0.0,0.0,0.0,0.0,0.0,0.0,0.0,0.0,0.0,0.0,3.0,1.5,15.0,23.74,4.0,2.0,20.0,31.65,1.0,0.5,5.0,7.91,3.0,1.5,15.0,23.74,0.0,0.0,0.0,0.0,1.0,0.5,5.0,7.91,0.0,0.0,0.0,0.0,0.0,0.0,0.0,0.0,0.0,0.0,0.0,0.0,2.0,1.0,10.0,15.82,40.0,55.0,-15.0,105.49,-3.0,-1.5,-15.0,4.55,2.28,0.36,0.36,0.5,0.0,,0.0,0.25,0.5,0.8,0.64,0.0,0.0,0.0,10.0,0.0
4,福爾摩沙夢想家,79|83|106|13906,張宗憲/吳家駿/高柏鎧/班提爾,2,15,20.0,273.0,4.55,04:33,136.5,2.28,02:16,8.0,4.0,40.0,63.3,11.0,5.5,55.0,87.03,11.0,5.5,55.0,87.03,4.0,2.0,20.0,31.65,8.0,4.0,40.0,63.3,4.0,2.0,20.0,31.65,3.0,1.5,15.0,23.74,0.0,0.0,0.0,0.0,0.0,0.0,0.0,0.0,0.0,0.0,0.0,0.0,3.0,1.5,15.0,23.74,4.0,2.0,20.0,31.65,1.0,0.5,5.0,7.91,3.0,1.5,15.0,23.74,0.0,0.0,0.0,0.0,1.0,0.5,5.0,7.91,0.0,0.0,0.0,0.0,0.0,0.0,0.0,0.0,0.0,0.0,0.0,0.0,2.0,1.0,10.0,15.82,40.0,55.0,-15.0,105.49,-3.0,-1.5,-15.0,4.55,2.28,0.36,0.36,0.5,0.0,,0.0,0.25,0.5,0.8,0.64,0.0,0.0,0.0,10.0,0.0
4,福爾摩沙夢想家,79|91|106|13906,張宗憲/簡偉儒/高柏鎧/班提爾,2,21,28.0,400.0,6.67,06:40,200.0,3.33,03:20,17.0,8.5,60.71,91.8,16.0,8.0,57.14,86.4,14.0,7.0,50.0,75.6,7.0,3.5,25.0,37.8,8.0,4.0,28.57,43.2,4.0,2.0,14.29,21.6,6.0,3.0,21.43,32.4,3.0,1.5,10.71,16.2,0.0,0.0,0.0,0.0,0.0,0.0,0.0,0.0,3.0,1.5,10.71,16.2,4.0,2.0,14.29,21.6,3.0,1.5,10.71,16.2,3.0,1.5,10.71,16.2,0.0,0.0,0.0,0.0,4.0,2.0,14.29,21.6,0.0,0.0,0.0,0.0,0.0,0.0,0.0,0.0,0.0,0.0,0.0,0.0,4.0,2.0,14.29,21.6,60.71,57.14,3.57,100.8,1.0,0.5,3.57,6.67,3.33,0.61,0.61,0.5,0.5,,0.0,0.57,0.5,0.57,0.54,0.0,0.0,0.0,14.29,0.0
4,福爾摩沙夢想家,83|91|106|13906,吳家駿/簡偉儒/高柏鎧/班提爾,2,22,28.0,353.67,5.89,05:54,176.83,2.95,02:57,14.0,7.0,50.0,85.5,12.0,6.0,42.86,73.29,15.0,7.5,53.57,91.61,7.0,3.5,25.0,42.75,12.0,6.0,42.86,73.29,7.0,3.5,25.0,42.75,3.0,1.5,10.71,18.32,0.0,0.0,0.0,0.0,0.0,0.0,0.0,0.0,0.0,0.0,0.0,0.0,4.0,2.0,14.29,24.43,4.0,2.0,14.29,24.43,1.0,0.5,3.57,6.11,4.0,2.0,14.29,24.43,0.0,0.0,0.0,0.0,3.0,1.5,10.71,18.32,0.0,0.0,0.0,0.0,0.0,0.0,0.0,0.0,0.0,0.0,0.0,0.0,4.0,2.0,14.29,24.43,50.0,42.86,7.14,114.01,2.0,1.0,7.14,5.89,2.95,0.47,0.47,0.58,0.0,,0.0,0.43,0.5,0.8,0.62,0.0,0.0,0.0,14.29,0.0
4,高雄全家海神,45|51|109|121,施晉堯/克力斯/于煥亞/吳曉謹,1,15,19.0,264.56,4.41,04:25,264.56,4.41,04:25,10.0,10.0,52.63,81.64,10.0,10.0,52.63,81.64,4.0,4.0,21.05,32.66,2.0,2.0,10.53,16.33,1.0,1.0,5.26,8.16,0.0,0.0,0.0,0.0,3.0,3.0,15.79,24.49,2.0,2.0,10.53,16.33,4.0,4.0,21.05,32.66,4.0,4.0,21.05,32.66,0.0,0.0,0.0,0.0,2.0,2.0,10.53,16.33,3.0,3.0,15.79,24.49,3.0,3.0,15.79,24.49,2.0,2.0,10.53,16.33,2.0,2.0,10.53,16.33,1.0,1.0,5.26,8.16,0.0,0.0,0.0,0.0,2.0,2.0,10.53,16.33,0.0,0.0,0.0,0.0,52.63,52.63,0.0,103.42,0.0,0.0,0.0,4.41,4.41,0.75,0.87,0.0,0.67,1.0,0.26,1.0,0.0,0.4,0.25,5.26,0.0,0.11,0.0,1.0
4,高雄全家海神,45|51|116|121,施晉堯/克力斯/呂威霆/吳曉謹,3,18,22.0,318.11,5.3,05:18,106.04,1.77,01:46,6.0,2.0,27.27,40.74,8.0,2.67,36.36,54.32,7.0,2.33,31.82,47.53,1.0,0.33,4.55,6.79,5.0,1.67,22.73,33.95,1.0,0.33,4.55,6.79,2.0,0.67,9.09,13.58,0.0,0.0,0.0,0.0,6.0,2.0,27.27,40.74,4.0,1.33,18.18,27.16,1.0,0.33,4.55,6.79,6.0,2.0,27.27,40.74,1.0,0.33,4.55,6.79,5.0,1.67,22.73,33.95,2.0,0.67,9.09,13.58,1.0,0.33,4.55,6.79,1.0,0.33,4.55,6.79,1.0,0.33,4.55,6.79,2.0,0.67,9.09,13.58,0.0,0.0,0.0,0.0,27.27,36.36,-9.09,99.59,-2.0,-0.67,-9.09,5.3,1.77,0.14,0.31,0.2,0.0,0.67,0.17,1.0,0.17,0.86,0.54,4.55,4.55,0.09,0.0,0.86
4,高雄全家海神,45|109|116|121,施晉堯/于煥亞/呂威霆/吳曉謹,1,3,3.0,43.56,0.73,00:44,43.56,0.73,00:44,2.0,2.0,66.67,99.17,2.0,2.0,66.67,99.17,0.0,0.0,0.0,0.0,0.0,0.0,0.0,0.0,0.0,0.0,0.0,0.0,0.0,0.0,0.0,0.0,0.0,0.0,0.0,0.0,0.0,0.0,0.0,0.0,2.0,2.0,66.67,99.17,2.0,2.0,66.67,99.17,0.0,0.0,0.0,0.0,0.0,0.0,0.0,0.0,0.0,0.0,0.0,0.0,0.0,0.0,0.0,0.0,1.0,1.0,33.33,49.59,0.0,0.0,0.0,0.0,0.0,0.0,0.0,0.0,0.0,0.0,0.0,0.0,0.0,0.0,0.0,0.0,0.0,0.0,0.0,0.0,66.67,66.67,0.0,99.17,0.0,0.0,0.0,0.73,0.73,,1.14,,,1.0,0.53,,,,,0.0,0.0,0.0,0.0,
4,高雄全家海神,109|111|116|121,于煥亞/唐維傑/呂威霆/吳曉謹,1,48,61.0,833.33,13.89,13:53,833.33,13.89,13:53,31.0,31.0,50.82,80.35,26.0,26.0,42.62,67.39,29.0,29.0,47.54,75.17,12.0,12.0,19.67,31.1,16.0,16.0,26.23,41.47,9.0,9.0,14.75,23.33,13.0,13.0,21.31,33.7,3.0,3.0,4.92,7.78,4.0,4.0,6.56,10.37,4.0,4.0,6.56,10.37,11.0,11.0,18.03,28.51,6.0,6.0,9.84,15.55,2.0,2.0,3.28,5.18,5.0,5.0,8.2,12.96,3.0,3.0,4.92,7.78,7.0,7.0,11.48,18.14,2.0,2.0,3.28,5.18,1.0,1.0,1.64,2.59,6.0,6.0,9.84,15.55,7.0,7.0,11.48,18.14,50.82,42.62,8.2,105.41,5.0,5.0,8.2,13.89,13.89,0.47,0.5,0.56,0.23,1.0,0.09,0.58,0.69,0.75,0.71,3.28,1.64,0.1,11.48,0.14
4,高雄全家海神,109|111|116|14037,于煥亞/唐維傑/呂威霆/奧迪傑,1,35,44.0,523.16,8.72,08:43,523.16,8.72,08:43,18.0,18.0,40.91,74.32,13.0,13.0,29.55,53.67,16.0,16.0,36.36,66.06,6.0,6.0,13.64,24.77,9.0,9.0,20.45,37.16,5.0,5.0,11.36,20.64,7.0,7.0,15.91,28.9,1.0,1.0,2.27,4.13,6.0,6.0,13.64,24.77,5.0,5.0,11.36,20.64,4.0,4.0,9.09,16.52,6.0,6.0,13.64,24.77,4.0,4.0,9.09,16.52,6.0,6.0,13.64,24.77,3.0,3.0,6.82,12.39,5.0,5.0,11.36,20.64,1.0,1.0,2.27,4.13,0.0,0.0,0.0,0.0,6.0,6.0,13.64,24.77,8.0,8.0,18.18,33.03,40.91,29.55,11.36,121.11,5.0,5.0,11.36,8.72,8.72,0.41,0.48,0.56,0.14,0.83,0.14,0.83,0.4,0.6,0.5,2.27,0.0,0.14,18.18,0.38
4,高雄全家海神,109|111|121|14037,于煥亞/唐維傑/吳曉謹/奧迪傑,2,43,54.0,782.84,13.05,13:03,391.42,6.52,06:31,28.0,14.0,51.85,77.26,22.0,11.0,40.74,60.7,22.0,11.0,40.74,60.7,9.0,4.5,16.67,24.83,10.0,5.0,18.52,27.59,5.0,2.5,9.26,13.8,12.0,6.0,22.22,33.11,4.0,2.0,7.41,11.04,6.0,3.0,11.11,16.56,6.0,3.0,11.11,16.56,8.0,4.0,14.81,22.07,4.0,2.0,7.41,11.04,3.0,1.5,5.56,8.28,7.0,3.5,12.96,19.31,5.0,2.5,9.26,13.8,4.0,2.0,7.41,11.04,2.0,1.0,3.7,5.52,1.0,0.5,1.85,2.76,8.0,4.0,14.81,22.07,5.0,2.5,9.26,13.8,51.85,40.74,11.11,99.33,6.0,3.0,11.11,13.05,6.52,0.5,0.57,0.5,0.33,1.0,0.17,0.44,0.53,0.57,0.55,3.7,1.85,0.15,9.26,0.27
4,高雄全家海神,109|116|121|14037,于煥亞/呂威霆/吳曉謹/奧迪傑,1,33,40.0,500.23,8.34,08:20,500.23,8.34,08:20,20.0,20.0,50.0,86.36,13.0,13.0,32.5,56.13,14.0,14.0,35.0,60.45,6.0,6.0,15.0,25.91,7.0,7.0,17.5,30.23,4.0,4.0,10.0,17.27,7.0,7.0,17.5,30.23,2.0,2.0,5.0,8.64,6.0,6.0,15.0,25.91,6.0,6.0,15.0,25.91,6.0,6.0,15.0,25.91,2.0,2.0,5.0,8.64,1.0,1.0,2.5,4.32,5.0,5.0,12.5,21.59,6.0,6.0,15.0,25.91,3.0,3.0,7.5,12.95,4.0,4.0,10.0,17.27,0.0,0.0,0.0,0.0,5.0,5.0,12.5,21.59,9.0,9.0,22.5,38.86,50.0,32.5,17.5,115.15,7.0,7.0,17.5,8.34,8.34,0.5,0.6,0.57,0.29,1.0,0.27,0.5,0.55,0.67,0.57,10.0,0.0,0.12,22.5,0.43
4,高雄全家海神,111|116|121|14037,唐維傑/呂威霆/吳曉謹/奧迪傑,1,15,19.0,277.58,4.63,04:38,277.58,4.63,04:38,13.0,13.0,68.42,101.16,6.0,6.0,31.58,46.69,8.0,8.0,42.11,62.25,4.0,4.0,21.05,31.13,4.0,4.0,21.05,31.13,3.0,3.0,15.79,23.35,4.0,4.0,21.05,31.13,1.0,1.0,5.26,7.78,4.0,4.0,21.05,31.13,4.0,4.0,21.05,31.13,4.0,4.0,21.05,31.13,0.0,0.0,0.0,0.0,0.0,0.0,0.0,0.0,2.0,2.0,10.53,15.56,2.0,2.0,10.53,15.56,2.0,2.0,10.53,15.56,1.0,1.0,5.26,7.78,0.0,0.0,0.0,0.0,4.0,4.0,21.05,31.13,5.0,5.0,26.32,38.91,68.42,31.58,36.84,98.57,7.0,7.0,36.84,4.63,4.63,0.56,0.67,0.75,0.25,1.0,0.17,0.5,0.67,,0.67,5.26,0.0,0.21,26.32,0.5
4,高雄全家海神,109|111|116|119,于煥亞/唐維傑/呂威霆/余純安,1,24,29.0,318.18,5.3,05:18,318.18,5.3,05:18,5.0,5.0,17.24,33.94,7.0,7.0,24.14,47.52,10.0,10.0,34.48,67.89,2.0,2.0,6.9,13.58,5.0,5.0,17.24,33.94,2.0,2.0,6.9,13.58,5.0,5.0,17.24,33.94,0.0,0.0,0.0,0.0,2.0,2.0,6.9,13.58,1.0,1.0,3.45,6.79,0.0,0.0,0.0,0.0,8.0,8.0,27.59,54.31,4.0,4.0,13.79,27.15,4.0,4.0,13.79,27.15,1.0,1.0,3.45,6.79,3.0,3.0,10.34,20.37,0.0,0.0,0.0,0.0,0.0,0.0,0.0,0.0,3.0,3.0,10.34,20.37,3.0,3.0,10.34,20.37,17.24,24.14,-6.9,131.25,-2.0,-2.0,-6.9,5.3,5.3,0.2,0.23,0.4,0.0,0.5,0.08,1.5,0.0,0.67,0.5,0.0,0.0,0.1,10.34,0.2
4,高雄全家海神,109|111|119|14037,于煥亞/唐維傑/余純安/奧迪傑,2,33,42.0,409.61,6.83,06:50,204.8,3.41,03:25,13.0,6.5,30.95,68.55,16.0,8.0,38.1,84.37,11.0,5.5,26.19,58.01,5.0,2.5,11.9,26.37,8.0,4.0,19.05,42.19,5.0,2.5,11.9,26.37,3.0,1.5,7.14,15.82,0.0,0.0,0.0,0.0,4.0,2.0,9.52,21.09,3.0,1.5,7.14,15.82,0.0,0.0,0.0,0.0,6.0,3.0,14.29,31.64,5.0,2.5,11.9,26.37,4.0,2.0,9.52,21.09,4.0,2.0,9.52,21.09,4.0,2.0,9.52,21.09,2.0,1.0,4.76,10.55,0.0,0.0,0.0,0.0,3.0,1.5,7.14,15.82,3.0,1.5,7.14,15.82,30.95,38.1,-7.14,147.65,-3.0,-1.5,-7.14,6.83,3.41,0.45,0.51,0.62,0.0,0.75,0.24,0.8,0.0,0.55,0.4,4.76,0.0,0.07,7.14,0.36
4,高雄全家海神,109|116|119|14037,于煥亞/呂威霆/余純安/奧迪傑,1,35,42.0,458.33,7.64,07:38,458.33,7.64,07:38,12.0,12.0,28.57,56.55,12.0,12.0,28.57,56.55,14.0,14.0,33.33,65.98,4.0,4.0,9.52,18.85,8.0,8.0,19.05,37.7,3.0,3.0,7.14,14.14,6.0,6.0,14.29,28.28,1.0,1.0,2.38,4.71,4.0,4.0,9.52,18.85,3.0,3.0,7.14,14.14,2.0,2.0,4.76,9.43,8.0,8.0,19.05,37.7,4.0,4.0,9.52,18.85,7.0,7.0,16.67,32.99,4.0,4.0,9.52,18.85,4.0,4.0,9.52,18.85,3.0,3.0,7.14,14.14,0.0,0.0,0.0,0.0,3.0,3.0,7.14,14.14,5.0,5.0,11.9,23.56,28.57,28.57,0.0,131.96,0.0,0.0,0.0,7.64,7.64,0.32,0.38,0.38,0.17,0.75,0.2,1.0,0.22,0.67,0.48,7.14,0.0,0.07,11.9,0.29
4,高雄全家海神,111|116|119|14037,唐維傑/呂威霆/余純安/奧迪傑,2,45,53.0,656.19,10.94,10:56,328.1,5.47,05:28,11.0,5.5,20.75,36.21,18.0,9.0,33.96,59.25,17.0,8.5,32.08,55.96,5.0,2.5,9.43,16.46,9.0,4.5,16.98,29.63,5.0,2.5,9.43,16.46,8.0,4.0,15.09,26.33,0.0,0.0,0.0,0.0,2.0,1.0,3.77,6.58,1.0,0.5,1.89,3.29,0.0,0.0,0.0,0.0,12.0,6.0,22.64,39.5,6.0,3.0,11.32,19.75,10.0,5.0,18.87,32.92,4.0,2.0,7.55,13.17,6.0,3.0,11.32,19.75,2.0,1.0,3.77,6.58,0.0,0.0,0.0,0.0,5.0,2.5,9.43,16.46,6.0,3.0,11.32,19.75,20.75,33.96,-13.21,116.31,-7.0,-3.5,-13.21,10.94,5.47,0.29,0.31,0.56,0.0,0.5,0.18,1.2,0.0,0.67,0.43,3.77,0.0,0.09,11.32,0.12
4,高雄全家海神,51|109|110|119,克力斯/于煥亞/胡瓏貿/余純安,1,5,5.0,86.0,1.43,01:26,86.0,1.43,01:26,2.0,2.0,40.0,50.23,5.0,5.0,100.0,125.58,1.0,1.0,20.0,25.12,1.0,1.0,20.0,25.12,1.0,1.0,20.0,25.12,1.0,1.0,20.0,25.12,0.0,0.0,0.0,0.0,0.0,0.0,0.0,0.0,0.0,0.0,0.0,0.0,0.0,0.0,0.0,0.0,0.0,0.0,0.0,0.0,0.0,0.0,0.0,0.0,0.0,0.0,0.0,0.0,0.0,0.0,0.0,0.0,1.0,1.0,20.0,25.12,0.0,0.0,0.0,0.0,1.0,1.0,20.0,25.12,0.0,0.0,0.0,0.0,0.0,0.0,0.0,0.0,0.0,0.0,0.0,0.0,40.0,100.0,-60.0,83.72,-3.0,-3.0,-60.0,1.43,1.43,1.0,1.0,1.0,,,0.5,0.0,,,,20.0,0.0,0.0,0.0,0.0
4,高雄全家海神,51|110|119|121,克力斯/胡瓏貿/余純安/吳曉謹,5,50,56.0,832.02,13.87,13:52,166.4,2.77,02:46,23.0,4.6,41.07,59.71,26.0,5.2,46.43,67.5,23.0,4.6,41.07,59.71,9.0,1.8,16.07,23.36,11.0,2.2,19.64,28.56,6.0,1.2,10.71,15.58,12.0,2.4,21.43,31.15,3.0,0.6,5.36,7.79,4.0,0.8,7.14,10.38,2.0,0.4,3.57,5.19,4.0,0.8,7.14,10.38,11.0,2.2,19.64,28.56,1.0,0.2,1.79,2.6,8.0,1.6,14.29,20.77,6.0,1.2,10.71,15.58,3.0,0.6,5.36,7.79,5.0,1.0,8.93,12.98,2.0,0.4,3.57,5.19,3.0,0.6,5.36,7.79,5.0,1.0,8.93,12.98,41.07,46.43,-5.36,96.92,-3.0,-0.6,-5.36,13.87,2.77,0.46,0.46,0.55,0.25,0.5,0.2,0.33,0.33,0.92,0.62,8.93,3.57,0.05,8.93,0.17
4,福爾摩沙夢想家,77|83|91|13906,馬建豪/吳家駿/簡偉儒/班提爾,1,15,19.0,226.4,3.77,03:46,226.4,3.77,03:46,6.0,6.0,31.58,57.24,10.0,10.0,52.63,95.4,7.0,7.0,36.84,66.78,3.0,3.0,15.79,28.62,5.0,5.0,26.32,47.7,3.0,3.0,15.79,28.62,2.0,2.0,10.53,19.08,0.0,0.0,0.0,0.0,0.0,0.0,0.0,0.0,0.0,0.0,0.0,0.0,2.0,2.0,10.53,19.08,2.0,2.0,10.53,19.08,2.0,2.0,10.53,19.08,1.0,1.0,5.26,9.54,2.0,2.0,10.53,19.08,3.0,3.0,15.79,28.62,0.0,0.0,0.0,0.0,0.0,0.0,0.0,0.0,0.0,0.0,0.0,0.0,2.0,2.0,10.53,19.08,31.58,52.63,-21.05,120.85,-4.0,-4.0,-21.05,3.77,3.77,0.43,0.43,0.6,0.0,,0.22,1.0,0.67,0.5,0.57,0.0,0.0,0.0,10.53,0.0
4,福爾摩沙夢想家,77|91|13777|13906,馬建豪/簡偉儒/布依德/班提爾,2,40,51.0,667.9,11.13,11:08,333.95,5.57,05:34,15.0,7.5,29.41,48.51,26.0,13.0,50.98,84.08,19.0,9.5,37.25,61.45,6.0,3.0,11.76,19.4,11.0,5.5,21.57,35.57,6.0,3.0,11.76,19.4,8.0,4.0,15.69,25.87,0.0,0.0,0.0,0.0,5.0,2.5,9.8,16.17,3.0,1.5,5.88,9.7,4.0,2.0,7.84,12.94,9.0,4.5,17.65,29.11,7.0,3.5,13.73,22.64,3.0,1.5,5.88,9.7,4.0,2.0,7.84,12.94,3.0,1.5,5.88,9.7,1.0,0.5,1.96,3.23,0.0,0.0,0.0,0.0,3.0,1.5,5.88,9.7,4.0,2.0,7.84,12.94,29.41,50.98,-21.57,109.96,-11.0,-5.5,-21.57,11.13,5.57,0.32,0.35,0.55,0.0,0.6,0.16,0.5,0.57,0.56,0.57,1.96,0.0,0.06,7.84,0.26
4,福爾摩沙夢想家,83|91|13777|13906,吳家駿/簡偉儒/布依德/班提爾,1,15,19.0,226.4,3.77,03:46,226.4,3.77,03:46,6.0,6.0,31.58,57.24,10.0,10.0,52.63,95.4,7.0,7.0,36.84,66.78,3.0,3.0,15.79,28.62,5.0,5.0,26.32,47.7,3.0,3.0,15.79,28.62,2.0,2.0,10.53,19.08,0.0,0.0,0.0,0.0,0.0,0.0,0.0,0.0,0.0,0.0,0.0,0.0,2.0,2.0,10.53,19.08,2.0,2.0,10.53,19.08,2.0,2.0,10.53,19.08,1.0,1.0,5.26,9.54,2.0,2.0,10.53,19.08,3.0,3.0,15.79,28.62,0.0,0.0,0.0,0.0,0.0,0.0,0.0,0.0,0.0,0.0,0.0,0.0,2.0,2.0,10.53,19.08,31.58,52.63,-21.05,120.85,-4.0,-4.0,-21.05,3.77,3.77,0.43,0.43,0.6,0.0,,0.22,1.0,0.67,0.5,0.57,0.0,0.0,0.0,10.53,0.0
4,高雄全家海神,109|110|121|14037,于煥亞/胡瓏貿/吳曉謹/奧迪傑,2,39,48.0,552.17,9.2,09:12,276.08,4.6,04:36,21.0,10.5,43.75,82.15,24.0,12.0,50.0,93.88,16.0,8.0,33.33,62.59,7.0,3.5,14.58,27.38,7.0,3.5,14.58,27.38,2.0,1.0,4.17,7.82,9.0,4.5,18.75,35.21,5.0,2.5,10.42,19.56,2.0,1.0,4.17,7.82,2.0,1.0,4.17,7.82,2.0,1.0,4.17,7.82,5.0,2.5,10.42,19.56,7.0,3.5,14.58,27.38,4.0,2.0,8.33,15.65,5.0,2.5,10.42,19.56,4.0,2.0,8.33,15.65,3.0,1.5,6.25,11.74,1.0,0.5,2.08,3.91,4.0,2.0,8.33,15.65,2.0,1.0,4.17,7.82,43.75,50.0,-6.25,125.18,-3.0,-1.5,-6.25,9.2,4.6,0.59,0.62,0.29,0.56,1.0,0.23,0.57,0.33,0.42,0.39,6.25,2.08,0.08,4.17,0.12
4,高雄全家海神,110|111|121|14037,胡瓏貿/唐維傑/吳曉謹/奧迪傑,2,16,19.0,324.26,5.4,05:24,162.13,2.7,02:42,14.0,7.0,73.68,93.26,11.0,5.5,57.89,73.27,8.0,4.0,42.11,53.29,4.0,2.0,21.05,26.65,2.0,1.0,10.53,13.32,0.0,0.0,0.0,0.0,6.0,3.0,31.58,39.97,4.0,2.0,21.05,26.65,2.0,1.0,10.53,13.32,2.0,1.0,10.53,13.32,2.0,1.0,10.53,13.32,1.0,0.5,5.26,6.66,1.0,0.5,5.26,6.66,1.0,0.5,5.26,6.66,2.0,1.0,10.53,13.32,3.0,1.5,15.79,19.98,1.0,0.5,5.26,6.66,1.0,0.5,5.26,6.66,2.0,1.0,10.53,13.32,0.0,0.0,0.0,0.0,73.68,57.89,15.79,84.38,3.0,1.5,15.79,5.4,2.7,0.75,0.79,0.0,0.67,1.0,0.18,0.75,0.67,0.5,0.6,5.26,5.26,0.11,0.0,0.25
4,高雄全家海神,109|110|119|14037,于煥亞/胡瓏貿/余純安/奧迪傑,2,23,29.0,307.0,5.12,05:07,153.5,2.56,02:33,10.0,5.0,34.48,70.36,13.0,6.5,44.83,91.47,10.0,5.0,34.48,70.36,4.0,2.0,13.79,28.14,6.0,3.0,20.69,42.21,2.0,1.0,6.9,14.07,4.0,2.0,13.79,28.14,2.0,1.0,6.9,14.07,0.0,0.0,0.0,0.0,0.0,0.0,0.0,0.0,1.0,0.5,3.45,7.04,4.0,2.0,13.79,28.14,5.0,2.5,17.24,35.18,3.0,1.5,10.34,21.11,3.0,1.5,10.34,21.11,2.0,1.0,6.9,14.07,3.0,1.5,10.34,21.11,0.0,0.0,0.0,0.0,2.0,1.0,6.9,14.07,0.0,0.0,0.0,0.0,34.48,44.83,-10.34,136.03,-3.0,-1.5,-10.34,5.12,2.56,0.5,0.5,0.33,0.5,,0.23,0.5,0.25,0.44,0.38,10.34,0.0,0.07,0.0,0.0
4,高雄全家海神,110|119|121|14037,胡瓏貿/余純安/吳曉謹/奧迪傑,3,53,62.0,733.69,12.23,12:14,244.56,4.08,04:05,23.0,7.67,37.1,67.71,32.0,10.67,51.61,94.21,23.0,7.67,37.1,67.71,9.0,3.0,14.52,26.5,14.0,4.67,22.58,41.22,6.0,2.0,9.68,17.66,9.0,3.0,14.52,26.5,3.0,1.0,4.84,8.83,2.0,0.67,3.23,5.89,2.0,0.67,3.23,5.89,3.0,1.0,4.84,8.83,9.0,3.0,14.52,26.5,7.0,2.33,11.29,20.61,9.0,3.0,14.52,26.5,5.0,1.67,8.06,14.72,6.0,2.0,9.68,17.66,5.0,1.67,8.06,14.72,1.0,0.33,1.61,2.94,3.0,1.0,4.84,8.83,3.0,1.0,4.84,8.83,37.1,51.61,-14.52,121.69,-9.0,-3.0,-14.52,12.23,4.08,0.46,0.48,0.43,0.33,1.0,0.17,0.67,0.25,0.56,0.43,8.06,1.61,0.05,4.84,0.09
4,高雄全家海神,109|116|119|121,于煥亞/呂威霆/余純安/吳曉謹,1,15,17.0,212.75,3.55,03:33,212.75,3.55,03:33,7.0,7.0,41.18,71.07,5.0,5.0,29.41,50.76,6.0,6.0,35.29,60.92,2.0,2.0,11.76,20.31,3.0,3.0,17.65,30.46,1.0,1.0,5.88,10.15,3.0,3.0,17.65,30.46,1.0,1.0,5.88,10.15,2.0,2.0,11.76,20.31,2.0,2.0,11.76,20.31,2.0,2.0,11.76,20.31,2.0,2.0,11.76,20.31,0.0,0.0,0.0,0.0,3.0,3.0,17.65,30.46,3.0,3.0,17.65,30.46,1.0,1.0,5.88,10.15,3.0,3.0,17.65,30.46,0.0,0.0,0.0,0.0,1.0,1.0,5.88,10.15,2.0,2.0,11.76,20.31,41.18,29.41,11.76,115.06,2.0,2.0,11.76,3.55,3.55,0.42,0.51,0.33,0.33,1.0,0.3,0.5,0.4,1.0,0.57,17.65,0.0,0.06,11.76,0.33
4,高雄全家海神,116|119|121|14037,呂威霆/余純安/吳曉謹/奧迪傑,2,16,18.0,244.75,4.08,04:05,122.37,2.04,02:02,7.0,3.5,38.89,61.78,5.0,2.5,27.78,44.13,6.0,3.0,33.33,52.95,2.0,1.0,11.11,17.65,3.0,1.5,16.67,26.48,1.0,0.5,5.56,8.83,3.0,1.5,16.67,26.48,1.0,0.5,5.56,8.83,2.0,1.0,11.11,17.65,2.0,1.0,11.11,17.65,2.0,1.0,11.11,17.65,2.0,1.0,11.11,17.65,0.0,0.0,0.0,0.0,3.0,1.5,16.67,26.48,4.0,2.0,22.22,35.3,1.0,0.5,5.56,8.83,4.0,2.0,22.22,35.3,0.0,0.0,0.0,0.0,1.0,0.5,5.56,8.83,2.0,1.0,11.11,17.65,38.89,27.78,11.11,105.9,2.0,1.0,11.11,4.08,2.04,0.42,0.51,0.33,0.33,1.0,0.37,0.5,0.4,1.0,0.57,22.22,0.0,0.06,11.11,0.33
4,福爾摩沙夢想家,89|91|103|13777,蔣淯安/簡偉儒/忻沃克/布依德,1,8,8.0,116.75,1.95,01:57,116.75,1.95,01:57,5.0,5.0,62.5,92.51,2.0,2.0,25.0,37.0,2.0,2.0,25.0,37.0,2.0,2.0,25.0,37.0,2.0,2.0,25.0,37.0,2.0,2.0,25.0,37.0,0.0,0.0,0.0,0.0,0.0,0.0,0.0,0.0,2.0,2.0,25.0,37.0,1.0,1.0,12.5,18.5,0.0,0.0,0.0,0.0,1.0,1.0,12.5,18.5,0.0,0.0,0.0,0.0,2.0,2.0,25.0,37.0,1.0,1.0,12.5,18.5,1.0,1.0,12.5,18.5,0.0,0.0,0.0,0.0,0.0,0.0,0.0,0.0,2.0,2.0,25.0,37.0,2.0,2.0,25.0,37.0,62.5,25.0,37.5,98.67,3.0,3.0,37.5,1.95,1.95,1.0,0.87,1.0,,0.5,0.26,0.5,0.0,1.0,0.33,0.0,0.0,0.25,25.0,1.0
4,福爾摩沙夢想家,89|91|103|13906,蔣淯安/簡偉儒/忻沃克/班提爾,5,31,35.0,498.78,8.31,08:19,99.76,1.66,01:40,10.0,2.0,28.57,43.31,20.0,4.0,57.14,86.61,14.0,2.8,40.0,60.63,4.0,0.8,11.43,17.32,5.0,1.0,14.29,21.65,4.0,0.8,11.43,17.32,9.0,1.8,25.71,38.98,0.0,0.0,0.0,0.0,3.0,0.6,8.57,12.99,2.0,0.4,5.71,8.66,3.0,0.6,8.57,12.99,8.0,1.6,22.86,34.64,1.0,0.2,2.86,4.33,3.0,0.6,8.57,12.99,2.0,0.4,5.71,8.66,2.0,0.4,5.71,8.66,0.0,0.0,0.0,0.0,1.0,0.2,2.86,4.33,4.0,0.8,11.43,17.32,4.0,0.8,11.43,17.32,28.57,57.14,-28.57,101.05,-10.0,-2.0,-28.57,8.31,1.66,0.29,0.33,0.8,0.0,0.67,0.12,0.5,0.5,0.89,0.73,0.0,2.86,0.11,11.43,0.21
4,福爾摩沙夢想家,89|91|13777|13906,蔣淯安/簡偉儒/布依德/班提爾,1,21,26.0,367.69,6.13,06:08,367.69,6.13,06:08,11.0,11.0,42.31,64.62,11.0,11.0,42.31,64.62,8.0,8.0,30.77,47.0,4.0,4.0,15.38,23.5,5.0,5.0,19.23,29.37,4.0,4.0,15.38,23.5,3.0,3.0,11.54,17.62,0.0,0.0,0.0,0.0,5.0,5.0,19.23,29.37,3.0,3.0,11.54,17.62,1.0,1.0,3.85,5.87,4.0,4.0,15.38,23.5,4.0,4.0,15.38,23.5,1.0,1.0,3.85,5.87,2.0,2.0,7.69,11.75,0.0,0.0,0.0,0.0,1.0,1.0,3.85,5.87,0.0,0.0,0.0,0.0,4.0,4.0,15.38,23.5,2.0,2.0,7.69,11.75,42.31,42.31,0.0,101.82,0.0,0.0,0.0,6.13,6.13,0.5,0.54,0.8,0.0,0.6,0.16,0.0,0.5,0.5,0.5,3.85,0.0,0.15,7.69,0.62
4,福爾摩沙夢想家,91|103|13777|13906,簡偉儒/忻沃克/布依德/班提爾,1,3,3.0,50.2,0.84,00:50,50.2,0.84,00:50,2.0,2.0,66.67,86.06,2.0,2.0,66.67,86.06,1.0,1.0,33.33,43.03,1.0,1.0,33.33,43.03,1.0,1.0,33.33,43.03,1.0,1.0,33.33,43.03,0.0,0.0,0.0,0.0,0.0,0.0,0.0,0.0,0.0,0.0,0.0,0.0,0.0,0.0,0.0,0.0,0.0,0.0,0.0,0.0,0.0,0.0,0.0,0.0,0.0,0.0,0.0,0.0,0.0,0.0,0.0,0.0,0.0,0.0,0.0,0.0,0.0,0.0,0.0,0.0,0.0,0.0,0.0,0.0,0.0,0.0,0.0,0.0,1.0,1.0,33.33,43.03,2.0,2.0,66.67,86.06,66.67,66.67,0.0,86.06,0.0,0.0,0.0,0.84,0.84,1.0,1.0,1.0,,,0.0,0.0,,,,0.0,0.0,0.33,66.67,0.0
4,福爾摩沙夢想家,91|103|106|13777,簡偉儒/忻沃克/高柏鎧/布依德,1,5,5.0,66.55,1.11,01:07,66.55,1.11,01:07,3.0,3.0,60.0,97.37,0.0,0.0,0.0,0.0,1.0,1.0,20.0,32.46,1.0,1.0,20.0,32.46,1.0,1.0,20.0,32.46,1.0,1.0,20.0,32.46,0.0,0.0,0.0,0.0,0.0,0.0,0.0,0.0,2.0,2.0,40.0,64.91,1.0,1.0,20.0,32.46,0.0,0.0,0.0,0.0,1.0,1.0,20.0,32.46,0.0,0.0,0.0,0.0,2.0,2.0,40.0,64.91,1.0,1.0,20.0,32.46,1.0,1.0,20.0,32.46,0.0,0.0,0.0,0.0,0.0,0.0,0.0,0.0,1.0,1.0,20.0,32.46,0.0,0.0,0.0,0.0,60.0,0.0,60.0,108.19,3.0,3.0,60.0,1.11,1.11,1.0,0.8,1.0,,0.5,0.35,1.0,0.0,1.0,0.33,0.0,0.0,0.2,0.0,2.0
4,高雄全家海神,45|111|119|14037,施晉堯/唐維傑/余純安/奧迪傑,1,8,8.0,144.0,2.4,02:24,144.0,2.4,02:24,2.0,2.0,25.0,30.0,2.0,2.0,25.0,30.0,4.0,4.0,50.0,60.0,1.0,1.0,12.5,15.0,1.0,1.0,12.5,15.0,1.0,1.0,12.5,15.0,3.0,3.0,37.5,45.0,0.0,0.0,0.0,0.0,0.0,0.0,0.0,0.0,0.0,0.0,0.0,0.0,0.0,0.0,0.0,0.0,3.0,3.0,37.5,45.0,0.0,0.0,0.0,0.0,3.0,3.0,37.5,45.0,0.0,0.0,0.0,0.0,1.0,1.0,12.5,15.0,0.0,0.0,0.0,0.0,0.0,0.0,0.0,0.0,1.0,1.0,12.5,15.0,0.0,0.0,0.0,0.0,25.0,25.0,0.0,80.0,0.0,0.0,0.0,2.4,2.4,0.25,0.25,1.0,0.0,,0.0,1.0,0.0,1.0,0.5,0.0,0.0,0.12,0.0,0.0
4,高雄全家海神,45|116|119|14037,施晉堯/呂威霆/余純安/奧迪傑,2,10,11.0,198.72,3.31,03:19,99.36,1.66,01:39,2.0,1.0,18.18,21.74,6.0,3.0,54.55,65.22,4.0,2.0,36.36,43.48,1.0,0.5,9.09,10.87,1.0,0.5,9.09,10.87,1.0,0.5,9.09,10.87,3.0,1.5,27.27,32.61,0.0,0.0,0.0,0.0,2.0,1.0,18.18,21.74,0.0,0.0,0.0,0.0,0.0,0.0,0.0,0.0,4.0,2.0,36.36,43.48,0.0,0.0,0.0,0.0,4.0,2.0,36.36,43.48,0.0,0.0,0.0,0.0,1.0,0.5,9.09,10.87,0.0,0.0,0.0,0.0,0.0,0.0,0.0,0.0,3.0,1.5,27.27,32.61,2.0,1.0,18.18,21.74,18.18,54.55,-36.36,79.71,-4.0,-2.0,-36.36,3.31,1.66,0.25,0.2,1.0,0.0,0.0,0.0,1.0,0.0,1.0,0.5,0.0,0.0,0.27,18.18,0.5
4,高雄全家海神,51|109|111|119,克力斯/于煥亞/唐維傑/余純安,2,16,20.0,223.63,3.73,03:44,111.82,1.86,01:52,6.0,3.0,30.0,57.95,9.0,4.5,45.0,86.93,5.0,2.5,25.0,48.29,3.0,1.5,15.0,28.98,3.0,1.5,15.0,28.98,3.0,1.5,15.0,28.98,2.0,1.0,10.0,19.32,0.0,0.0,0.0,0.0,0.0,0.0,0.0,0.0,0.0,0.0,0.0,0.0,0.0,0.0,0.0,0.0,2.0,1.0,10.0,19.32,1.0,0.5,5.0,9.66,0.0,0.0,0.0,0.0,3.0,1.5,15.0,28.98,1.0,0.5,5.0,9.66,2.0,1.0,10.0,19.32,0.0,0.0,0.0,0.0,2.0,1.0,10.0,19.32,0.0,0.0,0.0,0.0,30.0,45.0,-15.0,128.78,-3.0,-1.5,-15.0,3.73,1.86,0.6,0.6,1.0,0.0,,0.38,0.33,,0.67,0.67,10.0,0.0,0.1,0.0,0.0
4,高雄全家海神,51|109|116|119,克力斯/于煥亞/呂威霆/余純安,2,7,7.0,122.98,2.05,02:03,61.49,1.02,01:01,0.0,0.0,0.0,0.0,0.0,0.0,0.0,0.0,4.0,2.0,57.14,70.25,0.0,0.0,0.0,0.0,1.0,0.5,14.29,17.56,0.0,0.0,0.0,0.0,3.0,1.5,42.86,52.69,0.0,0.0,0.0,0.0,0.0,0.0,0.0,0.0,0.0,0.0,0.0,0.0,0.0,0.0,0.0,0.0,4.0,2.0,57.14,70.25,0.0,0.0,0.0,0.0,1.0,0.5,14.29,17.56,0.0,0.0,0.0,0.0,0.0,0.0,0.0,0.0,0.0,0.0,0.0,0.0,0.0,0.0,0.0,0.0,1.0,0.5,14.29,17.56,2.0,1.0,28.57,35.13,0.0,0.0,0.0,81.96,0.0,0.0,0.0,2.05,1.02,0.0,0.0,0.0,0.0,,0.0,,0.0,1.0,0.8,0.0,0.0,0.14,28.57,0.0
4,福爾摩沙夢想家,77|89|91|13777,馬建豪/蔣淯安/簡偉儒/布依德,1,18,23.0,317.49,5.29,05:17,317.49,5.29,05:17,9.0,9.0,39.13,61.23,9.0,9.0,39.13,61.23,7.0,7.0,30.43,47.62,3.0,3.0,13.04,20.41,4.0,4.0,17.39,27.21,3.0,3.0,13.04,20.41,3.0,3.0,13.04,20.41,0.0,0.0,0.0,0.0,5.0,5.0,21.74,34.02,3.0,3.0,13.04,20.41,1.0,1.0,4.35,6.8,4.0,4.0,17.39,27.21,4.0,4.0,17.39,27.21,1.0,1.0,4.35,6.8,2.0,2.0,8.7,13.61,0.0,0.0,0.0,0.0,1.0,1.0,4.35,6.8,0.0,0.0,0.0,0.0,3.0,3.0,13.04,20.41,0.0,0.0,0.0,0.0,39.13,39.13,0.0,104.32,0.0,0.0,0.0,5.29,5.29,0.43,0.49,0.75,0.0,0.6,0.18,0.0,0.5,0.5,0.5,4.35,0.0,0.13,0.0,0.71
4,福爾摩沙夢想家,77|89|91|13906,馬建豪/蔣淯安/簡偉儒/班提爾,3,37,48.0,618.08,10.3,10:18,206.03,3.43,03:26,13.0,4.33,27.08,45.43,17.0,5.67,35.42,59.41,16.0,5.33,33.33,55.92,5.0,1.67,10.42,17.47,9.0,3.0,18.75,31.45,5.0,1.67,10.42,17.47,7.0,2.33,14.58,24.46,0.0,0.0,0.0,0.0,5.0,1.67,10.42,17.47,3.0,1.0,6.25,10.48,2.0,0.67,4.17,6.99,10.0,3.33,20.83,34.95,9.0,3.0,18.75,31.45,6.0,2.0,12.5,20.97,3.0,1.0,6.25,10.48,2.0,0.67,4.17,6.99,2.0,0.67,4.17,6.99,1.0,0.33,2.08,3.49,3.0,1.0,6.25,10.48,6.0,2.0,12.5,20.97,27.08,35.42,-8.33,111.83,-4.0,-1.33,-8.33,10.3,3.43,0.31,0.36,0.56,0.0,0.6,0.14,0.4,0.25,0.53,0.44,4.17,2.08,0.06,12.5,0.31
4,高雄全家海神,109|110|116|121,于煥亞/胡瓏貿/呂威霆/吳曉謹,1,3,4.0,9.91,0.17,00:10,9.91,0.17,00:10,0.0,0.0,0.0,0.0,2.0,2.0,50.0,436.01,0.0,0.0,0.0,0.0,0.0,0.0,0.0,0.0,0.0,0.0,0.0,0.0,0.0,0.0,0.0,0.0,0.0,0.0,0.0,0.0,0.0,0.0,0.0,0.0,0.0,0.0,0.0,0.0,0.0,0.0,0.0,0.0,0.0,0.0,0.0,0.0,0.0,0.0,0.0,0.0,1.0,1.0,25.0,218.01,0.0,0.0,0.0,0.0,1.0,1.0,25.0,218.01,0.0,0.0,0.0,0.0,0.0,0.0,0.0,0.0,0.0,0.0,0.0,0.0,0.0,0.0,0.0,0.0,2.0,2.0,50.0,436.01,0.0,50.0,-50.0,581.35,-2.0,-2.0,-50.0,0.17,0.17,,,,,,1.0,,,0.0,0.0,0.0,0.0,0.0,50.0,
4,高雄全家海神,109|110|116|14037,于煥亞/胡瓏貿/呂威霆/奧迪傑,1,3,4.0,9.91,0.17,00:10,9.91,0.17,00:10,0.0,0.0,0.0,0.0,2.0,2.0,50.0,436.01,0.0,0.0,0.0,0.0,0.0,0.0,0.0,0.0,0.0,0.0,0.0,0.0,0.0,0.0,0.0,0.0,0.0,0.0,0.0,0.0,0.0,0.0,0.0,0.0,0.0,0.0,0.0,0.0,0.0,0.0,0.0,0.0,0.0,0.0,0.0,0.0,0.0,0.0,0.0,0.0,1.0,1.0,25.0,218.01,0.0,0.0,0.0,0.0,1.0,1.0,25.0,218.01,0.0,0.0,0.0,0.0,0.0,0.0,0.0,0.0,0.0,0.0,0.0,0.0,0.0,0.0,0.0,0.0,2.0,2.0,50.0,436.01,0.0,50.0,-50.0,581.35,-2.0,-2.0,-50.0,0.17,0.17,,,,,,1.0,,,0.0,0.0,0.0,0.0,0.0,50.0,
4,桃園台啤永豐雲豹,12|54|62|10860,曹薰襄/高錦瑋/王皓吉/麥卡洛,1,15,17.0,202.34,3.37,03:22,202.34,3.37,03:22,8.0,8.0,47.06,85.4,7.0,7.0,41.18,74.73,5.0,5.0,29.41,53.38,2.0,2.0,11.76,21.35,3.0,3.0,17.65,32.03,1.0,1.0,5.88,10.68,2.0,2.0,11.76,21.35,1.0,1.0,5.88,10.68,4.0,4.0,23.53,42.7,3.0,3.0,17.65,32.03,1.0,1.0,5.88,10.68,3.0,3.0,17.65,32.03,0.0,0.0,0.0,0.0,1.0,1.0,5.88,10.68,1.0,1.0,5.88,10.68,0.0,0.0,0.0,0.0,1.0,1.0,5.88,10.68,0.0,0.0,0.0,0.0,2.0,2.0,11.76,21.35,4.0,4.0,23.53,42.7,47.06,41.18,5.88,120.99,1.0,1.0,5.88,3.37,3.37,0.5,0.59,0.33,0.5,0.75,0.13,0.0,0.5,1.0,0.8,5.88,0.0,0.12,23.53,0.8
4,桃園台啤永豐雲豹,12|16|55|10860,曹薰襄/米勒/汪哲宇/麥卡洛,2,35,42.0,648.92,10.82,10:49,324.46,5.41,05:24,23.0,11.5,54.76,76.56,14.0,7.0,33.33,46.6,17.0,8.5,40.48,56.59,10.0,5.0,23.81,33.29,11.0,5.5,26.19,36.61,8.0,4.0,19.05,26.63,6.0,3.0,14.29,19.97,2.0,1.0,4.76,6.66,2.0,1.0,4.76,6.66,1.0,0.5,2.38,3.33,1.0,0.5,2.38,3.33,6.0,3.0,14.29,19.97,4.0,2.0,9.52,13.31,7.0,3.5,16.67,23.3,0.0,0.0,0.0,0.0,7.0,3.5,16.67,23.3,0.0,0.0,0.0,0.0,0.0,0.0,0.0,0.0,4.0,2.0,9.52,13.31,6.0,3.0,14.29,19.97,54.76,33.33,21.43,93.2,9.0,4.5,21.43,10.82,5.41,0.65,0.64,0.73,0.33,0.5,0.0,0.7,0.12,0.6,0.39,0.0,0.0,0.1,14.29,0.12
4,桃園台啤永豐雲豹,12|55|62|10860,曹薰襄/汪哲宇/王皓吉/麥卡洛,1,40,42.0,616.82,10.28,10:17,616.82,10.28,10:17,23.0,23.0,54.76,80.54,18.0,18.0,42.86,63.03,17.0,17.0,40.48,59.53,10.0,10.0,23.81,35.02,12.0,12.0,28.57,42.02,8.0,8.0,19.05,28.01,5.0,5.0,11.9,17.51,2.0,2.0,4.76,7.0,2.0,2.0,4.76,7.0,1.0,1.0,2.38,3.5,1.0,1.0,2.38,3.5,6.0,6.0,14.29,21.01,1.0,1.0,2.38,3.5,10.0,10.0,23.81,35.02,2.0,2.0,4.76,7.0,7.0,7.0,16.67,24.51,1.0,1.0,2.38,3.5,0.0,0.0,0.0,0.0,4.0,4.0,9.52,14.01,7.0,7.0,16.67,24.51,54.76,42.86,11.9,98.05,5.0,5.0,11.9,10.28,10.28,0.65,0.64,0.67,0.4,0.5,0.1,0.7,0.09,0.86,0.39,2.38,0.0,0.1,16.67,0.12
4,桃園台啤永豐雲豹,16|55|62|10860,米勒/汪哲宇/王皓吉/麥卡洛,1,32,35.0,522.76,8.71,08:43,522.76,8.71,08:43,25.0,25.0,71.43,103.3,18.0,18.0,51.43,74.37,14.0,14.0,40.0,57.85,10.0,10.0,28.57,41.32,9.0,9.0,25.71,37.19,8.0,8.0,22.86,33.06,5.0,5.0,14.29,20.66,2.0,2.0,5.71,8.26,4.0,4.0,11.43,16.53,3.0,3.0,8.57,12.4,1.0,1.0,2.86,4.13,3.0,3.0,8.57,12.4,2.0,2.0,5.71,8.26,7.0,7.0,20.0,28.92,0.0,0.0,0.0,0.0,7.0,7.0,20.0,28.92,0.0,0.0,0.0,0.0,0.0,0.0,0.0,0.0,4.0,4.0,11.43,16.53,6.0,6.0,17.14,24.79,71.43,51.43,20.0,96.41,7.0,7.0,20.0,8.71,8.71,0.79,0.79,0.89,0.4,0.75,0.0,0.7,0.12,0.6,0.31,0.0,0.0,0.11,17.14,0.29
4,臺北台新戰神,5|10863|13400|13907,黃聰翰/魏芃禾/史東/梅克,1,4,5.0,65.0,1.08,01:05,65.0,1.08,01:05,0.0,0.0,0.0,0.0,5.0,5.0,100.0,166.15,2.0,2.0,40.0,66.46,0.0,0.0,0.0,0.0,0.0,0.0,0.0,0.0,0.0,0.0,0.0,0.0,2.0,2.0,40.0,66.46,0.0,0.0,0.0,0.0,0.0,0.0,0.0,0.0,0.0,0.0,0.0,0.0,1.0,1.0,20.0,33.23,1.0,1.0,20.0,33.23,0.0,0.0,0.0,0.0,0.0,0.0,0.0,0.0,1.0,1.0,20.0,33.23,0.0,0.0,0.0,0.0,1.0,1.0,20.0,33.23,0.0,0.0,0.0,0.0,0.0,0.0,0.0,0.0,0.0,0.0,0.0,0.0,0.0,100.0,-100.0,110.77,-5.0,-5.0,-100.0,1.08,1.08,0.0,0.0,,0.0,,0.33,,1.0,1.0,1.0,20.0,0.0,0.0,0.0,0.0
4,臺北台新戰神,5|10865|13400|13907,黃聰翰/謝銘駿/史東/梅克,1,34,38.0,489.77,8.16,08:10,489.77,8.16,08:10,16.0,16.0,42.11,70.56,16.0,16.0,42.11,70.56,14.0,14.0,36.84,61.74,7.0,7.0,18.42,30.87,8.0,8.0,21.05,35.28,6.0,6.0,15.79,26.46,6.0,6.0,15.79,26.46,1.0,1.0,2.63,4.41,3.0,3.0,7.89,13.23,1.0,1.0,2.63,4.41,1.0,1.0,2.63,4.41,7.0,7.0,18.42,30.87,1.0,1.0,2.63,4.41,7.0,7.0,18.42,30.87,3.0,3.0,7.89,13.23,3.0,3.0,7.89,13.23,2.0,2.0,5.26,8.82,0.0,0.0,0.0,0.0,5.0,5.0,13.16,22.05,4.0,4.0,10.53,17.64,42.11,42.11,0.0,111.73,0.0,0.0,0.0,8.16,8.16,0.54,0.52,0.75,0.17,0.33,0.16,0.43,0.12,0.88,0.5,5.26,0.0,0.13,10.53,0.21
4,臺北台新戰神,10863|10865|13400|13907,魏芃禾/謝銘駿/史東/梅克,1,4,5.0,72.0,1.2,01:12,72.0,1.2,01:12,0.0,0.0,0.0,0.0,5.0,5.0,100.0,150.0,2.0,2.0,40.0,60.0,0.0,0.0,0.0,0.0,0.0,0.0,0.0,0.0,0.0,0.0,0.0,0.0,2.0,2.0,40.0,60.0,0.0,0.0,0.0,0.0,0.0,0.0,0.0,0.0,0.0,0.0,0.0,0.0,1.0,1.0,20.0,30.0,1.0,1.0,20.0,30.0,0.0,0.0,0.0,0.0,0.0,0.0,0.0,0.0,1.0,1.0,20.0,30.0,0.0,0.0,0.0,0.0,1.0,1.0,20.0,30.0,0.0,0.0,0.0,0.0,0.0,0.0,0.0,0.0,0.0,0.0,0.0,0.0,0.0,100.0,-100.0,100.0,-5.0,-5.0,-100.0,1.2,1.2,0.0,0.0,,0.0,,0.33,,1.0,1.0,1.0,20.0,0.0,0.0,0.0,0.0
4,桃園台啤永豐雲豹,16|54|55|62,米勒/高錦瑋/汪哲宇/王皓吉,1,4,5.0,52.84,0.88,00:53,52.84,0.88,00:53,4.0,4.0,80.0,163.5,4.0,4.0,80.0,163.5,1.0,1.0,20.0,40.88,1.0,1.0,20.0,40.88,1.0,1.0,20.0,40.88,1.0,1.0,20.0,40.88,0.0,0.0,0.0,0.0,0.0,0.0,0.0,0.0,2.0,2.0,40.0,81.75,2.0,2.0,40.0,81.75,0.0,0.0,0.0,0.0,0.0,0.0,0.0,0.0,1.0,1.0,20.0,40.88,0.0,0.0,0.0,0.0,0.0,0.0,0.0,0.0,0.0,0.0,0.0,0.0,0.0,0.0,0.0,0.0,0.0,0.0,0.0,0.0,0.0,0.0,0.0,0.0,0.0,0.0,0.0,0.0,80.0,80.0,0.0,136.25,0.0,0.0,0.0,0.88,0.88,1.0,1.06,1.0,,1.0,0.0,0.0,,0.0,0.0,0.0,0.0,0.0,0.0,2.0
4,桃園台啤永豐雲豹,54|55|62|10860,高錦瑋/汪哲宇/王皓吉/麥卡洛,1,4,5.0,52.84,0.88,00:53,52.84,0.88,00:53,4.0,4.0,80.0,163.5,4.0,4.0,80.0,163.5,1.0,1.0,20.0,40.88,1.0,1.0,20.0,40.88,1.0,1.0,20.0,40.88,1.0,1.0,20.0,40.88,0.0,0.0,0.0,0.0,0.0,0.0,0.0,0.0,2.0,2.0,40.0,81.75,2.0,2.0,40.0,81.75,0.0,0.0,0.0,0.0,0.0,0.0,0.0,0.0,1.0,1.0,20.0,40.88,0.0,0.0,0.0,0.0,0.0,0.0,0.0,0.0,0.0,0.0,0.0,0.0,0.0,0.0,0.0,0.0,0.0,0.0,0.0,0.0,0.0,0.0,0.0,0.0,0.0,0.0,0.0,0.0,80.0,80.0,0.0,136.25,0.0,0.0,0.0,0.88,0.88,1.0,1.06,1.0,,1.0,0.0,0.0,,0.0,0.0,0.0,0.0,0.0,0.0,2.0
4,臺北台新戰神,1|3|10869|13907,丁聖儒/陳文宏/基德/梅克,1,20,24.0,271.82,4.53,04:32,271.82,4.53,04:32,9.0,9.0,37.5,71.52,14.0,14.0,58.33,111.25,6.0,6.0,25.0,47.68,4.0,4.0,16.67,31.79,3.0,3.0,12.5,23.84,3.0,3.0,12.5,23.84,3.0,3.0,12.5,23.84,1.0,1.0,4.17,7.95,4.0,4.0,16.67,31.79,3.0,3.0,12.5,23.84,1.0,1.0,4.17,7.95,1.0,1.0,4.17,7.95,2.0,2.0,8.33,15.89,1.0,1.0,4.17,7.95,4.0,4.0,16.67,31.79,1.0,1.0,4.17,7.95,3.0,3.0,12.5,23.84,1.0,1.0,4.17,7.95,3.0,3.0,12.5,23.84,5.0,5.0,20.83,39.73,37.5,58.33,-20.83,127.14,-5.0,-5.0,-20.83,4.53,4.53,0.75,0.58,1.0,0.33,0.75,0.34,0.25,0.5,0.33,0.4,12.5,4.17,0.12,20.83,0.67
4,臺北台新戰神,3|10|10869|13907,陳文宏/雷蒙恩/基德/梅克,1,1,1.0,10.0,0.17,00:10,10.0,0.17,00:10,0.0,0.0,0.0,0.0,2.0,2.0,200.0,432.0,0.0,0.0,0.0,0.0,0.0,0.0,0.0,0.0,0.0,0.0,0.0,0.0,0.0,0.0,0.0,0.0,0.0,0.0,0.0,0.0,0.0,0.0,0.0,0.0,0.0,0.0,0.0,0.0,0.0,0.0,0.0,0.0,0.0,0.0,0.0,0.0,0.0,0.0,0.0,0.0,0.0,0.0,0.0,0.0,0.0,0.0,0.0,0.0,0.0,0.0,0.0,0.0,0.0,0.0,0.0,0.0,0.0,0.0,0.0,0.0,0.0,0.0,0.0,0.0,0.0,0.0,0.0,0.0,0.0,0.0,0.0,0.0,0.0,200.0,-200.0,144.0,-2.0,-2.0,-200.0,0.17,0.17,,,,,,,,,,,0.0,0.0,0.0,0.0,
4,臺北台新戰神,1|3|5|13907,丁聖儒/陳文宏/黃聰翰/梅克,6,180,210.0,2822.41,47.04,47:02,470.4,7.84,07:50,98.0,16.33,46.67,75.0,83.0,13.83,39.52,63.52,75.0,12.5,35.71,57.4,32.0,5.33,15.24,24.49,36.0,6.0,17.14,27.55,20.0,3.33,9.52,15.31,39.0,6.5,18.57,29.85,12.0,2.0,5.71,9.18,29.0,4.83,13.81,22.19,22.0,3.67,10.48,16.84,16.0,2.67,7.62,12.24,28.0,4.67,13.33,21.43,8.0,1.33,3.81,6.12,34.0,5.67,16.19,26.02,18.0,3.0,8.57,13.78,19.0,3.17,9.05,14.54,10.0,1.67,4.76,7.65,4.0,0.67,1.9,3.06,20.0,3.33,9.52,15.31,26.0,4.33,12.38,19.9,46.67,39.52,7.14,107.14,15.0,2.5,7.14,47.04,7.84,0.51,0.56,0.56,0.31,0.76,0.17,0.59,0.32,0.78,0.51,4.76,1.9,0.1,12.38,0.39
4,臺北台新戰神,3|5|10869|13907,陳文宏/黃聰翰/基德/梅克,1,17,18.0,197.69,3.29,03:18,197.69,3.29,03:18,9.0,9.0,50.0,98.33,10.0,10.0,55.56,109.26,6.0,6.0,33.33,65.56,4.0,4.0,22.22,43.7,3.0,3.0,16.67,32.78,3.0,3.0,16.67,32.78,3.0,3.0,16.67,32.78,1.0,1.0,5.56,10.93,0.0,0.0,0.0,0.0,0.0,0.0,0.0,0.0,1.0,1.0,5.56,10.93,1.0,1.0,5.56,10.93,0.0,0.0,0.0,0.0,1.0,1.0,5.56,10.93,3.0,3.0,16.67,32.78,1.0,1.0,5.56,10.93,3.0,3.0,16.67,32.78,0.0,0.0,0.0,0.0,0.0,0.0,0.0,0.0,5.0,5.0,27.78,54.63,50.0,55.56,-5.56,131.11,-1.0,-1.0,-5.56,3.29,3.29,0.75,0.75,1.0,0.33,,0.33,0.25,0.5,1.0,0.67,16.67,0.0,0.0,27.78,0.0
4,臺北台新戰神,3|5|13400|13907,陳文宏/黃聰翰/史東/梅克,1,9,10.0,142.86,2.38,02:23,142.86,2.38,02:23,7.0,7.0,70.0,105.84,6.0,6.0,60.0,90.72,5.0,5.0,50.0,75.6,3.0,3.0,30.0,45.36,3.0,3.0,30.0,45.36,2.0,2.0,20.0,30.24,2.0,2.0,20.0,30.24,1.0,1.0,10.0,15.12,0.0,0.0,0.0,0.0,0.0,0.0,0.0,0.0,1.0,1.0,10.0,15.12,1.0,1.0,10.0,15.12,0.0,0.0,0.0,0.0,1.0,1.0,10.0,15.12,1.0,1.0,10.0,15.12,1.0,1.0,10.0,15.12,0.0,0.0,0.0,0.0,0.0,0.0,0.0,0.0,2.0,2.0,20.0,30.24,2.0,2.0,20.0,30.24,70.0,60.0,10.0,100.8,1.0,1.0,10.0,2.38,2.38,0.7,0.7,0.67,0.5,,0.17,0.33,0.5,1.0,0.67,0.0,0.0,0.2,20.0,0.0
4,桃園台啤永豐雲豹,16|57|62|10860,米勒/莊博元/王皓吉/麥卡洛,4,16,19.0,316.71,5.28,05:17,79.18,1.32,01:19,12.0,3.0,63.16,81.84,9.0,2.25,47.37,61.38,10.0,2.5,52.63,68.2,4.0,1.0,21.05,27.28,5.0,1.25,26.32,34.1,2.0,0.5,10.53,13.64,5.0,1.25,26.32,34.1,2.0,0.5,10.53,13.64,0.0,0.0,0.0,0.0,0.0,0.0,0.0,0.0,3.0,0.75,15.79,20.46,3.0,0.75,15.79,20.46,0.0,0.0,0.0,0.0,3.0,0.75,15.79,20.46,1.0,0.25,5.26,6.82,2.0,0.5,10.53,13.64,0.0,0.0,0.0,0.0,1.0,0.25,5.26,6.82,1.0,0.25,5.26,6.82,1.0,0.25,5.26,6.82,63.16,47.37,15.79,86.39,3.0,0.75,15.79,5.28,1.32,0.5,0.6,0.4,0.4,,0.09,0.5,0.5,1.0,0.67,0.0,5.26,0.05,5.26,0.0
4,臺北台新戰神,1|3|14|13907,丁聖儒/陳文宏/錢肯尼/梅克,5,65,77.0,1130.4,18.84,18:50,226.08,3.77,03:46,19.0,3.8,24.68,36.31,47.0,9.4,61.04,89.81,20.0,4.0,25.97,38.22,6.0,1.2,7.79,11.46,9.0,1.8,11.69,17.2,4.0,0.8,5.19,7.64,11.0,2.2,14.29,21.02,2.0,0.4,2.6,3.82,10.0,2.0,12.99,19.11,8.0,1.6,10.39,15.29,3.0,0.6,3.9,5.73,11.0,2.2,14.29,21.02,7.0,1.4,9.09,13.38,8.0,1.6,10.39,15.29,11.0,2.2,14.29,21.02,8.0,1.6,10.39,15.29,8.0,1.6,10.39,15.29,0.0,0.0,0.0,0.0,11.0,2.2,14.29,21.02,1.0,0.2,1.3,1.91,24.68,61.04,-36.36,98.09,-28.0,-5.6,-36.36,18.84,3.77,0.35,0.39,0.44,0.18,0.8,0.31,1.33,0.27,0.61,0.48,10.39,0.0,0.14,1.3,0.5
4,臺北台新戰神,3|5|10865|13400,陳文宏/黃聰翰/謝銘駿/史東,1,8,8.0,120.86,2.01,02:01,120.86,2.01,02:01,7.0,7.0,87.5,125.1,6.0,6.0,75.0,107.23,4.0,4.0,50.0,71.49,3.0,3.0,37.5,53.61,2.0,2.0,25.0,35.74,2.0,2.0,25.0,35.74,2.0,2.0,25.0,35.74,1.0,1.0,12.5,17.87,0.0,0.0,0.0,0.0,0.0,0.0,0.0,0.0,0.0,0.0,0.0,0.0,1.0,1.0,12.5,17.87,0.0,0.0,0.0,0.0,1.0,1.0,12.5,17.87,0.0,0.0,0.0,0.0,1.0,1.0,12.5,17.87,0.0,0.0,0.0,0.0,0.0,0.0,0.0,0.0,2.0,2.0,25.0,35.74,2.0,2.0,25.0,35.74,87.5,75.0,12.5,95.31,1.0,1.0,12.5,2.01,2.01,0.88,0.88,1.0,0.5,,0.0,0.33,0.0,1.0,0.5,0.0,0.0,0.25,25.0,0.0
4,臺北台新戰神,3|5|10865|13907,陳文宏/黃聰翰/謝銘駿/梅克,3,32,35.0,553.99,9.23,09:14,184.66,3.08,03:05,20.0,6.67,57.14,77.98,23.0,7.67,65.71,89.68,16.0,5.33,45.71,62.38,6.0,2.0,17.14,23.39,8.0,2.67,22.86,31.19,5.0,1.67,14.29,19.5,8.0,2.67,22.86,31.19,1.0,0.33,2.86,3.9,8.0,2.67,22.86,31.19,7.0,2.33,20.0,27.29,3.0,1.0,8.57,11.7,7.0,2.33,20.0,27.29,0.0,0.0,0.0,0.0,3.0,1.0,8.57,11.7,0.0,0.0,0.0,0.0,1.0,0.33,2.86,3.9,0.0,0.0,0.0,0.0,1.0,0.33,2.86,3.9,7.0,2.33,20.0,27.29,2.0,0.67,5.71,7.8,57.14,65.71,-8.57,90.98,-3.0,-1.0,-8.57,9.23,3.08,0.41,0.51,0.62,0.12,0.88,0.0,0.17,0.5,1.0,0.77,0.0,2.86,0.2,5.71,0.5
4,桃園台啤永豐雲豹,12|55|62|68,曹薰襄/汪哲宇/王皓吉/克羅馬,1,15,17.0,183.9,3.07,03:04,183.9,3.07,03:04,2.0,2.0,11.76,23.49,5.0,5.0,29.41,58.73,4.0,4.0,23.53,46.98,1.0,1.0,5.88,11.75,4.0,4.0,23.53,46.98,1.0,1.0,5.88,11.75,0.0,0.0,0.0,0.0,0.0,0.0,0.0,0.0,0.0,0.0,0.0,0.0,0.0,0.0,0.0,0.0,0.0,0.0,0.0,0.0,3.0,3.0,17.65,35.24,0.0,0.0,0.0,0.0,4.0,4.0,23.53,46.98,3.0,3.0,17.65,35.24,0.0,0.0,0.0,0.0,1.0,1.0,5.88,11.75,0.0,0.0,0.0,0.0,0.0,0.0,0.0,0.0,3.0,3.0,17.65,35.24,11.76,29.41,-17.65,133.11,-3.0,-3.0,-17.65,3.07,3.07,0.25,0.25,0.25,,,0.43,0.0,0.0,1.0,0.43,5.88,0.0,0.0,17.65,0.0
4,桃園台啤永豐雲豹,55|62|68|10860,汪哲宇/王皓吉/克羅馬/麥卡洛,1,12,12.0,146.9,2.45,02:27,146.9,2.45,02:27,2.0,2.0,16.67,29.41,4.0,4.0,33.33,58.81,4.0,4.0,33.33,58.81,1.0,1.0,8.33,14.7,4.0,4.0,33.33,58.81,1.0,1.0,8.33,14.7,0.0,0.0,0.0,0.0,0.0,0.0,0.0,0.0,0.0,0.0,0.0,0.0,0.0,0.0,0.0,0.0,0.0,0.0,0.0,0.0,3.0,3.0,25.0,44.11,0.0,0.0,0.0,0.0,3.0,3.0,25.0,44.11,2.0,2.0,16.67,29.41,0.0,0.0,0.0,0.0,1.0,1.0,8.33,14.7,0.0,0.0,0.0,0.0,0.0,0.0,0.0,0.0,1.0,1.0,8.33,14.7,16.67,33.33,-16.67,117.63,-2.0,-2.0,-16.67,2.45,2.45,0.25,0.25,0.25,,,0.33,0.0,0.0,1.0,0.5,8.33,0.0,0.0,8.33,0.0
4,臺北台新戰神,5|10|13400|13907,黃聰翰/雷蒙恩/史東/梅克,1,26,31.0,339.81,5.66,05:40,339.81,5.66,05:40,11.0,11.0,35.48,69.92,10.0,10.0,32.26,63.57,10.0,10.0,32.26,63.57,4.0,4.0,12.9,25.43,6.0,6.0,19.35,38.14,4.0,4.0,12.9,25.43,4.0,4.0,12.9,25.43,0.0,0.0,0.0,0.0,5.0,5.0,16.13,31.78,3.0,3.0,9.68,19.07,0.0,0.0,0.0,0.0,7.0,7.0,22.58,44.5,1.0,1.0,3.23,6.36,6.0,6.0,19.35,38.14,2.0,2.0,6.45,12.71,3.0,3.0,9.68,19.07,1.0,1.0,3.23,6.36,0.0,0.0,0.0,0.0,4.0,4.0,12.9,25.43,8.0,8.0,25.81,50.85,35.48,32.26,3.23,131.37,1.0,1.0,3.23,5.66,5.66,0.4,0.45,0.67,0.0,0.6,0.14,0.75,0.0,0.88,0.5,3.23,0.0,0.13,25.81,0.5
4,桃園台啤永豐雲豹,16|55|62|68,米勒/汪哲宇/王皓吉/克羅馬,1,3,5.0,37.0,0.62,00:37,37.0,0.62,00:37,0.0,0.0,0.0,0.0,1.0,1.0,20.0,58.38,0.0,0.0,0.0,0.0,0.0,0.0,0.0,0.0,0.0,0.0,0.0,0.0,0.0,0.0,0.0,0.0,0.0,0.0,0.0,0.0,0.0,0.0,0.0,0.0,0.0,0.0,0.0,0.0,0.0,0.0,0.0,0.0,0.0,0.0,0.0,0.0,0.0,0.0,0.0,0.0,0.0,0.0,0.0,0.0,1.0,1.0,20.0,58.38,1.0,1.0,20.0,58.38,0.0,0.0,0.0,0.0,0.0,0.0,0.0,0.0,0.0,0.0,0.0,0.0,0.0,0.0,0.0,0.0,2.0,2.0,40.0,116.76,0.0,20.0,-20.0,194.59,-1.0,-1.0,-20.0,0.62,0.62,,,,,,1.0,,0.0,,0.0,0.0,0.0,0.0,40.0,
4,高雄全家海神,45|51|119|121,施晉堯/克力斯/余純安/吳曉謹,1,20,22.0,276.76,4.61,04:37,276.76,4.61,04:37,2.0,2.0,9.09,15.61,11.0,11.0,50.0,85.85,8.0,8.0,36.36,62.44,1.0,1.0,4.55,7.8,4.0,4.0,18.18,31.22,1.0,1.0,4.55,7.8,4.0,4.0,18.18,31.22,0.0,0.0,0.0,0.0,0.0,0.0,0.0,0.0,0.0,0.0,0.0,0.0,2.0,2.0,9.09,15.61,5.0,5.0,22.73,39.02,0.0,0.0,0.0,0.0,2.0,2.0,9.09,15.61,4.0,4.0,18.18,31.22,0.0,0.0,0.0,0.0,1.0,1.0,4.55,7.8,1.0,1.0,4.55,7.8,0.0,0.0,0.0,0.0,4.0,4.0,18.18,31.22,9.09,50.0,-40.91,114.47,-9.0,-9.0,-40.91,4.61,4.61,0.12,0.12,0.25,0.0,,0.33,0.0,0.5,1.0,0.78,4.55,4.55,0.0,18.18,0.0
4,高雄全家海神,109|111|121|13399,于煥亞/唐維傑/吳曉謹/賽克維奇,1,15,20.0,270.0,4.5,04:30,270.0,4.5,04:30,4.0,4.0,20.0,32.0,7.0,7.0,35.0,56.0,8.0,8.0,40.0,64.0,2.0,2.0,10.0,16.0,5.0,5.0,25.0,40.0,2.0,2.0,10.0,16.0,3.0,3.0,15.0,24.0,0.0,0.0,0.0,0.0,0.0,0.0,0.0,0.0,0.0,0.0,0.0,0.0,3.0,3.0,15.0,24.0,3.0,3.0,15.0,24.0,2.0,2.0,10.0,16.0,4.0,4.0,20.0,32.0,2.0,2.0,10.0,16.0,0.0,0.0,0.0,0.0,1.0,1.0,5.0,8.0,0.0,0.0,0.0,0.0,2.0,2.0,10.0,16.0,0.0,0.0,0.0,0.0,20.0,35.0,-15.0,106.67,-3.0,-3.0,-15.0,4.5,4.5,0.25,0.25,0.4,0.0,,0.2,0.0,0.43,0.6,0.5,5.0,0.0,0.1,0.0,0.0
4,高雄全家海神,109|111|13399|14037,于煥亞/唐維傑/賽克維奇/奧迪傑,1,16,21.0,282.98,4.72,04:43,282.98,4.72,04:43,6.0,6.0,28.57,45.8,7.0,7.0,33.33,53.43,8.0,8.0,38.1,61.06,2.0,2.0,9.52,15.27,5.0,5.0,23.81,38.16,2.0,2.0,9.52,15.27,3.0,3.0,14.29,22.9,0.0,0.0,0.0,0.0,2.0,2.0,9.52,15.27,2.0,2.0,9.52,15.27,3.0,3.0,14.29,22.9,3.0,3.0,14.29,22.9,2.0,2.0,9.52,15.27,4.0,4.0,19.05,30.53,2.0,2.0,9.52,15.27,0.0,0.0,0.0,0.0,1.0,1.0,4.76,7.63,0.0,0.0,0.0,0.0,2.0,2.0,9.52,15.27,0.0,0.0,0.0,0.0,28.57,33.33,-4.76,106.86,-1.0,-1.0,-4.76,4.72,4.72,0.25,0.34,0.4,0.0,1.0,0.18,0.0,0.43,0.6,0.5,4.76,0.0,0.1,0.0,0.25
4,高雄全家海神,109|121|13399|14037,于煥亞/吳曉謹/賽克維奇/奧迪傑,1,15,20.0,270.0,4.5,04:30,270.0,4.5,04:30,4.0,4.0,20.0,32.0,7.0,7.0,35.0,56.0,8.0,8.0,40.0,64.0,2.0,2.0,10.0,16.0,5.0,5.0,25.0,40.0,2.0,2.0,10.0,16.0,3.0,3.0,15.0,24.0,0.0,0.0,0.0,0.0,0.0,0.0,0.0,0.0,0.0,0.0,0.0,0.0,3.0,3.0,15.0,24.0,3.0,3.0,15.0,24.0,2.0,2.0,10.0,16.0,4.0,4.0,20.0,32.0,2.0,2.0,10.0,16.0,0.0,0.0,0.0,0.0,1.0,1.0,5.0,8.0,0.0,0.0,0.0,0.0,2.0,2.0,10.0,16.0,0.0,0.0,0.0,0.0,20.0,35.0,-15.0,106.67,-3.0,-3.0,-15.0,4.5,4.5,0.25,0.25,0.4,0.0,,0.2,0.0,0.43,0.6,0.5,5.0,0.0,0.1,0.0,0.0
4,高雄全家海神,111|121|13399|14037,唐維傑/吳曉謹/賽克維奇/奧迪傑,1,15,20.0,270.0,4.5,04:30,270.0,4.5,04:30,4.0,4.0,20.0,32.0,7.0,7.0,35.0,56.0,8.0,8.0,40.0,64.0,2.0,2.0,10.0,16.0,5.0,5.0,25.0,40.0,2.0,2.0,10.0,16.0,3.0,3.0,15.0,24.0,0.0,0.0,0.0,0.0,0.0,0.0,0.0,0.0,0.0,0.0,0.0,0.0,3.0,3.0,15.0,24.0,3.0,3.0,15.0,24.0,2.0,2.0,10.0,16.0,4.0,4.0,20.0,32.0,2.0,2.0,10.0,16.0,0.0,0.0,0.0,0.0,1.0,1.0,5.0,8.0,0.0,0.0,0.0,0.0,2.0,2.0,10.0,16.0,0.0,0.0,0.0,0.0,20.0,35.0,-15.0,106.67,-3.0,-3.0,-15.0,4.5,4.5,0.25,0.25,0.4,0.0,,0.2,0.0,0.43,0.6,0.5,5.0,0.0,0.1,0.0,0.0
4,高雄全家海神,109|111|119|13399,于煥亞/唐維傑/余純安/賽克維奇,1,1,1.0,12.98,0.22,00:13,12.98,0.22,00:13,2.0,2.0,200.0,332.74,0.0,0.0,0.0,0.0,0.0,0.0,0.0,0.0,0.0,0.0,0.0,0.0,0.0,0.0,0.0,0.0,0.0,0.0,0.0,0.0,0.0,0.0,0.0,0.0,0.0,0.0,0.0,0.0,2.0,2.0,200.0,332.74,2.0,2.0,200.0,332.74,0.0,0.0,0.0,0.0,0.0,0.0,0.0,0.0,0.0,0.0,0.0,0.0,0.0,0.0,0.0,0.0,0.0,0.0,0.0,0.0,0.0,0.0,0.0,0.0,0.0,0.0,0.0,0.0,0.0,0.0,0.0,0.0,0.0,0.0,0.0,0.0,0.0,0.0,0.0,0.0,200.0,0.0,200.0,110.91,2.0,2.0,200.0,0.22,0.22,,1.14,,,1.0,0.0,,,,,0.0,0.0,0.0,0.0,
4,高雄全家海神,109|119|13399|14037,于煥亞/余純安/賽克維奇/奧迪傑,1,1,1.0,12.98,0.22,00:13,12.98,0.22,00:13,2.0,2.0,200.0,332.74,0.0,0.0,0.0,0.0,0.0,0.0,0.0,0.0,0.0,0.0,0.0,0.0,0.0,0.0,0.0,0.0,0.0,0.0,0.0,0.0,0.0,0.0,0.0,0.0,0.0,0.0,0.0,0.0,2.0,2.0,200.0,332.74,2.0,2.0,200.0,332.74,0.0,0.0,0.0,0.0,0.0,0.0,0.0,0.0,0.0,0.0,0.0,0.0,0.0,0.0,0.0,0.0,0.0,0.0,0.0,0.0,0.0,0.0,0.0,0.0,0.0,0.0,0.0,0.0,0.0,0.0,0.0,0.0,0.0,0.0,0.0,0.0,0.0,0.0,0.0,0.0,200.0,0.0,200.0,110.91,2.0,2.0,200.0,0.22,0.22,,1.14,,,1.0,0.0,,,,,0.0,0.0,0.0,0.0,
4,高雄全家海神,111|119|13399|14037,唐維傑/余純安/賽克維奇/奧迪傑,1,1,1.0,12.98,0.22,00:13,12.98,0.22,00:13,2.0,2.0,200.0,332.74,0.0,0.0,0.0,0.0,0.0,0.0,0.0,0.0,0.0,0.0,0.0,0.0,0.0,0.0,0.0,0.0,0.0,0.0,0.0,0.0,0.0,0.0,0.0,0.0,0.0,0.0,0.0,0.0,2.0,2.0,200.0,332.74,2.0,2.0,200.0,332.74,0.0,0.0,0.0,0.0,0.0,0.0,0.0,0.0,0.0,0.0,0.0,0.0,0.0,0.0,0.0,0.0,0.0,0.0,0.0,0.0,0.0,0.0,0.0,0.0,0.0,0.0,0.0,0.0,0.0,0.0,0.0,0.0,0.0,0.0,0.0,0.0,0.0,0.0,0.0,0.0,200.0,0.0,200.0,110.91,2.0,2.0,200.0,0.22,0.22,,1.14,,,1.0,0.0,,,,,0.0,0.0,0.0,0.0,
4,高雄全家海神,51|111|119|14037,克力斯/唐維傑/余純安/奧迪傑,1,12,16.0,151.04,2.52,02:31,151.04,2.52,02:31,6.0,6.0,37.5,85.81,9.0,9.0,56.25,128.71,3.0,3.0,18.75,42.9,3.0,3.0,18.75,42.9,3.0,3.0,18.75,42.9,3.0,3.0,18.75,42.9,0.0,0.0,0.0,0.0,0.0,0.0,0.0,0.0,0.0,0.0,0.0,0.0,0.0,0.0,0.0,0.0,0.0,0.0,0.0,0.0,0.0,0.0,0.0,0.0,1.0,1.0,6.25,14.3,0.0,0.0,0.0,0.0,3.0,3.0,18.75,42.9,1.0,1.0,6.25,14.3,2.0,2.0,12.5,28.6,0.0,0.0,0.0,0.0,1.0,1.0,6.25,14.3,0.0,0.0,0.0,0.0,37.5,56.25,-18.75,152.54,-3.0,-3.0,-18.75,2.52,2.52,1.0,1.0,1.0,,,0.5,0.33,,0.0,0.0,12.5,0.0,0.06,0.0,0.0
4,高雄全家海神,45|51|119|13399,施晉堯/克力斯/余純安/賽克維奇,2,18,20.0,233.99,3.9,03:54,117.0,1.95,01:57,9.0,4.5,45.0,83.08,12.0,6.0,60.0,110.77,5.0,2.5,25.0,46.16,3.0,1.5,15.0,27.69,3.0,1.5,15.0,27.69,2.0,1.0,10.0,18.46,2.0,1.0,10.0,18.46,1.0,0.5,5.0,9.23,2.0,1.0,10.0,18.46,2.0,1.0,10.0,18.46,1.0,0.5,5.0,9.23,1.0,0.5,5.0,9.23,1.0,0.5,5.0,9.23,3.0,1.5,15.0,27.69,4.0,2.0,20.0,36.92,0.0,0.0,0.0,0.0,0.0,0.0,0.0,0.0,0.0,0.0,0.0,0.0,3.0,1.5,15.0,27.69,8.0,4.0,40.0,73.85,45.0,60.0,-15.0,123.08,-3.0,-1.5,-15.0,3.9,1.95,0.7,0.77,0.67,0.5,1.0,0.4,0.0,0.25,0.5,0.33,0.0,0.0,0.15,40.0,0.4
4,高雄全家海神,45|51|121|13399,施晉堯/克力斯/吳曉謹/賽克維奇,3,25,30.0,422.03,7.03,07:02,140.68,2.34,02:21,11.0,3.67,36.67,56.3,14.0,4.67,46.67,71.65,8.0,2.67,26.67,40.94,3.0,1.0,10.0,15.35,3.0,1.0,10.0,15.35,2.0,0.67,6.67,10.24,5.0,1.67,16.67,25.59,1.0,0.33,3.33,5.12,4.0,1.33,13.33,20.47,4.0,1.33,13.33,20.47,2.0,0.67,6.67,10.24,3.0,1.0,10.0,15.35,1.0,0.33,3.33,5.12,5.0,1.67,16.67,25.59,4.0,1.33,13.33,20.47,1.0,0.33,3.33,5.12,1.0,0.33,3.33,5.12,1.0,0.33,3.33,5.12,3.0,1.0,10.0,15.35,3.0,1.0,10.0,15.35,36.67,46.67,-10.0,102.36,-3.0,-1.0,-10.0,7.03,2.34,0.44,0.56,0.67,0.2,1.0,0.29,0.33,0.29,0.75,0.45,3.33,3.33,0.1,10.0,0.5
4,高雄全家海神,45|119|121|13399,施晉堯/余純安/吳曉謹/賽克維奇,1,4,4.0,47.0,0.78,00:47,47.0,0.78,00:47,0.0,0.0,0.0,0.0,4.0,4.0,100.0,183.83,0.0,0.0,0.0,0.0,0.0,0.0,0.0,0.0,0.0,0.0,0.0,0.0,0.0,0.0,0.0,0.0,0.0,0.0,0.0,0.0,0.0,0.0,0.0,0.0,0.0,0.0,0.0,0.0,0.0,0.0,0.0,0.0,0.0,0.0,0.0,0.0,0.0,0.0,0.0,0.0,0.0,0.0,0.0,0.0,0.0,0.0,0.0,0.0,2.0,2.0,50.0,91.91,0.0,0.0,0.0,0.0,0.0,0.0,0.0,0.0,0.0,0.0,0.0,0.0,0.0,0.0,0.0,0.0,2.0,2.0,50.0,91.91,0.0,100.0,-100.0,122.55,-4.0,-4.0,-100.0,0.78,0.78,,,,,,1.0,,,,,0.0,0.0,0.0,50.0,
4,高雄全家海神,51|119|121|13399,克力斯/余純安/吳曉謹/賽克維奇,3,76,87.0,1249.98,20.83,20:50,416.66,6.94,06:57,41.0,13.67,47.13,70.85,47.0,15.67,54.02,81.22,35.0,11.67,40.23,60.48,16.0,5.33,18.39,27.65,16.0,5.33,18.39,27.65,11.0,3.67,12.64,19.01,19.0,6.33,21.84,32.83,5.0,1.67,5.75,8.64,6.0,2.0,6.9,10.37,4.0,1.33,4.6,6.91,6.0,2.0,6.9,10.37,12.0,4.0,13.79,20.74,2.0,0.67,2.3,3.46,12.0,4.0,13.79,20.74,10.0,3.33,11.49,17.28,11.0,3.67,12.64,19.01,5.0,1.67,5.75,8.64,3.0,1.0,3.45,5.18,7.0,2.33,8.05,12.1,11.0,3.67,12.64,19.01,47.13,54.02,-6.9,100.23,-6.0,-2.0,-6.9,20.83,6.94,0.53,0.54,0.69,0.26,0.67,0.21,0.69,0.33,0.86,0.56,5.75,3.45,0.08,12.64,0.17
4,高雄全家海神,51|108|119|121,克力斯/魏莨哲/余純安/吳曉謹,3,40,42.0,608.42,10.14,10:08,202.81,3.38,03:23,18.0,6.0,42.86,63.9,24.0,8.0,57.14,85.2,19.0,6.33,45.24,67.45,7.0,2.33,16.67,24.85,9.0,3.0,21.43,31.95,5.0,1.67,11.9,17.75,10.0,3.33,23.81,35.5,2.0,0.67,4.76,7.1,2.0,0.67,4.76,7.1,2.0,0.67,4.76,7.1,2.0,0.67,4.76,7.1,10.0,3.33,23.81,35.5,0.0,0.0,0.0,0.0,6.0,2.0,14.29,21.3,3.0,1.0,7.14,10.65,5.0,1.67,11.9,17.75,1.0,0.33,2.38,3.55,1.0,0.33,2.38,3.55,2.0,0.67,4.76,7.1,3.0,1.0,7.14,10.65,42.86,57.14,-14.29,99.41,-6.0,-2.0,-14.29,10.14,3.38,0.42,0.45,0.56,0.2,1.0,0.13,0.71,0.25,1.0,0.67,2.38,2.38,0.05,7.14,0.11
4,高雄全家海神,51|108|119|13399,克力斯/魏莨哲/余純安/賽克維奇,1,28,30.0,387.63,6.46,06:28,387.63,6.46,06:28,13.0,13.0,43.33,72.44,19.0,19.0,63.33,105.87,12.0,12.0,40.0,66.87,5.0,5.0,16.67,27.86,7.0,7.0,23.33,39.01,4.0,4.0,13.33,22.29,5.0,5.0,16.67,27.86,1.0,1.0,3.33,5.57,2.0,2.0,6.67,11.14,2.0,2.0,6.67,11.14,2.0,2.0,6.67,11.14,5.0,5.0,16.67,27.86,0.0,0.0,0.0,0.0,4.0,4.0,13.33,22.29,3.0,3.0,10.0,16.72,4.0,4.0,13.33,22.29,1.0,1.0,3.33,5.57,1.0,1.0,3.33,5.57,2.0,2.0,6.67,11.14,3.0,3.0,10.0,16.72,43.33,63.33,-20.0,111.45,-6.0,-6.0,-20.0,6.46,6.46,0.46,0.5,0.57,0.2,1.0,0.19,0.8,0.33,1.0,0.64,3.33,3.33,0.07,10.0,0.17
4,高雄全家海神,51|108|121|13399,克力斯/魏莨哲/吳曉謹/賽克維奇,1,52,57.0,715.48,11.92,11:55,715.48,11.92,11:55,24.0,24.0,42.11,72.45,29.0,29.0,50.88,87.55,20.0,20.0,35.09,60.38,9.0,9.0,15.79,27.17,13.0,13.0,22.81,39.25,7.0,7.0,12.28,21.13,7.0,7.0,12.28,21.13,2.0,2.0,3.51,6.04,4.0,4.0,7.02,12.08,4.0,4.0,7.02,12.08,3.0,3.0,5.26,9.06,8.0,8.0,14.04,24.15,0.0,0.0,0.0,0.0,8.0,8.0,14.04,24.15,7.0,7.0,12.28,21.13,7.0,7.0,12.28,21.13,3.0,3.0,5.26,9.06,2.0,2.0,3.51,6.04,6.0,6.0,10.53,18.11,3.0,3.0,5.26,9.06,42.11,50.88,-8.77,114.72,-5.0,-5.0,-8.77,11.92,11.92,0.5,0.55,0.54,0.29,1.0,0.24,0.78,0.27,1.0,0.58,5.26,3.51,0.11,5.26,0.2
4,高雄全家海神,108|119|121|13399,魏莨哲/余純安/吳曉謹/賽克維奇,1,28,30.0,387.63,6.46,06:28,387.63,6.46,06:28,13.0,13.0,43.33,72.44,19.0,19.0,63.33,105.87,12.0,12.0,40.0,66.87,5.0,5.0,16.67,27.86,7.0,7.0,23.33,39.01,4.0,4.0,13.33,22.29,5.0,5.0,16.67,27.86,1.0,1.0,3.33,5.57,2.0,2.0,6.67,11.14,2.0,2.0,6.67,11.14,2.0,2.0,6.67,11.14,5.0,5.0,16.67,27.86,0.0,0.0,0.0,0.0,4.0,4.0,13.33,22.29,3.0,3.0,10.0,16.72,4.0,4.0,13.33,22.29,1.0,1.0,3.33,5.57,1.0,1.0,3.33,5.57,2.0,2.0,6.67,11.14,3.0,3.0,10.0,16.72,43.33,63.33,-20.0,111.45,-6.0,-6.0,-20.0,6.46,6.46,0.46,0.5,0.57,0.2,1.0,0.19,0.8,0.33,1.0,0.64,3.33,3.33,0.07,10.0,0.17
4,高雄全家海神,51|108|110|121,克力斯/魏莨哲/胡瓏貿/吳曉謹,3,32,41.0,481.89,8.03,08:02,160.63,2.68,02:41,18.0,6.0,43.9,80.68,16.0,5.33,39.02,71.72,16.0,5.33,39.02,71.72,7.0,2.33,17.07,31.38,12.0,4.0,29.27,53.79,6.0,2.0,14.63,26.89,4.0,1.33,9.76,17.93,1.0,0.33,2.44,4.48,4.0,1.33,9.76,17.93,3.0,1.0,7.32,13.45,4.0,1.33,9.76,17.93,4.0,1.33,9.76,17.93,2.0,0.67,4.88,8.96,7.0,2.33,17.07,31.38,4.0,1.33,9.76,17.93,5.0,1.67,12.2,22.41,3.0,1.0,7.32,13.45,2.0,0.67,4.88,8.96,3.0,1.0,7.32,13.45,4.0,1.33,9.76,17.93,43.9,39.02,4.88,122.52,2.0,0.67,4.88,8.03,2.68,0.47,0.51,0.5,0.25,0.75,0.18,0.71,0.36,0.67,0.47,7.32,4.88,0.07,9.76,0.25
4,高雄全家海神,51|108|110|13399,克力斯/魏莨哲/胡瓏貿/賽克維奇,2,22,28.0,319.52,5.33,05:20,159.76,2.66,02:40,11.0,5.5,39.29,74.36,15.0,7.5,53.57,101.4,7.0,3.5,25.0,47.32,4.0,2.0,14.29,27.04,5.0,2.5,17.86,33.8,3.0,1.5,10.71,20.28,2.0,1.0,7.14,13.52,1.0,0.5,3.57,6.76,2.0,1.0,7.14,13.52,2.0,1.0,7.14,13.52,1.0,0.5,3.57,6.76,2.0,1.0,7.14,13.52,2.0,1.0,7.14,13.52,3.0,1.5,10.71,20.28,4.0,2.0,14.29,27.04,4.0,2.0,14.29,27.04,2.0,1.0,7.14,13.52,1.0,0.5,3.57,6.76,3.0,1.5,10.71,20.28,1.0,0.5,3.57,6.76,39.29,53.57,-14.29,126.19,-4.0,-2.0,-14.29,5.33,2.66,0.64,0.7,0.6,0.5,1.0,0.34,1.0,0.25,0.5,0.38,7.14,3.57,0.11,3.57,0.29
4,高雄全家海神,51|110|121|13399,克力斯/胡瓏貿/吳曉謹/賽克維奇,3,67,79.0,1192.71,19.88,19:53,397.57,6.63,06:38,44.0,14.67,55.7,79.68,29.0,9.67,36.71,52.52,29.0,9.67,36.71,52.52,15.0,5.0,18.99,27.16,12.0,4.0,15.19,21.73,9.0,3.0,11.39,16.3,17.0,5.67,21.52,30.79,6.0,2.0,7.59,10.87,8.0,2.67,10.13,14.49,6.0,2.0,7.59,10.87,6.0,2.0,7.59,10.87,9.0,3.0,11.39,16.3,2.0,0.67,2.53,3.62,15.0,5.0,18.99,27.16,6.0,2.0,7.59,10.87,11.0,3.67,13.92,19.92,4.0,1.33,5.06,7.24,3.0,1.0,3.8,5.43,9.0,3.0,11.39,16.3,5.0,1.67,6.33,9.05,55.7,36.71,18.99,95.38,15.0,5.0,18.99,19.88,6.63,0.62,0.68,0.75,0.35,0.75,0.16,0.73,0.29,0.82,0.47,5.06,3.8,0.11,6.33,0.28
4,高雄全家海神,108|110|121|13399,魏莨哲/胡瓏貿/吳曉謹/賽克維奇,1,12,15.0,151.0,2.52,02:31,151.0,2.52,02:31,8.0,8.0,53.33,114.44,4.0,4.0,26.67,57.22,4.0,4.0,26.67,57.22,3.0,3.0,20.0,42.91,4.0,4.0,26.67,57.22,3.0,3.0,20.0,42.91,0.0,0.0,0.0,0.0,0.0,0.0,0.0,0.0,2.0,2.0,13.33,28.61,2.0,2.0,13.33,28.61,1.0,1.0,6.67,14.3,0.0,0.0,0.0,0.0,0.0,0.0,0.0,0.0,2.0,2.0,13.33,28.61,2.0,2.0,13.33,28.61,3.0,3.0,20.0,42.91,1.0,1.0,6.67,14.3,1.0,1.0,6.67,14.3,2.0,2.0,13.33,28.61,0.0,0.0,0.0,0.0,53.33,26.67,26.67,143.05,4.0,4.0,26.67,2.52,2.52,0.75,0.82,0.75,,1.0,0.29,1.0,0.33,,0.33,6.67,6.67,0.13,0.0,0.5
4,桃園台啤永豐雲豹,54|62|68|10884,高錦瑋/王皓吉/克羅馬/徐宏瑋,1,9,10.0,149.86,2.5,02:30,149.86,2.5,02:30,5.0,5.0,50.0,72.07,9.0,9.0,90.0,129.72,3.0,3.0,30.0,43.24,2.0,2.0,20.0,28.83,1.0,1.0,10.0,14.41,1.0,1.0,10.0,14.41,2.0,2.0,20.0,28.83,1.0,1.0,10.0,14.41,0.0,0.0,0.0,0.0,0.0,0.0,0.0,0.0,0.0,0.0,0.0,0.0,1.0,1.0,10.0,14.41,1.0,1.0,10.0,14.41,0.0,0.0,0.0,0.0,1.0,1.0,10.0,14.41,1.0,1.0,10.0,14.41,1.0,1.0,10.0,14.41,0.0,0.0,0.0,0.0,0.0,0.0,0.0,0.0,0.0,0.0,0.0,0.0,50.0,90.0,-40.0,96.09,-4.0,-4.0,-40.0,2.5,2.5,0.83,0.83,1.0,0.5,,0.25,0.5,,0.5,0.5,10.0,0.0,0.0,0.0,0.0
4,桃園台啤永豐雲豹,54|62|10861|10884,高錦瑋/王皓吉/迪亞洛/徐宏瑋,1,9,10.0,149.86,2.5,02:30,149.86,2.5,02:30,5.0,5.0,50.0,72.07,9.0,9.0,90.0,129.72,3.0,3.0,30.0,43.24,2.0,2.0,20.0,28.83,1.0,1.0,10.0,14.41,1.0,1.0,10.0,14.41,2.0,2.0,20.0,28.83,1.0,1.0,10.0,14.41,0.0,0.0,0.0,0.0,0.0,0.0,0.0,0.0,0.0,0.0,0.0,0.0,1.0,1.0,10.0,14.41,1.0,1.0,10.0,14.41,0.0,0.0,0.0,0.0,1.0,1.0,10.0,14.41,1.0,1.0,10.0,14.41,1.0,1.0,10.0,14.41,0.0,0.0,0.0,0.0,0.0,0.0,0.0,0.0,0.0,0.0,0.0,0.0,50.0,90.0,-40.0,96.09,-4.0,-4.0,-40.0,2.5,2.5,0.83,0.83,1.0,0.5,,0.25,0.5,,0.5,0.5,10.0,0.0,0.0,0.0,0.0
4,高雄全家海神,51|110|119|13399,克力斯/胡瓏貿/余純安/賽克維奇,2,30,34.0,495.25,8.25,08:15,247.62,4.13,04:08,19.0,9.5,55.88,82.87,14.0,7.0,41.18,61.06,13.0,6.5,38.24,56.7,7.0,3.5,20.59,30.53,5.0,2.5,14.71,21.81,4.0,2.0,11.76,17.45,8.0,4.0,23.53,34.89,3.0,1.5,8.82,13.08,4.0,2.0,11.76,17.45,2.0,1.0,5.88,8.72,2.0,1.0,5.88,8.72,5.0,2.5,14.71,21.81,2.0,1.0,5.88,8.72,8.0,4.0,23.53,34.89,3.0,1.5,8.82,13.08,3.0,1.5,8.82,13.08,1.0,0.5,2.94,4.36,1.0,0.5,2.94,4.36,4.0,2.0,11.76,17.45,8.0,4.0,23.53,34.89,55.88,41.18,14.71,98.86,5.0,2.5,14.71,8.25,4.13,0.65,0.64,0.8,0.38,0.5,0.17,0.43,0.2,0.71,0.41,2.94,2.94,0.12,23.53,0.31
4,高雄全家海神,110|119|121|13399,胡瓏貿/余純安/吳曉謹/賽克維奇,2,16,18.0,308.26,5.14,05:08,154.13,2.57,02:34,10.0,5.0,55.56,70.07,6.0,3.0,33.33,42.04,8.0,4.0,44.44,56.06,4.0,2.0,22.22,28.03,2.0,1.0,11.11,14.01,2.0,1.0,11.11,14.01,6.0,3.0,33.33,42.04,2.0,1.0,11.11,14.01,2.0,1.0,11.11,14.01,0.0,0.0,0.0,0.0,1.0,0.5,5.56,7.01,4.0,2.0,22.22,28.03,1.0,0.5,5.56,7.01,5.0,2.5,27.78,35.04,1.0,0.5,5.56,7.01,3.0,1.5,16.67,21.02,1.0,0.5,5.56,7.01,1.0,0.5,5.56,7.01,1.0,0.5,5.56,7.01,2.0,1.0,11.11,14.01,55.56,33.33,22.22,84.09,4.0,2.0,22.22,5.14,2.57,0.62,0.56,1.0,0.33,0.0,0.1,0.75,0.17,0.8,0.45,5.56,5.56,0.06,11.11,0.25
4,高雄全家海神,51|108|111|121,克力斯/魏莨哲/唐維傑/吳曉謹,1,12,12.0,176.84,2.95,02:57,176.84,2.95,02:57,3.0,3.0,25.0,36.64,6.0,6.0,50.0,73.28,4.0,4.0,33.33,48.86,1.0,1.0,8.33,12.21,2.0,2.0,16.67,24.43,0.0,0.0,0.0,0.0,2.0,2.0,16.67,24.43,1.0,1.0,8.33,12.21,0.0,0.0,0.0,0.0,0.0,0.0,0.0,0.0,0.0,0.0,0.0,0.0,3.0,3.0,25.0,36.64,0.0,0.0,0.0,0.0,2.0,2.0,16.67,24.43,2.0,2.0,16.67,24.43,0.0,0.0,0.0,0.0,1.0,1.0,8.33,12.21,0.0,0.0,0.0,0.0,2.0,2.0,16.67,24.43,0.0,0.0,0.0,0.0,25.0,50.0,-25.0,97.71,-3.0,-3.0,-25.0,2.95,2.95,0.38,0.38,0.0,0.5,,0.33,0.0,0.0,1.0,0.6,8.33,0.0,0.17,0.0,0.0
4,高雄全家海神,51|108|111|13399,克力斯/魏莨哲/唐維傑/賽克維奇,1,12,12.0,176.84,2.95,02:57,176.84,2.95,02:57,3.0,3.0,25.0,36.64,6.0,6.0,50.0,73.28,4.0,4.0,33.33,48.86,1.0,1.0,8.33,12.21,2.0,2.0,16.67,24.43,0.0,0.0,0.0,0.0,2.0,2.0,16.67,24.43,1.0,1.0,8.33,12.21,0.0,0.0,0.0,0.0,0.0,0.0,0.0,0.0,0.0,0.0,0.0,0.0,3.0,3.0,25.0,36.64,0.0,0.0,0.0,0.0,2.0,2.0,16.67,24.43,2.0,2.0,16.67,24.43,0.0,0.0,0.0,0.0,1.0,1.0,8.33,12.21,0.0,0.0,0.0,0.0,2.0,2.0,16.67,24.43,0.0,0.0,0.0,0.0,25.0,50.0,-25.0,97.71,-3.0,-3.0,-25.0,2.95,2.95,0.38,0.38,0.0,0.5,,0.33,0.0,0.0,1.0,0.6,8.33,0.0,0.17,0.0,0.0
4,高雄全家海神,51|111|121|13399,克力斯/唐維傑/吳曉謹/賽克維奇,1,12,12.0,176.84,2.95,02:57,176.84,2.95,02:57,3.0,3.0,25.0,36.64,6.0,6.0,50.0,73.28,4.0,4.0,33.33,48.86,1.0,1.0,8.33,12.21,2.0,2.0,16.67,24.43,0.0,0.0,0.0,0.0,2.0,2.0,16.67,24.43,1.0,1.0,8.33,12.21,0.0,0.0,0.0,0.0,0.0,0.0,0.0,0.0,0.0,0.0,0.0,0.0,3.0,3.0,25.0,36.64,0.0,0.0,0.0,0.0,2.0,2.0,16.67,24.43,2.0,2.0,16.67,24.43,0.0,0.0,0.0,0.0,1.0,1.0,8.33,12.21,0.0,0.0,0.0,0.0,2.0,2.0,16.67,24.43,0.0,0.0,0.0,0.0,25.0,50.0,-25.0,97.71,-3.0,-3.0,-25.0,2.95,2.95,0.38,0.38,0.0,0.5,,0.33,0.0,0.0,1.0,0.6,8.33,0.0,0.17,0.0,0.0
4,高雄全家海神,108|111|121|13399,魏莨哲/唐維傑/吳曉謹/賽克維奇,1,12,12.0,176.84,2.95,02:57,176.84,2.95,02:57,3.0,3.0,25.0,36.64,6.0,6.0,50.0,73.28,4.0,4.0,33.33,48.86,1.0,1.0,8.33,12.21,2.0,2.0,16.67,24.43,0.0,0.0,0.0,0.0,2.0,2.0,16.67,24.43,1.0,1.0,8.33,12.21,0.0,0.0,0.0,0.0,0.0,0.0,0.0,0.0,0.0,0.0,0.0,0.0,3.0,3.0,25.0,36.64,0.0,0.0,0.0,0.0,2.0,2.0,16.67,24.43,2.0,2.0,16.67,24.43,0.0,0.0,0.0,0.0,1.0,1.0,8.33,12.21,0.0,0.0,0.0,0.0,2.0,2.0,16.67,24.43,0.0,0.0,0.0,0.0,25.0,50.0,-25.0,97.71,-3.0,-3.0,-25.0,2.95,2.95,0.38,0.38,0.0,0.5,,0.33,0.0,0.0,1.0,0.6,8.33,0.0,0.17,0.0,0.0
4,高雄全家海神,108|110|119|121,魏莨哲/胡瓏貿/余純安/吳曉謹,2,11,13.0,195.0,3.25,03:15,97.5,1.62,01:38,4.0,2.0,30.77,44.31,8.0,4.0,61.54,88.62,7.0,3.5,53.85,77.54,2.0,1.0,15.38,22.15,5.0,2.5,38.46,55.38,2.0,1.0,15.38,22.15,2.0,1.0,15.38,22.15,0.0,0.0,0.0,0.0,0.0,0.0,0.0,0.0,0.0,0.0,0.0,0.0,2.0,1.0,15.38,22.15,2.0,1.0,15.38,22.15,1.0,0.5,7.69,11.08,1.0,0.5,7.69,11.08,0.0,0.0,0.0,0.0,1.0,0.5,7.69,11.08,0.0,0.0,0.0,0.0,1.0,0.5,7.69,11.08,0.0,0.0,0.0,0.0,0.0,0.0,0.0,0.0,30.77,61.54,-30.77,96.0,-4.0,-2.0,-30.77,3.25,1.62,0.29,0.29,0.4,0.0,,0.0,0.5,0.67,0.67,0.67,0.0,7.69,0.0,0.0,0.0
4,高雄全家海神,108|110|119|14037,魏莨哲/胡瓏貿/余純安/奧迪傑,2,11,13.0,195.0,3.25,03:15,97.5,1.62,01:38,4.0,2.0,30.77,44.31,8.0,4.0,61.54,88.62,7.0,3.5,53.85,77.54,2.0,1.0,15.38,22.15,5.0,2.5,38.46,55.38,2.0,1.0,15.38,22.15,2.0,1.0,15.38,22.15,0.0,0.0,0.0,0.0,0.0,0.0,0.0,0.0,0.0,0.0,0.0,0.0,2.0,1.0,15.38,22.15,2.0,1.0,15.38,22.15,1.0,0.5,7.69,11.08,1.0,0.5,7.69,11.08,0.0,0.0,0.0,0.0,1.0,0.5,7.69,11.08,0.0,0.0,0.0,0.0,1.0,0.5,7.69,11.08,0.0,0.0,0.0,0.0,0.0,0.0,0.0,0.0,30.77,61.54,-30.77,96.0,-4.0,-2.0,-30.77,3.25,1.62,0.29,0.29,0.4,0.0,,0.0,0.5,0.67,0.67,0.67,0.0,7.69,0.0,0.0,0.0
4,高雄全家海神,108|110|121|14037,魏莨哲/胡瓏貿/吳曉謹/奧迪傑,2,27,31.0,424.21,7.07,07:04,212.11,3.54,03:32,11.0,5.5,35.48,56.01,15.0,7.5,48.39,76.38,13.0,6.5,41.94,66.19,5.0,2.5,16.13,25.46,8.0,4.0,25.81,40.73,4.0,2.0,12.9,20.37,5.0,2.5,16.13,25.46,1.0,0.5,3.23,5.09,0.0,0.0,0.0,0.0,0.0,0.0,0.0,0.0,3.0,1.5,9.68,15.28,4.0,2.0,12.9,20.37,1.0,0.5,3.23,5.09,3.0,1.5,9.68,15.28,3.0,1.5,9.68,15.28,2.0,1.0,6.45,10.18,3.0,1.5,9.68,15.28,1.0,0.5,3.23,5.09,0.0,0.0,0.0,0.0,5.0,2.5,16.13,25.46,35.48,48.39,-12.9,105.23,-4.0,-2.0,-12.9,7.07,3.54,0.42,0.42,0.5,0.2,,0.19,0.4,0.5,0.8,0.64,9.68,3.23,0.0,16.13,0.0
4,高雄全家海神,108|119|121|14037,魏莨哲/余純安/吳曉謹/奧迪傑,2,11,13.0,195.0,3.25,03:15,97.5,1.62,01:38,4.0,2.0,30.77,44.31,8.0,4.0,61.54,88.62,7.0,3.5,53.85,77.54,2.0,1.0,15.38,22.15,5.0,2.5,38.46,55.38,2.0,1.0,15.38,22.15,2.0,1.0,15.38,22.15,0.0,0.0,0.0,0.0,0.0,0.0,0.0,0.0,0.0,0.0,0.0,0.0,2.0,1.0,15.38,22.15,2.0,1.0,15.38,22.15,1.0,0.5,7.69,11.08,1.0,0.5,7.69,11.08,0.0,0.0,0.0,0.0,1.0,0.5,7.69,11.08,0.0,0.0,0.0,0.0,1.0,0.5,7.69,11.08,0.0,0.0,0.0,0.0,0.0,0.0,0.0,0.0,30.77,61.54,-30.77,96.0,-4.0,-2.0,-30.77,3.25,1.62,0.29,0.29,0.4,0.0,,0.0,0.5,0.67,0.67,0.67,0.0,7.69,0.0,0.0,0.0
4,高雄全家海神,108|110|111|121,魏莨哲/胡瓏貿/唐維傑/吳曉謹,1,3,4.0,89.0,1.48,01:29,89.0,1.48,01:29,3.0,3.0,75.0,72.81,2.0,2.0,50.0,48.54,2.0,2.0,50.0,48.54,1.0,1.0,25.0,24.27,1.0,1.0,25.0,24.27,0.0,0.0,0.0,0.0,1.0,1.0,25.0,24.27,1.0,1.0,25.0,24.27,0.0,0.0,0.0,0.0,0.0,0.0,0.0,0.0,1.0,1.0,25.0,24.27,0.0,0.0,0.0,0.0,0.0,0.0,0.0,0.0,0.0,0.0,0.0,0.0,1.0,1.0,25.0,24.27,1.0,1.0,25.0,24.27,1.0,1.0,25.0,24.27,0.0,0.0,0.0,0.0,0.0,0.0,0.0,0.0,0.0,0.0,0.0,0.0,75.0,50.0,25.0,64.72,1.0,1.0,25.0,1.48,1.48,0.75,0.75,0.0,1.0,,0.33,1.0,1.0,,1.0,25.0,0.0,0.0,0.0,0.0
4,高雄全家海神,108|110|111|14037,魏莨哲/胡瓏貿/唐維傑/奧迪傑,2,19,22.0,295.57,4.93,04:56,147.78,2.46,02:28,9.0,4.5,40.91,65.77,13.0,6.5,59.09,95.0,9.0,4.5,40.91,65.77,3.0,1.5,13.64,21.92,6.0,3.0,27.27,43.85,1.0,0.5,4.55,7.31,3.0,1.5,13.64,21.92,2.0,1.0,9.09,14.62,2.0,1.0,9.09,14.62,1.0,0.5,4.55,7.31,3.0,1.5,13.64,21.92,3.0,1.5,13.64,21.92,1.0,0.5,4.55,7.31,2.0,1.0,9.09,14.62,2.0,1.0,9.09,14.62,2.0,1.0,9.09,14.62,2.0,1.0,9.09,14.62,1.0,0.5,4.55,7.31,1.0,0.5,4.55,7.31,4.0,2.0,18.18,29.23,40.91,59.09,-18.18,107.18,-4.0,-2.0,-18.18,4.93,2.46,0.44,0.46,0.17,0.67,0.5,0.17,0.67,0.6,0.75,0.67,9.09,4.55,0.05,18.18,0.22
4,高雄全家海神,108|111|121|14037,魏莨哲/唐維傑/吳曉謹/奧迪傑,1,3,4.0,89.0,1.48,01:29,89.0,1.48,01:29,3.0,3.0,75.0,72.81,2.0,2.0,50.0,48.54,2.0,2.0,50.0,48.54,1.0,1.0,25.0,24.27,1.0,1.0,25.0,24.27,0.0,0.0,0.0,0.0,1.0,1.0,25.0,24.27,1.0,1.0,25.0,24.27,0.0,0.0,0.0,0.0,0.0,0.0,0.0,0.0,1.0,1.0,25.0,24.27,0.0,0.0,0.0,0.0,0.0,0.0,0.0,0.0,0.0,0.0,0.0,0.0,1.0,1.0,25.0,24.27,1.0,1.0,25.0,24.27,1.0,1.0,25.0,24.27,0.0,0.0,0.0,0.0,0.0,0.0,0.0,0.0,0.0,0.0,0.0,0.0,75.0,50.0,25.0,64.72,1.0,1.0,25.0,1.48,1.48,0.75,0.75,0.0,1.0,,0.33,1.0,1.0,,1.0,25.0,0.0,0.0,0.0,0.0
4,高雄全家海神,108|110|111|10891,魏莨哲/胡瓏貿/唐維傑/廖偉皓,2,16,18.0,206.57,3.44,03:27,103.28,1.72,01:43,6.0,3.0,33.33,62.74,11.0,5.5,61.11,115.02,7.0,3.5,38.89,73.2,2.0,1.0,11.11,20.91,5.0,2.5,27.78,52.28,1.0,0.5,5.56,10.46,2.0,1.0,11.11,20.91,1.0,0.5,5.56,10.46,2.0,1.0,11.11,20.91,1.0,0.5,5.56,10.46,2.0,1.0,11.11,20.91,3.0,1.5,16.67,31.37,1.0,0.5,5.56,10.46,2.0,1.0,11.11,20.91,1.0,0.5,5.56,10.46,1.0,0.5,5.56,10.46,1.0,0.5,5.56,10.46,1.0,0.5,5.56,10.46,1.0,0.5,5.56,10.46,4.0,2.0,22.22,41.83,33.33,61.11,-27.78,125.48,-5.0,-2.5,-27.78,3.44,1.72,0.36,0.38,0.2,0.5,0.5,0.11,0.5,0.5,0.75,0.62,5.56,5.56,0.06,22.22,0.29
4,高雄全家海神,108|110|10891|14037,魏莨哲/胡瓏貿/廖偉皓/奧迪傑,3,43,51.0,574.35,9.57,09:34,191.45,3.19,03:11,19.0,6.33,37.25,71.46,23.0,7.67,45.1,86.5,18.0,6.0,35.29,67.69,6.0,2.0,11.76,22.56,11.0,3.67,21.57,41.37,5.0,1.67,9.8,18.8,7.0,2.33,13.73,26.33,1.0,0.33,1.96,3.76,8.0,2.67,15.69,30.09,6.0,2.0,11.76,22.56,7.0,2.33,13.73,26.33,6.0,2.0,11.76,22.56,1.0,0.33,1.96,3.76,7.0,2.33,13.73,26.33,4.0,1.33,7.84,15.04,3.0,1.0,5.88,11.28,4.0,1.33,7.84,15.04,1.0,0.33,1.96,3.76,3.0,1.0,5.88,11.28,12.0,4.0,23.53,45.13,37.25,45.1,-7.84,127.87,-4.0,-1.33,-7.84,9.57,3.19,0.36,0.44,0.45,0.14,0.75,0.16,0.5,0.5,0.86,0.62,7.84,1.96,0.06,23.53,0.44
4,高雄全家海神,108|111|10891|14037,魏莨哲/唐維傑/廖偉皓/奧迪傑,2,32,37.0,402.6,6.71,06:43,201.3,3.36,03:21,8.0,4.0,21.62,42.92,17.0,8.5,45.95,91.21,16.0,8.0,43.24,85.84,2.0,1.0,5.41,10.73,13.0,6.5,35.14,69.75,1.0,0.5,2.7,5.37,3.0,1.5,8.11,16.1,1.0,0.5,2.7,5.37,4.0,2.0,10.81,21.46,3.0,1.5,8.11,16.1,4.0,2.0,10.81,21.46,8.0,4.0,21.62,42.92,1.0,0.5,2.7,5.37,6.0,3.0,16.22,32.19,2.0,1.0,5.41,10.73,1.0,0.5,2.7,5.37,1.0,0.5,2.7,5.37,1.0,0.5,2.7,5.37,2.0,1.0,5.41,10.73,8.0,4.0,21.62,42.92,21.62,45.95,-24.32,132.34,-9.0,-4.5,-24.32,6.71,3.36,0.16,0.23,0.08,0.33,0.75,0.1,0.5,0.4,0.89,0.63,2.7,2.7,0.05,21.62,0.25
4,高雄全家海神,110|111|10891|14037,胡瓏貿/唐維傑/廖偉皓/奧迪傑,2,16,18.0,206.57,3.44,03:27,103.28,1.72,01:43,6.0,3.0,33.33,62.74,11.0,5.5,61.11,115.02,7.0,3.5,38.89,73.2,2.0,1.0,11.11,20.91,5.0,2.5,27.78,52.28,1.0,0.5,5.56,10.46,2.0,1.0,11.11,20.91,1.0,0.5,5.56,10.46,2.0,1.0,11.11,20.91,1.0,0.5,5.56,10.46,2.0,1.0,11.11,20.91,3.0,1.5,16.67,31.37,1.0,0.5,5.56,10.46,2.0,1.0,11.11,20.91,1.0,0.5,5.56,10.46,1.0,0.5,5.56,10.46,1.0,0.5,5.56,10.46,1.0,0.5,5.56,10.46,1.0,0.5,5.56,10.46,4.0,2.0,22.22,41.83,33.33,61.11,-27.78,125.48,-5.0,-2.5,-27.78,3.44,1.72,0.36,0.38,0.2,0.5,0.5,0.11,0.5,0.5,0.75,0.62,5.56,5.56,0.06,22.22,0.29
4,高雄全家海神,111|116|10891|14037,唐維傑/呂威霆/廖偉皓/奧迪傑,1,16,19.0,196.03,3.27,03:16,196.03,3.27,03:16,2.0,2.0,10.53,22.04,6.0,6.0,31.58,66.11,9.0,9.0,47.37,99.17,0.0,0.0,0.0,0.0,8.0,8.0,42.11,88.15,0.0,0.0,0.0,0.0,1.0,1.0,5.26,11.02,0.0,0.0,0.0,0.0,2.0,2.0,10.53,22.04,2.0,2.0,10.53,22.04,2.0,2.0,10.53,22.04,5.0,5.0,26.32,55.09,0.0,0.0,0.0,0.0,4.0,4.0,21.05,44.07,1.0,1.0,5.26,11.02,0.0,0.0,0.0,0.0,0.0,0.0,0.0,0.0,0.0,0.0,0.0,0.0,1.0,1.0,5.26,11.02,4.0,4.0,21.05,44.07,10.53,31.58,-21.05,139.57,-4.0,-4.0,-21.05,3.27,3.27,0.0,0.1,0.0,0.0,1.0,0.09,,0.33,1.0,0.64,0.0,0.0,0.05,21.05,0.22
4,高雄全家海神,108|110|121|10891,魏莨哲/胡瓏貿/吳曉謹/廖偉皓,2,26,29.0,350.31,5.84,05:50,175.15,2.92,02:55,13.0,6.5,44.83,80.16,14.0,7.0,48.28,86.32,10.0,5.0,34.48,61.66,6.0,3.0,20.69,37.0,7.0,3.5,24.14,43.16,5.0,2.5,17.24,30.83,3.0,1.5,10.34,18.5,1.0,0.5,3.45,6.17,0.0,0.0,0.0,0.0,0.0,0.0,0.0,0.0,1.0,0.5,3.45,6.17,3.0,1.5,10.34,18.5,1.0,0.5,3.45,6.17,4.0,2.0,13.79,24.66,4.0,2.0,13.79,24.66,2.0,1.0,6.9,12.33,4.0,2.0,13.79,24.66,0.0,0.0,0.0,0.0,0.0,0.0,0.0,0.0,7.0,3.5,24.14,43.16,44.83,48.28,-3.45,119.21,-1.0,-0.5,-3.45,5.84,2.92,0.65,0.65,0.71,0.33,,0.29,0.33,0.2,0.75,0.44,13.79,0.0,0.0,24.14,0.0
4,高雄全家海神,108|121|10891|14037,魏莨哲/吳曉謹/廖偉皓/奧迪傑,2,15,16.0,175.21,2.92,02:55,87.61,1.46,01:28,4.0,2.0,25.0,49.31,7.0,3.5,43.75,86.3,4.0,2.0,25.0,49.31,2.0,1.0,12.5,24.66,2.0,1.0,12.5,24.66,2.0,1.0,12.5,24.66,2.0,1.0,12.5,24.66,0.0,0.0,0.0,0.0,0.0,0.0,0.0,0.0,0.0,0.0,0.0,0.0,0.0,0.0,0.0,0.0,2.0,1.0,12.5,24.66,0.0,0.0,0.0,0.0,2.0,1.0,12.5,24.66,3.0,1.5,18.75,36.98,0.0,0.0,0.0,0.0,2.0,1.0,12.5,24.66,0.0,0.0,0.0,0.0,1.0,0.5,6.25,12.33,5.0,2.5,31.25,61.64,25.0,43.75,-18.75,131.5,-3.0,-1.5,-18.75,2.92,1.46,0.5,0.5,1.0,0.0,,0.43,0.0,0.0,1.0,0.5,12.5,0.0,0.06,31.25,0.0
4,高雄全家海神,110|121|10891|14037,胡瓏貿/吳曉謹/廖偉皓/奧迪傑,3,31,34.0,430.8,7.18,07:11,143.6,2.39,02:24,14.0,4.67,41.18,70.19,22.0,7.33,64.71,110.31,12.0,4.0,35.29,60.17,6.0,2.0,17.65,30.08,5.0,1.67,14.71,25.07,4.0,1.33,11.76,20.06,7.0,2.33,20.59,35.1,2.0,0.67,5.88,10.03,0.0,0.0,0.0,0.0,0.0,0.0,0.0,0.0,2.0,0.67,5.88,10.03,4.0,1.33,11.76,20.06,0.0,0.0,0.0,0.0,5.0,1.67,14.71,25.07,4.0,1.33,11.76,20.06,1.0,0.33,2.94,5.01,4.0,1.33,11.76,20.06,0.0,0.0,0.0,0.0,2.0,0.67,5.88,10.03,6.0,2.0,17.65,30.08,41.18,64.71,-23.53,113.65,-8.0,-2.67,-23.53,7.18,2.39,0.58,0.58,0.8,0.29,,0.25,0.17,0.29,1.0,0.55,11.76,0.0,0.06,17.65,0.0
4,桃園台啤永豐雲豹,12|58|64|10884,曹薰襄/林信寬/劉元凱/徐宏瑋,1,13,16.0,222.49,3.71,03:42,222.49,3.71,03:42,4.0,4.0,25.0,38.83,6.0,6.0,37.5,58.25,4.0,4.0,25.0,38.83,2.0,2.0,12.5,19.42,3.0,3.0,18.75,29.12,2.0,2.0,12.5,19.42,1.0,1.0,6.25,9.71,0.0,0.0,0.0,0.0,0.0,0.0,0.0,0.0,0.0,0.0,0.0,0.0,0.0,0.0,0.0,0.0,2.0,2.0,12.5,19.42,2.0,2.0,12.5,19.42,4.0,4.0,25.0,38.83,3.0,3.0,18.75,29.12,1.0,1.0,6.25,9.71,2.0,2.0,12.5,19.42,0.0,0.0,0.0,0.0,2.0,2.0,12.5,19.42,2.0,2.0,12.5,19.42,25.0,37.5,-12.5,103.55,-2.0,-2.0,-12.5,3.71,3.71,0.5,0.5,0.67,0.0,,0.43,0.5,0.0,0.5,0.25,12.5,0.0,0.12,12.5,0.0
4,桃園台啤永豐雲豹,12|64|10860|10884,曹薰襄/劉元凱/麥卡洛/徐宏瑋,1,13,16.0,222.49,3.71,03:42,222.49,3.71,03:42,4.0,4.0,25.0,38.83,6.0,6.0,37.5,58.25,4.0,4.0,25.0,38.83,2.0,2.0,12.5,19.42,3.0,3.0,18.75,29.12,2.0,2.0,12.5,19.42,1.0,1.0,6.25,9.71,0.0,0.0,0.0,0.0,0.0,0.0,0.0,0.0,0.0,0.0,0.0,0.0,0.0,0.0,0.0,0.0,2.0,2.0,12.5,19.42,2.0,2.0,12.5,19.42,4.0,4.0,25.0,38.83,3.0,3.0,18.75,29.12,1.0,1.0,6.25,9.71,2.0,2.0,12.5,19.42,0.0,0.0,0.0,0.0,2.0,2.0,12.5,19.42,2.0,2.0,12.5,19.42,25.0,37.5,-12.5,103.55,-2.0,-2.0,-12.5,3.71,3.71,0.5,0.5,0.67,0.0,,0.43,0.5,0.0,0.5,0.25,12.5,0.0,0.12,12.5,0.0
4,桃園台啤永豐雲豹,58|64|10860|10884,林信寬/劉元凱/麥卡洛/徐宏瑋,1,13,16.0,222.49,3.71,03:42,222.49,3.71,03:42,4.0,4.0,25.0,38.83,6.0,6.0,37.5,58.25,4.0,4.0,25.0,38.83,2.0,2.0,12.5,19.42,3.0,3.0,18.75,29.12,2.0,2.0,12.5,19.42,1.0,1.0,6.25,9.71,0.0,0.0,0.0,0.0,0.0,0.0,0.0,0.0,0.0,0.0,0.0,0.0,0.0,0.0,0.0,0.0,2.0,2.0,12.5,19.42,2.0,2.0,12.5,19.42,4.0,4.0,25.0,38.83,3.0,3.0,18.75,29.12,1.0,1.0,6.25,9.71,2.0,2.0,12.5,19.42,0.0,0.0,0.0,0.0,2.0,2.0,12.5,19.42,2.0,2.0,12.5,19.42,25.0,37.5,-12.5,103.55,-2.0,-2.0,-12.5,3.71,3.71,0.5,0.5,0.67,0.0,,0.43,0.5,0.0,0.5,0.25,12.5,0.0,0.12,12.5,0.0
4,高雄全家海神,108|110|10891|13275,魏莨哲/胡瓏貿/廖偉皓/吳彥侖,1,4,5.0,74.0,1.23,01:14,74.0,1.23,01:14,4.0,4.0,80.0,116.76,2.0,2.0,40.0,58.38,2.0,2.0,40.0,58.38,1.0,1.0,20.0,29.19,1.0,1.0,20.0,29.19,1.0,1.0,20.0,29.19,1.0,1.0,20.0,29.19,0.0,0.0,0.0,0.0,2.0,2.0,40.0,58.38,2.0,2.0,40.0,58.38,1.0,1.0,20.0,29.19,0.0,0.0,0.0,0.0,0.0,0.0,0.0,0.0,1.0,1.0,20.0,29.19,0.0,0.0,0.0,0.0,1.0,1.0,20.0,29.19,0.0,0.0,0.0,0.0,0.0,0.0,0.0,0.0,1.0,1.0,20.0,29.19,0.0,0.0,0.0,0.0,80.0,40.0,40.0,97.3,2.0,2.0,40.0,1.23,1.23,0.5,0.69,1.0,0.0,1.0,0.0,1.0,0.5,,0.5,0.0,0.0,0.2,0.0,1.0
4,高雄全家海神,108|110|13275|14037,魏莨哲/胡瓏貿/吳彥侖/奧迪傑,1,4,5.0,74.0,1.23,01:14,74.0,1.23,01:14,4.0,4.0,80.0,116.76,2.0,2.0,40.0,58.38,2.0,2.0,40.0,58.38,1.0,1.0,20.0,29.19,1.0,1.0,20.0,29.19,1.0,1.0,20.0,29.19,1.0,1.0,20.0,29.19,0.0,0.0,0.0,0.0,2.0,2.0,40.0,58.38,2.0,2.0,40.0,58.38,1.0,1.0,20.0,29.19,0.0,0.0,0.0,0.0,0.0,0.0,0.0,0.0,1.0,1.0,20.0,29.19,0.0,0.0,0.0,0.0,1.0,1.0,20.0,29.19,0.0,0.0,0.0,0.0,0.0,0.0,0.0,0.0,1.0,1.0,20.0,29.19,0.0,0.0,0.0,0.0,80.0,40.0,40.0,97.3,2.0,2.0,40.0,1.23,1.23,0.5,0.69,1.0,0.0,1.0,0.0,1.0,0.5,,0.5,0.0,0.0,0.2,0.0,1.0
4,高雄全家海神,110|10891|13275|14037,胡瓏貿/廖偉皓/吳彥侖/奧迪傑,2,14,16.0,223.08,3.72,03:43,111.54,1.86,01:52,9.0,4.5,56.25,87.14,12.0,6.0,75.0,116.19,6.0,3.0,37.5,58.09,3.0,1.5,18.75,29.05,3.0,1.5,18.75,29.05,2.0,1.0,12.5,19.36,3.0,1.5,18.75,29.05,1.0,0.5,6.25,9.68,2.0,1.0,12.5,19.36,2.0,1.0,12.5,19.36,2.0,1.0,12.5,19.36,1.0,0.5,6.25,9.68,0.0,0.0,0.0,0.0,2.0,1.0,12.5,19.36,2.0,1.0,12.5,19.36,1.0,0.5,6.25,9.68,2.0,1.0,12.5,19.36,0.0,0.0,0.0,0.0,2.0,1.0,12.5,19.36,0.0,0.0,0.0,0.0,56.25,75.0,-18.75,103.28,-3.0,-1.5,-18.75,3.72,1.86,0.58,0.65,0.67,0.33,1.0,0.23,0.33,0.5,1.0,0.6,12.5,0.0,0.12,0.0,0.33
4,桃園台啤永豐雲豹,55|56|58|64,汪哲宇/丁冠皓/林信寬/劉元凱,1,4,4.0,87.23,1.45,01:27,87.23,1.45,01:27,0.0,0.0,0.0,0.0,0.0,0.0,0.0,0.0,2.0,2.0,50.0,49.52,0.0,0.0,0.0,0.0,0.0,0.0,0.0,0.0,0.0,0.0,0.0,0.0,2.0,2.0,50.0,49.52,0.0,0.0,0.0,0.0,0.0,0.0,0.0,0.0,0.0,0.0,0.0,0.0,0.0,0.0,0.0,0.0,2.0,2.0,50.0,49.52,0.0,0.0,0.0,0.0,1.0,1.0,25.0,24.76,0.0,0.0,0.0,0.0,0.0,0.0,0.0,0.0,0.0,0.0,0.0,0.0,0.0,0.0,0.0,0.0,0.0,0.0,0.0,0.0,0.0,0.0,0.0,0.0,0.0,0.0,0.0,66.03,0.0,0.0,0.0,1.45,1.45,0.0,0.0,,0.0,,0.0,,0.0,1.0,0.67,0.0,0.0,0.0,0.0,0.0
4,桃園台啤永豐雲豹,56|58|64|10884,丁冠皓/林信寬/劉元凱/徐宏瑋,1,4,4.0,87.23,1.45,01:27,87.23,1.45,01:27,0.0,0.0,0.0,0.0,0.0,0.0,0.0,0.0,2.0,2.0,50.0,49.52,0.0,0.0,0.0,0.0,0.0,0.0,0.0,0.0,0.0,0.0,0.0,0.0,2.0,2.0,50.0,49.52,0.0,0.0,0.0,0.0,0.0,0.0,0.0,0.0,0.0,0.0,0.0,0.0,0.0,0.0,0.0,0.0,2.0,2.0,50.0,49.52,0.0,0.0,0.0,0.0,1.0,1.0,25.0,24.76,0.0,0.0,0.0,0.0,0.0,0.0,0.0,0.0,0.0,0.0,0.0,0.0,0.0,0.0,0.0,0.0,0.0,0.0,0.0,0.0,0.0,0.0,0.0,0.0,0.0,0.0,0.0,66.03,0.0,0.0,0.0,1.45,1.45,0.0,0.0,,0.0,,0.0,,0.0,1.0,0.67,0.0,0.0,0.0,0.0,0.0
4,高雄全家海神,108|116|123|13275,魏莨哲/呂威霆/勤明慶/吳彥侖,1,16,19.0,263.61,4.39,04:24,263.61,4.39,04:24,10.0,10.0,52.63,81.94,6.0,6.0,31.58,49.16,6.0,6.0,31.58,49.16,3.0,3.0,15.79,24.58,3.0,3.0,15.79,24.58,1.0,1.0,5.26,8.19,3.0,3.0,15.79,24.58,2.0,2.0,10.53,16.39,4.0,4.0,21.05,32.78,2.0,2.0,10.53,16.39,1.0,1.0,5.26,8.19,3.0,3.0,15.79,24.58,1.0,1.0,5.26,8.19,4.0,4.0,21.05,32.78,2.0,2.0,10.53,16.39,0.0,0.0,0.0,0.0,1.0,1.0,5.26,8.19,0.0,0.0,0.0,0.0,3.0,3.0,15.79,24.58,8.0,8.0,42.11,65.55,52.63,31.58,21.05,103.79,4.0,4.0,21.05,4.39,4.39,0.67,0.64,0.33,0.67,0.5,0.2,0.0,0.2,0.75,0.44,5.26,0.0,0.16,42.11,0.67
4,高雄全家海神,108|123|10891|13275,魏莨哲/勤明慶/廖偉皓/吳彥侖,1,16,19.0,263.61,4.39,04:24,263.61,4.39,04:24,10.0,10.0,52.63,81.94,6.0,6.0,31.58,49.16,6.0,6.0,31.58,49.16,3.0,3.0,15.79,24.58,3.0,3.0,15.79,24.58,1.0,1.0,5.26,8.19,3.0,3.0,15.79,24.58,2.0,2.0,10.53,16.39,4.0,4.0,21.05,32.78,2.0,2.0,10.53,16.39,1.0,1.0,5.26,8.19,3.0,3.0,15.79,24.58,1.0,1.0,5.26,8.19,4.0,4.0,21.05,32.78,2.0,2.0,10.53,16.39,0.0,0.0,0.0,0.0,1.0,1.0,5.26,8.19,0.0,0.0,0.0,0.0,3.0,3.0,15.79,24.58,8.0,8.0,42.11,65.55,52.63,31.58,21.05,103.79,4.0,4.0,21.05,4.39,4.39,0.67,0.64,0.33,0.67,0.5,0.2,0.0,0.2,0.75,0.44,5.26,0.0,0.16,42.11,0.67
4,高雄全家海神,116|123|10891|13275,呂威霆/勤明慶/廖偉皓/吳彥侖,1,16,19.0,263.61,4.39,04:24,263.61,4.39,04:24,10.0,10.0,52.63,81.94,6.0,6.0,31.58,49.16,6.0,6.0,31.58,49.16,3.0,3.0,15.79,24.58,3.0,3.0,15.79,24.58,1.0,1.0,5.26,8.19,3.0,3.0,15.79,24.58,2.0,2.0,10.53,16.39,4.0,4.0,21.05,32.78,2.0,2.0,10.53,16.39,1.0,1.0,5.26,8.19,3.0,3.0,15.79,24.58,1.0,1.0,5.26,8.19,4.0,4.0,21.05,32.78,2.0,2.0,10.53,16.39,0.0,0.0,0.0,0.0,1.0,1.0,5.26,8.19,0.0,0.0,0.0,0.0,3.0,3.0,15.79,24.58,8.0,8.0,42.11,65.55,52.63,31.58,21.05,103.79,4.0,4.0,21.05,4.39,4.39,0.67,0.64,0.33,0.67,0.5,0.2,0.0,0.2,0.75,0.44,5.26,0.0,0.16,42.11,0.67
4,桃園台啤永豐雲豹,55|57|60|64,汪哲宇/莊博元/黃鎮/劉元凱,1,4,5.0,75.61,1.26,01:16,75.61,1.26,01:16,1.0,1.0,20.0,28.57,3.0,3.0,60.0,85.7,1.0,1.0,20.0,28.57,0.0,0.0,0.0,0.0,1.0,1.0,20.0,28.57,0.0,0.0,0.0,0.0,0.0,0.0,0.0,0.0,0.0,0.0,0.0,0.0,2.0,2.0,40.0,57.13,1.0,1.0,20.0,28.57,0.0,0.0,0.0,0.0,2.0,2.0,40.0,57.13,1.0,1.0,20.0,28.57,0.0,0.0,0.0,0.0,0.0,0.0,0.0,0.0,0.0,0.0,0.0,0.0,0.0,0.0,0.0,0.0,0.0,0.0,0.0,0.0,0.0,0.0,0.0,0.0,0.0,0.0,0.0,0.0,20.0,60.0,-40.0,95.22,-2.0,-2.0,-40.0,1.26,1.26,0.0,0.27,0.0,,0.5,0.0,,,0.67,0.67,0.0,0.0,0.0,0.0,2.0
4,桃園台啤永豐雲豹,55|57|60|10884,汪哲宇/莊博元/黃鎮/徐宏瑋,1,4,5.0,75.61,1.26,01:16,75.61,1.26,01:16,1.0,1.0,20.0,28.57,3.0,3.0,60.0,85.7,1.0,1.0,20.0,28.57,0.0,0.0,0.0,0.0,1.0,1.0,20.0,28.57,0.0,0.0,0.0,0.0,0.0,0.0,0.0,0.0,0.0,0.0,0.0,0.0,2.0,2.0,40.0,57.13,1.0,1.0,20.0,28.57,0.0,0.0,0.0,0.0,2.0,2.0,40.0,57.13,1.0,1.0,20.0,28.57,0.0,0.0,0.0,0.0,0.0,0.0,0.0,0.0,0.0,0.0,0.0,0.0,0.0,0.0,0.0,0.0,0.0,0.0,0.0,0.0,0.0,0.0,0.0,0.0,0.0,0.0,0.0,0.0,20.0,60.0,-40.0,95.22,-2.0,-2.0,-40.0,1.26,1.26,0.0,0.27,0.0,,0.5,0.0,,,0.67,0.67,0.0,0.0,0.0,0.0,2.0
4,桃園台啤永豐雲豹,57|60|64|10884,莊博元/黃鎮/劉元凱/徐宏瑋,1,4,5.0,75.61,1.26,01:16,75.61,1.26,01:16,1.0,1.0,20.0,28.57,3.0,3.0,60.0,85.7,1.0,1.0,20.0,28.57,0.0,0.0,0.0,0.0,1.0,1.0,20.0,28.57,0.0,0.0,0.0,0.0,0.0,0.0,0.0,0.0,0.0,0.0,0.0,0.0,2.0,2.0,40.0,57.13,1.0,1.0,20.0,28.57,0.0,0.0,0.0,0.0,2.0,2.0,40.0,57.13,1.0,1.0,20.0,28.57,0.0,0.0,0.0,0.0,0.0,0.0,0.0,0.0,0.0,0.0,0.0,0.0,0.0,0.0,0.0,0.0,0.0,0.0,0.0,0.0,0.0,0.0,0.0,0.0,0.0,0.0,0.0,0.0,20.0,60.0,-40.0,95.22,-2.0,-2.0,-40.0,1.26,1.26,0.0,0.27,0.0,,0.5,0.0,,,0.67,0.67,0.0,0.0,0.0,0.0,2.0
4,臺北台新戰神,1|10|11|13907,丁聖儒/雷蒙恩/蘇奕晉/梅克,2,82,102.0,1530.94,25.52,25:31,765.47,12.76,12:45,45.0,22.5,44.12,63.49,49.0,24.5,48.04,69.13,36.0,18.0,35.29,50.79,15.0,7.5,14.71,21.16,16.0,8.0,15.69,22.57,7.0,3.5,6.86,9.88,20.0,10.0,19.61,28.22,8.0,4.0,7.84,11.29,12.0,6.0,11.76,16.93,7.0,3.5,6.86,9.88,4.0,2.0,3.92,5.64,18.0,9.0,17.65,25.4,8.0,4.0,7.84,11.29,15.0,7.5,14.71,21.16,5.0,2.5,4.9,7.05,8.0,4.0,7.84,11.29,3.0,1.5,2.94,4.23,0.0,0.0,0.0,0.0,10.0,5.0,9.8,14.11,14.0,7.0,13.73,19.75,44.12,48.04,-3.92,95.94,-4.0,-2.0,-3.92,25.52,12.76,0.53,0.55,0.44,0.4,0.58,0.11,0.53,0.21,0.69,0.49,2.94,0.0,0.1,13.73,0.33
4,臺北台新戰神,1|11|14|13907,丁聖儒/蘇奕晉/錢肯尼/梅克,1,38,42.0,712.32,11.87,11:52,712.32,11.87,11:52,21.0,21.0,50.0,63.68,22.0,22.0,52.38,66.71,14.0,14.0,33.33,42.45,6.0,6.0,14.29,18.19,6.0,6.0,14.29,18.19,3.0,3.0,7.14,9.1,8.0,8.0,19.05,24.26,3.0,3.0,7.14,9.1,6.0,6.0,14.29,18.19,6.0,6.0,14.29,18.19,0.0,0.0,0.0,0.0,8.0,8.0,19.05,24.26,1.0,1.0,2.38,3.03,9.0,9.0,21.43,27.29,2.0,2.0,4.76,6.06,6.0,6.0,14.29,18.19,2.0,2.0,4.76,6.06,0.0,0.0,0.0,0.0,4.0,4.0,9.52,12.13,1.0,1.0,2.38,3.03,50.0,52.38,-2.38,84.91,-1.0,-1.0,-2.38,11.87,11.87,0.54,0.63,0.5,0.38,1.0,0.11,1.0,0.0,0.89,0.44,4.76,0.0,0.1,2.38,0.43
4,臺北台新戰神,10|11|14|13907,雷蒙恩/蘇奕晉/錢肯尼/梅克,1,24,28.0,493.53,8.23,08:14,493.53,8.23,08:14,12.0,12.0,42.86,52.52,13.0,13.0,46.43,56.9,8.0,8.0,28.57,35.01,3.0,3.0,10.71,13.13,3.0,3.0,10.71,13.13,1.0,1.0,3.57,4.38,5.0,5.0,17.86,21.88,2.0,2.0,7.14,8.75,4.0,4.0,14.29,17.51,4.0,4.0,14.29,17.51,0.0,0.0,0.0,0.0,5.0,5.0,17.86,21.88,1.0,1.0,3.57,4.38,6.0,6.0,21.43,26.26,2.0,2.0,7.14,8.75,4.0,4.0,14.29,17.51,2.0,2.0,7.14,8.75,0.0,0.0,0.0,0.0,2.0,2.0,7.14,8.75,1.0,1.0,3.57,4.38,42.86,46.43,-3.57,81.7,-1.0,-1.0,-3.57,8.23,8.23,0.5,0.61,0.33,0.4,1.0,0.17,1.33,0.0,0.83,0.42,7.14,0.0,0.07,3.57,0.5
4,臺北台新戰神,1|11|10865|13907,丁聖儒/蘇奕晉/謝銘駿/梅克,2,51,71.0,953.52,15.89,15:54,476.76,7.95,07:57,36.0,18.0,50.7,81.55,32.0,16.0,45.07,72.49,27.0,13.5,38.03,61.16,12.0,6.0,16.9,27.18,12.0,6.0,16.9,27.18,6.0,3.0,8.45,13.59,15.0,7.5,21.13,33.98,6.0,3.0,8.45,13.59,11.0,5.5,15.49,24.92,6.0,3.0,8.45,13.59,6.0,3.0,8.45,13.59,12.0,6.0,16.9,27.18,8.0,4.0,11.27,18.12,10.0,5.0,14.08,22.65,1.0,0.5,1.41,2.27,5.0,2.5,7.04,11.33,0.0,0.0,0.0,0.0,0.0,0.0,0.0,0.0,10.0,5.0,14.08,22.65,12.0,6.0,16.9,27.18,50.7,45.07,5.63,107.22,4.0,2.0,5.63,15.89,7.95,0.56,0.57,0.5,0.4,0.55,0.03,0.42,0.38,0.6,0.5,0.0,0.0,0.14,16.9,0.41
4,臺北台新戰神,10|11|10865|13907,雷蒙恩/蘇奕晉/謝銘駿/梅克,2,33,47.0,596.6,9.94,09:57,298.3,4.97,04:58,22.0,11.0,46.81,79.65,19.0,9.5,40.43,68.79,18.0,9.0,38.3,65.17,8.0,4.0,17.02,28.96,8.0,4.0,17.02,28.96,4.0,2.0,8.51,14.48,10.0,5.0,21.28,36.21,4.0,2.0,8.51,14.48,6.0,3.0,12.77,21.72,2.0,1.0,4.26,7.24,4.0,2.0,8.51,14.48,8.0,4.0,17.02,28.96,6.0,3.0,12.77,21.72,7.0,3.5,14.89,25.34,1.0,0.5,2.13,3.62,2.0,1.0,4.26,7.24,0.0,0.0,0.0,0.0,0.0,0.0,0.0,0.0,6.0,3.0,12.77,21.72,9.0,4.5,19.15,32.58,46.81,40.43,6.38,113.44,3.0,1.5,6.38,9.94,4.97,0.56,0.53,0.5,0.4,0.33,0.05,0.25,0.36,0.57,0.48,0.0,0.0,0.13,19.15,0.33
4,臺北台新戰神,1|3|5|10865,丁聖儒/陳文宏/黃聰翰/謝銘駿,1,6,6.0,110.0,1.83,01:50,110.0,1.83,01:50,2.0,2.0,33.33,39.27,3.0,3.0,50.0,58.91,3.0,3.0,50.0,58.91,1.0,1.0,16.67,19.64,1.0,1.0,16.67,19.64,1.0,1.0,16.67,19.64,2.0,2.0,33.33,39.27,0.0,0.0,0.0,0.0,0.0,0.0,0.0,0.0,0.0,0.0,0.0,0.0,0.0,0.0,0.0,0.0,2.0,2.0,33.33,39.27,0.0,0.0,0.0,0.0,1.0,1.0,16.67,19.64,0.0,0.0,0.0,0.0,0.0,0.0,0.0,0.0,0.0,0.0,0.0,0.0,0.0,0.0,0.0,0.0,2.0,2.0,33.33,39.27,0.0,0.0,0.0,0.0,33.33,50.0,-16.67,78.55,-1.0,-1.0,-16.67,1.83,1.83,0.33,0.33,1.0,0.0,,0.0,0.0,0.0,1.0,0.67,0.0,0.0,0.33,0.0,0.0
4,臺北台新戰神,1|3|10865|13907,丁聖儒/陳文宏/謝銘駿/梅克,3,33,38.0,570.77,9.51,09:31,190.26,3.17,03:10,18.0,6.0,47.37,68.12,20.0,6.67,52.63,75.69,16.0,5.33,42.11,60.55,6.0,2.0,15.79,22.71,8.0,2.67,21.05,30.27,4.0,1.33,10.53,15.14,8.0,2.67,21.05,30.27,2.0,0.67,5.26,7.57,7.0,2.33,18.42,26.49,6.0,2.0,15.79,22.71,2.0,0.67,5.26,7.57,9.0,3.0,23.68,34.06,1.0,0.33,2.63,3.78,6.0,2.0,15.79,22.71,1.0,0.33,2.63,3.78,3.0,1.0,7.89,11.35,0.0,0.0,0.0,0.0,1.0,0.33,2.63,3.78,7.0,2.33,18.42,26.49,4.0,1.33,10.53,15.14,47.37,52.63,-5.26,95.87,-2.0,-0.67,-5.26,9.51,3.17,0.44,0.47,0.5,0.25,0.86,0.05,0.5,0.25,0.9,0.61,0.0,2.63,0.18,10.53,0.44
4,臺北台新戰神,1|3|5|10,丁聖儒/陳文宏/黃聰翰/雷蒙恩,2,31,38.0,487.15,8.12,08:07,243.57,4.06,04:04,19.0,9.5,50.0,84.25,17.0,8.5,44.74,75.38,8.0,4.0,21.05,35.47,5.0,2.5,13.16,22.17,7.0,3.5,18.42,31.04,5.0,2.5,13.16,22.17,1.0,0.5,2.63,4.43,0.0,0.0,0.0,0.0,11.0,5.5,28.95,48.77,9.0,4.5,23.68,39.91,1.0,0.5,2.63,4.43,3.0,1.5,7.89,13.3,3.0,1.5,7.89,13.3,5.0,2.5,13.16,22.17,4.0,2.0,10.53,17.74,1.0,0.5,2.63,4.43,3.0,1.5,7.89,13.3,1.0,0.5,2.63,4.43,4.0,2.0,10.53,17.74,4.0,2.0,10.53,17.74,50.0,44.74,5.26,112.33,2.0,1.0,5.26,8.12,4.06,0.62,0.74,0.71,0.0,0.82,0.24,0.2,0.17,0.5,0.33,7.89,2.63,0.11,10.53,1.38
4,臺北台新戰神,3|5|10|13907,陳文宏/黃聰翰/雷蒙恩/梅克,1,32,38.0,512.41,8.54,08:32,512.41,8.54,08:32,19.0,19.0,50.0,80.09,19.0,19.0,50.0,80.09,10.0,10.0,26.32,42.15,5.0,5.0,13.16,21.08,8.0,8.0,21.05,33.72,5.0,5.0,13.16,21.08,2.0,2.0,5.26,8.43,0.0,0.0,0.0,0.0,10.0,10.0,26.32,42.15,9.0,9.0,23.68,37.94,1.0,1.0,2.63,4.22,4.0,4.0,10.53,16.86,1.0,1.0,2.63,4.22,5.0,5.0,13.16,21.08,3.0,3.0,7.89,12.65,1.0,1.0,2.63,4.22,2.0,2.0,5.26,8.43,1.0,1.0,2.63,4.22,4.0,4.0,10.53,16.86,2.0,2.0,5.26,8.43,50.0,50.0,0.0,106.79,0.0,0.0,0.0,8.54,8.54,0.5,0.66,0.62,0.0,0.9,0.17,0.2,0.17,0.8,0.45,5.26,2.63,0.11,5.26,1.0
4,臺北台新戰神,3|5|10|14,陳文宏/黃聰翰/雷蒙恩/錢肯尼,1,7,8.0,96.34,1.61,01:36,96.34,1.61,01:36,2.0,2.0,25.0,44.84,5.0,5.0,62.5,112.1,2.0,2.0,25.0,44.84,0.0,0.0,0.0,0.0,1.0,1.0,12.5,22.42,0.0,0.0,0.0,0.0,1.0,1.0,12.5,22.42,0.0,0.0,0.0,0.0,2.0,2.0,25.0,44.84,2.0,2.0,25.0,44.84,0.0,0.0,0.0,0.0,2.0,2.0,25.0,44.84,1.0,1.0,12.5,22.42,1.0,1.0,12.5,22.42,0.0,0.0,0.0,0.0,0.0,0.0,0.0,0.0,0.0,0.0,0.0,0.0,0.0,0.0,0.0,0.0,2.0,2.0,25.0,44.84,0.0,0.0,0.0,0.0,25.0,62.5,-37.5,119.57,-3.0,-3.0,-37.5,1.61,1.61,0.0,0.35,0.0,0.0,1.0,0.0,,0.0,0.67,0.5,0.0,0.0,0.25,0.0,1.0
4,臺北台新戰神,3|5|14|13907,陳文宏/黃聰翰/錢肯尼/梅克,2,23,27.0,358.25,5.97,05:58,179.13,2.99,02:59,9.0,4.5,33.33,54.26,13.0,6.5,48.15,78.38,6.0,3.0,22.22,36.18,1.0,0.5,3.7,6.03,2.0,1.0,7.41,12.06,0.0,0.0,0.0,0.0,4.0,2.0,14.81,24.12,1.0,0.5,3.7,6.03,7.0,3.5,25.93,42.2,6.0,3.0,22.22,36.18,0.0,0.0,0.0,0.0,6.0,3.0,22.22,36.18,4.0,2.0,14.81,24.12,3.0,1.5,11.11,18.09,1.0,0.5,3.7,6.03,1.0,0.5,3.7,6.03,0.0,0.0,0.0,0.0,0.0,0.0,0.0,0.0,4.0,2.0,14.81,24.12,0.0,0.0,0.0,0.0,33.33,48.15,-14.81,108.53,-4.0,-2.0,-14.81,5.97,2.99,0.25,0.5,0.0,0.25,0.86,0.1,1.0,0.0,0.6,0.46,0.0,0.0,0.15,0.0,1.17
4,臺北台新戰神,1|5|11|14,丁聖儒/黃聰翰/蘇奕晉/錢肯尼,2,33,33.0,509.66,8.49,08:30,254.83,4.25,04:15,18.0,9.0,54.55,76.29,18.0,9.0,54.55,76.29,14.0,7.0,42.42,59.33,6.0,3.0,18.18,25.43,6.0,3.0,18.18,25.43,2.0,1.0,6.06,8.48,8.0,4.0,24.24,33.9,4.0,2.0,12.12,16.95,4.0,2.0,12.12,16.95,2.0,1.0,6.06,8.48,0.0,0.0,0.0,0.0,9.0,4.5,27.27,38.14,0.0,0.0,0.0,0.0,8.0,4.0,24.24,33.9,0.0,0.0,0.0,0.0,5.0,2.5,15.15,21.19,0.0,0.0,0.0,0.0,0.0,0.0,0.0,0.0,4.0,2.0,12.12,16.95,0.0,0.0,0.0,0.0,54.55,54.55,0.0,93.24,0.0,0.0,0.0,8.49,4.25,0.57,0.57,0.33,0.5,0.5,0.0,0.83,0.0,1.0,0.53,0.0,0.0,0.12,0.0,0.29
4,臺北台新戰神,1|5|11|13907,丁聖儒/黃聰翰/蘇奕晉/梅克,2,60,69.0,994.25,16.57,16:34,497.13,8.29,08:17,30.0,15.0,43.48,65.17,36.0,18.0,52.17,78.21,28.0,14.0,40.58,60.83,10.0,5.0,14.49,21.72,17.0,8.5,24.64,36.93,7.0,3.5,10.14,15.21,11.0,5.5,15.94,23.9,3.0,1.5,4.35,6.52,9.0,4.5,13.04,19.55,7.0,3.5,10.14,15.21,4.0,2.0,5.8,8.69,12.0,6.0,17.39,26.07,4.0,2.0,5.8,8.69,9.0,4.5,13.04,19.55,2.0,1.0,2.9,4.34,7.0,3.5,10.14,15.21,1.0,0.5,1.45,2.17,1.0,0.5,1.45,2.17,7.0,3.5,10.14,15.21,7.0,3.5,10.14,15.21,43.48,52.17,-8.7,99.93,-6.0,-3.0,-8.7,16.57,8.29,0.41,0.47,0.41,0.27,0.78,0.06,0.7,0.31,0.75,0.55,1.45,1.45,0.1,10.14,0.32
4,臺北台新戰神,5|11|14|13907,黃聰翰/蘇奕晉/錢肯尼/梅克,1,14,14.0,218.79,3.65,03:39,218.79,3.65,03:39,9.0,9.0,64.29,88.85,9.0,9.0,64.29,88.85,6.0,6.0,42.86,59.23,3.0,3.0,21.43,29.62,3.0,3.0,21.43,29.62,2.0,2.0,14.29,19.74,3.0,3.0,21.43,29.62,1.0,1.0,7.14,9.87,2.0,2.0,14.29,19.74,2.0,2.0,14.29,19.74,0.0,0.0,0.0,0.0,3.0,3.0,21.43,29.62,0.0,0.0,0.0,0.0,3.0,3.0,21.43,29.62,0.0,0.0,0.0,0.0,2.0,2.0,14.29,19.74,0.0,0.0,0.0,0.0,0.0,0.0,0.0,0.0,2.0,2.0,14.29,19.74,0.0,0.0,0.0,0.0,64.29,64.29,0.0,92.14,0.0,0.0,0.0,3.65,3.65,0.58,0.65,0.67,0.33,1.0,0.0,0.67,0.0,1.0,0.5,0.0,0.0,0.14,0.0,0.33
4,新北國王,32|10872|10873|10874,奧帝/林彥廷/喬納森/熊祥泰,3,61,68.0,925.27,15.42,15:25,308.42,5.14,05:08,48.0,16.0,70.59,112.05,30.0,10.0,44.12,70.03,25.0,8.33,36.76,58.36,15.0,5.0,22.06,35.02,14.0,4.67,20.59,32.68,8.0,2.67,11.76,18.68,11.0,3.67,16.18,25.68,7.0,2.33,10.29,16.34,14.0,4.67,20.59,32.68,11.0,3.67,16.18,25.68,3.0,1.0,4.41,7.0,8.0,2.67,11.76,18.68,2.0,0.67,2.94,4.67,11.0,3.67,16.18,25.68,3.0,1.0,4.41,7.0,13.0,4.33,19.12,30.35,2.0,0.67,2.94,4.67,0.0,0.0,0.0,0.0,14.0,4.67,20.59,32.68,8.0,2.67,11.76,18.68,70.59,44.12,26.47,105.83,18.0,6.0,26.47,15.42,5.14,0.74,0.77,0.57,0.64,0.79,0.09,0.87,0.21,0.8,0.46,2.94,0.0,0.21,11.76,0.56
4,新北國王,32|10873|10874|14303,奧帝/喬納森/熊祥泰/喬丹,2,19,21.0,295.3,4.92,04:55,147.65,2.46,02:28,18.0,9.0,85.71,131.66,10.0,5.0,47.62,73.15,9.0,4.5,42.86,65.83,6.0,3.0,28.57,43.89,6.0,3.0,28.57,43.89,3.0,1.5,14.29,21.94,3.0,1.5,14.29,21.94,3.0,1.5,14.29,21.94,5.0,2.5,23.81,36.57,3.0,1.5,14.29,21.94,1.0,0.5,4.76,7.31,3.0,1.5,14.29,21.94,0.0,0.0,0.0,0.0,3.0,1.5,14.29,21.94,0.0,0.0,0.0,0.0,4.0,2.0,19.05,29.26,0.0,0.0,0.0,0.0,0.0,0.0,0.0,0.0,4.0,2.0,19.05,29.26,2.0,1.0,9.52,14.63,85.71,47.62,38.1,102.4,8.0,4.0,38.1,4.92,2.46,0.83,0.8,0.5,1.0,0.6,0.0,0.67,0.25,1.0,0.57,0.0,0.0,0.19,9.52,0.56
4,新北國王,25|29|10873|14038,林金榜/林書緯/喬納森/飛米,2,12,13.0,159.71,2.66,02:40,79.86,1.33,01:20,4.0,2.0,30.77,54.1,5.0,2.5,38.46,67.62,4.0,2.0,30.77,54.1,1.0,0.5,7.69,13.52,2.0,1.0,15.38,27.05,1.0,0.5,7.69,13.52,2.0,1.0,15.38,27.05,0.0,0.0,0.0,0.0,2.0,1.0,15.38,27.05,2.0,1.0,15.38,27.05,1.0,0.5,7.69,13.52,2.0,1.0,15.38,27.05,0.0,0.0,0.0,0.0,2.0,1.0,15.38,27.05,2.0,1.0,15.38,27.05,1.0,0.5,7.69,13.52,2.0,1.0,15.38,27.05,0.0,0.0,0.0,0.0,0.0,0.0,0.0,0.0,0.0,0.0,0.0,0.0,30.77,38.46,-7.69,117.21,-1.0,-0.5,-7.69,2.66,1.33,0.25,0.41,0.5,0.0,1.0,0.29,1.0,0.33,1.0,0.6,15.38,0.0,0.0,0.0,0.5
4,新北國王,25|29|10873|14303,林金榜/林書緯/喬納森/喬丹,1,7,9.0,121.0,2.02,02:01,121.0,2.02,02:01,0.0,0.0,0.0,0.0,5.0,5.0,55.56,89.26,3.0,3.0,33.33,53.55,0.0,0.0,0.0,0.0,1.0,1.0,11.11,17.85,0.0,0.0,0.0,0.0,2.0,2.0,22.22,35.7,0.0,0.0,0.0,0.0,0.0,0.0,0.0,0.0,0.0,0.0,0.0,0.0,1.0,1.0,11.11,17.85,2.0,2.0,22.22,35.7,1.0,1.0,11.11,17.85,1.0,1.0,11.11,17.85,1.0,1.0,11.11,17.85,0.0,0.0,0.0,0.0,1.0,1.0,11.11,17.85,0.0,0.0,0.0,0.0,0.0,0.0,0.0,0.0,2.0,2.0,22.22,35.7,0.0,55.56,-55.56,107.11,-5.0,-5.0,-55.56,2.02,2.02,0.0,0.0,0.0,0.0,,0.25,,0.5,0.67,0.6,11.11,0.0,0.0,22.22,0.0
4,新北國王,25|29|14038|14303,林金榜/林書緯/飛米/喬丹,3,46,56.0,688.56,11.48,11:29,229.52,3.83,03:50,22.0,7.33,39.29,69.01,25.0,8.33,44.64,78.42,20.0,6.67,35.71,62.74,8.0,2.67,14.29,25.1,13.0,4.33,23.21,40.78,5.0,1.67,8.93,15.68,7.0,2.33,12.5,21.96,3.0,1.0,5.36,9.41,5.0,1.67,8.93,15.68,3.0,1.0,5.36,9.41,3.0,1.0,5.36,9.41,9.0,3.0,16.07,28.23,6.0,2.0,10.71,18.82,5.0,1.67,8.93,15.68,3.0,1.0,5.36,9.41,4.0,1.33,7.14,12.55,2.0,0.67,3.57,6.27,1.0,0.33,1.79,3.14,4.0,1.33,7.14,12.55,11.0,3.67,19.64,34.51,39.29,44.64,-5.36,117.11,-3.0,-1.0,-5.36,11.48,3.83,0.48,0.5,0.38,0.43,0.6,0.12,0.5,0.38,0.6,0.52,3.57,1.79,0.07,19.64,0.25
4,新北國王,25|10873|14038|14303,林金榜/喬納森/飛米/喬丹,1,6,7.0,103.0,1.72,01:43,103.0,1.72,01:43,0.0,0.0,0.0,0.0,3.0,3.0,42.86,62.91,3.0,3.0,42.86,62.91,0.0,0.0,0.0,0.0,1.0,1.0,14.29,20.97,0.0,0.0,0.0,0.0,2.0,2.0,28.57,41.94,0.0,0.0,0.0,0.0,0.0,0.0,0.0,0.0,0.0,0.0,0.0,0.0,1.0,1.0,14.29,20.97,2.0,2.0,28.57,41.94,0.0,0.0,0.0,0.0,1.0,1.0,14.29,20.97,1.0,1.0,14.29,20.97,0.0,0.0,0.0,0.0,1.0,1.0,14.29,20.97,0.0,0.0,0.0,0.0,0.0,0.0,0.0,0.0,0.0,0.0,0.0,0.0,0.0,42.86,-42.86,97.86,-3.0,-3.0,-42.86,1.72,1.72,0.0,0.0,0.0,0.0,,0.25,,0.5,1.0,0.75,14.29,0.0,0.0,0.0,0.0
4,臺北台新戰神,1|3|5|14,丁聖儒/陳文宏/黃聰翰/錢肯尼,2,21,24.0,308.71,5.15,05:09,154.36,2.57,02:34,10.0,5.0,41.67,69.97,7.0,3.5,29.17,48.98,6.0,3.0,25.0,41.98,3.0,1.5,12.5,20.99,2.0,1.0,8.33,13.99,0.0,0.0,0.0,0.0,4.0,2.0,16.67,27.99,3.0,1.5,12.5,20.99,2.0,1.0,8.33,13.99,1.0,0.5,4.17,7.0,0.0,0.0,0.0,0.0,3.0,1.5,12.5,20.99,2.0,1.0,8.33,13.99,5.0,2.5,20.83,34.98,3.0,1.5,12.5,20.99,4.0,2.0,16.67,27.99,1.0,0.5,4.17,7.0,0.0,0.0,0.0,0.0,2.0,1.0,8.33,13.99,0.0,0.0,0.0,0.0,41.67,29.17,12.5,111.95,3.0,1.5,12.5,5.15,2.57,0.75,0.73,0.0,0.75,0.5,0.3,1.33,0.0,0.6,0.3,4.17,0.0,0.08,0.0,0.33
4,新北國王,25|29|32|10873,林金榜/林書緯/奧帝/喬納森,1,1,2.0,18.0,0.3,00:18,18.0,0.3,00:18,0.0,0.0,0.0,0.0,2.0,2.0,100.0,240.0,0.0,0.0,0.0,0.0,0.0,0.0,0.0,0.0,0.0,0.0,0.0,0.0,0.0,0.0,0.0,0.0,0.0,0.0,0.0,0.0,0.0,0.0,0.0,0.0,0.0,0.0,0.0,0.0,0.0,0.0,0.0,0.0,0.0,0.0,0.0,0.0,0.0,0.0,0.0,0.0,1.0,1.0,50.0,120.0,0.0,0.0,0.0,0.0,0.0,0.0,0.0,0.0,0.0,0.0,0.0,0.0,0.0,0.0,0.0,0.0,0.0,0.0,0.0,0.0,0.0,0.0,0.0,0.0,2.0,2.0,100.0,240.0,0.0,100.0,-100.0,160.0,-2.0,-2.0,-100.0,0.3,0.3,,,,,,,,,0.0,0.0,0.0,0.0,0.0,100.0,
4,新北國王,25|29|32|14303,林金榜/林書緯/奧帝/喬丹,1,1,2.0,18.0,0.3,00:18,18.0,0.3,00:18,0.0,0.0,0.0,0.0,2.0,2.0,100.0,240.0,0.0,0.0,0.0,0.0,0.0,0.0,0.0,0.0,0.0,0.0,0.0,0.0,0.0,0.0,0.0,0.0,0.0,0.0,0.0,0.0,0.0,0.0,0.0,0.0,0.0,0.0,0.0,0.0,0.0,0.0,0.0,0.0,0.0,0.0,0.0,0.0,0.0,0.0,0.0,0.0,1.0,1.0,50.0,120.0,0.0,0.0,0.0,0.0,0.0,0.0,0.0,0.0,0.0,0.0,0.0,0.0,0.0,0.0,0.0,0.0,0.0,0.0,0.0,0.0,0.0,0.0,0.0,0.0,2.0,2.0,100.0,240.0,0.0,100.0,-100.0,160.0,-2.0,-2.0,-100.0,0.3,0.3,,,,,,,,,0.0,0.0,0.0,0.0,0.0,100.0,
4,新北國王,25|32|10873|14303,林金榜/奧帝/喬納森/喬丹,1,1,2.0,18.0,0.3,00:18,18.0,0.3,00:18,0.0,0.0,0.0,0.0,2.0,2.0,100.0,240.0,0.0,0.0,0.0,0.0,0.0,0.0,0.0,0.0,0.0,0.0,0.0,0.0,0.0,0.0,0.0,0.0,0.0,0.0,0.0,0.0,0.0,0.0,0.0,0.0,0.0,0.0,0.0,0.0,0.0,0.0,0.0,0.0,0.0,0.0,0.0,0.0,0.0,0.0,0.0,0.0,1.0,1.0,50.0,120.0,0.0,0.0,0.0,0.0,0.0,0.0,0.0,0.0,0.0,0.0,0.0,0.0,0.0,0.0,0.0,0.0,0.0,0.0,0.0,0.0,0.0,0.0,0.0,0.0,2.0,2.0,100.0,240.0,0.0,100.0,-100.0,160.0,-2.0,-2.0,-100.0,0.3,0.3,,,,,,,,,0.0,0.0,0.0,0.0,0.0,100.0,
4,臺北台新戰神,1|5|10|13,丁聖儒/黃聰翰/雷蒙恩/陳冠全,3,37,42.0,614.28,10.24,10:14,204.76,3.41,03:25,23.0,7.67,54.76,80.87,14.0,4.67,33.33,49.23,16.0,5.33,38.1,56.26,7.0,2.33,16.67,24.61,8.0,2.67,19.05,28.13,4.0,1.33,9.52,14.07,8.0,2.67,19.05,28.13,3.0,1.0,7.14,10.55,6.0,2.0,14.29,21.1,6.0,2.0,14.29,21.1,1.0,0.33,2.38,3.52,8.0,2.67,19.05,28.13,4.0,1.33,9.52,14.07,5.0,1.67,11.9,17.58,2.0,0.67,4.76,7.03,5.0,1.67,11.9,17.58,0.0,0.0,0.0,0.0,0.0,0.0,0.0,0.0,5.0,1.67,11.9,17.58,4.0,1.33,9.52,14.07,54.76,33.33,21.43,98.46,9.0,3.0,21.43,10.24,3.41,0.53,0.62,0.5,0.38,1.0,0.1,0.71,0.17,0.67,0.5,0.0,0.0,0.12,9.52,0.38
4,臺北台新戰神,1|5|13|14,丁聖儒/黃聰翰/陳冠全/錢肯尼,3,46,49.0,719.81,12.0,12:00,239.94,4.0,04:00,25.0,8.33,51.02,75.02,20.0,6.67,40.82,60.02,19.0,6.33,38.78,57.02,10.0,3.33,20.41,30.01,11.0,3.67,22.45,33.01,6.0,2.0,12.24,18.0,8.0,2.67,16.33,24.01,4.0,1.33,8.16,12.0,3.0,1.0,6.12,9.0,1.0,0.33,2.04,3.0,2.0,0.67,4.08,6.0,7.0,2.33,14.29,21.01,0.0,0.0,0.0,0.0,11.0,3.67,22.45,33.01,5.0,1.67,10.2,15.0,7.0,2.33,14.29,21.01,1.0,0.33,2.04,3.0,1.0,0.33,2.04,3.0,5.0,1.67,10.2,15.0,2.0,0.67,4.08,6.0,51.02,40.82,10.2,98.03,5.0,1.67,10.2,12.0,4.0,0.63,0.62,0.55,0.5,0.33,0.2,0.7,0.15,1.0,0.45,2.04,2.04,0.1,4.08,0.16
4,臺北台新戰神,1|10|13|14,丁聖儒/雷蒙恩/陳冠全/錢肯尼,2,34,37.0,578.95,9.65,09:39,289.48,4.82,04:49,15.0,7.5,40.54,55.96,25.0,12.5,67.57,93.27,13.0,6.5,35.14,48.5,6.0,3.0,16.22,22.39,9.0,4.5,24.32,33.58,5.0,2.5,13.51,18.65,4.0,2.0,10.81,14.92,1.0,0.5,2.7,3.73,6.0,3.0,16.22,22.39,2.0,1.0,5.41,7.46,1.0,0.5,2.7,3.73,6.0,3.0,16.22,22.39,1.0,0.5,2.7,3.73,4.0,2.0,10.81,14.92,2.0,1.0,5.41,7.46,2.0,1.0,5.41,7.46,0.0,0.0,0.0,0.0,0.0,0.0,0.0,0.0,6.0,3.0,16.22,22.39,1.0,0.5,2.7,3.73,40.54,67.57,-27.03,92.03,-10.0,-5.0,-27.03,9.65,4.82,0.5,0.48,0.56,0.25,0.33,0.11,0.33,0.2,0.86,0.58,0.0,0.0,0.16,2.7,0.46
4,臺北台新戰神,5|10|13|14,黃聰翰/雷蒙恩/陳冠全/錢肯尼,2,7,7.0,109.53,1.83,01:50,54.77,0.91,00:55,2.0,1.0,28.57,39.44,2.0,1.0,28.57,39.44,2.0,1.0,28.57,39.44,1.0,0.5,14.29,19.72,2.0,1.0,28.57,39.44,1.0,0.5,14.29,19.72,0.0,0.0,0.0,0.0,0.0,0.0,0.0,0.0,0.0,0.0,0.0,0.0,0.0,0.0,0.0,0.0,0.0,0.0,0.0,0.0,1.0,0.5,14.29,19.72,0.0,0.0,0.0,0.0,1.0,0.5,14.29,19.72,1.0,0.5,14.29,19.72,0.0,0.0,0.0,0.0,0.0,0.0,0.0,0.0,0.0,0.0,0.0,0.0,1.0,0.5,14.29,19.72,0.0,0.0,0.0,0.0,28.57,28.57,0.0,92.03,0.0,0.0,0.0,1.83,0.91,0.5,0.5,0.5,,,0.33,0.0,0.0,1.0,0.5,0.0,0.0,0.14,0.0,0.0
4,新北國王,28|29|32|14303,呂政儒/林書緯/奧帝/喬丹,1,6,6.0,105.53,1.76,01:46,105.53,1.76,01:46,2.0,2.0,33.33,40.94,2.0,2.0,33.33,40.94,2.0,2.0,33.33,40.94,1.0,1.0,16.67,20.47,2.0,2.0,33.33,40.94,1.0,1.0,16.67,20.47,0.0,0.0,0.0,0.0,0.0,0.0,0.0,0.0,0.0,0.0,0.0,0.0,0.0,0.0,0.0,0.0,0.0,0.0,0.0,0.0,1.0,1.0,16.67,20.47,0.0,0.0,0.0,0.0,1.0,1.0,16.67,20.47,1.0,1.0,16.67,20.47,1.0,1.0,16.67,20.47,1.0,1.0,16.67,20.47,0.0,0.0,0.0,0.0,0.0,0.0,0.0,0.0,0.0,0.0,0.0,0.0,33.33,33.33,0.0,81.87,0.0,0.0,0.0,1.76,1.76,0.5,0.5,0.5,,,0.33,1.0,0.0,1.0,0.5,16.67,0.0,0.0,0.0,0.0
4,新北國王,28|32|10872|14303,呂政儒/奧帝/林彥廷/喬丹,1,16,16.0,242.83,4.05,04:03,242.83,4.05,04:03,11.0,11.0,68.75,97.85,8.0,8.0,50.0,71.16,5.0,5.0,31.25,44.48,4.0,4.0,25.0,35.58,4.0,4.0,25.0,35.58,3.0,3.0,18.75,26.69,1.0,1.0,6.25,8.9,1.0,1.0,6.25,8.9,2.0,2.0,12.5,17.79,2.0,2.0,12.5,17.79,0.0,0.0,0.0,0.0,1.0,1.0,6.25,8.9,0.0,0.0,0.0,0.0,1.0,1.0,6.25,8.9,2.0,2.0,12.5,17.79,4.0,4.0,25.0,35.58,1.0,1.0,6.25,8.9,0.0,0.0,0.0,0.0,2.0,2.0,12.5,17.79,1.0,1.0,6.25,8.9,68.75,50.0,18.75,94.88,3.0,3.0,18.75,4.05,4.05,0.9,0.94,0.75,1.0,1.0,0.25,1.0,0.0,1.0,0.5,6.25,0.0,0.12,6.25,0.4
4,臺北台新戰神,3|11|14|10865,陳文宏/蘇奕晉/錢肯尼/謝銘駿,1,6,6.0,79.71,1.33,01:20,79.71,1.33,01:20,1.0,1.0,16.67,27.1,2.0,2.0,33.33,54.2,1.0,1.0,16.67,27.1,0.0,0.0,0.0,0.0,1.0,1.0,16.67,27.1,0.0,0.0,0.0,0.0,0.0,0.0,0.0,0.0,0.0,0.0,0.0,0.0,3.0,3.0,50.0,81.29,1.0,1.0,16.67,27.1,0.0,0.0,0.0,0.0,3.0,3.0,50.0,81.29,0.0,0.0,0.0,0.0,0.0,0.0,0.0,0.0,0.0,0.0,0.0,0.0,0.0,0.0,0.0,0.0,0.0,0.0,0.0,0.0,0.0,0.0,0.0,0.0,2.0,2.0,33.33,54.2,0.0,0.0,0.0,0.0,16.67,33.33,-16.67,108.39,-1.0,-1.0,-16.67,1.33,1.33,0.0,0.22,0.0,,0.33,0.0,,,1.0,1.0,0.0,0.0,0.33,0.0,3.0
4,臺北台新戰神,3|11|14|13907,陳文宏/蘇奕晉/錢肯尼/梅克,1,6,6.0,79.71,1.33,01:20,79.71,1.33,01:20,1.0,1.0,16.67,27.1,2.0,2.0,33.33,54.2,1.0,1.0,16.67,27.1,0.0,0.0,0.0,0.0,1.0,1.0,16.67,27.1,0.0,0.0,0.0,0.0,0.0,0.0,0.0,0.0,0.0,0.0,0.0,0.0,3.0,3.0,50.0,81.29,1.0,1.0,16.67,27.1,0.0,0.0,0.0,0.0,3.0,3.0,50.0,81.29,0.0,0.0,0.0,0.0,0.0,0.0,0.0,0.0,0.0,0.0,0.0,0.0,0.0,0.0,0.0,0.0,0.0,0.0,0.0,0.0,0.0,0.0,0.0,0.0,2.0,2.0,33.33,54.2,0.0,0.0,0.0,0.0,16.67,33.33,-16.67,108.39,-1.0,-1.0,-16.67,1.33,1.33,0.0,0.22,0.0,,0.33,0.0,,,1.0,1.0,0.0,0.0,0.33,0.0,3.0
4,臺北台新戰神,3|11|10865|13907,陳文宏/蘇奕晉/謝銘駿/梅克,1,23,28.0,382.69,6.38,06:23,382.69,6.38,06:23,13.0,13.0,46.43,73.38,13.0,13.0,46.43,73.38,9.0,9.0,32.14,50.8,3.0,3.0,10.71,16.93,5.0,5.0,17.86,28.22,2.0,2.0,7.14,11.29,4.0,4.0,14.29,22.58,1.0,1.0,3.57,5.64,9.0,9.0,32.14,50.8,6.0,6.0,21.43,33.87,2.0,2.0,7.14,11.29,7.0,7.0,25.0,39.51,1.0,1.0,3.57,5.64,2.0,2.0,7.14,11.29,0.0,0.0,0.0,0.0,2.0,2.0,7.14,11.29,0.0,0.0,0.0,0.0,0.0,0.0,0.0,0.0,5.0,5.0,17.86,28.22,2.0,2.0,7.14,11.29,46.43,46.43,0.0,105.36,0.0,0.0,0.0,6.38,6.38,0.39,0.5,0.4,0.25,0.67,0.0,0.67,0.5,0.88,0.75,0.0,0.0,0.18,7.14,1.0
4,臺北台新戰神,11|14|10865|13907,蘇奕晉/錢肯尼/謝銘駿/梅克,1,6,6.0,79.71,1.33,01:20,79.71,1.33,01:20,1.0,1.0,16.67,27.1,2.0,2.0,33.33,54.2,1.0,1.0,16.67,27.1,0.0,0.0,0.0,0.0,1.0,1.0,16.67,27.1,0.0,0.0,0.0,0.0,0.0,0.0,0.0,0.0,0.0,0.0,0.0,0.0,3.0,3.0,50.0,81.29,1.0,1.0,16.67,27.1,0.0,0.0,0.0,0.0,3.0,3.0,50.0,81.29,0.0,0.0,0.0,0.0,0.0,0.0,0.0,0.0,0.0,0.0,0.0,0.0,0.0,0.0,0.0,0.0,0.0,0.0,0.0,0.0,0.0,0.0,0.0,0.0,2.0,2.0,33.33,54.2,0.0,0.0,0.0,0.0,16.67,33.33,-16.67,108.39,-1.0,-1.0,-16.67,1.33,1.33,0.0,0.22,0.0,,0.33,0.0,,,1.0,1.0,0.0,0.0,0.33,0.0,3.0
4,臺北台新戰神,1|3|11|10865,丁聖儒/陳文宏/蘇奕晉/謝銘駿,1,15,20.0,288.38,4.81,04:48,288.38,4.81,04:48,11.0,11.0,55.0,82.39,11.0,11.0,55.0,82.39,8.0,8.0,40.0,59.92,3.0,3.0,15.0,22.47,4.0,4.0,20.0,29.96,2.0,2.0,10.0,14.98,4.0,4.0,20.0,29.96,1.0,1.0,5.0,7.49,5.0,5.0,25.0,37.45,4.0,4.0,20.0,29.96,2.0,2.0,10.0,14.98,4.0,4.0,20.0,29.96,1.0,1.0,5.0,7.49,2.0,2.0,10.0,14.98,0.0,0.0,0.0,0.0,2.0,2.0,10.0,14.98,0.0,0.0,0.0,0.0,0.0,0.0,0.0,0.0,3.0,3.0,15.0,22.47,2.0,2.0,10.0,14.98,55.0,55.0,0.0,99.87,0.0,0.0,0.0,4.81,4.81,0.44,0.54,0.5,0.25,0.8,0.0,0.67,0.5,0.8,0.67,0.0,0.0,0.15,10.0,0.62
4,臺北台新戰神,1|3|11|13907,丁聖儒/陳文宏/蘇奕晉/梅克,2,41,52.0,746.49,12.44,12:26,373.25,6.22,06:13,24.0,12.0,46.15,69.45,25.0,12.5,48.08,72.34,23.0,11.5,44.23,66.55,7.0,3.5,13.46,20.25,13.0,6.5,25.0,37.62,5.0,2.5,9.62,14.47,10.0,5.0,19.23,28.94,2.0,1.0,3.85,5.79,10.0,5.0,19.23,28.94,8.0,4.0,15.38,23.15,6.0,3.0,11.54,17.36,10.0,5.0,19.23,28.94,3.0,1.5,5.77,8.68,7.0,3.5,13.46,20.25,0.0,0.0,0.0,0.0,6.0,3.0,11.54,17.36,0.0,0.0,0.0,0.0,1.0,0.5,1.92,2.89,7.0,3.5,13.46,20.25,4.0,2.0,7.69,11.57,46.15,48.08,-1.92,100.31,-1.0,-0.5,-1.92,12.44,6.22,0.35,0.44,0.38,0.2,0.8,0.0,0.86,0.46,0.77,0.62,0.0,1.92,0.13,7.69,0.43
4,新北國王,24|29|32|14038,蘇士軒/林書緯/奧帝/飛米,1,6,9.0,108.0,1.8,01:48,108.0,1.8,01:48,2.0,2.0,22.22,40.0,7.0,7.0,77.78,140.0,2.0,2.0,22.22,40.0,1.0,1.0,11.11,20.0,2.0,2.0,22.22,40.0,1.0,1.0,11.11,20.0,0.0,0.0,0.0,0.0,0.0,0.0,0.0,0.0,0.0,0.0,0.0,0.0,0.0,0.0,0.0,0.0,0.0,0.0,0.0,0.0,1.0,1.0,11.11,20.0,1.0,1.0,11.11,20.0,2.0,2.0,22.22,40.0,1.0,1.0,11.11,20.0,0.0,0.0,0.0,0.0,1.0,1.0,11.11,20.0,0.0,0.0,0.0,0.0,0.0,0.0,0.0,0.0,3.0,3.0,33.33,60.0,22.22,77.78,-55.56,120.0,-5.0,-5.0,-55.56,1.8,1.8,0.5,0.5,0.5,,,0.33,0.0,0.0,0.5,0.25,11.11,0.0,0.0,33.33,0.0
4,新北國王,24|29|10872|14038,蘇士軒/林書緯/林彥廷/飛米,3,26,30.0,406.04,6.77,06:46,135.35,2.26,02:15,14.0,4.67,46.67,74.47,23.0,7.67,76.67,122.35,12.0,4.0,40.0,63.84,6.0,2.0,20.0,31.92,8.0,2.67,26.67,42.56,5.0,1.67,16.67,26.6,4.0,1.33,13.33,21.28,1.0,0.33,3.33,5.32,1.0,0.33,3.33,5.32,1.0,0.33,3.33,5.32,1.0,0.33,3.33,5.32,4.0,1.33,13.33,21.28,1.0,0.33,3.33,5.32,3.0,1.0,10.0,15.96,1.0,0.33,3.33,5.32,2.0,0.67,6.67,10.64,1.0,0.33,3.33,5.32,0.0,0.0,0.0,0.0,0.0,0.0,0.0,0.0,7.0,2.33,23.33,37.24,46.67,76.67,-30.0,106.39,-9.0,-3.0,-30.0,6.77,2.26,0.54,0.56,0.62,0.25,1.0,0.07,0.33,0.25,0.8,0.56,3.33,0.0,0.0,23.33,0.08
4,新北國王,24|32|10872|14038,蘇士軒/奧帝/林彥廷/飛米,1,6,9.0,108.0,1.8,01:48,108.0,1.8,01:48,2.0,2.0,22.22,40.0,7.0,7.0,77.78,140.0,2.0,2.0,22.22,40.0,1.0,1.0,11.11,20.0,2.0,2.0,22.22,40.0,1.0,1.0,11.11,20.0,0.0,0.0,0.0,0.0,0.0,0.0,0.0,0.0,0.0,0.0,0.0,0.0,0.0,0.0,0.0,0.0,0.0,0.0,0.0,0.0,1.0,1.0,11.11,20.0,1.0,1.0,11.11,20.0,2.0,2.0,22.22,40.0,1.0,1.0,11.11,20.0,0.0,0.0,0.0,0.0,1.0,1.0,11.11,20.0,0.0,0.0,0.0,0.0,0.0,0.0,0.0,0.0,3.0,3.0,33.33,60.0,22.22,77.78,-55.56,120.0,-5.0,-5.0,-55.56,1.8,1.8,0.5,0.5,0.5,,,0.33,0.0,0.0,0.5,0.25,11.11,0.0,0.0,33.33,0.0
4,臺北台新戰神,1|3|5|11,丁聖儒/陳文宏/黃聰翰/蘇奕晉,2,22,28.0,362.11,6.04,06:02,181.06,3.02,03:01,10.0,5.0,35.71,59.65,11.0,5.5,39.29,65.62,13.0,6.5,46.43,77.55,3.0,1.5,10.71,17.9,9.0,4.5,32.14,53.69,3.0,1.5,10.71,17.9,4.0,2.0,14.29,23.86,0.0,0.0,0.0,0.0,5.0,2.5,17.86,29.83,4.0,2.0,14.29,23.86,4.0,2.0,14.29,23.86,5.0,2.5,17.86,29.83,2.0,1.0,7.14,11.93,4.0,2.0,14.29,23.86,0.0,0.0,0.0,0.0,3.0,1.5,10.71,17.9,0.0,0.0,0.0,0.0,1.0,0.5,3.57,5.97,3.0,1.5,10.71,17.9,2.0,1.0,7.14,11.93,35.71,39.29,-3.57,111.35,-1.0,-0.5,-3.57,6.04,3.02,0.23,0.33,0.33,0.0,0.8,0.0,1.0,0.5,0.71,0.6,0.0,3.57,0.11,7.14,0.38
4,臺北台新戰神,3|5|11|13907,陳文宏/黃聰翰/蘇奕晉/梅克,2,24,30.0,376.71,6.28,06:17,188.35,3.14,03:08,11.0,5.5,36.67,63.07,11.0,5.5,36.67,63.07,13.0,6.5,43.33,74.54,3.0,1.5,10.0,17.2,9.0,4.5,30.0,51.61,3.0,1.5,10.0,17.2,4.0,2.0,13.33,22.94,0.0,0.0,0.0,0.0,6.0,3.0,20.0,34.4,5.0,2.5,16.67,28.67,4.0,2.0,13.33,22.94,5.0,2.5,16.67,28.67,2.0,1.0,6.67,11.47,4.0,2.0,13.33,22.94,0.0,0.0,0.0,0.0,3.0,1.5,10.0,17.2,0.0,0.0,0.0,0.0,1.0,0.5,3.33,5.73,3.0,1.5,10.0,17.2,2.0,1.0,6.67,11.47,36.67,36.67,0.0,114.68,0.0,0.0,0.0,6.28,3.14,0.23,0.35,0.33,0.0,0.83,0.0,1.0,0.5,0.71,0.6,0.0,3.33,0.1,6.67,0.46
4,臺北台新戰神,1|5|10|11,丁聖儒/黃聰翰/雷蒙恩/蘇奕晉,4,50,60.0,747.64,12.46,12:28,186.91,3.12,03:07,27.0,6.75,45.0,78.0,20.0,5.0,33.33,57.78,20.0,5.0,33.33,57.78,8.0,2.0,13.33,23.11,9.0,2.25,15.0,26.0,5.0,1.25,8.33,14.45,11.0,2.75,18.33,31.78,3.0,0.75,5.0,8.67,9.0,2.25,15.0,26.0,8.0,2.0,13.33,23.11,4.0,1.0,6.67,11.56,7.0,1.75,11.67,20.22,3.0,0.75,5.0,8.67,6.0,1.5,10.0,17.33,5.0,1.25,8.33,14.45,6.0,1.5,10.0,17.33,2.0,0.5,3.33,5.78,0.0,0.0,0.0,0.0,5.0,1.25,8.33,14.45,6.0,1.5,10.0,17.33,45.0,33.33,11.67,115.56,7.0,1.75,11.67,12.46,3.12,0.48,0.56,0.56,0.27,0.89,0.17,0.75,0.4,0.7,0.55,3.33,0.0,0.08,10.0,0.45
4,臺北台新戰神,5|10|11|13907,黃聰翰/雷蒙恩/蘇奕晉/梅克,2,21,23.0,344.82,5.75,05:45,172.41,2.87,02:52,8.0,4.0,34.78,50.11,14.0,7.0,60.87,87.7,8.0,4.0,34.78,50.11,3.0,1.5,13.04,18.79,5.0,2.5,21.74,31.32,2.0,1.0,8.7,12.53,3.0,1.5,13.04,18.79,1.0,0.5,4.35,6.26,2.0,1.0,8.7,12.53,1.0,0.5,4.35,6.26,0.0,0.0,0.0,0.0,4.0,2.0,17.39,25.06,1.0,0.5,4.35,6.26,1.0,0.5,4.35,6.26,2.0,1.0,8.7,12.53,1.0,0.5,4.35,6.26,1.0,0.5,4.35,6.26,0.0,0.0,0.0,0.0,1.0,0.5,4.35,6.26,4.0,2.0,17.39,25.06,34.78,60.87,-26.09,96.05,-6.0,-3.0,-26.09,5.75,2.87,0.44,0.45,0.4,0.33,0.5,0.18,0.33,0.0,0.8,0.67,4.35,0.0,0.04,17.39,0.25
4,新北國王,22|28|32|14303,簡祐哲/呂政儒/奧帝/喬丹,1,10,10.0,137.3,2.29,02:17,137.3,2.29,02:17,9.0,9.0,90.0,141.59,6.0,6.0,60.0,94.39,3.0,3.0,30.0,47.2,3.0,3.0,30.0,47.2,2.0,2.0,20.0,31.46,2.0,2.0,20.0,31.46,1.0,1.0,10.0,15.73,1.0,1.0,10.0,15.73,2.0,2.0,20.0,31.46,2.0,2.0,20.0,31.46,0.0,0.0,0.0,0.0,0.0,0.0,0.0,0.0,0.0,0.0,0.0,0.0,0.0,0.0,0.0,0.0,1.0,1.0,10.0,15.73,3.0,3.0,30.0,47.2,0.0,0.0,0.0,0.0,0.0,0.0,0.0,0.0,2.0,2.0,20.0,31.46,1.0,1.0,10.0,15.73,90.0,60.0,30.0,104.88,3.0,3.0,30.0,2.29,2.29,1.17,1.16,1.0,1.0,1.0,0.2,1.0,,,,0.0,0.0,0.2,10.0,0.67
4,新北國王,22|28|10872|14303,簡祐哲/呂政儒/林彥廷/喬丹,1,10,10.0,137.3,2.29,02:17,137.3,2.29,02:17,9.0,9.0,90.0,141.59,6.0,6.0,60.0,94.39,3.0,3.0,30.0,47.2,3.0,3.0,30.0,47.2,2.0,2.0,20.0,31.46,2.0,2.0,20.0,31.46,1.0,1.0,10.0,15.73,1.0,1.0,10.0,15.73,2.0,2.0,20.0,31.46,2.0,2.0,20.0,31.46,0.0,0.0,0.0,0.0,0.0,0.0,0.0,0.0,0.0,0.0,0.0,0.0,0.0,0.0,0.0,0.0,1.0,1.0,10.0,15.73,3.0,3.0,30.0,47.2,0.0,0.0,0.0,0.0,0.0,0.0,0.0,0.0,2.0,2.0,20.0,31.46,1.0,1.0,10.0,15.73,90.0,60.0,30.0,104.88,3.0,3.0,30.0,2.29,2.29,1.17,1.16,1.0,1.0,1.0,0.2,1.0,,,,0.0,0.0,0.2,10.0,0.67
4,臺北台新戰神,1|3|5|13,丁聖儒/陳文宏/黃聰翰/陳冠全,3,32,34.0,467.41,7.79,07:47,155.8,2.6,02:36,24.0,8.0,70.59,110.91,21.0,7.0,61.76,97.04,9.0,3.0,26.47,41.59,6.0,2.0,17.65,27.73,2.0,0.67,5.88,9.24,1.0,0.33,2.94,4.62,7.0,2.33,20.59,32.35,5.0,1.67,14.71,23.11,8.0,2.67,23.53,36.97,7.0,2.33,20.59,32.35,1.0,0.33,2.94,4.62,2.0,0.67,5.88,9.24,0.0,0.0,0.0,0.0,4.0,1.33,11.76,18.48,5.0,1.67,14.71,23.11,7.0,2.33,20.59,32.35,3.0,1.0,8.82,13.86,0.0,0.0,0.0,0.0,4.0,1.33,11.76,18.48,2.0,0.67,5.88,9.24,70.59,61.76,8.82,104.75,3.0,1.0,8.82,7.79,2.6,0.94,0.96,0.5,0.71,0.88,0.29,1.17,0.2,1.0,0.43,8.82,0.0,0.12,5.88,0.89
4,臺北台新戰神,1|3|13|13907,丁聖儒/陳文宏/陳冠全/梅克,3,36,38.0,573.92,9.57,09:34,191.31,3.19,03:11,19.0,6.33,50.0,71.51,24.0,8.0,63.16,90.33,13.0,4.33,34.21,48.93,5.0,1.67,13.16,18.82,3.0,1.0,7.89,11.29,2.0,0.67,5.26,7.53,10.0,3.33,26.32,37.64,3.0,1.0,7.89,11.29,6.0,2.0,15.79,22.58,6.0,2.0,15.79,22.58,1.0,0.33,2.63,3.76,7.0,2.33,18.42,26.34,1.0,0.33,2.63,3.76,4.0,1.33,10.53,15.05,4.0,1.33,10.53,15.05,4.0,1.33,10.53,15.05,3.0,1.0,7.89,11.29,0.0,0.0,0.0,0.0,4.0,1.33,10.53,15.05,2.0,0.67,5.26,7.53,50.0,63.16,-13.16,95.34,-5.0,-1.67,-13.16,9.57,3.19,0.5,0.61,0.67,0.3,1.0,0.2,0.8,0.2,0.88,0.62,7.89,0.0,0.11,5.26,0.46
4,臺北台新戰神,1|5|13|13907,丁聖儒/黃聰翰/陳冠全/梅克,4,61,73.0,1007.61,16.79,16:48,251.9,4.2,04:12,44.0,11.0,60.27,94.32,43.0,10.75,58.9,92.18,25.0,6.25,34.25,53.59,11.0,2.75,15.07,23.58,13.0,3.25,17.81,27.87,6.0,1.5,8.22,12.86,12.0,3.0,16.44,25.72,5.0,1.25,6.85,10.72,16.0,4.0,21.92,34.3,15.0,3.75,20.55,32.16,6.0,1.5,8.22,12.86,9.0,2.25,12.33,19.29,3.0,0.75,4.11,6.43,10.0,2.5,13.7,21.44,5.0,1.25,6.85,10.72,10.0,2.5,13.7,21.44,3.0,0.75,4.11,6.43,1.0,0.25,1.37,2.14,10.0,2.5,13.7,21.44,7.0,1.75,9.59,15.01,60.27,58.9,1.37,104.33,1.0,0.25,1.37,16.79,4.2,0.54,0.69,0.46,0.42,0.94,0.13,0.91,0.38,0.75,0.54,4.11,1.37,0.14,9.59,0.64
4,臺北台新戰神,3|5|13|13907,陳文宏/黃聰翰/陳冠全/梅克,2,32,36.0,523.32,8.72,08:43,261.66,4.36,04:22,23.0,11.5,63.89,94.93,26.0,13.0,72.22,107.31,14.0,7.0,38.89,57.78,6.0,3.0,16.67,24.76,6.0,3.0,16.67,24.76,3.0,1.5,8.33,12.38,8.0,4.0,22.22,33.02,3.0,1.5,8.33,12.38,8.0,4.0,22.22,33.02,8.0,4.0,22.22,33.02,4.0,2.0,11.11,16.51,3.0,1.5,8.33,12.38,0.0,0.0,0.0,0.0,2.0,1.0,5.56,8.25,3.0,1.5,8.33,12.38,4.0,2.0,11.11,16.51,2.0,1.0,5.56,8.25,1.0,0.5,2.78,4.13,5.0,2.5,13.89,20.64,2.0,1.0,5.56,8.25,63.89,72.22,-8.33,99.06,-3.0,-1.5,-8.33,8.72,4.36,0.54,0.66,0.5,0.38,1.0,0.15,0.67,0.67,1.0,0.78,5.56,2.78,0.14,5.56,0.57
4,新北國王,22|32|10872|10873,簡祐哲/奧帝/林彥廷/喬納森,1,4,4.0,31.29,0.52,00:31,31.29,0.52,00:31,1.0,1.0,25.0,69.04,4.0,4.0,100.0,276.15,1.0,1.0,25.0,69.04,0.0,0.0,0.0,0.0,0.0,0.0,0.0,0.0,0.0,0.0,0.0,0.0,1.0,1.0,25.0,69.04,0.0,0.0,0.0,0.0,1.0,1.0,25.0,69.04,1.0,1.0,25.0,69.04,0.0,0.0,0.0,0.0,0.0,0.0,0.0,0.0,0.0,0.0,0.0,0.0,0.0,0.0,0.0,0.0,0.0,0.0,0.0,0.0,0.0,0.0,0.0,0.0,0.0,0.0,0.0,0.0,0.0,0.0,0.0,0.0,0.0,0.0,0.0,0.0,0.0,0.0,0.0,0.0,25.0,100.0,-75.0,184.1,-3.0,-3.0,-75.0,0.52,0.52,0.0,0.35,,0.0,1.0,0.0,,,,,0.0,0.0,0.0,0.0,1.0
4,新北國王,22|32|10873|14303,簡祐哲/奧帝/喬納森/喬丹,1,4,4.0,31.29,0.52,00:31,31.29,0.52,00:31,1.0,1.0,25.0,69.04,4.0,4.0,100.0,276.15,1.0,1.0,25.0,69.04,0.0,0.0,0.0,0.0,0.0,0.0,0.0,0.0,0.0,0.0,0.0,0.0,1.0,1.0,25.0,69.04,0.0,0.0,0.0,0.0,1.0,1.0,25.0,69.04,1.0,1.0,25.0,69.04,0.0,0.0,0.0,0.0,0.0,0.0,0.0,0.0,0.0,0.0,0.0,0.0,0.0,0.0,0.0,0.0,0.0,0.0,0.0,0.0,0.0,0.0,0.0,0.0,0.0,0.0,0.0,0.0,0.0,0.0,0.0,0.0,0.0,0.0,0.0,0.0,0.0,0.0,0.0,0.0,25.0,100.0,-75.0,184.1,-3.0,-3.0,-75.0,0.52,0.52,0.0,0.35,,0.0,1.0,0.0,,,,,0.0,0.0,0.0,0.0,1.0
4,新北國王,22|10872|10873|14303,簡祐哲/林彥廷/喬納森/喬丹,1,4,4.0,31.29,0.52,00:31,31.29,0.52,00:31,1.0,1.0,25.0,69.04,4.0,4.0,100.0,276.15,1.0,1.0,25.0,69.04,0.0,0.0,0.0,0.0,0.0,0.0,0.0,0.0,0.0,0.0,0.0,0.0,1.0,1.0,25.0,69.04,0.0,0.0,0.0,0.0,1.0,1.0,25.0,69.04,1.0,1.0,25.0,69.04,0.0,0.0,0.0,0.0,0.0,0.0,0.0,0.0,0.0,0.0,0.0,0.0,0.0,0.0,0.0,0.0,0.0,0.0,0.0,0.0,0.0,0.0,0.0,0.0,0.0,0.0,0.0,0.0,0.0,0.0,0.0,0.0,0.0,0.0,0.0,0.0,0.0,0.0,0.0,0.0,25.0,100.0,-75.0,184.1,-3.0,-3.0,-75.0,0.52,0.52,0.0,0.35,,0.0,1.0,0.0,,,,,0.0,0.0,0.0,0.0,1.0
4,臺北台新戰神,3|5|11|10865,陳文宏/黃聰翰/蘇奕晉/謝銘駿,1,2,2.0,14.6,0.24,00:15,14.6,0.24,00:15,1.0,1.0,50.0,148.0,0.0,0.0,0.0,0.0,0.0,0.0,0.0,0.0,0.0,0.0,0.0,0.0,0.0,0.0,0.0,0.0,0.0,0.0,0.0,0.0,0.0,0.0,0.0,0.0,0.0,0.0,0.0,0.0,1.0,1.0,50.0,148.0,1.0,1.0,50.0,148.0,0.0,0.0,0.0,0.0,0.0,0.0,0.0,0.0,0.0,0.0,0.0,0.0,0.0,0.0,0.0,0.0,0.0,0.0,0.0,0.0,0.0,0.0,0.0,0.0,0.0,0.0,0.0,0.0,0.0,0.0,0.0,0.0,0.0,0.0,0.0,0.0,0.0,0.0,0.0,0.0,50.0,0.0,50.0,197.33,1.0,1.0,50.0,0.24,0.24,,1.14,,,1.0,0.0,,,,,0.0,0.0,0.0,0.0,
4,臺北台新戰神,5|11|10865|13907,黃聰翰/蘇奕晉/謝銘駿/梅克,2,5,6.0,83.13,1.39,01:23,41.56,0.69,00:42,4.0,2.0,66.67,103.93,2.0,1.0,33.33,51.97,1.0,0.5,16.67,25.98,1.0,0.5,16.67,25.98,0.0,0.0,0.0,0.0,0.0,0.0,0.0,0.0,1.0,0.5,16.67,25.98,1.0,0.5,16.67,25.98,1.0,0.5,16.67,25.98,1.0,0.5,16.67,25.98,0.0,0.0,0.0,0.0,0.0,0.0,0.0,0.0,1.0,0.5,16.67,25.98,1.0,0.5,16.67,25.98,0.0,0.0,0.0,0.0,1.0,0.5,16.67,25.98,0.0,0.0,0.0,0.0,0.0,0.0,0.0,0.0,1.0,0.5,16.67,25.98,1.0,0.5,16.67,25.98,66.67,33.33,33.33,103.93,2.0,1.0,33.33,1.39,0.69,1.5,1.39,,1.0,1.0,0.0,1.0,0.0,0.0,0.0,0.0,0.0,0.17,16.67,1.0
4,臺北台新戰神,3|5|14|10865,陳文宏/黃聰翰/錢肯尼/謝銘駿,1,5,5.0,100.91,1.68,01:41,100.91,1.68,01:41,4.0,4.0,80.0,85.62,5.0,5.0,100.0,107.03,1.0,1.0,20.0,21.41,0.0,0.0,0.0,0.0,0.0,0.0,0.0,0.0,0.0,0.0,0.0,0.0,1.0,1.0,20.0,21.41,0.0,0.0,0.0,0.0,5.0,5.0,100.0,107.03,4.0,4.0,80.0,85.62,0.0,0.0,0.0,0.0,2.0,2.0,40.0,42.81,0.0,0.0,0.0,0.0,0.0,0.0,0.0,0.0,0.0,0.0,0.0,0.0,0.0,0.0,0.0,0.0,0.0,0.0,0.0,0.0,0.0,0.0,0.0,0.0,1.0,1.0,20.0,21.41,0.0,0.0,0.0,0.0,80.0,100.0,-20.0,71.35,-1.0,-1.0,-20.0,1.68,1.68,0.0,0.62,,0.0,0.8,0.0,,,1.0,1.0,0.0,0.0,0.2,0.0,5.0
4,新北國王,25|29|32|14038,林金榜/林書緯/奧帝/飛米,1,1,1.0,4.0,0.07,00:04,4.0,0.07,00:04,0.0,0.0,0.0,0.0,0.0,0.0,0.0,0.0,0.0,0.0,0.0,0.0,0.0,0.0,0.0,0.0,0.0,0.0,0.0,0.0,0.0,0.0,0.0,0.0,0.0,0.0,0.0,0.0,0.0,0.0,0.0,0.0,0.0,0.0,0.0,0.0,0.0,0.0,0.0,0.0,0.0,0.0,0.0,0.0,0.0,0.0,0.0,0.0,0.0,0.0,0.0,0.0,0.0,0.0,0.0,0.0,0.0,0.0,0.0,0.0,0.0,0.0,0.0,0.0,0.0,0.0,0.0,0.0,0.0,0.0,0.0,0.0,0.0,0.0,0.0,0.0,0.0,0.0,0.0,0.0,0.0,0.0,0.0,360.0,0.0,0.0,0.0,0.07,0.07,,,,,,,,,,,0.0,0.0,0.0,0.0,
4,新北國王,25|29|10872|14038,林金榜/林書緯/林彥廷/飛米,4,34,45.0,599.72,10.0,10:00,149.93,2.5,02:30,19.0,4.75,42.22,68.43,16.0,4.0,35.56,57.63,15.0,3.75,33.33,54.02,7.0,1.75,15.56,25.21,14.0,3.5,31.11,50.42,7.0,1.75,15.56,25.21,1.0,0.25,2.22,3.6,0.0,0.0,0.0,0.0,5.0,1.25,11.11,18.01,5.0,1.25,11.11,18.01,3.0,0.75,6.67,10.8,5.0,1.25,11.11,18.01,8.0,2.0,17.78,28.81,3.0,0.75,6.67,10.8,1.0,0.25,2.22,3.6,3.0,0.75,6.67,10.8,1.0,0.25,2.22,3.6,0.0,0.0,0.0,0.0,9.0,2.25,20.0,32.41,2.0,0.5,4.44,7.2,42.22,35.56,6.67,108.05,3.0,0.75,6.67,10.0,2.5,0.47,0.55,0.5,0.0,1.0,0.05,0.43,0.5,0.38,0.42,2.22,0.0,0.2,4.44,0.33
4,新北國王,25|32|10872|14038,林金榜/奧帝/林彥廷/飛米,1,1,1.0,4.0,0.07,00:04,4.0,0.07,00:04,0.0,0.0,0.0,0.0,0.0,0.0,0.0,0.0,0.0,0.0,0.0,0.0,0.0,0.0,0.0,0.0,0.0,0.0,0.0,0.0,0.0,0.0,0.0,0.0,0.0,0.0,0.0,0.0,0.0,0.0,0.0,0.0,0.0,0.0,0.0,0.0,0.0,0.0,0.0,0.0,0.0,0.0,0.0,0.0,0.0,0.0,0.0,0.0,0.0,0.0,0.0,0.0,0.0,0.0,0.0,0.0,0.0,0.0,0.0,0.0,0.0,0.0,0.0,0.0,0.0,0.0,0.0,0.0,0.0,0.0,0.0,0.0,0.0,0.0,0.0,0.0,0.0,0.0,0.0,0.0,0.0,0.0,0.0,360.0,0.0,0.0,0.0,0.07,0.07,,,,,,,,,,,0.0,0.0,0.0,0.0,
4,高雄全家海神,51|111|116|122,克力斯/唐維傑/呂威霆/陳懷安,1,15,18.0,225.47,3.76,03:45,225.47,3.76,03:45,2.0,2.0,11.11,19.16,6.0,6.0,33.33,57.48,6.0,6.0,33.33,57.48,1.0,1.0,5.56,9.58,5.0,5.0,27.78,47.9,1.0,1.0,5.56,9.58,1.0,1.0,5.56,9.58,0.0,0.0,0.0,0.0,2.0,2.0,11.11,19.16,2.0,2.0,11.11,19.16,3.0,3.0,16.67,28.74,3.0,3.0,16.67,28.74,1.0,1.0,5.56,9.58,4.0,4.0,22.22,38.32,2.0,2.0,11.11,19.16,1.0,1.0,5.56,9.58,2.0,2.0,11.11,19.16,0.0,0.0,0.0,0.0,3.0,3.0,16.67,28.74,2.0,2.0,11.11,19.16,11.11,33.33,-22.22,114.96,-4.0,-4.0,-22.22,3.76,3.76,0.17,0.15,0.2,0.0,1.0,0.23,1.0,0.43,0.75,0.55,11.11,0.0,0.17,11.11,0.33
4,高雄全家海神,51|111|121|122,克力斯/唐維傑/吳曉謹/陳懷安,1,15,18.0,225.0,3.75,03:45,225.0,3.75,03:45,2.0,2.0,11.11,19.2,6.0,6.0,33.33,57.6,6.0,6.0,33.33,57.6,1.0,1.0,5.56,9.6,5.0,5.0,27.78,48.0,1.0,1.0,5.56,9.6,1.0,1.0,5.56,9.6,0.0,0.0,0.0,0.0,0.0,0.0,0.0,0.0,0.0,0.0,0.0,0.0,3.0,3.0,16.67,28.8,3.0,3.0,16.67,28.8,1.0,1.0,5.56,9.6,4.0,4.0,22.22,38.4,2.0,2.0,11.11,19.2,1.0,1.0,5.56,9.6,2.0,2.0,11.11,19.2,0.0,0.0,0.0,0.0,3.0,3.0,16.67,28.8,2.0,2.0,11.11,19.2,11.11,33.33,-22.22,115.2,-4.0,-4.0,-22.22,3.75,3.75,0.17,0.17,0.2,0.0,,0.25,1.0,0.43,0.75,0.55,11.11,0.0,0.17,11.11,0.0
4,高雄全家海神,111|116|121|122,唐維傑/呂威霆/吳曉謹/陳懷安,1,15,18.0,225.0,3.75,03:45,225.0,3.75,03:45,2.0,2.0,11.11,19.2,6.0,6.0,33.33,57.6,6.0,6.0,33.33,57.6,1.0,1.0,5.56,9.6,5.0,5.0,27.78,48.0,1.0,1.0,5.56,9.6,1.0,1.0,5.56,9.6,0.0,0.0,0.0,0.0,0.0,0.0,0.0,0.0,0.0,0.0,0.0,0.0,3.0,3.0,16.67,28.8,3.0,3.0,16.67,28.8,1.0,1.0,5.56,9.6,4.0,4.0,22.22,38.4,2.0,2.0,11.11,19.2,1.0,1.0,5.56,9.6,2.0,2.0,11.11,19.2,0.0,0.0,0.0,0.0,3.0,3.0,16.67,28.8,2.0,2.0,11.11,19.2,11.11,33.33,-22.22,115.2,-4.0,-4.0,-22.22,3.75,3.75,0.17,0.17,0.2,0.0,,0.25,1.0,0.43,0.75,0.55,11.11,0.0,0.17,11.11,0.0
4,新北中信特攻,38|40|104|8889,余維豪/謝亞軒/貝奇/馬可,1,9,10.0,139.0,2.32,02:19,139.0,2.32,02:19,4.0,4.0,40.0,62.16,2.0,2.0,20.0,31.08,5.0,5.0,50.0,77.7,1.0,1.0,10.0,15.54,2.0,2.0,20.0,31.08,1.0,1.0,10.0,15.54,3.0,3.0,30.0,46.62,0.0,0.0,0.0,0.0,2.0,2.0,20.0,31.08,2.0,2.0,20.0,31.08,1.0,1.0,10.0,15.54,3.0,3.0,30.0,46.62,0.0,0.0,0.0,0.0,2.0,2.0,20.0,31.08,0.0,0.0,0.0,0.0,0.0,0.0,0.0,0.0,0.0,0.0,0.0,0.0,0.0,0.0,0.0,0.0,1.0,1.0,10.0,15.54,0.0,0.0,0.0,0.0,40.0,20.0,20.0,103.6,2.0,2.0,20.0,2.32,2.32,0.2,0.34,0.5,0.0,1.0,0.0,0.0,0.33,1.0,0.67,0.0,0.0,0.1,0.0,0.4
4,新北中信特攻,38|40|104|10877,余維豪/謝亞軒/貝奇/阿巴西,1,9,10.0,139.0,2.32,02:19,139.0,2.32,02:19,4.0,4.0,40.0,62.16,2.0,2.0,20.0,31.08,5.0,5.0,50.0,77.7,1.0,1.0,10.0,15.54,2.0,2.0,20.0,31.08,1.0,1.0,10.0,15.54,3.0,3.0,30.0,46.62,0.0,0.0,0.0,0.0,2.0,2.0,20.0,31.08,2.0,2.0,20.0,31.08,1.0,1.0,10.0,15.54,3.0,3.0,30.0,46.62,0.0,0.0,0.0,0.0,2.0,2.0,20.0,31.08,0.0,0.0,0.0,0.0,0.0,0.0,0.0,0.0,0.0,0.0,0.0,0.0,0.0,0.0,0.0,0.0,1.0,1.0,10.0,15.54,0.0,0.0,0.0,0.0,40.0,20.0,20.0,103.6,2.0,2.0,20.0,2.32,2.32,0.2,0.34,0.5,0.0,1.0,0.0,0.0,0.33,1.0,0.67,0.0,0.0,0.1,0.0,0.4
4,新北中信特攻,38|40|8889|10880,余維豪/謝亞軒/馬可/內馬,1,16,22.0,229.93,3.83,03:50,229.93,3.83,03:50,7.0,7.0,31.82,65.76,4.0,4.0,18.18,37.58,8.0,8.0,36.36,75.15,3.0,3.0,13.64,28.18,5.0,5.0,22.73,46.97,3.0,3.0,13.64,28.18,3.0,3.0,13.64,28.18,0.0,0.0,0.0,0.0,1.0,1.0,4.55,9.39,1.0,1.0,4.55,9.39,2.0,2.0,9.09,18.79,2.0,2.0,9.09,18.79,4.0,4.0,18.18,37.58,3.0,3.0,13.64,28.18,2.0,2.0,9.09,18.79,1.0,1.0,4.55,9.39,2.0,2.0,9.09,18.79,0.0,0.0,0.0,0.0,2.0,2.0,9.09,18.79,2.0,2.0,9.09,18.79,31.82,18.18,13.64,137.78,3.0,3.0,13.64,3.83,3.83,0.38,0.41,0.6,0.0,1.0,0.19,0.33,0.4,0.33,0.36,9.09,0.0,0.09,9.09,0.12
4,新北中信特攻,38|40|10877|10880,余維豪/謝亞軒/阿巴西/內馬,1,16,22.0,229.93,3.83,03:50,229.93,3.83,03:50,7.0,7.0,31.82,65.76,4.0,4.0,18.18,37.58,8.0,8.0,36.36,75.15,3.0,3.0,13.64,28.18,5.0,5.0,22.73,46.97,3.0,3.0,13.64,28.18,3.0,3.0,13.64,28.18,0.0,0.0,0.0,0.0,1.0,1.0,4.55,9.39,1.0,1.0,4.55,9.39,2.0,2.0,9.09,18.79,2.0,2.0,9.09,18.79,4.0,4.0,18.18,37.58,3.0,3.0,13.64,28.18,2.0,2.0,9.09,18.79,1.0,1.0,4.55,9.39,2.0,2.0,9.09,18.79,0.0,0.0,0.0,0.0,2.0,2.0,9.09,18.79,2.0,2.0,9.09,18.79,31.82,18.18,13.64,137.78,3.0,3.0,13.64,3.83,3.83,0.38,0.41,0.6,0.0,1.0,0.19,0.33,0.4,0.33,0.36,9.09,0.0,0.09,9.09,0.12
4,新北中信特攻,38|8889|10877|10880,余維豪/馬可/阿巴西/內馬,1,16,22.0,229.93,3.83,03:50,229.93,3.83,03:50,7.0,7.0,31.82,65.76,4.0,4.0,18.18,37.58,8.0,8.0,36.36,75.15,3.0,3.0,13.64,28.18,5.0,5.0,22.73,46.97,3.0,3.0,13.64,28.18,3.0,3.0,13.64,28.18,0.0,0.0,0.0,0.0,1.0,1.0,4.55,9.39,1.0,1.0,4.55,9.39,2.0,2.0,9.09,18.79,2.0,2.0,9.09,18.79,4.0,4.0,18.18,37.58,3.0,3.0,13.64,28.18,2.0,2.0,9.09,18.79,1.0,1.0,4.55,9.39,2.0,2.0,9.09,18.79,0.0,0.0,0.0,0.0,2.0,2.0,9.09,18.79,2.0,2.0,9.09,18.79,31.82,18.18,13.64,137.78,3.0,3.0,13.64,3.83,3.83,0.38,0.41,0.6,0.0,1.0,0.19,0.33,0.4,0.33,0.36,9.09,0.0,0.09,9.09,0.12
4,高雄全家海神,51|116|119|121,克力斯/呂威霆/余純安/吳曉謹,2,32,38.0,507.01,8.45,08:27,253.51,4.23,04:14,15.0,7.5,39.47,63.9,19.0,9.5,50.0,80.94,15.0,7.5,39.47,63.9,4.0,2.0,10.53,17.04,6.0,3.0,15.79,25.56,3.0,1.5,7.89,12.78,9.0,4.5,23.68,38.34,1.0,0.5,2.63,4.26,4.0,2.0,10.53,17.04,4.0,2.0,10.53,17.04,4.0,2.0,10.53,17.04,6.0,3.0,15.79,25.56,2.0,1.0,5.26,8.52,5.0,2.5,13.16,21.3,4.0,2.0,10.53,17.04,1.0,0.5,2.63,4.26,3.0,1.5,7.89,12.78,1.0,0.5,2.63,4.26,4.0,2.0,10.53,17.04,0.0,0.0,0.0,0.0,39.47,50.0,-10.53,107.93,-4.0,-2.0,-10.53,8.45,4.23,0.3,0.45,0.5,0.11,1.0,0.19,0.25,0.44,0.75,0.59,7.89,2.63,0.11,0.0,0.27
4,高雄全家海神,51|119|121|122,克力斯/余純安/吳曉謹/陳懷安,3,49,63.0,826.32,13.77,13:46,275.44,4.59,04:35,28.0,9.33,44.44,73.19,33.0,11.0,52.38,86.26,24.0,8.0,38.1,62.74,9.0,3.0,14.29,23.53,12.0,4.0,19.05,31.37,7.0,2.33,11.11,18.3,12.0,4.0,19.05,31.37,2.0,0.67,3.17,5.23,6.0,2.0,9.52,15.68,6.0,2.0,9.52,15.68,7.0,2.33,11.11,18.3,5.0,1.67,7.94,13.07,3.0,1.0,4.76,7.84,6.0,2.0,9.52,15.68,8.0,2.67,12.7,20.91,4.0,1.33,6.35,10.46,6.0,2.0,9.52,15.68,2.0,0.67,3.17,5.23,8.0,2.67,12.7,20.91,5.0,1.67,7.94,13.07,44.44,52.38,-7.94,109.79,-5.0,-1.67,-7.94,13.77,4.59,0.42,0.53,0.58,0.17,1.0,0.23,0.44,0.54,0.62,0.57,9.52,3.17,0.13,7.94,0.25
4,高雄全家海神,116|119|121|122,呂威霆/余純安/吳曉謹/陳懷安,1,21,27.0,318.23,5.3,05:18,318.23,5.3,05:18,10.0,10.0,37.04,67.88,14.0,14.0,51.85,95.03,8.0,8.0,29.63,54.3,2.0,2.0,7.41,13.58,4.0,4.0,14.81,27.15,2.0,2.0,7.41,13.58,4.0,4.0,14.81,27.15,0.0,0.0,0.0,0.0,4.0,4.0,14.81,27.15,4.0,4.0,14.81,27.15,4.0,4.0,14.81,27.15,1.0,1.0,3.7,6.79,2.0,2.0,7.41,13.58,3.0,3.0,11.11,20.36,5.0,5.0,18.52,33.94,0.0,0.0,0.0,0.0,4.0,4.0,14.81,27.15,1.0,1.0,3.7,6.79,4.0,4.0,14.81,27.15,0.0,0.0,0.0,0.0,37.04,51.85,-14.81,122.18,-4.0,-4.0,-14.81,5.3,5.3,0.25,0.51,0.5,0.0,1.0,0.34,0.0,0.57,0.33,0.5,14.81,3.7,0.15,0.0,0.5
4,高雄全家海神,51|110|119|122,克力斯/胡瓏貿/余純安/陳懷安,1,5,6.0,93.0,1.55,01:33,93.0,1.55,01:33,2.0,2.0,33.33,46.45,1.0,1.0,16.67,23.23,3.0,3.0,50.0,69.68,1.0,1.0,16.67,23.23,2.0,2.0,33.33,46.45,1.0,1.0,16.67,23.23,1.0,1.0,16.67,23.23,0.0,0.0,0.0,0.0,0.0,0.0,0.0,0.0,0.0,0.0,0.0,0.0,0.0,0.0,0.0,0.0,2.0,2.0,33.33,46.45,0.0,0.0,0.0,0.0,0.0,0.0,0.0,0.0,0.0,0.0,0.0,0.0,1.0,1.0,16.67,23.23,0.0,0.0,0.0,0.0,0.0,0.0,0.0,0.0,0.0,0.0,0.0,0.0,1.0,1.0,16.67,23.23,33.33,16.67,16.67,92.9,1.0,1.0,16.67,1.55,1.55,0.33,0.33,0.5,0.0,,0.0,1.0,,1.0,1.0,0.0,0.0,0.0,16.67,0.0
4,高雄全家海神,110|119|122|14037,胡瓏貿/余純安/陳懷安/奧迪傑,1,37,41.0,492.24,8.2,08:12,492.24,8.2,08:12,22.0,22.0,53.66,96.54,16.0,16.0,39.02,70.21,14.0,14.0,34.15,61.43,7.0,7.0,17.07,30.72,8.0,8.0,19.51,35.1,4.0,4.0,9.76,17.55,6.0,6.0,14.63,26.33,3.0,3.0,7.32,13.16,7.0,7.0,17.07,30.72,5.0,5.0,12.2,21.94,1.0,1.0,2.44,4.39,8.0,8.0,19.51,35.1,1.0,1.0,2.44,4.39,10.0,10.0,24.39,43.88,3.0,3.0,7.32,13.16,5.0,5.0,12.2,21.94,2.0,2.0,4.88,8.78,0.0,0.0,0.0,0.0,4.0,4.0,9.76,17.55,6.0,6.0,14.63,26.33,53.66,39.02,14.63,119.94,6.0,6.0,14.63,8.2,8.2,0.61,0.64,0.5,0.5,0.71,0.15,0.71,0.09,0.89,0.45,4.88,0.0,0.1,14.63,0.5
4,高雄全家海神,110|121|122|14037,胡瓏貿/吳曉謹/陳懷安/奧迪傑,2,27,29.0,373.19,6.22,06:13,186.6,3.11,03:07,14.0,7.0,48.28,81.03,18.0,9.0,62.07,104.18,10.0,5.0,34.48,57.88,5.0,2.5,17.24,28.94,4.0,2.0,13.79,23.15,3.0,1.5,10.34,17.36,6.0,3.0,20.69,34.73,2.0,1.0,6.9,11.58,2.0,1.0,6.9,11.58,2.0,1.0,6.9,11.58,1.0,0.5,3.45,5.79,4.0,2.0,13.79,23.15,1.0,0.5,3.45,5.79,7.0,3.5,24.14,40.52,2.0,1.0,6.9,11.58,4.0,2.0,13.79,23.15,2.0,1.0,6.9,11.58,0.0,0.0,0.0,0.0,2.0,1.0,6.9,11.58,4.0,2.0,13.79,23.15,48.28,62.07,-13.79,111.9,-4.0,-2.0,-13.79,6.22,3.11,0.6,0.64,0.75,0.33,1.0,0.16,0.8,0.12,0.8,0.38,6.9,0.0,0.07,13.79,0.2
4,高雄全家海神,119|121|122|14037,余純安/吳曉謹/陳懷安/奧迪傑,1,20,21.0,263.69,4.39,04:24,263.69,4.39,04:24,9.0,9.0,42.86,73.72,11.0,11.0,52.38,90.11,6.0,6.0,28.57,49.15,3.0,3.0,14.29,24.57,3.0,3.0,14.29,24.57,2.0,2.0,9.52,16.38,3.0,3.0,14.29,24.57,1.0,1.0,4.76,8.19,2.0,2.0,9.52,16.38,2.0,2.0,9.52,16.38,0.0,0.0,0.0,0.0,3.0,3.0,14.29,24.57,1.0,1.0,4.76,8.19,5.0,5.0,23.81,40.96,3.0,3.0,14.29,24.57,3.0,3.0,14.29,24.57,3.0,3.0,14.29,24.57,0.0,0.0,0.0,0.0,1.0,1.0,4.76,8.19,3.0,3.0,14.29,24.57,42.86,52.38,-9.52,114.68,-2.0,-2.0,-9.52,4.39,4.39,0.58,0.65,0.67,0.33,1.0,0.3,1.0,0.0,0.75,0.33,14.29,0.0,0.05,14.29,0.33
4,新北中信特攻,43|47|48|10877,林韋翰/曾文鼎/李沛澄/阿巴西,1,7,7.0,74.96,1.25,01:15,74.96,1.25,01:15,2.0,2.0,28.57,57.63,3.0,3.0,42.86,86.45,2.0,2.0,28.57,57.63,0.0,0.0,0.0,0.0,1.0,1.0,14.29,28.82,0.0,0.0,0.0,0.0,1.0,1.0,14.29,28.82,0.0,0.0,0.0,0.0,2.0,2.0,28.57,57.63,2.0,2.0,28.57,57.63,0.0,0.0,0.0,0.0,1.0,1.0,14.29,28.82,0.0,0.0,0.0,0.0,1.0,1.0,14.29,28.82,1.0,1.0,14.29,28.82,0.0,0.0,0.0,0.0,0.0,0.0,0.0,0.0,0.0,0.0,0.0,0.0,1.0,1.0,14.29,28.82,0.0,0.0,0.0,0.0,28.57,42.86,-14.29,134.47,-1.0,-1.0,-14.29,1.25,1.25,0.0,0.35,0.0,0.0,1.0,0.26,,0.0,1.0,0.5,0.0,0.0,0.14,0.0,1.0
4,新北中信特攻,43|47|48|10880,林韋翰/曾文鼎/李沛澄/內馬,2,34,38.0,473.59,7.89,07:54,236.79,3.95,03:57,19.0,9.5,50.0,86.66,13.0,6.5,34.21,59.29,13.0,6.5,34.21,59.29,6.0,3.0,15.79,27.37,8.0,4.0,21.05,36.49,4.0,2.0,10.53,18.24,5.0,2.5,13.16,22.8,2.0,1.0,5.26,9.12,6.0,3.0,15.79,27.37,5.0,2.5,13.16,22.8,1.0,0.5,2.63,4.56,5.0,2.5,13.16,22.8,4.0,2.0,10.53,18.24,6.0,3.0,15.79,27.37,2.0,1.0,5.26,9.12,5.0,2.5,13.16,22.8,1.0,0.5,2.63,4.56,0.0,0.0,0.0,0.0,3.0,1.5,7.89,13.68,4.0,2.0,10.53,18.24,50.0,34.21,15.79,115.54,6.0,3.0,15.79,7.89,3.95,0.54,0.61,0.5,0.4,0.83,0.11,0.83,0.14,0.56,0.38,2.63,0.0,0.08,10.53,0.46
4,新北中信特攻,47|48|10877|10880,曾文鼎/李沛澄/阿巴西/內馬,1,7,7.0,74.96,1.25,01:15,74.96,1.25,01:15,2.0,2.0,28.57,57.63,3.0,3.0,42.86,86.45,2.0,2.0,28.57,57.63,0.0,0.0,0.0,0.0,1.0,1.0,14.29,28.82,0.0,0.0,0.0,0.0,1.0,1.0,14.29,28.82,0.0,0.0,0.0,0.0,2.0,2.0,28.57,57.63,2.0,2.0,28.57,57.63,0.0,0.0,0.0,0.0,1.0,1.0,14.29,28.82,0.0,0.0,0.0,0.0,1.0,1.0,14.29,28.82,1.0,1.0,14.29,28.82,0.0,0.0,0.0,0.0,0.0,0.0,0.0,0.0,0.0,0.0,0.0,0.0,1.0,1.0,14.29,28.82,0.0,0.0,0.0,0.0,28.57,42.86,-14.29,134.47,-1.0,-1.0,-14.29,1.25,1.25,0.0,0.35,0.0,0.0,1.0,0.26,,0.0,1.0,0.5,0.0,0.0,0.14,0.0,1.0
4,新北中信特攻,43|44|47|48,林韋翰/黃泓瀚/曾文鼎/李沛澄,1,16,19.0,248.43,4.14,04:08,248.43,4.14,04:08,9.0,9.0,47.37,78.25,6.0,6.0,31.58,52.17,7.0,7.0,36.84,60.86,4.0,4.0,21.05,34.78,5.0,5.0,26.32,43.47,3.0,3.0,15.79,26.08,2.0,2.0,10.53,17.39,1.0,1.0,5.26,8.69,0.0,0.0,0.0,0.0,0.0,0.0,0.0,0.0,1.0,1.0,5.26,8.69,2.0,2.0,10.53,17.39,3.0,3.0,15.79,26.08,2.0,2.0,10.53,17.39,1.0,1.0,5.26,8.69,3.0,3.0,15.79,26.08,1.0,1.0,5.26,8.69,0.0,0.0,0.0,0.0,0.0,0.0,0.0,0.0,2.0,2.0,10.53,17.39,47.37,31.58,15.79,110.13,3.0,3.0,15.79,4.14,4.14,0.64,0.64,0.6,0.5,,0.12,0.75,0.33,0.4,0.38,5.26,0.0,0.0,10.53,0.0
4,新北中信特攻,43|44|47|10880,林韋翰/黃泓瀚/曾文鼎/內馬,1,16,19.0,248.43,4.14,04:08,248.43,4.14,04:08,9.0,9.0,47.37,78.25,6.0,6.0,31.58,52.17,7.0,7.0,36.84,60.86,4.0,4.0,21.05,34.78,5.0,5.0,26.32,43.47,3.0,3.0,15.79,26.08,2.0,2.0,10.53,17.39,1.0,1.0,5.26,8.69,0.0,0.0,0.0,0.0,0.0,0.0,0.0,0.0,1.0,1.0,5.26,8.69,2.0,2.0,10.53,17.39,3.0,3.0,15.79,26.08,2.0,2.0,10.53,17.39,1.0,1.0,5.26,8.69,3.0,3.0,15.79,26.08,1.0,1.0,5.26,8.69,0.0,0.0,0.0,0.0,0.0,0.0,0.0,0.0,2.0,2.0,10.53,17.39,47.37,31.58,15.79,110.13,3.0,3.0,15.79,4.14,4.14,0.64,0.64,0.6,0.5,,0.12,0.75,0.33,0.4,0.38,5.26,0.0,0.0,10.53,0.0
4,新北中信特攻,44|47|48|10880,黃泓瀚/曾文鼎/李沛澄/內馬,1,16,19.0,248.43,4.14,04:08,248.43,4.14,04:08,9.0,9.0,47.37,78.25,6.0,6.0,31.58,52.17,7.0,7.0,36.84,60.86,4.0,4.0,21.05,34.78,5.0,5.0,26.32,43.47,3.0,3.0,15.79,26.08,2.0,2.0,10.53,17.39,1.0,1.0,5.26,8.69,0.0,0.0,0.0,0.0,0.0,0.0,0.0,0.0,1.0,1.0,5.26,8.69,2.0,2.0,10.53,17.39,3.0,3.0,15.79,26.08,2.0,2.0,10.53,17.39,1.0,1.0,5.26,8.69,3.0,3.0,15.79,26.08,1.0,1.0,5.26,8.69,0.0,0.0,0.0,0.0,0.0,0.0,0.0,0.0,2.0,2.0,10.53,17.39,47.37,31.58,15.79,110.13,3.0,3.0,15.79,4.14,4.14,0.64,0.64,0.6,0.5,,0.12,0.75,0.33,0.4,0.38,5.26,0.0,0.0,10.53,0.0
4,高雄全家海神,51|110|119|10891,克力斯/胡瓏貿/余純安/廖偉皓,1,4,4.0,60.0,1.0,01:00,60.0,1.0,01:00,2.0,2.0,50.0,72.0,0.0,0.0,0.0,0.0,2.0,2.0,50.0,72.0,1.0,1.0,25.0,36.0,1.0,1.0,25.0,36.0,1.0,1.0,25.0,36.0,1.0,1.0,25.0,36.0,0.0,0.0,0.0,0.0,0.0,0.0,0.0,0.0,0.0,0.0,0.0,0.0,0.0,0.0,0.0,0.0,1.0,1.0,25.0,36.0,0.0,0.0,0.0,0.0,0.0,0.0,0.0,0.0,0.0,0.0,0.0,0.0,1.0,1.0,25.0,36.0,0.0,0.0,0.0,0.0,0.0,0.0,0.0,0.0,0.0,0.0,0.0,0.0,0.0,0.0,0.0,0.0,50.0,0.0,50.0,96.0,2.0,2.0,50.0,1.0,1.0,0.5,0.5,1.0,0.0,,0.0,1.0,,1.0,1.0,0.0,0.0,0.0,0.0,0.0
4,高雄全家海神,51|110|122|10891,克力斯/胡瓏貿/陳懷安/廖偉皓,2,35,38.0,484.46,8.07,08:04,242.23,4.04,04:02,19.0,9.5,50.0,84.71,20.0,10.0,52.63,89.17,11.0,5.5,28.95,49.04,7.0,3.5,18.42,31.21,5.0,2.5,13.16,22.29,4.0,2.0,10.53,17.83,6.0,3.0,15.79,26.75,3.0,1.5,7.89,13.38,2.0,1.0,5.26,8.92,2.0,1.0,5.26,8.92,0.0,0.0,0.0,0.0,4.0,2.0,10.53,17.83,2.0,1.0,5.26,8.92,4.0,2.0,10.53,17.83,5.0,2.5,13.16,22.29,5.0,2.5,13.16,22.29,4.0,2.0,10.53,17.83,0.0,0.0,0.0,0.0,3.0,1.5,7.89,13.38,9.0,4.5,23.68,40.13,50.0,52.63,-2.63,112.95,-1.0,-0.5,-2.63,8.07,4.04,0.77,0.8,0.8,0.5,1.0,0.3,0.71,0.0,0.67,0.4,10.53,0.0,0.08,23.68,0.18
4,高雄全家海神,51|119|122|10891,克力斯/余純安/陳懷安/廖偉皓,1,12,15.0,193.9,3.23,03:14,193.9,3.23,03:14,8.0,8.0,53.33,89.12,4.0,4.0,26.67,44.56,8.0,8.0,53.33,89.12,3.0,3.0,20.0,33.42,2.0,2.0,13.33,22.28,1.0,1.0,6.67,11.14,6.0,6.0,40.0,66.84,2.0,2.0,13.33,22.28,0.0,0.0,0.0,0.0,0.0,0.0,0.0,0.0,2.0,2.0,13.33,22.28,3.0,3.0,20.0,33.42,0.0,0.0,0.0,0.0,1.0,1.0,6.67,11.14,0.0,0.0,0.0,0.0,2.0,2.0,13.33,22.28,0.0,0.0,0.0,0.0,0.0,0.0,0.0,0.0,0.0,0.0,0.0,0.0,0.0,0.0,0.0,0.0,53.33,26.67,26.67,111.4,4.0,4.0,26.67,3.23,3.23,0.5,0.5,0.5,0.33,,0.0,0.67,0.67,1.0,0.83,0.0,0.0,0.0,0.0,0.0
4,高雄全家海神,110|119|122|10891,胡瓏貿/余純安/陳懷安/廖偉皓,1,30,33.0,419.55,6.99,07:00,419.55,6.99,07:00,17.0,17.0,51.52,87.52,11.0,11.0,33.33,56.63,12.0,12.0,36.36,61.78,5.0,5.0,15.15,25.74,6.0,6.0,18.18,30.89,3.0,3.0,9.09,15.45,6.0,6.0,18.18,30.89,2.0,2.0,6.06,10.3,9.0,9.0,27.27,46.34,5.0,5.0,15.15,25.74,1.0,1.0,3.03,5.15,7.0,7.0,21.21,36.04,0.0,0.0,0.0,0.0,5.0,5.0,15.15,25.74,1.0,1.0,3.03,5.15,3.0,3.0,9.09,15.45,0.0,0.0,0.0,0.0,0.0,0.0,0.0,0.0,5.0,5.0,15.15,25.74,3.0,3.0,9.09,15.45,51.52,33.33,18.18,113.26,6.0,6.0,18.18,6.99,6.99,0.5,0.53,0.5,0.33,0.56,0.06,0.6,0.17,1.0,0.62,0.0,0.0,0.15,9.09,0.75
4,高雄全家海神,51|116|119|10891,克力斯/呂威霆/余純安/廖偉皓,2,13,17.0,203.14,3.39,03:23,101.57,1.69,01:42,8.0,4.0,47.06,85.07,6.0,3.0,35.29,63.8,8.0,4.0,47.06,85.07,3.0,1.5,17.65,31.9,3.0,1.5,17.65,31.9,1.0,0.5,5.88,10.63,5.0,2.5,29.41,53.17,2.0,1.0,11.76,21.27,0.0,0.0,0.0,0.0,0.0,0.0,0.0,0.0,2.0,1.0,11.76,21.27,3.0,1.5,17.65,31.9,0.0,0.0,0.0,0.0,1.0,0.5,5.88,10.63,0.0,0.0,0.0,0.0,2.0,1.0,11.76,21.27,0.0,0.0,0.0,0.0,0.0,0.0,0.0,0.0,0.0,0.0,0.0,0.0,0.0,0.0,0.0,0.0,47.06,35.29,11.76,120.51,2.0,1.0,11.76,3.39,1.69,0.5,0.5,0.33,0.4,,0.0,0.67,0.67,1.0,0.83,0.0,0.0,0.0,0.0,0.0
4,高雄全家海神,51|116|122|10891,克力斯/呂威霆/陳懷安/廖偉皓,2,25,32.0,412.59,6.88,06:53,206.3,3.44,03:26,9.0,4.5,28.12,47.12,8.0,4.0,25.0,41.88,14.0,7.0,43.75,73.29,3.0,1.5,9.38,15.71,4.0,2.0,12.5,20.94,0.0,0.0,0.0,0.0,10.0,5.0,31.25,52.35,3.0,1.5,9.38,15.71,0.0,0.0,0.0,0.0,0.0,0.0,0.0,0.0,4.0,2.0,12.5,20.94,7.0,3.5,21.88,36.65,2.0,1.0,6.25,10.47,3.0,1.5,9.38,15.71,2.0,1.0,6.25,10.47,2.0,1.0,6.25,10.47,2.0,1.0,6.25,10.47,0.0,0.0,0.0,0.0,1.0,0.5,3.12,5.24,0.0,0.0,0.0,0.0,28.12,25.0,3.12,111.68,1.0,0.5,3.12,6.88,3.44,0.32,0.32,0.0,0.3,,0.12,0.67,0.57,0.78,0.69,6.25,0.0,0.03,0.0,0.0
4,高雄全家海神,116|119|122|10891,呂威霆/余純安/陳懷安/廖偉皓,1,8,11.0,133.9,2.23,02:14,133.9,2.23,02:14,6.0,6.0,54.55,96.79,4.0,4.0,36.36,64.52,6.0,6.0,54.55,96.79,2.0,2.0,18.18,32.26,1.0,1.0,9.09,16.13,0.0,0.0,0.0,0.0,5.0,5.0,45.45,80.66,2.0,2.0,18.18,32.26,0.0,0.0,0.0,0.0,0.0,0.0,0.0,0.0,2.0,2.0,18.18,32.26,2.0,2.0,18.18,32.26,0.0,0.0,0.0,0.0,1.0,1.0,9.09,16.13,0.0,0.0,0.0,0.0,1.0,1.0,9.09,16.13,0.0,0.0,0.0,0.0,0.0,0.0,0.0,0.0,0.0,0.0,0.0,0.0,0.0,0.0,0.0,0.0,54.55,36.36,18.18,118.3,2.0,2.0,18.18,2.23,2.23,0.5,0.5,0.0,0.4,,0.0,0.5,0.67,1.0,0.8,0.0,0.0,0.0,0.0,0.0
4,新北中信特攻,43|44|48|104,林韋翰/黃泓瀚/李沛澄/貝奇,1,7,8.0,105.8,1.76,01:46,105.8,1.76,01:46,8.0,8.0,100.0,163.33,4.0,4.0,50.0,81.66,4.0,4.0,50.0,81.66,3.0,3.0,37.5,61.25,1.0,1.0,12.5,20.42,1.0,1.0,12.5,20.42,3.0,3.0,37.5,61.25,2.0,2.0,25.0,40.83,0.0,0.0,0.0,0.0,0.0,0.0,0.0,0.0,0.0,0.0,0.0,0.0,1.0,1.0,12.5,20.42,1.0,1.0,12.5,20.42,1.0,1.0,12.5,20.42,0.0,0.0,0.0,0.0,3.0,3.0,37.5,61.25,0.0,0.0,0.0,0.0,0.0,0.0,0.0,0.0,1.0,1.0,12.5,20.42,2.0,2.0,25.0,40.83,100.0,50.0,50.0,108.89,4.0,4.0,50.0,1.76,1.76,1.0,1.0,1.0,0.67,,0.0,1.0,0.0,0.5,0.33,0.0,0.0,0.12,25.0,0.0
4,新北中信特攻,43|44|48|8889,林韋翰/黃泓瀚/李沛澄/馬可,1,7,8.0,105.8,1.76,01:46,105.8,1.76,01:46,8.0,8.0,100.0,163.33,4.0,4.0,50.0,81.66,4.0,4.0,50.0,81.66,3.0,3.0,37.5,61.25,1.0,1.0,12.5,20.42,1.0,1.0,12.5,20.42,3.0,3.0,37.5,61.25,2.0,2.0,25.0,40.83,0.0,0.0,0.0,0.0,0.0,0.0,0.0,0.0,0.0,0.0,0.0,0.0,1.0,1.0,12.5,20.42,1.0,1.0,12.5,20.42,1.0,1.0,12.5,20.42,0.0,0.0,0.0,0.0,3.0,3.0,37.5,61.25,0.0,0.0,0.0,0.0,0.0,0.0,0.0,0.0,1.0,1.0,12.5,20.42,2.0,2.0,25.0,40.83,100.0,50.0,50.0,108.89,4.0,4.0,50.0,1.76,1.76,1.0,1.0,1.0,0.67,,0.0,1.0,0.0,0.5,0.33,0.0,0.0,0.12,25.0,0.0
4,新北中信特攻,44|48|104|8889,黃泓瀚/李沛澄/貝奇/馬可,1,7,8.0,105.8,1.76,01:46,105.8,1.76,01:46,8.0,8.0,100.0,163.33,4.0,4.0,50.0,81.66,4.0,4.0,50.0,81.66,3.0,3.0,37.5,61.25,1.0,1.0,12.5,20.42,1.0,1.0,12.5,20.42,3.0,3.0,37.5,61.25,2.0,2.0,25.0,40.83,0.0,0.0,0.0,0.0,0.0,0.0,0.0,0.0,0.0,0.0,0.0,0.0,1.0,1.0,12.5,20.42,1.0,1.0,12.5,20.42,1.0,1.0,12.5,20.42,0.0,0.0,0.0,0.0,3.0,3.0,37.5,61.25,0.0,0.0,0.0,0.0,0.0,0.0,0.0,0.0,1.0,1.0,12.5,20.42,2.0,2.0,25.0,40.83,100.0,50.0,50.0,108.89,4.0,4.0,50.0,1.76,1.76,1.0,1.0,1.0,0.67,,0.0,1.0,0.0,0.5,0.33,0.0,0.0,0.12,25.0,0.0
4,高雄全家海神,116|119|122|14037,呂威霆/余純安/陳懷安/奧迪傑,1,18,21.0,298.6,4.98,04:59,298.6,4.98,04:59,4.0,4.0,19.05,28.93,9.0,9.0,42.86,65.1,5.0,5.0,23.81,36.17,2.0,2.0,9.52,14.47,3.0,3.0,14.29,21.7,2.0,2.0,9.52,14.47,2.0,2.0,9.52,14.47,0.0,0.0,0.0,0.0,0.0,0.0,0.0,0.0,0.0,0.0,0.0,0.0,0.0,0.0,0.0,0.0,3.0,3.0,14.29,21.7,2.0,2.0,9.52,14.47,3.0,3.0,14.29,21.7,4.0,4.0,19.05,28.93,2.0,2.0,9.52,14.47,3.0,3.0,14.29,21.7,0.0,0.0,0.0,0.0,2.0,2.0,9.52,14.47,3.0,3.0,14.29,21.7,19.05,42.86,-23.81,101.27,-5.0,-5.0,-23.81,4.98,4.98,0.4,0.4,0.67,0.0,,0.44,1.0,0.0,0.6,0.38,14.29,0.0,0.1,14.29,0.0
4,高雄全家海神,116|121|122|14037,呂威霆/吳曉謹/陳懷安/奧迪傑,1,1,1.0,32.0,0.53,00:32,32.0,0.53,00:32,0.0,0.0,0.0,0.0,0.0,0.0,0.0,0.0,0.0,0.0,0.0,0.0,0.0,0.0,0.0,0.0,0.0,0.0,0.0,0.0,0.0,0.0,0.0,0.0,0.0,0.0,0.0,0.0,0.0,0.0,0.0,0.0,0.0,0.0,0.0,0.0,0.0,0.0,0.0,0.0,0.0,0.0,0.0,0.0,0.0,0.0,0.0,0.0,0.0,0.0,0.0,0.0,0.0,0.0,0.0,0.0,1.0,1.0,100.0,67.5,0.0,0.0,0.0,0.0,1.0,1.0,100.0,67.5,0.0,0.0,0.0,0.0,0.0,0.0,0.0,0.0,0.0,0.0,0.0,0.0,0.0,0.0,0.0,45.0,0.0,0.0,0.0,0.53,0.53,,,,,,1.0,,,,,100.0,0.0,0.0,0.0,
4,高雄全家海神,110|122|10891|14037,胡瓏貿/陳懷安/廖偉皓/奧迪傑,2,26,30.0,402.05,6.7,06:42,201.03,3.35,03:21,18.0,9.0,60.0,96.7,12.0,6.0,40.0,64.47,12.0,6.0,40.0,64.47,6.0,3.0,20.0,32.23,6.0,3.0,20.0,32.23,3.0,1.5,10.0,16.12,6.0,3.0,20.0,32.23,3.0,1.5,10.0,16.12,5.0,2.5,16.67,26.86,3.0,1.5,10.0,16.12,2.0,1.0,6.67,10.74,6.0,3.0,20.0,32.23,0.0,0.0,0.0,0.0,7.0,3.5,23.33,37.61,1.0,0.5,3.33,5.37,3.0,1.5,10.0,16.12,0.0,0.0,0.0,0.0,0.0,0.0,0.0,0.0,4.0,2.0,13.33,21.49,4.0,2.0,13.33,21.49,60.0,40.0,20.0,107.45,6.0,3.0,20.0,6.7,3.35,0.62,0.63,0.5,0.5,0.6,0.07,0.5,0.22,1.0,0.53,0.0,0.0,0.13,13.33,0.42
4,高雄全家海神,121|122|10891|14037,吳曉謹/陳懷安/廖偉皓/奧迪傑,2,8,9.0,141.5,2.36,02:22,70.75,1.18,01:11,5.0,2.5,55.56,76.32,7.0,3.5,77.78,106.85,4.0,2.0,44.44,61.06,2.0,1.0,22.22,30.53,1.0,0.5,11.11,15.26,1.0,0.5,11.11,15.26,3.0,1.5,33.33,45.79,1.0,0.5,11.11,15.26,0.0,0.0,0.0,0.0,0.0,0.0,0.0,0.0,1.0,0.5,11.11,15.26,1.0,0.5,11.11,15.26,0.0,0.0,0.0,0.0,2.0,1.0,22.22,30.53,0.0,0.0,0.0,0.0,1.0,0.5,11.11,15.26,0.0,0.0,0.0,0.0,0.0,0.0,0.0,0.0,1.0,0.5,11.11,15.26,1.0,0.5,11.11,15.26,55.56,77.78,-22.22,91.59,-2.0,-1.0,-22.22,2.36,1.18,0.62,0.62,1.0,0.33,,0.0,0.5,0.33,1.0,0.5,0.0,0.0,0.11,11.11,0.0
4,高雄全家海神,51|110|121|10891,克力斯/胡瓏貿/吳曉謹/廖偉皓,1,25,29.0,392.75,6.55,06:33,392.75,6.55,06:33,15.0,15.0,51.72,82.5,18.0,18.0,62.07,98.99,10.0,10.0,34.48,55.0,6.0,6.0,20.69,33.0,6.0,6.0,20.69,33.0,4.0,4.0,13.79,22.0,4.0,4.0,13.79,22.0,2.0,2.0,6.9,11.0,1.0,1.0,3.45,5.5,1.0,1.0,3.45,5.5,1.0,1.0,3.45,5.5,3.0,3.0,10.34,16.5,3.0,3.0,10.34,16.5,2.0,2.0,6.9,11.0,4.0,4.0,13.79,22.0,3.0,3.0,10.34,16.5,4.0,4.0,13.79,22.0,0.0,0.0,0.0,0.0,1.0,1.0,3.45,5.5,4.0,4.0,13.79,22.0,51.72,62.07,-10.34,106.33,-3.0,-3.0,-10.34,6.55,6.55,0.7,0.72,0.67,0.5,1.0,0.28,0.5,0.33,0.5,0.44,13.79,0.0,0.03,13.79,0.1
4,高雄全家海神,51|121|122|10891,克力斯/吳曉謹/陳懷安/廖偉皓,2,25,28.0,379.16,6.32,06:19,189.58,3.16,03:10,13.0,6.5,46.43,74.06,15.0,7.5,53.57,85.45,10.0,5.0,35.71,56.97,5.0,2.5,17.86,28.48,4.0,2.0,14.29,22.79,3.0,1.5,10.71,17.09,6.0,3.0,21.43,34.18,2.0,1.0,7.14,11.39,1.0,0.5,3.57,5.7,1.0,0.5,3.57,5.7,1.0,0.5,3.57,5.7,4.0,2.0,14.29,22.79,3.0,1.5,10.71,17.09,3.0,1.5,10.71,17.09,3.0,1.5,10.71,17.09,2.0,1.0,7.14,11.39,3.0,1.5,10.71,17.09,0.0,0.0,0.0,0.0,2.0,1.0,7.14,11.39,2.0,1.0,7.14,11.39,46.43,53.57,-7.14,106.34,-2.0,-1.0,-7.14,6.32,3.16,0.6,0.62,0.75,0.33,1.0,0.22,0.4,0.25,0.57,0.45,10.71,0.0,0.07,7.14,0.1
4,高雄全家海神,51|108|110|10891,克力斯/魏莨哲/胡瓏貿/廖偉皓,2,20,24.0,331.67,5.53,05:32,165.84,2.76,02:46,16.0,8.0,66.67,104.2,11.0,5.5,45.83,71.64,10.0,5.0,41.67,65.12,5.0,2.5,20.83,32.56,5.0,2.5,20.83,32.56,3.0,1.5,12.5,19.54,5.0,2.5,20.83,32.56,2.0,1.0,8.33,13.02,4.0,2.0,16.67,26.05,4.0,2.0,16.67,26.05,4.0,2.0,16.67,26.05,1.0,0.5,4.17,6.51,1.0,0.5,4.17,6.51,5.0,2.5,20.83,32.56,3.0,1.5,12.5,19.54,3.0,1.5,12.5,19.54,2.0,1.0,8.33,13.02,0.0,0.0,0.0,0.0,2.0,1.0,8.33,13.02,4.0,2.0,16.67,26.05,66.67,45.83,20.83,104.2,5.0,2.5,20.83,5.53,2.76,0.6,0.68,0.6,0.4,1.0,0.2,0.6,0.44,0.5,0.45,8.33,0.0,0.08,16.67,0.4
4,高雄全家海神,51|108|121|10891,克力斯/魏莨哲/吳曉謹/廖偉皓,2,24,27.0,368.25,6.14,06:08,184.13,3.07,03:04,12.0,6.0,44.44,70.39,15.0,7.5,55.56,87.98,10.0,5.0,37.04,58.66,4.0,2.0,14.81,23.46,7.0,3.5,25.93,41.06,3.0,1.5,11.11,17.6,3.0,1.5,11.11,17.6,1.0,0.5,3.7,5.87,4.0,2.0,14.81,23.46,3.0,1.5,11.11,17.6,2.0,1.0,7.41,11.73,4.0,2.0,14.81,23.46,1.0,0.5,3.7,5.87,4.0,2.0,14.81,23.46,2.0,1.0,7.41,11.73,2.0,1.0,7.41,11.73,2.0,1.0,7.41,11.73,0.0,0.0,0.0,0.0,1.0,0.5,3.7,5.87,6.0,3.0,22.22,35.19,44.44,55.56,-11.11,105.58,-3.0,-1.5,-11.11,6.14,3.07,0.45,0.51,0.43,0.33,0.75,0.15,0.5,0.33,0.8,0.55,7.41,0.0,0.04,22.22,0.4
4,高雄全家海神,51|108|116|121,克力斯/魏莨哲/呂威霆/吳曉謹,4,41,46.0,655.46,10.92,10:55,163.86,2.73,02:44,14.0,3.5,30.43,46.14,20.0,5.0,43.48,65.91,22.0,5.5,47.83,72.5,4.0,1.0,8.7,13.18,9.0,2.25,19.57,29.66,2.0,0.5,4.35,6.59,13.0,3.25,28.26,42.84,2.0,0.5,4.35,6.59,6.0,1.5,13.04,19.77,4.0,1.0,8.7,13.18,3.0,0.75,6.52,9.89,14.0,3.5,30.43,46.14,1.0,0.25,2.17,3.3,10.0,2.5,21.74,32.95,1.0,0.25,2.17,3.3,3.0,0.75,6.52,9.89,1.0,0.25,2.17,3.3,1.0,0.25,2.17,3.3,2.0,0.5,4.35,6.59,4.0,1.0,8.7,13.18,30.43,43.48,-13.04,101.06,-6.0,-1.5,-13.04,10.92,2.73,0.23,0.28,0.22,0.15,0.67,0.04,0.75,0.23,0.93,0.61,2.17,2.17,0.04,8.7,0.27
4,高雄全家海神,51|108|116|10891,克力斯/魏莨哲/呂威霆/廖偉皓,3,25,28.0,421.24,7.02,07:01,140.41,2.34,02:20,11.0,3.67,39.29,56.4,16.0,5.33,57.14,82.04,10.0,3.33,35.71,51.28,3.0,1.0,10.71,15.38,5.0,1.67,17.86,25.64,1.0,0.33,3.57,5.13,5.0,1.67,17.86,25.64,2.0,0.67,7.14,10.26,6.0,2.0,21.43,30.77,3.0,1.0,10.71,15.38,2.0,0.67,7.14,10.26,6.0,2.0,21.43,30.77,0.0,0.0,0.0,0.0,3.0,1.0,10.71,15.38,2.0,0.67,7.14,10.26,3.0,1.0,10.71,15.38,1.0,0.33,3.57,5.13,0.0,0.0,0.0,0.0,2.0,0.67,7.14,10.26,4.0,1.33,14.29,20.51,39.29,57.14,-17.86,95.72,-5.0,-1.67,-17.86,7.02,2.34,0.4,0.44,0.2,0.4,0.5,0.14,1.0,0.4,1.0,0.73,3.57,0.0,0.07,14.29,0.6
4,高雄全家海神,108|116|121|10891,魏莨哲/呂威霆/吳曉謹/廖偉皓,2,27,29.0,398.28,6.64,06:38,199.14,3.32,03:19,10.0,5.0,34.48,54.23,12.0,6.0,41.38,65.08,8.0,4.0,27.59,43.39,3.0,1.5,10.34,16.27,5.0,2.5,17.24,27.12,3.0,1.5,10.34,16.27,3.0,1.5,10.34,16.27,0.0,0.0,0.0,0.0,9.0,4.5,31.03,48.81,4.0,2.0,13.79,21.69,1.0,0.5,3.45,5.42,6.0,3.0,20.69,32.54,1.0,0.5,3.45,5.42,4.0,2.0,13.79,21.69,2.0,1.0,6.9,10.85,0.0,0.0,0.0,0.0,1.0,0.5,3.45,5.42,0.0,0.0,0.0,0.0,5.0,2.5,17.24,27.12,3.0,1.5,10.34,16.27,34.48,41.38,-6.9,104.85,-2.0,-1.0,-6.9,6.64,3.32,0.38,0.42,0.6,0.0,0.44,0.14,0.0,0.2,0.86,0.58,3.45,0.0,0.17,10.34,1.12
4,高雄全家海神,51|108|116|119,克力斯/魏莨哲/呂威霆/余純安,2,17,18.0,290.02,4.83,04:50,145.01,2.42,02:25,7.0,3.5,38.89,52.14,7.0,3.5,38.89,52.14,9.0,4.5,50.0,67.03,3.0,1.5,16.67,22.34,4.0,2.0,22.22,29.79,2.0,1.0,11.11,14.9,5.0,2.5,27.78,37.24,1.0,0.5,5.56,7.45,0.0,0.0,0.0,0.0,0.0,0.0,0.0,0.0,0.0,0.0,0.0,0.0,6.0,3.0,33.33,44.69,0.0,0.0,0.0,0.0,2.0,1.0,11.11,14.9,0.0,0.0,0.0,0.0,2.0,1.0,11.11,14.9,0.0,0.0,0.0,0.0,0.0,0.0,0.0,0.0,0.0,0.0,0.0,0.0,0.0,0.0,0.0,0.0,38.89,38.89,0.0,89.37,0.0,0.0,0.0,4.83,2.42,0.39,0.39,0.5,0.2,,0.0,0.67,0.0,1.0,0.75,0.0,0.0,0.0,0.0,0.0
4,高雄全家海神,108|116|119|121,魏莨哲/呂威霆/余純安/吳曉謹,2,12,12.0,220.78,3.68,03:41,110.39,1.84,01:50,5.0,2.5,41.67,48.92,5.0,2.5,41.67,48.92,7.0,3.5,58.33,68.48,2.0,1.0,16.67,19.57,2.0,1.0,16.67,19.57,1.0,0.5,8.33,9.78,5.0,2.5,41.67,48.92,1.0,0.5,8.33,9.78,0.0,0.0,0.0,0.0,0.0,0.0,0.0,0.0,0.0,0.0,0.0,0.0,5.0,2.5,41.67,48.92,0.0,0.0,0.0,0.0,2.0,1.0,16.67,19.57,0.0,0.0,0.0,0.0,1.0,0.5,8.33,9.78,0.0,0.0,0.0,0.0,0.0,0.0,0.0,0.0,0.0,0.0,0.0,0.0,0.0,0.0,0.0,0.0,41.67,41.67,0.0,78.27,0.0,0.0,0.0,3.68,1.84,0.36,0.36,0.5,0.2,,0.0,0.5,0.0,1.0,0.71,0.0,0.0,0.0,0.0,0.0
4,高雄全家海神,111|116|119|122,唐維傑/呂威霆/余純安/陳懷安,1,17,20.0,267.07,4.45,04:27,267.07,4.45,04:27,4.0,4.0,20.0,32.35,9.0,9.0,45.0,72.79,5.0,5.0,25.0,40.44,2.0,2.0,10.0,16.18,3.0,3.0,15.0,24.26,2.0,2.0,10.0,16.18,2.0,2.0,10.0,16.18,0.0,0.0,0.0,0.0,2.0,2.0,10.0,16.18,2.0,2.0,10.0,16.18,0.0,0.0,0.0,0.0,3.0,3.0,15.0,24.26,2.0,2.0,10.0,16.18,3.0,3.0,15.0,24.26,3.0,3.0,15.0,24.26,2.0,2.0,10.0,16.18,2.0,2.0,10.0,16.18,0.0,0.0,0.0,0.0,2.0,2.0,10.0,16.18,3.0,3.0,15.0,24.26,20.0,45.0,-25.0,107.84,-5.0,-5.0,-25.0,4.45,4.45,0.4,0.34,0.67,0.0,1.0,0.34,1.0,0.0,0.6,0.38,10.0,0.0,0.1,15.0,0.4
4,高雄全家海神,111|116|122|14037,唐維傑/呂威霆/陳懷安/奧迪傑,1,17,20.0,266.6,4.44,04:27,266.6,4.44,04:27,4.0,4.0,20.0,32.41,9.0,9.0,45.0,72.92,5.0,5.0,25.0,40.51,2.0,2.0,10.0,16.2,3.0,3.0,15.0,24.31,2.0,2.0,10.0,16.2,2.0,2.0,10.0,16.2,0.0,0.0,0.0,0.0,0.0,0.0,0.0,0.0,0.0,0.0,0.0,0.0,0.0,0.0,0.0,0.0,3.0,3.0,15.0,24.31,2.0,2.0,10.0,16.2,3.0,3.0,15.0,24.31,3.0,3.0,15.0,24.31,2.0,2.0,10.0,16.2,2.0,2.0,10.0,16.2,0.0,0.0,0.0,0.0,2.0,2.0,10.0,16.2,3.0,3.0,15.0,24.31,20.0,45.0,-25.0,108.02,-5.0,-5.0,-25.0,4.44,4.44,0.4,0.4,0.67,0.0,,0.38,1.0,0.0,0.6,0.38,10.0,0.0,0.1,15.0,0.0
4,高雄全家海神,111|119|122|14037,唐維傑/余純安/陳懷安/奧迪傑,1,17,20.0,266.6,4.44,04:27,266.6,4.44,04:27,4.0,4.0,20.0,32.41,9.0,9.0,45.0,72.92,5.0,5.0,25.0,40.51,2.0,2.0,10.0,16.2,3.0,3.0,15.0,24.31,2.0,2.0,10.0,16.2,2.0,2.0,10.0,16.2,0.0,0.0,0.0,0.0,0.0,0.0,0.0,0.0,0.0,0.0,0.0,0.0,0.0,0.0,0.0,0.0,3.0,3.0,15.0,24.31,2.0,2.0,10.0,16.2,3.0,3.0,15.0,24.31,3.0,3.0,15.0,24.31,2.0,2.0,10.0,16.2,2.0,2.0,10.0,16.2,0.0,0.0,0.0,0.0,2.0,2.0,10.0,16.2,3.0,3.0,15.0,24.31,20.0,45.0,-25.0,108.02,-5.0,-5.0,-25.0,4.44,4.44,0.4,0.4,0.67,0.0,,0.38,1.0,0.0,0.6,0.38,10.0,0.0,0.1,15.0,0.0
4,新北中信特攻,38|40|47|104,余維豪/謝亞軒/曾文鼎/貝奇,1,7,10.0,113.51,1.89,01:54,113.51,1.89,01:54,2.0,2.0,20.0,38.06,2.0,2.0,20.0,38.06,3.0,3.0,30.0,57.09,0.0,0.0,0.0,0.0,1.0,1.0,10.0,19.03,0.0,0.0,0.0,0.0,2.0,2.0,20.0,38.06,0.0,0.0,0.0,0.0,2.0,2.0,20.0,38.06,2.0,2.0,20.0,38.06,2.0,2.0,20.0,38.06,1.0,1.0,10.0,19.03,0.0,0.0,0.0,0.0,0.0,0.0,0.0,0.0,1.0,1.0,10.0,19.03,0.0,0.0,0.0,0.0,0.0,0.0,0.0,0.0,0.0,0.0,0.0,0.0,2.0,2.0,20.0,38.06,0.0,0.0,0.0,0.0,20.0,20.0,0.0,126.87,0.0,0.0,0.0,1.89,1.89,0.0,0.26,0.0,0.0,1.0,0.2,,1.0,1.0,1.0,0.0,0.0,0.2,0.0,0.67
4,新北中信特攻,38|40|47|10880,余維豪/謝亞軒/曾文鼎/內馬,1,7,10.0,113.51,1.89,01:54,113.51,1.89,01:54,2.0,2.0,20.0,38.06,2.0,2.0,20.0,38.06,3.0,3.0,30.0,57.09,0.0,0.0,0.0,0.0,1.0,1.0,10.0,19.03,0.0,0.0,0.0,0.0,2.0,2.0,20.0,38.06,0.0,0.0,0.0,0.0,2.0,2.0,20.0,38.06,2.0,2.0,20.0,38.06,2.0,2.0,20.0,38.06,1.0,1.0,10.0,19.03,0.0,0.0,0.0,0.0,0.0,0.0,0.0,0.0,1.0,1.0,10.0,19.03,0.0,0.0,0.0,0.0,0.0,0.0,0.0,0.0,0.0,0.0,0.0,0.0,2.0,2.0,20.0,38.06,0.0,0.0,0.0,0.0,20.0,20.0,0.0,126.87,0.0,0.0,0.0,1.89,1.89,0.0,0.26,0.0,0.0,1.0,0.2,,1.0,1.0,1.0,0.0,0.0,0.2,0.0,0.67
4,新北中信特攻,38|40|104|10880,余維豪/謝亞軒/貝奇/內馬,1,7,10.0,113.51,1.89,01:54,113.51,1.89,01:54,2.0,2.0,20.0,38.06,2.0,2.0,20.0,38.06,3.0,3.0,30.0,57.09,0.0,0.0,0.0,0.0,1.0,1.0,10.0,19.03,0.0,0.0,0.0,0.0,2.0,2.0,20.0,38.06,0.0,0.0,0.0,0.0,2.0,2.0,20.0,38.06,2.0,2.0,20.0,38.06,2.0,2.0,20.0,38.06,1.0,1.0,10.0,19.03,0.0,0.0,0.0,0.0,0.0,0.0,0.0,0.0,1.0,1.0,10.0,19.03,0.0,0.0,0.0,0.0,0.0,0.0,0.0,0.0,0.0,0.0,0.0,0.0,2.0,2.0,20.0,38.06,0.0,0.0,0.0,0.0,20.0,20.0,0.0,126.87,0.0,0.0,0.0,1.89,1.89,0.0,0.26,0.0,0.0,1.0,0.2,,1.0,1.0,1.0,0.0,0.0,0.2,0.0,0.67
4,新北中信特攻,38|44|47|104,余維豪/黃泓瀚/曾文鼎/貝奇,1,4,6.0,71.26,1.19,01:11,71.26,1.19,01:11,2.0,2.0,33.33,60.63,3.0,3.0,50.0,90.94,1.0,1.0,16.67,30.31,1.0,1.0,16.67,30.31,1.0,1.0,16.67,30.31,1.0,1.0,16.67,30.31,0.0,0.0,0.0,0.0,0.0,0.0,0.0,0.0,2.0,2.0,33.33,60.63,2.0,2.0,33.33,60.63,0.0,0.0,0.0,0.0,0.0,0.0,0.0,0.0,1.0,1.0,16.67,30.31,1.0,1.0,16.67,30.31,1.0,1.0,16.67,30.31,1.0,1.0,16.67,30.31,0.0,0.0,0.0,0.0,0.0,0.0,0.0,0.0,1.0,1.0,16.67,30.31,0.0,0.0,0.0,0.0,33.33,50.0,-16.67,121.25,-1.0,-1.0,-16.67,1.19,1.19,1.0,0.53,1.0,,1.0,0.35,1.0,0.0,0.0,0.0,0.0,0.0,0.17,0.0,2.0
4,新北中信特攻,38|44|104|10879,余維豪/黃泓瀚/貝奇/簡廷兆,1,4,6.0,70.9,1.18,01:11,70.9,1.18,01:11,2.0,2.0,33.33,60.93,3.0,3.0,50.0,91.39,1.0,1.0,16.67,30.46,1.0,1.0,16.67,30.46,1.0,1.0,16.67,30.46,1.0,1.0,16.67,30.46,0.0,0.0,0.0,0.0,0.0,0.0,0.0,0.0,0.0,0.0,0.0,0.0,0.0,0.0,0.0,0.0,0.0,0.0,0.0,0.0,0.0,0.0,0.0,0.0,1.0,1.0,16.67,30.46,1.0,1.0,16.67,30.46,1.0,1.0,16.67,30.46,1.0,1.0,16.67,30.46,0.0,0.0,0.0,0.0,0.0,0.0,0.0,0.0,1.0,1.0,16.67,30.46,0.0,0.0,0.0,0.0,33.33,50.0,-16.67,121.86,-1.0,-1.0,-16.67,1.18,1.18,1.0,1.0,1.0,,,0.5,1.0,0.0,0.0,0.0,0.0,0.0,0.17,0.0,0.0
4,高雄全家海神,116|121|122|10891,呂威霆/吳曉謹/陳懷安/廖偉皓,1,7,7.0,101.51,1.69,01:42,101.51,1.69,01:42,3.0,3.0,42.86,63.84,2.0,2.0,28.57,42.56,2.0,2.0,28.57,42.56,1.0,1.0,14.29,21.28,0.0,0.0,0.0,0.0,0.0,0.0,0.0,0.0,2.0,2.0,28.57,42.56,1.0,1.0,14.29,21.28,0.0,0.0,0.0,0.0,0.0,0.0,0.0,0.0,0.0,0.0,0.0,0.0,1.0,1.0,14.29,21.28,1.0,1.0,14.29,21.28,2.0,2.0,28.57,42.56,1.0,1.0,14.29,21.28,1.0,1.0,14.29,21.28,1.0,1.0,14.29,21.28,0.0,0.0,0.0,0.0,1.0,1.0,14.29,21.28,0.0,0.0,0.0,0.0,42.86,28.57,14.29,99.31,1.0,1.0,14.29,1.69,1.69,0.75,0.75,,0.5,,0.33,1.0,0.0,0.5,0.25,14.29,0.0,0.14,0.0,0.0
4,新北中信特攻,38|44|47|10880,余維豪/黃泓瀚/曾文鼎/內馬,1,9,9.0,123.13,2.05,02:03,123.13,2.05,02:03,2.0,2.0,22.22,35.09,5.0,5.0,55.56,87.72,5.0,5.0,55.56,87.72,1.0,1.0,11.11,17.54,3.0,3.0,33.33,52.63,1.0,1.0,11.11,17.54,2.0,2.0,22.22,35.09,0.0,0.0,0.0,0.0,2.0,2.0,22.22,35.09,2.0,2.0,22.22,35.09,1.0,1.0,11.11,17.54,2.0,2.0,22.22,35.09,0.0,0.0,0.0,0.0,1.0,1.0,11.11,17.54,0.0,0.0,0.0,0.0,1.0,1.0,11.11,17.54,0.0,0.0,0.0,0.0,0.0,0.0,0.0,0.0,0.0,0.0,0.0,0.0,2.0,2.0,22.22,35.09,22.22,55.56,-33.33,105.26,-3.0,-3.0,-33.33,2.05,2.05,0.2,0.17,0.33,0.0,1.0,0.0,1.0,0.5,1.0,0.75,0.0,0.0,0.0,22.22,0.4
4,新北中信特攻,38|44|10879|10880,余維豪/黃泓瀚/簡廷兆/內馬,1,22,23.0,339.8,5.66,05:40,339.8,5.66,05:40,9.0,9.0,39.13,57.21,8.0,8.0,34.78,50.85,9.0,9.0,39.13,57.21,3.0,3.0,13.04,19.07,5.0,5.0,21.74,31.78,2.0,2.0,8.7,12.71,4.0,4.0,17.39,25.43,1.0,1.0,4.35,6.36,2.0,2.0,8.7,12.71,2.0,2.0,8.7,12.71,1.0,1.0,4.35,6.36,4.0,4.0,17.39,25.43,1.0,1.0,4.35,6.36,4.0,4.0,17.39,25.43,1.0,1.0,4.35,6.36,3.0,3.0,13.04,19.07,1.0,1.0,4.35,6.36,0.0,0.0,0.0,0.0,3.0,3.0,13.04,19.07,4.0,4.0,17.39,25.43,39.13,34.78,4.35,97.47,1.0,1.0,4.35,5.66,5.66,0.39,0.46,0.4,0.25,1.0,0.09,1.0,0.2,0.8,0.5,4.35,0.0,0.13,17.39,0.22
4,新北中信特攻,38|44|8889|10879,余維豪/黃泓瀚/馬可/簡廷兆,1,13,14.0,217.02,3.62,03:37,217.02,3.62,03:37,7.0,7.0,50.0,69.67,3.0,3.0,21.43,29.86,4.0,4.0,28.57,39.81,2.0,2.0,14.29,19.91,2.0,2.0,14.29,19.91,1.0,1.0,7.14,9.95,2.0,2.0,14.29,19.91,1.0,1.0,7.14,9.95,2.0,2.0,14.29,19.91,2.0,2.0,14.29,19.91,0.0,0.0,0.0,0.0,2.0,2.0,14.29,19.91,1.0,1.0,7.14,9.95,3.0,3.0,21.43,29.86,1.0,1.0,7.14,9.95,2.0,2.0,14.29,19.91,1.0,1.0,7.14,9.95,0.0,0.0,0.0,0.0,3.0,3.0,21.43,29.86,2.0,2.0,14.29,19.91,50.0,21.43,28.57,92.89,4.0,4.0,28.57,3.62,3.62,0.62,0.72,0.5,0.5,1.0,0.17,1.0,0.0,0.67,0.33,7.14,0.0,0.21,14.29,0.5
4,新北中信特攻,38|44|8889|10880,余維豪/黃泓瀚/馬可/內馬,1,13,14.0,217.02,3.62,03:37,217.02,3.62,03:37,7.0,7.0,50.0,69.67,3.0,3.0,21.43,29.86,4.0,4.0,28.57,39.81,2.0,2.0,14.29,19.91,2.0,2.0,14.29,19.91,1.0,1.0,7.14,9.95,2.0,2.0,14.29,19.91,1.0,1.0,7.14,9.95,2.0,2.0,14.29,19.91,2.0,2.0,14.29,19.91,0.0,0.0,0.0,0.0,2.0,2.0,14.29,19.91,1.0,1.0,7.14,9.95,3.0,3.0,21.43,29.86,1.0,1.0,7.14,9.95,2.0,2.0,14.29,19.91,1.0,1.0,7.14,9.95,0.0,0.0,0.0,0.0,3.0,3.0,21.43,29.86,2.0,2.0,14.29,19.91,50.0,21.43,28.57,92.89,4.0,4.0,28.57,3.62,3.62,0.62,0.72,0.5,0.5,1.0,0.17,1.0,0.0,0.67,0.33,7.14,0.0,0.21,14.29,0.5
4,新北中信特攻,38|8889|10879|10880,余維豪/馬可/簡廷兆/內馬,1,13,14.0,217.02,3.62,03:37,217.02,3.62,03:37,7.0,7.0,50.0,69.67,3.0,3.0,21.43,29.86,4.0,4.0,28.57,39.81,2.0,2.0,14.29,19.91,2.0,2.0,14.29,19.91,1.0,1.0,7.14,9.95,2.0,2.0,14.29,19.91,1.0,1.0,7.14,9.95,2.0,2.0,14.29,19.91,2.0,2.0,14.29,19.91,0.0,0.0,0.0,0.0,2.0,2.0,14.29,19.91,1.0,1.0,7.14,9.95,3.0,3.0,21.43,29.86,1.0,1.0,7.14,9.95,2.0,2.0,14.29,19.91,1.0,1.0,7.14,9.95,0.0,0.0,0.0,0.0,3.0,3.0,21.43,29.86,2.0,2.0,14.29,19.91,50.0,21.43,28.57,92.89,4.0,4.0,28.57,3.62,3.62,0.62,0.72,0.5,0.5,1.0,0.17,1.0,0.0,0.67,0.33,7.14,0.0,0.21,14.29,0.5
4,高雄全家海神,108|116|121|14037,魏莨哲/呂威霆/吳曉謹/奧迪傑,1,2,2.0,35.0,0.58,00:35,35.0,0.58,00:35,0.0,0.0,0.0,0.0,2.0,2.0,100.0,123.43,0.0,0.0,0.0,0.0,0.0,0.0,0.0,0.0,0.0,0.0,0.0,0.0,0.0,0.0,0.0,0.0,0.0,0.0,0.0,0.0,0.0,0.0,0.0,0.0,0.0,0.0,0.0,0.0,0.0,0.0,0.0,0.0,0.0,0.0,0.0,0.0,0.0,0.0,0.0,0.0,0.0,0.0,0.0,0.0,0.0,0.0,0.0,0.0,1.0,1.0,50.0,61.71,0.0,0.0,0.0,0.0,0.0,0.0,0.0,0.0,0.0,0.0,0.0,0.0,1.0,1.0,50.0,61.71,0.0,0.0,0.0,0.0,0.0,100.0,-100.0,82.29,-2.0,-2.0,-100.0,0.58,0.58,,,,,,1.0,,,,,0.0,0.0,0.5,0.0,
4,高雄全家海神,110|121|10891|13275,胡瓏貿/吳曉謹/廖偉皓/吳彥侖,1,10,11.0,149.08,2.48,02:29,149.08,2.48,02:29,5.0,5.0,45.45,72.44,10.0,10.0,90.91,144.89,4.0,4.0,36.36,57.95,2.0,2.0,18.18,28.98,2.0,2.0,18.18,28.98,1.0,1.0,9.09,14.49,2.0,2.0,18.18,28.98,1.0,1.0,9.09,14.49,0.0,0.0,0.0,0.0,0.0,0.0,0.0,0.0,1.0,1.0,9.09,14.49,1.0,1.0,9.09,14.49,0.0,0.0,0.0,0.0,1.0,1.0,9.09,14.49,2.0,2.0,18.18,28.98,0.0,0.0,0.0,0.0,2.0,2.0,18.18,28.98,0.0,0.0,0.0,0.0,1.0,1.0,9.09,14.49,0.0,0.0,0.0,0.0,45.45,90.91,-45.45,106.25,-5.0,-5.0,-45.45,2.48,2.48,0.62,0.62,0.5,0.5,,0.33,0.0,0.5,1.0,0.67,18.18,0.0,0.09,0.0,0.0
4,高雄全家海神,110|121|13275|14037,胡瓏貿/吳曉謹/吳彥侖/奧迪傑,1,10,11.0,149.08,2.48,02:29,149.08,2.48,02:29,5.0,5.0,45.45,72.44,10.0,10.0,90.91,144.89,4.0,4.0,36.36,57.95,2.0,2.0,18.18,28.98,2.0,2.0,18.18,28.98,1.0,1.0,9.09,14.49,2.0,2.0,18.18,28.98,1.0,1.0,9.09,14.49,0.0,0.0,0.0,0.0,0.0,0.0,0.0,0.0,1.0,1.0,9.09,14.49,1.0,1.0,9.09,14.49,0.0,0.0,0.0,0.0,1.0,1.0,9.09,14.49,2.0,2.0,18.18,28.98,0.0,0.0,0.0,0.0,2.0,2.0,18.18,28.98,0.0,0.0,0.0,0.0,1.0,1.0,9.09,14.49,0.0,0.0,0.0,0.0,45.45,90.91,-45.45,106.25,-5.0,-5.0,-45.45,2.48,2.48,0.62,0.62,0.5,0.5,,0.33,0.0,0.5,1.0,0.67,18.18,0.0,0.09,0.0,0.0
4,高雄全家海神,110|119|10891|14037,胡瓏貿/余純安/廖偉皓/奧迪傑,1,18,21.0,260.55,4.34,04:21,260.55,4.34,04:21,13.0,13.0,61.9,107.77,5.0,5.0,23.81,41.45,8.0,8.0,38.1,66.32,4.0,4.0,19.05,33.16,5.0,5.0,23.81,41.45,2.0,2.0,9.52,16.58,3.0,3.0,14.29,24.87,2.0,2.0,9.52,16.58,5.0,5.0,23.81,41.45,3.0,3.0,14.29,24.87,1.0,1.0,4.76,8.29,5.0,5.0,23.81,41.45,0.0,0.0,0.0,0.0,5.0,5.0,23.81,41.45,1.0,1.0,4.76,8.29,2.0,2.0,9.52,16.58,0.0,0.0,0.0,0.0,0.0,0.0,0.0,0.0,3.0,3.0,14.29,24.87,3.0,3.0,14.29,24.87,61.9,23.81,38.1,116.06,8.0,8.0,38.1,4.34,4.34,0.62,0.64,0.4,0.67,0.6,0.09,0.5,0.17,1.0,0.55,0.0,0.0,0.14,14.29,0.62
4,高雄全家海神,119|122|10891|14037,余純安/陳懷安/廖偉皓/奧迪傑,1,18,21.0,260.55,4.34,04:21,260.55,4.34,04:21,13.0,13.0,61.9,107.77,5.0,5.0,23.81,41.45,8.0,8.0,38.1,66.32,4.0,4.0,19.05,33.16,5.0,5.0,23.81,41.45,2.0,2.0,9.52,16.58,3.0,3.0,14.29,24.87,2.0,2.0,9.52,16.58,5.0,5.0,23.81,41.45,3.0,3.0,14.29,24.87,1.0,1.0,4.76,8.29,5.0,5.0,23.81,41.45,0.0,0.0,0.0,0.0,5.0,5.0,23.81,41.45,1.0,1.0,4.76,8.29,2.0,2.0,9.52,16.58,0.0,0.0,0.0,0.0,0.0,0.0,0.0,0.0,3.0,3.0,14.29,24.87,3.0,3.0,14.29,24.87,61.9,23.81,38.1,116.06,8.0,8.0,38.1,4.34,4.34,0.62,0.64,0.4,0.67,0.6,0.09,0.5,0.17,1.0,0.55,0.0,0.0,0.14,14.29,0.62
4,新北中信特攻,39|47|113|10878,魏嘉豪/曾文鼎/林任鴻/曾信武,1,12,14.0,195.0,3.25,03:15,195.0,3.25,03:15,5.0,5.0,35.71,55.38,9.0,9.0,64.29,99.69,5.0,5.0,35.71,55.38,1.0,1.0,7.14,11.08,2.0,2.0,14.29,22.15,0.0,0.0,0.0,0.0,3.0,3.0,21.43,33.23,1.0,1.0,7.14,11.08,2.0,2.0,14.29,22.15,2.0,2.0,14.29,22.15,0.0,0.0,0.0,0.0,4.0,4.0,28.57,44.31,1.0,1.0,7.14,11.08,4.0,4.0,28.57,44.31,0.0,0.0,0.0,0.0,1.0,1.0,7.14,11.08,0.0,0.0,0.0,0.0,0.0,0.0,0.0,0.0,2.0,2.0,14.29,22.15,3.0,3.0,21.43,33.23,35.71,64.29,-28.57,103.38,-4.0,-4.0,-28.57,3.25,3.25,0.3,0.43,0.0,0.33,1.0,0.0,1.0,0.0,0.8,0.44,0.0,0.0,0.14,21.43,0.4
4,新北中信特攻,39|47|113|10879,魏嘉豪/曾文鼎/林任鴻/簡廷兆,2,18,21.0,287.0,4.78,04:47,143.5,2.39,02:24,8.0,4.0,38.1,60.21,11.0,5.5,52.38,82.79,8.0,4.0,38.1,60.21,2.0,1.0,9.52,15.05,3.0,1.5,14.29,22.58,0.0,0.0,0.0,0.0,5.0,2.5,23.81,37.63,2.0,1.0,9.52,15.05,2.0,1.0,9.52,15.05,2.0,1.0,9.52,15.05,0.0,0.0,0.0,0.0,6.0,3.0,28.57,45.16,2.0,1.0,9.52,15.05,5.0,2.5,23.81,37.63,0.0,0.0,0.0,0.0,2.0,1.0,9.52,15.05,0.0,0.0,0.0,0.0,0.0,0.0,0.0,0.0,3.0,1.5,14.29,22.58,5.0,2.5,23.81,37.63,38.1,52.38,-14.29,105.37,-3.0,-1.5,-14.29,4.78,2.39,0.38,0.45,0.0,0.4,1.0,0.0,1.0,0.0,0.75,0.46,0.0,0.0,0.14,23.81,0.25
4,新北中信特攻,39|47|10878|10879,魏嘉豪/曾文鼎/曾信武/簡廷兆,1,12,14.0,195.0,3.25,03:15,195.0,3.25,03:15,5.0,5.0,35.71,55.38,9.0,9.0,64.29,99.69,5.0,5.0,35.71,55.38,1.0,1.0,7.14,11.08,2.0,2.0,14.29,22.15,0.0,0.0,0.0,0.0,3.0,3.0,21.43,33.23,1.0,1.0,7.14,11.08,2.0,2.0,14.29,22.15,2.0,2.0,14.29,22.15,0.0,0.0,0.0,0.0,4.0,4.0,28.57,44.31,1.0,1.0,7.14,11.08,4.0,4.0,28.57,44.31,0.0,0.0,0.0,0.0,1.0,1.0,7.14,11.08,0.0,0.0,0.0,0.0,0.0,0.0,0.0,0.0,2.0,2.0,14.29,22.15,3.0,3.0,21.43,33.23,35.71,64.29,-28.57,103.38,-4.0,-4.0,-28.57,3.25,3.25,0.3,0.43,0.0,0.33,1.0,0.0,1.0,0.0,0.8,0.44,0.0,0.0,0.14,21.43,0.4
4,新北中信特攻,39|113|10878|10879,魏嘉豪/林任鴻/曾信武/簡廷兆,1,26,29.0,359.55,5.99,06:00,359.55,5.99,06:00,11.0,11.0,37.93,66.08,15.0,15.0,51.72,90.11,9.0,9.0,31.03,54.07,3.0,3.0,10.34,18.02,3.0,3.0,10.34,18.02,0.0,0.0,0.0,0.0,6.0,6.0,20.69,36.05,3.0,3.0,10.34,18.02,3.0,3.0,10.34,18.02,2.0,2.0,6.9,12.02,0.0,0.0,0.0,0.0,5.0,5.0,17.24,30.04,1.0,1.0,3.45,6.01,6.0,6.0,20.69,36.05,3.0,3.0,10.34,18.02,2.0,2.0,6.9,12.02,2.0,2.0,6.9,12.02,1.0,1.0,3.45,6.01,3.0,3.0,10.34,18.02,9.0,9.0,31.03,54.07,37.93,51.72,-13.79,116.15,-4.0,-4.0,-13.79,5.99,5.99,0.5,0.53,0.0,0.5,0.67,0.23,0.67,0.0,0.83,0.42,6.9,3.45,0.1,31.03,0.33
4,新北中信特攻,47|113|10878|10879,曾文鼎/林任鴻/曾信武/簡廷兆,1,12,14.0,195.0,3.25,03:15,195.0,3.25,03:15,5.0,5.0,35.71,55.38,9.0,9.0,64.29,99.69,5.0,5.0,35.71,55.38,1.0,1.0,7.14,11.08,2.0,2.0,14.29,22.15,0.0,0.0,0.0,0.0,3.0,3.0,21.43,33.23,1.0,1.0,7.14,11.08,2.0,2.0,14.29,22.15,2.0,2.0,14.29,22.15,0.0,0.0,0.0,0.0,4.0,4.0,28.57,44.31,1.0,1.0,7.14,11.08,4.0,4.0,28.57,44.31,0.0,0.0,0.0,0.0,1.0,1.0,7.14,11.08,0.0,0.0,0.0,0.0,0.0,0.0,0.0,0.0,2.0,2.0,14.29,22.15,3.0,3.0,21.43,33.23,35.71,64.29,-28.57,103.38,-4.0,-4.0,-28.57,3.25,3.25,0.3,0.43,0.0,0.33,1.0,0.0,1.0,0.0,0.8,0.44,0.0,0.0,0.14,21.43,0.4
4,新北中信特攻,39|48|113|10878,魏嘉豪/李沛澄/林任鴻/曾信武,1,14,15.0,164.55,2.74,02:45,164.55,2.74,02:45,6.0,6.0,40.0,78.76,6.0,6.0,40.0,78.76,4.0,4.0,26.67,52.51,2.0,2.0,13.33,26.25,1.0,1.0,6.67,13.13,0.0,0.0,0.0,0.0,3.0,3.0,20.0,39.38,2.0,2.0,13.33,26.25,1.0,1.0,6.67,13.13,0.0,0.0,0.0,0.0,0.0,0.0,0.0,0.0,1.0,1.0,6.67,13.13,0.0,0.0,0.0,0.0,2.0,2.0,13.33,26.25,3.0,3.0,20.0,39.38,1.0,1.0,6.67,13.13,2.0,2.0,13.33,26.25,1.0,1.0,6.67,13.13,1.0,1.0,6.67,13.13,6.0,6.0,40.0,78.76,40.0,40.0,0.0,131.27,0.0,0.0,0.0,2.74,2.74,0.75,0.68,0.0,0.67,0.0,0.4,0.5,0.0,1.0,0.33,13.33,6.67,0.07,40.0,0.25
4,新北中信特攻,39|48|113|10879,魏嘉豪/李沛澄/林任鴻/簡廷兆,1,14,15.0,164.55,2.74,02:45,164.55,2.74,02:45,6.0,6.0,40.0,78.76,6.0,6.0,40.0,78.76,4.0,4.0,26.67,52.51,2.0,2.0,13.33,26.25,1.0,1.0,6.67,13.13,0.0,0.0,0.0,0.0,3.0,3.0,20.0,39.38,2.0,2.0,13.33,26.25,1.0,1.0,6.67,13.13,0.0,0.0,0.0,0.0,0.0,0.0,0.0,0.0,1.0,1.0,6.67,13.13,0.0,0.0,0.0,0.0,2.0,2.0,13.33,26.25,3.0,3.0,20.0,39.38,1.0,1.0,6.67,13.13,2.0,2.0,13.33,26.25,1.0,1.0,6.67,13.13,1.0,1.0,6.67,13.13,6.0,6.0,40.0,78.76,40.0,40.0,0.0,131.27,0.0,0.0,0.0,2.74,2.74,0.75,0.68,0.0,0.67,0.0,0.4,0.5,0.0,1.0,0.33,13.33,6.67,0.07,40.0,0.25
4,新北中信特攻,39|48|10878|10879,魏嘉豪/李沛澄/曾信武/簡廷兆,1,14,15.0,164.55,2.74,02:45,164.55,2.74,02:45,6.0,6.0,40.0,78.76,6.0,6.0,40.0,78.76,4.0,4.0,26.67,52.51,2.0,2.0,13.33,26.25,1.0,1.0,6.67,13.13,0.0,0.0,0.0,0.0,3.0,3.0,20.0,39.38,2.0,2.0,13.33,26.25,1.0,1.0,6.67,13.13,0.0,0.0,0.0,0.0,0.0,0.0,0.0,0.0,1.0,1.0,6.67,13.13,0.0,0.0,0.0,0.0,2.0,2.0,13.33,26.25,3.0,3.0,20.0,39.38,1.0,1.0,6.67,13.13,2.0,2.0,13.33,26.25,1.0,1.0,6.67,13.13,1.0,1.0,6.67,13.13,6.0,6.0,40.0,78.76,40.0,40.0,0.0,131.27,0.0,0.0,0.0,2.74,2.74,0.75,0.68,0.0,0.67,0.0,0.4,0.5,0.0,1.0,0.33,13.33,6.67,0.07,40.0,0.25
4,新北中信特攻,48|113|10878|10879,李沛澄/林任鴻/曾信武/簡廷兆,1,14,15.0,164.55,2.74,02:45,164.55,2.74,02:45,6.0,6.0,40.0,78.76,6.0,6.0,40.0,78.76,4.0,4.0,26.67,52.51,2.0,2.0,13.33,26.25,1.0,1.0,6.67,13.13,0.0,0.0,0.0,0.0,3.0,3.0,20.0,39.38,2.0,2.0,13.33,26.25,1.0,1.0,6.67,13.13,0.0,0.0,0.0,0.0,0.0,0.0,0.0,0.0,1.0,1.0,6.67,13.13,0.0,0.0,0.0,0.0,2.0,2.0,13.33,26.25,3.0,3.0,20.0,39.38,1.0,1.0,6.67,13.13,2.0,2.0,13.33,26.25,1.0,1.0,6.67,13.13,1.0,1.0,6.67,13.13,6.0,6.0,40.0,78.76,40.0,40.0,0.0,131.27,0.0,0.0,0.0,2.74,2.74,0.75,0.68,0.0,0.67,0.0,0.4,0.5,0.0,1.0,0.33,13.33,6.67,0.07,40.0,0.25
4,高雄全家海神,110|119|122|123,胡瓏貿/余純安/陳懷安/勤明慶,1,8,8.0,99.0,1.65,01:39,99.0,1.65,01:39,2.0,2.0,25.0,43.64,6.0,6.0,75.0,130.91,2.0,2.0,25.0,43.64,0.0,0.0,0.0,0.0,0.0,0.0,0.0,0.0,0.0,0.0,0.0,0.0,2.0,2.0,25.0,43.64,0.0,0.0,0.0,0.0,4.0,4.0,50.0,87.27,2.0,2.0,25.0,43.64,0.0,0.0,0.0,0.0,1.0,1.0,12.5,21.82,0.0,0.0,0.0,0.0,0.0,0.0,0.0,0.0,0.0,0.0,0.0,0.0,0.0,0.0,0.0,0.0,0.0,0.0,0.0,0.0,0.0,0.0,0.0,0.0,2.0,2.0,25.0,43.64,0.0,0.0,0.0,0.0,25.0,75.0,-50.0,116.36,-4.0,-4.0,-50.0,1.65,1.65,0.0,0.27,,0.0,0.5,0.0,,,1.0,1.0,0.0,0.0,0.25,0.0,2.0
4,高雄全家海神,110|119|123|10891,胡瓏貿/余純安/勤明慶/廖偉皓,1,8,8.0,99.0,1.65,01:39,99.0,1.65,01:39,2.0,2.0,25.0,43.64,6.0,6.0,75.0,130.91,2.0,2.0,25.0,43.64,0.0,0.0,0.0,0.0,0.0,0.0,0.0,0.0,0.0,0.0,0.0,0.0,2.0,2.0,25.0,43.64,0.0,0.0,0.0,0.0,4.0,4.0,50.0,87.27,2.0,2.0,25.0,43.64,0.0,0.0,0.0,0.0,1.0,1.0,12.5,21.82,0.0,0.0,0.0,0.0,0.0,0.0,0.0,0.0,0.0,0.0,0.0,0.0,0.0,0.0,0.0,0.0,0.0,0.0,0.0,0.0,0.0,0.0,0.0,0.0,2.0,2.0,25.0,43.64,0.0,0.0,0.0,0.0,25.0,75.0,-50.0,116.36,-4.0,-4.0,-50.0,1.65,1.65,0.0,0.27,,0.0,0.5,0.0,,,1.0,1.0,0.0,0.0,0.25,0.0,2.0
4,高雄全家海神,110|122|123|10891,胡瓏貿/陳懷安/勤明慶/廖偉皓,1,8,8.0,99.0,1.65,01:39,99.0,1.65,01:39,2.0,2.0,25.0,43.64,6.0,6.0,75.0,130.91,2.0,2.0,25.0,43.64,0.0,0.0,0.0,0.0,0.0,0.0,0.0,0.0,0.0,0.0,0.0,0.0,2.0,2.0,25.0,43.64,0.0,0.0,0.0,0.0,4.0,4.0,50.0,87.27,2.0,2.0,25.0,43.64,0.0,0.0,0.0,0.0,1.0,1.0,12.5,21.82,0.0,0.0,0.0,0.0,0.0,0.0,0.0,0.0,0.0,0.0,0.0,0.0,0.0,0.0,0.0,0.0,0.0,0.0,0.0,0.0,0.0,0.0,0.0,0.0,2.0,2.0,25.0,43.64,0.0,0.0,0.0,0.0,25.0,75.0,-50.0,116.36,-4.0,-4.0,-50.0,1.65,1.65,0.0,0.27,,0.0,0.5,0.0,,,1.0,1.0,0.0,0.0,0.25,0.0,2.0
4,高雄全家海神,119|122|123|10891,余純安/陳懷安/勤明慶/廖偉皓,1,8,8.0,99.0,1.65,01:39,99.0,1.65,01:39,2.0,2.0,25.0,43.64,6.0,6.0,75.0,130.91,2.0,2.0,25.0,43.64,0.0,0.0,0.0,0.0,0.0,0.0,0.0,0.0,0.0,0.0,0.0,0.0,2.0,2.0,25.0,43.64,0.0,0.0,0.0,0.0,4.0,4.0,50.0,87.27,2.0,2.0,25.0,43.64,0.0,0.0,0.0,0.0,1.0,1.0,12.5,21.82,0.0,0.0,0.0,0.0,0.0,0.0,0.0,0.0,0.0,0.0,0.0,0.0,0.0,0.0,0.0,0.0,0.0,0.0,0.0,0.0,0.0,0.0,0.0,0.0,2.0,2.0,25.0,43.64,0.0,0.0,0.0,0.0,25.0,75.0,-50.0,116.36,-4.0,-4.0,-50.0,1.65,1.65,0.0,0.27,,0.0,0.5,0.0,,,1.0,1.0,0.0,0.0,0.25,0.0,2.0
4,臺北台新戰神,1|10|13|10865,丁聖儒/雷蒙恩/陳冠全/謝銘駿,1,12,15.0,208.59,3.48,03:29,208.59,3.48,03:29,8.0,8.0,53.33,82.84,8.0,8.0,53.33,82.84,8.0,8.0,53.33,82.84,3.0,3.0,20.0,31.07,3.0,3.0,20.0,31.07,2.0,2.0,13.33,20.71,5.0,5.0,33.33,51.78,1.0,1.0,6.67,10.36,1.0,1.0,6.67,10.36,1.0,1.0,6.67,10.36,3.0,3.0,20.0,31.07,2.0,2.0,13.33,20.71,1.0,1.0,6.67,10.36,3.0,3.0,20.0,31.07,0.0,0.0,0.0,0.0,2.0,2.0,13.33,20.71,0.0,0.0,0.0,0.0,1.0,1.0,6.67,10.36,1.0,1.0,6.67,10.36,0.0,0.0,0.0,0.0,53.33,53.33,0.0,103.55,0.0,0.0,0.0,3.48,3.48,0.44,0.47,0.67,0.2,1.0,0.0,0.67,0.5,0.67,0.56,0.0,6.67,0.07,0.0,0.12
4,臺北台新戰神,1|10|13|13907,丁聖儒/雷蒙恩/陳冠全/梅克,2,28,33.0,522.81,8.71,08:43,261.41,4.36,04:21,10.0,5.0,30.3,41.32,15.0,7.5,45.45,61.97,16.0,8.0,48.48,66.1,4.0,2.0,12.12,16.53,7.0,3.5,21.21,28.92,3.0,1.5,9.09,12.39,9.0,4.5,27.27,37.18,1.0,0.5,3.03,4.13,1.0,0.5,3.03,4.13,1.0,0.5,3.03,4.13,4.0,2.0,12.12,16.53,8.0,4.0,24.24,33.05,2.0,1.0,6.06,8.26,7.0,3.5,21.21,28.92,2.0,1.0,6.06,8.26,3.0,1.5,9.09,12.39,1.0,0.5,3.03,4.13,1.0,0.5,3.03,4.13,1.0,0.5,3.03,4.13,2.0,1.0,6.06,8.26,30.3,45.45,-15.15,90.89,-5.0,-2.5,-15.15,8.71,4.36,0.28,0.3,0.43,0.11,1.0,0.11,0.75,0.36,0.8,0.57,3.03,3.03,0.03,6.06,0.06
4,臺北台新戰神,1|13|10865|13907,丁聖儒/陳冠全/謝銘駿/梅克,1,35,40.0,560.75,9.35,09:21,560.75,9.35,09:21,20.0,20.0,50.0,77.04,17.0,17.0,42.5,65.48,16.0,16.0,40.0,61.63,6.0,6.0,15.0,23.11,7.0,7.0,17.5,26.96,4.0,4.0,10.0,15.41,9.0,9.0,22.5,34.67,2.0,2.0,5.0,7.7,7.0,7.0,17.5,26.96,6.0,6.0,15.0,23.11,3.0,3.0,7.5,11.56,8.0,8.0,20.0,30.82,2.0,2.0,5.0,7.7,11.0,11.0,27.5,42.37,1.0,1.0,2.5,3.85,4.0,4.0,10.0,15.41,1.0,1.0,2.5,3.85,1.0,1.0,2.5,3.85,6.0,6.0,15.0,23.11,1.0,1.0,2.5,3.85,50.0,42.5,7.5,102.72,3.0,3.0,7.5,9.35,9.35,0.44,0.52,0.57,0.22,0.86,0.05,0.67,0.21,0.8,0.46,2.5,2.5,0.15,2.5,0.44
4,臺北台新戰神,10|13|10865|13907,雷蒙恩/陳冠全/謝銘駿/梅克,1,12,15.0,208.59,3.48,03:29,208.59,3.48,03:29,8.0,8.0,53.33,82.84,8.0,8.0,53.33,82.84,8.0,8.0,53.33,82.84,3.0,3.0,20.0,31.07,3.0,3.0,20.0,31.07,2.0,2.0,13.33,20.71,5.0,5.0,33.33,51.78,1.0,1.0,6.67,10.36,1.0,1.0,6.67,10.36,1.0,1.0,6.67,10.36,3.0,3.0,20.0,31.07,2.0,2.0,13.33,20.71,1.0,1.0,6.67,10.36,3.0,3.0,20.0,31.07,0.0,0.0,0.0,0.0,2.0,2.0,13.33,20.71,0.0,0.0,0.0,0.0,1.0,1.0,6.67,10.36,1.0,1.0,6.67,10.36,0.0,0.0,0.0,0.0,53.33,53.33,0.0,103.55,0.0,0.0,0.0,3.48,3.48,0.44,0.47,0.67,0.2,1.0,0.0,0.67,0.5,0.67,0.56,0.0,6.67,0.07,0.0,0.12
4,臺北台新戰神,1|5|13|10865,丁聖儒/黃聰翰/陳冠全/謝銘駿,1,17,19.0,281.16,4.69,04:41,281.16,4.69,04:41,10.0,10.0,52.63,76.83,6.0,6.0,31.58,46.1,5.0,5.0,26.32,38.41,2.0,2.0,10.53,15.37,2.0,2.0,10.53,15.37,1.0,1.0,5.26,7.68,3.0,3.0,15.79,23.05,1.0,1.0,5.26,7.68,6.0,6.0,31.58,46.1,5.0,5.0,26.32,38.41,0.0,0.0,0.0,0.0,4.0,4.0,21.05,30.73,1.0,1.0,5.26,7.68,7.0,7.0,36.84,53.78,1.0,1.0,5.26,7.68,2.0,2.0,10.53,15.37,1.0,1.0,5.26,7.68,0.0,0.0,0.0,0.0,4.0,4.0,21.05,30.73,1.0,1.0,5.26,7.68,52.63,31.58,21.05,97.31,4.0,4.0,21.05,4.69,4.69,0.5,0.65,0.5,0.33,0.83,0.12,1.0,0.0,0.8,0.33,5.26,0.0,0.21,5.26,1.2
4,臺北台新戰神,5|13|10865|13907,黃聰翰/陳冠全/謝銘駿/梅克,1,28,33.0,488.78,8.15,08:09,488.78,8.15,08:09,16.0,16.0,48.48,70.71,15.0,15.0,45.45,66.29,13.0,13.0,39.39,57.45,4.0,4.0,12.12,17.68,7.0,7.0,21.21,30.93,3.0,3.0,9.09,13.26,6.0,6.0,18.18,26.52,1.0,1.0,3.03,4.42,8.0,8.0,24.24,35.35,7.0,7.0,21.21,30.93,3.0,3.0,9.09,13.26,6.0,6.0,18.18,26.52,1.0,1.0,3.03,4.42,8.0,8.0,24.24,35.35,1.0,1.0,3.03,4.42,2.0,2.0,6.06,8.84,1.0,1.0,3.03,4.42,1.0,1.0,3.03,4.42,6.0,6.0,18.18,26.52,1.0,1.0,3.03,4.42,48.48,45.45,3.03,97.22,1.0,1.0,3.03,8.15,8.15,0.35,0.48,0.43,0.17,0.88,0.06,0.5,0.27,0.86,0.5,3.03,3.03,0.18,3.03,0.62
4,福爾摩沙夢想家,77|89|91|107,馬建豪/蔣淯安/簡偉儒/霍爾曼,2,31,40.0,509.12,8.49,08:29,254.56,4.24,04:15,8.0,4.0,20.0,33.94,14.0,7.0,35.0,59.4,15.0,7.5,37.5,63.64,4.0,2.0,10.0,16.97,9.0,4.5,22.5,38.18,4.0,2.0,10.0,16.97,6.0,3.0,15.0,25.46,0.0,0.0,0.0,0.0,0.0,0.0,0.0,0.0,0.0,0.0,0.0,0.0,2.0,1.0,5.0,8.49,9.0,4.5,22.5,38.18,7.0,3.5,17.5,29.7,8.0,4.0,20.0,33.94,2.0,1.0,5.0,8.49,3.0,1.5,7.5,12.73,2.0,1.0,5.0,8.49,1.0,0.5,2.5,4.24,0.0,0.0,0.0,0.0,6.0,3.0,15.0,25.46,20.0,35.0,-15.0,113.14,-6.0,-3.0,-15.0,8.49,4.24,0.27,0.27,0.44,0.0,,0.12,0.75,0.2,0.56,0.42,5.0,2.5,0.0,15.0,0.0
4,福爾摩沙夢想家,77|89|107|13906,馬建豪/蔣淯安/霍爾曼/班提爾,2,86,107.0,1315.6,21.93,21:56,657.8,10.96,10:58,49.0,24.5,45.79,80.45,41.0,20.5,38.32,67.32,40.0,20.0,37.38,65.67,16.0,8.0,14.95,26.27,23.0,11.5,21.5,37.76,10.0,5.0,9.35,16.42,17.0,8.5,15.89,27.91,6.0,3.0,5.61,9.85,15.0,7.5,14.02,24.63,11.0,5.5,10.28,18.06,7.0,3.5,6.54,11.49,16.0,8.0,14.95,26.27,8.0,4.0,7.48,13.13,20.0,10.0,18.69,32.84,5.0,2.5,4.67,8.21,12.0,6.0,11.21,19.7,2.0,1.0,1.87,3.28,2.0,1.0,1.87,3.28,11.0,5.5,10.28,18.06,13.0,6.5,12.15,21.34,45.79,38.32,7.48,117.12,8.0,4.0,7.48,21.93,10.96,0.48,0.53,0.43,0.35,0.73,0.1,0.75,0.26,0.67,0.45,1.87,1.87,0.1,12.15,0.38
4,福爾摩沙夢想家,77|91|107|13906,馬建豪/簡偉儒/霍爾曼/班提爾,2,22,28.0,353.59,5.89,05:54,176.79,2.95,02:57,6.0,3.0,21.43,36.65,8.0,4.0,28.57,48.87,11.0,5.5,39.29,67.2,3.0,1.5,10.71,18.33,6.0,3.0,21.43,36.65,3.0,1.5,10.71,18.33,5.0,2.5,17.86,30.54,0.0,0.0,0.0,0.0,0.0,0.0,0.0,0.0,0.0,0.0,0.0,0.0,1.0,0.5,3.57,6.11,7.0,3.5,25.0,42.76,5.0,2.5,17.86,30.54,6.0,3.0,21.43,36.65,1.0,0.5,3.57,6.11,3.0,1.5,10.71,18.33,1.0,0.5,3.57,6.11,1.0,0.5,3.57,6.11,0.0,0.0,0.0,0.0,6.0,3.0,21.43,36.65,21.43,28.57,-7.14,114.03,-2.0,-1.0,-7.14,5.89,2.95,0.27,0.27,0.5,0.0,,0.08,1.0,0.14,0.58,0.42,3.57,3.57,0.0,21.43,0.0
4,福爾摩沙夢想家,89|91|107|13906,蔣淯安/簡偉儒/霍爾曼/班提爾,5,56,67.0,904.91,15.08,15:05,180.98,3.02,03:01,20.0,4.0,29.85,47.74,32.0,6.4,47.76,76.38,26.0,5.2,38.81,62.06,7.0,1.4,10.45,16.71,12.0,2.4,17.91,28.64,6.0,1.2,8.96,14.32,14.0,2.8,20.9,33.42,1.0,0.2,1.49,2.39,6.0,1.2,8.96,14.32,5.0,1.0,7.46,11.93,5.0,1.0,7.46,11.93,15.0,3.0,22.39,35.8,7.0,1.4,10.45,16.71,10.0,2.0,14.93,23.87,3.0,0.6,4.48,7.16,6.0,1.2,8.96,14.32,1.0,0.2,1.49,2.39,3.0,0.6,4.48,7.16,5.0,1.0,7.46,11.93,13.0,2.6,19.4,31.03,29.85,47.76,-17.91,106.62,-12.0,-2.4,-17.91,15.08,3.02,0.29,0.35,0.5,0.07,0.83,0.09,0.86,0.33,0.68,0.54,1.49,4.48,0.07,19.4,0.23
4,福爾摩沙夢想家,83|91|103|13906,吳家駿/簡偉儒/忻沃克/班提爾,1,7,8.0,80.67,1.34,01:21,80.67,1.34,01:21,6.0,6.0,75.0,160.66,1.0,1.0,12.5,26.78,4.0,4.0,50.0,107.11,3.0,3.0,37.5,80.33,4.0,4.0,50.0,107.11,3.0,3.0,37.5,80.33,0.0,0.0,0.0,0.0,0.0,0.0,0.0,0.0,0.0,0.0,0.0,0.0,0.0,0.0,0.0,0.0,1.0,1.0,12.5,26.78,0.0,0.0,0.0,0.0,0.0,0.0,0.0,0.0,1.0,1.0,12.5,26.78,0.0,0.0,0.0,0.0,2.0,2.0,25.0,53.55,0.0,0.0,0.0,0.0,0.0,0.0,0.0,0.0,0.0,0.0,0.0,0.0,2.0,2.0,25.0,53.55,75.0,12.5,62.5,142.81,5.0,5.0,62.5,1.34,1.34,0.75,0.75,0.75,,,0.0,0.67,0.5,,0.5,0.0,0.0,0.0,25.0,0.0
4,福爾摩沙夢想家,91|103|106|13906,簡偉儒/忻沃克/高柏鎧/班提爾,1,7,8.0,80.67,1.34,01:21,80.67,1.34,01:21,6.0,6.0,75.0,160.66,1.0,1.0,12.5,26.78,4.0,4.0,50.0,107.11,3.0,3.0,37.5,80.33,4.0,4.0,50.0,107.11,3.0,3.0,37.5,80.33,0.0,0.0,0.0,0.0,0.0,0.0,0.0,0.0,0.0,0.0,0.0,0.0,0.0,0.0,0.0,0.0,1.0,1.0,12.5,26.78,0.0,0.0,0.0,0.0,0.0,0.0,0.0,0.0,1.0,1.0,12.5,26.78,0.0,0.0,0.0,0.0,2.0,2.0,25.0,53.55,0.0,0.0,0.0,0.0,0.0,0.0,0.0,0.0,0.0,0.0,0.0,0.0,2.0,2.0,25.0,53.55,75.0,12.5,62.5,142.81,5.0,5.0,62.5,1.34,1.34,0.75,0.75,0.75,,,0.0,0.67,0.5,,0.5,0.0,0.0,0.0,25.0,0.0
4,臺北台新戰神,1|5|10864|13907,丁聖儒/黃聰翰/劉彥廷/梅克,4,67,82.0,1028.78,17.15,17:09,257.19,4.29,04:17,33.0,8.25,40.24,69.29,39.0,9.75,47.56,81.88,35.0,8.75,42.68,73.49,12.0,3.0,14.63,25.19,14.0,3.5,17.07,29.39,3.0,0.75,3.66,6.3,21.0,5.25,25.61,44.09,9.0,2.25,10.98,18.9,2.0,0.5,2.44,4.2,2.0,0.5,2.44,4.2,7.0,1.75,8.54,14.7,16.0,4.0,19.51,33.59,6.0,1.5,7.32,12.6,14.0,3.5,17.07,29.39,4.0,1.0,4.88,8.4,8.0,2.0,9.76,16.8,2.0,0.5,2.44,4.2,2.0,0.5,2.44,4.2,3.0,0.75,3.66,6.3,15.0,3.75,18.29,31.49,40.24,47.56,-7.32,114.78,-6.0,-1.5,-7.32,17.15,4.29,0.47,0.46,0.21,0.43,1.0,0.1,0.67,0.33,0.73,0.53,2.44,2.44,0.04,18.29,0.06
4,臺北台新戰神,1|10|10864|13907,丁聖儒/雷蒙恩/劉彥廷/梅克,2,20,27.0,294.98,4.92,04:55,147.49,2.46,02:27,4.0,2.0,14.81,29.29,17.0,8.5,62.96,124.49,6.0,3.0,22.22,43.94,1.0,0.5,3.7,7.32,4.0,2.0,14.81,29.29,1.0,0.5,3.7,7.32,2.0,1.0,7.41,14.65,0.0,0.0,0.0,0.0,2.0,1.0,7.41,14.65,2.0,1.0,7.41,14.65,0.0,0.0,0.0,0.0,5.0,2.5,18.52,36.61,5.0,2.5,18.52,36.61,2.0,1.0,7.41,14.65,1.0,0.5,3.7,7.32,0.0,0.0,0.0,0.0,1.0,0.5,3.7,7.32,0.0,0.0,0.0,0.0,0.0,0.0,0.0,0.0,5.0,2.5,18.52,36.61,14.81,62.96,-48.15,131.81,-13.0,-6.5,-48.15,4.92,2.46,0.17,0.29,0.25,0.0,1.0,0.13,0.0,0.0,0.5,0.42,3.7,0.0,0.0,18.52,0.33
4,臺北台新戰神,5|10|10864|13907,黃聰翰/雷蒙恩/劉彥廷/梅克,3,12,16.0,152.7,2.54,02:33,50.9,0.85,00:51,0.0,0.0,0.0,0.0,13.0,4.33,81.25,183.89,5.0,1.67,31.25,70.73,0.0,0.0,0.0,0.0,3.0,1.0,18.75,42.44,0.0,0.0,0.0,0.0,2.0,0.67,12.5,28.29,0.0,0.0,0.0,0.0,0.0,0.0,0.0,0.0,0.0,0.0,0.0,0.0,0.0,0.0,0.0,0.0,4.0,1.33,25.0,56.58,2.0,0.67,12.5,28.29,1.0,0.33,6.25,14.15,0.0,0.0,0.0,0.0,0.0,0.0,0.0,0.0,0.0,0.0,0.0,0.0,0.0,0.0,0.0,0.0,0.0,0.0,0.0,0.0,5.0,1.67,31.25,70.73,0.0,81.25,-81.25,150.89,-13.0,-4.33,-81.25,2.54,0.85,0.0,0.0,0.0,0.0,,0.0,,0.0,0.67,0.57,0.0,0.0,0.0,31.25,0.0
4,臺北台新戰神,1|3|5|10864,丁聖儒/陳文宏/黃聰翰/劉彥廷,2,37,44.0,563.33,9.39,09:23,281.66,4.69,04:42,25.0,12.5,56.82,95.86,13.0,6.5,29.55,49.85,18.0,9.0,40.91,69.02,8.0,4.0,18.18,30.67,4.0,2.0,9.09,15.34,1.0,0.5,2.27,3.83,14.0,7.0,31.82,53.68,7.0,3.5,15.91,26.84,3.0,1.5,6.82,11.5,2.0,1.0,4.55,7.67,3.0,1.5,6.82,11.5,8.0,4.0,18.18,30.67,4.0,2.0,9.09,15.34,9.0,4.5,20.45,34.51,2.0,1.0,4.55,7.67,5.0,2.5,11.36,19.17,1.0,0.5,2.27,3.83,2.0,1.0,4.55,7.67,4.0,2.0,9.09,15.34,6.0,3.0,13.64,23.01,56.82,29.55,27.27,112.47,12.0,6.0,27.27,9.39,4.69,0.64,0.65,0.25,0.5,0.67,0.09,0.62,0.25,0.67,0.46,2.27,4.55,0.09,13.64,0.17
4,臺北台新戰神,1|3|10864|13907,丁聖儒/陳文宏/劉彥廷/梅克,2,38,44.0,562.61,9.38,09:23,281.31,4.69,04:41,28.0,14.0,63.64,107.5,10.0,5.0,22.73,38.39,19.0,9.5,43.18,72.95,9.0,4.5,20.45,34.55,5.0,2.5,11.36,19.2,2.0,1.0,4.55,7.68,14.0,7.0,31.82,53.75,7.0,3.5,15.91,26.87,4.0,2.0,9.09,15.36,3.0,1.5,6.82,11.52,3.0,1.5,6.82,11.52,8.0,4.0,18.18,30.71,1.0,0.5,2.27,3.84,10.0,5.0,22.73,38.39,1.0,0.5,2.27,3.84,5.0,2.5,11.36,19.2,0.0,0.0,0.0,0.0,2.0,1.0,4.55,7.68,2.0,1.0,4.55,7.68,4.0,2.0,9.09,15.36,63.64,22.73,40.91,112.62,18.0,9.0,40.91,9.38,4.69,0.66,0.67,0.4,0.5,0.75,0.05,0.56,0.23,0.89,0.5,0.0,4.55,0.05,9.09,0.21
4,臺北台新戰神,3|5|10864|13907,陳文宏/黃聰翰/劉彥廷/梅克,1,31,36.0,492.25,8.2,08:12,492.25,8.2,08:12,23.0,23.0,63.89,100.92,10.0,10.0,27.78,43.88,18.0,18.0,50.0,78.98,8.0,8.0,22.22,35.1,4.0,4.0,11.11,17.55,1.0,1.0,2.78,4.39,14.0,14.0,38.89,61.43,7.0,7.0,19.44,30.72,0.0,0.0,0.0,0.0,0.0,0.0,0.0,0.0,3.0,3.0,8.33,13.16,7.0,7.0,19.44,30.72,1.0,1.0,2.78,4.39,8.0,8.0,22.22,35.1,1.0,1.0,2.78,4.39,5.0,5.0,13.89,21.94,0.0,0.0,0.0,0.0,2.0,2.0,5.56,8.78,2.0,2.0,5.56,8.78,4.0,4.0,11.11,17.55,63.89,27.78,36.11,105.31,13.0,13.0,36.11,8.2,8.2,0.64,0.64,0.25,0.5,,0.05,0.62,0.27,0.88,0.53,0.0,5.56,0.06,11.11,0.0
4,福爾摩沙夢想家,77|89|91|106,馬建豪/蔣淯安/簡偉儒/高柏鎧,1,12,15.0,208.54,3.48,03:29,208.54,3.48,03:29,4.0,4.0,26.67,41.43,6.0,6.0,40.0,62.15,6.0,6.0,40.0,62.15,2.0,2.0,13.33,20.72,4.0,4.0,26.67,41.43,2.0,2.0,13.33,20.72,2.0,2.0,13.33,20.72,0.0,0.0,0.0,0.0,0.0,0.0,0.0,0.0,0.0,0.0,0.0,0.0,1.0,1.0,6.67,10.36,3.0,3.0,20.0,31.07,2.0,2.0,13.33,20.72,3.0,3.0,20.0,31.07,1.0,1.0,6.67,10.36,1.0,1.0,6.67,10.36,1.0,1.0,6.67,10.36,0.0,0.0,0.0,0.0,0.0,0.0,0.0,0.0,0.0,0.0,0.0,0.0,26.67,40.0,-13.33,103.58,-2.0,-2.0,-13.33,3.48,3.48,0.33,0.33,0.5,0.0,,0.14,0.5,0.25,0.6,0.44,6.67,0.0,0.0,0.0,0.0
4,臺北台新戰神,3|5|13|10864,陳文宏/黃聰翰/陳冠全/劉彥廷,1,5,5.0,89.46,1.49,01:29,89.46,1.49,01:29,0.0,0.0,0.0,0.0,6.0,6.0,120.0,144.86,2.0,2.0,40.0,48.29,0.0,0.0,0.0,0.0,1.0,1.0,20.0,24.14,0.0,0.0,0.0,0.0,1.0,1.0,20.0,24.14,0.0,0.0,0.0,0.0,2.0,2.0,40.0,48.29,0.0,0.0,0.0,0.0,0.0,0.0,0.0,0.0,3.0,3.0,60.0,72.43,0.0,0.0,0.0,0.0,1.0,1.0,20.0,24.14,0.0,0.0,0.0,0.0,0.0,0.0,0.0,0.0,0.0,0.0,0.0,0.0,1.0,1.0,20.0,24.14,0.0,0.0,0.0,0.0,0.0,0.0,0.0,0.0,0.0,120.0,-120.0,80.48,-6.0,-6.0,-120.0,1.49,1.49,0.0,0.0,0.0,0.0,0.0,0.0,,0.0,1.0,0.75,0.0,20.0,0.0,0.0,1.0
4,臺北台新戰神,3|5|13|10865,陳文宏/黃聰翰/陳冠全/謝銘駿,2,20,24.0,349.08,5.82,05:49,174.54,2.91,02:55,8.0,4.0,33.33,49.5,17.0,8.5,70.83,105.19,12.0,6.0,50.0,74.25,3.0,1.5,12.5,18.56,7.0,3.5,29.17,43.31,3.0,1.5,12.5,18.56,5.0,2.5,20.83,30.94,0.0,0.0,0.0,0.0,4.0,2.0,16.67,24.75,2.0,1.0,8.33,12.38,4.0,2.0,16.67,24.75,5.0,2.5,20.83,30.94,0.0,0.0,0.0,0.0,3.0,1.5,12.5,18.56,0.0,0.0,0.0,0.0,0.0,0.0,0.0,0.0,0.0,0.0,0.0,0.0,2.0,1.0,8.33,12.38,2.0,1.0,8.33,12.38,0.0,0.0,0.0,0.0,33.33,70.83,-37.5,99.0,-9.0,-4.5,-37.5,5.82,2.91,0.25,0.29,0.43,0.0,0.5,0.0,0.0,0.57,1.0,0.75,0.0,8.33,0.08,0.0,0.33
4,臺北台新戰神,3|5|10864|10865,陳文宏/黃聰翰/劉彥廷/謝銘駿,2,10,10.0,173.46,2.89,02:53,86.73,1.45,01:27,0.0,0.0,0.0,0.0,8.0,4.0,80.0,99.62,4.0,2.0,40.0,49.81,0.0,0.0,0.0,0.0,2.0,1.0,20.0,24.9,0.0,0.0,0.0,0.0,2.0,1.0,20.0,24.9,0.0,0.0,0.0,0.0,2.0,1.0,20.0,24.9,0.0,0.0,0.0,0.0,0.0,0.0,0.0,0.0,5.0,2.5,50.0,62.26,0.0,0.0,0.0,0.0,3.0,1.5,30.0,37.36,1.0,0.5,10.0,12.45,0.0,0.0,0.0,0.0,0.0,0.0,0.0,0.0,1.0,0.5,10.0,12.45,0.0,0.0,0.0,0.0,0.0,0.0,0.0,0.0,0.0,80.0,-80.0,83.01,-8.0,-4.0,-80.0,2.89,1.45,0.0,0.0,0.0,0.0,0.0,0.17,,0.0,1.0,0.62,0.0,10.0,0.0,0.0,0.5
4,臺北台新戰神,3|13|10864|10865,陳文宏/陳冠全/劉彥廷/謝銘駿,2,8,9.0,124.46,2.07,02:04,62.23,1.04,01:02,0.0,0.0,0.0,0.0,9.0,4.5,100.0,156.19,2.0,1.0,22.22,34.71,0.0,0.0,0.0,0.0,1.0,0.5,11.11,17.35,0.0,0.0,0.0,0.0,1.0,0.5,11.11,17.35,0.0,0.0,0.0,0.0,2.0,1.0,22.22,34.71,0.0,0.0,0.0,0.0,0.0,0.0,0.0,0.0,3.0,1.5,33.33,52.06,1.0,0.5,11.11,17.35,1.0,0.5,11.11,17.35,1.0,0.5,11.11,17.35,0.0,0.0,0.0,0.0,0.0,0.0,0.0,0.0,1.0,0.5,11.11,17.35,0.0,0.0,0.0,0.0,2.0,1.0,22.22,34.71,0.0,100.0,-100.0,104.13,-9.0,-4.5,-100.0,2.07,1.04,0.0,0.0,0.0,0.0,0.0,0.26,,0.0,0.75,0.6,0.0,11.11,0.0,22.22,1.0
4,臺北台新戰神,5|13|10864|10865,黃聰翰/陳冠全/劉彥廷/謝銘駿,1,5,5.0,89.46,1.49,01:29,89.46,1.49,01:29,0.0,0.0,0.0,0.0,6.0,6.0,120.0,144.86,2.0,2.0,40.0,48.29,0.0,0.0,0.0,0.0,1.0,1.0,20.0,24.14,0.0,0.0,0.0,0.0,1.0,1.0,20.0,24.14,0.0,0.0,0.0,0.0,2.0,2.0,40.0,48.29,0.0,0.0,0.0,0.0,0.0,0.0,0.0,0.0,3.0,3.0,60.0,72.43,0.0,0.0,0.0,0.0,1.0,1.0,20.0,24.14,0.0,0.0,0.0,0.0,0.0,0.0,0.0,0.0,0.0,0.0,0.0,0.0,1.0,1.0,20.0,24.14,0.0,0.0,0.0,0.0,0.0,0.0,0.0,0.0,0.0,120.0,-120.0,80.48,-6.0,-6.0,-120.0,1.49,1.49,0.0,0.0,0.0,0.0,0.0,0.0,,0.0,1.0,0.75,0.0,20.0,0.0,0.0,1.0
4,臺北台新戰神,3|13|10865|13907,陳文宏/陳冠全/謝銘駿/梅克,1,17,20.0,278.62,4.64,04:39,278.62,4.64,04:39,8.0,8.0,40.0,62.02,12.0,12.0,60.0,93.03,11.0,11.0,55.0,85.28,3.0,3.0,15.0,23.26,7.0,7.0,35.0,54.27,3.0,3.0,15.0,23.26,4.0,4.0,20.0,31.01,0.0,0.0,0.0,0.0,2.0,2.0,10.0,15.5,2.0,2.0,10.0,15.5,3.0,3.0,15.0,23.26,4.0,4.0,20.0,31.01,0.0,0.0,0.0,0.0,2.0,2.0,10.0,15.5,0.0,0.0,0.0,0.0,0.0,0.0,0.0,0.0,0.0,0.0,0.0,0.0,1.0,1.0,5.0,7.75,3.0,3.0,15.0,23.26,0.0,0.0,0.0,0.0,40.0,60.0,-20.0,103.37,-4.0,-4.0,-20.0,4.64,4.64,0.27,0.34,0.43,0.0,1.0,0.0,0.0,0.6,1.0,0.78,0.0,5.0,0.15,0.0,0.18
4,臺北台新戰神,1|3|13|10865,丁聖儒/陳文宏/陳冠全/謝銘駿,1,6,6.0,71.0,1.18,01:11,71.0,1.18,01:11,2.0,2.0,33.33,60.85,3.0,3.0,50.0,91.27,3.0,3.0,50.0,91.27,1.0,1.0,16.67,30.42,2.0,2.0,33.33,60.85,1.0,1.0,16.67,30.42,1.0,1.0,16.67,30.42,0.0,0.0,0.0,0.0,0.0,0.0,0.0,0.0,0.0,0.0,0.0,0.0,0.0,0.0,0.0,0.0,2.0,2.0,33.33,60.85,0.0,0.0,0.0,0.0,1.0,1.0,16.67,30.42,0.0,0.0,0.0,0.0,0.0,0.0,0.0,0.0,0.0,0.0,0.0,0.0,0.0,0.0,0.0,0.0,1.0,1.0,16.67,30.42,0.0,0.0,0.0,0.0,33.33,50.0,-16.67,121.69,-1.0,-1.0,-16.67,1.18,1.18,0.33,0.33,0.5,0.0,,0.0,0.0,0.0,1.0,0.67,0.0,0.0,0.17,0.0,0.0
4,福爾摩沙夢想家,79|89|107|13906,張宗憲/蔣淯安/霍爾曼/班提爾,10,180,212.0,2830.12,47.17,47:10,283.01,4.72,04:43,117.0,11.7,55.19,89.3,89.0,8.9,41.98,67.93,78.0,7.8,36.79,59.53,40.0,4.0,18.87,30.53,48.0,4.8,22.64,36.63,24.0,2.4,11.32,18.32,30.0,3.0,14.15,22.9,16.0,1.6,7.55,12.21,31.0,3.1,14.62,23.66,21.0,2.1,9.91,16.03,18.0,1.8,8.49,13.74,23.0,2.3,10.85,17.55,8.0,0.8,3.77,6.11,37.0,3.7,17.45,28.24,17.0,1.7,8.02,12.97,31.0,3.1,14.62,23.66,9.0,0.9,4.25,6.87,3.0,0.3,1.42,2.29,22.0,2.2,10.38,16.79,26.0,2.6,12.26,19.84,55.19,41.98,13.21,107.87,28.0,2.8,13.21,47.17,4.72,0.62,0.64,0.5,0.53,0.68,0.16,0.78,0.33,0.74,0.48,4.25,1.42,0.1,12.26,0.4
4,福爾摩沙夢想家,79|103|107|13906,張宗憲/忻沃克/霍爾曼/班提爾,9,124,147.0,1973.1,32.88,32:53,219.23,3.65,03:39,85.0,9.44,57.82,93.05,53.0,5.89,36.05,58.02,51.0,5.67,34.69,55.83,27.0,3.0,18.37,29.56,27.0,3.0,18.37,29.56,13.0,1.44,8.84,14.23,24.0,2.67,16.33,26.27,14.0,1.56,9.52,15.33,25.0,2.78,17.01,27.37,17.0,1.89,11.56,18.61,9.0,1.0,6.12,9.85,17.0,1.89,11.56,18.61,11.0,1.22,7.48,12.04,30.0,3.33,20.41,32.84,6.0,0.67,4.08,6.57,23.0,2.56,15.65,25.18,3.0,0.33,2.04,3.28,2.0,0.22,1.36,2.19,22.0,2.44,14.97,24.08,14.0,1.56,9.52,15.33,57.82,36.05,21.77,107.28,32.0,3.56,21.77,32.88,3.65,0.67,0.69,0.48,0.58,0.68,0.09,0.85,0.23,0.61,0.39,2.04,1.36,0.15,9.52,0.49
4,福爾摩沙夢想家,89|103|107|13906,蔣淯安/忻沃克/霍爾曼/班提爾,10,210,258.0,3593.28,59.89,59:53,359.33,5.99,05:59,121.0,12.1,46.9,72.74,105.0,10.5,40.7,63.12,92.0,9.2,35.66,55.3,39.0,3.9,15.12,23.44,44.0,4.4,17.05,26.45,25.0,2.5,9.69,15.03,48.0,4.8,18.6,28.85,14.0,1.4,5.43,8.42,42.0,4.2,16.28,25.25,31.0,3.1,12.02,18.63,20.0,2.0,7.75,12.02,38.0,3.8,14.73,22.84,19.0,1.9,7.36,11.42,45.0,4.5,17.44,27.05,16.0,1.6,6.2,9.62,25.0,2.5,9.69,15.03,8.0,0.8,3.1,4.81,2.0,0.2,0.78,1.2,29.0,2.9,11.24,17.43,25.0,2.5,9.69,15.03,46.9,40.7,6.2,103.39,16.0,1.6,6.2,59.89,5.99,0.5,0.55,0.57,0.29,0.74,0.13,0.64,0.31,0.67,0.48,3.1,0.78,0.11,9.69,0.46
4,臺北台新戰神,1|10|10864|10865,丁聖儒/雷蒙恩/劉彥廷/謝銘駿,2,13,18.0,200.91,3.35,03:21,100.46,1.67,01:40,0.0,0.0,0.0,0.0,8.0,4.0,44.44,86.01,4.0,2.0,22.22,43.0,0.0,0.0,0.0,0.0,2.0,1.0,11.11,21.5,0.0,0.0,0.0,0.0,2.0,1.0,11.11,21.5,0.0,0.0,0.0,0.0,0.0,0.0,0.0,0.0,0.0,0.0,0.0,0.0,0.0,0.0,0.0,0.0,4.0,2.0,22.22,43.0,5.0,2.5,27.78,53.75,2.0,1.0,11.11,21.5,3.0,1.5,16.67,32.25,0.0,0.0,0.0,0.0,3.0,1.5,16.67,32.25,0.0,0.0,0.0,0.0,0.0,0.0,0.0,0.0,2.0,1.0,11.11,21.5,0.0,44.44,-44.44,129.01,-8.0,-4.0,-44.44,3.35,1.67,0.0,0.0,0.0,0.0,,0.43,,0.0,0.44,0.36,16.67,0.0,0.0,11.11,0.0
4,臺北台新戰神,1|10864|10865|13907,丁聖儒/劉彥廷/謝銘駿/梅克,1,4,7.0,95.0,1.58,01:35,95.0,1.58,01:35,0.0,0.0,0.0,0.0,4.0,4.0,57.14,90.95,1.0,1.0,14.29,22.74,0.0,0.0,0.0,0.0,0.0,0.0,0.0,0.0,0.0,0.0,0.0,0.0,1.0,1.0,14.29,22.74,0.0,0.0,0.0,0.0,0.0,0.0,0.0,0.0,0.0,0.0,0.0,0.0,0.0,0.0,0.0,0.0,1.0,1.0,14.29,22.74,3.0,3.0,42.86,68.21,0.0,0.0,0.0,0.0,1.0,1.0,14.29,22.74,0.0,0.0,0.0,0.0,1.0,1.0,14.29,22.74,0.0,0.0,0.0,0.0,0.0,0.0,0.0,0.0,0.0,0.0,0.0,0.0,0.0,57.14,-57.14,106.11,-4.0,-4.0,-57.14,1.58,1.58,0.0,0.0,,0.0,,0.5,,,0.25,0.25,14.29,0.0,0.0,0.0,0.0
4,臺北台新戰神,10|10864|10865|13907,雷蒙恩/劉彥廷/謝銘駿/梅克,1,4,7.0,95.0,1.58,01:35,95.0,1.58,01:35,0.0,0.0,0.0,0.0,4.0,4.0,57.14,90.95,1.0,1.0,14.29,22.74,0.0,0.0,0.0,0.0,0.0,0.0,0.0,0.0,0.0,0.0,0.0,0.0,1.0,1.0,14.29,22.74,0.0,0.0,0.0,0.0,0.0,0.0,0.0,0.0,0.0,0.0,0.0,0.0,0.0,0.0,0.0,0.0,1.0,1.0,14.29,22.74,3.0,3.0,42.86,68.21,0.0,0.0,0.0,0.0,1.0,1.0,14.29,22.74,0.0,0.0,0.0,0.0,1.0,1.0,14.29,22.74,0.0,0.0,0.0,0.0,0.0,0.0,0.0,0.0,0.0,0.0,0.0,0.0,0.0,57.14,-57.14,106.11,-4.0,-4.0,-57.14,1.58,1.58,0.0,0.0,,0.0,,0.5,,,0.25,0.25,14.29,0.0,0.0,0.0,0.0
4,臺北台新戰神,5|10|11|10864,黃聰翰/雷蒙恩/蘇奕晉/劉彥廷,3,37,45.0,603.6,10.06,10:04,201.2,3.35,03:21,22.0,7.33,48.89,78.73,18.0,6.0,40.0,64.41,11.0,3.67,24.44,39.36,6.0,2.0,13.33,21.47,4.0,1.33,8.89,14.31,2.0,0.67,4.44,7.16,7.0,2.33,15.56,25.05,4.0,1.33,8.89,14.31,7.0,2.33,15.56,25.05,6.0,2.0,13.33,21.47,2.0,0.67,4.44,7.16,3.0,1.0,6.67,10.74,1.0,0.33,2.22,3.58,7.0,2.33,15.56,25.05,7.0,2.33,15.56,25.05,6.0,2.0,13.33,21.47,1.0,0.33,2.22,3.58,0.0,0.0,0.0,0.0,9.0,3.0,20.0,32.21,2.0,0.67,4.44,7.16,48.89,40.0,8.89,107.36,4.0,1.33,8.89,10.06,3.35,0.73,0.78,0.5,0.57,0.86,0.33,1.0,0.22,0.75,0.38,2.22,0.0,0.2,4.44,0.64
4,臺北台新戰神,5|10|11|10865,黃聰翰/雷蒙恩/蘇奕晉/謝銘駿,3,33,37.0,551.83,9.2,09:12,183.94,3.07,03:04,12.0,4.0,32.43,46.97,18.0,6.0,48.65,70.46,12.0,4.0,32.43,46.97,3.0,1.0,8.11,11.74,7.0,2.33,18.92,27.4,1.0,0.33,2.7,3.91,5.0,1.67,13.51,19.57,2.0,0.67,5.41,7.83,5.0,1.67,13.51,19.57,4.0,1.33,10.81,15.66,3.0,1.0,8.11,11.74,6.0,2.0,16.22,23.49,0.0,0.0,0.0,0.0,7.0,2.33,18.92,27.4,4.0,1.33,10.81,15.66,3.0,1.0,8.11,11.74,0.0,0.0,0.0,0.0,1.0,0.33,2.7,3.91,7.0,2.33,18.92,27.4,3.0,1.0,8.11,11.74,32.43,48.65,-16.22,96.55,-6.0,-2.0,-16.22,9.2,3.07,0.33,0.42,0.14,0.4,0.8,0.22,1.0,0.3,1.0,0.56,0.0,2.7,0.19,8.11,0.42
4,臺北台新戰神,5|10|10864|10865,黃聰翰/雷蒙恩/劉彥廷/謝銘駿,3,40,47.0,656.33,10.94,10:56,218.78,3.65,03:39,10.0,3.33,21.28,32.91,25.0,8.33,53.19,82.28,16.0,5.33,34.04,52.66,2.0,0.67,4.26,6.58,10.0,3.33,21.28,32.91,0.0,0.0,0.0,0.0,6.0,2.0,12.77,19.75,2.0,0.67,4.26,6.58,5.0,1.67,10.64,16.46,4.0,1.33,8.51,13.16,3.0,1.0,6.38,9.87,10.0,3.33,21.28,32.91,1.0,0.33,2.13,3.29,5.0,1.67,10.64,16.46,7.0,2.33,14.89,23.04,2.0,0.67,4.26,6.58,2.0,0.67,4.26,6.58,2.0,0.67,4.26,6.58,6.0,2.0,12.77,19.75,1.0,0.33,2.13,3.29,21.28,53.19,-31.91,103.12,-15.0,-5.0,-31.91,10.94,3.65,0.19,0.27,0.0,0.33,0.8,0.28,1.0,0.38,0.91,0.68,4.26,4.26,0.13,2.13,0.31
4,臺北台新戰神,5|11|10864|10865,黃聰翰/蘇奕晉/劉彥廷/謝銘駿,3,21,23.0,315.8,5.26,05:16,105.27,1.75,01:45,11.0,3.67,47.83,75.24,15.0,5.0,65.22,102.59,5.0,1.67,21.74,34.2,2.0,0.67,8.7,13.68,1.0,0.33,4.35,6.84,0.0,0.0,0.0,0.0,4.0,1.33,17.39,27.36,2.0,0.67,8.7,13.68,5.0,1.67,21.74,34.2,5.0,1.67,21.74,34.2,0.0,0.0,0.0,0.0,3.0,1.0,13.04,20.52,0.0,0.0,0.0,0.0,3.0,1.0,13.04,20.52,4.0,1.33,17.39,27.36,2.0,0.67,8.7,13.68,0.0,0.0,0.0,0.0,0.0,0.0,0.0,0.0,4.0,1.33,17.39,27.36,1.0,0.33,4.35,6.84,47.83,65.22,-17.39,104.87,-4.0,-1.33,-17.39,5.26,1.75,0.6,0.76,0.0,0.5,1.0,0.36,1.0,0.0,1.0,0.5,0.0,0.0,0.17,4.35,1.0
4,臺北台新戰神,10|11|10864|10865,雷蒙恩/蘇奕晉/劉彥廷/謝銘駿,3,27,32.0,456.16,7.6,07:36,152.05,2.53,02:32,14.0,4.67,43.75,66.29,19.0,6.33,59.38,89.97,9.0,3.0,28.12,42.62,4.0,1.33,12.5,18.94,4.0,1.33,12.5,18.94,2.0,0.67,6.25,9.47,5.0,1.67,15.62,23.68,2.0,0.67,6.25,9.47,5.0,1.67,15.62,23.68,4.0,1.33,12.5,18.94,2.0,0.67,6.25,9.47,3.0,1.0,9.38,14.21,0.0,0.0,0.0,0.0,4.0,1.33,12.5,18.94,4.0,1.33,12.5,18.94,4.0,1.33,12.5,18.94,0.0,0.0,0.0,0.0,0.0,0.0,0.0,0.0,6.0,2.0,18.75,28.41,1.0,0.33,3.12,4.74,43.75,59.38,-15.62,101.02,-5.0,-1.67,-15.62,7.6,2.53,0.56,0.62,0.5,0.4,0.8,0.26,1.0,0.33,1.0,0.56,0.0,0.0,0.19,3.12,0.56
4,福爾摩沙夢想家,77|103|107|13906,馬建豪/忻沃克/霍爾曼/班提爾,2,26,33.0,409.72,6.83,06:50,204.86,3.41,03:25,18.0,9.0,54.55,94.89,6.0,3.0,18.18,31.63,12.0,6.0,36.36,63.26,5.0,2.5,15.15,26.36,5.0,2.5,15.15,26.36,3.0,1.5,9.09,15.82,7.0,3.5,21.21,36.9,2.0,1.0,6.06,10.54,7.0,3.5,21.21,36.9,6.0,3.0,18.18,31.63,2.0,1.0,6.06,10.54,5.0,2.5,15.15,26.36,2.0,1.0,6.06,10.54,9.0,4.5,27.27,47.45,1.0,0.5,3.03,5.27,3.0,1.5,9.09,15.82,1.0,0.5,3.03,5.27,0.0,0.0,0.0,0.0,5.0,2.5,15.15,26.36,2.0,1.0,6.06,10.54,54.55,18.18,36.36,115.98,12.0,6.0,36.36,6.83,3.41,0.5,0.6,0.6,0.29,0.86,0.06,0.6,0.18,0.71,0.39,3.03,0.0,0.15,6.06,0.58
4,臺北台新戰神,1|5|11|10865,丁聖儒/黃聰翰/蘇奕晉/謝銘駿,2,7,9.0,122.85,2.05,02:03,61.43,1.02,01:01,5.0,2.5,55.56,87.91,2.0,1.0,22.22,35.16,3.0,1.5,33.33,52.75,1.0,0.5,11.11,17.58,1.0,0.5,11.11,17.58,0.0,0.0,0.0,0.0,2.0,1.0,22.22,35.16,1.0,0.5,11.11,17.58,2.0,1.0,22.22,35.16,2.0,1.0,22.22,35.16,2.0,1.0,22.22,35.16,0.0,0.0,0.0,0.0,1.0,0.5,11.11,17.58,2.0,1.0,22.22,35.16,0.0,0.0,0.0,0.0,1.0,0.5,11.11,17.58,0.0,0.0,0.0,0.0,0.0,0.0,0.0,0.0,2.0,1.0,22.22,35.16,1.0,0.5,11.11,17.58,55.56,22.22,33.33,105.49,3.0,1.5,33.33,2.05,1.02,0.5,0.64,0.0,0.5,1.0,0.0,1.0,0.5,0.0,0.4,0.0,0.0,0.22,11.11,0.67
4,福爾摩沙夢想家,91|103|107|13906,簡偉儒/忻沃克/霍爾曼/班提爾,3,23,26.0,386.18,6.44,06:26,128.73,2.15,02:09,8.0,2.67,30.77,44.75,16.0,5.33,61.54,89.49,10.0,3.33,38.46,55.93,3.0,1.0,11.54,16.78,4.0,1.33,15.38,22.37,3.0,1.0,11.54,16.78,6.0,2.0,23.08,33.56,0.0,0.0,0.0,0.0,3.0,1.0,11.54,16.78,2.0,0.67,7.69,11.19,2.0,0.67,7.69,11.19,6.0,2.0,23.08,33.56,1.0,0.33,3.85,5.59,2.0,0.67,7.69,11.19,2.0,0.67,7.69,11.19,2.0,0.67,7.69,11.19,0.0,0.0,0.0,0.0,1.0,0.33,3.85,5.59,3.0,1.0,11.54,16.78,2.0,0.67,7.69,11.19,30.77,61.54,-30.77,96.95,-8.0,-2.67,-30.77,6.44,2.15,0.3,0.35,0.75,0.0,0.67,0.15,0.67,0.5,0.86,0.73,0.0,3.85,0.12,7.69,0.3
4,福爾摩沙夢想家,79|89|91|13906,張宗憲/蔣淯安/簡偉儒/班提爾,2,21,27.0,368.13,6.14,06:08,184.07,3.07,03:04,17.0,8.5,62.96,99.75,13.0,6.5,48.15,76.28,12.0,6.0,44.44,70.41,6.0,3.0,22.22,35.2,7.0,3.5,25.93,41.07,2.0,1.0,7.41,11.73,5.0,2.5,18.52,29.34,4.0,2.0,14.81,23.47,3.0,1.5,11.11,17.6,1.0,0.5,3.7,5.87,3.0,1.5,11.11,17.6,4.0,2.0,14.81,23.47,3.0,1.5,11.11,17.6,2.0,1.0,7.41,11.73,0.0,0.0,0.0,0.0,5.0,2.5,18.52,29.34,0.0,0.0,0.0,0.0,2.0,1.0,7.41,11.73,1.0,0.5,3.7,5.87,7.0,3.5,25.93,41.07,62.96,48.15,14.81,105.61,4.0,2.0,14.81,6.14,3.07,0.67,0.64,0.29,0.8,0.33,0.0,0.83,0.6,0.57,0.58,0.0,7.41,0.04,25.93,0.25
4,福爾摩沙夢想家,79|91|107|13906,張宗憲/簡偉儒/霍爾曼/班提爾,3,15,21.0,355.75,5.93,05:56,118.58,1.98,01:59,7.0,2.33,33.33,42.5,8.0,2.67,38.1,48.57,9.0,3.0,42.86,54.65,2.0,0.67,9.52,12.14,5.0,1.67,23.81,30.36,1.0,0.33,4.76,6.07,4.0,1.33,19.05,24.29,1.0,0.33,4.76,6.07,3.0,1.0,14.29,18.22,2.0,0.67,9.52,12.14,3.0,1.0,14.29,18.22,5.0,1.67,23.81,30.36,1.0,0.33,4.76,6.07,3.0,1.0,14.29,18.22,1.0,0.33,4.76,6.07,2.0,0.67,9.52,12.14,1.0,0.33,4.76,6.07,1.0,0.33,4.76,6.07,1.0,0.33,4.76,6.07,5.0,1.67,23.81,30.36,33.33,38.1,-4.76,85.0,-1.0,-0.33,-4.76,5.93,1.98,0.28,0.34,0.2,0.25,0.67,0.09,1.0,0.5,0.83,0.67,4.76,4.76,0.05,23.81,0.33
4,福爾摩沙夢想家,89|91|106|13906,蔣淯安/簡偉儒/高柏鎧/班提爾,1,6,8.0,127.0,2.12,02:07,127.0,2.12,02:07,9.0,9.0,112.5,153.07,5.0,5.0,62.5,85.04,3.0,3.0,37.5,51.02,3.0,3.0,37.5,51.02,0.0,0.0,0.0,0.0,0.0,0.0,0.0,0.0,3.0,3.0,37.5,51.02,3.0,3.0,37.5,51.02,0.0,0.0,0.0,0.0,0.0,0.0,0.0,0.0,0.0,0.0,0.0,0.0,0.0,0.0,0.0,0.0,2.0,2.0,25.0,34.02,0.0,0.0,0.0,0.0,0.0,0.0,0.0,0.0,3.0,3.0,37.5,51.02,0.0,0.0,0.0,0.0,0.0,0.0,0.0,0.0,0.0,0.0,0.0,0.0,2.0,2.0,25.0,34.02,112.5,62.5,50.0,90.71,4.0,4.0,50.0,2.12,2.12,1.5,1.5,,1.0,,0.0,1.0,,0.0,0.0,0.0,0.0,0.0,25.0,0.0
4,福爾摩沙夢想家,77|83|107|13906,馬建豪/吳家駿/霍爾曼/班提爾,1,2,2.0,36.0,0.6,00:36,36.0,0.6,00:36,0.0,0.0,0.0,0.0,0.0,0.0,0.0,0.0,1.0,1.0,50.0,60.0,0.0,0.0,0.0,0.0,1.0,1.0,50.0,60.0,0.0,0.0,0.0,0.0,0.0,0.0,0.0,0.0,0.0,0.0,0.0,0.0,0.0,0.0,0.0,0.0,0.0,0.0,0.0,0.0,0.0,0.0,0.0,0.0,1.0,1.0,50.0,60.0,0.0,0.0,0.0,0.0,1.0,1.0,50.0,60.0,0.0,0.0,0.0,0.0,0.0,0.0,0.0,0.0,0.0,0.0,0.0,0.0,0.0,0.0,0.0,0.0,1.0,1.0,50.0,60.0,0.0,0.0,0.0,0.0,0.0,0.0,0.0,80.0,0.0,0.0,0.0,0.6,0.6,0.0,0.0,0.0,,,0.0,,0.0,1.0,0.5,0.0,0.0,0.5,0.0,0.0
4,福爾摩沙夢想家,83|103|107|13906,吳家駿/忻沃克/霍爾曼/班提爾,2,10,11.0,138.0,2.3,02:18,69.0,1.15,01:09,0.0,0.0,0.0,0.0,7.0,3.5,63.64,109.57,3.0,1.5,27.27,46.96,0.0,0.0,0.0,0.0,1.0,0.5,9.09,15.65,0.0,0.0,0.0,0.0,2.0,1.0,18.18,31.3,0.0,0.0,0.0,0.0,0.0,0.0,0.0,0.0,0.0,0.0,0.0,0.0,0.0,0.0,0.0,0.0,3.0,1.5,27.27,46.96,0.0,0.0,0.0,0.0,1.0,0.5,9.09,15.65,2.0,1.0,18.18,31.3,0.0,0.0,0.0,0.0,0.0,0.0,0.0,0.0,0.0,0.0,0.0,0.0,1.0,0.5,9.09,15.65,0.0,0.0,0.0,0.0,0.0,63.64,-63.64,114.78,-7.0,-3.5,-63.64,2.3,1.15,0.0,0.0,0.0,0.0,,0.4,,0.0,1.0,0.75,0.0,0.0,0.09,0.0,0.0
4,臺北台新戰神,1|3|10|11,丁聖儒/陳文宏/雷蒙恩/蘇奕晉,1,4,4.0,96.0,1.6,01:36,96.0,1.6,01:36,3.0,3.0,75.0,67.5,3.0,3.0,75.0,67.5,2.0,2.0,50.0,45.0,1.0,1.0,25.0,22.5,0.0,0.0,0.0,0.0,0.0,0.0,0.0,0.0,2.0,2.0,50.0,45.0,1.0,1.0,25.0,22.5,0.0,0.0,0.0,0.0,0.0,0.0,0.0,0.0,0.0,0.0,0.0,0.0,1.0,1.0,25.0,22.5,0.0,0.0,0.0,0.0,1.0,1.0,25.0,22.5,0.0,0.0,0.0,0.0,1.0,1.0,25.0,22.5,0.0,0.0,0.0,0.0,0.0,0.0,0.0,0.0,1.0,1.0,25.0,22.5,0.0,0.0,0.0,0.0,75.0,75.0,0.0,60.0,0.0,0.0,0.0,1.6,1.6,0.75,0.75,,0.5,,0.0,1.0,0.0,1.0,0.5,0.0,0.0,0.25,0.0,0.0
4,臺北台新戰神,3|10|11|13907,陳文宏/雷蒙恩/蘇奕晉/梅克,1,4,4.0,96.0,1.6,01:36,96.0,1.6,01:36,3.0,3.0,75.0,67.5,3.0,3.0,75.0,67.5,2.0,2.0,50.0,45.0,1.0,1.0,25.0,22.5,0.0,0.0,0.0,0.0,0.0,0.0,0.0,0.0,2.0,2.0,50.0,45.0,1.0,1.0,25.0,22.5,0.0,0.0,0.0,0.0,0.0,0.0,0.0,0.0,0.0,0.0,0.0,0.0,1.0,1.0,25.0,22.5,0.0,0.0,0.0,0.0,1.0,1.0,25.0,22.5,0.0,0.0,0.0,0.0,1.0,1.0,25.0,22.5,0.0,0.0,0.0,0.0,0.0,0.0,0.0,0.0,1.0,1.0,25.0,22.5,0.0,0.0,0.0,0.0,75.0,75.0,0.0,60.0,0.0,0.0,0.0,1.6,1.6,0.75,0.75,,0.5,,0.0,1.0,0.0,1.0,0.5,0.0,0.0,0.25,0.0,0.0
4,臺北台新戰神,1|3|10|10864,丁聖儒/陳文宏/雷蒙恩/劉彥廷,2,17,21.0,212.45,3.54,03:32,106.23,1.77,01:46,11.0,5.5,52.38,111.84,8.0,4.0,38.1,81.34,4.0,2.0,19.05,40.67,3.0,1.5,14.29,30.5,2.0,1.0,9.52,20.33,2.0,1.0,9.52,20.33,2.0,1.0,9.52,20.33,1.0,0.5,4.76,10.17,6.0,3.0,28.57,61.0,4.0,2.0,19.05,40.67,0.0,0.0,0.0,0.0,3.0,1.5,14.29,30.5,4.0,2.0,19.05,40.67,2.0,1.0,9.52,20.33,1.0,0.5,4.76,10.17,0.0,0.0,0.0,0.0,1.0,0.5,4.76,10.17,0.0,0.0,0.0,0.0,3.0,1.5,14.29,30.5,2.0,1.0,9.52,20.33,52.38,38.1,14.29,142.34,3.0,1.5,14.29,3.54,1.77,0.88,0.83,1.0,0.5,0.67,0.13,0.0,0.0,0.43,0.33,4.76,0.0,0.14,9.52,1.5
4,臺北台新戰神,3|10|10864|13907,陳文宏/雷蒙恩/劉彥廷/梅克,1,5,6.0,48.28,0.8,00:48,48.28,0.8,00:48,4.0,4.0,66.67,178.96,0.0,0.0,0.0,0.0,1.0,1.0,16.67,44.74,1.0,1.0,16.67,44.74,1.0,1.0,16.67,44.74,1.0,1.0,16.67,44.74,0.0,0.0,0.0,0.0,0.0,0.0,0.0,0.0,2.0,2.0,33.33,89.48,2.0,2.0,33.33,89.48,0.0,0.0,0.0,0.0,0.0,0.0,0.0,0.0,0.0,0.0,0.0,0.0,1.0,1.0,16.67,44.74,0.0,0.0,0.0,0.0,0.0,0.0,0.0,0.0,0.0,0.0,0.0,0.0,0.0,0.0,0.0,0.0,0.0,0.0,0.0,0.0,0.0,0.0,0.0,0.0,66.67,0.0,66.67,178.96,4.0,4.0,66.67,0.8,0.8,1.0,1.06,1.0,,1.0,0.0,0.0,0.0,,0.0,0.0,0.0,0.0,0.0,2.0
4,臺北台新戰神,1|3|10|13,丁聖儒/陳文宏/雷蒙恩/陳冠全,1,7,7.0,144.22,2.4,02:24,144.22,2.4,02:24,0.0,0.0,0.0,0.0,2.0,2.0,28.57,29.95,3.0,3.0,42.86,44.93,0.0,0.0,0.0,0.0,0.0,0.0,0.0,0.0,0.0,0.0,0.0,0.0,3.0,3.0,42.86,44.93,0.0,0.0,0.0,0.0,0.0,0.0,0.0,0.0,0.0,0.0,0.0,0.0,0.0,0.0,0.0,0.0,3.0,3.0,42.86,44.93,0.0,0.0,0.0,0.0,2.0,2.0,28.57,29.95,1.0,1.0,14.29,14.98,0.0,0.0,0.0,0.0,1.0,1.0,14.29,14.98,0.0,0.0,0.0,0.0,0.0,0.0,0.0,0.0,0.0,0.0,0.0,0.0,0.0,28.57,-28.57,69.89,-2.0,-2.0,-28.57,2.4,2.4,0.0,0.0,,0.0,,0.25,,0.0,1.0,0.6,14.29,0.0,0.0,0.0,0.0
4,臺北台新戰神,3|10|13|13907,陳文宏/雷蒙恩/陳冠全/梅克,2,14,15.0,216.56,3.61,03:37,108.28,1.8,01:48,3.0,1.5,20.0,29.92,6.0,3.0,40.0,59.84,5.0,2.5,33.33,49.87,1.0,0.5,6.67,9.97,1.0,0.5,6.67,9.97,0.0,0.0,0.0,0.0,4.0,2.0,26.67,39.9,1.0,0.5,6.67,9.97,0.0,0.0,0.0,0.0,0.0,0.0,0.0,0.0,0.0,0.0,0.0,0.0,4.0,2.0,26.67,39.9,1.0,0.5,6.67,9.97,3.0,1.5,20.0,29.92,2.0,1.0,13.33,19.95,1.0,0.5,6.67,9.97,2.0,1.0,13.33,19.95,0.0,0.0,0.0,0.0,0.0,0.0,0.0,0.0,0.0,0.0,0.0,0.0,20.0,40.0,-20.0,99.74,-3.0,-1.5,-20.0,3.61,1.8,0.3,0.3,0.0,0.25,,0.29,1.0,0.0,0.8,0.5,13.33,0.0,0.0,0.0,0.0
4,福爾摩沙夢想家,77|79|107|13906,馬建豪/張宗憲/霍爾曼/班提爾,2,39,47.0,556.46,9.27,09:16,278.23,4.64,04:38,20.0,10.0,42.55,77.63,22.0,11.0,46.81,85.4,15.0,7.5,31.91,58.23,6.0,3.0,12.77,23.29,11.0,5.5,23.4,42.7,3.0,1.5,6.38,11.65,4.0,2.0,8.51,15.53,3.0,1.5,6.38,11.65,8.0,4.0,17.02,31.05,5.0,2.5,10.64,19.41,3.0,1.5,6.38,11.65,6.0,3.0,12.77,23.29,0.0,0.0,0.0,0.0,7.0,3.5,14.89,27.17,5.0,2.5,10.64,19.41,4.0,2.0,8.51,15.53,1.0,0.5,2.13,3.88,1.0,0.5,2.13,3.88,7.0,3.5,14.89,27.17,6.0,3.0,12.77,23.29,42.55,46.81,-4.26,121.63,-2.0,-1.0,-4.26,9.27,4.64,0.5,0.54,0.27,0.75,0.62,0.21,0.67,0.3,1.0,0.56,2.13,2.13,0.15,12.77,0.53
4,臺北台新戰神,2|3|5|10863,江均/陳文宏/黃聰翰/魏芃禾,1,2,3.0,24.72,0.41,00:25,24.72,0.41,00:25,0.0,0.0,0.0,0.0,2.0,2.0,66.67,174.75,2.0,2.0,66.67,174.75,0.0,0.0,0.0,0.0,1.0,1.0,33.33,87.38,0.0,0.0,0.0,0.0,1.0,1.0,33.33,87.38,0.0,0.0,0.0,0.0,0.0,0.0,0.0,0.0,0.0,0.0,0.0,0.0,1.0,1.0,33.33,87.38,1.0,1.0,33.33,87.38,0.0,0.0,0.0,0.0,0.0,0.0,0.0,0.0,0.0,0.0,0.0,0.0,0.0,0.0,0.0,0.0,0.0,0.0,0.0,0.0,0.0,0.0,0.0,0.0,0.0,0.0,0.0,0.0,2.0,2.0,66.67,174.75,0.0,66.67,-66.67,174.75,-2.0,-2.0,-66.67,0.41,0.41,0.0,0.0,0.0,0.0,,0.0,,1.0,1.0,1.0,0.0,0.0,0.0,66.67,0.0
4,臺北台新戰神,2|3|5|10864,江均/陳文宏/黃聰翰/劉彥廷,2,5,6.0,78.72,1.31,01:19,39.36,0.66,00:39,0.0,0.0,0.0,0.0,4.0,2.0,66.67,109.75,3.0,1.5,50.0,82.32,0.0,0.0,0.0,0.0,1.0,0.5,16.67,27.44,0.0,0.0,0.0,0.0,2.0,1.0,33.33,54.88,0.0,0.0,0.0,0.0,0.0,0.0,0.0,0.0,0.0,0.0,0.0,0.0,1.0,0.5,16.67,27.44,2.0,1.0,33.33,54.88,0.0,0.0,0.0,0.0,1.0,0.5,16.67,27.44,0.0,0.0,0.0,0.0,0.0,0.0,0.0,0.0,0.0,0.0,0.0,0.0,0.0,0.0,0.0,0.0,0.0,0.0,0.0,0.0,2.0,1.0,33.33,54.88,0.0,66.67,-66.67,109.75,-4.0,-2.0,-66.67,1.31,0.66,0.0,0.0,0.0,0.0,,0.0,,0.5,1.0,0.75,0.0,0.0,0.0,33.33,0.0
4,臺北台新戰神,2|3|10863|10864,江均/陳文宏/魏芃禾/劉彥廷,5,60,78.0,937.19,15.62,15:37,187.44,3.12,03:07,20.0,4.0,25.64,46.1,33.0,6.6,42.31,76.06,26.0,5.2,33.33,59.92,6.0,1.2,7.69,13.83,12.0,2.4,15.38,27.66,2.0,0.4,2.56,4.61,14.0,2.8,17.95,32.27,4.0,0.8,5.13,9.22,9.0,1.8,11.54,20.74,4.0,0.8,5.13,9.22,8.0,1.6,10.26,18.44,13.0,2.6,16.67,29.96,7.0,1.4,8.97,16.13,10.0,2.0,12.82,23.05,10.0,2.0,12.82,23.05,4.0,0.8,5.13,9.22,7.0,1.4,8.97,16.13,3.0,0.6,3.85,6.91,6.0,1.2,7.69,13.83,17.0,3.4,21.79,39.18,25.64,42.31,-16.67,119.85,-13.0,-2.6,-16.67,15.62,3.12,0.31,0.33,0.17,0.29,0.44,0.25,0.67,0.44,0.65,0.55,8.97,3.85,0.08,21.79,0.35
4,臺北台新戰神,3|5|10863|10864,陳文宏/黃聰翰/魏芃禾/劉彥廷,1,2,3.0,24.72,0.41,00:25,24.72,0.41,00:25,0.0,0.0,0.0,0.0,2.0,2.0,66.67,174.75,2.0,2.0,66.67,174.75,0.0,0.0,0.0,0.0,1.0,1.0,33.33,87.38,0.0,0.0,0.0,0.0,1.0,1.0,33.33,87.38,0.0,0.0,0.0,0.0,0.0,0.0,0.0,0.0,0.0,0.0,0.0,0.0,1.0,1.0,33.33,87.38,1.0,1.0,33.33,87.38,0.0,0.0,0.0,0.0,0.0,0.0,0.0,0.0,0.0,0.0,0.0,0.0,0.0,0.0,0.0,0.0,0.0,0.0,0.0,0.0,0.0,0.0,0.0,0.0,0.0,0.0,0.0,0.0,2.0,2.0,66.67,174.75,0.0,66.67,-66.67,174.75,-2.0,-2.0,-66.67,0.41,0.41,0.0,0.0,0.0,0.0,,0.0,,1.0,1.0,1.0,0.0,0.0,0.0,66.67,0.0
4,福爾摩沙夢想家,83|95|97|99,吳家駿/李德威/史承平/盧冠良,1,1,2.0,24.0,0.4,00:24,24.0,0.4,00:24,0.0,0.0,0.0,0.0,0.0,0.0,0.0,0.0,0.0,0.0,0.0,0.0,0.0,0.0,0.0,0.0,0.0,0.0,0.0,0.0,0.0,0.0,0.0,0.0,0.0,0.0,0.0,0.0,0.0,0.0,0.0,0.0,0.0,0.0,0.0,0.0,0.0,0.0,0.0,0.0,0.0,0.0,0.0,0.0,0.0,0.0,0.0,0.0,1.0,1.0,50.0,90.0,1.0,1.0,50.0,90.0,0.0,0.0,0.0,0.0,0.0,0.0,0.0,0.0,0.0,0.0,0.0,0.0,0.0,0.0,0.0,0.0,0.0,0.0,0.0,0.0,0.0,0.0,0.0,0.0,0.0,0.0,0.0,120.0,0.0,0.0,0.0,0.4,0.4,,,,,,,,0.0,0.0,0.0,0.0,0.0,0.0,0.0,
4,福爾摩沙夢想家,83|95|99|101,吳家駿/李德威/盧冠良/周柏臣,1,1,2.0,24.0,0.4,00:24,24.0,0.4,00:24,0.0,0.0,0.0,0.0,0.0,0.0,0.0,0.0,0.0,0.0,0.0,0.0,0.0,0.0,0.0,0.0,0.0,0.0,0.0,0.0,0.0,0.0,0.0,0.0,0.0,0.0,0.0,0.0,0.0,0.0,0.0,0.0,0.0,0.0,0.0,0.0,0.0,0.0,0.0,0.0,0.0,0.0,0.0,0.0,0.0,0.0,0.0,0.0,1.0,1.0,50.0,90.0,1.0,1.0,50.0,90.0,0.0,0.0,0.0,0.0,0.0,0.0,0.0,0.0,0.0,0.0,0.0,0.0,0.0,0.0,0.0,0.0,0.0,0.0,0.0,0.0,0.0,0.0,0.0,0.0,0.0,0.0,0.0,120.0,0.0,0.0,0.0,0.4,0.4,,,,,,,,0.0,0.0,0.0,0.0,0.0,0.0,0.0,
4,福爾摩沙夢想家,83|97|99|101,吳家駿/史承平/盧冠良/周柏臣,1,1,2.0,24.0,0.4,00:24,24.0,0.4,00:24,0.0,0.0,0.0,0.0,0.0,0.0,0.0,0.0,0.0,0.0,0.0,0.0,0.0,0.0,0.0,0.0,0.0,0.0,0.0,0.0,0.0,0.0,0.0,0.0,0.0,0.0,0.0,0.0,0.0,0.0,0.0,0.0,0.0,0.0,0.0,0.0,0.0,0.0,0.0,0.0,0.0,0.0,0.0,0.0,0.0,0.0,0.0,0.0,1.0,1.0,50.0,90.0,1.0,1.0,50.0,90.0,0.0,0.0,0.0,0.0,0.0,0.0,0.0,0.0,0.0,0.0,0.0,0.0,0.0,0.0,0.0,0.0,0.0,0.0,0.0,0.0,0.0,0.0,0.0,0.0,0.0,0.0,0.0,120.0,0.0,0.0,0.0,0.4,0.4,,,,,,,,0.0,0.0,0.0,0.0,0.0,0.0,0.0,
4,福爾摩沙夢想家,95|97|99|101,李德威/史承平/盧冠良/周柏臣,1,1,2.0,24.0,0.4,00:24,24.0,0.4,00:24,0.0,0.0,0.0,0.0,0.0,0.0,0.0,0.0,0.0,0.0,0.0,0.0,0.0,0.0,0.0,0.0,0.0,0.0,0.0,0.0,0.0,0.0,0.0,0.0,0.0,0.0,0.0,0.0,0.0,0.0,0.0,0.0,0.0,0.0,0.0,0.0,0.0,0.0,0.0,0.0,0.0,0.0,0.0,0.0,0.0,0.0,0.0,0.0,1.0,1.0,50.0,90.0,1.0,1.0,50.0,90.0,0.0,0.0,0.0,0.0,0.0,0.0,0.0,0.0,0.0,0.0,0.0,0.0,0.0,0.0,0.0,0.0,0.0,0.0,0.0,0.0,0.0,0.0,0.0,0.0,0.0,0.0,0.0,120.0,0.0,0.0,0.0,0.4,0.4,,,,,,,,0.0,0.0,0.0,0.0,0.0,0.0,0.0,
4,臺北台新戰神,1|10|11|13,丁聖儒/雷蒙恩/蘇奕晉/陳冠全,1,39,43.0,601.43,10.02,10:01,601.43,10.02,10:01,23.0,23.0,53.49,82.6,26.0,26.0,60.47,93.38,15.0,15.0,34.88,53.87,7.0,7.0,16.28,25.14,8.0,8.0,18.6,28.73,5.0,5.0,11.63,17.96,7.0,7.0,16.28,25.14,2.0,2.0,4.65,7.18,11.0,11.0,25.58,39.51,7.0,7.0,16.28,25.14,1.0,1.0,2.33,3.59,7.0,7.0,16.28,25.14,2.0,2.0,4.65,7.18,3.0,3.0,6.98,10.77,1.0,1.0,2.33,3.59,4.0,4.0,9.3,14.37,0.0,0.0,0.0,0.0,0.0,0.0,0.0,0.0,6.0,6.0,13.95,21.55,1.0,1.0,2.33,3.59,53.49,60.47,-6.98,102.95,-3.0,-3.0,-6.98,10.02,10.02,0.53,0.58,0.62,0.29,0.64,0.05,0.57,0.25,0.78,0.62,0.0,0.0,0.14,2.33,0.73
4,臺北台新戰神,1|11|13|14,丁聖儒/蘇奕晉/陳冠全/錢肯尼,2,32,35.0,548.42,9.14,09:08,274.21,4.57,04:34,16.0,8.0,45.71,63.02,25.0,12.5,71.43,98.46,13.0,6.5,37.14,51.2,6.0,3.0,17.14,23.63,8.0,4.0,22.86,31.51,4.0,2.0,11.43,15.75,5.0,2.5,14.29,19.69,2.0,1.0,5.71,7.88,6.0,3.0,17.14,23.63,2.0,1.0,5.71,7.88,1.0,0.5,2.86,3.94,6.0,3.0,17.14,23.63,1.0,0.5,2.86,3.94,4.0,2.0,11.43,15.75,1.0,0.5,2.86,3.94,3.0,1.5,8.57,11.82,0.0,0.0,0.0,0.0,0.0,0.0,0.0,0.0,6.0,3.0,17.14,23.63,1.0,0.5,2.86,3.94,45.71,71.43,-25.71,91.9,-9.0,-4.5,-25.71,9.14,4.57,0.54,0.51,0.5,0.4,0.33,0.06,0.5,0.2,0.86,0.58,0.0,0.0,0.17,2.86,0.46
4,臺北台新戰神,10|11|13|14,雷蒙恩/蘇奕晉/陳冠全/錢肯尼,1,28,31.0,473.42,7.89,07:53,473.42,7.89,07:53,13.0,13.0,41.94,59.31,23.0,23.0,74.19,104.94,11.0,11.0,35.48,50.19,5.0,5.0,16.13,22.81,7.0,7.0,22.58,31.94,4.0,4.0,12.9,18.25,4.0,4.0,12.9,18.25,1.0,1.0,3.23,4.56,6.0,6.0,19.35,27.38,2.0,2.0,6.45,9.13,1.0,1.0,3.23,4.56,5.0,5.0,16.13,22.81,1.0,1.0,3.23,4.56,3.0,3.0,9.68,13.69,1.0,1.0,3.23,4.56,2.0,2.0,6.45,9.13,0.0,0.0,0.0,0.0,0.0,0.0,0.0,0.0,5.0,5.0,16.13,22.81,1.0,1.0,3.23,4.56,41.94,74.19,-32.26,94.29,-10.0,-10.0,-32.26,7.89,7.89,0.5,0.48,0.57,0.25,0.33,0.07,0.4,0.25,0.83,0.6,0.0,0.0,0.16,3.23,0.55
4,高雄全家海神,51|119|122|13399,克力斯/余純安/陳懷安/賽克維奇,2,28,35.0,507.08,8.45,08:27,253.54,4.23,04:14,18.0,9.0,51.43,76.67,18.0,9.0,51.43,76.67,15.0,7.5,42.86,63.89,7.0,3.5,20.0,29.82,7.0,3.5,20.0,29.82,5.0,2.5,14.29,21.3,8.0,4.0,22.86,34.08,2.0,1.0,5.71,8.52,2.0,1.0,5.71,8.52,2.0,1.0,5.71,8.52,3.0,1.5,8.57,12.78,3.0,1.5,8.57,12.78,1.0,0.5,2.86,4.26,3.0,1.5,8.57,12.78,4.0,2.0,11.43,17.04,4.0,2.0,11.43,17.04,3.0,1.5,8.57,12.78,1.0,0.5,2.86,4.26,4.0,2.0,11.43,17.04,4.0,2.0,11.43,17.04,51.43,51.43,0.0,99.39,0.0,0.0,0.0,8.45,4.23,0.53,0.57,0.71,0.25,1.0,0.2,0.57,0.5,0.75,0.6,8.57,2.86,0.11,11.43,0.13
4,高雄全家海神,119|121|122|13399,余純安/吳曉謹/陳懷安/賽克維奇,2,28,35.0,507.08,8.45,08:27,253.54,4.23,04:14,18.0,9.0,51.43,76.67,18.0,9.0,51.43,76.67,15.0,7.5,42.86,63.89,7.0,3.5,20.0,29.82,7.0,3.5,20.0,29.82,5.0,2.5,14.29,21.3,8.0,4.0,22.86,34.08,2.0,1.0,5.71,8.52,2.0,1.0,5.71,8.52,2.0,1.0,5.71,8.52,3.0,1.5,8.57,12.78,3.0,1.5,8.57,12.78,1.0,0.5,2.86,4.26,3.0,1.5,8.57,12.78,4.0,2.0,11.43,17.04,4.0,2.0,11.43,17.04,3.0,1.5,8.57,12.78,1.0,0.5,2.86,4.26,4.0,2.0,11.43,17.04,4.0,2.0,11.43,17.04,51.43,51.43,0.0,99.39,0.0,0.0,0.0,8.45,4.23,0.53,0.57,0.71,0.25,1.0,0.2,0.57,0.5,0.75,0.6,8.57,2.86,0.11,11.43,0.13
4,臺北台新戰神,1|10|11|10864,丁聖儒/雷蒙恩/蘇奕晉/劉彥廷,1,17,23.0,275.55,4.59,04:36,275.55,4.59,04:36,8.0,8.0,34.78,62.71,5.0,5.0,21.74,39.19,5.0,5.0,21.74,39.19,2.0,2.0,8.7,15.68,3.0,3.0,13.04,23.52,2.0,2.0,8.7,15.68,2.0,2.0,8.7,15.68,0.0,0.0,0.0,0.0,4.0,4.0,17.39,31.36,4.0,4.0,17.39,31.36,1.0,1.0,4.35,7.84,2.0,2.0,8.7,15.68,2.0,2.0,8.7,15.68,4.0,4.0,17.39,31.36,3.0,3.0,13.04,23.52,3.0,3.0,13.04,23.52,1.0,1.0,4.35,7.84,0.0,0.0,0.0,0.0,3.0,3.0,13.04,23.52,1.0,1.0,4.35,7.84,34.78,21.74,13.04,120.2,3.0,3.0,13.04,4.59,4.59,0.4,0.59,0.67,0.0,1.0,0.31,1.5,0.2,0.5,0.33,4.35,0.0,0.13,4.35,0.8
4,臺北台新戰神,1|10|14|10864,丁聖儒/雷蒙恩/錢肯尼/劉彥廷,2,23,26.0,343.47,5.72,05:43,171.73,2.86,02:52,13.0,6.5,50.0,81.75,12.0,6.0,46.15,75.47,11.0,5.5,42.31,69.18,6.0,3.0,23.08,37.73,7.0,3.5,26.92,44.02,5.0,2.5,19.23,31.44,4.0,2.0,15.38,25.16,1.0,0.5,3.85,6.29,3.0,1.5,11.54,18.87,0.0,0.0,0.0,0.0,0.0,0.0,0.0,0.0,7.0,3.5,26.92,44.02,2.0,1.0,7.69,12.58,5.0,2.5,19.23,31.44,0.0,0.0,0.0,0.0,1.0,0.5,3.85,6.29,0.0,0.0,0.0,0.0,0.0,0.0,0.0,0.0,3.0,1.5,11.54,18.87,1.0,0.5,3.85,6.29,50.0,46.15,3.85,109.01,1.0,0.5,3.85,5.72,2.86,0.59,0.53,0.71,0.25,0.0,0.0,0.17,0.0,0.78,0.5,0.0,0.0,0.12,3.85,0.27
4,臺北台新戰神,1|11|14|10864,丁聖儒/蘇奕晉/錢肯尼/劉彥廷,1,7,8.0,121.74,2.03,02:02,121.74,2.03,02:02,2.0,2.0,25.0,35.49,5.0,5.0,62.5,88.71,3.0,3.0,37.5,53.23,1.0,1.0,12.5,17.74,2.0,2.0,25.0,35.49,1.0,1.0,12.5,17.74,1.0,1.0,12.5,17.74,0.0,0.0,0.0,0.0,0.0,0.0,0.0,0.0,0.0,0.0,0.0,0.0,0.0,0.0,0.0,0.0,2.0,2.0,25.0,35.49,1.0,1.0,12.5,17.74,1.0,1.0,12.5,17.74,0.0,0.0,0.0,0.0,1.0,1.0,12.5,17.74,0.0,0.0,0.0,0.0,0.0,0.0,0.0,0.0,1.0,1.0,12.5,17.74,1.0,1.0,12.5,17.74,25.0,62.5,-37.5,94.63,-3.0,-3.0,-37.5,2.03,2.03,0.33,0.33,0.5,0.0,,0.0,1.0,0.0,0.67,0.5,0.0,0.0,0.12,12.5,0.0
4,臺北台新戰神,10|11|14|10864,雷蒙恩/蘇奕晉/錢肯尼/劉彥廷,1,7,8.0,121.74,2.03,02:02,121.74,2.03,02:02,2.0,2.0,25.0,35.49,5.0,5.0,62.5,88.71,3.0,3.0,37.5,53.23,1.0,1.0,12.5,17.74,2.0,2.0,25.0,35.49,1.0,1.0,12.5,17.74,1.0,1.0,12.5,17.74,0.0,0.0,0.0,0.0,0.0,0.0,0.0,0.0,0.0,0.0,0.0,0.0,0.0,0.0,0.0,0.0,2.0,2.0,25.0,35.49,1.0,1.0,12.5,17.74,1.0,1.0,12.5,17.74,0.0,0.0,0.0,0.0,1.0,1.0,12.5,17.74,0.0,0.0,0.0,0.0,0.0,0.0,0.0,0.0,1.0,1.0,12.5,17.74,1.0,1.0,12.5,17.74,25.0,62.5,-37.5,94.63,-3.0,-3.0,-37.5,2.03,2.03,0.33,0.33,0.5,0.0,,0.0,1.0,0.0,0.67,0.5,0.0,0.0,0.12,12.5,0.0
4,高雄全家海神,51|121|10891|13399,克力斯/吳曉謹/廖偉皓/賽克維奇,1,6,7.0,95.0,1.58,01:35,95.0,1.58,01:35,4.0,4.0,57.14,90.95,4.0,4.0,57.14,90.95,4.0,4.0,57.14,90.95,2.0,2.0,28.57,45.48,3.0,3.0,42.86,68.21,2.0,2.0,28.57,45.48,1.0,1.0,14.29,22.74,0.0,0.0,0.0,0.0,0.0,0.0,0.0,0.0,0.0,0.0,0.0,0.0,1.0,1.0,14.29,22.74,1.0,1.0,14.29,22.74,0.0,0.0,0.0,0.0,1.0,1.0,14.29,22.74,0.0,0.0,0.0,0.0,0.0,0.0,0.0,0.0,0.0,0.0,0.0,0.0,0.0,0.0,0.0,0.0,0.0,0.0,0.0,0.0,0.0,0.0,0.0,0.0,57.14,57.14,0.0,106.11,0.0,0.0,0.0,1.58,1.58,0.5,0.5,0.67,0.0,,0.0,0.0,0.5,1.0,0.67,0.0,0.0,0.0,0.0,0.0
4,高雄全家海神,51|122|10891|13399,克力斯/陳懷安/廖偉皓/賽克維奇,1,35,41.0,513.98,8.57,08:34,513.98,8.57,08:34,15.0,15.0,36.59,63.04,17.0,17.0,41.46,71.44,15.0,15.0,36.59,63.04,6.0,6.0,14.63,25.21,9.0,9.0,21.95,37.82,4.0,4.0,9.76,16.81,6.0,6.0,14.63,25.21,2.0,2.0,4.88,8.4,1.0,1.0,2.44,4.2,1.0,1.0,2.44,4.2,3.0,3.0,7.32,12.61,6.0,6.0,14.63,25.21,1.0,1.0,2.44,4.2,5.0,5.0,12.2,21.01,4.0,4.0,9.76,16.81,3.0,3.0,7.32,12.61,3.0,3.0,7.32,12.61,0.0,0.0,0.0,0.0,2.0,2.0,4.88,8.4,7.0,7.0,17.07,29.42,36.59,41.46,-4.88,114.87,-2.0,-2.0,-4.88,8.57,8.57,0.47,0.49,0.44,0.33,1.0,0.21,0.5,0.38,0.86,0.6,7.32,0.0,0.05,17.07,0.07
4,高雄全家海神,121|122|10891|13399,吳曉謹/陳懷安/廖偉皓/賽克維奇,1,6,7.0,95.0,1.58,01:35,95.0,1.58,01:35,4.0,4.0,57.14,90.95,4.0,4.0,57.14,90.95,4.0,4.0,57.14,90.95,2.0,2.0,28.57,45.48,3.0,3.0,42.86,68.21,2.0,2.0,28.57,45.48,1.0,1.0,14.29,22.74,0.0,0.0,0.0,0.0,0.0,0.0,0.0,0.0,0.0,0.0,0.0,0.0,1.0,1.0,14.29,22.74,1.0,1.0,14.29,22.74,0.0,0.0,0.0,0.0,1.0,1.0,14.29,22.74,0.0,0.0,0.0,0.0,0.0,0.0,0.0,0.0,0.0,0.0,0.0,0.0,0.0,0.0,0.0,0.0,0.0,0.0,0.0,0.0,0.0,0.0,0.0,0.0,57.14,57.14,0.0,106.11,0.0,0.0,0.0,1.58,1.58,0.5,0.5,0.67,0.0,,0.0,0.0,0.5,1.0,0.67,0.0,0.0,0.0,0.0,0.0
4,臺北台新戰神,1|3|10|14,丁聖儒/陳文宏/雷蒙恩/錢肯尼,1,6,7.0,93.1,1.55,01:33,93.1,1.55,01:33,5.0,5.0,71.43,116.01,5.0,5.0,71.43,116.01,3.0,3.0,42.86,69.61,2.0,2.0,28.57,46.4,1.0,1.0,14.29,23.2,1.0,1.0,14.29,23.2,2.0,2.0,28.57,46.4,1.0,1.0,14.29,23.2,1.0,1.0,14.29,23.2,0.0,0.0,0.0,0.0,0.0,0.0,0.0,0.0,2.0,2.0,28.57,46.4,1.0,1.0,14.29,23.2,0.0,0.0,0.0,0.0,0.0,0.0,0.0,0.0,0.0,0.0,0.0,0.0,0.0,0.0,0.0,0.0,0.0,0.0,0.0,0.0,1.0,1.0,14.29,23.2,0.0,0.0,0.0,0.0,71.43,71.43,0.0,108.28,0.0,0.0,0.0,1.55,1.55,0.83,0.73,1.0,0.5,0.0,0.0,0.0,,0.67,0.67,0.0,0.0,0.14,0.0,0.33
4,臺北台新戰神,1|3|14|10864,丁聖儒/陳文宏/錢肯尼/劉彥廷,2,10,12.0,144.1,2.4,02:24,72.05,1.2,01:12,5.0,2.5,41.67,74.95,9.0,4.5,75.0,134.91,5.0,2.5,41.67,74.95,2.0,1.0,16.67,29.98,3.0,1.5,25.0,44.97,1.0,0.5,8.33,14.99,2.0,1.0,16.67,29.98,1.0,0.5,8.33,14.99,1.0,0.5,8.33,14.99,0.0,0.0,0.0,0.0,0.0,0.0,0.0,0.0,4.0,2.0,33.33,59.96,2.0,1.0,16.67,29.98,0.0,0.0,0.0,0.0,0.0,0.0,0.0,0.0,0.0,0.0,0.0,0.0,0.0,0.0,0.0,0.0,0.0,0.0,0.0,0.0,1.0,0.5,8.33,14.99,0.0,0.0,0.0,0.0,41.67,75.0,-33.33,119.92,-4.0,-2.0,-33.33,2.4,1.2,0.5,0.46,0.33,0.5,0.0,0.0,0.0,,0.67,0.67,0.0,0.0,0.08,0.0,0.2
4,臺北台新戰神,3|10|14|10864,陳文宏/雷蒙恩/錢肯尼/劉彥廷,1,6,7.0,93.1,1.55,01:33,93.1,1.55,01:33,5.0,5.0,71.43,116.01,5.0,5.0,71.43,116.01,3.0,3.0,42.86,69.61,2.0,2.0,28.57,46.4,1.0,1.0,14.29,23.2,1.0,1.0,14.29,23.2,2.0,2.0,28.57,46.4,1.0,1.0,14.29,23.2,1.0,1.0,14.29,23.2,0.0,0.0,0.0,0.0,0.0,0.0,0.0,0.0,2.0,2.0,28.57,46.4,1.0,1.0,14.29,23.2,0.0,0.0,0.0,0.0,0.0,0.0,0.0,0.0,0.0,0.0,0.0,0.0,0.0,0.0,0.0,0.0,0.0,0.0,0.0,0.0,1.0,1.0,14.29,23.2,0.0,0.0,0.0,0.0,71.43,71.43,0.0,108.28,0.0,0.0,0.0,1.55,1.55,0.83,0.73,1.0,0.5,0.0,0.0,0.0,,0.67,0.67,0.0,0.0,0.14,0.0,0.33
4,臺北台新戰神,3|5|10|10864,陳文宏/黃聰翰/雷蒙恩/劉彥廷,2,8,10.0,101.08,1.68,01:41,50.54,0.84,00:51,2.0,1.0,20.0,42.74,3.0,1.5,30.0,64.11,1.0,0.5,10.0,21.37,0.0,0.0,0.0,0.0,1.0,0.5,10.0,21.37,0.0,0.0,0.0,0.0,0.0,0.0,0.0,0.0,0.0,0.0,0.0,0.0,3.0,1.5,30.0,64.11,2.0,1.0,20.0,42.74,0.0,0.0,0.0,0.0,2.0,1.0,20.0,42.74,3.0,1.5,30.0,64.11,2.0,1.0,20.0,42.74,2.0,1.0,20.0,42.74,0.0,0.0,0.0,0.0,1.0,0.5,10.0,21.37,0.0,0.0,0.0,0.0,2.0,1.0,20.0,42.74,2.0,1.0,20.0,42.74,20.0,30.0,-10.0,142.46,-1.0,-0.5,-10.0,1.68,0.84,0.0,0.43,0.0,,0.67,0.46,,0.0,0.4,0.29,10.0,0.0,0.2,20.0,3.0
4,高雄全家海神,45|108|110|10891,施晉堯/魏莨哲/胡瓏貿/廖偉皓,1,17,23.0,275.14,4.59,04:35,275.14,4.59,04:35,12.0,12.0,52.17,94.21,7.0,7.0,30.43,54.95,9.0,9.0,39.13,70.65,2.0,2.0,8.7,15.7,3.0,3.0,13.04,23.55,1.0,1.0,4.35,7.85,6.0,6.0,26.09,47.1,1.0,1.0,4.35,7.85,8.0,8.0,34.78,62.8,7.0,7.0,30.43,54.95,7.0,7.0,30.43,54.95,1.0,1.0,4.35,7.85,0.0,0.0,0.0,0.0,5.0,5.0,21.74,39.25,2.0,2.0,8.7,15.7,2.0,2.0,8.7,15.7,1.0,1.0,4.35,7.85,0.0,0.0,0.0,0.0,3.0,3.0,13.04,23.55,5.0,5.0,21.74,39.25,52.17,30.43,21.74,120.37,5.0,5.0,21.74,4.59,4.59,0.28,0.48,0.33,0.17,0.88,0.14,1.0,0.58,1.0,0.62,4.35,0.0,0.13,21.74,0.89
4,高雄全家海神,45|108|110|14037,施晉堯/魏莨哲/胡瓏貿/奧迪傑,1,10,14.0,153.57,2.56,02:34,153.57,2.56,02:34,5.0,5.0,35.71,70.33,5.0,5.0,35.71,70.33,5.0,5.0,35.71,70.33,1.0,1.0,7.14,14.07,3.0,3.0,21.43,42.2,1.0,1.0,7.14,14.07,2.0,2.0,14.29,28.13,0.0,0.0,0.0,0.0,4.0,4.0,28.57,56.26,3.0,3.0,21.43,42.2,4.0,4.0,28.57,56.26,1.0,1.0,7.14,14.07,0.0,0.0,0.0,0.0,2.0,2.0,14.29,28.13,1.0,1.0,7.14,14.07,1.0,1.0,7.14,14.07,1.0,1.0,7.14,14.07,0.0,0.0,0.0,0.0,1.0,1.0,7.14,14.07,3.0,3.0,21.43,42.2,35.71,35.71,0.0,131.28,0.0,0.0,0.0,2.56,2.56,0.2,0.37,0.33,0.0,0.75,0.13,1.0,0.67,1.0,0.71,7.14,0.0,0.07,21.43,0.8
4,高雄全家海神,45|108|10891|14037,施晉堯/魏莨哲/廖偉皓/奧迪傑,1,15,22.0,241.46,4.02,04:01,241.46,4.02,04:01,7.0,7.0,31.82,62.62,10.0,10.0,45.45,89.46,6.0,6.0,27.27,53.67,2.0,2.0,9.09,17.89,4.0,4.0,18.18,35.78,2.0,2.0,9.09,17.89,2.0,2.0,9.09,17.89,0.0,0.0,0.0,0.0,4.0,4.0,18.18,35.78,3.0,3.0,13.64,26.84,4.0,4.0,18.18,35.78,1.0,1.0,4.55,8.95,2.0,2.0,9.09,17.89,2.0,2.0,9.09,17.89,2.0,2.0,9.09,17.89,2.0,2.0,9.09,17.89,1.0,1.0,4.55,8.95,0.0,0.0,0.0,0.0,2.0,2.0,9.09,17.89,5.0,5.0,22.73,44.73,31.82,45.45,-13.64,131.2,-3.0,-3.0,-13.64,4.02,4.02,0.33,0.45,0.5,0.0,0.75,0.2,1.0,0.67,0.33,0.56,4.55,0.0,0.09,22.73,0.67
4,高雄全家海神,45|110|10891|14037,施晉堯/胡瓏貿/廖偉皓/奧迪傑,1,10,14.0,153.57,2.56,02:34,153.57,2.56,02:34,5.0,5.0,35.71,70.33,5.0,5.0,35.71,70.33,5.0,5.0,35.71,70.33,1.0,1.0,7.14,14.07,3.0,3.0,21.43,42.2,1.0,1.0,7.14,14.07,2.0,2.0,14.29,28.13,0.0,0.0,0.0,0.0,4.0,4.0,28.57,56.26,3.0,3.0,21.43,42.2,4.0,4.0,28.57,56.26,1.0,1.0,7.14,14.07,0.0,0.0,0.0,0.0,2.0,2.0,14.29,28.13,1.0,1.0,7.14,14.07,1.0,1.0,7.14,14.07,1.0,1.0,7.14,14.07,0.0,0.0,0.0,0.0,1.0,1.0,7.14,14.07,3.0,3.0,21.43,42.2,35.71,35.71,0.0,131.28,0.0,0.0,0.0,2.56,2.56,0.2,0.37,0.33,0.0,0.75,0.13,1.0,0.67,1.0,0.71,7.14,0.0,0.07,21.43,0.8
4,臺北台新戰神,2|3|11|10863,江均/陳文宏/蘇奕晉/魏芃禾,1,4,6.0,85.54,1.43,01:26,85.54,1.43,01:26,3.0,3.0,50.0,75.76,2.0,2.0,33.33,50.5,2.0,2.0,33.33,50.5,1.0,1.0,16.67,25.25,0.0,0.0,0.0,0.0,0.0,0.0,0.0,0.0,2.0,2.0,33.33,50.5,1.0,1.0,16.67,25.25,0.0,0.0,0.0,0.0,0.0,0.0,0.0,0.0,0.0,0.0,0.0,0.0,1.0,1.0,16.67,25.25,1.0,1.0,16.67,25.25,0.0,0.0,0.0,0.0,0.0,0.0,0.0,0.0,1.0,1.0,16.67,25.25,0.0,0.0,0.0,0.0,0.0,0.0,0.0,0.0,0.0,0.0,0.0,0.0,2.0,2.0,33.33,50.5,50.0,33.33,16.67,101.01,1.0,1.0,16.67,1.43,1.43,0.75,0.75,,0.5,,0.0,1.0,,0.5,0.5,0.0,0.0,0.0,33.33,0.0
4,臺北台新戰神,2|3|11|10864,江均/陳文宏/蘇奕晉/劉彥廷,1,4,6.0,85.54,1.43,01:26,85.54,1.43,01:26,3.0,3.0,50.0,75.76,2.0,2.0,33.33,50.5,2.0,2.0,33.33,50.5,1.0,1.0,16.67,25.25,0.0,0.0,0.0,0.0,0.0,0.0,0.0,0.0,2.0,2.0,33.33,50.5,1.0,1.0,16.67,25.25,0.0,0.0,0.0,0.0,0.0,0.0,0.0,0.0,0.0,0.0,0.0,0.0,1.0,1.0,16.67,25.25,1.0,1.0,16.67,25.25,0.0,0.0,0.0,0.0,0.0,0.0,0.0,0.0,1.0,1.0,16.67,25.25,0.0,0.0,0.0,0.0,0.0,0.0,0.0,0.0,0.0,0.0,0.0,0.0,2.0,2.0,33.33,50.5,50.0,33.33,16.67,101.01,1.0,1.0,16.67,1.43,1.43,0.75,0.75,,0.5,,0.0,1.0,,0.5,0.5,0.0,0.0,0.0,33.33,0.0
4,臺北台新戰神,2|11|10863|10864,江均/蘇奕晉/魏芃禾/劉彥廷,2,15,20.0,265.68,4.43,04:26,132.84,2.21,02:13,8.0,4.0,40.0,65.04,7.0,3.5,35.0,56.91,8.0,4.0,40.0,65.04,3.0,1.5,15.0,24.39,2.0,1.0,10.0,16.26,1.0,0.5,5.0,8.13,6.0,3.0,30.0,48.78,2.0,1.0,10.0,16.26,0.0,0.0,0.0,0.0,0.0,0.0,0.0,0.0,1.0,0.5,5.0,8.13,4.0,2.0,20.0,32.52,3.0,1.5,15.0,24.39,2.0,1.0,10.0,16.26,0.0,0.0,0.0,0.0,2.0,1.0,10.0,16.26,0.0,0.0,0.0,0.0,0.0,0.0,0.0,0.0,0.0,0.0,0.0,0.0,4.0,2.0,20.0,32.52,40.0,35.0,5.0,108.4,1.0,0.5,5.0,4.43,2.21,0.5,0.5,0.5,0.33,,0.0,0.67,0.33,0.57,0.5,0.0,0.0,0.0,20.0,0.0
4,臺北台新戰神,3|11|10863|10864,陳文宏/蘇奕晉/魏芃禾/劉彥廷,1,4,6.0,85.54,1.43,01:26,85.54,1.43,01:26,3.0,3.0,50.0,75.76,2.0,2.0,33.33,50.5,2.0,2.0,33.33,50.5,1.0,1.0,16.67,25.25,0.0,0.0,0.0,0.0,0.0,0.0,0.0,0.0,2.0,2.0,33.33,50.5,1.0,1.0,16.67,25.25,0.0,0.0,0.0,0.0,0.0,0.0,0.0,0.0,0.0,0.0,0.0,0.0,1.0,1.0,16.67,25.25,1.0,1.0,16.67,25.25,0.0,0.0,0.0,0.0,0.0,0.0,0.0,0.0,1.0,1.0,16.67,25.25,0.0,0.0,0.0,0.0,0.0,0.0,0.0,0.0,0.0,0.0,0.0,0.0,2.0,2.0,33.33,50.5,50.0,33.33,16.67,101.01,1.0,1.0,16.67,1.43,1.43,0.75,0.75,,0.5,,0.0,1.0,,0.5,0.5,0.0,0.0,0.0,33.33,0.0
4,臺北台新戰神,3|4|5|11,陳文宏/張兆辰/黃聰翰/蘇奕晉,1,11,13.0,194.53,3.24,03:15,194.53,3.24,03:15,5.0,5.0,38.46,55.52,13.0,13.0,100.0,144.35,3.0,3.0,23.08,33.31,1.0,1.0,7.69,11.1,0.0,0.0,0.0,0.0,0.0,0.0,0.0,0.0,3.0,3.0,23.08,33.31,1.0,1.0,7.69,11.1,2.0,2.0,15.38,22.21,2.0,2.0,15.38,22.21,0.0,0.0,0.0,0.0,3.0,3.0,23.08,33.31,3.0,3.0,23.08,33.31,0.0,0.0,0.0,0.0,1.0,1.0,7.69,11.1,1.0,1.0,7.69,11.1,1.0,1.0,7.69,11.1,0.0,0.0,0.0,0.0,1.0,1.0,7.69,11.1,4.0,4.0,30.77,44.42,38.46,100.0,-61.54,96.23,-8.0,-8.0,-61.54,3.24,3.24,0.5,0.64,,0.33,1.0,0.2,1.0,,0.5,0.5,7.69,0.0,0.08,30.77,0.67
4,臺北台新戰神,3|4|11|10863,陳文宏/張兆辰/蘇奕晉/魏芃禾,1,11,13.0,194.53,3.24,03:15,194.53,3.24,03:15,5.0,5.0,38.46,55.52,13.0,13.0,100.0,144.35,3.0,3.0,23.08,33.31,1.0,1.0,7.69,11.1,0.0,0.0,0.0,0.0,0.0,0.0,0.0,0.0,3.0,3.0,23.08,33.31,1.0,1.0,7.69,11.1,2.0,2.0,15.38,22.21,2.0,2.0,15.38,22.21,0.0,0.0,0.0,0.0,3.0,3.0,23.08,33.31,3.0,3.0,23.08,33.31,0.0,0.0,0.0,0.0,1.0,1.0,7.69,11.1,1.0,1.0,7.69,11.1,1.0,1.0,7.69,11.1,0.0,0.0,0.0,0.0,1.0,1.0,7.69,11.1,4.0,4.0,30.77,44.42,38.46,100.0,-61.54,96.23,-8.0,-8.0,-61.54,3.24,3.24,0.5,0.64,,0.33,1.0,0.2,1.0,,0.5,0.5,7.69,0.0,0.08,30.77,0.67
4,臺北台新戰神,3|5|11|10863,陳文宏/黃聰翰/蘇奕晉/魏芃禾,1,11,13.0,194.53,3.24,03:15,194.53,3.24,03:15,5.0,5.0,38.46,55.52,13.0,13.0,100.0,144.35,3.0,3.0,23.08,33.31,1.0,1.0,7.69,11.1,0.0,0.0,0.0,0.0,0.0,0.0,0.0,0.0,3.0,3.0,23.08,33.31,1.0,1.0,7.69,11.1,2.0,2.0,15.38,22.21,2.0,2.0,15.38,22.21,0.0,0.0,0.0,0.0,3.0,3.0,23.08,33.31,3.0,3.0,23.08,33.31,0.0,0.0,0.0,0.0,1.0,1.0,7.69,11.1,1.0,1.0,7.69,11.1,1.0,1.0,7.69,11.1,0.0,0.0,0.0,0.0,1.0,1.0,7.69,11.1,4.0,4.0,30.77,44.42,38.46,100.0,-61.54,96.23,-8.0,-8.0,-61.54,3.24,3.24,0.5,0.64,,0.33,1.0,0.2,1.0,,0.5,0.5,7.69,0.0,0.08,30.77,0.67
4,臺北台新戰神,4|5|11|10863,張兆辰/黃聰翰/蘇奕晉/魏芃禾,1,11,13.0,194.53,3.24,03:15,194.53,3.24,03:15,5.0,5.0,38.46,55.52,13.0,13.0,100.0,144.35,3.0,3.0,23.08,33.31,1.0,1.0,7.69,11.1,0.0,0.0,0.0,0.0,0.0,0.0,0.0,0.0,3.0,3.0,23.08,33.31,1.0,1.0,7.69,11.1,2.0,2.0,15.38,22.21,2.0,2.0,15.38,22.21,0.0,0.0,0.0,0.0,3.0,3.0,23.08,33.31,3.0,3.0,23.08,33.31,0.0,0.0,0.0,0.0,1.0,1.0,7.69,11.1,1.0,1.0,7.69,11.1,1.0,1.0,7.69,11.1,0.0,0.0,0.0,0.0,1.0,1.0,7.69,11.1,4.0,4.0,30.77,44.42,38.46,100.0,-61.54,96.23,-8.0,-8.0,-61.54,3.24,3.24,0.5,0.64,,0.33,1.0,0.2,1.0,,0.5,0.5,7.69,0.0,0.08,30.77,0.67
4,高雄全家海神,45|51|108|110,施晉堯/克力斯/魏莨哲/胡瓏貿,1,7,9.0,121.58,2.03,02:02,121.58,2.03,02:02,7.0,7.0,77.78,124.37,2.0,2.0,22.22,35.53,4.0,4.0,44.44,71.07,1.0,1.0,11.11,17.77,0.0,0.0,0.0,0.0,0.0,0.0,0.0,0.0,4.0,4.0,44.44,71.07,1.0,1.0,11.11,17.77,4.0,4.0,44.44,71.07,4.0,4.0,44.44,71.07,3.0,3.0,33.33,53.3,0.0,0.0,0.0,0.0,0.0,0.0,0.0,0.0,3.0,3.0,33.33,53.3,1.0,1.0,11.11,17.77,1.0,1.0,11.11,17.77,0.0,0.0,0.0,0.0,0.0,0.0,0.0,0.0,2.0,2.0,22.22,35.53,2.0,2.0,22.22,35.53,77.78,22.22,55.56,106.6,5.0,5.0,55.56,2.03,2.03,0.38,0.61,,0.25,1.0,0.15,1.0,0.5,,0.5,0.0,0.0,0.22,22.22,1.0
4,高雄全家海神,45|51|108|10891,施晉堯/克力斯/魏莨哲/廖偉皓,1,7,9.0,121.58,2.03,02:02,121.58,2.03,02:02,7.0,7.0,77.78,124.37,2.0,2.0,22.22,35.53,4.0,4.0,44.44,71.07,1.0,1.0,11.11,17.77,0.0,0.0,0.0,0.0,0.0,0.0,0.0,0.0,4.0,4.0,44.44,71.07,1.0,1.0,11.11,17.77,4.0,4.0,44.44,71.07,4.0,4.0,44.44,71.07,3.0,3.0,33.33,53.3,0.0,0.0,0.0,0.0,0.0,0.0,0.0,0.0,3.0,3.0,33.33,53.3,1.0,1.0,11.11,17.77,1.0,1.0,11.11,17.77,0.0,0.0,0.0,0.0,0.0,0.0,0.0,0.0,2.0,2.0,22.22,35.53,2.0,2.0,22.22,35.53,77.78,22.22,55.56,106.6,5.0,5.0,55.56,2.03,2.03,0.38,0.61,,0.25,1.0,0.15,1.0,0.5,,0.5,0.0,0.0,0.22,22.22,1.0
4,高雄全家海神,45|51|110|10891,施晉堯/克力斯/胡瓏貿/廖偉皓,3,48,59.0,934.16,15.57,15:34,311.39,5.19,05:11,42.0,14.0,71.19,97.11,38.0,12.67,64.41,87.86,23.0,7.67,38.98,53.18,13.0,4.33,22.03,30.06,6.0,2.0,10.17,13.87,3.0,1.0,5.08,6.94,17.0,5.67,28.81,39.31,10.0,3.33,16.95,23.12,6.0,2.0,10.17,13.87,6.0,2.0,10.17,13.87,4.0,1.33,6.78,9.25,6.0,2.0,10.17,13.87,2.0,0.67,3.39,4.62,9.0,3.0,15.25,20.81,4.0,1.33,6.78,9.25,10.0,3.33,16.95,23.12,1.0,0.33,1.69,2.31,1.0,0.33,1.69,2.31,6.0,2.0,10.17,13.87,6.0,2.0,10.17,13.87,71.19,64.41,6.78,90.95,4.0,1.33,6.78,15.57,5.19,0.78,0.82,0.5,0.59,1.0,0.13,0.77,0.31,0.75,0.48,1.69,1.69,0.1,10.17,0.26
4,高雄全家海神,51|110|122|13399,克力斯/胡瓏貿/陳懷安/賽克維奇,1,37,40.0,600.23,10.0,10:00,600.23,10.0,10:00,26.0,26.0,65.0,93.56,20.0,20.0,50.0,71.97,14.0,14.0,35.0,50.38,9.0,9.0,22.5,32.39,6.0,6.0,15.0,21.59,4.0,4.0,10.0,14.39,8.0,8.0,20.0,28.79,5.0,5.0,12.5,17.99,1.0,1.0,2.5,3.6,1.0,1.0,2.5,3.6,2.0,2.0,5.0,7.2,3.0,3.0,7.5,10.8,0.0,0.0,0.0,0.0,7.0,7.0,17.5,25.19,4.0,4.0,10.0,14.39,7.0,7.0,17.5,25.19,3.0,3.0,7.5,10.8,0.0,0.0,0.0,0.0,5.0,5.0,12.5,17.99,9.0,9.0,22.5,32.39,65.0,50.0,15.0,95.96,6.0,6.0,15.0,10.0,10.0,0.82,0.9,0.67,0.62,1.0,0.22,0.78,0.22,1.0,0.42,7.5,0.0,0.12,22.5,0.07
4,高雄全家海神,110|121|122|13399,胡瓏貿/吳曉謹/陳懷安/賽克維奇,1,18,20.0,358.42,5.97,05:58,358.42,5.97,05:58,15.0,15.0,75.0,90.4,9.0,9.0,45.0,54.24,9.0,9.0,45.0,54.24,5.0,5.0,25.0,30.13,3.0,3.0,15.0,18.08,2.0,2.0,10.0,12.05,6.0,6.0,30.0,36.16,3.0,3.0,15.0,18.08,0.0,0.0,0.0,0.0,0.0,0.0,0.0,0.0,2.0,2.0,10.0,12.05,2.0,2.0,10.0,12.05,0.0,0.0,0.0,0.0,3.0,3.0,15.0,18.08,1.0,1.0,5.0,6.03,4.0,4.0,20.0,24.11,1.0,1.0,5.0,6.03,0.0,0.0,0.0,0.0,3.0,3.0,15.0,18.08,2.0,2.0,10.0,12.05,75.0,45.0,30.0,80.35,6.0,6.0,30.0,5.97,5.97,0.72,0.83,0.67,0.5,,0.1,0.8,0.4,1.0,0.57,5.0,0.0,0.15,10.0,0.0
4,臺北台新戰神,1|4|5|13,丁聖儒/張兆辰/黃聰翰/陳冠全,2,12,14.0,210.15,3.5,03:30,105.07,1.75,01:45,9.0,4.5,64.29,92.51,7.0,3.5,50.0,71.95,6.0,3.0,42.86,61.67,4.0,2.0,28.57,41.11,3.0,1.5,21.43,30.84,3.0,1.5,21.43,30.84,3.0,1.5,21.43,30.84,1.0,0.5,7.14,10.28,1.0,0.5,7.14,10.28,0.0,0.0,0.0,0.0,0.0,0.0,0.0,0.0,2.0,1.0,14.29,20.56,2.0,1.0,14.29,20.56,1.0,0.5,7.14,10.28,0.0,0.0,0.0,0.0,2.0,1.0,14.29,20.56,0.0,0.0,0.0,0.0,0.0,0.0,0.0,0.0,2.0,1.0,14.29,20.56,0.0,0.0,0.0,0.0,64.29,50.0,14.29,95.93,2.0,1.0,14.29,3.5,1.75,0.75,0.7,1.0,0.33,0.0,0.0,0.5,0.0,0.5,0.4,0.0,0.0,0.14,0.0,0.17
4,臺北台新戰神,1|4|10|13,丁聖儒/張兆辰/雷蒙恩/陳冠全,1,8,10.0,157.2,2.62,02:37,157.2,2.62,02:37,5.0,5.0,50.0,68.7,4.0,4.0,40.0,54.96,4.0,4.0,40.0,54.96,2.0,2.0,20.0,27.48,1.0,1.0,10.0,13.74,1.0,1.0,10.0,13.74,3.0,3.0,30.0,41.22,1.0,1.0,10.0,13.74,0.0,0.0,0.0,0.0,0.0,0.0,0.0,0.0,0.0,0.0,0.0,0.0,2.0,2.0,20.0,27.48,2.0,2.0,20.0,27.48,1.0,1.0,10.0,13.74,0.0,0.0,0.0,0.0,1.0,1.0,10.0,13.74,0.0,0.0,0.0,0.0,0.0,0.0,0.0,0.0,1.0,1.0,10.0,13.74,0.0,0.0,0.0,0.0,50.0,40.0,10.0,91.6,1.0,1.0,10.0,2.62,2.62,0.62,0.62,1.0,0.33,,0.0,0.5,0.0,0.5,0.4,0.0,0.0,0.1,0.0,0.0
4,臺北台新戰神,4|5|10|13,張兆辰/黃聰翰/雷蒙恩/陳冠全,2,20,24.0,370.9,6.18,06:11,185.45,3.09,03:05,13.0,6.5,54.17,75.71,15.0,7.5,62.5,87.36,7.0,3.5,29.17,40.77,3.0,1.5,12.5,17.47,1.0,0.5,4.17,5.82,1.0,0.5,4.17,5.82,6.0,3.0,25.0,34.94,2.0,1.0,8.33,11.65,5.0,2.5,20.83,29.12,5.0,2.5,20.83,29.12,0.0,0.0,0.0,0.0,4.0,2.0,16.67,23.29,3.0,1.5,12.5,17.47,3.0,1.5,12.5,17.47,0.0,0.0,0.0,0.0,2.0,1.0,8.33,11.65,0.0,0.0,0.0,0.0,0.0,0.0,0.0,0.0,3.0,1.5,12.5,17.47,2.0,1.0,8.33,11.65,54.17,62.5,-8.33,93.18,-2.0,-1.0,-8.33,6.18,3.09,0.57,0.71,1.0,0.33,1.0,0.0,0.67,0.0,0.57,0.4,0.0,0.0,0.12,8.33,0.71
4,臺北台新戰神,1|5|13|10864,丁聖儒/黃聰翰/陳冠全/劉彥廷,1,3,3.0,53.54,0.89,00:54,53.54,0.89,00:54,4.0,4.0,133.33,161.38,0.0,0.0,0.0,0.0,1.0,1.0,33.33,40.34,1.0,1.0,33.33,40.34,0.0,0.0,0.0,0.0,0.0,0.0,0.0,0.0,1.0,1.0,33.33,40.34,1.0,1.0,33.33,40.34,1.0,1.0,33.33,40.34,1.0,1.0,33.33,40.34,0.0,0.0,0.0,0.0,0.0,0.0,0.0,0.0,0.0,0.0,0.0,0.0,1.0,1.0,33.33,40.34,0.0,0.0,0.0,0.0,1.0,1.0,33.33,40.34,0.0,0.0,0.0,0.0,0.0,0.0,0.0,0.0,2.0,2.0,66.67,80.69,2.0,2.0,66.67,80.69,133.33,0.0,133.33,80.69,4.0,4.0,133.33,0.89,0.89,1.5,1.39,,1.0,1.0,0.0,1.0,0.0,,0.0,0.0,0.0,0.67,66.67,1.0
4,臺北台新戰神,1|10|13|10864,丁聖儒/雷蒙恩/陳冠全/劉彥廷,1,9,9.0,160.91,2.68,02:41,160.91,2.68,02:41,8.0,8.0,88.89,107.39,6.0,6.0,66.67,80.54,3.0,3.0,33.33,40.27,2.0,2.0,22.22,26.85,1.0,1.0,11.11,13.42,1.0,1.0,11.11,13.42,2.0,2.0,22.22,26.85,1.0,1.0,11.11,13.42,3.0,3.0,33.33,40.27,3.0,3.0,33.33,40.27,0.0,0.0,0.0,0.0,1.0,1.0,11.11,13.42,0.0,0.0,0.0,0.0,2.0,2.0,22.22,26.85,0.0,0.0,0.0,0.0,3.0,3.0,33.33,40.27,0.0,0.0,0.0,0.0,0.0,0.0,0.0,0.0,3.0,3.0,33.33,40.27,2.0,2.0,22.22,26.85,88.89,66.67,22.22,80.54,2.0,2.0,22.22,2.68,2.68,0.83,0.93,1.0,0.5,1.0,0.0,1.5,0.0,1.0,0.33,0.0,0.0,0.33,22.22,1.0
4,臺北台新戰神,5|10|13|10864,黃聰翰/雷蒙恩/陳冠全/劉彥廷,1,3,3.0,53.54,0.89,00:54,53.54,0.89,00:54,4.0,4.0,133.33,161.38,0.0,0.0,0.0,0.0,1.0,1.0,33.33,40.34,1.0,1.0,33.33,40.34,0.0,0.0,0.0,0.0,0.0,0.0,0.0,0.0,1.0,1.0,33.33,40.34,1.0,1.0,33.33,40.34,1.0,1.0,33.33,40.34,1.0,1.0,33.33,40.34,0.0,0.0,0.0,0.0,0.0,0.0,0.0,0.0,0.0,0.0,0.0,0.0,1.0,1.0,33.33,40.34,0.0,0.0,0.0,0.0,1.0,1.0,33.33,40.34,0.0,0.0,0.0,0.0,0.0,0.0,0.0,0.0,2.0,2.0,66.67,80.69,2.0,2.0,66.67,80.69,133.33,0.0,133.33,80.69,4.0,4.0,133.33,0.89,0.89,1.5,1.39,,1.0,1.0,0.0,1.0,0.0,,0.0,0.0,0.0,0.67,66.67,1.0
4,高雄全家海神,51|116|121|13399,克力斯/呂威霆/吳曉謹/賽克維奇,1,2,2.0,21.54,0.36,00:22,21.54,0.36,00:22,0.0,0.0,0.0,0.0,4.0,4.0,200.0,401.13,0.0,0.0,0.0,0.0,0.0,0.0,0.0,0.0,0.0,0.0,0.0,0.0,0.0,0.0,0.0,0.0,0.0,0.0,0.0,0.0,0.0,0.0,0.0,0.0,2.0,2.0,100.0,200.57,2.0,2.0,100.0,200.57,0.0,0.0,0.0,0.0,0.0,0.0,0.0,0.0,0.0,0.0,0.0,0.0,0.0,0.0,0.0,0.0,0.0,0.0,0.0,0.0,0.0,0.0,0.0,0.0,0.0,0.0,0.0,0.0,0.0,0.0,0.0,0.0,0.0,0.0,0.0,0.0,1.0,1.0,50.0,100.28,0.0,200.0,-200.0,133.71,-4.0,-4.0,-200.0,0.36,0.36,,0.0,,,1.0,0.0,,,,,0.0,0.0,0.0,50.0,
4,高雄全家海神,116|121|122|13399,呂威霆/吳曉謹/陳懷安/賽克維奇,1,2,2.0,21.54,0.36,00:22,21.54,0.36,00:22,0.0,0.0,0.0,0.0,4.0,4.0,200.0,401.13,0.0,0.0,0.0,0.0,0.0,0.0,0.0,0.0,0.0,0.0,0.0,0.0,0.0,0.0,0.0,0.0,0.0,0.0,0.0,0.0,0.0,0.0,0.0,0.0,2.0,2.0,100.0,200.57,2.0,2.0,100.0,200.57,0.0,0.0,0.0,0.0,0.0,0.0,0.0,0.0,0.0,0.0,0.0,0.0,0.0,0.0,0.0,0.0,0.0,0.0,0.0,0.0,0.0,0.0,0.0,0.0,0.0,0.0,0.0,0.0,0.0,0.0,0.0,0.0,0.0,0.0,0.0,0.0,1.0,1.0,50.0,100.28,0.0,200.0,-200.0,133.71,-4.0,-4.0,-200.0,0.36,0.36,,0.0,,,1.0,0.0,,,,,0.0,0.0,0.0,50.0,
4,高雄全家海神,51|116|10891|13399,克力斯/呂威霆/廖偉皓/賽克維奇,1,16,20.0,286.56,4.78,04:47,286.56,4.78,04:47,6.0,6.0,30.0,45.23,6.0,6.0,30.0,45.23,9.0,9.0,45.0,67.84,2.0,2.0,10.0,15.08,3.0,3.0,15.0,22.61,0.0,0.0,0.0,0.0,6.0,6.0,30.0,45.23,2.0,2.0,10.0,15.08,0.0,0.0,0.0,0.0,0.0,0.0,0.0,0.0,2.0,2.0,10.0,15.08,5.0,5.0,25.0,37.69,1.0,1.0,5.0,7.54,1.0,1.0,5.0,7.54,2.0,2.0,10.0,15.08,2.0,2.0,10.0,15.08,1.0,1.0,5.0,7.54,0.0,0.0,0.0,0.0,0.0,0.0,0.0,0.0,2.0,2.0,10.0,15.08,30.0,30.0,0.0,100.5,0.0,0.0,0.0,4.78,4.78,0.33,0.33,0.0,0.33,,0.18,1.0,0.67,0.83,0.78,5.0,0.0,0.0,10.0,0.0
4,高雄全家海神,116|122|10891|13399,呂威霆/陳懷安/廖偉皓/賽克維奇,1,10,14.0,177.18,2.95,02:57,177.18,2.95,02:57,0.0,0.0,0.0,0.0,2.0,2.0,14.29,24.38,6.0,6.0,42.86,73.14,0.0,0.0,0.0,0.0,3.0,3.0,21.43,36.57,0.0,0.0,0.0,0.0,3.0,3.0,21.43,36.57,0.0,0.0,0.0,0.0,0.0,0.0,0.0,0.0,0.0,0.0,0.0,0.0,2.0,2.0,14.29,24.38,4.0,4.0,28.57,48.76,1.0,1.0,7.14,12.19,0.0,0.0,0.0,0.0,1.0,1.0,7.14,12.19,0.0,0.0,0.0,0.0,1.0,1.0,7.14,12.19,0.0,0.0,0.0,0.0,0.0,0.0,0.0,0.0,0.0,0.0,0.0,0.0,0.0,14.29,-14.29,113.78,-2.0,-2.0,-14.29,2.95,2.95,0.0,0.0,0.0,0.0,,0.14,,1.0,0.8,0.86,7.14,0.0,0.0,0.0,0.0
4,臺北台新戰神,1|2|10|13,丁聖儒/江均/雷蒙恩/陳冠全,1,6,6.0,107.37,1.79,01:47,107.37,1.79,01:47,4.0,4.0,66.67,80.47,6.0,6.0,100.0,120.7,2.0,2.0,33.33,40.23,1.0,1.0,16.67,20.12,1.0,1.0,16.67,20.12,1.0,1.0,16.67,20.12,1.0,1.0,16.67,20.12,0.0,0.0,0.0,0.0,2.0,2.0,33.33,40.23,2.0,2.0,33.33,40.23,0.0,0.0,0.0,0.0,1.0,1.0,16.67,20.12,0.0,0.0,0.0,0.0,1.0,1.0,16.67,20.12,0.0,0.0,0.0,0.0,2.0,2.0,33.33,40.23,0.0,0.0,0.0,0.0,0.0,0.0,0.0,0.0,1.0,1.0,16.67,20.12,0.0,0.0,0.0,0.0,66.67,100.0,-33.33,80.47,-2.0,-2.0,-33.33,1.79,1.79,0.5,0.69,1.0,0.0,1.0,0.0,2.0,0.0,1.0,0.5,0.0,0.0,0.17,0.0,1.0
4,臺北台新戰神,1|2|10|10864,丁聖儒/江均/雷蒙恩/劉彥廷,1,7,7.0,107.98,1.8,01:48,107.98,1.8,01:48,6.0,6.0,85.71,120.02,6.0,6.0,85.71,120.02,2.0,2.0,28.57,40.01,1.0,1.0,14.29,20.0,1.0,1.0,14.29,20.0,1.0,1.0,14.29,20.0,1.0,1.0,14.29,20.0,0.0,0.0,0.0,0.0,4.0,4.0,57.14,80.01,4.0,4.0,57.14,80.01,0.0,0.0,0.0,0.0,1.0,1.0,14.29,20.0,0.0,0.0,0.0,0.0,1.0,1.0,14.29,20.0,0.0,0.0,0.0,0.0,2.0,2.0,28.57,40.01,0.0,0.0,0.0,0.0,0.0,0.0,0.0,0.0,1.0,1.0,14.29,20.0,0.0,0.0,0.0,0.0,85.71,85.71,0.0,93.35,0.0,0.0,0.0,1.8,1.8,0.5,0.8,1.0,0.0,1.0,0.0,2.0,0.0,1.0,0.5,0.0,0.0,0.14,0.0,2.0
4,臺北台新戰神,1|2|13|10864,丁聖儒/江均/陳冠全/劉彥廷,1,6,6.0,107.37,1.79,01:47,107.37,1.79,01:47,4.0,4.0,66.67,80.47,6.0,6.0,100.0,120.7,2.0,2.0,33.33,40.23,1.0,1.0,16.67,20.12,1.0,1.0,16.67,20.12,1.0,1.0,16.67,20.12,1.0,1.0,16.67,20.12,0.0,0.0,0.0,0.0,2.0,2.0,33.33,40.23,2.0,2.0,33.33,40.23,0.0,0.0,0.0,0.0,1.0,1.0,16.67,20.12,0.0,0.0,0.0,0.0,1.0,1.0,16.67,20.12,0.0,0.0,0.0,0.0,2.0,2.0,33.33,40.23,0.0,0.0,0.0,0.0,0.0,0.0,0.0,0.0,1.0,1.0,16.67,20.12,0.0,0.0,0.0,0.0,66.67,100.0,-33.33,80.47,-2.0,-2.0,-33.33,1.79,1.79,0.5,0.69,1.0,0.0,1.0,0.0,2.0,0.0,1.0,0.5,0.0,0.0,0.17,0.0,1.0
4,臺北台新戰神,2|10|13|10864,江均/雷蒙恩/陳冠全/劉彥廷,2,16,19.0,285.37,4.76,04:45,142.69,2.38,02:23,16.0,8.0,84.21,121.11,14.0,7.0,73.68,105.97,8.0,4.0,42.11,60.55,6.0,3.0,31.58,45.41,5.0,2.5,26.32,37.85,5.0,2.5,26.32,37.85,3.0,1.5,15.79,22.71,1.0,0.5,5.26,7.57,4.0,2.0,21.05,30.28,3.0,1.5,15.79,22.71,0.0,0.0,0.0,0.0,2.0,1.0,10.53,15.14,0.0,0.0,0.0,0.0,1.0,0.5,5.26,7.57,0.0,0.0,0.0,0.0,4.0,2.0,21.05,30.28,0.0,0.0,0.0,0.0,0.0,0.0,0.0,0.0,1.0,0.5,5.26,7.57,5.0,2.5,26.32,37.85,84.21,73.68,10.53,95.87,2.0,1.0,10.53,4.76,2.38,0.81,0.82,1.0,0.33,0.75,0.0,0.67,0.0,1.0,0.67,0.0,0.0,0.05,26.32,0.5
4,高雄全家海神,51|108|116|13399,克力斯/魏莨哲/呂威霆/賽克維奇,2,17,17.0,240.13,4.0,04:00,120.07,2.0,02:00,9.0,4.5,52.94,80.96,11.0,5.5,64.71,98.95,6.0,3.0,35.29,53.97,3.0,1.5,17.65,26.99,2.0,1.0,11.76,17.99,0.0,0.0,0.0,0.0,4.0,2.0,23.53,35.98,3.0,1.5,17.65,26.99,0.0,0.0,0.0,0.0,0.0,0.0,0.0,0.0,0.0,0.0,0.0,0.0,3.0,1.5,17.65,26.99,0.0,0.0,0.0,0.0,3.0,1.5,17.65,26.99,3.0,1.5,17.65,26.99,3.0,1.5,17.65,26.99,1.0,0.5,5.88,9.0,0.0,0.0,0.0,0.0,1.0,0.5,5.88,9.0,4.0,2.0,23.53,35.98,52.94,64.71,-11.76,101.94,-2.0,-1.0,-11.76,4.0,2.0,0.75,0.75,0.0,0.75,,0.33,1.0,0.0,1.0,0.5,5.88,0.0,0.06,23.53,0.0
4,高雄全家海神,51|108|10891|13399,克力斯/魏莨哲/廖偉皓/賽克維奇,1,6,6.0,109.37,1.82,01:49,109.37,1.82,01:49,6.0,6.0,100.0,118.49,4.0,4.0,66.67,79.0,3.0,3.0,50.0,59.25,2.0,2.0,33.33,39.5,0.0,0.0,0.0,0.0,0.0,0.0,0.0,0.0,3.0,3.0,50.0,59.25,2.0,2.0,33.33,39.5,0.0,0.0,0.0,0.0,0.0,0.0,0.0,0.0,0.0,0.0,0.0,0.0,1.0,1.0,16.67,19.75,0.0,0.0,0.0,0.0,1.0,1.0,16.67,19.75,1.0,1.0,16.67,19.75,2.0,2.0,33.33,39.5,0.0,0.0,0.0,0.0,0.0,0.0,0.0,0.0,0.0,0.0,0.0,0.0,2.0,2.0,33.33,39.5,100.0,66.67,33.33,79.0,2.0,2.0,33.33,1.82,1.82,1.0,1.0,,0.67,,0.25,1.0,0.0,1.0,0.5,0.0,0.0,0.0,33.33,0.0
4,高雄全家海神,108|116|10891|13399,魏莨哲/呂威霆/廖偉皓/賽克維奇,1,6,6.0,109.37,1.82,01:49,109.37,1.82,01:49,6.0,6.0,100.0,118.49,4.0,4.0,66.67,79.0,3.0,3.0,50.0,59.25,2.0,2.0,33.33,39.5,0.0,0.0,0.0,0.0,0.0,0.0,0.0,0.0,3.0,3.0,50.0,59.25,2.0,2.0,33.33,39.5,0.0,0.0,0.0,0.0,0.0,0.0,0.0,0.0,0.0,0.0,0.0,0.0,1.0,1.0,16.67,19.75,0.0,0.0,0.0,0.0,1.0,1.0,16.67,19.75,1.0,1.0,16.67,19.75,2.0,2.0,33.33,39.5,0.0,0.0,0.0,0.0,0.0,0.0,0.0,0.0,0.0,0.0,0.0,0.0,2.0,2.0,33.33,39.5,100.0,66.67,33.33,79.0,2.0,2.0,33.33,1.82,1.82,1.0,1.0,,0.67,,0.25,1.0,0.0,1.0,0.5,0.0,0.0,0.0,33.33,0.0
4,臺北台新戰神,1|2|10|11,丁聖儒/江均/雷蒙恩/蘇奕晉,1,1,1.0,0.61,0.01,00:01,0.61,0.01,00:01,2.0,2.0,200.0,7081.97,0.0,0.0,0.0,0.0,0.0,0.0,0.0,0.0,0.0,0.0,0.0,0.0,0.0,0.0,0.0,0.0,0.0,0.0,0.0,0.0,0.0,0.0,0.0,0.0,0.0,0.0,0.0,0.0,2.0,2.0,200.0,7081.97,2.0,2.0,200.0,7081.97,0.0,0.0,0.0,0.0,0.0,0.0,0.0,0.0,0.0,0.0,0.0,0.0,0.0,0.0,0.0,0.0,0.0,0.0,0.0,0.0,0.0,0.0,0.0,0.0,0.0,0.0,0.0,0.0,0.0,0.0,0.0,0.0,0.0,0.0,0.0,0.0,0.0,0.0,0.0,0.0,200.0,0.0,200.0,2360.66,2.0,2.0,200.0,0.01,0.01,,1.14,,,1.0,0.0,,,,,0.0,0.0,0.0,0.0,
4,臺北台新戰神,1|2|11|10864,丁聖儒/江均/蘇奕晉/劉彥廷,1,6,8.0,71.25,1.19,01:11,71.25,1.19,01:11,4.0,4.0,50.0,121.26,0.0,0.0,0.0,0.0,1.0,1.0,12.5,30.31,0.0,0.0,0.0,0.0,1.0,1.0,12.5,30.31,0.0,0.0,0.0,0.0,0.0,0.0,0.0,0.0,0.0,0.0,0.0,0.0,5.0,5.0,62.5,151.57,4.0,4.0,50.0,121.26,1.0,1.0,12.5,30.31,0.0,0.0,0.0,0.0,2.0,2.0,25.0,60.63,2.0,2.0,25.0,60.63,1.0,1.0,12.5,30.31,0.0,0.0,0.0,0.0,1.0,1.0,12.5,30.31,1.0,1.0,12.5,30.31,1.0,1.0,12.5,30.31,0.0,0.0,0.0,0.0,50.0,0.0,50.0,161.68,4.0,4.0,50.0,1.19,1.19,0.0,0.62,0.0,,0.8,0.24,,0.33,0.0,0.2,12.5,12.5,0.12,0.0,5.0
4,臺北台新戰神,2|10|11|10864,江均/雷蒙恩/蘇奕晉/劉彥廷,1,9,12.0,175.71,2.93,02:56,175.71,2.93,02:56,7.0,7.0,58.33,86.05,4.0,4.0,33.33,49.17,4.0,4.0,33.33,49.17,2.0,2.0,16.67,24.59,3.0,3.0,25.0,36.88,2.0,2.0,16.67,24.59,1.0,1.0,8.33,12.29,0.0,0.0,0.0,0.0,4.0,4.0,33.33,49.17,3.0,3.0,25.0,36.88,2.0,2.0,16.67,24.59,0.0,0.0,0.0,0.0,0.0,0.0,0.0,0.0,1.0,1.0,8.33,12.29,0.0,0.0,0.0,0.0,2.0,2.0,16.67,24.59,0.0,0.0,0.0,0.0,0.0,0.0,0.0,0.0,3.0,3.0,25.0,36.88,0.0,0.0,0.0,0.0,58.33,33.33,25.0,98.35,3.0,3.0,25.0,2.93,2.93,0.5,0.61,0.67,0.0,0.75,0.0,1.0,0.67,,0.67,0.0,0.0,0.25,0.0,1.0
4,高雄全家海神,45|108|116|10891,施晉堯/魏莨哲/呂威霆/廖偉皓,1,5,8.0,87.89,1.46,01:28,87.89,1.46,01:28,2.0,2.0,25.0,49.15,5.0,5.0,62.5,122.88,1.0,1.0,12.5,24.58,1.0,1.0,12.5,24.58,1.0,1.0,12.5,24.58,1.0,1.0,12.5,24.58,0.0,0.0,0.0,0.0,0.0,0.0,0.0,0.0,0.0,0.0,0.0,0.0,0.0,0.0,0.0,0.0,0.0,0.0,0.0,0.0,0.0,0.0,0.0,0.0,2.0,2.0,25.0,49.15,0.0,0.0,0.0,0.0,1.0,1.0,12.5,24.58,1.0,1.0,12.5,24.58,0.0,0.0,0.0,0.0,0.0,0.0,0.0,0.0,1.0,1.0,12.5,24.58,2.0,2.0,25.0,49.15,25.0,62.5,-37.5,131.07,-3.0,-3.0,-37.5,1.46,1.46,1.0,1.0,1.0,,,0.5,1.0,,0.0,0.0,0.0,0.0,0.12,25.0,0.0
4,高雄全家海神,45|108|116|14037,施晉堯/魏莨哲/呂威霆/奧迪傑,1,7,11.0,131.62,2.19,02:12,131.62,2.19,02:12,2.0,2.0,18.18,32.82,9.0,9.0,81.82,147.7,1.0,1.0,9.09,16.41,1.0,1.0,9.09,16.41,1.0,1.0,9.09,16.41,1.0,1.0,9.09,16.41,0.0,0.0,0.0,0.0,0.0,0.0,0.0,0.0,2.0,2.0,18.18,32.82,0.0,0.0,0.0,0.0,0.0,0.0,0.0,0.0,1.0,1.0,9.09,16.41,2.0,2.0,18.18,32.82,1.0,1.0,9.09,16.41,1.0,1.0,9.09,16.41,1.0,1.0,9.09,16.41,0.0,0.0,0.0,0.0,0.0,0.0,0.0,0.0,3.0,3.0,27.27,49.23,4.0,4.0,36.36,65.65,18.18,81.82,-63.64,120.35,-7.0,-7.0,-63.64,2.19,2.19,1.0,0.53,1.0,,0.0,0.35,1.0,0.0,0.33,0.25,0.0,0.0,0.27,36.36,2.0
4,高雄全家海神,45|116|10891|14037,施晉堯/呂威霆/廖偉皓/奧迪傑,1,11,16.0,200.02,3.33,03:20,200.02,3.33,03:20,4.0,4.0,25.0,43.2,9.0,9.0,56.25,97.19,5.0,5.0,31.25,54.0,2.0,2.0,12.5,21.6,3.0,3.0,18.75,32.4,2.0,2.0,12.5,21.6,2.0,2.0,12.5,21.6,0.0,0.0,0.0,0.0,0.0,0.0,0.0,0.0,0.0,0.0,0.0,0.0,1.0,1.0,6.25,10.8,2.0,2.0,12.5,21.6,3.0,3.0,18.75,32.4,0.0,0.0,0.0,0.0,1.0,1.0,6.25,10.8,1.0,1.0,6.25,10.8,0.0,0.0,0.0,0.0,0.0,0.0,0.0,0.0,2.0,2.0,12.5,21.6,7.0,7.0,43.75,75.59,25.0,56.25,-31.25,115.19,-5.0,-5.0,-31.25,3.33,3.33,0.4,0.4,0.67,0.0,,0.17,0.5,1.0,0.4,0.5,0.0,0.0,0.12,43.75,0.0
4,臺北台新戰神,2|10|11|10865,江均/雷蒙恩/蘇奕晉/謝銘駿,1,7,10.0,141.1,2.35,02:21,141.1,2.35,02:21,5.0,5.0,50.0,76.54,4.0,4.0,40.0,61.23,4.0,4.0,40.0,61.23,2.0,2.0,20.0,30.62,3.0,3.0,30.0,45.93,2.0,2.0,20.0,30.62,1.0,1.0,10.0,15.31,0.0,0.0,0.0,0.0,2.0,2.0,20.0,30.62,1.0,1.0,10.0,15.31,2.0,2.0,20.0,30.62,0.0,0.0,0.0,0.0,0.0,0.0,0.0,0.0,1.0,1.0,10.0,15.31,0.0,0.0,0.0,0.0,2.0,2.0,20.0,30.62,0.0,0.0,0.0,0.0,0.0,0.0,0.0,0.0,2.0,2.0,20.0,30.62,0.0,0.0,0.0,0.0,50.0,40.0,10.0,102.06,1.0,1.0,10.0,2.35,2.35,0.5,0.51,0.67,0.0,0.5,0.0,1.0,0.67,,0.67,0.0,0.0,0.2,0.0,0.5
4,臺北台新戰神,2|10|10864|10865,江均/雷蒙恩/劉彥廷/謝銘駿,2,20,25.0,375.65,6.26,06:16,187.83,3.13,03:08,14.0,7.0,56.0,80.5,13.0,6.5,52.0,74.75,8.0,4.0,32.0,46.0,6.0,3.0,24.0,34.5,6.0,3.0,24.0,34.5,5.0,2.5,20.0,28.75,2.0,1.0,8.0,11.5,1.0,0.5,4.0,5.75,4.0,2.0,16.0,23.0,1.0,0.5,4.0,5.75,2.0,1.0,8.0,11.5,2.0,1.0,8.0,11.5,1.0,0.5,4.0,5.75,4.0,2.0,16.0,23.0,1.0,0.5,4.0,5.75,3.0,1.5,12.0,17.25,1.0,0.5,4.0,5.75,0.0,0.0,0.0,0.0,4.0,2.0,16.0,23.0,5.0,2.5,20.0,28.75,56.0,52.0,4.0,95.83,1.0,0.5,4.0,6.26,3.13,0.81,0.72,0.83,0.5,0.25,0.09,0.5,0.33,0.67,0.44,4.0,0.0,0.16,20.0,0.5
4,臺北台新戰神,2|11|10864|10865,江均/蘇奕晉/劉彥廷/謝銘駿,1,12,17.0,211.74,3.53,03:32,211.74,3.53,03:32,7.0,7.0,41.18,71.41,4.0,4.0,23.53,40.81,5.0,5.0,29.41,51.01,2.0,2.0,11.76,20.4,4.0,4.0,23.53,40.81,2.0,2.0,11.76,20.4,1.0,1.0,5.88,10.2,0.0,0.0,0.0,0.0,5.0,5.0,29.41,51.01,3.0,3.0,17.65,30.6,3.0,3.0,17.65,30.6,0.0,0.0,0.0,0.0,2.0,2.0,11.76,20.4,3.0,3.0,17.65,30.6,1.0,1.0,5.88,10.2,2.0,2.0,11.76,20.4,1.0,1.0,5.88,10.2,1.0,1.0,5.88,10.2,3.0,3.0,17.65,30.6,0.0,0.0,0.0,0.0,41.18,23.53,17.65,115.61,3.0,3.0,17.65,3.53,3.53,0.4,0.49,0.5,0.0,0.6,0.12,1.0,0.5,0.0,0.38,5.88,5.88,0.18,0.0,1.0
4,高雄全家海神,45|116|10891|13275,施晉堯/呂威霆/廖偉皓/吳彥侖,2,20,24.0,354.5,5.91,05:55,177.25,2.95,02:57,7.0,3.5,29.17,42.65,11.0,5.5,45.83,67.02,7.0,3.5,29.17,42.65,2.0,1.0,8.33,12.19,4.0,2.0,16.67,24.37,1.0,0.5,4.17,6.09,3.0,1.5,12.5,18.28,1.0,0.5,4.17,6.09,2.0,1.0,8.33,12.19,2.0,1.0,8.33,12.19,1.0,0.5,4.17,6.09,3.0,1.5,12.5,18.28,2.0,1.0,8.33,12.19,5.0,2.5,20.83,30.47,3.0,1.5,12.5,18.28,1.0,0.5,4.17,6.09,0.0,0.0,0.0,0.0,0.0,0.0,0.0,0.0,3.0,1.5,12.5,18.28,6.0,3.0,25.0,36.56,29.17,45.83,-16.67,97.49,-4.0,-2.0,-16.67,5.91,2.95,0.36,0.44,0.25,0.33,1.0,0.28,0.5,0.17,0.6,0.36,0.0,0.0,0.12,25.0,0.29
4,高雄全家海神,45|10891|13275|14037,施晉堯/廖偉皓/吳彥侖/奧迪傑,1,8,10.0,124.45,2.07,02:04,124.45,2.07,02:04,2.0,2.0,20.0,34.71,4.0,4.0,40.0,69.42,6.0,6.0,60.0,104.13,1.0,1.0,10.0,17.36,4.0,4.0,40.0,69.42,1.0,1.0,10.0,17.36,2.0,2.0,20.0,34.71,0.0,0.0,0.0,0.0,0.0,0.0,0.0,0.0,0.0,0.0,0.0,0.0,2.0,2.0,20.0,34.71,3.0,3.0,30.0,52.07,1.0,1.0,10.0,17.36,0.0,0.0,0.0,0.0,0.0,0.0,0.0,0.0,0.0,0.0,0.0,0.0,0.0,0.0,0.0,0.0,0.0,0.0,0.0,0.0,1.0,1.0,10.0,17.36,5.0,5.0,50.0,86.78,20.0,40.0,-20.0,115.71,-2.0,-2.0,-20.0,2.07,2.07,0.17,0.17,0.25,0.0,,0.0,0.0,1.0,0.75,0.83,0.0,0.0,0.1,50.0,0.0
4,臺北台新戰神,1|2|11|10865,丁聖儒/江均/蘇奕晉/謝銘駿,2,8,10.0,107.64,1.79,01:48,53.82,0.9,00:54,2.0,1.0,20.0,40.13,2.0,1.0,20.0,40.13,2.0,1.0,20.0,40.13,0.0,0.0,0.0,0.0,1.0,0.5,10.0,20.07,0.0,0.0,0.0,0.0,1.0,0.5,10.0,20.07,0.0,0.0,0.0,0.0,3.0,1.5,30.0,60.2,2.0,1.0,20.0,40.13,1.0,0.5,10.0,20.07,1.0,0.5,10.0,20.07,2.0,1.0,20.0,40.13,2.0,1.0,20.0,40.13,2.0,1.0,20.0,40.13,0.0,0.0,0.0,0.0,1.0,0.5,10.0,20.07,1.0,0.5,10.0,20.07,1.0,0.5,10.0,20.07,0.0,0.0,0.0,0.0,20.0,20.0,0.0,133.78,0.0,0.0,0.0,1.79,0.9,0.0,0.3,0.0,0.0,0.67,0.38,,0.33,0.33,0.33,10.0,10.0,0.1,0.0,1.5
4,臺北台新戰神,1|2|10864|10865,丁聖儒/江均/劉彥廷/謝銘駿,1,5,7.0,70.64,1.18,01:11,70.64,1.18,01:11,2.0,2.0,28.57,61.15,0.0,0.0,0.0,0.0,1.0,1.0,14.29,30.58,0.0,0.0,0.0,0.0,1.0,1.0,14.29,30.58,0.0,0.0,0.0,0.0,0.0,0.0,0.0,0.0,0.0,0.0,0.0,0.0,3.0,3.0,42.86,91.73,2.0,2.0,28.57,61.15,1.0,1.0,14.29,30.58,0.0,0.0,0.0,0.0,2.0,2.0,28.57,61.15,2.0,2.0,28.57,61.15,1.0,1.0,14.29,30.58,0.0,0.0,0.0,0.0,1.0,1.0,14.29,30.58,1.0,1.0,14.29,30.58,1.0,1.0,14.29,30.58,0.0,0.0,0.0,0.0,28.57,0.0,28.57,142.69,2.0,2.0,28.57,1.18,1.18,0.0,0.43,0.0,,0.67,0.3,,0.33,0.0,0.2,14.29,14.29,0.14,0.0,3.0
4,臺北台新戰神,1|11|10864|10865,丁聖儒/蘇奕晉/劉彥廷/謝銘駿,1,6,8.0,71.38,1.19,01:11,71.38,1.19,01:11,4.0,4.0,50.0,121.05,0.0,0.0,0.0,0.0,1.0,1.0,12.5,30.26,0.0,0.0,0.0,0.0,1.0,1.0,12.5,30.26,0.0,0.0,0.0,0.0,0.0,0.0,0.0,0.0,0.0,0.0,0.0,0.0,5.0,5.0,62.5,151.31,4.0,4.0,50.0,121.05,1.0,1.0,12.5,30.26,0.0,0.0,0.0,0.0,2.0,2.0,25.0,60.52,2.0,2.0,25.0,60.52,1.0,1.0,12.5,30.26,0.0,0.0,0.0,0.0,1.0,1.0,12.5,30.26,1.0,1.0,12.5,30.26,1.0,1.0,12.5,30.26,0.0,0.0,0.0,0.0,50.0,0.0,50.0,161.39,4.0,4.0,50.0,1.19,1.19,0.0,0.62,0.0,,0.8,0.24,,0.33,0.0,0.2,12.5,12.5,0.12,0.0,5.0
4,高雄全家海神,45|10891|13275|13399,施晉堯/廖偉皓/吳彥侖/賽克維奇,1,2,2.0,12.33,0.21,00:12,12.33,0.21,00:12,0.0,0.0,0.0,0.0,0.0,0.0,0.0,0.0,2.0,2.0,100.0,350.34,0.0,0.0,0.0,0.0,2.0,2.0,100.0,350.34,0.0,0.0,0.0,0.0,0.0,0.0,0.0,0.0,0.0,0.0,0.0,0.0,0.0,0.0,0.0,0.0,0.0,0.0,0.0,0.0,1.0,1.0,50.0,175.17,1.0,1.0,50.0,175.17,0.0,0.0,0.0,0.0,0.0,0.0,0.0,0.0,0.0,0.0,0.0,0.0,0.0,0.0,0.0,0.0,0.0,0.0,0.0,0.0,0.0,0.0,0.0,0.0,0.0,0.0,0.0,0.0,0.0,0.0,0.0,0.0,0.0,0.0,0.0,233.56,0.0,0.0,0.0,0.21,0.21,0.0,0.0,0.0,,,0.0,,1.0,1.0,1.0,0.0,0.0,0.0,0.0,0.0
4,高雄全家海神,45|10891|13399|14037,施晉堯/廖偉皓/賽克維奇/奧迪傑,1,3,3.0,13.07,0.22,00:13,13.07,0.22,00:13,0.0,0.0,0.0,0.0,2.0,2.0,66.67,330.6,2.0,2.0,66.67,330.6,0.0,0.0,0.0,0.0,2.0,2.0,66.67,330.6,0.0,0.0,0.0,0.0,0.0,0.0,0.0,0.0,0.0,0.0,0.0,0.0,0.0,0.0,0.0,0.0,0.0,0.0,0.0,0.0,1.0,1.0,33.33,165.3,1.0,1.0,33.33,165.3,0.0,0.0,0.0,0.0,0.0,0.0,0.0,0.0,0.0,0.0,0.0,0.0,0.0,0.0,0.0,0.0,0.0,0.0,0.0,0.0,0.0,0.0,0.0,0.0,0.0,0.0,0.0,0.0,2.0,2.0,66.67,330.6,0.0,66.67,-66.67,330.6,-2.0,-2.0,-66.67,0.22,0.22,0.0,0.0,0.0,,,0.0,,1.0,1.0,1.0,0.0,0.0,0.0,66.67,0.0
4,高雄全家海神,45|13275|13399|14037,施晉堯/吳彥侖/賽克維奇/奧迪傑,1,2,2.0,12.33,0.21,00:12,12.33,0.21,00:12,0.0,0.0,0.0,0.0,0.0,0.0,0.0,0.0,2.0,2.0,100.0,350.34,0.0,0.0,0.0,0.0,2.0,2.0,100.0,350.34,0.0,0.0,0.0,0.0,0.0,0.0,0.0,0.0,0.0,0.0,0.0,0.0,0.0,0.0,0.0,0.0,0.0,0.0,0.0,0.0,1.0,1.0,50.0,175.17,1.0,1.0,50.0,175.17,0.0,0.0,0.0,0.0,0.0,0.0,0.0,0.0,0.0,0.0,0.0,0.0,0.0,0.0,0.0,0.0,0.0,0.0,0.0,0.0,0.0,0.0,0.0,0.0,0.0,0.0,0.0,0.0,0.0,0.0,0.0,0.0,0.0,0.0,0.0,233.56,0.0,0.0,0.0,0.21,0.21,0.0,0.0,0.0,,,0.0,,1.0,1.0,1.0,0.0,0.0,0.0,0.0,0.0
4,高雄全家海神,10891|13275|13399|14037,廖偉皓/吳彥侖/賽克維奇/奧迪傑,1,2,2.0,12.33,0.21,00:12,12.33,0.21,00:12,0.0,0.0,0.0,0.0,0.0,0.0,0.0,0.0,2.0,2.0,100.0,350.34,0.0,0.0,0.0,0.0,2.0,2.0,100.0,350.34,0.0,0.0,0.0,0.0,0.0,0.0,0.0,0.0,0.0,0.0,0.0,0.0,0.0,0.0,0.0,0.0,0.0,0.0,0.0,0.0,1.0,1.0,50.0,175.17,1.0,1.0,50.0,175.17,0.0,0.0,0.0,0.0,0.0,0.0,0.0,0.0,0.0,0.0,0.0,0.0,0.0,0.0,0.0,0.0,0.0,0.0,0.0,0.0,0.0,0.0,0.0,0.0,0.0,0.0,0.0,0.0,0.0,0.0,0.0,0.0,0.0,0.0,0.0,233.56,0.0,0.0,0.0,0.21,0.21,0.0,0.0,0.0,,,0.0,,1.0,1.0,1.0,0.0,0.0,0.0,0.0,0.0
4,臺北台新戰神,1|5|11|10864,丁聖儒/黃聰翰/蘇奕晉/劉彥廷,1,10,15.0,153.93,2.57,02:34,153.93,2.57,02:34,6.0,6.0,40.0,84.19,0.0,0.0,0.0,0.0,2.0,2.0,13.33,28.06,1.0,1.0,6.67,14.03,1.0,1.0,6.67,14.03,1.0,1.0,6.67,14.03,1.0,1.0,6.67,14.03,0.0,0.0,0.0,0.0,4.0,4.0,26.67,56.13,4.0,4.0,26.67,56.13,1.0,1.0,6.67,14.03,0.0,0.0,0.0,0.0,1.0,1.0,6.67,14.03,3.0,3.0,20.0,42.1,3.0,3.0,20.0,42.1,2.0,2.0,13.33,28.06,1.0,1.0,6.67,14.03,0.0,0.0,0.0,0.0,2.0,2.0,13.33,28.06,0.0,0.0,0.0,0.0,40.0,0.0,40.0,140.32,6.0,6.0,40.0,2.57,2.57,0.5,0.8,1.0,0.0,1.0,0.44,2.0,0.25,0.0,0.2,6.67,0.0,0.13,0.0,2.0
4,臺北台新戰神,1|5|10864|10865,丁聖儒/黃聰翰/劉彥廷/謝銘駿,2,18,21.0,317.1,5.29,05:17,158.55,2.64,02:39,13.0,6.5,61.9,88.55,7.0,3.5,33.33,47.68,7.0,3.5,33.33,47.68,3.0,1.5,14.29,20.44,2.0,1.0,9.52,13.62,1.0,0.5,4.76,6.81,5.0,2.5,23.81,34.06,2.0,1.0,9.52,13.62,5.0,2.5,23.81,34.06,5.0,2.5,23.81,34.06,0.0,0.0,0.0,0.0,4.0,2.0,19.05,27.25,3.0,1.5,14.29,20.44,5.0,2.5,23.81,34.06,2.0,1.0,9.52,13.62,2.0,1.0,9.52,13.62,2.0,1.0,9.52,13.62,0.0,0.0,0.0,0.0,4.0,2.0,19.05,27.25,0.0,0.0,0.0,0.0,61.9,33.33,28.57,95.36,6.0,3.0,28.57,5.29,2.64,0.57,0.71,0.5,0.4,1.0,0.18,0.67,0.0,0.57,0.33,9.52,0.0,0.19,0.0,0.71
4,高雄全家海神,45|122|10891|13399,施晉堯/陳懷安/廖偉皓/賽克維奇,1,1,1.0,0.74,0.01,00:01,0.74,0.01,00:01,0.0,0.0,0.0,0.0,2.0,2.0,200.0,5869.57,0.0,0.0,0.0,0.0,0.0,0.0,0.0,0.0,0.0,0.0,0.0,0.0,0.0,0.0,0.0,0.0,0.0,0.0,0.0,0.0,0.0,0.0,0.0,0.0,0.0,0.0,0.0,0.0,0.0,0.0,0.0,0.0,0.0,0.0,0.0,0.0,0.0,0.0,0.0,0.0,0.0,0.0,0.0,0.0,0.0,0.0,0.0,0.0,0.0,0.0,0.0,0.0,0.0,0.0,0.0,0.0,0.0,0.0,0.0,0.0,0.0,0.0,0.0,0.0,0.0,0.0,0.0,0.0,2.0,2.0,200.0,5869.57,0.0,200.0,-200.0,1956.52,-2.0,-2.0,-200.0,0.01,0.01,,,,,,,,,,,0.0,0.0,0.0,200.0,
4,高雄全家海神,45|122|10891|14037,施晉堯/陳懷安/廖偉皓/奧迪傑,1,1,1.0,0.74,0.01,00:01,0.74,0.01,00:01,0.0,0.0,0.0,0.0,2.0,2.0,200.0,5869.57,0.0,0.0,0.0,0.0,0.0,0.0,0.0,0.0,0.0,0.0,0.0,0.0,0.0,0.0,0.0,0.0,0.0,0.0,0.0,0.0,0.0,0.0,0.0,0.0,0.0,0.0,0.0,0.0,0.0,0.0,0.0,0.0,0.0,0.0,0.0,0.0,0.0,0.0,0.0,0.0,0.0,0.0,0.0,0.0,0.0,0.0,0.0,0.0,0.0,0.0,0.0,0.0,0.0,0.0,0.0,0.0,0.0,0.0,0.0,0.0,0.0,0.0,0.0,0.0,0.0,0.0,0.0,0.0,2.0,2.0,200.0,5869.57,0.0,200.0,-200.0,1956.52,-2.0,-2.0,-200.0,0.01,0.01,,,,,,,,,,,0.0,0.0,0.0,200.0,
4,高雄全家海神,45|122|13399|14037,施晉堯/陳懷安/賽克維奇/奧迪傑,1,4,5.0,36.9,0.62,00:37,36.9,0.62,00:37,1.0,1.0,20.0,58.54,3.0,3.0,60.0,175.61,0.0,0.0,0.0,0.0,0.0,0.0,0.0,0.0,0.0,0.0,0.0,0.0,0.0,0.0,0.0,0.0,0.0,0.0,0.0,0.0,0.0,0.0,0.0,0.0,2.0,2.0,40.0,117.07,1.0,1.0,20.0,58.54,0.0,0.0,0.0,0.0,0.0,0.0,0.0,0.0,2.0,2.0,40.0,117.07,0.0,0.0,0.0,0.0,0.0,0.0,0.0,0.0,0.0,0.0,0.0,0.0,0.0,0.0,0.0,0.0,0.0,0.0,0.0,0.0,1.0,1.0,20.0,58.54,4.0,4.0,80.0,234.15,20.0,60.0,-40.0,195.12,-2.0,-2.0,-40.0,0.62,0.62,,0.57,,,0.5,0.0,,,0.0,0.0,0.0,0.0,0.2,80.0,
4,高雄全家海神,122|10891|13399|14037,陳懷安/廖偉皓/賽克維奇/奧迪傑,1,1,1.0,0.74,0.01,00:01,0.74,0.01,00:01,0.0,0.0,0.0,0.0,2.0,2.0,200.0,5869.57,0.0,0.0,0.0,0.0,0.0,0.0,0.0,0.0,0.0,0.0,0.0,0.0,0.0,0.0,0.0,0.0,0.0,0.0,0.0,0.0,0.0,0.0,0.0,0.0,0.0,0.0,0.0,0.0,0.0,0.0,0.0,0.0,0.0,0.0,0.0,0.0,0.0,0.0,0.0,0.0,0.0,0.0,0.0,0.0,0.0,0.0,0.0,0.0,0.0,0.0,0.0,0.0,0.0,0.0,0.0,0.0,0.0,0.0,0.0,0.0,0.0,0.0,0.0,0.0,0.0,0.0,0.0,0.0,2.0,2.0,200.0,5869.57,0.0,200.0,-200.0,1956.52,-2.0,-2.0,-200.0,0.01,0.01,,,,,,,,,,,0.0,0.0,0.0,200.0,
4,臺北台新戰神,2|5|10|11,江均/黃聰翰/雷蒙恩/蘇奕晉,1,1,1.0,34.0,0.57,00:34,34.0,0.57,00:34,0.0,0.0,0.0,0.0,0.0,0.0,0.0,0.0,0.0,0.0,0.0,0.0,0.0,0.0,0.0,0.0,0.0,0.0,0.0,0.0,0.0,0.0,0.0,0.0,0.0,0.0,0.0,0.0,0.0,0.0,0.0,0.0,0.0,0.0,0.0,0.0,0.0,0.0,0.0,0.0,0.0,0.0,0.0,0.0,0.0,0.0,0.0,0.0,0.0,0.0,0.0,0.0,0.0,0.0,0.0,0.0,0.0,0.0,0.0,0.0,0.0,0.0,0.0,0.0,0.0,0.0,0.0,0.0,0.0,0.0,0.0,0.0,1.0,1.0,100.0,63.53,0.0,0.0,0.0,0.0,0.0,0.0,0.0,42.35,0.0,0.0,0.0,0.57,0.57,,,,,,,,,,,0.0,0.0,1.0,0.0,
4,臺北台新戰神,2|5|10|10864,江均/黃聰翰/雷蒙恩/劉彥廷,2,6,6.0,121.0,2.02,02:01,60.5,1.01,01:01,2.0,1.0,33.33,35.7,2.0,1.0,33.33,35.7,2.0,1.0,33.33,35.7,1.0,0.5,16.67,17.85,1.0,0.5,16.67,17.85,1.0,0.5,16.67,17.85,1.0,0.5,16.67,17.85,0.0,0.0,0.0,0.0,0.0,0.0,0.0,0.0,0.0,0.0,0.0,0.0,0.0,0.0,0.0,0.0,1.0,0.5,16.67,17.85,0.0,0.0,0.0,0.0,1.0,0.5,16.67,17.85,1.0,0.5,16.67,17.85,0.0,0.0,0.0,0.0,1.0,0.5,16.67,17.85,0.0,0.0,0.0,0.0,1.0,0.5,16.67,17.85,0.0,0.0,0.0,0.0,33.33,33.33,0.0,71.4,0.0,0.0,0.0,2.02,1.01,0.5,0.5,1.0,0.0,,0.33,0.0,0.0,1.0,0.5,16.67,0.0,0.17,0.0,0.0
4,臺北台新戰神,2|5|11|10864,江均/黃聰翰/蘇奕晉/劉彥廷,1,1,1.0,34.0,0.57,00:34,34.0,0.57,00:34,0.0,0.0,0.0,0.0,0.0,0.0,0.0,0.0,0.0,0.0,0.0,0.0,0.0,0.0,0.0,0.0,0.0,0.0,0.0,0.0,0.0,0.0,0.0,0.0,0.0,0.0,0.0,0.0,0.0,0.0,0.0,0.0,0.0,0.0,0.0,0.0,0.0,0.0,0.0,0.0,0.0,0.0,0.0,0.0,0.0,0.0,0.0,0.0,0.0,0.0,0.0,0.0,0.0,0.0,0.0,0.0,0.0,0.0,0.0,0.0,0.0,0.0,0.0,0.0,0.0,0.0,0.0,0.0,0.0,0.0,0.0,0.0,1.0,1.0,100.0,63.53,0.0,0.0,0.0,0.0,0.0,0.0,0.0,42.35,0.0,0.0,0.0,0.57,0.57,,,,,,,,,,,0.0,0.0,1.0,0.0,
4,高雄全家海神,51|110|10891|13399,克力斯/胡瓏貿/廖偉皓/賽克維奇,1,19,20.0,241.81,4.03,04:02,241.81,4.03,04:02,11.0,11.0,55.0,98.26,11.0,11.0,55.0,98.26,5.0,5.0,25.0,44.66,4.0,4.0,20.0,35.73,3.0,3.0,15.0,26.8,2.0,2.0,10.0,17.87,2.0,2.0,10.0,17.87,2.0,2.0,10.0,17.87,1.0,1.0,5.0,8.93,1.0,1.0,5.0,8.93,0.0,0.0,0.0,0.0,1.0,1.0,5.0,8.93,0.0,0.0,0.0,0.0,4.0,4.0,20.0,35.73,3.0,3.0,15.0,26.8,3.0,3.0,15.0,26.8,2.0,2.0,10.0,17.87,0.0,0.0,0.0,0.0,2.0,2.0,10.0,17.87,7.0,7.0,35.0,62.53,55.0,55.0,0.0,119.1,0.0,0.0,0.0,4.03,4.03,1.0,1.01,0.67,1.0,1.0,0.36,0.75,0.0,1.0,0.2,10.0,0.0,0.1,35.0,0.2
4,高雄全家海神,110|122|10891|13399,胡瓏貿/陳懷安/廖偉皓/賽克維奇,1,19,20.0,241.81,4.03,04:02,241.81,4.03,04:02,11.0,11.0,55.0,98.26,11.0,11.0,55.0,98.26,5.0,5.0,25.0,44.66,4.0,4.0,20.0,35.73,3.0,3.0,15.0,26.8,2.0,2.0,10.0,17.87,2.0,2.0,10.0,17.87,2.0,2.0,10.0,17.87,1.0,1.0,5.0,8.93,1.0,1.0,5.0,8.93,0.0,0.0,0.0,0.0,1.0,1.0,5.0,8.93,0.0,0.0,0.0,0.0,4.0,4.0,20.0,35.73,3.0,3.0,15.0,26.8,3.0,3.0,15.0,26.8,2.0,2.0,10.0,17.87,0.0,0.0,0.0,0.0,2.0,2.0,10.0,17.87,7.0,7.0,35.0,62.53,55.0,55.0,0.0,119.1,0.0,0.0,0.0,4.03,4.03,1.0,1.01,0.67,1.0,1.0,0.36,0.75,0.0,1.0,0.2,10.0,0.0,0.1,35.0,0.2
4,臺北台新戰神,1|2|4|5,丁聖儒/江均/張兆辰/黃聰翰,1,12,13.0,201.01,3.35,03:21,201.01,3.35,03:21,7.0,7.0,53.85,75.22,7.0,7.0,53.85,75.22,4.0,4.0,30.77,42.98,3.0,3.0,23.08,32.24,2.0,2.0,15.38,21.49,2.0,2.0,15.38,21.49,2.0,2.0,15.38,21.49,1.0,1.0,7.69,10.75,0.0,0.0,0.0,0.0,0.0,0.0,0.0,0.0,0.0,0.0,0.0,0.0,1.0,1.0,7.69,10.75,0.0,0.0,0.0,0.0,3.0,3.0,23.08,32.24,2.0,2.0,15.38,21.49,2.0,2.0,15.38,21.49,1.0,1.0,7.69,10.75,0.0,0.0,0.0,0.0,2.0,2.0,15.38,21.49,0.0,0.0,0.0,0.0,53.85,53.85,0.0,93.13,0.0,0.0,0.0,3.35,3.35,0.88,0.88,1.0,0.5,,0.33,0.67,0.0,1.0,0.25,7.69,0.0,0.15,0.0,0.0
4,臺北台新戰神,1|2|4|10864,丁聖儒/江均/張兆辰/劉彥廷,1,12,13.0,201.01,3.35,03:21,201.01,3.35,03:21,7.0,7.0,53.85,75.22,7.0,7.0,53.85,75.22,4.0,4.0,30.77,42.98,3.0,3.0,23.08,32.24,2.0,2.0,15.38,21.49,2.0,2.0,15.38,21.49,2.0,2.0,15.38,21.49,1.0,1.0,7.69,10.75,0.0,0.0,0.0,0.0,0.0,0.0,0.0,0.0,0.0,0.0,0.0,0.0,1.0,1.0,7.69,10.75,0.0,0.0,0.0,0.0,3.0,3.0,23.08,32.24,2.0,2.0,15.38,21.49,2.0,2.0,15.38,21.49,1.0,1.0,7.69,10.75,0.0,0.0,0.0,0.0,2.0,2.0,15.38,21.49,0.0,0.0,0.0,0.0,53.85,53.85,0.0,93.13,0.0,0.0,0.0,3.35,3.35,0.88,0.88,1.0,0.5,,0.33,0.67,0.0,1.0,0.25,7.69,0.0,0.15,0.0,0.0
4,臺北台新戰神,1|2|5|10864,丁聖儒/江均/黃聰翰/劉彥廷,1,12,13.0,201.01,3.35,03:21,201.01,3.35,03:21,7.0,7.0,53.85,75.22,7.0,7.0,53.85,75.22,4.0,4.0,30.77,42.98,3.0,3.0,23.08,32.24,2.0,2.0,15.38,21.49,2.0,2.0,15.38,21.49,2.0,2.0,15.38,21.49,1.0,1.0,7.69,10.75,0.0,0.0,0.0,0.0,0.0,0.0,0.0,0.0,0.0,0.0,0.0,0.0,1.0,1.0,7.69,10.75,0.0,0.0,0.0,0.0,3.0,3.0,23.08,32.24,2.0,2.0,15.38,21.49,2.0,2.0,15.38,21.49,1.0,1.0,7.69,10.75,0.0,0.0,0.0,0.0,2.0,2.0,15.38,21.49,0.0,0.0,0.0,0.0,53.85,53.85,0.0,93.13,0.0,0.0,0.0,3.35,3.35,0.88,0.88,1.0,0.5,,0.33,0.67,0.0,1.0,0.25,7.69,0.0,0.15,0.0,0.0
4,臺北台新戰神,2|4|5|10864,江均/張兆辰/黃聰翰/劉彥廷,2,13,14.0,201.76,3.36,03:22,100.88,1.68,01:41,9.0,4.5,64.29,96.35,7.0,3.5,50.0,74.94,4.0,2.0,28.57,42.82,3.0,1.5,21.43,32.12,2.0,1.0,14.29,21.41,2.0,1.0,14.29,21.41,2.0,1.0,14.29,21.41,1.0,0.5,7.14,10.71,2.0,1.0,14.29,21.41,2.0,1.0,14.29,21.41,0.0,0.0,0.0,0.0,1.0,0.5,7.14,10.71,0.0,0.0,0.0,0.0,3.0,1.5,21.43,32.12,2.0,1.0,14.29,21.41,2.0,1.0,14.29,21.41,1.0,0.5,7.14,10.71,0.0,0.0,0.0,0.0,2.0,1.0,14.29,21.41,0.0,0.0,0.0,0.0,64.29,50.0,14.29,99.92,2.0,1.0,14.29,3.36,1.68,0.88,0.92,1.0,0.5,1.0,0.29,0.67,0.0,1.0,0.25,7.14,0.0,0.14,0.0,0.5
4,高雄全家海神,51|108|119|10891,克力斯/魏莨哲/余純安/廖偉皓,1,5,6.0,69.23,1.15,01:09,69.23,1.15,01:09,2.0,2.0,33.33,62.4,2.0,2.0,33.33,62.4,2.0,2.0,33.33,62.4,1.0,1.0,16.67,31.2,2.0,2.0,33.33,62.4,1.0,1.0,16.67,31.2,0.0,0.0,0.0,0.0,0.0,0.0,0.0,0.0,0.0,0.0,0.0,0.0,0.0,0.0,0.0,0.0,0.0,0.0,0.0,0.0,1.0,1.0,16.67,31.2,0.0,0.0,0.0,0.0,0.0,0.0,0.0,0.0,0.0,0.0,0.0,0.0,1.0,1.0,16.67,31.2,0.0,0.0,0.0,0.0,0.0,0.0,0.0,0.0,0.0,0.0,0.0,0.0,0.0,0.0,0.0,0.0,33.33,33.33,0.0,124.8,0.0,0.0,0.0,1.15,1.15,0.5,0.5,0.5,,,0.0,1.0,,1.0,1.0,0.0,0.0,0.0,0.0,0.0
4,高雄全家海神,108|116|119|10891,魏莨哲/呂威霆/余純安/廖偉皓,1,5,6.0,69.23,1.15,01:09,69.23,1.15,01:09,2.0,2.0,33.33,62.4,2.0,2.0,33.33,62.4,2.0,2.0,33.33,62.4,1.0,1.0,16.67,31.2,2.0,2.0,33.33,62.4,1.0,1.0,16.67,31.2,0.0,0.0,0.0,0.0,0.0,0.0,0.0,0.0,0.0,0.0,0.0,0.0,0.0,0.0,0.0,0.0,0.0,0.0,0.0,0.0,1.0,1.0,16.67,31.2,0.0,0.0,0.0,0.0,0.0,0.0,0.0,0.0,0.0,0.0,0.0,0.0,1.0,1.0,16.67,31.2,0.0,0.0,0.0,0.0,0.0,0.0,0.0,0.0,0.0,0.0,0.0,0.0,0.0,0.0,0.0,0.0,33.33,33.33,0.0,124.8,0.0,0.0,0.0,1.15,1.15,0.5,0.5,0.5,,,0.0,1.0,,1.0,1.0,0.0,0.0,0.0,0.0,0.0
4,高雄全家海神,45|108|116|119,施晉堯/魏莨哲/呂威霆/余純安,1,2,3.0,43.72,0.73,00:44,43.72,0.73,00:44,0.0,0.0,0.0,0.0,4.0,4.0,133.33,197.61,0.0,0.0,0.0,0.0,0.0,0.0,0.0,0.0,0.0,0.0,0.0,0.0,0.0,0.0,0.0,0.0,0.0,0.0,0.0,0.0,0.0,0.0,0.0,0.0,2.0,2.0,66.67,98.8,0.0,0.0,0.0,0.0,0.0,0.0,0.0,0.0,1.0,1.0,33.33,49.4,0.0,0.0,0.0,0.0,1.0,1.0,33.33,49.4,0.0,0.0,0.0,0.0,0.0,0.0,0.0,0.0,0.0,0.0,0.0,0.0,0.0,0.0,0.0,0.0,2.0,2.0,66.67,98.8,2.0,2.0,66.67,98.8,0.0,133.33,-133.33,98.8,-4.0,-4.0,-133.33,0.73,0.73,,0.0,,,0.0,0.0,,0.0,1.0,0.5,0.0,0.0,0.67,66.67,
4,高雄全家海神,45|108|119|14037,施晉堯/魏莨哲/余純安/奧迪傑,1,11,14.0,143.64,2.39,02:24,143.64,2.39,02:24,2.0,2.0,14.29,30.08,4.0,4.0,28.57,60.15,6.0,6.0,42.86,90.23,0.0,0.0,0.0,0.0,5.0,5.0,35.71,75.19,0.0,0.0,0.0,0.0,1.0,1.0,7.14,15.04,0.0,0.0,0.0,0.0,4.0,4.0,28.57,60.15,2.0,2.0,14.29,30.08,2.0,2.0,14.29,30.08,4.0,4.0,28.57,60.15,0.0,0.0,0.0,0.0,3.0,3.0,21.43,45.11,0.0,0.0,0.0,0.0,1.0,1.0,7.14,15.04,0.0,0.0,0.0,0.0,1.0,1.0,7.14,15.04,2.0,2.0,14.29,30.08,2.0,2.0,14.29,30.08,14.29,28.57,-14.29,140.35,-2.0,-2.0,-14.29,2.39,2.39,0.0,0.13,0.0,0.0,0.5,0.0,,0.4,1.0,0.67,0.0,7.14,0.14,14.29,0.67
4,高雄全家海神,108|116|119|14037,魏莨哲/呂威霆/余純安/奧迪傑,1,2,3.0,43.72,0.73,00:44,43.72,0.73,00:44,0.0,0.0,0.0,0.0,4.0,4.0,133.33,197.61,0.0,0.0,0.0,0.0,0.0,0.0,0.0,0.0,0.0,0.0,0.0,0.0,0.0,0.0,0.0,0.0,0.0,0.0,0.0,0.0,0.0,0.0,0.0,0.0,2.0,2.0,66.67,98.8,0.0,0.0,0.0,0.0,0.0,0.0,0.0,0.0,1.0,1.0,33.33,49.4,0.0,0.0,0.0,0.0,1.0,1.0,33.33,49.4,0.0,0.0,0.0,0.0,0.0,0.0,0.0,0.0,0.0,0.0,0.0,0.0,0.0,0.0,0.0,0.0,2.0,2.0,66.67,98.8,2.0,2.0,66.67,98.8,0.0,133.33,-133.33,98.8,-4.0,-4.0,-133.33,0.73,0.73,,0.0,,,0.0,0.0,,0.0,1.0,0.5,0.0,0.0,0.67,66.67,
4,臺北台新戰神,1|4|10|10865,丁聖儒/張兆辰/雷蒙恩/謝銘駿,1,6,8.0,66.91,1.12,01:07,66.91,1.12,01:07,0.0,0.0,0.0,0.0,4.0,4.0,50.0,129.12,1.0,1.0,12.5,32.28,0.0,0.0,0.0,0.0,1.0,1.0,12.5,32.28,0.0,0.0,0.0,0.0,0.0,0.0,0.0,0.0,0.0,0.0,0.0,0.0,0.0,0.0,0.0,0.0,0.0,0.0,0.0,0.0,0.0,0.0,0.0,0.0,2.0,2.0,25.0,64.56,2.0,2.0,25.0,64.56,1.0,1.0,12.5,32.28,1.0,1.0,12.5,32.28,0.0,0.0,0.0,0.0,1.0,1.0,12.5,32.28,0.0,0.0,0.0,0.0,0.0,0.0,0.0,0.0,2.0,2.0,25.0,64.56,0.0,50.0,-50.0,172.16,-4.0,-4.0,-50.0,1.12,1.12,0.0,0.0,0.0,,,0.5,,0.0,0.5,0.4,12.5,0.0,0.0,25.0,0.0
4,臺北台新戰神,1|4|10864|10865,丁聖儒/張兆辰/劉彥廷/謝銘駿,1,14,18.0,195.14,3.25,03:15,195.14,3.25,03:15,2.0,2.0,11.11,22.14,6.0,6.0,33.33,66.41,3.0,3.0,16.67,33.21,0.0,0.0,0.0,0.0,1.0,1.0,5.56,11.07,0.0,0.0,0.0,0.0,2.0,2.0,11.11,22.14,0.0,0.0,0.0,0.0,2.0,2.0,11.11,22.14,2.0,2.0,11.11,22.14,0.0,0.0,0.0,0.0,4.0,4.0,22.22,44.28,5.0,5.0,27.78,55.35,3.0,3.0,16.67,33.21,2.0,2.0,11.11,22.14,0.0,0.0,0.0,0.0,2.0,2.0,11.11,22.14,0.0,0.0,0.0,0.0,1.0,1.0,5.56,11.07,2.0,2.0,11.11,22.14,11.11,33.33,-22.22,132.83,-4.0,-4.0,-22.22,3.25,3.25,0.0,0.26,0.0,0.0,1.0,0.34,,0.0,0.44,0.33,11.11,0.0,0.06,11.11,0.67
4,臺北台新戰神,4|10|10864|10865,張兆辰/雷蒙恩/劉彥廷/謝銘駿,2,34,42.0,591.07,9.85,09:51,295.54,4.93,04:56,10.0,5.0,23.81,36.54,21.0,10.5,50.0,76.74,13.0,6.5,30.95,47.51,3.0,1.5,7.14,10.96,11.0,5.5,26.19,40.2,2.0,1.0,4.76,7.31,2.0,1.0,4.76,7.31,1.0,0.5,2.38,3.65,6.0,3.0,14.29,21.93,3.0,1.5,7.14,10.96,3.0,1.5,7.14,10.96,10.0,5.0,23.81,36.54,3.0,1.5,7.14,10.96,2.0,1.0,4.76,7.31,3.0,1.5,7.14,10.96,1.0,0.5,2.38,3.65,2.0,1.0,4.76,7.31,2.0,1.0,4.76,7.31,5.0,2.5,11.9,18.27,4.0,2.0,9.52,14.62,23.81,50.0,-26.19,102.32,-11.0,-5.5,-26.19,9.85,4.93,0.27,0.32,0.18,0.5,0.5,0.16,0.33,0.6,0.77,0.72,4.76,4.76,0.12,9.52,0.46
4,高雄全家海神,45|108|119|13399,施晉堯/魏莨哲/余純安/賽克維奇,1,9,11.0,99.91,1.67,01:40,99.91,1.67,01:40,2.0,2.0,18.18,43.24,0.0,0.0,0.0,0.0,6.0,6.0,54.55,129.71,0.0,0.0,0.0,0.0,5.0,5.0,45.45,108.09,0.0,0.0,0.0,0.0,1.0,1.0,9.09,21.62,0.0,0.0,0.0,0.0,2.0,2.0,18.18,43.24,2.0,2.0,18.18,43.24,2.0,2.0,18.18,43.24,3.0,3.0,27.27,64.86,0.0,0.0,0.0,0.0,2.0,2.0,18.18,43.24,0.0,0.0,0.0,0.0,1.0,1.0,9.09,21.62,0.0,0.0,0.0,0.0,1.0,1.0,9.09,21.62,0.0,0.0,0.0,0.0,0.0,0.0,0.0,0.0,18.18,0.0,18.18,158.54,2.0,2.0,18.18,1.67,1.67,0.0,0.15,0.0,0.0,1.0,0.0,,0.5,1.0,0.71,0.0,9.09,0.0,0.0,0.33
4,高雄全家海神,45|108|13399|14037,施晉堯/魏莨哲/賽克維奇/奧迪傑,1,9,11.0,99.91,1.67,01:40,99.91,1.67,01:40,2.0,2.0,18.18,43.24,0.0,0.0,0.0,0.0,6.0,6.0,54.55,129.71,0.0,0.0,0.0,0.0,5.0,5.0,45.45,108.09,0.0,0.0,0.0,0.0,1.0,1.0,9.09,21.62,0.0,0.0,0.0,0.0,2.0,2.0,18.18,43.24,2.0,2.0,18.18,43.24,2.0,2.0,18.18,43.24,3.0,3.0,27.27,64.86,0.0,0.0,0.0,0.0,2.0,2.0,18.18,43.24,0.0,0.0,0.0,0.0,1.0,1.0,9.09,21.62,0.0,0.0,0.0,0.0,1.0,1.0,9.09,21.62,0.0,0.0,0.0,0.0,0.0,0.0,0.0,0.0,18.18,0.0,18.18,158.54,2.0,2.0,18.18,1.67,1.67,0.0,0.15,0.0,0.0,1.0,0.0,,0.5,1.0,0.71,0.0,9.09,0.0,0.0,0.33
4,高雄全家海神,45|119|13399|14037,施晉堯/余純安/賽克維奇/奧迪傑,1,12,15.0,136.08,2.27,02:16,136.08,2.27,02:16,3.0,3.0,20.0,47.62,1.0,1.0,6.67,15.87,6.0,6.0,40.0,95.24,0.0,0.0,0.0,0.0,5.0,5.0,33.33,79.37,0.0,0.0,0.0,0.0,1.0,1.0,6.67,15.87,0.0,0.0,0.0,0.0,4.0,4.0,26.67,63.49,3.0,3.0,20.0,47.62,2.0,2.0,13.33,31.75,3.0,3.0,20.0,47.62,2.0,2.0,13.33,31.75,2.0,2.0,13.33,31.75,0.0,0.0,0.0,0.0,1.0,1.0,6.67,15.87,0.0,0.0,0.0,0.0,1.0,1.0,6.67,15.87,1.0,1.0,6.67,15.87,2.0,2.0,13.33,31.75,20.0,6.67,13.33,158.73,2.0,2.0,13.33,2.27,2.27,0.0,0.19,0.0,0.0,0.75,0.0,,0.5,0.6,0.56,0.0,6.67,0.07,13.33,0.67
4,高雄全家海神,108|119|13399|14037,魏莨哲/余純安/賽克維奇/奧迪傑,1,9,11.0,99.91,1.67,01:40,99.91,1.67,01:40,2.0,2.0,18.18,43.24,0.0,0.0,0.0,0.0,6.0,6.0,54.55,129.71,0.0,0.0,0.0,0.0,5.0,5.0,45.45,108.09,0.0,0.0,0.0,0.0,1.0,1.0,9.09,21.62,0.0,0.0,0.0,0.0,2.0,2.0,18.18,43.24,2.0,2.0,18.18,43.24,2.0,2.0,18.18,43.24,3.0,3.0,27.27,64.86,0.0,0.0,0.0,0.0,2.0,2.0,18.18,43.24,0.0,0.0,0.0,0.0,1.0,1.0,9.09,21.62,0.0,0.0,0.0,0.0,1.0,1.0,9.09,21.62,0.0,0.0,0.0,0.0,0.0,0.0,0.0,0.0,18.18,0.0,18.18,158.54,2.0,2.0,18.18,1.67,1.67,0.0,0.15,0.0,0.0,1.0,0.0,,0.5,1.0,0.71,0.0,9.09,0.0,0.0,0.33
4,臺北台新戰神,5|10|11|10863,黃聰翰/雷蒙恩/蘇奕晉/魏芃禾,2,37,45.0,526.29,8.77,08:46,263.14,4.39,04:23,24.0,12.0,53.33,98.5,19.0,9.5,42.22,77.98,16.0,8.0,35.56,65.67,7.0,3.5,15.56,28.73,7.0,3.5,15.56,28.73,4.0,2.0,8.89,16.42,9.0,4.5,20.0,36.94,3.0,1.5,6.67,12.31,9.0,4.5,20.0,36.94,7.0,3.5,15.56,28.73,4.0,2.0,8.89,16.42,5.0,2.5,11.11,20.52,3.0,1.5,6.67,12.31,7.0,3.5,15.56,28.73,3.0,1.5,6.67,12.31,4.0,2.0,8.89,16.42,2.0,1.0,4.44,8.21,0.0,0.0,0.0,0.0,4.0,2.0,8.89,16.42,4.0,2.0,8.89,16.42,53.33,42.22,11.11,123.13,5.0,2.5,11.11,8.77,4.39,0.53,0.6,0.57,0.33,0.78,0.13,0.57,0.36,0.62,0.47,4.44,0.0,0.09,8.89,0.56
4,臺北台新戰神,5|10|10863|10865,黃聰翰/雷蒙恩/魏芃禾/謝銘駿,1,2,2.0,7.58,0.13,00:08,7.58,0.13,00:08,1.0,1.0,50.0,284.89,1.0,1.0,50.0,284.89,0.0,0.0,0.0,0.0,0.0,0.0,0.0,0.0,0.0,0.0,0.0,0.0,0.0,0.0,0.0,0.0,0.0,0.0,0.0,0.0,0.0,0.0,0.0,0.0,2.0,2.0,100.0,569.77,1.0,1.0,50.0,284.89,0.0,0.0,0.0,0.0,0.0,0.0,0.0,0.0,0.0,0.0,0.0,0.0,0.0,0.0,0.0,0.0,0.0,0.0,0.0,0.0,0.0,0.0,0.0,0.0,0.0,0.0,0.0,0.0,0.0,0.0,0.0,0.0,0.0,0.0,0.0,0.0,2.0,2.0,100.0,569.77,50.0,50.0,0.0,379.85,0.0,0.0,0.0,0.13,0.13,,0.57,,,0.5,0.0,,,,,0.0,0.0,0.0,100.0,
4,臺北台新戰神,5|11|10863|10865,黃聰翰/蘇奕晉/魏芃禾/謝銘駿,1,2,2.0,7.58,0.13,00:08,7.58,0.13,00:08,1.0,1.0,50.0,284.89,1.0,1.0,50.0,284.89,0.0,0.0,0.0,0.0,0.0,0.0,0.0,0.0,0.0,0.0,0.0,0.0,0.0,0.0,0.0,0.0,0.0,0.0,0.0,0.0,0.0,0.0,0.0,0.0,2.0,2.0,100.0,569.77,1.0,1.0,50.0,284.89,0.0,0.0,0.0,0.0,0.0,0.0,0.0,0.0,0.0,0.0,0.0,0.0,0.0,0.0,0.0,0.0,0.0,0.0,0.0,0.0,0.0,0.0,0.0,0.0,0.0,0.0,0.0,0.0,0.0,0.0,0.0,0.0,0.0,0.0,0.0,0.0,2.0,2.0,100.0,569.77,50.0,50.0,0.0,379.85,0.0,0.0,0.0,0.13,0.13,,0.57,,,0.5,0.0,,,,,0.0,0.0,0.0,100.0,
4,臺北台新戰神,10|11|10863|10865,雷蒙恩/蘇奕晉/魏芃禾/謝銘駿,1,2,2.0,7.58,0.13,00:08,7.58,0.13,00:08,1.0,1.0,50.0,284.89,1.0,1.0,50.0,284.89,0.0,0.0,0.0,0.0,0.0,0.0,0.0,0.0,0.0,0.0,0.0,0.0,0.0,0.0,0.0,0.0,0.0,0.0,0.0,0.0,0.0,0.0,0.0,0.0,2.0,2.0,100.0,569.77,1.0,1.0,50.0,284.89,0.0,0.0,0.0,0.0,0.0,0.0,0.0,0.0,0.0,0.0,0.0,0.0,0.0,0.0,0.0,0.0,0.0,0.0,0.0,0.0,0.0,0.0,0.0,0.0,0.0,0.0,0.0,0.0,0.0,0.0,0.0,0.0,0.0,0.0,0.0,0.0,2.0,2.0,100.0,569.77,50.0,50.0,0.0,379.85,0.0,0.0,0.0,0.13,0.13,,0.57,,,0.5,0.0,,,,,0.0,0.0,0.0,100.0,
4,高雄全家海神,45|119|122|13399,施晉堯/余純安/陳懷安/賽克維奇,1,3,4.0,36.16,0.6,00:36,36.16,0.6,00:36,1.0,1.0,25.0,59.73,1.0,1.0,25.0,59.73,0.0,0.0,0.0,0.0,0.0,0.0,0.0,0.0,0.0,0.0,0.0,0.0,0.0,0.0,0.0,0.0,0.0,0.0,0.0,0.0,0.0,0.0,0.0,0.0,2.0,2.0,50.0,119.46,1.0,1.0,25.0,59.73,0.0,0.0,0.0,0.0,0.0,0.0,0.0,0.0,2.0,2.0,50.0,119.46,0.0,0.0,0.0,0.0,0.0,0.0,0.0,0.0,0.0,0.0,0.0,0.0,0.0,0.0,0.0,0.0,0.0,0.0,0.0,0.0,1.0,1.0,25.0,59.73,2.0,2.0,50.0,119.46,25.0,25.0,0.0,159.27,0.0,0.0,0.0,0.6,0.6,,0.57,,,0.5,0.0,,,0.0,0.0,0.0,0.0,0.25,50.0,
4,高雄全家海神,45|119|122|14037,施晉堯/余純安/陳懷安/奧迪傑,1,3,4.0,36.16,0.6,00:36,36.16,0.6,00:36,1.0,1.0,25.0,59.73,1.0,1.0,25.0,59.73,0.0,0.0,0.0,0.0,0.0,0.0,0.0,0.0,0.0,0.0,0.0,0.0,0.0,0.0,0.0,0.0,0.0,0.0,0.0,0.0,0.0,0.0,0.0,0.0,2.0,2.0,50.0,119.46,1.0,1.0,25.0,59.73,0.0,0.0,0.0,0.0,0.0,0.0,0.0,0.0,2.0,2.0,50.0,119.46,0.0,0.0,0.0,0.0,0.0,0.0,0.0,0.0,0.0,0.0,0.0,0.0,0.0,0.0,0.0,0.0,0.0,0.0,0.0,0.0,1.0,1.0,25.0,59.73,2.0,2.0,50.0,119.46,25.0,25.0,0.0,159.27,0.0,0.0,0.0,0.6,0.6,,0.57,,,0.5,0.0,,,0.0,0.0,0.0,0.0,0.25,50.0,
4,高雄全家海神,119|122|13399|14037,余純安/陳懷安/賽克維奇/奧迪傑,1,3,4.0,36.16,0.6,00:36,36.16,0.6,00:36,1.0,1.0,25.0,59.73,1.0,1.0,25.0,59.73,0.0,0.0,0.0,0.0,0.0,0.0,0.0,0.0,0.0,0.0,0.0,0.0,0.0,0.0,0.0,0.0,0.0,0.0,0.0,0.0,0.0,0.0,0.0,0.0,2.0,2.0,50.0,119.46,1.0,1.0,25.0,59.73,0.0,0.0,0.0,0.0,0.0,0.0,0.0,0.0,2.0,2.0,50.0,119.46,0.0,0.0,0.0,0.0,0.0,0.0,0.0,0.0,0.0,0.0,0.0,0.0,0.0,0.0,0.0,0.0,0.0,0.0,0.0,0.0,1.0,1.0,25.0,59.73,2.0,2.0,50.0,119.46,25.0,25.0,0.0,159.27,0.0,0.0,0.0,0.6,0.6,,0.57,,,0.5,0.0,,,0.0,0.0,0.0,0.0,0.25,50.0,
4,臺北台新戰神,5|10|11|13,黃聰翰/雷蒙恩/蘇奕晉/陳冠全,2,47,56.0,720.99,12.02,12:01,360.5,6.01,06:00,26.0,13.0,46.43,77.89,20.0,10.0,35.71,59.92,21.0,10.5,37.5,62.91,7.0,3.5,12.5,20.97,11.0,5.5,19.64,32.95,5.0,2.5,8.93,14.98,10.0,5.0,17.86,29.96,2.0,1.0,3.57,5.99,10.0,5.0,17.86,29.96,10.0,5.0,17.86,29.96,4.0,2.0,7.14,11.98,10.0,5.0,17.86,29.96,4.0,2.0,7.14,11.98,9.0,4.5,16.07,26.96,3.0,1.5,5.36,8.99,5.0,2.5,8.93,14.98,2.0,1.0,3.57,5.99,1.0,0.5,1.79,3.0,5.0,2.5,8.93,14.98,1.0,0.5,1.79,3.0,46.43,35.71,10.71,111.85,6.0,3.0,10.71,12.02,6.01,0.38,0.51,0.45,0.2,1.0,0.11,0.71,0.31,0.71,0.52,3.57,1.79,0.09,1.79,0.48
4,臺北台新戰神,5|10|13|10865,黃聰翰/雷蒙恩/陳冠全/謝銘駿,2,22,24.0,382.3,6.37,06:22,191.15,3.19,03:11,12.0,6.0,50.0,67.8,15.0,7.5,62.5,84.75,9.0,4.5,37.5,50.85,3.0,1.5,12.5,16.95,6.0,3.0,25.0,33.9,2.0,1.0,8.33,11.3,3.0,1.5,12.5,16.95,1.0,0.5,4.17,5.65,5.0,2.5,20.83,28.25,5.0,2.5,20.83,28.25,2.0,1.0,8.33,11.3,4.0,2.0,16.67,22.6,0.0,0.0,0.0,0.0,5.0,2.5,20.83,28.25,1.0,0.5,4.17,5.65,2.0,1.0,8.33,11.3,0.0,0.0,0.0,0.0,1.0,0.5,4.17,5.65,4.0,2.0,16.67,22.6,0.0,0.0,0.0,0.0,50.0,62.5,-12.5,90.4,-3.0,-1.5,-12.5,6.37,3.19,0.39,0.54,0.33,0.33,1.0,0.08,0.67,0.29,1.0,0.55,0.0,4.17,0.17,0.0,0.56
4,臺北台新戰神,5|11|13|10865,黃聰翰/蘇奕晉/陳冠全/謝銘駿,1,8,9.0,175.6,2.93,02:56,175.6,2.93,02:56,2.0,2.0,22.22,24.6,2.0,2.0,22.22,24.6,5.0,5.0,55.56,61.5,1.0,1.0,11.11,12.3,5.0,5.0,55.56,61.5,1.0,1.0,11.11,12.3,0.0,0.0,0.0,0.0,0.0,0.0,0.0,0.0,0.0,0.0,0.0,0.0,0.0,0.0,0.0,0.0,1.0,1.0,11.11,12.3,3.0,3.0,33.33,36.9,0.0,0.0,0.0,0.0,3.0,3.0,33.33,36.9,0.0,0.0,0.0,0.0,1.0,1.0,11.11,12.3,0.0,0.0,0.0,0.0,1.0,1.0,11.11,12.3,2.0,2.0,22.22,24.6,0.0,0.0,0.0,0.0,22.22,22.22,0.0,73.8,0.0,0.0,0.0,2.93,2.93,0.2,0.2,0.2,,,0.0,1.0,0.25,1.0,0.57,0.0,11.11,0.22,0.0,0.0
4,臺北台新戰神,10|11|13|10865,雷蒙恩/蘇奕晉/陳冠全/謝銘駿,1,8,9.0,175.6,2.93,02:56,175.6,2.93,02:56,2.0,2.0,22.22,24.6,2.0,2.0,22.22,24.6,5.0,5.0,55.56,61.5,1.0,1.0,11.11,12.3,5.0,5.0,55.56,61.5,1.0,1.0,11.11,12.3,0.0,0.0,0.0,0.0,0.0,0.0,0.0,0.0,0.0,0.0,0.0,0.0,0.0,0.0,0.0,0.0,1.0,1.0,11.11,12.3,3.0,3.0,33.33,36.9,0.0,0.0,0.0,0.0,3.0,3.0,33.33,36.9,0.0,0.0,0.0,0.0,1.0,1.0,11.11,12.3,0.0,0.0,0.0,0.0,1.0,1.0,11.11,12.3,2.0,2.0,22.22,24.6,0.0,0.0,0.0,0.0,22.22,22.22,0.0,73.8,0.0,0.0,0.0,2.93,2.93,0.2,0.2,0.2,,,0.0,1.0,0.25,1.0,0.57,0.0,11.11,0.22,0.0,0.0
4,臺北台新戰神,1|5|11|13,丁聖儒/黃聰翰/蘇奕晉/陳冠全,2,15,16.0,203.02,3.38,03:23,101.51,1.69,01:42,13.0,6.5,81.25,138.31,5.0,2.5,31.25,53.2,6.0,3.0,37.5,63.84,3.0,1.5,18.75,31.92,2.0,1.0,12.5,21.28,1.0,0.5,6.25,10.64,4.0,2.0,25.0,42.56,2.0,1.0,12.5,21.28,5.0,2.5,31.25,53.2,5.0,2.5,31.25,53.2,0.0,0.0,0.0,0.0,3.0,1.5,18.75,31.92,1.0,0.5,6.25,10.64,1.0,0.5,6.25,10.64,0.0,0.0,0.0,0.0,3.0,1.5,18.75,31.92,0.0,0.0,0.0,0.0,0.0,0.0,0.0,0.0,2.0,1.0,12.5,21.28,0.0,0.0,0.0,0.0,81.25,31.25,50.0,113.49,8.0,4.0,50.0,3.38,1.69,0.67,0.79,0.5,0.5,1.0,0.0,1.0,0.0,0.75,0.6,0.0,0.0,0.12,0.0,0.83
4,臺北台新戰神,4|5|10864|10865,張兆辰/黃聰翰/劉彥廷/謝銘駿,2,23,30.0,400.49,6.67,06:40,200.24,3.34,03:20,3.0,1.5,10.0,16.18,12.0,6.0,40.0,64.72,10.0,5.0,33.33,53.93,0.0,0.0,0.0,0.0,7.0,3.5,23.33,37.75,0.0,0.0,0.0,0.0,3.0,1.5,10.0,16.18,0.0,0.0,0.0,0.0,4.0,2.0,13.33,21.57,3.0,1.5,10.0,16.18,3.0,1.5,10.0,16.18,7.0,3.5,23.33,37.75,4.0,2.0,13.33,21.57,2.0,1.0,6.67,10.79,2.0,1.0,6.67,10.79,0.0,0.0,0.0,0.0,2.0,1.0,6.67,10.79,2.0,1.0,6.67,10.79,3.0,1.5,10.0,16.18,0.0,0.0,0.0,0.0,10.0,40.0,-30.0,107.87,-9.0,-4.5,-30.0,6.67,3.34,0.0,0.13,0.0,0.0,0.75,0.15,,0.6,0.64,0.62,6.67,6.67,0.1,0.0,0.4
4,高雄全家海神,45|51|110|13399,施晉堯/克力斯/胡瓏貿/賽克維奇,2,37,44.0,578.02,9.63,09:38,289.01,4.82,04:49,20.0,10.0,45.45,74.74,20.0,10.0,45.45,74.74,13.0,6.5,29.55,48.58,6.0,3.0,13.64,22.42,6.0,3.0,13.64,22.42,4.0,2.0,9.09,14.95,7.0,3.5,15.91,26.16,2.0,1.0,4.55,7.47,6.0,3.0,13.64,22.42,6.0,3.0,13.64,22.42,3.0,1.5,6.82,11.21,4.0,2.0,9.09,14.95,2.0,1.0,4.55,7.47,8.0,4.0,18.18,29.89,5.0,2.5,11.36,18.68,1.0,0.5,2.27,3.74,2.0,1.0,4.55,7.47,1.0,0.5,2.27,3.74,6.0,3.0,13.64,22.42,9.0,4.5,20.45,33.63,45.45,45.45,0.0,109.61,0.0,0.0,0.0,9.63,4.82,0.54,0.64,0.67,0.29,1.0,0.24,0.17,0.27,0.67,0.41,4.55,2.27,0.14,20.45,0.46
4,高雄全家海神,45|110|119|13399,施晉堯/胡瓏貿/余純安/賽克維奇,1,14,16.0,186.99,3.12,03:07,186.99,3.12,03:07,9.0,9.0,56.25,103.96,8.0,8.0,50.0,92.41,5.0,5.0,31.25,57.76,3.0,3.0,18.75,34.65,3.0,3.0,18.75,34.65,2.0,2.0,12.5,23.1,2.0,2.0,12.5,23.1,1.0,1.0,6.25,11.55,2.0,2.0,12.5,23.1,2.0,2.0,12.5,23.1,1.0,1.0,6.25,11.55,1.0,1.0,6.25,11.55,1.0,1.0,6.25,11.55,3.0,3.0,18.75,34.65,2.0,2.0,12.5,23.1,0.0,0.0,0.0,0.0,0.0,0.0,0.0,0.0,0.0,0.0,0.0,0.0,3.0,3.0,18.75,34.65,6.0,6.0,37.5,69.31,56.25,50.0,6.25,123.21,1.0,1.0,6.25,3.12,3.12,0.7,0.77,0.67,0.5,1.0,0.25,0.0,0.25,0.5,0.33,0.0,0.0,0.19,37.5,0.4
4,臺北台新戰神,4|10|10863|10864,張兆辰/雷蒙恩/魏芃禾/劉彥廷,2,23,28.0,362.86,6.05,06:03,181.43,3.02,03:01,16.0,8.0,57.14,95.24,17.0,8.5,60.71,101.2,11.0,5.5,39.29,65.48,7.0,3.5,25.0,41.67,10.0,5.0,35.71,59.53,7.0,3.5,25.0,41.67,1.0,0.5,3.57,5.95,0.0,0.0,0.0,0.0,5.0,2.5,17.86,29.76,2.0,1.0,7.14,11.91,2.0,1.0,7.14,11.91,4.0,2.0,14.29,23.81,0.0,0.0,0.0,0.0,3.0,1.5,10.71,17.86,1.0,0.5,3.57,5.95,3.0,1.5,10.71,17.86,1.0,0.5,3.57,5.95,1.0,0.5,3.57,5.95,4.0,2.0,14.29,23.81,3.0,1.5,10.71,17.86,57.14,60.71,-3.57,111.12,-1.0,-0.5,-3.57,6.05,3.02,0.64,0.61,0.7,0.0,0.4,0.07,0.43,0.4,1.0,0.67,3.57,3.57,0.14,10.71,0.45
4,臺北台新戰神,1|4|10|10863,丁聖儒/張兆辰/雷蒙恩/魏芃禾,1,1,2.0,22.87,0.38,00:23,22.87,0.38,00:23,2.0,2.0,100.0,188.92,0.0,0.0,0.0,0.0,2.0,2.0,100.0,188.92,1.0,1.0,50.0,94.46,2.0,2.0,100.0,188.92,1.0,1.0,50.0,94.46,0.0,0.0,0.0,0.0,0.0,0.0,0.0,0.0,0.0,0.0,0.0,0.0,0.0,0.0,0.0,0.0,1.0,1.0,50.0,94.46,0.0,0.0,0.0,0.0,0.0,0.0,0.0,0.0,0.0,0.0,0.0,0.0,0.0,0.0,0.0,0.0,0.0,0.0,0.0,0.0,0.0,0.0,0.0,0.0,0.0,0.0,0.0,0.0,0.0,0.0,0.0,0.0,0.0,0.0,0.0,0.0,100.0,0.0,100.0,125.95,2.0,2.0,100.0,0.38,0.38,0.5,0.5,0.5,,,0.0,0.0,1.0,,1.0,0.0,0.0,0.0,0.0,0.0
4,臺北台新戰神,1|4|10863|10864,丁聖儒/張兆辰/魏芃禾/劉彥廷,1,1,2.0,22.87,0.38,00:23,22.87,0.38,00:23,2.0,2.0,100.0,188.92,0.0,0.0,0.0,0.0,2.0,2.0,100.0,188.92,1.0,1.0,50.0,94.46,2.0,2.0,100.0,188.92,1.0,1.0,50.0,94.46,0.0,0.0,0.0,0.0,0.0,0.0,0.0,0.0,0.0,0.0,0.0,0.0,0.0,0.0,0.0,0.0,1.0,1.0,50.0,94.46,0.0,0.0,0.0,0.0,0.0,0.0,0.0,0.0,0.0,0.0,0.0,0.0,0.0,0.0,0.0,0.0,0.0,0.0,0.0,0.0,0.0,0.0,0.0,0.0,0.0,0.0,0.0,0.0,0.0,0.0,0.0,0.0,0.0,0.0,0.0,0.0,100.0,0.0,100.0,125.95,2.0,2.0,100.0,0.38,0.38,0.5,0.5,0.5,,,0.0,0.0,1.0,,1.0,0.0,0.0,0.0,0.0,0.0
4,臺北台新戰神,1|10|10863|10864,丁聖儒/雷蒙恩/魏芃禾/劉彥廷,1,1,2.0,22.87,0.38,00:23,22.87,0.38,00:23,2.0,2.0,100.0,188.92,0.0,0.0,0.0,0.0,2.0,2.0,100.0,188.92,1.0,1.0,50.0,94.46,2.0,2.0,100.0,188.92,1.0,1.0,50.0,94.46,0.0,0.0,0.0,0.0,0.0,0.0,0.0,0.0,0.0,0.0,0.0,0.0,0.0,0.0,0.0,0.0,1.0,1.0,50.0,94.46,0.0,0.0,0.0,0.0,0.0,0.0,0.0,0.0,0.0,0.0,0.0,0.0,0.0,0.0,0.0,0.0,0.0,0.0,0.0,0.0,0.0,0.0,0.0,0.0,0.0,0.0,0.0,0.0,0.0,0.0,0.0,0.0,0.0,0.0,0.0,0.0,100.0,0.0,100.0,125.95,2.0,2.0,100.0,0.38,0.38,0.5,0.5,0.5,,,0.0,0.0,1.0,,1.0,0.0,0.0,0.0,0.0,0.0
4,臺北台新戰神,5|10|13|10863,黃聰翰/雷蒙恩/陳冠全/魏芃禾,1,35,44.0,552.28,9.2,09:12,552.28,9.2,09:12,19.0,19.0,43.18,74.31,19.0,19.0,43.18,74.31,15.0,15.0,34.09,58.67,6.0,6.0,13.64,23.47,6.0,6.0,13.64,23.47,4.0,4.0,9.09,15.64,9.0,9.0,20.45,35.2,2.0,2.0,4.55,7.82,5.0,5.0,11.36,19.56,5.0,5.0,11.36,19.56,3.0,3.0,6.82,11.73,6.0,6.0,13.64,23.47,4.0,4.0,9.09,15.64,7.0,7.0,15.91,27.38,3.0,3.0,6.82,11.73,4.0,4.0,9.09,15.64,2.0,2.0,4.55,7.82,0.0,0.0,0.0,0.0,2.0,2.0,4.55,7.82,4.0,4.0,9.09,15.64,43.18,43.18,0.0,114.72,0.0,0.0,0.0,9.2,9.2,0.47,0.55,0.67,0.22,1.0,0.15,0.67,0.3,0.6,0.45,4.55,0.0,0.05,9.09,0.33
4,臺北台新戰神,5|11|13|10863,黃聰翰/蘇奕晉/陳冠全/魏芃禾,1,36,44.0,532.39,8.87,08:52,532.39,8.87,08:52,17.0,17.0,38.64,68.97,16.0,16.0,36.36,64.91,13.0,13.0,29.55,52.74,5.0,5.0,11.36,20.29,5.0,5.0,11.36,20.29,3.0,3.0,6.82,12.17,8.0,8.0,18.18,32.46,2.0,2.0,4.55,8.11,7.0,7.0,15.91,28.4,5.0,5.0,11.36,20.29,3.0,3.0,6.82,12.17,6.0,6.0,13.64,24.34,4.0,4.0,9.09,16.23,8.0,8.0,18.18,32.46,4.0,4.0,9.09,16.23,3.0,3.0,6.82,12.17,3.0,3.0,6.82,12.17,0.0,0.0,0.0,0.0,4.0,4.0,9.09,16.23,3.0,3.0,6.82,12.17,38.64,36.36,2.27,119.01,1.0,1.0,2.27,8.87,8.87,0.46,0.53,0.6,0.25,0.71,0.2,0.6,0.27,0.6,0.43,6.82,0.0,0.09,6.82,0.54
4,臺北台新戰神,10|11|13|10863,雷蒙恩/蘇奕晉/陳冠全/魏芃禾,1,28,35.0,417.38,6.96,06:57,417.38,6.96,06:57,14.0,14.0,40.0,72.45,15.0,15.0,42.86,77.63,12.0,12.0,34.29,62.1,4.0,4.0,11.43,20.7,5.0,5.0,14.29,25.88,3.0,3.0,8.57,15.53,7.0,7.0,20.0,36.23,1.0,1.0,2.86,5.18,5.0,5.0,14.29,25.88,5.0,5.0,14.29,25.88,3.0,3.0,8.57,15.53,5.0,5.0,14.29,25.88,3.0,3.0,8.57,15.53,6.0,6.0,17.14,31.05,3.0,3.0,8.57,15.53,2.0,2.0,5.71,10.35,2.0,2.0,5.71,10.35,0.0,0.0,0.0,0.0,2.0,2.0,5.71,10.35,1.0,1.0,2.86,5.18,40.0,42.86,-2.86,120.75,-1.0,-1.0,-2.86,6.96,6.96,0.38,0.49,0.6,0.14,1.0,0.17,0.5,0.33,0.62,0.47,5.71,0.0,0.06,2.86,0.42
4,臺北台新戰神,3|5|10|13,陳文宏/黃聰翰/雷蒙恩/陳冠全,1,6,7.0,87.91,1.47,01:28,87.91,1.47,01:28,4.0,4.0,57.14,98.28,3.0,3.0,42.86,73.71,3.0,3.0,42.86,73.71,2.0,2.0,28.57,49.14,2.0,2.0,28.57,49.14,2.0,2.0,28.57,49.14,1.0,1.0,14.29,24.57,0.0,0.0,0.0,0.0,0.0,0.0,0.0,0.0,0.0,0.0,0.0,0.0,1.0,1.0,14.29,24.57,0.0,0.0,0.0,0.0,0.0,0.0,0.0,0.0,1.0,1.0,14.29,24.57,0.0,0.0,0.0,0.0,1.0,1.0,14.29,24.57,0.0,0.0,0.0,0.0,0.0,0.0,0.0,0.0,0.0,0.0,0.0,0.0,1.0,1.0,14.29,24.57,57.14,42.86,14.29,114.66,1.0,1.0,14.29,1.47,1.47,0.67,0.67,1.0,0.0,,0.0,0.5,0.5,,0.5,0.0,0.0,0.0,14.29,0.0
4,臺北台新戰神,3|5|10|10863,陳文宏/黃聰翰/雷蒙恩/魏芃禾,1,2,2.0,35.91,0.6,00:36,35.91,0.6,00:36,2.0,2.0,100.0,120.3,1.0,1.0,50.0,60.15,1.0,1.0,50.0,60.15,1.0,1.0,50.0,60.15,1.0,1.0,50.0,60.15,1.0,1.0,50.0,60.15,0.0,0.0,0.0,0.0,0.0,0.0,0.0,0.0,0.0,0.0,0.0,0.0,0.0,0.0,0.0,0.0,0.0,0.0,0.0,0.0,0.0,0.0,0.0,0.0,0.0,0.0,0.0,0.0,0.0,0.0,0.0,0.0,0.0,0.0,0.0,0.0,1.0,1.0,50.0,60.15,0.0,0.0,0.0,0.0,0.0,0.0,0.0,0.0,0.0,0.0,0.0,0.0,1.0,1.0,50.0,60.15,100.0,50.0,50.0,80.2,1.0,1.0,50.0,0.6,0.6,1.0,1.0,1.0,,,0.0,1.0,,,,0.0,0.0,0.0,50.0,0.0
4,臺北台新戰神,3|5|13|10863,陳文宏/黃聰翰/陳冠全/魏芃禾,1,2,2.0,35.91,0.6,00:36,35.91,0.6,00:36,2.0,2.0,100.0,120.3,1.0,1.0,50.0,60.15,1.0,1.0,50.0,60.15,1.0,1.0,50.0,60.15,1.0,1.0,50.0,60.15,1.0,1.0,50.0,60.15,0.0,0.0,0.0,0.0,0.0,0.0,0.0,0.0,0.0,0.0,0.0,0.0,0.0,0.0,0.0,0.0,0.0,0.0,0.0,0.0,0.0,0.0,0.0,0.0,0.0,0.0,0.0,0.0,0.0,0.0,0.0,0.0,0.0,0.0,0.0,0.0,1.0,1.0,50.0,60.15,0.0,0.0,0.0,0.0,0.0,0.0,0.0,0.0,0.0,0.0,0.0,0.0,1.0,1.0,50.0,60.15,100.0,50.0,50.0,80.2,1.0,1.0,50.0,0.6,0.6,1.0,1.0,1.0,,,0.0,1.0,,,,0.0,0.0,0.0,50.0,0.0
4,臺北台新戰神,3|10|13|10863,陳文宏/雷蒙恩/陳冠全/魏芃禾,1,14,18.0,205.91,3.43,03:26,205.91,3.43,03:26,8.0,8.0,44.44,83.92,4.0,4.0,22.22,41.96,8.0,8.0,44.44,83.92,4.0,4.0,22.22,41.96,6.0,6.0,33.33,62.94,4.0,4.0,22.22,41.96,2.0,2.0,11.11,20.98,0.0,0.0,0.0,0.0,0.0,0.0,0.0,0.0,0.0,0.0,0.0,0.0,2.0,2.0,11.11,20.98,2.0,2.0,11.11,20.98,2.0,2.0,11.11,20.98,2.0,2.0,11.11,20.98,1.0,1.0,5.56,10.49,1.0,1.0,5.56,10.49,1.0,1.0,5.56,10.49,0.0,0.0,0.0,0.0,0.0,0.0,0.0,0.0,3.0,3.0,16.67,31.47,44.44,22.22,22.22,125.88,4.0,4.0,22.22,3.43,3.43,0.5,0.5,0.67,0.0,,0.11,0.25,0.5,0.5,0.5,5.56,0.0,0.0,16.67,0.0
4,臺北台新戰神,3|5|10|10865,陳文宏/黃聰翰/雷蒙恩/謝銘駿,1,6,7.0,82.0,1.37,01:22,82.0,1.37,01:22,2.0,2.0,28.57,52.68,2.0,2.0,28.57,52.68,3.0,3.0,42.86,79.02,1.0,1.0,14.29,26.34,2.0,2.0,28.57,52.68,1.0,1.0,14.29,26.34,1.0,1.0,14.29,26.34,0.0,0.0,0.0,0.0,0.0,0.0,0.0,0.0,0.0,0.0,0.0,0.0,1.0,1.0,14.29,26.34,1.0,1.0,14.29,26.34,0.0,0.0,0.0,0.0,2.0,2.0,28.57,52.68,1.0,1.0,14.29,26.34,0.0,0.0,0.0,0.0,0.0,0.0,0.0,0.0,0.0,0.0,0.0,0.0,0.0,0.0,0.0,0.0,0.0,0.0,0.0,0.0,28.57,28.57,0.0,122.93,0.0,0.0,0.0,1.37,1.37,0.33,0.33,0.5,0.0,,0.25,0.0,0.33,1.0,0.5,0.0,0.0,0.0,0.0,0.0
4,臺北台新戰神,3|10|13|10865,陳文宏/雷蒙恩/陳冠全/謝銘駿,1,7,8.0,80.25,1.34,01:20,80.25,1.34,01:20,2.0,2.0,25.0,53.83,5.0,5.0,62.5,134.59,3.0,3.0,37.5,80.75,1.0,1.0,12.5,26.92,2.0,2.0,25.0,53.83,1.0,1.0,12.5,26.92,1.0,1.0,12.5,26.92,0.0,0.0,0.0,0.0,0.0,0.0,0.0,0.0,0.0,0.0,0.0,0.0,1.0,1.0,12.5,26.92,1.0,1.0,12.5,26.92,0.0,0.0,0.0,0.0,1.0,1.0,12.5,26.92,0.0,0.0,0.0,0.0,0.0,0.0,0.0,0.0,0.0,0.0,0.0,0.0,1.0,1.0,12.5,26.92,0.0,0.0,0.0,0.0,4.0,4.0,50.0,107.67,25.0,62.5,-37.5,143.56,-3.0,-3.0,-37.5,1.34,1.34,0.33,0.33,0.5,0.0,,0.0,0.0,0.5,1.0,0.67,0.0,12.5,0.0,50.0,0.0
4,臺北台新戰神,3|10|10864|10865,陳文宏/雷蒙恩/劉彥廷/謝銘駿,1,12,14.0,152.56,2.54,02:33,152.56,2.54,02:33,4.0,4.0,28.57,56.63,9.0,9.0,64.29,127.43,3.0,3.0,21.43,42.48,2.0,2.0,14.29,28.32,3.0,3.0,21.43,42.48,2.0,2.0,14.29,28.32,0.0,0.0,0.0,0.0,0.0,0.0,0.0,0.0,2.0,2.0,14.29,28.32,0.0,0.0,0.0,0.0,0.0,0.0,0.0,0.0,2.0,2.0,14.29,28.32,1.0,1.0,7.14,14.16,3.0,3.0,21.43,42.48,3.0,3.0,21.43,42.48,0.0,0.0,0.0,0.0,1.0,1.0,7.14,14.16,0.0,0.0,0.0,0.0,1.0,1.0,7.14,14.16,5.0,5.0,35.71,70.79,28.57,64.29,-35.71,132.15,-5.0,-5.0,-35.71,2.54,2.54,0.67,0.52,0.67,,0.0,0.44,0.0,0.0,0.67,0.33,7.14,0.0,0.07,35.71,0.67
4,臺北台新戰神,2|3|5|10865,江均/陳文宏/黃聰翰/謝銘駿,1,3,3.0,54.0,0.9,00:54,54.0,0.9,00:54,0.0,0.0,0.0,0.0,2.0,2.0,66.67,80.0,1.0,1.0,33.33,40.0,0.0,0.0,0.0,0.0,0.0,0.0,0.0,0.0,0.0,0.0,0.0,0.0,1.0,1.0,33.33,40.0,0.0,0.0,0.0,0.0,0.0,0.0,0.0,0.0,0.0,0.0,0.0,0.0,0.0,0.0,0.0,0.0,1.0,1.0,33.33,40.0,0.0,0.0,0.0,0.0,1.0,1.0,33.33,40.0,0.0,0.0,0.0,0.0,0.0,0.0,0.0,0.0,0.0,0.0,0.0,0.0,0.0,0.0,0.0,0.0,0.0,0.0,0.0,0.0,0.0,0.0,0.0,0.0,0.0,66.67,-66.67,80.0,-2.0,-2.0,-66.67,0.9,0.9,0.0,0.0,,0.0,,0.0,,0.0,1.0,0.5,0.0,0.0,0.0,0.0,0.0
4,臺北台新戰神,2|3|10864|10865,江均/陳文宏/劉彥廷/謝銘駿,3,42,51.0,607.86,10.13,10:08,202.62,3.38,03:23,12.0,4.0,23.53,42.64,37.0,12.33,72.55,131.48,10.0,3.33,19.61,35.53,4.0,1.33,7.84,14.21,5.0,1.67,9.8,17.77,3.0,1.0,5.88,10.66,5.0,1.67,9.8,17.77,1.0,0.33,1.96,3.55,6.0,2.0,11.76,21.32,3.0,1.0,5.88,10.66,1.0,0.33,1.96,3.55,8.0,2.67,15.69,28.43,5.0,1.67,9.8,17.77,6.0,2.0,11.76,21.32,7.0,2.33,13.73,24.87,2.0,0.67,3.92,7.11,4.0,1.33,7.84,14.21,0.0,0.0,0.0,0.0,3.0,1.0,5.88,10.66,12.0,4.0,23.53,42.64,23.53,72.55,-49.02,120.82,-25.0,-8.33,-49.02,10.13,3.38,0.45,0.47,0.6,0.2,0.5,0.36,0.5,0.14,0.62,0.45,7.84,0.0,0.06,23.53,0.6
4,臺北台新戰神,2|5|10864|10865,江均/黃聰翰/劉彥廷/謝銘駿,1,3,3.0,54.0,0.9,00:54,54.0,0.9,00:54,0.0,0.0,0.0,0.0,2.0,2.0,66.67,80.0,1.0,1.0,33.33,40.0,0.0,0.0,0.0,0.0,0.0,0.0,0.0,0.0,0.0,0.0,0.0,0.0,1.0,1.0,33.33,40.0,0.0,0.0,0.0,0.0,0.0,0.0,0.0,0.0,0.0,0.0,0.0,0.0,0.0,0.0,0.0,0.0,1.0,1.0,33.33,40.0,0.0,0.0,0.0,0.0,1.0,1.0,33.33,40.0,0.0,0.0,0.0,0.0,0.0,0.0,0.0,0.0,0.0,0.0,0.0,0.0,0.0,0.0,0.0,0.0,0.0,0.0,0.0,0.0,0.0,0.0,0.0,0.0,0.0,66.67,-66.67,80.0,-2.0,-2.0,-66.67,0.9,0.9,0.0,0.0,,0.0,,0.0,,0.0,1.0,0.5,0.0,0.0,0.0,0.0,0.0
4,臺北台新戰神,2|3|10863|10865,江均/陳文宏/魏芃禾/謝銘駿,1,7,8.0,89.59,1.49,01:30,89.59,1.49,01:30,4.0,4.0,50.0,96.44,5.0,5.0,62.5,120.55,1.0,1.0,12.5,24.11,1.0,1.0,12.5,24.11,1.0,1.0,12.5,24.11,1.0,1.0,12.5,24.11,0.0,0.0,0.0,0.0,0.0,0.0,0.0,0.0,3.0,3.0,37.5,72.33,2.0,2.0,25.0,48.22,0.0,0.0,0.0,0.0,1.0,1.0,12.5,24.11,0.0,0.0,0.0,0.0,1.0,1.0,12.5,24.11,2.0,2.0,25.0,48.22,1.0,1.0,12.5,24.11,1.0,1.0,12.5,24.11,0.0,0.0,0.0,0.0,2.0,2.0,25.0,48.22,0.0,0.0,0.0,0.0,50.0,62.5,-12.5,128.59,-1.0,-1.0,-12.5,1.49,1.49,1.0,0.86,1.0,,0.67,0.46,1.0,0.0,1.0,0.5,12.5,0.0,0.25,0.0,3.0
4,臺北台新戰神,3|10863|10864|10865,陳文宏/魏芃禾/劉彥廷/謝銘駿,1,7,8.0,89.59,1.49,01:30,89.59,1.49,01:30,4.0,4.0,50.0,96.44,5.0,5.0,62.5,120.55,1.0,1.0,12.5,24.11,1.0,1.0,12.5,24.11,1.0,1.0,12.5,24.11,1.0,1.0,12.5,24.11,0.0,0.0,0.0,0.0,0.0,0.0,0.0,0.0,3.0,3.0,37.5,72.33,2.0,2.0,25.0,48.22,0.0,0.0,0.0,0.0,1.0,1.0,12.5,24.11,0.0,0.0,0.0,0.0,1.0,1.0,12.5,24.11,2.0,2.0,25.0,48.22,1.0,1.0,12.5,24.11,1.0,1.0,12.5,24.11,0.0,0.0,0.0,0.0,2.0,2.0,25.0,48.22,0.0,0.0,0.0,0.0,50.0,62.5,-12.5,128.59,-1.0,-1.0,-12.5,1.49,1.49,1.0,0.86,1.0,,0.67,0.46,1.0,0.0,1.0,0.5,12.5,0.0,0.25,0.0,3.0
4,新北國王,32|10872|10873|14038,奧帝/林彥廷/喬納森/飛米,3,41,46.0,669.55,11.16,11:10,223.18,3.72,03:43,31.0,10.33,67.39,100.01,21.0,7.0,45.65,67.75,17.0,5.67,36.96,54.84,9.0,3.0,19.57,29.03,6.0,2.0,13.04,19.36,3.0,1.0,6.52,9.68,11.0,3.67,23.91,35.49,6.0,2.0,13.04,19.36,7.0,2.33,15.22,22.58,7.0,2.33,15.22,22.58,3.0,1.0,6.52,9.68,5.0,1.67,10.87,16.13,2.0,0.67,4.35,6.45,7.0,2.33,15.22,22.58,3.0,1.0,6.52,9.68,8.0,2.67,17.39,25.81,2.0,0.67,4.35,6.45,0.0,0.0,0.0,0.0,8.0,2.67,17.39,25.81,6.0,2.0,13.04,19.36,67.39,45.65,21.74,98.93,10.0,3.33,21.74,11.16,3.72,0.71,0.77,0.5,0.55,1.0,0.13,0.89,0.3,0.71,0.47,4.35,0.0,0.17,13.04,0.41
4,新北國王,32|10873|10874|14038,奧帝/喬納森/熊祥泰/飛米,2,41,46.0,628.98,10.48,10:29,314.49,5.24,05:14,37.0,18.5,80.43,127.06,14.0,7.0,30.43,48.08,19.0,9.5,41.3,65.25,12.0,6.0,26.09,41.21,7.0,3.5,15.22,24.04,6.0,3.0,13.04,20.6,12.0,6.0,26.09,41.21,6.0,3.0,13.04,20.6,7.0,3.5,15.22,24.04,7.0,3.5,15.22,24.04,3.0,1.5,6.52,10.3,4.0,2.0,8.7,13.74,2.0,1.0,4.35,6.87,11.0,5.5,23.91,37.78,1.0,0.5,2.17,3.43,12.0,6.0,26.09,41.21,0.0,0.0,0.0,0.0,0.0,0.0,0.0,0.0,8.0,4.0,17.39,27.47,6.0,3.0,13.04,20.6,80.43,30.43,50.0,105.31,23.0,11.5,50.0,10.48,5.24,0.79,0.84,0.86,0.5,1.0,0.04,1.0,0.21,0.67,0.35,0.0,0.0,0.17,13.04,0.37
4,臺北台新戰神,2|3|10|10864,江均/陳文宏/雷蒙恩/劉彥廷,1,21,25.0,277.37,4.62,04:37,277.37,4.62,04:37,8.0,8.0,32.0,62.3,16.0,16.0,64.0,124.6,4.0,4.0,16.0,31.15,3.0,3.0,12.0,23.36,3.0,3.0,12.0,23.36,3.0,3.0,12.0,23.36,1.0,1.0,4.0,7.79,0.0,0.0,0.0,0.0,6.0,6.0,24.0,46.73,2.0,2.0,8.0,15.58,0.0,0.0,0.0,0.0,3.0,3.0,12.0,23.36,3.0,3.0,12.0,23.36,6.0,6.0,24.0,46.73,3.0,3.0,12.0,23.36,0.0,0.0,0.0,0.0,3.0,3.0,12.0,23.36,0.0,0.0,0.0,0.0,3.0,3.0,12.0,23.36,9.0,9.0,36.0,70.09,32.0,64.0,-32.0,129.79,-8.0,-8.0,-32.0,4.62,4.62,0.75,0.6,1.0,0.0,0.33,0.31,0.0,0.0,0.5,0.25,12.0,0.0,0.12,36.0,1.5
4,臺北台新戰神,2|3|10|10865,江均/陳文宏/雷蒙恩/謝銘駿,1,12,14.0,143.8,2.4,02:24,143.8,2.4,02:24,4.0,4.0,28.57,60.08,12.0,12.0,85.71,180.25,3.0,3.0,21.43,45.06,2.0,2.0,14.29,30.04,3.0,3.0,21.43,45.06,2.0,2.0,14.29,30.04,0.0,0.0,0.0,0.0,0.0,0.0,0.0,0.0,2.0,2.0,14.29,30.04,0.0,0.0,0.0,0.0,0.0,0.0,0.0,0.0,2.0,2.0,14.29,30.04,1.0,1.0,7.14,15.02,2.0,2.0,14.29,30.04,1.0,1.0,7.14,15.02,0.0,0.0,0.0,0.0,1.0,1.0,7.14,15.02,1.0,1.0,7.14,15.02,1.0,1.0,7.14,15.02,9.0,9.0,64.29,135.18,28.57,85.71,-57.14,140.19,-8.0,-8.0,-57.14,2.4,2.4,0.67,0.52,0.67,,0.0,0.2,0.0,0.0,0.67,0.4,7.14,7.14,0.07,64.29,0.67
4,臺北台新戰神,2|3|10|13,江均/陳文宏/雷蒙恩/陳冠全,1,15,19.0,198.25,3.3,03:18,198.25,3.3,03:18,6.0,6.0,31.58,65.37,6.0,6.0,31.58,65.37,8.0,8.0,42.11,87.16,3.0,3.0,15.79,32.69,6.0,6.0,31.58,65.37,3.0,3.0,15.79,32.69,2.0,2.0,10.53,21.79,0.0,0.0,0.0,0.0,0.0,0.0,0.0,0.0,0.0,0.0,0.0,0.0,2.0,2.0,10.53,21.79,3.0,3.0,15.79,32.69,2.0,2.0,10.53,21.79,2.0,2.0,10.53,21.79,1.0,1.0,5.26,10.9,0.0,0.0,0.0,0.0,1.0,1.0,5.26,10.9,1.0,1.0,5.26,10.9,0.0,0.0,0.0,0.0,6.0,6.0,31.58,65.37,31.58,31.58,0.0,138.01,0.0,0.0,0.0,3.3,3.3,0.38,0.38,0.5,0.0,,0.11,0.0,0.5,0.6,0.56,5.26,5.26,0.0,31.58,0.0
4,臺北台新戰神,2|3|13|10865,江均/陳文宏/陳冠全/謝銘駿,2,27,32.0,446.25,7.44,07:26,223.13,3.72,03:43,6.0,3.0,18.75,29.04,12.0,6.0,37.5,58.08,10.0,5.0,31.25,48.4,1.0,0.5,3.12,4.84,5.0,2.5,15.62,24.2,0.0,0.0,0.0,0.0,5.0,2.5,15.62,24.2,1.0,0.5,3.12,4.84,4.0,2.0,12.5,19.36,3.0,1.5,9.38,14.52,0.0,0.0,0.0,0.0,8.0,4.0,25.0,38.72,5.0,2.5,15.62,24.2,7.0,3.5,21.88,33.88,1.0,0.5,3.12,4.84,1.0,0.5,3.12,4.84,0.0,0.0,0.0,0.0,1.0,0.5,3.12,4.84,1.0,0.5,3.12,4.84,7.0,3.5,21.88,33.88,18.75,37.5,-18.75,103.26,-6.0,-3.0,-18.75,7.44,3.72,0.15,0.26,0.0,0.2,0.75,0.08,1.0,0.0,0.62,0.4,0.0,3.12,0.03,21.88,0.4
4,臺北台新戰神,2|10|13|10865,江均/雷蒙恩/陳冠全/謝銘駿,1,6,6.0,68.25,1.14,01:08,68.25,1.14,01:08,3.0,3.0,50.0,94.95,6.0,6.0,100.0,189.9,2.0,2.0,33.33,63.3,1.0,1.0,16.67,31.65,1.0,1.0,16.67,31.65,0.0,0.0,0.0,0.0,1.0,1.0,16.67,31.65,1.0,1.0,16.67,31.65,0.0,0.0,0.0,0.0,0.0,0.0,0.0,0.0,0.0,0.0,0.0,0.0,1.0,1.0,16.67,31.65,0.0,0.0,0.0,0.0,0.0,0.0,0.0,0.0,1.0,1.0,16.67,31.65,1.0,1.0,16.67,31.65,0.0,0.0,0.0,0.0,1.0,1.0,16.67,31.65,0.0,0.0,0.0,0.0,4.0,4.0,66.67,126.6,50.0,100.0,-50.0,126.6,-3.0,-3.0,-50.0,1.14,1.14,0.75,0.75,0.0,1.0,,0.33,1.0,,1.0,1.0,0.0,16.67,0.0,66.67,0.0
4,臺北台新戰神,2|5|10|13,江均/黃聰翰/雷蒙恩/陳冠全,1,3,3.0,40.0,0.67,00:40,40.0,0.67,00:40,3.0,3.0,100.0,162.0,3.0,3.0,100.0,162.0,1.0,1.0,33.33,54.0,1.0,1.0,33.33,54.0,0.0,0.0,0.0,0.0,0.0,0.0,0.0,0.0,1.0,1.0,33.33,54.0,1.0,1.0,33.33,54.0,0.0,0.0,0.0,0.0,0.0,0.0,0.0,0.0,0.0,0.0,0.0,0.0,0.0,0.0,0.0,0.0,0.0,0.0,0.0,0.0,0.0,0.0,0.0,0.0,1.0,1.0,33.33,54.0,1.0,1.0,33.33,54.0,0.0,0.0,0.0,0.0,0.0,0.0,0.0,0.0,0.0,0.0,0.0,0.0,0.0,0.0,0.0,0.0,100.0,100.0,0.0,108.0,0.0,0.0,0.0,0.67,0.67,1.5,1.5,,1.0,,0.5,1.0,,,,0.0,0.0,0.0,0.0,0.0
4,臺北台新戰神,2|5|10|10865,江均/黃聰翰/雷蒙恩/謝銘駿,1,3,3.0,40.0,0.67,00:40,40.0,0.67,00:40,3.0,3.0,100.0,162.0,3.0,3.0,100.0,162.0,1.0,1.0,33.33,54.0,1.0,1.0,33.33,54.0,0.0,0.0,0.0,0.0,0.0,0.0,0.0,0.0,1.0,1.0,33.33,54.0,1.0,1.0,33.33,54.0,0.0,0.0,0.0,0.0,0.0,0.0,0.0,0.0,0.0,0.0,0.0,0.0,0.0,0.0,0.0,0.0,0.0,0.0,0.0,0.0,0.0,0.0,0.0,0.0,1.0,1.0,33.33,54.0,1.0,1.0,33.33,54.0,0.0,0.0,0.0,0.0,0.0,0.0,0.0,0.0,0.0,0.0,0.0,0.0,0.0,0.0,0.0,0.0,100.0,100.0,0.0,108.0,0.0,0.0,0.0,0.67,0.67,1.5,1.5,,1.0,,0.5,1.0,,,,0.0,0.0,0.0,0.0,0.0
4,臺北台新戰神,2|5|13|10865,江均/黃聰翰/陳冠全/謝銘駿,1,3,3.0,40.0,0.67,00:40,40.0,0.67,00:40,3.0,3.0,100.0,162.0,3.0,3.0,100.0,162.0,1.0,1.0,33.33,54.0,1.0,1.0,33.33,54.0,0.0,0.0,0.0,0.0,0.0,0.0,0.0,0.0,1.0,1.0,33.33,54.0,1.0,1.0,33.33,54.0,0.0,0.0,0.0,0.0,0.0,0.0,0.0,0.0,0.0,0.0,0.0,0.0,0.0,0.0,0.0,0.0,0.0,0.0,0.0,0.0,0.0,0.0,0.0,0.0,1.0,1.0,33.33,54.0,1.0,1.0,33.33,54.0,0.0,0.0,0.0,0.0,0.0,0.0,0.0,0.0,0.0,0.0,0.0,0.0,0.0,0.0,0.0,0.0,100.0,100.0,0.0,108.0,0.0,0.0,0.0,0.67,0.67,1.5,1.5,,1.0,,0.5,1.0,,,,0.0,0.0,0.0,0.0,0.0
4,臺北台新戰神,4|5|10|10865,張兆辰/黃聰翰/雷蒙恩/謝銘駿,1,22,27.0,386.96,6.45,06:27,386.96,6.45,06:27,6.0,6.0,22.22,33.49,18.0,18.0,66.67,100.47,9.0,9.0,33.33,50.24,0.0,0.0,0.0,0.0,7.0,7.0,25.93,39.07,0.0,0.0,0.0,0.0,2.0,2.0,7.41,11.16,0.0,0.0,0.0,0.0,7.0,7.0,25.93,39.07,6.0,6.0,22.22,33.49,3.0,3.0,11.11,16.75,6.0,6.0,22.22,33.49,1.0,1.0,3.7,5.58,1.0,1.0,3.7,5.58,1.0,1.0,3.7,5.58,0.0,0.0,0.0,0.0,1.0,1.0,3.7,5.58,2.0,2.0,7.41,11.16,4.0,4.0,14.81,22.33,0.0,0.0,0.0,0.0,22.22,66.67,-44.44,100.47,-12.0,-12.0,-44.44,6.45,6.45,0.0,0.25,0.0,0.0,0.86,0.08,,0.75,0.86,0.82,3.7,7.41,0.15,0.0,0.78
4,臺北台新戰神,4|5|13|10865,張兆辰/黃聰翰/陳冠全/謝銘駿,1,7,7.0,114.7,1.91,01:55,114.7,1.91,01:55,5.0,5.0,71.43,94.16,8.0,8.0,114.29,150.65,1.0,1.0,14.29,18.83,0.0,0.0,0.0,0.0,0.0,0.0,0.0,0.0,0.0,0.0,0.0,0.0,1.0,1.0,14.29,18.83,0.0,0.0,0.0,0.0,5.0,5.0,71.43,94.16,5.0,5.0,71.43,94.16,0.0,0.0,0.0,0.0,1.0,1.0,14.29,18.83,0.0,0.0,0.0,0.0,1.0,1.0,14.29,18.83,0.0,0.0,0.0,0.0,0.0,0.0,0.0,0.0,0.0,0.0,0.0,0.0,0.0,0.0,0.0,0.0,2.0,2.0,28.57,37.66,0.0,0.0,0.0,0.0,71.43,114.29,-42.86,87.88,-3.0,-3.0,-42.86,1.91,1.91,0.0,0.78,,0.0,1.0,0.0,,0.0,1.0,0.5,0.0,0.0,0.29,0.0,5.0
4,臺北台新戰神,4|10|13|10865,張兆辰/雷蒙恩/陳冠全/謝銘駿,1,7,7.0,114.7,1.91,01:55,114.7,1.91,01:55,5.0,5.0,71.43,94.16,8.0,8.0,114.29,150.65,1.0,1.0,14.29,18.83,0.0,0.0,0.0,0.0,0.0,0.0,0.0,0.0,0.0,0.0,0.0,0.0,1.0,1.0,14.29,18.83,0.0,0.0,0.0,0.0,5.0,5.0,71.43,94.16,5.0,5.0,71.43,94.16,0.0,0.0,0.0,0.0,1.0,1.0,14.29,18.83,0.0,0.0,0.0,0.0,1.0,1.0,14.29,18.83,0.0,0.0,0.0,0.0,0.0,0.0,0.0,0.0,0.0,0.0,0.0,0.0,0.0,0.0,0.0,0.0,2.0,2.0,28.57,37.66,0.0,0.0,0.0,0.0,71.43,114.29,-42.86,87.88,-3.0,-3.0,-42.86,1.91,1.91,0.0,0.78,,0.0,1.0,0.0,,0.0,1.0,0.5,0.0,0.0,0.29,0.0,5.0
4,新北國王,24|10872|10873|10874,蘇士軒/林彥廷/喬納森/熊祥泰,1,10,10.0,165.43,2.76,02:45,165.43,2.76,02:45,11.0,11.0,110.0,143.62,11.0,11.0,110.0,143.62,5.0,5.0,50.0,65.28,4.0,4.0,40.0,52.23,1.0,1.0,10.0,13.06,1.0,1.0,10.0,13.06,4.0,4.0,40.0,52.23,3.0,3.0,30.0,39.17,0.0,0.0,0.0,0.0,0.0,0.0,0.0,0.0,0.0,0.0,0.0,0.0,1.0,1.0,10.0,13.06,0.0,0.0,0.0,0.0,1.0,1.0,10.0,13.06,0.0,0.0,0.0,0.0,3.0,3.0,30.0,39.17,0.0,0.0,0.0,0.0,0.0,0.0,0.0,0.0,0.0,0.0,0.0,0.0,8.0,8.0,80.0,104.45,110.0,110.0,0.0,87.04,0.0,0.0,0.0,2.76,2.76,1.1,1.1,1.0,0.75,,0.0,0.75,0.0,1.0,0.5,0.0,0.0,0.0,80.0,0.0
4,新北國王,24|10872|10873|14303,蘇士軒/林彥廷/喬納森/喬丹,1,21,25.0,356.87,5.95,05:57,356.87,5.95,05:57,21.0,21.0,84.0,127.1,14.0,14.0,56.0,84.74,10.0,10.0,40.0,60.53,8.0,8.0,32.0,48.42,5.0,5.0,20.0,30.26,4.0,4.0,16.0,24.21,5.0,5.0,20.0,30.26,4.0,4.0,16.0,24.21,2.0,2.0,8.0,12.11,1.0,1.0,4.0,6.05,1.0,1.0,4.0,6.05,2.0,2.0,8.0,12.11,2.0,2.0,8.0,12.11,3.0,3.0,12.0,18.16,1.0,1.0,4.0,6.05,5.0,5.0,20.0,30.26,0.0,0.0,0.0,0.0,1.0,1.0,4.0,6.05,1.0,1.0,4.0,6.05,8.0,8.0,32.0,48.42,84.0,56.0,28.0,100.88,7.0,7.0,28.0,5.95,5.95,1.0,0.97,0.8,0.8,0.5,0.08,0.62,0.25,0.5,0.38,0.0,4.0,0.04,32.0,0.2
4,新北國王,24|10872|10874|14303,蘇士軒/林彥廷/熊祥泰/喬丹,1,10,10.0,165.43,2.76,02:45,165.43,2.76,02:45,11.0,11.0,110.0,143.62,11.0,11.0,110.0,143.62,5.0,5.0,50.0,65.28,4.0,4.0,40.0,52.23,1.0,1.0,10.0,13.06,1.0,1.0,10.0,13.06,4.0,4.0,40.0,52.23,3.0,3.0,30.0,39.17,0.0,0.0,0.0,0.0,0.0,0.0,0.0,0.0,0.0,0.0,0.0,0.0,1.0,1.0,10.0,13.06,0.0,0.0,0.0,0.0,1.0,1.0,10.0,13.06,0.0,0.0,0.0,0.0,3.0,3.0,30.0,39.17,0.0,0.0,0.0,0.0,0.0,0.0,0.0,0.0,0.0,0.0,0.0,0.0,8.0,8.0,80.0,104.45,110.0,110.0,0.0,87.04,0.0,0.0,0.0,2.76,2.76,1.1,1.1,1.0,0.75,,0.0,0.75,0.0,1.0,0.5,0.0,0.0,0.0,80.0,0.0
4,新北國王,24|10873|10874|14303,蘇士軒/喬納森/熊祥泰/喬丹,1,19,20.0,322.43,5.37,05:22,322.43,5.37,05:22,16.0,16.0,80.0,107.18,12.0,12.0,60.0,80.39,8.0,8.0,40.0,53.59,6.0,6.0,30.0,40.19,2.0,2.0,10.0,13.4,2.0,2.0,10.0,13.4,6.0,6.0,30.0,40.19,4.0,4.0,20.0,26.8,0.0,0.0,0.0,0.0,0.0,0.0,0.0,0.0,1.0,1.0,5.0,6.7,1.0,1.0,5.0,6.7,0.0,0.0,0.0,0.0,5.0,5.0,25.0,33.5,2.0,2.0,10.0,13.4,4.0,4.0,20.0,26.8,2.0,2.0,10.0,13.4,0.0,0.0,0.0,0.0,1.0,1.0,5.0,6.7,10.0,10.0,50.0,66.99,80.0,60.0,20.0,89.32,4.0,4.0,20.0,5.37,5.37,1.0,1.0,1.0,0.67,,0.2,0.67,0.17,1.0,0.29,10.0,0.0,0.05,50.0,0.0
4,新北國王,19|24|10872|10873,蘇培凱/蘇士軒/林彥廷/喬納森,1,5,7.0,99.0,1.65,01:39,99.0,1.65,01:39,3.0,3.0,42.86,65.45,3.0,3.0,42.86,65.45,2.0,2.0,28.57,43.64,1.0,1.0,14.29,21.82,2.0,2.0,28.57,43.64,1.0,1.0,14.29,21.82,0.0,0.0,0.0,0.0,0.0,0.0,0.0,0.0,2.0,2.0,28.57,43.64,1.0,1.0,14.29,21.82,1.0,1.0,14.29,21.82,1.0,1.0,14.29,21.82,0.0,0.0,0.0,0.0,1.0,1.0,14.29,21.82,1.0,1.0,14.29,21.82,1.0,1.0,14.29,21.82,0.0,0.0,0.0,0.0,1.0,1.0,14.29,21.82,1.0,1.0,14.29,21.82,0.0,0.0,0.0,0.0,42.86,42.86,0.0,101.82,0.0,0.0,0.0,1.65,1.65,0.5,0.52,0.5,,0.5,0.26,1.0,0.5,1.0,0.67,0.0,14.29,0.14,0.0,1.0
4,新北國王,19|24|10872|14303,蘇培凱/蘇士軒/林彥廷/喬丹,1,5,7.0,99.0,1.65,01:39,99.0,1.65,01:39,3.0,3.0,42.86,65.45,3.0,3.0,42.86,65.45,2.0,2.0,28.57,43.64,1.0,1.0,14.29,21.82,2.0,2.0,28.57,43.64,1.0,1.0,14.29,21.82,0.0,0.0,0.0,0.0,0.0,0.0,0.0,0.0,2.0,2.0,28.57,43.64,1.0,1.0,14.29,21.82,1.0,1.0,14.29,21.82,1.0,1.0,14.29,21.82,0.0,0.0,0.0,0.0,1.0,1.0,14.29,21.82,1.0,1.0,14.29,21.82,1.0,1.0,14.29,21.82,0.0,0.0,0.0,0.0,1.0,1.0,14.29,21.82,1.0,1.0,14.29,21.82,0.0,0.0,0.0,0.0,42.86,42.86,0.0,101.82,0.0,0.0,0.0,1.65,1.65,0.5,0.52,0.5,,0.5,0.26,1.0,0.5,1.0,0.67,0.0,14.29,0.14,0.0,1.0
4,新北國王,19|24|10873|14303,蘇培凱/蘇士軒/喬納森/喬丹,1,15,18.0,256.02,4.27,04:16,256.02,4.27,04:16,9.0,9.0,50.0,75.93,4.0,4.0,22.22,33.75,5.0,5.0,27.78,42.18,3.0,3.0,16.67,25.31,3.0,3.0,16.67,25.31,2.0,2.0,11.11,16.87,2.0,2.0,11.11,16.87,1.0,1.0,5.56,8.44,4.0,4.0,22.22,33.75,2.0,2.0,11.11,16.87,2.0,2.0,11.11,16.87,1.0,1.0,5.56,8.44,0.0,0.0,0.0,0.0,5.0,5.0,27.78,42.18,3.0,3.0,16.67,25.31,2.0,2.0,11.11,16.87,2.0,2.0,11.11,16.87,1.0,1.0,5.56,8.44,2.0,2.0,11.11,16.87,2.0,2.0,11.11,16.87,50.0,22.22,27.78,101.24,5.0,5.0,27.78,4.27,4.27,0.7,0.67,0.67,0.5,0.5,0.31,0.67,0.29,1.0,0.38,11.11,5.56,0.11,11.11,0.8
4,新北國王,19|10872|10873|14303,蘇培凱/林彥廷/喬納森/喬丹,1,5,7.0,99.0,1.65,01:39,99.0,1.65,01:39,3.0,3.0,42.86,65.45,3.0,3.0,42.86,65.45,2.0,2.0,28.57,43.64,1.0,1.0,14.29,21.82,2.0,2.0,28.57,43.64,1.0,1.0,14.29,21.82,0.0,0.0,0.0,0.0,0.0,0.0,0.0,0.0,2.0,2.0,28.57,43.64,1.0,1.0,14.29,21.82,1.0,1.0,14.29,21.82,1.0,1.0,14.29,21.82,0.0,0.0,0.0,0.0,1.0,1.0,14.29,21.82,1.0,1.0,14.29,21.82,1.0,1.0,14.29,21.82,0.0,0.0,0.0,0.0,1.0,1.0,14.29,21.82,1.0,1.0,14.29,21.82,0.0,0.0,0.0,0.0,42.86,42.86,0.0,101.82,0.0,0.0,0.0,1.65,1.65,0.5,0.52,0.5,,0.5,0.26,1.0,0.5,1.0,0.67,0.0,14.29,0.14,0.0,1.0
4,臺北台新戰神,4|5|13|10863,張兆辰/黃聰翰/陳冠全/魏芃禾,1,5,7.0,99.0,1.65,01:39,99.0,1.65,01:39,3.0,3.0,42.86,65.45,3.0,3.0,42.86,65.45,2.0,2.0,28.57,43.64,1.0,1.0,14.29,21.82,0.0,0.0,0.0,0.0,0.0,0.0,0.0,0.0,2.0,2.0,28.57,43.64,1.0,1.0,14.29,21.82,0.0,0.0,0.0,0.0,0.0,0.0,0.0,0.0,0.0,0.0,0.0,0.0,1.0,1.0,14.29,21.82,1.0,1.0,14.29,21.82,1.0,1.0,14.29,21.82,0.0,0.0,0.0,0.0,1.0,1.0,14.29,21.82,0.0,0.0,0.0,0.0,0.0,0.0,0.0,0.0,0.0,0.0,0.0,0.0,2.0,2.0,28.57,43.64,42.86,42.86,0.0,101.82,0.0,0.0,0.0,1.65,1.65,0.75,0.75,,0.5,,0.0,1.0,0.0,0.5,0.33,0.0,0.0,0.0,28.57,0.0
4,臺北台新戰神,4|10|13|10863,張兆辰/雷蒙恩/陳冠全/魏芃禾,1,5,7.0,99.0,1.65,01:39,99.0,1.65,01:39,3.0,3.0,42.86,65.45,3.0,3.0,42.86,65.45,2.0,2.0,28.57,43.64,1.0,1.0,14.29,21.82,0.0,0.0,0.0,0.0,0.0,0.0,0.0,0.0,2.0,2.0,28.57,43.64,1.0,1.0,14.29,21.82,0.0,0.0,0.0,0.0,0.0,0.0,0.0,0.0,0.0,0.0,0.0,0.0,1.0,1.0,14.29,21.82,1.0,1.0,14.29,21.82,1.0,1.0,14.29,21.82,0.0,0.0,0.0,0.0,1.0,1.0,14.29,21.82,0.0,0.0,0.0,0.0,0.0,0.0,0.0,0.0,0.0,0.0,0.0,0.0,2.0,2.0,28.57,43.64,42.86,42.86,0.0,101.82,0.0,0.0,0.0,1.65,1.65,0.75,0.75,,0.5,,0.0,1.0,0.0,0.5,0.33,0.0,0.0,0.0,28.57,0.0
4,新北國王,19|24|29|10873,蘇培凱/蘇士軒/林書緯/喬納森,1,7,8.0,120.0,2.0,02:00,120.0,2.0,02:00,5.0,5.0,62.5,90.0,6.0,6.0,75.0,108.0,3.0,3.0,37.5,54.0,2.0,2.0,25.0,36.0,3.0,3.0,37.5,54.0,2.0,2.0,25.0,36.0,0.0,0.0,0.0,0.0,0.0,0.0,0.0,0.0,1.0,1.0,12.5,18.0,1.0,1.0,12.5,18.0,0.0,0.0,0.0,0.0,1.0,1.0,12.5,18.0,0.0,0.0,0.0,0.0,1.0,1.0,12.5,18.0,0.0,0.0,0.0,0.0,1.0,1.0,12.5,18.0,0.0,0.0,0.0,0.0,0.0,0.0,0.0,0.0,1.0,1.0,12.5,18.0,0.0,0.0,0.0,0.0,62.5,75.0,-12.5,96.0,-1.0,-1.0,-12.5,2.0,2.0,0.67,0.73,0.67,,1.0,0.0,0.5,0.0,1.0,0.5,0.0,0.0,0.12,0.0,0.33
4,新北國王,19|24|29|14038,蘇培凱/蘇士軒/林書緯/飛米,1,7,8.0,120.0,2.0,02:00,120.0,2.0,02:00,5.0,5.0,62.5,90.0,6.0,6.0,75.0,108.0,3.0,3.0,37.5,54.0,2.0,2.0,25.0,36.0,3.0,3.0,37.5,54.0,2.0,2.0,25.0,36.0,0.0,0.0,0.0,0.0,0.0,0.0,0.0,0.0,1.0,1.0,12.5,18.0,1.0,1.0,12.5,18.0,0.0,0.0,0.0,0.0,1.0,1.0,12.5,18.0,0.0,0.0,0.0,0.0,1.0,1.0,12.5,18.0,0.0,0.0,0.0,0.0,1.0,1.0,12.5,18.0,0.0,0.0,0.0,0.0,0.0,0.0,0.0,0.0,1.0,1.0,12.5,18.0,0.0,0.0,0.0,0.0,62.5,75.0,-12.5,96.0,-1.0,-1.0,-12.5,2.0,2.0,0.67,0.73,0.67,,1.0,0.0,0.5,0.0,1.0,0.5,0.0,0.0,0.12,0.0,0.33
4,新北國王,19|24|10873|14038,蘇培凱/蘇士軒/喬納森/飛米,1,7,8.0,120.0,2.0,02:00,120.0,2.0,02:00,5.0,5.0,62.5,90.0,6.0,6.0,75.0,108.0,3.0,3.0,37.5,54.0,2.0,2.0,25.0,36.0,3.0,3.0,37.5,54.0,2.0,2.0,25.0,36.0,0.0,0.0,0.0,0.0,0.0,0.0,0.0,0.0,1.0,1.0,12.5,18.0,1.0,1.0,12.5,18.0,0.0,0.0,0.0,0.0,1.0,1.0,12.5,18.0,0.0,0.0,0.0,0.0,1.0,1.0,12.5,18.0,0.0,0.0,0.0,0.0,1.0,1.0,12.5,18.0,0.0,0.0,0.0,0.0,0.0,0.0,0.0,0.0,1.0,1.0,12.5,18.0,0.0,0.0,0.0,0.0,62.5,75.0,-12.5,96.0,-1.0,-1.0,-12.5,2.0,2.0,0.67,0.73,0.67,,1.0,0.0,0.5,0.0,1.0,0.5,0.0,0.0,0.12,0.0,0.33
4,新北國王,19|29|10873|14038,蘇培凱/林書緯/喬納森/飛米,1,7,8.0,120.0,2.0,02:00,120.0,2.0,02:00,5.0,5.0,62.5,90.0,6.0,6.0,75.0,108.0,3.0,3.0,37.5,54.0,2.0,2.0,25.0,36.0,3.0,3.0,37.5,54.0,2.0,2.0,25.0,36.0,0.0,0.0,0.0,0.0,0.0,0.0,0.0,0.0,1.0,1.0,12.5,18.0,1.0,1.0,12.5,18.0,0.0,0.0,0.0,0.0,1.0,1.0,12.5,18.0,0.0,0.0,0.0,0.0,1.0,1.0,12.5,18.0,0.0,0.0,0.0,0.0,1.0,1.0,12.5,18.0,0.0,0.0,0.0,0.0,0.0,0.0,0.0,0.0,1.0,1.0,12.5,18.0,0.0,0.0,0.0,0.0,62.5,75.0,-12.5,96.0,-1.0,-1.0,-12.5,2.0,2.0,0.67,0.73,0.67,,1.0,0.0,0.5,0.0,1.0,0.5,0.0,0.0,0.12,0.0,0.33
4,新北國王,24|29|10873|14038,蘇士軒/林書緯/喬納森/飛米,1,7,8.0,120.0,2.0,02:00,120.0,2.0,02:00,5.0,5.0,62.5,90.0,6.0,6.0,75.0,108.0,3.0,3.0,37.5,54.0,2.0,2.0,25.0,36.0,3.0,3.0,37.5,54.0,2.0,2.0,25.0,36.0,0.0,0.0,0.0,0.0,0.0,0.0,0.0,0.0,1.0,1.0,12.5,18.0,1.0,1.0,12.5,18.0,0.0,0.0,0.0,0.0,1.0,1.0,12.5,18.0,0.0,0.0,0.0,0.0,1.0,1.0,12.5,18.0,0.0,0.0,0.0,0.0,1.0,1.0,12.5,18.0,0.0,0.0,0.0,0.0,0.0,0.0,0.0,0.0,1.0,1.0,12.5,18.0,0.0,0.0,0.0,0.0,62.5,75.0,-12.5,96.0,-1.0,-1.0,-12.5,2.0,2.0,0.67,0.73,0.67,,1.0,0.0,0.5,0.0,1.0,0.5,0.0,0.0,0.12,0.0,0.33
4,臺北台新戰神,4|5|10863|10864,張兆辰/黃聰翰/魏芃禾/劉彥廷,1,8,9.0,120.75,2.01,02:01,120.75,2.01,02:01,8.0,8.0,88.89,143.1,5.0,5.0,55.56,89.44,4.0,4.0,44.44,71.55,3.0,3.0,33.33,53.66,3.0,3.0,33.33,53.66,3.0,3.0,33.33,53.66,1.0,1.0,11.11,17.89,0.0,0.0,0.0,0.0,2.0,2.0,22.22,35.78,2.0,2.0,22.22,35.78,0.0,0.0,0.0,0.0,1.0,1.0,11.11,17.89,0.0,0.0,0.0,0.0,1.0,1.0,11.11,17.89,0.0,0.0,0.0,0.0,0.0,0.0,0.0,0.0,0.0,0.0,0.0,0.0,0.0,0.0,0.0,0.0,2.0,2.0,22.22,35.78,1.0,1.0,11.11,17.89,88.89,55.56,33.33,107.33,3.0,3.0,33.33,2.01,2.01,0.75,0.82,1.0,0.0,1.0,0.0,0.0,0.0,1.0,0.5,0.0,0.0,0.22,11.11,0.5
4,新北國王,19|23|28|29,蘇培凱/王柏智/呂政儒/林書緯,1,19,24.0,326.26,5.44,05:26,326.26,5.44,05:26,11.0,11.0,45.83,72.82,10.0,10.0,41.67,66.2,12.0,12.0,50.0,79.44,5.0,5.0,20.83,33.1,7.0,7.0,29.17,46.34,4.0,4.0,16.67,26.48,5.0,5.0,20.83,33.1,1.0,1.0,4.17,6.62,0.0,0.0,0.0,0.0,0.0,0.0,0.0,0.0,3.0,3.0,12.5,19.86,4.0,4.0,16.67,26.48,1.0,1.0,4.17,6.62,4.0,4.0,16.67,26.48,1.0,1.0,4.17,6.62,3.0,3.0,12.5,19.86,1.0,1.0,4.17,6.62,1.0,1.0,4.17,6.62,0.0,0.0,0.0,0.0,2.0,2.0,8.33,13.24,45.83,41.67,4.17,105.93,1.0,1.0,4.17,5.44,5.44,0.46,0.46,0.57,0.2,,0.08,0.6,0.43,0.8,0.58,4.17,4.17,0.0,8.33,0.0
4,新北國王,19|23|28|14038,蘇培凱/王柏智/呂政儒/飛米,2,12,15.0,256.09,4.27,04:16,128.05,2.13,02:08,5.0,2.5,33.33,42.17,9.0,4.5,60.0,75.91,6.0,3.0,40.0,50.61,2.0,1.0,13.33,16.87,2.0,1.0,13.33,16.87,1.0,0.5,6.67,8.43,4.0,2.0,26.67,33.74,1.0,0.5,6.67,8.43,0.0,0.0,0.0,0.0,0.0,0.0,0.0,0.0,1.0,0.5,6.67,8.43,4.0,2.0,26.67,33.74,1.0,0.5,6.67,8.43,2.0,1.0,13.33,16.87,1.0,0.5,6.67,8.43,2.0,1.0,13.33,16.87,1.0,0.5,6.67,8.43,2.0,1.0,13.33,16.87,0.0,0.0,0.0,0.0,1.0,0.5,6.67,8.43,33.33,60.0,-26.67,84.34,-4.0,-2.0,-26.67,4.27,2.13,0.42,0.42,0.5,0.25,,0.14,1.0,0.33,0.8,0.62,6.67,13.33,0.0,6.67,0.0
4,新北國王,19|23|29|14038,蘇培凱/王柏智/林書緯/飛米,1,11,13.0,213.09,3.55,03:33,213.09,3.55,03:33,5.0,5.0,38.46,50.68,9.0,9.0,69.23,91.23,5.0,5.0,38.46,50.68,2.0,2.0,15.38,20.27,2.0,2.0,15.38,20.27,1.0,1.0,7.69,10.14,3.0,3.0,23.08,30.41,1.0,1.0,7.69,10.14,0.0,0.0,0.0,0.0,0.0,0.0,0.0,0.0,0.0,0.0,0.0,0.0,3.0,3.0,23.08,30.41,1.0,1.0,7.69,10.14,2.0,2.0,15.38,20.27,1.0,1.0,7.69,10.14,2.0,2.0,15.38,20.27,1.0,1.0,7.69,10.14,1.0,1.0,7.69,10.14,0.0,0.0,0.0,0.0,1.0,1.0,7.69,10.14,38.46,69.23,-30.77,87.85,-4.0,-4.0,-30.77,3.55,3.55,0.5,0.5,0.5,0.33,,0.17,1.0,0.0,0.75,0.5,7.69,7.69,0.0,7.69,0.0
4,新北國王,19|28|29|14038,蘇培凱/呂政儒/林書緯/飛米,1,19,22.0,352.71,5.88,05:53,352.71,5.88,05:53,7.0,7.0,31.82,42.87,12.0,12.0,54.55,73.49,9.0,9.0,40.91,55.12,3.0,3.0,13.64,18.37,4.0,4.0,18.18,24.5,2.0,2.0,9.09,12.25,5.0,5.0,22.73,30.62,1.0,1.0,4.55,6.12,1.0,1.0,4.55,6.12,0.0,0.0,0.0,0.0,0.0,0.0,0.0,0.0,6.0,6.0,27.27,36.74,1.0,1.0,4.55,6.12,3.0,3.0,13.64,18.37,1.0,1.0,4.55,6.12,3.0,3.0,13.64,18.37,1.0,1.0,4.55,6.12,1.0,1.0,4.55,6.12,1.0,1.0,4.55,6.12,1.0,1.0,4.55,6.12,31.82,54.55,-22.73,89.82,-5.0,-5.0,-22.73,5.88,5.88,0.39,0.37,0.5,0.2,0.0,0.1,1.0,0.0,0.86,0.6,4.55,4.55,0.05,4.55,0.11
4,新北國王,23|28|29|14038,王柏智/呂政儒/林書緯/飛米,1,11,13.0,213.09,3.55,03:33,213.09,3.55,03:33,5.0,5.0,38.46,50.68,9.0,9.0,69.23,91.23,5.0,5.0,38.46,50.68,2.0,2.0,15.38,20.27,2.0,2.0,15.38,20.27,1.0,1.0,7.69,10.14,3.0,3.0,23.08,30.41,1.0,1.0,7.69,10.14,0.0,0.0,0.0,0.0,0.0,0.0,0.0,0.0,0.0,0.0,0.0,0.0,3.0,3.0,23.08,30.41,1.0,1.0,7.69,10.14,2.0,2.0,15.38,20.27,1.0,1.0,7.69,10.14,2.0,2.0,15.38,20.27,1.0,1.0,7.69,10.14,1.0,1.0,7.69,10.14,0.0,0.0,0.0,0.0,1.0,1.0,7.69,10.14,38.46,69.23,-30.77,87.85,-4.0,-4.0,-30.77,3.55,3.55,0.5,0.5,0.5,0.33,,0.17,1.0,0.0,0.75,0.5,7.69,7.69,0.0,7.69,0.0
4,臺北台新戰神,2|4|10|10863,江均/張兆辰/雷蒙恩/魏芃禾,1,7,9.0,94.09,1.57,01:34,94.09,1.57,01:34,4.0,4.0,44.44,91.82,5.0,5.0,55.56,114.78,3.0,3.0,33.33,68.87,2.0,2.0,22.22,45.91,3.0,3.0,33.33,68.87,2.0,2.0,22.22,45.91,0.0,0.0,0.0,0.0,0.0,0.0,0.0,0.0,1.0,1.0,11.11,22.96,0.0,0.0,0.0,0.0,1.0,1.0,11.11,22.96,1.0,1.0,11.11,22.96,0.0,0.0,0.0,0.0,2.0,2.0,22.22,45.91,1.0,1.0,11.11,22.96,3.0,3.0,33.33,68.87,1.0,1.0,11.11,22.96,1.0,1.0,11.11,22.96,0.0,0.0,0.0,0.0,0.0,0.0,0.0,0.0,44.44,55.56,-11.11,137.73,-1.0,-1.0,-11.11,1.57,1.57,0.67,0.58,0.67,,0.0,0.23,1.5,0.33,1.0,0.5,11.11,11.11,0.0,0.0,0.33
4,臺北台新戰神,2|4|10|10864,江均/張兆辰/雷蒙恩/劉彥廷,1,11,13.0,213.09,3.55,03:33,213.09,3.55,03:33,9.0,9.0,69.23,91.23,5.0,5.0,38.46,50.68,5.0,5.0,38.46,50.68,4.0,4.0,30.77,40.55,4.0,4.0,30.77,40.55,3.0,3.0,23.08,30.41,1.0,1.0,7.69,10.14,1.0,1.0,7.69,10.14,1.0,1.0,7.69,10.14,0.0,0.0,0.0,0.0,1.0,1.0,7.69,10.14,2.0,2.0,15.38,20.27,0.0,0.0,0.0,0.0,3.0,3.0,23.08,30.41,1.0,1.0,7.69,10.14,4.0,4.0,30.77,40.55,1.0,1.0,7.69,10.14,1.0,1.0,7.69,10.14,1.0,1.0,7.69,10.14,0.0,0.0,0.0,0.0,69.23,38.46,30.77,87.85,4.0,4.0,30.77,3.55,3.55,0.9,0.83,0.75,1.0,0.0,0.16,1.0,0.25,1.0,0.5,7.69,7.69,0.08,0.0,0.2
4,臺北台新戰神,2|10|10863|10864,江均/雷蒙恩/魏芃禾/劉彥廷,2,53,63.0,797.46,13.29,13:17,398.73,6.65,06:39,36.0,18.0,57.14,97.51,33.0,16.5,52.38,89.38,23.0,11.5,36.51,62.3,14.0,7.0,22.22,37.92,16.0,8.0,25.4,43.34,11.0,5.5,17.46,29.79,7.0,3.5,11.11,18.96,3.0,1.5,4.76,8.13,10.0,5.0,15.87,27.09,5.0,2.5,7.94,13.54,4.0,2.0,6.35,10.83,7.0,3.5,11.11,18.96,3.0,1.5,4.76,8.13,12.0,6.0,19.05,32.5,4.0,2.0,6.35,10.83,8.0,4.0,12.7,21.67,4.0,2.0,6.35,10.83,1.0,0.5,1.59,2.71,5.0,2.5,7.94,13.54,14.0,7.0,22.22,37.92,57.14,52.38,4.76,113.76,3.0,1.5,4.76,13.29,6.65,0.67,0.66,0.69,0.43,0.5,0.13,0.57,0.25,0.7,0.42,6.35,1.59,0.08,22.22,0.43
4,臺北台新戰神,2|4|10|10865,江均/張兆辰/雷蒙恩/謝銘駿,1,4,4.0,119.0,1.98,01:59,119.0,1.98,01:59,5.0,5.0,125.0,90.76,0.0,0.0,0.0,0.0,2.0,2.0,50.0,36.3,2.0,2.0,50.0,36.3,1.0,1.0,25.0,18.15,1.0,1.0,25.0,18.15,1.0,1.0,25.0,18.15,1.0,1.0,25.0,18.15,0.0,0.0,0.0,0.0,0.0,0.0,0.0,0.0,0.0,0.0,0.0,0.0,1.0,1.0,25.0,18.15,0.0,0.0,0.0,0.0,1.0,1.0,25.0,18.15,0.0,0.0,0.0,0.0,1.0,1.0,25.0,18.15,0.0,0.0,0.0,0.0,0.0,0.0,0.0,0.0,1.0,1.0,25.0,18.15,0.0,0.0,0.0,0.0,125.0,0.0,125.0,48.4,5.0,5.0,125.0,1.98,1.98,1.25,1.25,1.0,1.0,,0.0,0.5,0.0,1.0,0.5,0.0,0.0,0.25,0.0,0.0
4,新北國王,19|23|28|32,蘇培凱/王柏智/呂政儒/奧帝,1,8,11.0,113.17,1.89,01:53,113.17,1.89,01:53,6.0,6.0,54.55,114.52,1.0,1.0,9.09,19.09,7.0,7.0,63.64,133.6,3.0,3.0,27.27,57.26,5.0,5.0,45.45,95.43,3.0,3.0,27.27,57.26,2.0,2.0,18.18,38.17,0.0,0.0,0.0,0.0,0.0,0.0,0.0,0.0,0.0,0.0,0.0,0.0,3.0,3.0,27.27,57.26,1.0,1.0,9.09,19.09,0.0,0.0,0.0,0.0,2.0,2.0,18.18,38.17,0.0,0.0,0.0,0.0,1.0,1.0,9.09,19.09,0.0,0.0,0.0,0.0,0.0,0.0,0.0,0.0,0.0,0.0,0.0,0.0,1.0,1.0,9.09,19.09,54.55,9.09,45.45,139.97,5.0,5.0,45.45,1.89,1.89,0.43,0.43,0.6,0.0,,0.0,0.33,0.6,1.0,0.67,0.0,0.0,0.0,9.09,0.0
4,新北國王,19|23|29|32,蘇培凱/王柏智/林書緯/奧帝,1,8,11.0,113.17,1.89,01:53,113.17,1.89,01:53,6.0,6.0,54.55,114.52,1.0,1.0,9.09,19.09,7.0,7.0,63.64,133.6,3.0,3.0,27.27,57.26,5.0,5.0,45.45,95.43,3.0,3.0,27.27,57.26,2.0,2.0,18.18,38.17,0.0,0.0,0.0,0.0,0.0,0.0,0.0,0.0,0.0,0.0,0.0,0.0,3.0,3.0,27.27,57.26,1.0,1.0,9.09,19.09,0.0,0.0,0.0,0.0,2.0,2.0,18.18,38.17,0.0,0.0,0.0,0.0,1.0,1.0,9.09,19.09,0.0,0.0,0.0,0.0,0.0,0.0,0.0,0.0,0.0,0.0,0.0,0.0,1.0,1.0,9.09,19.09,54.55,9.09,45.45,139.97,5.0,5.0,45.45,1.89,1.89,0.43,0.43,0.6,0.0,,0.0,0.33,0.6,1.0,0.67,0.0,0.0,0.0,9.09,0.0
4,新北國王,19|28|29|32,蘇培凱/呂政儒/林書緯/奧帝,1,8,11.0,113.17,1.89,01:53,113.17,1.89,01:53,6.0,6.0,54.55,114.52,1.0,1.0,9.09,19.09,7.0,7.0,63.64,133.6,3.0,3.0,27.27,57.26,5.0,5.0,45.45,95.43,3.0,3.0,27.27,57.26,2.0,2.0,18.18,38.17,0.0,0.0,0.0,0.0,0.0,0.0,0.0,0.0,0.0,0.0,0.0,0.0,3.0,3.0,27.27,57.26,1.0,1.0,9.09,19.09,0.0,0.0,0.0,0.0,2.0,2.0,18.18,38.17,0.0,0.0,0.0,0.0,1.0,1.0,9.09,19.09,0.0,0.0,0.0,0.0,0.0,0.0,0.0,0.0,0.0,0.0,0.0,0.0,1.0,1.0,9.09,19.09,54.55,9.09,45.45,139.97,5.0,5.0,45.45,1.89,1.89,0.43,0.43,0.6,0.0,,0.0,0.33,0.6,1.0,0.67,0.0,0.0,0.0,9.09,0.0
4,臺北台新戰神,2|3|4|10864,江均/陳文宏/張兆辰/劉彥廷,2,29,36.0,459.72,7.66,07:40,229.86,3.83,03:50,7.0,3.5,19.44,32.89,24.0,12.0,66.67,112.76,11.0,5.5,30.56,51.68,2.0,1.0,5.56,9.4,4.0,2.0,11.11,18.79,0.0,0.0,0.0,0.0,7.0,3.5,19.44,32.89,2.0,1.0,5.56,9.4,1.0,0.5,2.78,4.7,1.0,0.5,2.78,4.7,2.0,1.0,5.56,9.4,7.0,3.5,19.44,32.89,4.0,2.0,11.11,18.79,4.0,2.0,11.11,18.79,4.0,2.0,11.11,18.79,2.0,1.0,5.56,9.4,3.0,1.5,8.33,14.1,1.0,0.5,2.78,4.7,0.0,0.0,0.0,0.0,6.0,3.0,16.67,28.19,19.44,66.67,-47.22,112.76,-17.0,-8.5,-47.22,7.66,3.83,0.27,0.31,0.0,0.29,1.0,0.26,1.0,0.33,0.64,0.53,8.33,2.78,0.0,16.67,0.09
4,臺北台新戰神,2|3|4|10865,江均/陳文宏/張兆辰/謝銘駿,3,60,72.0,1044.8,17.41,17:25,348.27,5.8,05:48,16.0,5.33,22.22,33.08,34.0,11.33,47.22,70.29,23.0,7.67,31.94,47.55,6.0,2.0,8.33,12.4,11.0,3.67,15.28,22.74,4.0,1.33,5.56,8.27,12.0,4.0,16.67,24.81,2.0,0.67,2.78,4.13,5.0,1.67,6.94,10.34,2.0,0.67,2.78,4.13,2.0,0.67,2.78,4.13,17.0,5.67,23.61,35.15,8.0,2.67,11.11,16.54,12.0,4.0,16.67,24.81,5.0,1.67,6.94,10.34,2.0,0.67,2.78,4.13,3.0,1.0,4.17,6.2,0.0,0.0,0.0,0.0,2.0,0.67,2.78,4.13,10.0,3.33,13.89,20.67,22.22,47.22,-25.0,99.23,-18.0,-6.0,-25.0,17.41,5.8,0.3,0.32,0.36,0.17,0.4,0.17,0.33,0.14,0.68,0.49,4.17,0.0,0.03,13.89,0.22
4,臺北台新戰神,3|4|10864|10865,陳文宏/張兆辰/劉彥廷/謝銘駿,2,21,26.0,320.72,5.35,05:21,160.36,2.67,02:40,4.0,2.0,15.38,26.94,18.0,9.0,69.23,121.23,6.0,3.0,23.08,40.41,1.0,0.5,3.85,6.73,2.0,1.0,7.69,13.47,0.0,0.0,0.0,0.0,4.0,2.0,15.38,26.94,1.0,0.5,3.85,6.73,1.0,0.5,3.85,6.73,1.0,0.5,3.85,6.73,1.0,0.5,3.85,6.73,5.0,2.5,19.23,33.67,3.0,1.5,11.54,20.2,2.0,1.0,7.69,13.47,4.0,2.0,15.38,26.94,1.0,0.5,3.85,6.73,2.0,1.0,7.69,13.47,0.0,0.0,0.0,0.0,0.0,0.0,0.0,0.0,5.0,2.5,19.23,33.67,15.38,69.23,-53.85,116.74,-14.0,-7.0,-53.85,5.35,2.67,0.25,0.31,0.0,0.25,1.0,0.38,1.0,0.33,0.62,0.55,7.69,0.0,0.0,19.23,0.17
4,新北國王,19|24|28|29,蘇培凱/蘇士軒/呂政儒/林書緯,1,4,4.0,54.5,0.91,00:54,54.5,0.91,00:54,3.0,3.0,75.0,118.91,3.0,3.0,75.0,118.91,1.0,1.0,25.0,39.64,1.0,1.0,25.0,39.64,1.0,1.0,25.0,39.64,1.0,1.0,25.0,39.64,0.0,0.0,0.0,0.0,0.0,0.0,0.0,0.0,2.0,2.0,50.0,79.27,1.0,1.0,25.0,39.64,0.0,0.0,0.0,0.0,1.0,1.0,25.0,39.64,0.0,0.0,0.0,0.0,1.0,1.0,25.0,39.64,0.0,0.0,0.0,0.0,2.0,2.0,50.0,79.27,0.0,0.0,0.0,0.0,0.0,0.0,0.0,0.0,1.0,1.0,25.0,39.64,0.0,0.0,0.0,0.0,75.0,75.0,0.0,105.69,0.0,0.0,0.0,0.91,0.91,1.0,0.8,1.0,,0.5,0.0,2.0,0.0,1.0,0.5,0.0,0.0,0.25,0.0,2.0
4,新北國王,19|24|28|14303,蘇培凱/蘇士軒/呂政儒/喬丹,1,4,4.0,54.5,0.91,00:54,54.5,0.91,00:54,3.0,3.0,75.0,118.91,3.0,3.0,75.0,118.91,1.0,1.0,25.0,39.64,1.0,1.0,25.0,39.64,1.0,1.0,25.0,39.64,1.0,1.0,25.0,39.64,0.0,0.0,0.0,0.0,0.0,0.0,0.0,0.0,2.0,2.0,50.0,79.27,1.0,1.0,25.0,39.64,0.0,0.0,0.0,0.0,1.0,1.0,25.0,39.64,0.0,0.0,0.0,0.0,1.0,1.0,25.0,39.64,0.0,0.0,0.0,0.0,2.0,2.0,50.0,79.27,0.0,0.0,0.0,0.0,0.0,0.0,0.0,0.0,1.0,1.0,25.0,39.64,0.0,0.0,0.0,0.0,75.0,75.0,0.0,105.69,0.0,0.0,0.0,0.91,0.91,1.0,0.8,1.0,,0.5,0.0,2.0,0.0,1.0,0.5,0.0,0.0,0.25,0.0,2.0
4,新北國王,19|24|29|14303,蘇培凱/蘇士軒/林書緯/喬丹,1,4,4.0,54.5,0.91,00:54,54.5,0.91,00:54,3.0,3.0,75.0,118.91,3.0,3.0,75.0,118.91,1.0,1.0,25.0,39.64,1.0,1.0,25.0,39.64,1.0,1.0,25.0,39.64,1.0,1.0,25.0,39.64,0.0,0.0,0.0,0.0,0.0,0.0,0.0,0.0,2.0,2.0,50.0,79.27,1.0,1.0,25.0,39.64,0.0,0.0,0.0,0.0,1.0,1.0,25.0,39.64,0.0,0.0,0.0,0.0,1.0,1.0,25.0,39.64,0.0,0.0,0.0,0.0,2.0,2.0,50.0,79.27,0.0,0.0,0.0,0.0,0.0,0.0,0.0,0.0,1.0,1.0,25.0,39.64,0.0,0.0,0.0,0.0,75.0,75.0,0.0,105.69,0.0,0.0,0.0,0.91,0.91,1.0,0.8,1.0,,0.5,0.0,2.0,0.0,1.0,0.5,0.0,0.0,0.25,0.0,2.0
4,新北國王,19|28|29|14303,蘇培凱/呂政儒/林書緯/喬丹,1,12,13.0,194.11,3.24,03:14,194.11,3.24,03:14,5.0,5.0,38.46,55.64,6.0,6.0,46.15,66.77,5.0,5.0,38.46,55.64,2.0,2.0,15.38,22.26,3.0,3.0,23.08,33.38,2.0,2.0,15.38,22.26,2.0,2.0,15.38,22.26,0.0,0.0,0.0,0.0,3.0,3.0,23.08,33.38,1.0,1.0,7.69,11.13,0.0,0.0,0.0,0.0,4.0,4.0,30.77,44.51,0.0,0.0,0.0,0.0,2.0,2.0,15.38,22.26,0.0,0.0,0.0,0.0,3.0,3.0,23.08,33.38,0.0,0.0,0.0,0.0,0.0,0.0,0.0,0.0,2.0,2.0,15.38,22.26,0.0,0.0,0.0,0.0,38.46,46.15,-7.69,96.44,-1.0,-1.0,-7.69,3.24,3.24,0.4,0.4,0.67,0.0,0.33,0.0,1.5,0.0,1.0,0.67,0.0,0.0,0.15,0.0,0.6
4,新北國王,24|28|29|14303,蘇士軒/呂政儒/林書緯/喬丹,1,4,4.0,54.5,0.91,00:54,54.5,0.91,00:54,3.0,3.0,75.0,118.91,3.0,3.0,75.0,118.91,1.0,1.0,25.0,39.64,1.0,1.0,25.0,39.64,1.0,1.0,25.0,39.64,1.0,1.0,25.0,39.64,0.0,0.0,0.0,0.0,0.0,0.0,0.0,0.0,2.0,2.0,50.0,79.27,1.0,1.0,25.0,39.64,0.0,0.0,0.0,0.0,1.0,1.0,25.0,39.64,0.0,0.0,0.0,0.0,1.0,1.0,25.0,39.64,0.0,0.0,0.0,0.0,2.0,2.0,50.0,79.27,0.0,0.0,0.0,0.0,0.0,0.0,0.0,0.0,1.0,1.0,25.0,39.64,0.0,0.0,0.0,0.0,75.0,75.0,0.0,105.69,0.0,0.0,0.0,0.91,0.91,1.0,0.8,1.0,,0.5,0.0,2.0,0.0,1.0,0.5,0.0,0.0,0.25,0.0,2.0
4,臺北台新戰神,2|3|4|10863,江均/陳文宏/張兆辰/魏芃禾,2,23,25.0,412.01,6.87,06:52,206.01,3.43,03:26,6.0,3.0,24.0,31.46,14.0,7.0,56.0,73.4,11.0,5.5,44.0,57.67,2.0,1.0,8.0,10.49,4.0,2.0,16.0,20.97,0.0,0.0,0.0,0.0,7.0,3.5,28.0,36.7,2.0,1.0,8.0,10.49,0.0,0.0,0.0,0.0,0.0,0.0,0.0,0.0,1.0,0.5,4.0,5.24,5.0,2.5,20.0,26.21,1.0,0.5,4.0,5.24,6.0,3.0,24.0,31.46,2.0,1.0,8.0,10.49,2.0,1.0,8.0,10.49,2.0,1.0,8.0,10.49,2.0,1.0,8.0,10.49,2.0,1.0,8.0,10.49,3.0,1.5,12.0,15.73,24.0,56.0,-32.0,87.38,-8.0,-4.0,-32.0,6.87,3.43,0.27,0.27,0.0,0.29,,0.15,1.0,0.14,0.83,0.46,8.0,8.0,0.08,12.0,0.0
4,臺北台新戰神,3|4|10863|10864,陳文宏/張兆辰/魏芃禾/劉彥廷,1,9,11.0,146.0,2.43,02:26,146.0,2.43,02:26,3.0,3.0,27.27,44.38,6.0,6.0,54.55,88.77,5.0,5.0,45.45,73.97,1.0,1.0,9.09,14.79,2.0,2.0,18.18,29.59,0.0,0.0,0.0,0.0,3.0,3.0,27.27,44.38,1.0,1.0,9.09,14.79,0.0,0.0,0.0,0.0,0.0,0.0,0.0,0.0,1.0,1.0,9.09,14.79,2.0,2.0,18.18,29.59,1.0,1.0,9.09,14.79,2.0,2.0,18.18,29.59,1.0,1.0,9.09,14.79,1.0,1.0,9.09,14.79,1.0,1.0,9.09,14.79,1.0,1.0,9.09,14.79,0.0,0.0,0.0,0.0,1.0,1.0,9.09,14.79,27.27,54.55,-27.27,108.49,-3.0,-3.0,-27.27,2.43,2.43,0.3,0.3,0.0,0.33,,0.17,1.0,0.33,0.67,0.5,9.09,9.09,0.0,9.09,0.0
4,臺北台新戰神,2|3|10|10863,江均/陳文宏/雷蒙恩/魏芃禾,1,24,30.0,331.81,5.53,05:32,331.81,5.53,05:32,10.0,10.0,33.33,65.1,10.0,10.0,33.33,65.1,9.0,9.0,30.0,58.59,4.0,4.0,13.33,26.04,6.0,6.0,20.0,39.06,4.0,4.0,13.33,26.04,3.0,3.0,10.0,19.53,0.0,0.0,0.0,0.0,4.0,4.0,13.33,26.04,2.0,2.0,6.67,13.02,2.0,2.0,6.67,13.02,4.0,4.0,13.33,26.04,4.0,4.0,13.33,26.04,6.0,6.0,20.0,39.06,3.0,3.0,10.0,19.53,0.0,0.0,0.0,0.0,3.0,3.0,10.0,19.53,0.0,0.0,0.0,0.0,2.0,2.0,6.67,13.02,6.0,6.0,20.0,39.06,33.33,33.33,0.0,130.19,0.0,0.0,0.0,5.53,5.53,0.44,0.46,0.67,0.0,0.5,0.22,0.0,0.25,0.5,0.38,10.0,0.0,0.07,20.0,0.44
4,臺北台新戰神,3|10|10863|10864,陳文宏/雷蒙恩/魏芃禾/劉彥廷,2,19,22.0,227.62,3.79,03:48,113.81,1.9,01:54,6.0,3.0,27.27,56.94,7.0,3.5,31.82,66.43,4.0,2.0,18.18,37.96,1.0,0.5,4.55,9.49,3.0,1.5,13.64,28.47,1.0,0.5,4.55,9.49,1.0,0.5,4.55,9.49,0.0,0.0,0.0,0.0,6.0,3.0,27.27,56.94,4.0,2.0,18.18,37.96,1.0,0.5,4.55,9.49,3.0,1.5,13.64,28.47,2.0,1.0,9.09,18.98,6.0,3.0,27.27,56.94,3.0,1.5,13.64,28.47,1.0,0.5,4.55,9.49,3.0,1.5,13.64,28.47,2.0,1.0,9.09,18.98,2.0,1.0,9.09,18.98,4.0,2.0,18.18,37.96,27.27,31.82,-4.55,139.18,-1.0,-0.5,-4.55,3.79,1.9,0.25,0.45,0.33,0.0,0.67,0.31,1.0,0.14,0.6,0.33,13.64,9.09,0.09,18.18,1.5
4,新北國王,22|24|29|10871,簡祐哲/蘇士軒/林書緯/鍾理翔,1,11,13.0,156.31,2.61,02:36,156.31,2.61,02:36,6.0,6.0,46.15,82.91,4.0,4.0,30.77,55.27,6.0,6.0,46.15,82.91,2.0,2.0,15.38,27.64,3.0,3.0,23.08,41.46,1.0,1.0,7.69,13.82,3.0,3.0,23.08,41.46,1.0,1.0,7.69,13.82,2.0,2.0,15.38,27.64,1.0,1.0,7.69,13.82,2.0,2.0,15.38,27.64,3.0,3.0,23.08,41.46,0.0,0.0,0.0,0.0,2.0,2.0,15.38,27.64,0.0,0.0,0.0,0.0,1.0,1.0,7.69,13.82,0.0,0.0,0.0,0.0,0.0,0.0,0.0,0.0,2.0,2.0,15.38,27.64,4.0,4.0,30.77,55.27,46.15,30.77,15.38,119.76,2.0,2.0,15.38,2.61,2.61,0.42,0.44,0.33,0.33,0.5,0.0,0.5,0.5,1.0,0.71,0.0,0.0,0.15,30.77,0.33
4,新北國王,22|24|29|14303,簡祐哲/蘇士軒/林書緯/喬丹,1,11,13.0,156.31,2.61,02:36,156.31,2.61,02:36,6.0,6.0,46.15,82.91,4.0,4.0,30.77,55.27,6.0,6.0,46.15,82.91,2.0,2.0,15.38,27.64,3.0,3.0,23.08,41.46,1.0,1.0,7.69,13.82,3.0,3.0,23.08,41.46,1.0,1.0,7.69,13.82,2.0,2.0,15.38,27.64,1.0,1.0,7.69,13.82,2.0,2.0,15.38,27.64,3.0,3.0,23.08,41.46,0.0,0.0,0.0,0.0,2.0,2.0,15.38,27.64,0.0,0.0,0.0,0.0,1.0,1.0,7.69,13.82,0.0,0.0,0.0,0.0,0.0,0.0,0.0,0.0,2.0,2.0,15.38,27.64,4.0,4.0,30.77,55.27,46.15,30.77,15.38,119.76,2.0,2.0,15.38,2.61,2.61,0.42,0.44,0.33,0.33,0.5,0.0,0.5,0.5,1.0,0.71,0.0,0.0,0.15,30.77,0.33
4,新北國王,22|24|10871|14303,簡祐哲/蘇士軒/鍾理翔/喬丹,1,12,14.0,157.81,2.63,02:38,157.81,2.63,02:38,8.0,8.0,57.14,109.5,4.0,4.0,28.57,54.75,6.0,6.0,42.86,82.12,2.0,2.0,14.29,27.37,3.0,3.0,21.43,41.06,1.0,1.0,7.14,13.69,3.0,3.0,21.43,41.06,1.0,1.0,7.14,13.69,4.0,4.0,28.57,54.75,3.0,3.0,21.43,41.06,2.0,2.0,14.29,27.37,3.0,3.0,21.43,41.06,0.0,0.0,0.0,0.0,2.0,2.0,14.29,27.37,0.0,0.0,0.0,0.0,1.0,1.0,7.14,13.69,0.0,0.0,0.0,0.0,0.0,0.0,0.0,0.0,2.0,2.0,14.29,27.37,4.0,4.0,28.57,54.75,57.14,28.57,28.57,127.75,4.0,4.0,28.57,2.63,2.63,0.42,0.52,0.33,0.33,0.75,0.0,0.5,0.5,1.0,0.71,0.0,0.0,0.14,28.57,0.67
4,新北國王,22|29|10871|14303,簡祐哲/林書緯/鍾理翔/喬丹,1,11,13.0,156.31,2.61,02:36,156.31,2.61,02:36,6.0,6.0,46.15,82.91,4.0,4.0,30.77,55.27,6.0,6.0,46.15,82.91,2.0,2.0,15.38,27.64,3.0,3.0,23.08,41.46,1.0,1.0,7.69,13.82,3.0,3.0,23.08,41.46,1.0,1.0,7.69,13.82,2.0,2.0,15.38,27.64,1.0,1.0,7.69,13.82,2.0,2.0,15.38,27.64,3.0,3.0,23.08,41.46,0.0,0.0,0.0,0.0,2.0,2.0,15.38,27.64,0.0,0.0,0.0,0.0,1.0,1.0,7.69,13.82,0.0,0.0,0.0,0.0,0.0,0.0,0.0,0.0,2.0,2.0,15.38,27.64,4.0,4.0,30.77,55.27,46.15,30.77,15.38,119.76,2.0,2.0,15.38,2.61,2.61,0.42,0.44,0.33,0.33,0.5,0.0,0.5,0.5,1.0,0.71,0.0,0.0,0.15,30.77,0.33
4,新北國王,24|29|10871|14303,蘇士軒/林書緯/鍾理翔/喬丹,1,11,13.0,156.31,2.61,02:36,156.31,2.61,02:36,6.0,6.0,46.15,82.91,4.0,4.0,30.77,55.27,6.0,6.0,46.15,82.91,2.0,2.0,15.38,27.64,3.0,3.0,23.08,41.46,1.0,1.0,7.69,13.82,3.0,3.0,23.08,41.46,1.0,1.0,7.69,13.82,2.0,2.0,15.38,27.64,1.0,1.0,7.69,13.82,2.0,2.0,15.38,27.64,3.0,3.0,23.08,41.46,0.0,0.0,0.0,0.0,2.0,2.0,15.38,27.64,0.0,0.0,0.0,0.0,1.0,1.0,7.69,13.82,0.0,0.0,0.0,0.0,0.0,0.0,0.0,0.0,2.0,2.0,15.38,27.64,4.0,4.0,30.77,55.27,46.15,30.77,15.38,119.76,2.0,2.0,15.38,2.61,2.61,0.42,0.44,0.33,0.33,0.5,0.0,0.5,0.5,1.0,0.71,0.0,0.0,0.15,30.77,0.33
4,新北國王,22|24|10871|10873,簡祐哲/蘇士軒/鍾理翔/喬納森,1,1,1.0,1.5,0.02,00:02,1.5,0.02,00:02,2.0,2.0,200.0,2880.0,0.0,0.0,0.0,0.0,0.0,0.0,0.0,0.0,0.0,0.0,0.0,0.0,0.0,0.0,0.0,0.0,0.0,0.0,0.0,0.0,0.0,0.0,0.0,0.0,0.0,0.0,0.0,0.0,2.0,2.0,200.0,2880.0,2.0,2.0,200.0,2880.0,0.0,0.0,0.0,0.0,0.0,0.0,0.0,0.0,0.0,0.0,0.0,0.0,0.0,0.0,0.0,0.0,0.0,0.0,0.0,0.0,0.0,0.0,0.0,0.0,0.0,0.0,0.0,0.0,0.0,0.0,0.0,0.0,0.0,0.0,0.0,0.0,0.0,0.0,0.0,0.0,200.0,0.0,200.0,960.0,2.0,2.0,200.0,0.02,0.02,,1.14,,,1.0,0.0,,,,,0.0,0.0,0.0,0.0,
4,新北國王,22|24|10873|14303,簡祐哲/蘇士軒/喬納森/喬丹,1,1,1.0,1.5,0.02,00:02,1.5,0.02,00:02,2.0,2.0,200.0,2880.0,0.0,0.0,0.0,0.0,0.0,0.0,0.0,0.0,0.0,0.0,0.0,0.0,0.0,0.0,0.0,0.0,0.0,0.0,0.0,0.0,0.0,0.0,0.0,0.0,0.0,0.0,0.0,0.0,2.0,2.0,200.0,2880.0,2.0,2.0,200.0,2880.0,0.0,0.0,0.0,0.0,0.0,0.0,0.0,0.0,0.0,0.0,0.0,0.0,0.0,0.0,0.0,0.0,0.0,0.0,0.0,0.0,0.0,0.0,0.0,0.0,0.0,0.0,0.0,0.0,0.0,0.0,0.0,0.0,0.0,0.0,0.0,0.0,0.0,0.0,0.0,0.0,200.0,0.0,200.0,960.0,2.0,2.0,200.0,0.02,0.02,,1.14,,,1.0,0.0,,,,,0.0,0.0,0.0,0.0,
4,新北國王,22|10871|10873|14303,簡祐哲/鍾理翔/喬納森/喬丹,1,1,1.0,1.5,0.02,00:02,1.5,0.02,00:02,2.0,2.0,200.0,2880.0,0.0,0.0,0.0,0.0,0.0,0.0,0.0,0.0,0.0,0.0,0.0,0.0,0.0,0.0,0.0,0.0,0.0,0.0,0.0,0.0,0.0,0.0,0.0,0.0,0.0,0.0,0.0,0.0,2.0,2.0,200.0,2880.0,2.0,2.0,200.0,2880.0,0.0,0.0,0.0,0.0,0.0,0.0,0.0,0.0,0.0,0.0,0.0,0.0,0.0,0.0,0.0,0.0,0.0,0.0,0.0,0.0,0.0,0.0,0.0,0.0,0.0,0.0,0.0,0.0,0.0,0.0,0.0,0.0,0.0,0.0,0.0,0.0,0.0,0.0,0.0,0.0,200.0,0.0,200.0,960.0,2.0,2.0,200.0,0.02,0.02,,1.14,,,1.0,0.0,,,,,0.0,0.0,0.0,0.0,
4,新北國王,24|10871|10873|14303,蘇士軒/鍾理翔/喬納森/喬丹,1,2,2.0,1.52,0.03,00:02,1.52,0.03,00:02,3.0,3.0,150.0,4274.41,0.0,0.0,0.0,0.0,0.0,0.0,0.0,0.0,0.0,0.0,0.0,0.0,0.0,0.0,0.0,0.0,0.0,0.0,0.0,0.0,0.0,0.0,0.0,0.0,0.0,0.0,0.0,0.0,4.0,4.0,200.0,5699.21,3.0,3.0,150.0,4274.41,0.0,0.0,0.0,0.0,0.0,0.0,0.0,0.0,0.0,0.0,0.0,0.0,0.0,0.0,0.0,0.0,0.0,0.0,0.0,0.0,0.0,0.0,0.0,0.0,0.0,0.0,0.0,0.0,0.0,0.0,0.0,0.0,0.0,0.0,0.0,0.0,0.0,0.0,0.0,0.0,150.0,0.0,150.0,1899.74,3.0,3.0,150.0,0.03,0.03,,0.85,,,0.75,0.0,,,,,0.0,0.0,0.0,0.0,
4,新北國王,23|10872|10873|14038,王柏智/林彥廷/喬納森/飛米,1,1,1.0,0.33,0.01,00:00,0.33,0.01,00:00,1.0,1.0,100.0,6565.35,0.0,0.0,0.0,0.0,0.0,0.0,0.0,0.0,0.0,0.0,0.0,0.0,0.0,0.0,0.0,0.0,0.0,0.0,0.0,0.0,0.0,0.0,0.0,0.0,0.0,0.0,0.0,0.0,1.0,1.0,100.0,6565.35,1.0,1.0,100.0,6565.35,0.0,0.0,0.0,0.0,0.0,0.0,0.0,0.0,0.0,0.0,0.0,0.0,0.0,0.0,0.0,0.0,0.0,0.0,0.0,0.0,0.0,0.0,0.0,0.0,0.0,0.0,0.0,0.0,0.0,0.0,0.0,0.0,0.0,0.0,0.0,0.0,0.0,0.0,0.0,0.0,100.0,0.0,100.0,4376.9,1.0,1.0,100.0,0.01,0.01,,1.14,,,1.0,0.0,,,,,0.0,0.0,0.0,0.0,
4,新北國王,23|10872|10874|14038,王柏智/林彥廷/熊祥泰/飛米,1,1,1.0,0.33,0.01,00:00,0.33,0.01,00:00,1.0,1.0,100.0,6565.35,0.0,0.0,0.0,0.0,0.0,0.0,0.0,0.0,0.0,0.0,0.0,0.0,0.0,0.0,0.0,0.0,0.0,0.0,0.0,0.0,0.0,0.0,0.0,0.0,0.0,0.0,0.0,0.0,1.0,1.0,100.0,6565.35,1.0,1.0,100.0,6565.35,0.0,0.0,0.0,0.0,0.0,0.0,0.0,0.0,0.0,0.0,0.0,0.0,0.0,0.0,0.0,0.0,0.0,0.0,0.0,0.0,0.0,0.0,0.0,0.0,0.0,0.0,0.0,0.0,0.0,0.0,0.0,0.0,0.0,0.0,0.0,0.0,0.0,0.0,0.0,0.0,100.0,0.0,100.0,4376.9,1.0,1.0,100.0,0.01,0.01,,1.14,,,1.0,0.0,,,,,0.0,0.0,0.0,0.0,
4,新北國王,23|10873|10874|14038,王柏智/喬納森/熊祥泰/飛米,2,8,9.0,123.86,2.06,02:04,61.93,1.03,01:02,7.0,3.5,77.78,122.07,5.0,2.5,55.56,87.19,5.0,2.5,55.56,87.19,2.0,1.0,22.22,34.88,1.0,0.5,11.11,17.44,0.0,0.0,0.0,0.0,4.0,2.0,44.44,69.76,2.0,1.0,22.22,34.88,1.0,0.5,11.11,17.44,1.0,0.5,11.11,17.44,1.0,0.5,11.11,17.44,2.0,1.0,22.22,34.88,0.0,0.0,0.0,0.0,0.0,0.0,0.0,0.0,0.0,0.0,0.0,0.0,1.0,0.5,11.11,17.44,0.0,0.0,0.0,0.0,0.0,0.0,0.0,0.0,0.0,0.0,0.0,0.0,0.0,0.0,0.0,0.0,77.78,55.56,22.22,104.63,2.0,1.0,22.22,2.06,1.03,0.6,0.64,0.0,0.5,1.0,0.0,0.5,1.0,1.0,1.0,0.0,0.0,0.0,0.0,0.2
4,臺北台新戰神,5|11|10863|10864,黃聰翰/蘇奕晉/魏芃禾/劉彥廷,1,7,8.0,101.33,1.69,01:41,101.33,1.69,01:41,9.0,9.0,112.5,191.85,3.0,3.0,37.5,63.95,4.0,4.0,50.0,85.27,3.0,3.0,37.5,63.95,2.0,2.0,25.0,42.63,1.0,1.0,12.5,21.32,2.0,2.0,25.0,42.63,2.0,2.0,25.0,42.63,2.0,2.0,25.0,42.63,1.0,1.0,12.5,21.32,1.0,1.0,12.5,21.32,0.0,0.0,0.0,0.0,0.0,0.0,0.0,0.0,1.0,1.0,12.5,21.32,0.0,0.0,0.0,0.0,2.0,2.0,25.0,42.63,0.0,0.0,0.0,0.0,0.0,0.0,0.0,0.0,2.0,2.0,25.0,42.63,1.0,1.0,12.5,21.32,112.5,37.5,75.0,113.69,6.0,6.0,75.0,1.69,1.69,1.0,0.92,0.5,1.0,0.5,0.0,0.67,0.5,,0.5,0.0,0.0,0.25,12.5,0.5
4,臺北台新戰神,10|11|10863|10864,雷蒙恩/蘇奕晉/魏芃禾/劉彥廷,1,7,8.0,101.33,1.69,01:41,101.33,1.69,01:41,9.0,9.0,112.5,191.85,3.0,3.0,37.5,63.95,4.0,4.0,50.0,85.27,3.0,3.0,37.5,63.95,2.0,2.0,25.0,42.63,1.0,1.0,12.5,21.32,2.0,2.0,25.0,42.63,2.0,2.0,25.0,42.63,2.0,2.0,25.0,42.63,1.0,1.0,12.5,21.32,1.0,1.0,12.5,21.32,0.0,0.0,0.0,0.0,0.0,0.0,0.0,0.0,1.0,1.0,12.5,21.32,0.0,0.0,0.0,0.0,2.0,2.0,25.0,42.63,0.0,0.0,0.0,0.0,0.0,0.0,0.0,0.0,2.0,2.0,25.0,42.63,1.0,1.0,12.5,21.32,112.5,37.5,75.0,113.69,6.0,6.0,75.0,1.69,1.69,1.0,0.92,0.5,1.0,0.5,0.0,0.67,0.5,,0.5,0.0,0.0,0.25,12.5,0.5
4,新北國王,23|32|10872|10873,王柏智/奧帝/林彥廷/喬納森,2,15,17.0,234.94,3.92,03:55,117.47,1.96,01:57,7.0,3.5,41.18,64.36,14.0,7.0,82.35,128.71,6.0,3.0,35.29,55.16,3.0,1.5,17.65,27.58,4.0,2.0,23.53,36.77,2.0,1.0,11.76,18.39,2.0,1.0,11.76,18.39,1.0,0.5,5.88,9.19,0.0,0.0,0.0,0.0,0.0,0.0,0.0,0.0,0.0,0.0,0.0,0.0,3.0,1.5,17.65,27.58,1.0,0.5,5.88,9.19,1.0,0.5,5.88,9.19,1.0,0.5,5.88,9.19,3.0,1.5,17.65,27.58,1.0,0.5,5.88,9.19,0.0,0.0,0.0,0.0,2.0,1.0,11.76,18.39,3.0,1.5,17.65,27.58,41.18,82.35,-41.18,104.19,-7.0,-3.5,-41.18,3.92,1.96,0.58,0.58,0.5,0.5,,0.14,1.0,0.0,0.75,0.6,5.88,0.0,0.12,17.65,0.0
4,新北國王,23|32|10872|10874,王柏智/奧帝/林彥廷/熊祥泰,1,12,14.0,203.0,3.38,03:23,203.0,3.38,03:23,4.0,4.0,28.57,42.56,12.0,12.0,85.71,127.68,5.0,5.0,35.71,53.2,2.0,2.0,14.29,21.28,4.0,4.0,28.57,42.56,2.0,2.0,14.29,21.28,1.0,1.0,7.14,10.64,0.0,0.0,0.0,0.0,0.0,0.0,0.0,0.0,0.0,0.0,0.0,0.0,0.0,0.0,0.0,0.0,3.0,3.0,21.43,31.92,1.0,1.0,7.14,10.64,1.0,1.0,7.14,10.64,1.0,1.0,7.14,10.64,2.0,2.0,14.29,21.28,1.0,1.0,7.14,10.64,0.0,0.0,0.0,0.0,2.0,2.0,14.29,21.28,2.0,2.0,14.29,21.28,28.57,85.71,-57.14,99.31,-8.0,-8.0,-57.14,3.38,3.38,0.4,0.4,0.5,0.0,,0.17,1.0,0.0,0.75,0.6,7.14,0.0,0.14,14.29,0.0
4,新北國王,23|32|10873|10874,王柏智/奧帝/喬納森/熊祥泰,2,14,18.0,248.0,4.13,04:08,124.0,2.07,02:04,4.0,2.0,22.22,34.84,12.0,6.0,66.67,104.52,6.0,3.0,33.33,52.26,2.0,1.0,11.11,17.42,4.0,2.0,22.22,34.84,2.0,1.0,11.11,17.42,2.0,1.0,11.11,17.42,0.0,0.0,0.0,0.0,0.0,0.0,0.0,0.0,0.0,0.0,0.0,0.0,0.0,0.0,0.0,0.0,4.0,2.0,22.22,34.84,3.0,1.5,16.67,26.13,1.0,0.5,5.56,8.71,1.0,0.5,5.56,8.71,2.0,1.0,11.11,17.42,1.0,0.5,5.56,8.71,0.0,0.0,0.0,0.0,2.0,1.0,11.11,17.42,2.0,1.0,11.11,17.42,22.22,66.67,-44.44,104.52,-8.0,-4.0,-44.44,4.13,2.07,0.33,0.33,0.5,0.0,,0.14,1.0,0.0,0.57,0.5,5.56,0.0,0.11,11.11,0.0
4,新北國王,24|29|10872|10873,蘇士軒/林書緯/林彥廷/喬納森,1,6,8.0,92.44,1.54,01:32,92.44,1.54,01:32,7.0,7.0,87.5,163.57,0.0,0.0,0.0,0.0,3.0,3.0,37.5,70.1,3.0,3.0,37.5,70.1,2.0,2.0,25.0,46.73,2.0,2.0,25.0,46.73,1.0,1.0,12.5,23.37,1.0,1.0,12.5,23.37,0.0,0.0,0.0,0.0,0.0,0.0,0.0,0.0,0.0,0.0,0.0,0.0,0.0,0.0,0.0,0.0,2.0,2.0,25.0,46.73,1.0,1.0,12.5,23.37,0.0,0.0,0.0,0.0,1.0,1.0,12.5,23.37,0.0,0.0,0.0,0.0,0.0,0.0,0.0,0.0,0.0,0.0,0.0,0.0,0.0,0.0,0.0,0.0,87.5,0.0,87.5,124.63,7.0,7.0,87.5,1.54,1.54,1.17,1.17,1.0,1.0,,0.0,0.33,0.0,0.0,0.0,0.0,0.0,0.0,0.0,0.0
4,新北國王,24|29|10872|14303,蘇士軒/林書緯/林彥廷/喬丹,2,17,19.0,284.58,4.74,04:45,142.29,2.37,02:22,15.0,7.5,78.95,113.85,10.0,5.0,52.63,75.9,7.0,3.5,36.84,53.13,6.0,3.0,31.58,45.54,3.0,1.5,15.79,22.77,3.0,1.5,15.79,22.77,4.0,2.0,21.05,30.36,3.0,1.5,15.79,22.77,0.0,0.0,0.0,0.0,0.0,0.0,0.0,0.0,0.0,0.0,0.0,0.0,1.0,0.5,5.26,7.59,2.0,1.0,10.53,15.18,2.0,1.0,10.53,15.18,1.0,0.5,5.26,7.59,3.0,1.5,15.79,22.77,0.0,0.0,0.0,0.0,0.0,0.0,0.0,0.0,1.0,0.5,5.26,7.59,4.0,2.0,21.05,30.36,78.95,52.63,26.32,96.14,5.0,2.5,26.32,4.74,2.37,1.07,1.07,1.0,0.75,,0.12,0.5,0.0,0.33,0.2,0.0,0.0,0.05,21.05,0.0
4,新北國王,24|29|10873|14303,蘇士軒/林書緯/喬納森/喬丹,1,6,8.0,92.44,1.54,01:32,92.44,1.54,01:32,7.0,7.0,87.5,163.57,0.0,0.0,0.0,0.0,3.0,3.0,37.5,70.1,3.0,3.0,37.5,70.1,2.0,2.0,25.0,46.73,2.0,2.0,25.0,46.73,1.0,1.0,12.5,23.37,1.0,1.0,12.5,23.37,0.0,0.0,0.0,0.0,0.0,0.0,0.0,0.0,0.0,0.0,0.0,0.0,0.0,0.0,0.0,0.0,2.0,2.0,25.0,46.73,1.0,1.0,12.5,23.37,0.0,0.0,0.0,0.0,1.0,1.0,12.5,23.37,0.0,0.0,0.0,0.0,0.0,0.0,0.0,0.0,0.0,0.0,0.0,0.0,0.0,0.0,0.0,0.0,87.5,0.0,87.5,124.63,7.0,7.0,87.5,1.54,1.54,1.17,1.17,1.0,1.0,,0.0,0.33,0.0,0.0,0.0,0.0,0.0,0.0,0.0,0.0
4,臺北台新戰神,3|4|10|10864,陳文宏/張兆辰/雷蒙恩/劉彥廷,1,1,1.0,7.0,0.12,00:07,7.0,0.12,00:07,0.0,0.0,0.0,0.0,0.0,0.0,0.0,0.0,0.0,0.0,0.0,0.0,0.0,0.0,0.0,0.0,0.0,0.0,0.0,0.0,0.0,0.0,0.0,0.0,0.0,0.0,0.0,0.0,0.0,0.0,0.0,0.0,0.0,0.0,0.0,0.0,0.0,0.0,0.0,0.0,0.0,0.0,0.0,0.0,0.0,0.0,0.0,0.0,0.0,0.0,0.0,0.0,0.0,0.0,0.0,0.0,1.0,1.0,100.0,308.57,0.0,0.0,0.0,0.0,0.0,0.0,0.0,0.0,0.0,0.0,0.0,0.0,0.0,0.0,0.0,0.0,0.0,0.0,0.0,0.0,0.0,0.0,0.0,205.71,0.0,0.0,0.0,0.12,0.12,,,,,,1.0,,,,,0.0,0.0,0.0,0.0,
4,臺北台新戰神,3|4|10|10865,陳文宏/張兆辰/雷蒙恩/謝銘駿,1,1,1.0,7.0,0.12,00:07,7.0,0.12,00:07,0.0,0.0,0.0,0.0,0.0,0.0,0.0,0.0,0.0,0.0,0.0,0.0,0.0,0.0,0.0,0.0,0.0,0.0,0.0,0.0,0.0,0.0,0.0,0.0,0.0,0.0,0.0,0.0,0.0,0.0,0.0,0.0,0.0,0.0,0.0,0.0,0.0,0.0,0.0,0.0,0.0,0.0,0.0,0.0,0.0,0.0,0.0,0.0,0.0,0.0,0.0,0.0,0.0,0.0,0.0,0.0,1.0,1.0,100.0,308.57,0.0,0.0,0.0,0.0,0.0,0.0,0.0,0.0,0.0,0.0,0.0,0.0,0.0,0.0,0.0,0.0,0.0,0.0,0.0,0.0,0.0,0.0,0.0,205.71,0.0,0.0,0.0,0.12,0.12,,,,,,1.0,,,,,0.0,0.0,0.0,0.0,
4,新北國王,19|28|14038|14303,蘇培凱/呂政儒/飛米/喬丹,1,8,9.0,139.62,2.33,02:20,139.62,2.33,02:20,2.0,2.0,22.22,30.94,3.0,3.0,33.33,46.41,4.0,4.0,44.44,61.88,1.0,1.0,11.11,15.47,2.0,2.0,22.22,30.94,1.0,1.0,11.11,15.47,2.0,2.0,22.22,30.94,0.0,0.0,0.0,0.0,1.0,1.0,11.11,15.47,0.0,0.0,0.0,0.0,0.0,0.0,0.0,0.0,3.0,3.0,33.33,46.41,0.0,0.0,0.0,0.0,1.0,1.0,11.11,15.47,0.0,0.0,0.0,0.0,1.0,1.0,11.11,15.47,0.0,0.0,0.0,0.0,0.0,0.0,0.0,0.0,1.0,1.0,11.11,15.47,0.0,0.0,0.0,0.0,22.22,33.33,-11.11,92.83,-1.0,-1.0,-11.11,2.33,2.33,0.25,0.23,0.5,0.0,0.0,0.0,1.0,0.0,1.0,0.75,0.0,0.0,0.11,0.0,0.25
4,新北國王,19|29|14038|14303,蘇培凱/林書緯/飛米/喬丹,1,8,9.0,139.62,2.33,02:20,139.62,2.33,02:20,2.0,2.0,22.22,30.94,3.0,3.0,33.33,46.41,4.0,4.0,44.44,61.88,1.0,1.0,11.11,15.47,2.0,2.0,22.22,30.94,1.0,1.0,11.11,15.47,2.0,2.0,22.22,30.94,0.0,0.0,0.0,0.0,1.0,1.0,11.11,15.47,0.0,0.0,0.0,0.0,0.0,0.0,0.0,0.0,3.0,3.0,33.33,46.41,0.0,0.0,0.0,0.0,1.0,1.0,11.11,15.47,0.0,0.0,0.0,0.0,1.0,1.0,11.11,15.47,0.0,0.0,0.0,0.0,0.0,0.0,0.0,0.0,1.0,1.0,11.11,15.47,0.0,0.0,0.0,0.0,22.22,33.33,-11.11,92.83,-1.0,-1.0,-11.11,2.33,2.33,0.25,0.23,0.5,0.0,0.0,0.0,1.0,0.0,1.0,0.75,0.0,0.0,0.11,0.0,0.25
4,臺北台新戰神,2|3|4|13,江均/陳文宏/張兆辰/陳冠全,2,34,38.0,648.33,10.81,10:48,324.16,5.4,05:24,7.0,3.5,18.42,23.32,14.0,7.0,36.84,46.64,15.0,7.5,39.47,49.97,2.0,1.0,5.26,6.66,6.0,3.0,15.79,19.99,0.0,0.0,0.0,0.0,9.0,4.5,23.68,29.98,2.0,1.0,5.26,6.66,2.0,1.0,5.26,6.66,1.0,0.5,2.63,3.33,0.0,0.0,0.0,0.0,10.0,5.0,26.32,33.32,4.0,2.0,10.53,13.33,11.0,5.5,28.95,36.65,1.0,0.5,2.63,3.33,2.0,1.0,5.26,6.66,1.0,0.5,2.63,3.33,1.0,0.5,2.63,3.33,3.0,1.5,7.89,9.99,3.0,1.5,7.89,9.99,18.42,36.84,-18.42,84.4,-7.0,-3.5,-18.42,10.81,5.4,0.2,0.22,0.0,0.22,0.5,0.06,1.0,0.0,0.71,0.4,2.63,2.63,0.08,7.89,0.13
4,臺北台新戰神,2|3|13|10863,江均/陳文宏/陳冠全/魏芃禾,3,43,55.0,739.51,12.33,12:20,246.5,4.11,04:07,15.0,5.0,27.27,43.81,17.0,5.67,30.91,49.65,24.0,8.0,43.64,70.1,6.0,2.0,10.91,17.53,12.0,4.0,21.82,35.05,3.0,1.0,5.45,8.76,12.0,4.0,21.82,35.05,3.0,1.0,5.45,8.76,0.0,0.0,0.0,0.0,0.0,0.0,0.0,0.0,6.0,2.0,10.91,17.53,9.0,3.0,16.36,26.29,4.0,1.33,7.27,11.68,8.0,2.67,14.55,23.37,5.0,1.67,9.09,14.6,2.0,0.67,3.64,5.84,3.0,1.0,5.45,8.76,2.0,0.67,3.64,5.84,3.0,1.0,5.45,8.76,11.0,3.67,20.0,32.13,27.27,30.91,-3.64,107.1,-2.0,-0.67,-3.64,12.33,4.11,0.31,0.31,0.25,0.25,,0.17,0.33,0.43,0.69,0.56,5.45,3.64,0.05,20.0,0.0
4,臺北台新戰神,3|4|13|10863,陳文宏/張兆辰/陳冠全/魏芃禾,2,14,14.0,266.01,4.43,04:26,133.0,2.22,02:13,3.0,1.5,21.43,24.36,8.0,4.0,57.14,64.96,6.0,3.0,42.86,48.72,1.0,0.5,7.14,8.12,2.0,1.0,14.29,16.24,0.0,0.0,0.0,0.0,4.0,2.0,28.57,32.48,1.0,0.5,7.14,8.12,0.0,0.0,0.0,0.0,0.0,0.0,0.0,0.0,0.0,0.0,0.0,0.0,3.0,1.5,21.43,24.36,0.0,0.0,0.0,0.0,4.0,2.0,28.57,32.48,1.0,0.5,7.14,8.12,1.0,0.5,7.14,8.12,1.0,0.5,7.14,8.12,1.0,0.5,7.14,8.12,2.0,1.0,14.29,16.24,2.0,1.0,14.29,16.24,21.43,57.14,-35.71,75.79,-5.0,-2.5,-35.71,4.43,2.22,0.25,0.25,0.0,0.25,,0.14,1.0,0.0,1.0,0.43,7.14,7.14,0.14,14.29,0.0
4,臺北台新戰神,2|10|13|10863,江均/雷蒙恩/陳冠全/魏芃禾,2,22,29.0,348.0,5.8,05:48,174.0,2.9,02:54,18.0,9.0,62.07,111.72,11.0,5.5,37.93,68.28,13.0,6.5,44.83,80.69,8.0,4.0,27.59,49.66,9.0,4.5,31.03,55.86,7.0,3.5,24.14,43.45,4.0,2.0,13.79,24.83,1.0,0.5,3.45,6.21,2.0,1.0,6.9,12.41,1.0,0.5,3.45,6.21,2.0,1.0,6.9,12.41,3.0,1.5,10.34,18.62,2.0,1.0,6.9,12.41,2.0,1.0,6.9,12.41,1.0,0.5,3.45,6.21,2.0,1.0,6.9,12.41,1.0,0.5,3.45,6.21,0.0,0.0,0.0,0.0,0.0,0.0,0.0,0.0,7.0,3.5,24.14,43.45,62.07,37.93,24.14,120.0,7.0,3.5,24.14,5.8,2.9,0.65,0.65,0.78,0.25,0.5,0.07,0.25,0.5,0.6,0.56,3.45,0.0,0.0,24.14,0.15
4,新北國王,23|29|32|10872,王柏智/林書緯/奧帝/林彥廷,2,14,21.0,239.18,3.99,03:59,119.59,1.99,02:00,5.0,2.5,23.81,45.15,7.0,3.5,33.33,63.22,8.0,4.0,38.1,72.25,1.0,0.5,4.76,9.03,3.0,1.5,14.29,27.09,1.0,0.5,4.76,9.03,5.0,2.5,23.81,45.15,0.0,0.0,0.0,0.0,4.0,2.0,19.05,36.12,3.0,1.5,14.29,27.09,3.0,1.5,14.29,27.09,3.0,1.5,14.29,27.09,3.0,1.5,14.29,27.09,3.0,1.5,14.29,27.09,1.0,0.5,4.76,9.03,1.0,0.5,4.76,9.03,0.0,0.0,0.0,0.0,0.0,0.0,0.0,0.0,1.0,0.5,4.76,9.03,1.0,0.5,4.76,9.03,23.81,33.33,-9.52,126.43,-2.0,-1.0,-9.52,3.99,1.99,0.12,0.26,0.33,0.0,0.75,0.09,1.0,0.5,0.5,0.5,0.0,0.0,0.05,4.76,0.5
4,新北國王,19|22|23|32,蘇培凱/簡祐哲/王柏智/奧帝,1,5,5.0,77.0,1.28,01:17,77.0,1.28,01:17,2.0,2.0,40.0,56.1,2.0,2.0,40.0,56.1,2.0,2.0,40.0,56.1,1.0,1.0,20.0,28.05,2.0,2.0,40.0,56.1,1.0,1.0,20.0,28.05,0.0,0.0,0.0,0.0,0.0,0.0,0.0,0.0,0.0,0.0,0.0,0.0,0.0,0.0,0.0,0.0,0.0,0.0,0.0,0.0,1.0,1.0,20.0,28.05,0.0,0.0,0.0,0.0,1.0,1.0,20.0,28.05,0.0,0.0,0.0,0.0,1.0,1.0,20.0,28.05,0.0,0.0,0.0,0.0,0.0,0.0,0.0,0.0,0.0,0.0,0.0,0.0,0.0,0.0,0.0,0.0,40.0,40.0,0.0,93.51,0.0,0.0,0.0,1.28,1.28,0.5,0.5,0.5,,,0.0,1.0,0.0,1.0,0.5,0.0,0.0,0.0,0.0,0.0
4,新北國王,19|22|23|10872,蘇培凱/簡祐哲/王柏智/林彥廷,1,5,5.0,77.0,1.28,01:17,77.0,1.28,01:17,2.0,2.0,40.0,56.1,2.0,2.0,40.0,56.1,2.0,2.0,40.0,56.1,1.0,1.0,20.0,28.05,2.0,2.0,40.0,56.1,1.0,1.0,20.0,28.05,0.0,0.0,0.0,0.0,0.0,0.0,0.0,0.0,0.0,0.0,0.0,0.0,0.0,0.0,0.0,0.0,0.0,0.0,0.0,0.0,1.0,1.0,20.0,28.05,0.0,0.0,0.0,0.0,1.0,1.0,20.0,28.05,0.0,0.0,0.0,0.0,1.0,1.0,20.0,28.05,0.0,0.0,0.0,0.0,0.0,0.0,0.0,0.0,0.0,0.0,0.0,0.0,0.0,0.0,0.0,0.0,40.0,40.0,0.0,93.51,0.0,0.0,0.0,1.28,1.28,0.5,0.5,0.5,,,0.0,1.0,0.0,1.0,0.5,0.0,0.0,0.0,0.0,0.0
4,新北國王,19|22|32|10872,蘇培凱/簡祐哲/奧帝/林彥廷,1,5,5.0,77.0,1.28,01:17,77.0,1.28,01:17,2.0,2.0,40.0,56.1,2.0,2.0,40.0,56.1,2.0,2.0,40.0,56.1,1.0,1.0,20.0,28.05,2.0,2.0,40.0,56.1,1.0,1.0,20.0,28.05,0.0,0.0,0.0,0.0,0.0,0.0,0.0,0.0,0.0,0.0,0.0,0.0,0.0,0.0,0.0,0.0,0.0,0.0,0.0,0.0,1.0,1.0,20.0,28.05,0.0,0.0,0.0,0.0,1.0,1.0,20.0,28.05,0.0,0.0,0.0,0.0,1.0,1.0,20.0,28.05,0.0,0.0,0.0,0.0,0.0,0.0,0.0,0.0,0.0,0.0,0.0,0.0,0.0,0.0,0.0,0.0,40.0,40.0,0.0,93.51,0.0,0.0,0.0,1.28,1.28,0.5,0.5,0.5,,,0.0,1.0,0.0,1.0,0.5,0.0,0.0,0.0,0.0,0.0
4,新北國王,19|23|32|10872,蘇培凱/王柏智/奧帝/林彥廷,1,5,5.0,77.0,1.28,01:17,77.0,1.28,01:17,2.0,2.0,40.0,56.1,2.0,2.0,40.0,56.1,2.0,2.0,40.0,56.1,1.0,1.0,20.0,28.05,2.0,2.0,40.0,56.1,1.0,1.0,20.0,28.05,0.0,0.0,0.0,0.0,0.0,0.0,0.0,0.0,0.0,0.0,0.0,0.0,0.0,0.0,0.0,0.0,0.0,0.0,0.0,0.0,1.0,1.0,20.0,28.05,0.0,0.0,0.0,0.0,1.0,1.0,20.0,28.05,0.0,0.0,0.0,0.0,1.0,1.0,20.0,28.05,0.0,0.0,0.0,0.0,0.0,0.0,0.0,0.0,0.0,0.0,0.0,0.0,0.0,0.0,0.0,0.0,40.0,40.0,0.0,93.51,0.0,0.0,0.0,1.28,1.28,0.5,0.5,0.5,,,0.0,1.0,0.0,1.0,0.5,0.0,0.0,0.0,0.0,0.0
4,臺北台新戰神,2|5|10|10863,江均/黃聰翰/雷蒙恩/魏芃禾,1,5,5.0,87.0,1.45,01:27,87.0,1.45,01:27,2.0,2.0,40.0,49.66,2.0,2.0,40.0,49.66,2.0,2.0,40.0,49.66,1.0,1.0,20.0,24.83,1.0,1.0,20.0,24.83,1.0,1.0,20.0,24.83,1.0,1.0,20.0,24.83,0.0,0.0,0.0,0.0,0.0,0.0,0.0,0.0,0.0,0.0,0.0,0.0,0.0,0.0,0.0,0.0,1.0,1.0,20.0,24.83,0.0,0.0,0.0,0.0,1.0,1.0,20.0,24.83,1.0,1.0,20.0,24.83,0.0,0.0,0.0,0.0,1.0,1.0,20.0,24.83,0.0,0.0,0.0,0.0,0.0,0.0,0.0,0.0,0.0,0.0,0.0,0.0,40.0,40.0,0.0,82.76,0.0,0.0,0.0,1.45,1.45,0.5,0.5,1.0,0.0,,0.33,0.0,0.0,1.0,0.5,20.0,0.0,0.0,0.0,0.0
4,新北國王,19|22|24|10874,蘇培凱/簡祐哲/蘇士軒/熊祥泰,1,3,5.0,55.0,0.92,00:55,55.0,0.92,00:55,0.0,0.0,0.0,0.0,0.0,0.0,0.0,0.0,0.0,0.0,0.0,0.0,0.0,0.0,0.0,0.0,0.0,0.0,0.0,0.0,0.0,0.0,0.0,0.0,0.0,0.0,0.0,0.0,0.0,0.0,0.0,0.0,0.0,0.0,0.0,0.0,0.0,0.0,0.0,0.0,0.0,0.0,0.0,0.0,0.0,0.0,0.0,0.0,1.0,1.0,20.0,39.27,1.0,1.0,20.0,39.27,2.0,2.0,40.0,78.55,0.0,0.0,0.0,0.0,0.0,0.0,0.0,0.0,0.0,0.0,0.0,0.0,2.0,2.0,40.0,78.55,0.0,0.0,0.0,0.0,0.0,0.0,0.0,130.91,0.0,0.0,0.0,0.92,0.92,,,,,,1.0,,0.0,0.0,0.0,0.0,0.0,0.4,0.0,
4,新北國王,19|22|24|14303,蘇培凱/簡祐哲/蘇士軒/喬丹,1,3,5.0,55.0,0.92,00:55,55.0,0.92,00:55,0.0,0.0,0.0,0.0,0.0,0.0,0.0,0.0,0.0,0.0,0.0,0.0,0.0,0.0,0.0,0.0,0.0,0.0,0.0,0.0,0.0,0.0,0.0,0.0,0.0,0.0,0.0,0.0,0.0,0.0,0.0,0.0,0.0,0.0,0.0,0.0,0.0,0.0,0.0,0.0,0.0,0.0,0.0,0.0,0.0,0.0,0.0,0.0,1.0,1.0,20.0,39.27,1.0,1.0,20.0,39.27,2.0,2.0,40.0,78.55,0.0,0.0,0.0,0.0,0.0,0.0,0.0,0.0,0.0,0.0,0.0,0.0,2.0,2.0,40.0,78.55,0.0,0.0,0.0,0.0,0.0,0.0,0.0,130.91,0.0,0.0,0.0,0.92,0.92,,,,,,1.0,,0.0,0.0,0.0,0.0,0.0,0.4,0.0,
4,新北國王,19|22|10874|14303,蘇培凱/簡祐哲/熊祥泰/喬丹,1,3,5.0,55.0,0.92,00:55,55.0,0.92,00:55,0.0,0.0,0.0,0.0,0.0,0.0,0.0,0.0,0.0,0.0,0.0,0.0,0.0,0.0,0.0,0.0,0.0,0.0,0.0,0.0,0.0,0.0,0.0,0.0,0.0,0.0,0.0,0.0,0.0,0.0,0.0,0.0,0.0,0.0,0.0,0.0,0.0,0.0,0.0,0.0,0.0,0.0,0.0,0.0,0.0,0.0,0.0,0.0,1.0,1.0,20.0,39.27,1.0,1.0,20.0,39.27,2.0,2.0,40.0,78.55,0.0,0.0,0.0,0.0,0.0,0.0,0.0,0.0,0.0,0.0,0.0,0.0,2.0,2.0,40.0,78.55,0.0,0.0,0.0,0.0,0.0,0.0,0.0,130.91,0.0,0.0,0.0,0.92,0.92,,,,,,1.0,,0.0,0.0,0.0,0.0,0.0,0.4,0.0,
4,新北國王,19|24|10874|14303,蘇培凱/蘇士軒/熊祥泰/喬丹,1,12,15.0,212.0,3.53,03:32,212.0,3.53,03:32,5.0,5.0,33.33,50.94,1.0,1.0,6.67,10.19,3.0,3.0,20.0,30.57,2.0,2.0,13.33,20.38,1.0,1.0,6.67,10.19,1.0,1.0,6.67,10.19,2.0,2.0,13.33,20.38,1.0,1.0,6.67,10.19,0.0,0.0,0.0,0.0,0.0,0.0,0.0,0.0,1.0,1.0,6.67,10.19,0.0,0.0,0.0,0.0,1.0,1.0,6.67,10.19,5.0,5.0,33.33,50.94,4.0,4.0,26.67,40.75,1.0,1.0,6.67,10.19,2.0,2.0,13.33,20.38,0.0,0.0,0.0,0.0,3.0,3.0,20.0,30.57,2.0,2.0,13.33,20.38,33.33,6.67,26.67,101.89,4.0,4.0,26.67,3.53,3.53,0.83,0.83,1.0,0.5,,0.57,0.5,0.17,0.0,0.14,13.33,0.0,0.2,13.33,0.0
4,新北國王,22|24|10874|14303,簡祐哲/蘇士軒/熊祥泰/喬丹,1,3,5.0,55.0,0.92,00:55,55.0,0.92,00:55,0.0,0.0,0.0,0.0,0.0,0.0,0.0,0.0,0.0,0.0,0.0,0.0,0.0,0.0,0.0,0.0,0.0,0.0,0.0,0.0,0.0,0.0,0.0,0.0,0.0,0.0,0.0,0.0,0.0,0.0,0.0,0.0,0.0,0.0,0.0,0.0,0.0,0.0,0.0,0.0,0.0,0.0,0.0,0.0,0.0,0.0,0.0,0.0,1.0,1.0,20.0,39.27,1.0,1.0,20.0,39.27,2.0,2.0,40.0,78.55,0.0,0.0,0.0,0.0,0.0,0.0,0.0,0.0,0.0,0.0,0.0,0.0,2.0,2.0,40.0,78.55,0.0,0.0,0.0,0.0,0.0,0.0,0.0,130.91,0.0,0.0,0.0,0.92,0.92,,,,,,1.0,,0.0,0.0,0.0,0.0,0.0,0.4,0.0,
4,新北國王,19|24|10873|10874,蘇培凱/蘇士軒/喬納森/熊祥泰,1,9,10.0,157.0,2.62,02:37,157.0,2.62,02:37,5.0,5.0,50.0,68.79,1.0,1.0,10.0,13.76,3.0,3.0,30.0,41.27,2.0,2.0,20.0,27.52,1.0,1.0,10.0,13.76,1.0,1.0,10.0,13.76,2.0,2.0,20.0,27.52,1.0,1.0,10.0,13.76,0.0,0.0,0.0,0.0,0.0,0.0,0.0,0.0,1.0,1.0,10.0,13.76,0.0,0.0,0.0,0.0,0.0,0.0,0.0,0.0,4.0,4.0,40.0,55.03,2.0,2.0,20.0,27.52,1.0,1.0,10.0,13.76,2.0,2.0,20.0,27.52,0.0,0.0,0.0,0.0,1.0,1.0,10.0,13.76,2.0,2.0,20.0,27.52,50.0,10.0,40.0,91.72,4.0,4.0,40.0,2.62,2.62,0.83,0.83,1.0,0.5,,0.4,0.5,0.2,,0.2,20.0,0.0,0.1,20.0,0.0
4,新北國王,19|10873|10874|14303,蘇培凱/喬納森/熊祥泰/喬丹,1,9,10.0,157.0,2.62,02:37,157.0,2.62,02:37,5.0,5.0,50.0,68.79,1.0,1.0,10.0,13.76,3.0,3.0,30.0,41.27,2.0,2.0,20.0,27.52,1.0,1.0,10.0,13.76,1.0,1.0,10.0,13.76,2.0,2.0,20.0,27.52,1.0,1.0,10.0,13.76,0.0,0.0,0.0,0.0,0.0,0.0,0.0,0.0,1.0,1.0,10.0,13.76,0.0,0.0,0.0,0.0,0.0,0.0,0.0,0.0,4.0,4.0,40.0,55.03,2.0,2.0,20.0,27.52,1.0,1.0,10.0,13.76,2.0,2.0,20.0,27.52,0.0,0.0,0.0,0.0,1.0,1.0,10.0,13.76,2.0,2.0,20.0,27.52,50.0,10.0,40.0,91.72,4.0,4.0,40.0,2.62,2.62,0.83,0.83,1.0,0.5,,0.4,0.5,0.2,,0.2,20.0,0.0,0.1,20.0,0.0
4,新北國王,19|24|10871|10873,蘇培凱/蘇士軒/鍾理翔/喬納森,3,24,30.0,339.78,5.66,05:40,113.26,1.89,01:53,7.0,2.33,23.33,44.5,14.0,4.67,46.67,89.0,11.0,3.67,36.67,69.93,3.0,1.0,10.0,19.07,7.0,2.33,23.33,44.5,3.0,1.0,10.0,19.07,4.0,1.33,13.33,25.43,0.0,0.0,0.0,0.0,3.0,1.0,10.0,19.07,1.0,0.33,3.33,6.36,4.0,1.33,13.33,25.43,5.0,1.67,16.67,31.79,1.0,0.33,3.33,6.36,3.0,1.0,10.0,19.07,4.0,1.33,13.33,25.43,1.0,0.33,3.33,6.36,4.0,1.33,13.33,25.43,0.0,0.0,0.0,0.0,1.0,0.33,3.33,6.36,5.0,1.67,16.67,31.79,23.33,46.67,-23.33,127.14,-7.0,-2.33,-23.33,5.66,1.89,0.27,0.28,0.43,0.0,0.33,0.25,0.33,0.57,0.83,0.69,13.33,0.0,0.03,16.67,0.27
4,新北國王,19|24|10871|14303,蘇培凱/蘇士軒/鍾理翔/喬丹,1,1,1.0,0.02,0.0,00:00,0.02,0.0,00:00,1.0,1.0,100.0,135000.0,0.0,0.0,0.0,0.0,0.0,0.0,0.0,0.0,0.0,0.0,0.0,0.0,0.0,0.0,0.0,0.0,0.0,0.0,0.0,0.0,0.0,0.0,0.0,0.0,0.0,0.0,0.0,0.0,2.0,2.0,200.0,270000.0,1.0,1.0,100.0,135000.0,0.0,0.0,0.0,0.0,0.0,0.0,0.0,0.0,0.0,0.0,0.0,0.0,0.0,0.0,0.0,0.0,0.0,0.0,0.0,0.0,0.0,0.0,0.0,0.0,0.0,0.0,0.0,0.0,0.0,0.0,0.0,0.0,0.0,0.0,0.0,0.0,0.0,0.0,0.0,0.0,100.0,0.0,100.0,90000.0,1.0,1.0,100.0,0.0,0.0,,0.57,,,0.5,0.0,,,,,0.0,0.0,0.0,0.0,
4,新北國王,19|10871|10873|14303,蘇培凱/鍾理翔/喬納森/喬丹,1,1,1.0,0.02,0.0,00:00,0.02,0.0,00:00,1.0,1.0,100.0,135000.0,0.0,0.0,0.0,0.0,0.0,0.0,0.0,0.0,0.0,0.0,0.0,0.0,0.0,0.0,0.0,0.0,0.0,0.0,0.0,0.0,0.0,0.0,0.0,0.0,0.0,0.0,0.0,0.0,2.0,2.0,200.0,270000.0,1.0,1.0,100.0,135000.0,0.0,0.0,0.0,0.0,0.0,0.0,0.0,0.0,0.0,0.0,0.0,0.0,0.0,0.0,0.0,0.0,0.0,0.0,0.0,0.0,0.0,0.0,0.0,0.0,0.0,0.0,0.0,0.0,0.0,0.0,0.0,0.0,0.0,0.0,0.0,0.0,0.0,0.0,0.0,0.0,100.0,0.0,100.0,90000.0,1.0,1.0,100.0,0.0,0.0,,0.57,,,0.5,0.0,,,,,0.0,0.0,0.0,0.0,
4,臺北台新戰神,2|5|11|13,江均/黃聰翰/蘇奕晉/陳冠全,1,8,9.0,115.02,1.92,01:55,115.02,1.92,01:55,3.0,3.0,33.33,56.34,1.0,1.0,11.11,18.78,1.0,1.0,11.11,18.78,1.0,1.0,11.11,18.78,0.0,0.0,0.0,0.0,0.0,0.0,0.0,0.0,1.0,1.0,11.11,18.78,1.0,1.0,11.11,18.78,2.0,2.0,22.22,37.56,0.0,0.0,0.0,0.0,0.0,0.0,0.0,0.0,1.0,1.0,11.11,18.78,1.0,1.0,11.11,18.78,2.0,2.0,22.22,37.56,1.0,1.0,11.11,18.78,1.0,1.0,11.11,18.78,1.0,1.0,11.11,18.78,0.0,0.0,0.0,0.0,2.0,2.0,22.22,37.56,2.0,2.0,22.22,37.56,33.33,11.11,22.22,112.68,2.0,2.0,22.22,1.92,1.92,1.5,0.8,,1.0,0.0,0.35,1.0,0.0,0.5,0.25,11.11,0.0,0.22,22.22,2.0
4,臺北台新戰神,2|5|11|10863,江均/黃聰翰/蘇奕晉/魏芃禾,1,8,9.0,115.02,1.92,01:55,115.02,1.92,01:55,3.0,3.0,33.33,56.34,1.0,1.0,11.11,18.78,1.0,1.0,11.11,18.78,1.0,1.0,11.11,18.78,0.0,0.0,0.0,0.0,0.0,0.0,0.0,0.0,1.0,1.0,11.11,18.78,1.0,1.0,11.11,18.78,2.0,2.0,22.22,37.56,0.0,0.0,0.0,0.0,0.0,0.0,0.0,0.0,1.0,1.0,11.11,18.78,1.0,1.0,11.11,18.78,2.0,2.0,22.22,37.56,1.0,1.0,11.11,18.78,1.0,1.0,11.11,18.78,1.0,1.0,11.11,18.78,0.0,0.0,0.0,0.0,2.0,2.0,22.22,37.56,2.0,2.0,22.22,37.56,33.33,11.11,22.22,112.68,2.0,2.0,22.22,1.92,1.92,1.5,0.8,,1.0,0.0,0.35,1.0,0.0,0.5,0.25,11.11,0.0,0.22,22.22,2.0
4,臺北台新戰神,2|5|13|10863,江均/黃聰翰/陳冠全/魏芃禾,1,8,9.0,115.02,1.92,01:55,115.02,1.92,01:55,3.0,3.0,33.33,56.34,1.0,1.0,11.11,18.78,1.0,1.0,11.11,18.78,1.0,1.0,11.11,18.78,0.0,0.0,0.0,0.0,0.0,0.0,0.0,0.0,1.0,1.0,11.11,18.78,1.0,1.0,11.11,18.78,2.0,2.0,22.22,37.56,0.0,0.0,0.0,0.0,0.0,0.0,0.0,0.0,1.0,1.0,11.11,18.78,1.0,1.0,11.11,18.78,2.0,2.0,22.22,37.56,1.0,1.0,11.11,18.78,1.0,1.0,11.11,18.78,1.0,1.0,11.11,18.78,0.0,0.0,0.0,0.0,2.0,2.0,22.22,37.56,2.0,2.0,22.22,37.56,33.33,11.11,22.22,112.68,2.0,2.0,22.22,1.92,1.92,1.5,0.8,,1.0,0.0,0.35,1.0,0.0,0.5,0.25,11.11,0.0,0.22,22.22,2.0
4,臺北台新戰神,2|11|13|10863,江均/蘇奕晉/陳冠全/魏芃禾,1,8,9.0,115.02,1.92,01:55,115.02,1.92,01:55,3.0,3.0,33.33,56.34,1.0,1.0,11.11,18.78,1.0,1.0,11.11,18.78,1.0,1.0,11.11,18.78,0.0,0.0,0.0,0.0,0.0,0.0,0.0,0.0,1.0,1.0,11.11,18.78,1.0,1.0,11.11,18.78,2.0,2.0,22.22,37.56,0.0,0.0,0.0,0.0,0.0,0.0,0.0,0.0,1.0,1.0,11.11,18.78,1.0,1.0,11.11,18.78,2.0,2.0,22.22,37.56,1.0,1.0,11.11,18.78,1.0,1.0,11.11,18.78,1.0,1.0,11.11,18.78,0.0,0.0,0.0,0.0,2.0,2.0,22.22,37.56,2.0,2.0,22.22,37.56,33.33,11.11,22.22,112.68,2.0,2.0,22.22,1.92,1.92,1.5,0.8,,1.0,0.0,0.35,1.0,0.0,0.5,0.25,11.11,0.0,0.22,22.22,2.0
4,新北國王,19|23|24|10871,蘇培凱/王柏智/蘇士軒/鍾理翔,2,19,22.0,288.75,4.81,04:49,144.38,2.41,02:24,4.0,2.0,18.18,29.92,13.0,6.5,59.09,97.25,7.0,3.5,31.82,52.36,2.0,1.0,9.09,14.96,3.0,1.5,13.64,22.44,2.0,1.0,9.09,14.96,4.0,2.0,18.18,29.92,0.0,0.0,0.0,0.0,1.0,0.5,4.55,7.48,0.0,0.0,0.0,0.0,2.0,1.0,9.09,14.96,4.0,2.0,18.18,29.92,1.0,0.5,4.55,7.48,2.0,1.0,9.09,14.96,4.0,2.0,18.18,29.92,1.0,0.5,4.55,7.48,4.0,2.0,18.18,29.92,0.0,0.0,0.0,0.0,1.0,0.5,4.55,7.48,4.0,2.0,18.18,29.92,18.18,59.09,-40.91,109.71,-9.0,-4.5,-40.91,4.81,2.41,0.29,0.27,0.67,0.0,0.0,0.35,0.5,0.5,0.8,0.67,18.18,0.0,0.05,18.18,0.14
4,新北國王,19|23|24|10873,蘇培凱/王柏智/蘇士軒/喬納森,3,26,31.0,397.75,6.63,06:38,132.58,2.21,02:13,9.0,3.0,29.03,48.87,15.0,5.0,48.39,81.46,11.0,3.67,35.48,59.74,4.0,1.33,12.9,21.72,5.0,1.67,16.13,27.15,3.0,1.0,9.68,16.29,6.0,2.0,19.35,32.58,1.0,0.33,3.23,5.43,1.0,0.33,3.23,5.43,0.0,0.0,0.0,0.0,2.0,0.67,6.45,10.86,6.0,2.0,19.35,32.58,2.0,0.67,6.45,10.86,3.0,1.0,9.68,16.29,4.0,1.33,12.9,21.72,2.0,0.67,6.45,10.86,4.0,1.33,12.9,21.72,0.0,0.0,0.0,0.0,1.0,0.33,3.23,5.43,4.0,1.33,12.9,21.72,29.03,48.39,-19.35,112.23,-6.0,-2.0,-19.35,6.63,2.21,0.41,0.39,0.6,0.17,0.0,0.26,0.5,0.4,0.75,0.62,12.9,0.0,0.03,12.9,0.09
4,新北國王,23|24|10871|10873,王柏智/蘇士軒/鍾理翔/喬納森,2,19,22.0,288.75,4.81,04:49,144.38,2.41,02:24,4.0,2.0,18.18,29.92,13.0,6.5,59.09,97.25,7.0,3.5,31.82,52.36,2.0,1.0,9.09,14.96,3.0,1.5,13.64,22.44,2.0,1.0,9.09,14.96,4.0,2.0,18.18,29.92,0.0,0.0,0.0,0.0,1.0,0.5,4.55,7.48,0.0,0.0,0.0,0.0,2.0,1.0,9.09,14.96,4.0,2.0,18.18,29.92,1.0,0.5,4.55,7.48,2.0,1.0,9.09,14.96,4.0,2.0,18.18,29.92,1.0,0.5,4.55,7.48,4.0,2.0,18.18,29.92,0.0,0.0,0.0,0.0,1.0,0.5,4.55,7.48,4.0,2.0,18.18,29.92,18.18,59.09,-40.91,109.71,-9.0,-4.5,-40.91,4.81,2.41,0.29,0.27,0.67,0.0,0.0,0.35,0.5,0.5,0.8,0.67,18.18,0.0,0.05,18.18,0.14
4,臺北台新戰神,2|4|5|10863,江均/張兆辰/黃聰翰/魏芃禾,1,1,1.0,0.75,0.01,00:01,0.75,0.01,00:01,2.0,2.0,200.0,5729.44,0.0,0.0,0.0,0.0,0.0,0.0,0.0,0.0,0.0,0.0,0.0,0.0,0.0,0.0,0.0,0.0,0.0,0.0,0.0,0.0,0.0,0.0,0.0,0.0,0.0,0.0,0.0,0.0,2.0,2.0,200.0,5729.44,2.0,2.0,200.0,5729.44,0.0,0.0,0.0,0.0,0.0,0.0,0.0,0.0,0.0,0.0,0.0,0.0,0.0,0.0,0.0,0.0,0.0,0.0,0.0,0.0,0.0,0.0,0.0,0.0,0.0,0.0,0.0,0.0,0.0,0.0,0.0,0.0,0.0,0.0,0.0,0.0,0.0,0.0,0.0,0.0,200.0,0.0,200.0,1909.81,2.0,2.0,200.0,0.01,0.01,,1.14,,,1.0,0.0,,,,,0.0,0.0,0.0,0.0,
4,福爾摩沙夢想家,77|86|91|107,馬建豪/林俊吉/簡偉儒/霍爾曼,2,19,23.0,287.89,4.8,04:48,143.95,2.4,02:24,12.0,6.0,52.17,90.03,2.0,1.0,8.7,15.01,8.0,4.0,34.78,60.02,5.0,2.5,21.74,37.51,6.0,3.0,26.09,45.02,5.0,2.5,21.74,37.51,2.0,1.0,8.7,15.01,0.0,0.0,0.0,0.0,3.0,1.5,13.04,22.51,2.0,1.0,8.7,15.01,1.0,0.5,4.35,7.5,2.0,1.0,8.7,15.01,3.0,1.5,13.04,22.51,5.0,2.5,21.74,37.51,1.0,0.5,4.35,7.5,5.0,2.5,21.74,37.51,0.0,0.0,0.0,0.0,0.0,0.0,0.0,0.0,2.0,1.0,8.7,15.01,6.0,3.0,26.09,45.02,52.17,8.7,43.48,115.04,10.0,5.0,43.48,4.8,2.4,0.62,0.64,0.83,0.0,0.67,0.1,1.0,0.17,0.4,0.27,0.0,0.0,0.09,26.09,0.38
4,福爾摩沙夢想家,77|86|91|13906,馬建豪/林俊吉/簡偉儒/班提爾,1,10,12.0,177.0,2.95,02:57,177.0,2.95,02:57,2.0,2.0,16.67,24.41,7.0,7.0,58.33,85.42,7.0,7.0,58.33,85.42,1.0,1.0,8.33,12.2,3.0,3.0,25.0,36.61,1.0,1.0,8.33,12.2,4.0,4.0,33.33,48.81,0.0,0.0,0.0,0.0,0.0,0.0,0.0,0.0,0.0,0.0,0.0,0.0,1.0,1.0,8.33,12.2,4.0,4.0,33.33,48.81,1.0,1.0,8.33,12.2,2.0,2.0,16.67,24.41,0.0,0.0,0.0,0.0,1.0,1.0,8.33,12.2,0.0,0.0,0.0,0.0,0.0,0.0,0.0,0.0,0.0,0.0,0.0,0.0,2.0,2.0,16.67,24.41,16.67,58.33,-41.67,97.63,-5.0,-5.0,-41.67,2.95,2.95,0.14,0.14,0.33,0.0,,0.0,1.0,0.33,0.8,0.62,0.0,0.0,0.0,16.67,0.0
4,福爾摩沙夢想家,77|86|107|13906,馬建豪/林俊吉/霍爾曼/班提爾,1,19,23.0,283.33,4.72,04:43,283.33,4.72,04:43,13.0,13.0,56.52,99.11,9.0,9.0,39.13,68.61,9.0,9.0,39.13,68.61,4.0,4.0,17.39,30.49,6.0,6.0,26.09,45.74,3.0,3.0,13.04,22.87,3.0,3.0,13.04,22.87,1.0,1.0,4.35,7.62,4.0,4.0,17.39,30.49,4.0,4.0,17.39,30.49,1.0,1.0,4.35,7.62,3.0,3.0,13.04,22.87,1.0,1.0,4.35,7.62,3.0,3.0,13.04,22.87,2.0,2.0,8.7,15.25,4.0,4.0,17.39,30.49,1.0,1.0,4.35,7.62,0.0,0.0,0.0,0.0,2.0,2.0,8.7,15.25,3.0,3.0,13.04,22.87,56.52,39.13,17.39,116.9,4.0,4.0,17.39,4.72,4.72,0.5,0.6,0.5,0.33,1.0,0.16,1.0,0.25,0.75,0.5,4.35,0.0,0.09,13.04,0.44
4,福爾摩沙夢想家,86|91|107|13906,林俊吉/簡偉儒/霍爾曼/班提爾,4,19,25.0,476.32,7.94,07:56,119.08,1.98,01:59,12.0,3.0,48.0,54.42,9.0,2.25,36.0,40.81,9.0,2.25,36.0,40.81,2.0,0.5,8.0,9.07,4.0,1.0,16.0,18.14,2.0,0.5,8.0,9.07,5.0,1.25,20.0,22.67,0.0,0.0,0.0,0.0,8.0,2.0,32.0,36.28,7.0,1.75,28.0,31.74,3.0,0.75,12.0,13.6,5.0,1.25,20.0,22.67,2.0,0.5,8.0,9.07,6.0,1.5,24.0,27.21,1.0,0.25,4.0,4.53,1.0,0.25,4.0,4.53,1.0,0.25,4.0,4.53,0.0,0.0,0.0,0.0,7.0,1.75,28.0,31.74,0.0,0.0,0.0,0.0,48.0,36.0,12.0,75.58,3.0,0.75,12.0,7.94,1.98,0.22,0.48,0.5,0.0,0.88,0.07,0.5,0.33,0.71,0.5,4.0,0.0,0.28,0.0,0.89
4,福爾摩沙夢想家,77|86|91|13777,馬建豪/林俊吉/簡偉儒/布依德,1,14,17.0,231.44,3.86,03:51,231.44,3.86,03:51,4.0,4.0,23.53,37.33,9.0,9.0,52.94,84.0,7.0,7.0,41.18,65.33,2.0,2.0,11.76,18.67,4.0,4.0,23.53,37.33,2.0,2.0,11.76,18.67,3.0,3.0,17.65,28.0,0.0,0.0,0.0,0.0,0.0,0.0,0.0,0.0,0.0,0.0,0.0,0.0,1.0,1.0,5.88,9.33,3.0,3.0,17.65,28.0,2.0,2.0,11.76,18.67,3.0,3.0,17.65,28.0,1.0,1.0,5.88,9.33,2.0,2.0,11.76,18.67,0.0,0.0,0.0,0.0,0.0,0.0,0.0,0.0,1.0,1.0,5.88,9.33,6.0,6.0,35.29,56.0,23.53,52.94,-29.41,105.77,-5.0,-5.0,-29.41,3.86,3.86,0.29,0.29,0.5,0.0,,0.12,1.0,0.25,0.6,0.44,0.0,0.0,0.06,35.29,0.0
4,福爾摩沙夢想家,77|86|107|13777,馬建豪/林俊吉/霍爾曼/布依德,1,7,8.0,107.44,1.79,01:47,107.44,1.79,01:47,4.0,4.0,50.0,80.42,2.0,2.0,25.0,40.21,2.0,2.0,25.0,40.21,2.0,2.0,25.0,40.21,2.0,2.0,25.0,40.21,2.0,2.0,25.0,40.21,0.0,0.0,0.0,0.0,0.0,0.0,0.0,0.0,0.0,0.0,0.0,0.0,0.0,0.0,0.0,0.0,0.0,0.0,0.0,0.0,0.0,0.0,0.0,0.0,1.0,1.0,12.5,20.11,2.0,2.0,25.0,40.21,1.0,1.0,12.5,20.11,2.0,2.0,25.0,40.21,0.0,0.0,0.0,0.0,0.0,0.0,0.0,0.0,1.0,1.0,12.5,20.11,4.0,4.0,50.0,80.42,50.0,25.0,25.0,107.23,2.0,2.0,25.0,1.79,1.79,1.0,1.0,1.0,,,0.33,1.0,0.0,0.0,0.0,0.0,0.0,0.12,50.0,0.0
4,福爾摩沙夢想家,77|91|107|13777,馬建豪/簡偉儒/霍爾曼/布依德,1,7,8.0,107.44,1.79,01:47,107.44,1.79,01:47,4.0,4.0,50.0,80.42,2.0,2.0,25.0,40.21,2.0,2.0,25.0,40.21,2.0,2.0,25.0,40.21,2.0,2.0,25.0,40.21,2.0,2.0,25.0,40.21,0.0,0.0,0.0,0.0,0.0,0.0,0.0,0.0,0.0,0.0,0.0,0.0,0.0,0.0,0.0,0.0,0.0,0.0,0.0,0.0,0.0,0.0,0.0,0.0,1.0,1.0,12.5,20.11,2.0,2.0,25.0,40.21,1.0,1.0,12.5,20.11,2.0,2.0,25.0,40.21,0.0,0.0,0.0,0.0,0.0,0.0,0.0,0.0,1.0,1.0,12.5,20.11,4.0,4.0,50.0,80.42,50.0,25.0,25.0,107.23,2.0,2.0,25.0,1.79,1.79,1.0,1.0,1.0,,,0.33,1.0,0.0,0.0,0.0,0.0,0.0,0.12,50.0,0.0
4,福爾摩沙夢想家,86|91|107|13777,林俊吉/簡偉儒/霍爾曼/布依德,1,7,8.0,107.44,1.79,01:47,107.44,1.79,01:47,4.0,4.0,50.0,80.42,2.0,2.0,25.0,40.21,2.0,2.0,25.0,40.21,2.0,2.0,25.0,40.21,2.0,2.0,25.0,40.21,2.0,2.0,25.0,40.21,0.0,0.0,0.0,0.0,0.0,0.0,0.0,0.0,0.0,0.0,0.0,0.0,0.0,0.0,0.0,0.0,0.0,0.0,0.0,0.0,0.0,0.0,0.0,0.0,1.0,1.0,12.5,20.11,2.0,2.0,25.0,40.21,1.0,1.0,12.5,20.11,2.0,2.0,25.0,40.21,0.0,0.0,0.0,0.0,0.0,0.0,0.0,0.0,1.0,1.0,12.5,20.11,4.0,4.0,50.0,80.42,50.0,25.0,25.0,107.23,2.0,2.0,25.0,1.79,1.79,1.0,1.0,1.0,,,0.33,1.0,0.0,0.0,0.0,0.0,0.0,0.12,50.0,0.0
4,福爾摩沙夢想家,86|91|13777|13906,林俊吉/簡偉儒/布依德/班提爾,1,7,9.0,124.0,2.07,02:04,124.0,2.07,02:04,0.0,0.0,0.0,0.0,7.0,7.0,77.78,121.94,5.0,5.0,55.56,87.1,0.0,0.0,0.0,0.0,2.0,2.0,22.22,34.84,0.0,0.0,0.0,0.0,3.0,3.0,33.33,52.26,0.0,0.0,0.0,0.0,0.0,0.0,0.0,0.0,0.0,0.0,0.0,0.0,1.0,1.0,11.11,17.42,3.0,3.0,33.33,52.26,1.0,1.0,11.11,17.42,1.0,1.0,11.11,17.42,0.0,0.0,0.0,0.0,0.0,0.0,0.0,0.0,0.0,0.0,0.0,0.0,0.0,0.0,0.0,0.0,0.0,0.0,0.0,0.0,2.0,2.0,22.22,34.84,0.0,77.78,-77.78,104.52,-7.0,-7.0,-77.78,2.07,2.07,0.0,0.0,0.0,0.0,,0.0,,0.5,0.75,0.67,0.0,0.0,0.0,22.22,0.0
4,福爾摩沙夢想家,86|89|107|13906,林俊吉/蔣淯安/霍爾曼/班提爾,5,69,78.0,1141.62,19.03,19:02,228.32,3.81,03:48,45.0,9.0,57.69,85.14,37.0,7.4,47.44,70.01,33.0,6.6,42.31,62.44,17.0,3.4,21.79,32.16,22.0,4.4,28.21,41.63,14.0,2.8,17.95,26.49,11.0,2.2,14.1,20.81,3.0,0.6,3.85,5.68,9.0,1.8,11.54,17.03,8.0,1.6,10.26,15.14,7.0,1.4,8.97,13.24,9.0,1.8,11.54,17.03,2.0,0.4,2.56,3.78,13.0,2.6,16.67,24.6,5.0,1.0,6.41,9.46,14.0,2.8,17.95,26.49,4.0,0.8,5.13,7.57,0.0,0.0,0.0,0.0,6.0,1.2,7.69,11.35,11.0,2.2,14.1,20.81,57.69,47.44,10.26,98.39,8.0,1.6,10.26,19.03,3.81,0.56,0.61,0.64,0.27,0.89,0.12,0.82,0.35,0.82,0.52,5.13,0.0,0.08,14.1,0.27
4,福爾摩沙夢想家,86|103|107|13906,林俊吉/忻沃克/霍爾曼/班提爾,8,121,147.0,1948.34,32.47,32:28,243.54,4.06,04:04,78.0,9.75,53.06,86.47,58.0,7.25,39.46,64.3,53.0,6.62,36.05,58.76,25.0,3.12,17.01,27.72,27.0,3.38,18.37,29.93,12.0,1.5,8.16,13.3,26.0,3.25,17.69,28.82,13.0,1.62,8.84,14.41,20.0,2.5,13.61,22.17,16.0,2.0,10.88,17.74,9.0,1.12,6.12,9.98,18.0,2.25,12.24,19.96,10.0,1.25,6.8,11.09,26.0,3.25,17.69,28.82,11.0,1.38,7.48,12.19,16.0,2.0,10.88,17.74,6.0,0.75,4.08,6.65,1.0,0.12,0.68,1.11,20.0,2.5,13.61,22.17,12.0,1.5,8.16,13.3,53.06,39.46,13.61,108.65,20.0,2.5,13.61,32.47,4.06,0.59,0.63,0.44,0.5,0.8,0.15,0.64,0.26,0.64,0.43,4.08,0.68,0.14,8.16,0.38
4,福爾摩沙夢想家,79|86|107|13906,張宗憲/林俊吉/霍爾曼/班提爾,8,140,167.0,2367.64,39.46,39:28,295.96,4.93,04:56,83.0,10.38,49.7,75.72,63.0,7.88,37.72,57.47,63.0,7.88,37.72,57.47,29.0,3.62,17.37,26.46,39.0,4.88,23.35,35.58,19.0,2.38,11.38,17.33,24.0,3.0,14.37,21.9,10.0,1.25,5.99,9.12,22.0,2.75,13.17,20.07,15.0,1.88,8.98,13.68,14.0,1.75,8.38,12.77,24.0,3.0,14.37,21.9,8.0,1.0,4.79,7.3,28.0,3.5,16.77,25.54,11.0,1.38,6.59,10.04,23.0,2.88,13.77,20.98,7.0,0.88,4.19,6.39,1.0,0.12,0.6,0.91,16.0,2.0,9.58,14.6,18.0,2.25,10.78,16.42,49.7,37.72,11.98,101.57,20.0,2.5,11.98,39.46,4.93,0.54,0.57,0.49,0.42,0.68,0.13,0.79,0.33,0.75,0.51,4.19,0.6,0.1,10.78,0.35
4,福爾摩沙夢想家,79|86|107|13777,張宗憲/林俊吉/霍爾曼/布依德,1,8,9.0,144.0,2.4,02:24,144.0,2.4,02:24,7.0,7.0,77.78,105.0,6.0,6.0,66.67,90.0,5.0,5.0,55.56,75.0,3.0,3.0,33.33,45.0,3.0,3.0,33.33,45.0,2.0,2.0,22.22,30.0,2.0,2.0,22.22,30.0,1.0,1.0,11.11,15.0,0.0,0.0,0.0,0.0,0.0,0.0,0.0,0.0,1.0,1.0,11.11,15.0,1.0,1.0,11.11,15.0,0.0,0.0,0.0,0.0,0.0,0.0,0.0,0.0,0.0,0.0,0.0,0.0,1.0,1.0,11.11,15.0,0.0,0.0,0.0,0.0,0.0,0.0,0.0,0.0,0.0,0.0,0.0,0.0,0.0,0.0,0.0,0.0,77.78,66.67,11.11,90.0,1.0,1.0,11.11,2.4,2.4,0.7,0.7,0.67,0.5,,0.0,0.33,1.0,1.0,1.0,0.0,0.0,0.0,0.0,0.0
4,福爾摩沙夢想家,86|103|107|13777,林俊吉/忻沃克/霍爾曼/布依德,1,8,9.0,144.0,2.4,02:24,144.0,2.4,02:24,7.0,7.0,77.78,105.0,6.0,6.0,66.67,90.0,5.0,5.0,55.56,75.0,3.0,3.0,33.33,45.0,3.0,3.0,33.33,45.0,2.0,2.0,22.22,30.0,2.0,2.0,22.22,30.0,1.0,1.0,11.11,15.0,0.0,0.0,0.0,0.0,0.0,0.0,0.0,0.0,1.0,1.0,11.11,15.0,1.0,1.0,11.11,15.0,0.0,0.0,0.0,0.0,0.0,0.0,0.0,0.0,0.0,0.0,0.0,0.0,1.0,1.0,11.11,15.0,0.0,0.0,0.0,0.0,0.0,0.0,0.0,0.0,0.0,0.0,0.0,0.0,0.0,0.0,0.0,0.0,77.78,66.67,11.11,90.0,1.0,1.0,11.11,2.4,2.4,0.7,0.7,0.67,0.5,,0.0,0.33,1.0,1.0,1.0,0.0,0.0,0.0,0.0,0.0
4,福爾摩沙夢想家,77|79|103|13906,馬建豪/張宗憲/忻沃克/班提爾,1,1,1.0,1.0,0.02,00:01,1.0,0.02,00:01,0.0,0.0,0.0,0.0,0.0,0.0,0.0,0.0,0.0,0.0,0.0,0.0,0.0,0.0,0.0,0.0,0.0,0.0,0.0,0.0,0.0,0.0,0.0,0.0,0.0,0.0,0.0,0.0,0.0,0.0,0.0,0.0,0.0,0.0,0.0,0.0,0.0,0.0,0.0,0.0,0.0,0.0,0.0,0.0,0.0,0.0,0.0,0.0,0.0,0.0,0.0,0.0,0.0,0.0,0.0,0.0,0.0,0.0,0.0,0.0,0.0,0.0,0.0,0.0,0.0,0.0,0.0,0.0,0.0,0.0,0.0,0.0,0.0,0.0,0.0,0.0,0.0,0.0,0.0,0.0,0.0,0.0,0.0,1440.0,0.0,0.0,0.0,0.02,0.02,,,,,,,,,,,0.0,0.0,0.0,0.0,
4,新北國王,22|28|29|34,簡祐哲/呂政儒/林書緯/沃許本,1,33,39.0,542.27,9.04,09:02,542.27,9.04,09:02,20.0,20.0,51.28,79.67,14.0,14.0,35.9,55.77,13.0,13.0,33.33,51.78,8.0,8.0,20.51,31.87,10.0,10.0,25.64,39.83,6.0,6.0,15.38,23.9,3.0,3.0,7.69,11.95,2.0,2.0,5.13,7.97,2.0,2.0,5.13,7.97,2.0,2.0,5.13,7.97,2.0,2.0,5.13,7.97,3.0,3.0,7.69,11.95,2.0,2.0,5.13,7.97,6.0,6.0,15.38,23.9,5.0,5.0,12.82,19.92,4.0,4.0,10.26,15.93,4.0,4.0,10.26,15.93,1.0,1.0,2.56,3.98,3.0,3.0,7.69,11.95,1.0,1.0,2.56,3.98,51.28,35.9,15.38,103.57,6.0,6.0,15.38,9.04,9.04,0.69,0.72,0.6,0.67,1.0,0.26,0.5,0.25,0.6,0.38,10.26,2.56,0.08,2.56,0.15
4,新北國王,22|28|34|14038,簡祐哲/呂政儒/沃許本/飛米,1,33,39.0,542.27,9.04,09:02,542.27,9.04,09:02,20.0,20.0,51.28,79.67,14.0,14.0,35.9,55.77,13.0,13.0,33.33,51.78,8.0,8.0,20.51,31.87,10.0,10.0,25.64,39.83,6.0,6.0,15.38,23.9,3.0,3.0,7.69,11.95,2.0,2.0,5.13,7.97,2.0,2.0,5.13,7.97,2.0,2.0,5.13,7.97,2.0,2.0,5.13,7.97,3.0,3.0,7.69,11.95,2.0,2.0,5.13,7.97,6.0,6.0,15.38,23.9,5.0,5.0,12.82,19.92,4.0,4.0,10.26,15.93,4.0,4.0,10.26,15.93,1.0,1.0,2.56,3.98,3.0,3.0,7.69,11.95,1.0,1.0,2.56,3.98,51.28,35.9,15.38,103.57,6.0,6.0,15.38,9.04,9.04,0.69,0.72,0.6,0.67,1.0,0.26,0.5,0.25,0.6,0.38,10.26,2.56,0.08,2.56,0.15
4,新北國王,22|29|34|14038,簡祐哲/林書緯/沃許本/飛米,2,65,71.0,1006.27,16.77,16:46,503.13,8.39,08:23,34.0,17.0,47.89,72.98,30.0,15.0,42.25,64.4,27.0,13.5,38.03,57.96,14.0,7.0,19.72,30.05,20.0,10.0,28.17,42.93,10.0,5.0,14.08,21.47,7.0,3.5,9.86,15.03,4.0,2.0,5.63,8.59,2.0,1.0,2.82,4.29,2.0,1.0,2.82,4.29,2.0,1.0,2.82,4.29,11.0,5.5,15.49,23.61,2.0,1.0,2.82,4.29,13.0,6.5,18.31,27.91,7.0,3.5,9.86,15.03,8.0,4.0,11.27,17.17,6.0,3.0,8.45,12.88,1.0,0.5,1.41,2.15,4.0,2.0,5.63,8.59,1.0,0.5,1.41,2.15,47.89,42.25,5.63,101.6,4.0,2.0,5.63,16.77,8.39,0.59,0.61,0.5,0.57,1.0,0.2,0.57,0.13,0.85,0.46,8.45,1.41,0.06,1.41,0.07
4,新北國王,28|29|34|14038,呂政儒/林書緯/沃許本/飛米,4,128,152.0,2087.32,34.79,34:47,521.83,8.7,08:42,64.0,16.0,42.11,66.23,57.0,14.25,37.5,58.98,57.0,14.25,37.5,58.98,26.0,6.5,17.11,26.91,42.0,10.5,27.63,43.46,23.0,5.75,15.13,23.8,15.0,3.75,9.87,15.52,3.0,0.75,1.97,3.1,9.0,2.25,5.92,9.31,9.0,2.25,5.92,9.31,9.0,2.25,5.92,9.31,22.0,5.5,14.47,22.77,10.0,2.5,6.58,10.35,24.0,6.0,15.79,24.84,12.0,3.0,7.89,12.42,19.0,4.75,12.5,19.66,6.0,1.5,3.95,6.21,3.0,0.75,1.97,3.1,10.0,2.5,6.58,10.35,12.0,3.0,7.89,12.42,42.11,37.5,4.61,104.86,7.0,1.75,4.61,34.79,8.7,0.48,0.52,0.55,0.2,1.0,0.16,0.73,0.27,0.69,0.48,3.95,1.97,0.07,7.89,0.16
4,新北國王,22|34|10874|14038,簡祐哲/沃許本/熊祥泰/飛米,2,12,12.0,205.0,3.42,03:25,102.5,1.71,01:42,8.0,4.0,66.67,84.29,8.0,4.0,66.67,84.29,6.0,3.0,50.0,63.22,4.0,2.0,33.33,42.15,6.0,3.0,50.0,63.22,4.0,2.0,33.33,42.15,0.0,0.0,0.0,0.0,0.0,0.0,0.0,0.0,0.0,0.0,0.0,0.0,0.0,0.0,0.0,0.0,0.0,0.0,0.0,0.0,2.0,1.0,16.67,21.07,0.0,0.0,0.0,0.0,2.0,1.0,16.67,21.07,0.0,0.0,0.0,0.0,0.0,0.0,0.0,0.0,0.0,0.0,0.0,0.0,0.0,0.0,0.0,0.0,1.0,0.5,8.33,10.54,0.0,0.0,0.0,0.0,66.67,66.67,0.0,84.29,0.0,0.0,0.0,3.42,1.71,0.67,0.67,0.67,,,0.0,0.0,0.0,1.0,0.5,0.0,0.0,0.08,0.0,0.0
4,新北國王,29|34|10874|14038,林書緯/沃許本/熊祥泰/飛米,6,145,171.0,2430.47,40.51,40:30,405.08,6.75,06:45,80.0,13.33,46.78,71.1,78.0,13.0,45.61,69.32,60.0,10.0,35.09,53.32,28.0,4.67,16.37,24.88,43.0,7.17,25.15,38.21,23.0,3.83,13.45,20.44,17.0,2.83,9.94,15.11,5.0,0.83,2.92,4.44,24.0,4.0,14.04,21.33,19.0,3.17,11.11,16.89,8.0,1.33,4.68,7.11,25.0,4.17,14.62,22.22,11.0,1.83,6.43,9.78,25.0,4.17,14.62,22.22,13.0,2.17,7.6,11.55,18.0,3.0,10.53,16.0,6.0,1.0,3.51,5.33,1.0,0.17,0.58,0.89,20.0,3.33,11.7,17.77,13.0,2.17,7.6,11.55,46.78,45.61,1.17,101.31,2.0,0.33,1.17,40.51,6.75,0.51,0.57,0.53,0.29,0.79,0.16,0.64,0.24,0.69,0.48,3.51,0.58,0.12,7.6,0.4
4,新北國王,29|34|10872|14038,林書緯/沃許本/林彥廷/飛米,6,216,252.0,3356.36,55.94,55:56,559.39,9.32,09:19,103.0,17.17,40.87,66.29,105.0,17.5,41.67,67.57,91.0,15.17,36.11,58.56,38.0,6.33,15.08,24.46,69.0,11.5,27.38,44.41,32.0,5.33,12.7,20.59,22.0,3.67,8.73,14.16,6.0,1.0,2.38,3.86,24.0,4.0,9.52,15.45,21.0,3.5,8.33,13.51,11.0,1.83,4.37,7.08,42.0,7.0,16.67,27.03,19.0,3.17,7.54,12.23,37.0,6.17,14.68,23.81,15.0,2.5,5.95,9.65,31.0,5.17,12.3,19.95,10.0,1.67,3.97,6.44,2.0,0.33,0.79,1.29,26.0,4.33,10.32,16.73,13.0,2.17,5.16,8.37,40.87,41.67,-0.79,108.12,-2.0,-0.33,-0.79,55.94,9.32,0.45,0.51,0.46,0.27,0.88,0.13,0.82,0.23,0.69,0.49,3.97,0.79,0.1,5.16,0.26
4,新北國王,34|10872|10874|14038,沃許本/林彥廷/熊祥泰/飛米,6,125,148.0,1942.72,32.38,32:23,323.79,5.4,05:24,64.0,10.67,43.24,71.16,64.0,10.67,43.24,71.16,48.0,8.0,32.43,53.37,23.0,3.83,15.54,25.57,35.0,5.83,23.65,38.91,20.0,3.33,13.51,22.24,13.0,2.17,8.78,14.45,3.0,0.5,2.03,3.34,18.0,3.0,12.16,20.01,15.0,2.5,10.14,16.68,3.0,0.5,2.03,3.34,22.0,3.67,14.86,24.46,11.0,1.83,7.43,12.23,21.0,3.5,14.19,23.35,11.0,1.83,7.43,12.23,17.0,2.83,11.49,18.9,7.0,1.17,4.73,7.78,0.0,0.0,0.0,0.0,20.0,3.33,13.51,22.24,9.0,1.5,6.08,10.01,43.24,43.24,0.0,109.7,0.0,0.0,0.0,32.38,5.4,0.51,0.57,0.57,0.23,0.83,0.16,0.74,0.12,0.67,0.44,4.73,0.0,0.14,6.08,0.38
4,新竹御嵿攻城獅,75|78|80|10862,高國豪/朱雲豪/田浩/提傑,1,5,5.0,60.42,1.01,01:00,60.42,1.01,01:00,0.0,0.0,0.0,0.0,0.0,0.0,0.0,0.0,1.0,1.0,20.0,35.75,0.0,0.0,0.0,0.0,0.0,0.0,0.0,0.0,0.0,0.0,0.0,0.0,1.0,1.0,20.0,35.75,0.0,0.0,0.0,0.0,0.0,0.0,0.0,0.0,0.0,0.0,0.0,0.0,0.0,0.0,0.0,0.0,1.0,1.0,20.0,35.75,0.0,0.0,0.0,0.0,0.0,0.0,0.0,0.0,2.0,2.0,40.0,71.5,0.0,0.0,0.0,0.0,1.0,1.0,20.0,35.75,0.0,0.0,0.0,0.0,0.0,0.0,0.0,0.0,0.0,0.0,0.0,0.0,0.0,0.0,0.0,119.17,0.0,0.0,0.0,1.01,1.01,0.0,0.0,,0.0,,0.67,,,1.0,1.0,20.0,0.0,0.0,0.0,0.0
4,新竹御嵿攻城獅,75|78|80|10887,高國豪/朱雲豪/田浩/德魯,1,5,5.0,60.42,1.01,01:00,60.42,1.01,01:00,0.0,0.0,0.0,0.0,0.0,0.0,0.0,0.0,1.0,1.0,20.0,35.75,0.0,0.0,0.0,0.0,0.0,0.0,0.0,0.0,0.0,0.0,0.0,0.0,1.0,1.0,20.0,35.75,0.0,0.0,0.0,0.0,0.0,0.0,0.0,0.0,0.0,0.0,0.0,0.0,0.0,0.0,0.0,0.0,1.0,1.0,20.0,35.75,0.0,0.0,0.0,0.0,0.0,0.0,0.0,0.0,2.0,2.0,40.0,71.5,0.0,0.0,0.0,0.0,1.0,1.0,20.0,35.75,0.0,0.0,0.0,0.0,0.0,0.0,0.0,0.0,0.0,0.0,0.0,0.0,0.0,0.0,0.0,119.17,0.0,0.0,0.0,1.01,1.01,0.0,0.0,,0.0,,0.67,,,1.0,1.0,20.0,0.0,0.0,0.0,0.0
4,新竹御嵿攻城獅,75|80|10862|10887,高國豪/田浩/提傑/德魯,1,5,5.0,60.42,1.01,01:00,60.42,1.01,01:00,0.0,0.0,0.0,0.0,0.0,0.0,0.0,0.0,1.0,1.0,20.0,35.75,0.0,0.0,0.0,0.0,0.0,0.0,0.0,0.0,0.0,0.0,0.0,0.0,1.0,1.0,20.0,35.75,0.0,0.0,0.0,0.0,0.0,0.0,0.0,0.0,0.0,0.0,0.0,0.0,0.0,0.0,0.0,0.0,1.0,1.0,20.0,35.75,0.0,0.0,0.0,0.0,0.0,0.0,0.0,0.0,2.0,2.0,40.0,71.5,0.0,0.0,0.0,0.0,1.0,1.0,20.0,35.75,0.0,0.0,0.0,0.0,0.0,0.0,0.0,0.0,0.0,0.0,0.0,0.0,0.0,0.0,0.0,119.17,0.0,0.0,0.0,1.01,1.01,0.0,0.0,,0.0,,0.67,,,1.0,1.0,20.0,0.0,0.0,0.0,0.0
4,新竹御嵿攻城獅,78|80|10862|10887,朱雲豪/田浩/提傑/德魯,1,43,49.0,687.54,11.46,11:28,687.54,11.46,11:28,20.0,20.0,40.82,62.83,17.0,17.0,34.69,53.41,18.0,18.0,36.73,56.55,7.0,7.0,14.29,21.99,8.0,8.0,16.33,25.13,4.0,4.0,8.16,12.57,10.0,10.0,20.41,31.42,3.0,3.0,6.12,9.42,5.0,5.0,10.2,15.71,3.0,3.0,6.12,9.42,2.0,2.0,4.08,6.28,11.0,11.0,22.45,34.56,4.0,4.0,8.16,12.57,9.0,9.0,18.37,28.27,3.0,3.0,6.12,9.42,6.0,6.0,12.24,18.85,1.0,1.0,2.04,3.14,0.0,0.0,0.0,0.0,4.0,4.0,8.16,12.57,4.0,4.0,8.16,12.57,40.82,34.69,6.12,102.63,3.0,3.0,6.12,11.46,11.46,0.47,0.5,0.5,0.3,0.6,0.13,0.86,0.18,0.73,0.5,2.04,0.0,0.08,8.16,0.28
4,新北國王,32|34|10872|10873,奧帝/沃許本/林彥廷/喬納森,1,3,3.0,18.42,0.31,00:18,18.42,0.31,00:18,1.0,1.0,33.33,117.28,0.0,0.0,0.0,0.0,0.0,0.0,0.0,0.0,0.0,0.0,0.0,0.0,0.0,0.0,0.0,0.0,0.0,0.0,0.0,0.0,0.0,0.0,0.0,0.0,0.0,0.0,0.0,0.0,2.0,2.0,66.67,234.57,1.0,1.0,33.33,117.28,0.0,0.0,0.0,0.0,0.0,0.0,0.0,0.0,0.0,0.0,0.0,0.0,0.0,0.0,0.0,0.0,1.0,1.0,33.33,117.28,0.0,0.0,0.0,0.0,1.0,1.0,33.33,117.28,0.0,0.0,0.0,0.0,1.0,1.0,33.33,117.28,0.0,0.0,0.0,0.0,33.33,0.0,33.33,234.57,1.0,1.0,33.33,0.31,0.31,,0.57,,,0.5,0.53,,,,,33.33,0.0,0.33,0.0,
4,新北國王,32|34|10873|10874,奧帝/沃許本/喬納森/熊祥泰,1,3,3.0,18.42,0.31,00:18,18.42,0.31,00:18,1.0,1.0,33.33,117.28,0.0,0.0,0.0,0.0,0.0,0.0,0.0,0.0,0.0,0.0,0.0,0.0,0.0,0.0,0.0,0.0,0.0,0.0,0.0,0.0,0.0,0.0,0.0,0.0,0.0,0.0,0.0,0.0,2.0,2.0,66.67,234.57,1.0,1.0,33.33,117.28,0.0,0.0,0.0,0.0,0.0,0.0,0.0,0.0,0.0,0.0,0.0,0.0,0.0,0.0,0.0,0.0,1.0,1.0,33.33,117.28,0.0,0.0,0.0,0.0,1.0,1.0,33.33,117.28,0.0,0.0,0.0,0.0,1.0,1.0,33.33,117.28,0.0,0.0,0.0,0.0,33.33,0.0,33.33,234.57,1.0,1.0,33.33,0.31,0.31,,0.57,,,0.5,0.53,,,,,33.33,0.0,0.33,0.0,
4,新北國王,34|10872|10873|10874,沃許本/林彥廷/喬納森/熊祥泰,3,25,28.0,376.79,6.28,06:17,125.6,2.09,02:06,17.0,5.67,60.71,97.46,11.0,3.67,39.29,63.06,10.0,3.33,35.71,57.33,6.0,2.0,21.43,34.4,6.0,2.0,21.43,34.4,5.0,1.67,17.86,28.66,4.0,1.33,14.29,22.93,1.0,0.33,3.57,5.73,5.0,1.67,17.86,28.66,4.0,1.33,14.29,22.93,0.0,0.0,0.0,0.0,4.0,1.33,14.29,22.93,1.0,0.33,3.57,5.73,5.0,1.67,17.86,28.66,1.0,0.33,3.57,5.73,5.0,1.67,17.86,28.66,1.0,0.33,3.57,5.73,0.0,0.0,0.0,0.0,4.0,1.33,14.29,22.93,2.0,0.67,7.14,11.47,60.71,39.29,21.43,107.01,6.0,2.0,21.43,6.28,2.09,0.65,0.7,0.83,0.25,0.8,0.08,0.83,0.0,0.8,0.4,3.57,0.0,0.14,7.14,0.5
4,新竹御嵿攻城獅,78|80|88|10862,朱雲豪/田浩/盧冠軒/提傑,1,53,62.0,831.05,13.85,13:51,831.05,13.85,13:51,31.0,31.0,50.0,80.57,28.0,28.0,45.16,72.78,26.0,26.0,41.94,67.58,12.0,12.0,19.35,31.19,14.0,14.0,22.58,36.39,8.0,8.0,12.9,20.79,12.0,12.0,19.35,31.19,4.0,4.0,6.45,10.4,5.0,5.0,8.06,13.0,3.0,3.0,4.84,7.8,4.0,4.0,6.45,10.4,12.0,12.0,19.35,31.19,5.0,5.0,8.06,13.0,11.0,11.0,17.74,28.59,1.0,1.0,1.61,2.6,7.0,7.0,11.29,18.19,1.0,1.0,1.61,2.6,0.0,0.0,0.0,0.0,8.0,8.0,12.9,20.79,8.0,8.0,12.9,20.79,50.0,45.16,4.84,107.43,3.0,3.0,4.84,13.85,13.85,0.54,0.55,0.57,0.33,0.6,0.03,0.58,0.27,0.71,0.5,1.61,0.0,0.13,12.9,0.19
4,新竹御嵿攻城獅,78|80|88|10888,朱雲豪/田浩/盧冠軒/帕塞獅,1,8,9.0,111.0,1.85,01:51,111.0,1.85,01:51,9.0,9.0,100.0,175.14,1.0,1.0,11.11,19.46,5.0,5.0,55.56,97.3,4.0,4.0,44.44,77.84,3.0,3.0,33.33,58.38,3.0,3.0,33.33,58.38,2.0,2.0,22.22,38.92,1.0,1.0,11.11,19.46,0.0,0.0,0.0,0.0,0.0,0.0,0.0,0.0,1.0,1.0,11.11,19.46,0.0,0.0,0.0,0.0,0.0,0.0,0.0,0.0,2.0,2.0,22.22,38.92,0.0,0.0,0.0,0.0,1.0,1.0,11.11,19.46,0.0,0.0,0.0,0.0,0.0,0.0,0.0,0.0,2.0,2.0,22.22,38.92,2.0,2.0,22.22,38.92,100.0,11.11,88.89,116.76,8.0,8.0,88.89,1.85,1.85,0.9,0.9,1.0,0.5,,0.0,0.25,0.33,,0.33,0.0,0.0,0.22,22.22,0.0
4,新竹御嵿攻城獅,78|80|10862|10888,朱雲豪/田浩/提傑/帕塞獅,1,8,9.0,111.0,1.85,01:51,111.0,1.85,01:51,9.0,9.0,100.0,175.14,1.0,1.0,11.11,19.46,5.0,5.0,55.56,97.3,4.0,4.0,44.44,77.84,3.0,3.0,33.33,58.38,3.0,3.0,33.33,58.38,2.0,2.0,22.22,38.92,1.0,1.0,11.11,19.46,0.0,0.0,0.0,0.0,0.0,0.0,0.0,0.0,1.0,1.0,11.11,19.46,0.0,0.0,0.0,0.0,0.0,0.0,0.0,0.0,2.0,2.0,22.22,38.92,0.0,0.0,0.0,0.0,1.0,1.0,11.11,19.46,0.0,0.0,0.0,0.0,0.0,0.0,0.0,0.0,2.0,2.0,22.22,38.92,2.0,2.0,22.22,38.92,100.0,11.11,88.89,116.76,8.0,8.0,88.89,1.85,1.85,0.9,0.9,1.0,0.5,,0.0,0.25,0.33,,0.33,0.0,0.0,0.22,22.22,0.0
4,新竹御嵿攻城獅,78|80|88|10887,朱雲豪/田浩/盧冠軒/德魯,1,38,44.0,627.12,10.45,10:27,627.12,10.45,10:27,20.0,20.0,45.45,68.89,17.0,17.0,38.64,58.55,17.0,17.0,38.64,58.55,7.0,7.0,15.91,24.11,8.0,8.0,18.18,27.55,4.0,4.0,9.09,13.78,9.0,9.0,20.45,31.0,3.0,3.0,6.82,10.33,5.0,5.0,11.36,17.22,3.0,3.0,6.82,10.33,2.0,2.0,4.55,6.89,10.0,10.0,22.73,34.44,4.0,4.0,9.09,13.78,9.0,9.0,20.45,31.0,1.0,1.0,2.27,3.44,6.0,6.0,13.64,20.67,0.0,0.0,0.0,0.0,0.0,0.0,0.0,0.0,4.0,4.0,9.09,13.78,4.0,4.0,9.09,13.78,45.45,38.64,6.82,101.03,3.0,3.0,6.82,10.45,10.45,0.5,0.52,0.5,0.33,0.6,0.05,0.86,0.18,0.71,0.48,0.0,0.0,0.09,9.09,0.29
4,新北國王,28|34|10872|14038,呂政儒/沃許本/林彥廷/飛米,4,77,88.0,1152.33,19.21,19:12,288.08,4.8,04:48,40.0,10.0,45.45,74.98,32.0,8.0,36.36,59.98,36.0,9.0,40.91,67.48,15.0,3.75,17.05,28.12,27.0,6.75,30.68,50.61,14.0,3.5,15.91,26.24,9.0,2.25,10.23,16.87,1.0,0.25,1.14,1.87,9.0,2.25,10.23,16.87,9.0,2.25,10.23,16.87,6.0,1.5,6.82,11.25,15.0,3.75,17.05,28.12,4.0,1.0,4.55,7.5,16.0,4.0,18.18,29.99,4.0,1.0,4.55,7.5,13.0,3.25,14.77,24.37,1.0,0.25,1.14,1.87,2.0,0.5,2.27,3.75,5.0,1.25,5.68,9.37,6.0,1.5,6.82,11.25,45.45,36.36,9.09,109.97,8.0,2.0,9.09,19.21,4.8,0.43,0.5,0.52,0.11,1.0,0.09,0.87,0.27,0.79,0.51,1.14,2.27,0.06,6.82,0.25
4,新北國王,22|28|32|14038,簡祐哲/呂政儒/奧帝/飛米,1,5,5.0,102.0,1.7,01:42,102.0,1.7,01:42,2.0,2.0,40.0,42.35,2.0,2.0,40.0,42.35,1.0,1.0,20.0,21.18,0.0,0.0,0.0,0.0,1.0,1.0,20.0,21.18,0.0,0.0,0.0,0.0,0.0,0.0,0.0,0.0,0.0,0.0,0.0,0.0,2.0,2.0,40.0,42.35,2.0,2.0,40.0,42.35,0.0,0.0,0.0,0.0,1.0,1.0,20.0,21.18,0.0,0.0,0.0,0.0,3.0,3.0,60.0,63.53,0.0,0.0,0.0,0.0,0.0,0.0,0.0,0.0,0.0,0.0,0.0,0.0,0.0,0.0,0.0,0.0,3.0,3.0,60.0,63.53,4.0,4.0,80.0,84.71,40.0,40.0,0.0,70.59,0.0,0.0,0.0,1.7,1.7,0.0,0.53,0.0,,1.0,0.0,,0.0,1.0,0.25,0.0,0.0,0.6,80.0,2.0
4,新竹御嵿攻城獅,78|80|87|88,朱雲豪/田浩/蔡宸綱/盧冠軒,1,7,9.0,92.93,1.55,01:33,92.93,1.55,01:33,2.0,2.0,22.22,46.49,10.0,10.0,111.11,232.44,4.0,4.0,44.44,92.98,1.0,1.0,11.11,23.24,3.0,3.0,33.33,69.73,1.0,1.0,11.11,23.24,1.0,1.0,11.11,23.24,0.0,0.0,0.0,0.0,0.0,0.0,0.0,0.0,0.0,0.0,0.0,0.0,1.0,1.0,11.11,23.24,2.0,2.0,22.22,46.49,1.0,1.0,11.11,23.24,0.0,0.0,0.0,0.0,0.0,0.0,0.0,0.0,0.0,0.0,0.0,0.0,1.0,1.0,11.11,23.24,0.0,0.0,0.0,0.0,2.0,2.0,22.22,46.49,2.0,2.0,22.22,46.49,22.22,111.11,-88.89,139.46,-8.0,-8.0,-88.89,1.55,1.55,0.25,0.25,0.33,0.0,,0.0,0.0,1.0,0.67,0.75,11.11,0.0,0.22,22.22,0.0
4,新竹御嵿攻城獅,78|80|87|10862,朱雲豪/田浩/蔡宸綱/提傑,1,7,9.0,92.93,1.55,01:33,92.93,1.55,01:33,2.0,2.0,22.22,46.49,10.0,10.0,111.11,232.44,4.0,4.0,44.44,92.98,1.0,1.0,11.11,23.24,3.0,3.0,33.33,69.73,1.0,1.0,11.11,23.24,1.0,1.0,11.11,23.24,0.0,0.0,0.0,0.0,0.0,0.0,0.0,0.0,0.0,0.0,0.0,0.0,1.0,1.0,11.11,23.24,2.0,2.0,22.22,46.49,1.0,1.0,11.11,23.24,0.0,0.0,0.0,0.0,0.0,0.0,0.0,0.0,0.0,0.0,0.0,0.0,1.0,1.0,11.11,23.24,0.0,0.0,0.0,0.0,2.0,2.0,22.22,46.49,2.0,2.0,22.22,46.49,22.22,111.11,-88.89,139.46,-8.0,-8.0,-88.89,1.55,1.55,0.25,0.25,0.33,0.0,,0.0,0.0,1.0,0.67,0.75,11.11,0.0,0.22,22.22,0.0
4,新竹御嵿攻城獅,78|87|88|10862,朱雲豪/蔡宸綱/盧冠軒/提傑,2,22,31.0,369.64,6.16,06:10,184.82,3.08,03:05,7.0,3.5,22.58,40.91,18.0,9.0,58.06,105.18,12.0,6.0,38.71,70.12,3.0,1.5,9.68,17.53,7.0,3.5,22.58,40.91,3.0,1.5,9.68,17.53,5.0,2.5,16.13,29.22,0.0,0.0,0.0,0.0,2.0,1.0,6.45,11.69,1.0,0.5,3.23,5.84,3.0,1.5,9.68,17.53,6.0,3.0,19.35,35.06,6.0,3.0,19.35,35.06,2.0,1.0,6.45,11.69,1.0,0.5,3.23,5.84,0.0,0.0,0.0,0.0,1.0,0.5,3.23,5.84,0.0,0.0,0.0,0.0,4.0,2.0,12.9,23.37,5.0,2.5,16.13,29.22,22.58,58.06,-35.48,120.77,-11.0,-5.5,-35.48,6.16,3.08,0.25,0.27,0.43,0.0,0.5,0.07,0.0,0.6,0.5,0.53,3.23,0.0,0.13,16.13,0.17
4,新竹御嵿攻城獅,75|78|87|88,高國豪/朱雲豪/蔡宸綱/盧冠軒,1,10,11.0,164.41,2.74,02:44,164.41,2.74,02:44,3.0,3.0,27.27,39.41,7.0,7.0,63.64,91.97,4.0,4.0,36.36,52.55,1.0,1.0,9.09,13.14,2.0,2.0,18.18,26.28,1.0,1.0,9.09,13.14,2.0,2.0,18.18,26.28,0.0,0.0,0.0,0.0,2.0,2.0,18.18,26.28,1.0,1.0,9.09,13.14,0.0,0.0,0.0,0.0,3.0,3.0,27.27,39.41,1.0,1.0,9.09,13.14,1.0,1.0,9.09,13.14,0.0,0.0,0.0,0.0,0.0,0.0,0.0,0.0,0.0,0.0,0.0,0.0,0.0,0.0,0.0,0.0,2.0,2.0,18.18,26.28,1.0,1.0,9.09,13.14,27.27,63.64,-36.36,96.35,-4.0,-4.0,-36.36,2.74,2.74,0.25,0.31,0.5,0.0,0.5,0.0,0.0,0.0,0.75,0.6,0.0,0.0,0.18,9.09,0.5
4,新竹御嵿攻城獅,75|78|87|10862,高國豪/朱雲豪/蔡宸綱/提傑,1,5,5.0,97.41,1.62,01:37,97.41,1.62,01:37,3.0,3.0,60.0,66.52,3.0,3.0,60.0,66.52,2.0,2.0,40.0,44.35,1.0,1.0,20.0,22.17,1.0,1.0,20.0,22.17,1.0,1.0,20.0,22.17,1.0,1.0,20.0,22.17,0.0,0.0,0.0,0.0,2.0,2.0,40.0,44.35,1.0,1.0,20.0,22.17,0.0,0.0,0.0,0.0,1.0,1.0,20.0,22.17,0.0,0.0,0.0,0.0,0.0,0.0,0.0,0.0,0.0,0.0,0.0,0.0,0.0,0.0,0.0,0.0,0.0,0.0,0.0,0.0,0.0,0.0,0.0,0.0,1.0,1.0,20.0,22.17,1.0,1.0,20.0,22.17,60.0,60.0,0.0,73.92,0.0,0.0,0.0,1.62,1.62,0.5,0.52,1.0,0.0,0.5,0.0,0.0,,1.0,1.0,0.0,0.0,0.2,20.0,1.0
4,新竹御嵿攻城獅,75|78|87|10887,高國豪/朱雲豪/蔡宸綱/德魯,1,5,6.0,67.0,1.12,01:07,67.0,1.12,01:07,0.0,0.0,0.0,0.0,4.0,4.0,66.67,128.96,2.0,2.0,33.33,64.48,0.0,0.0,0.0,0.0,1.0,1.0,16.67,32.24,0.0,0.0,0.0,0.0,1.0,1.0,16.67,32.24,0.0,0.0,0.0,0.0,0.0,0.0,0.0,0.0,0.0,0.0,0.0,0.0,0.0,0.0,0.0,0.0,2.0,2.0,33.33,64.48,1.0,1.0,16.67,32.24,1.0,1.0,16.67,32.24,0.0,0.0,0.0,0.0,0.0,0.0,0.0,0.0,0.0,0.0,0.0,0.0,0.0,0.0,0.0,0.0,1.0,1.0,16.67,32.24,0.0,0.0,0.0,0.0,0.0,66.67,-66.67,128.96,-4.0,-4.0,-66.67,1.12,1.12,0.0,0.0,0.0,0.0,,0.0,,0.0,0.67,0.5,0.0,0.0,0.17,0.0,0.0
4,新竹御嵿攻城獅,78|87|88|10887,朱雲豪/蔡宸綱/盧冠軒/德魯,1,5,6.0,67.0,1.12,01:07,67.0,1.12,01:07,0.0,0.0,0.0,0.0,4.0,4.0,66.67,128.96,2.0,2.0,33.33,64.48,0.0,0.0,0.0,0.0,1.0,1.0,16.67,32.24,0.0,0.0,0.0,0.0,1.0,1.0,16.67,32.24,0.0,0.0,0.0,0.0,0.0,0.0,0.0,0.0,0.0,0.0,0.0,0.0,0.0,0.0,0.0,0.0,2.0,2.0,33.33,64.48,1.0,1.0,16.67,32.24,1.0,1.0,16.67,32.24,0.0,0.0,0.0,0.0,0.0,0.0,0.0,0.0,0.0,0.0,0.0,0.0,0.0,0.0,0.0,0.0,1.0,1.0,16.67,32.24,0.0,0.0,0.0,0.0,0.0,66.67,-66.67,128.96,-4.0,-4.0,-66.67,1.12,1.12,0.0,0.0,0.0,0.0,,0.0,,0.0,0.67,0.5,0.0,0.0,0.17,0.0,0.0
4,新北國王,29|32|10873|10874,林書緯/奧帝/喬納森/熊祥泰,1,14,16.0,220.43,3.67,03:40,220.43,3.67,03:40,12.0,12.0,75.0,117.59,6.0,6.0,37.5,58.79,8.0,8.0,50.0,78.39,5.0,5.0,31.25,48.99,3.0,3.0,18.75,29.4,3.0,3.0,18.75,29.4,5.0,5.0,31.25,48.99,2.0,2.0,12.5,19.6,0.0,0.0,0.0,0.0,0.0,0.0,0.0,0.0,1.0,1.0,6.25,9.8,2.0,2.0,12.5,19.6,1.0,1.0,6.25,9.8,4.0,4.0,25.0,39.2,0.0,0.0,0.0,0.0,5.0,5.0,31.25,48.99,0.0,0.0,0.0,0.0,0.0,0.0,0.0,0.0,1.0,1.0,6.25,9.8,2.0,2.0,12.5,19.6,75.0,37.5,37.5,104.52,6.0,6.0,37.5,3.67,3.67,0.75,0.75,1.0,0.4,,0.0,1.0,0.2,0.67,0.38,0.0,0.0,0.06,12.5,0.0
4,新北國王,29|32|10873|14038,林書緯/奧帝/喬納森/飛米,2,28,32.0,481.43,8.02,08:01,240.72,4.01,04:01,18.0,9.0,56.25,80.76,19.0,9.5,59.38,85.25,14.0,7.0,43.75,62.81,7.0,3.5,21.88,31.41,5.0,2.5,15.62,22.43,3.0,1.5,9.38,13.46,9.0,4.5,28.12,40.38,4.0,2.0,12.5,17.95,0.0,0.0,0.0,0.0,0.0,0.0,0.0,0.0,2.0,1.0,6.25,8.97,5.0,2.5,15.62,22.43,2.0,1.0,6.25,8.97,4.0,2.0,12.5,17.95,2.0,1.0,6.25,8.97,6.0,3.0,18.75,26.92,2.0,1.0,6.25,8.97,0.0,0.0,0.0,0.0,2.0,1.0,6.25,8.97,4.0,2.0,12.5,17.95,56.25,59.38,-3.12,95.71,-1.0,-0.5,-3.12,8.02,4.01,0.64,0.64,0.6,0.44,,0.12,0.86,0.33,0.71,0.54,6.25,0.0,0.06,12.5,0.0
4,新北國王,29|10873|10874|14038,林書緯/喬納森/熊祥泰/飛米,5,48,56.0,760.65,12.68,12:41,152.13,2.54,02:32,21.0,4.2,37.5,59.63,24.0,4.8,42.86,68.15,20.0,4.0,35.71,56.79,8.0,1.6,14.29,22.72,9.0,1.8,16.07,25.56,4.0,0.8,7.14,11.36,11.0,2.2,19.64,31.24,4.0,0.8,7.14,11.36,2.0,0.4,3.57,5.68,1.0,0.2,1.79,2.84,4.0,0.8,7.14,11.36,8.0,1.6,14.29,22.72,2.0,0.4,3.57,5.68,10.0,2.0,17.86,28.4,6.0,1.2,10.71,17.04,7.0,1.4,12.5,19.88,3.0,0.6,5.36,8.52,0.0,0.0,0.0,0.0,3.0,0.6,5.36,8.52,10.0,2.0,17.86,28.4,37.5,42.86,-5.36,106.02,-3.0,-0.6,-5.36,12.68,2.54,0.5,0.5,0.44,0.36,0.5,0.22,0.88,0.29,0.8,0.5,5.36,0.0,0.05,17.86,0.1
4,新北國王,29|34|10873|10874,林書緯/沃許本/喬納森/熊祥泰,3,15,16.0,277.28,4.62,04:37,92.43,1.54,01:32,7.0,2.33,43.75,54.53,6.0,2.0,37.5,46.74,6.0,2.0,37.5,46.74,2.0,0.67,12.5,15.58,1.0,0.33,6.25,7.79,0.0,0.0,0.0,0.0,5.0,1.67,31.25,38.95,2.0,0.67,12.5,15.58,2.0,0.67,12.5,15.58,1.0,0.33,6.25,7.79,1.0,0.33,6.25,7.79,3.0,1.0,18.75,23.37,0.0,0.0,0.0,0.0,4.0,1.33,25.0,31.16,2.0,0.67,12.5,15.58,1.0,0.33,6.25,7.79,0.0,0.0,0.0,0.0,0.0,0.0,0.0,0.0,0.0,0.0,0.0,0.0,0.0,0.0,0.0,0.0,43.75,37.5,6.25,83.09,1.0,0.33,6.25,4.62,1.54,0.5,0.51,0.0,0.4,0.5,0.23,0.5,0.2,1.0,0.5,0.0,0.0,0.0,0.0,0.33
4,新北國王,29|34|10873|14038,林書緯/沃許本/喬納森/飛米,3,30,32.0,452.63,7.54,07:33,150.88,2.51,02:31,14.0,4.67,43.75,66.81,11.0,3.67,34.38,52.49,8.0,2.67,25.0,38.18,4.0,1.33,12.5,19.09,2.0,0.67,6.25,9.54,1.0,0.33,3.12,4.77,6.0,2.0,18.75,28.63,3.0,1.0,9.38,14.32,4.0,1.33,12.5,19.09,3.0,1.0,9.38,14.32,1.0,0.33,3.12,4.77,3.0,1.0,9.38,14.32,1.0,0.33,3.12,4.77,9.0,3.0,28.12,42.95,6.0,2.0,18.75,28.63,3.0,1.0,9.38,14.32,2.0,0.67,6.25,9.54,0.0,0.0,0.0,0.0,0.0,0.0,0.0,0.0,2.0,0.67,6.25,9.54,43.75,34.38,9.38,101.81,3.0,1.0,9.38,7.54,2.51,0.69,0.72,0.5,0.5,0.75,0.38,0.75,0.1,0.75,0.29,6.25,0.0,0.0,6.25,0.5
4,新北國王,34|10873|10874|14038,沃許本/喬納森/熊祥泰/飛米,4,37,41.0,635.65,10.59,10:36,158.91,2.65,02:39,23.0,5.75,56.1,78.16,17.0,4.25,41.46,57.77,16.0,4.0,39.02,54.37,8.0,2.0,19.51,27.18,7.0,1.75,17.07,23.79,5.0,1.25,12.2,16.99,9.0,2.25,21.95,30.58,3.0,0.75,7.32,10.19,5.0,1.25,12.2,16.99,4.0,1.0,9.76,13.59,1.0,0.25,2.44,3.4,7.0,1.75,17.07,23.79,1.0,0.25,2.44,3.4,9.0,2.25,21.95,30.58,2.0,0.5,4.88,6.8,6.0,1.5,14.63,20.39,0.0,0.0,0.0,0.0,0.0,0.0,0.0,0.0,3.0,0.75,7.32,10.19,2.0,0.5,4.88,6.8,56.1,41.46,14.63,92.88,6.0,1.5,14.63,10.59,2.65,0.59,0.63,0.71,0.33,0.8,0.1,0.75,0.1,0.88,0.44,0.0,0.0,0.07,4.88,0.31
4,新北國王,29|34|10872|10873,林書緯/沃許本/林彥廷/喬納森,1,5,6.0,76.63,1.28,01:17,76.63,1.28,01:17,3.0,3.0,50.0,84.56,3.0,3.0,50.0,84.56,1.0,1.0,16.67,28.19,1.0,1.0,16.67,28.19,0.0,0.0,0.0,0.0,0.0,0.0,0.0,0.0,1.0,1.0,16.67,28.19,1.0,1.0,16.67,28.19,0.0,0.0,0.0,0.0,0.0,0.0,0.0,0.0,0.0,0.0,0.0,0.0,0.0,0.0,0.0,0.0,1.0,1.0,16.67,28.19,2.0,2.0,33.33,56.37,1.0,1.0,16.67,28.19,1.0,1.0,16.67,28.19,0.0,0.0,0.0,0.0,0.0,0.0,0.0,0.0,0.0,0.0,0.0,0.0,0.0,0.0,0.0,0.0,50.0,50.0,0.0,112.75,0.0,0.0,0.0,1.28,1.28,1.5,1.5,,1.0,,0.5,1.0,0.0,0.0,0.0,0.0,0.0,0.0,0.0,0.0
4,新北國王,34|10872|10873|14038,沃許本/林彥廷/喬納森/飛米,3,27,31.0,435.0,7.25,07:15,145.0,2.42,02:25,19.0,6.33,61.29,94.34,14.0,4.67,45.16,69.52,11.0,3.67,35.48,54.62,7.0,2.33,22.58,34.76,6.0,2.0,19.35,29.79,5.0,1.67,16.13,24.83,5.0,1.67,16.13,24.83,2.0,0.67,6.45,9.93,3.0,1.0,9.68,14.9,3.0,1.0,9.68,14.9,0.0,0.0,0.0,0.0,4.0,1.33,12.9,19.86,2.0,0.67,6.45,9.93,7.0,2.33,22.58,34.76,1.0,0.33,3.23,4.97,6.0,2.0,19.35,29.79,0.0,0.0,0.0,0.0,0.0,0.0,0.0,0.0,3.0,1.0,9.68,14.9,2.0,0.67,6.45,9.93,61.29,45.16,16.13,102.62,5.0,1.67,16.13,7.25,2.42,0.73,0.77,0.83,0.4,1.0,0.08,0.86,0.0,0.67,0.31,0.0,0.0,0.1,6.45,0.27
4,新北中信特攻,39|40|44|14707,魏嘉豪/謝亞軒/黃泓瀚/金恩,1,21,23.0,270.0,4.5,04:30,270.0,4.5,04:30,2.0,2.0,8.7,16.0,6.0,6.0,26.09,48.0,8.0,8.0,34.78,64.0,0.0,0.0,0.0,0.0,4.0,4.0,17.39,32.0,0.0,0.0,0.0,0.0,4.0,4.0,17.39,32.0,0.0,0.0,0.0,0.0,4.0,4.0,17.39,32.0,2.0,2.0,8.7,16.0,2.0,2.0,8.7,16.0,7.0,7.0,30.43,56.0,0.0,0.0,0.0,0.0,5.0,5.0,21.74,40.0,2.0,2.0,8.7,16.0,1.0,1.0,4.35,8.0,2.0,2.0,8.7,16.0,1.0,1.0,4.35,8.0,4.0,4.0,17.39,32.0,2.0,2.0,8.7,16.0,8.7,26.09,-17.39,122.67,-4.0,-4.0,-17.39,4.5,4.5,0.0,0.1,0.0,0.0,0.5,0.17,,0.29,1.0,0.64,8.7,4.35,0.17,8.7,0.5
4,新北中信特攻,39|40|8889|14707,魏嘉豪/謝亞軒/馬可/金恩,1,21,23.0,270.0,4.5,04:30,270.0,4.5,04:30,2.0,2.0,8.7,16.0,6.0,6.0,26.09,48.0,8.0,8.0,34.78,64.0,0.0,0.0,0.0,0.0,4.0,4.0,17.39,32.0,0.0,0.0,0.0,0.0,4.0,4.0,17.39,32.0,0.0,0.0,0.0,0.0,4.0,4.0,17.39,32.0,2.0,2.0,8.7,16.0,2.0,2.0,8.7,16.0,7.0,7.0,30.43,56.0,0.0,0.0,0.0,0.0,5.0,5.0,21.74,40.0,2.0,2.0,8.7,16.0,1.0,1.0,4.35,8.0,2.0,2.0,8.7,16.0,1.0,1.0,4.35,8.0,4.0,4.0,17.39,32.0,2.0,2.0,8.7,16.0,8.7,26.09,-17.39,122.67,-4.0,-4.0,-17.39,4.5,4.5,0.0,0.1,0.0,0.0,0.5,0.17,,0.29,1.0,0.64,8.7,4.35,0.17,8.7,0.5
4,新北中信特攻,39|44|8889|14707,魏嘉豪/黃泓瀚/馬可/金恩,1,21,23.0,270.0,4.5,04:30,270.0,4.5,04:30,2.0,2.0,8.7,16.0,6.0,6.0,26.09,48.0,8.0,8.0,34.78,64.0,0.0,0.0,0.0,0.0,4.0,4.0,17.39,32.0,0.0,0.0,0.0,0.0,4.0,4.0,17.39,32.0,0.0,0.0,0.0,0.0,4.0,4.0,17.39,32.0,2.0,2.0,8.7,16.0,2.0,2.0,8.7,16.0,7.0,7.0,30.43,56.0,0.0,0.0,0.0,0.0,5.0,5.0,21.74,40.0,2.0,2.0,8.7,16.0,1.0,1.0,4.35,8.0,2.0,2.0,8.7,16.0,1.0,1.0,4.35,8.0,4.0,4.0,17.39,32.0,2.0,2.0,8.7,16.0,8.7,26.09,-17.39,122.67,-4.0,-4.0,-17.39,4.5,4.5,0.0,0.1,0.0,0.0,0.5,0.17,,0.29,1.0,0.64,8.7,4.35,0.17,8.7,0.5
4,新北中信特攻,40|44|8889|14707,謝亞軒/黃泓瀚/馬可/金恩,1,21,23.0,270.0,4.5,04:30,270.0,4.5,04:30,2.0,2.0,8.7,16.0,6.0,6.0,26.09,48.0,8.0,8.0,34.78,64.0,0.0,0.0,0.0,0.0,4.0,4.0,17.39,32.0,0.0,0.0,0.0,0.0,4.0,4.0,17.39,32.0,0.0,0.0,0.0,0.0,4.0,4.0,17.39,32.0,2.0,2.0,8.7,16.0,2.0,2.0,8.7,16.0,7.0,7.0,30.43,56.0,0.0,0.0,0.0,0.0,5.0,5.0,21.74,40.0,2.0,2.0,8.7,16.0,1.0,1.0,4.35,8.0,2.0,2.0,8.7,16.0,1.0,1.0,4.35,8.0,4.0,4.0,17.39,32.0,2.0,2.0,8.7,16.0,8.7,26.09,-17.39,122.67,-4.0,-4.0,-17.39,4.5,4.5,0.0,0.1,0.0,0.0,0.5,0.17,,0.29,1.0,0.64,8.7,4.35,0.17,8.7,0.5
4,桃園台啤永豐雲豹,57|3129|10860|10861,莊博元/董永全/麥卡洛/迪亞洛,2,21,23.0,304.89,5.08,05:05,152.45,2.54,02:32,13.0,6.5,56.52,92.1,14.0,7.0,60.87,99.18,8.0,4.0,34.78,56.68,4.0,2.0,17.39,28.34,6.0,3.0,26.09,42.51,4.0,2.0,17.39,28.34,2.0,1.0,8.7,14.17,0.0,0.0,0.0,0.0,5.0,2.5,21.74,35.42,4.0,2.0,17.39,28.34,1.0,0.5,4.35,7.08,4.0,2.0,17.39,28.34,1.0,0.5,4.35,7.08,3.0,1.5,13.04,21.25,0.0,0.0,0.0,0.0,2.0,1.0,8.7,14.17,0.0,0.0,0.0,0.0,1.0,0.5,4.35,7.08,4.0,2.0,17.39,28.34,3.0,1.5,13.04,21.25,56.52,60.87,-4.35,108.63,-1.0,-0.5,-4.35,5.08,2.54,0.5,0.64,0.67,0.0,0.8,0.0,0.5,0.25,0.8,0.56,0.0,4.35,0.17,13.04,0.62
4,新北中信特攻,40|43|47|14707,謝亞軒/林韋翰/曾文鼎/金恩,1,66,75.0,1039.89,17.33,17:20,1039.89,17.33,17:20,35.0,35.0,46.67,72.7,46.0,46.0,61.33,95.55,30.0,30.0,40.0,62.31,13.0,13.0,17.33,27.0,18.0,18.0,24.0,37.39,7.0,7.0,9.33,14.54,12.0,12.0,16.0,24.93,6.0,6.0,8.0,12.46,3.0,3.0,4.0,6.23,3.0,3.0,4.0,6.23,6.0,6.0,8.0,12.46,12.0,12.0,16.0,24.93,3.0,3.0,4.0,6.23,6.0,6.0,8.0,12.46,6.0,6.0,8.0,12.46,8.0,8.0,10.67,16.62,4.0,4.0,5.33,8.31,0.0,0.0,0.0,0.0,4.0,4.0,5.33,8.31,9.0,9.0,12.0,18.69,46.67,61.33,-14.67,103.86,-11.0,-11.0,-14.67,17.33,17.33,0.53,0.56,0.39,0.5,1.0,0.16,0.62,0.5,0.8,0.67,5.33,0.0,0.05,12.0,0.1
4,新北中信特攻,40|43|8889|14707,謝亞軒/林韋翰/馬可/金恩,2,53,59.0,798.27,13.3,13:18,399.13,6.65,06:39,30.0,15.0,50.85,81.18,42.0,21.0,71.19,113.65,21.0,10.5,35.59,56.82,10.0,5.0,16.95,27.06,12.0,6.0,20.34,32.47,5.0,2.5,8.47,13.53,9.0,4.5,15.25,24.35,5.0,2.5,8.47,13.53,5.0,2.5,8.47,13.53,5.0,2.5,8.47,13.53,3.0,1.5,5.08,8.12,9.0,4.5,15.25,24.35,3.0,1.5,5.08,8.12,4.0,2.0,6.78,10.82,5.0,2.5,8.47,13.53,7.0,3.5,11.86,18.94,3.0,1.5,5.08,8.12,0.0,0.0,0.0,0.0,5.0,2.5,8.47,13.53,11.0,5.5,18.64,29.76,50.85,71.19,-20.34,106.43,-12.0,-6.0,-20.34,13.3,6.65,0.6,0.65,0.42,0.56,1.0,0.18,0.7,0.43,0.75,0.63,5.08,0.0,0.08,18.64,0.24
4,新北中信特攻,40|47|8889|14707,謝亞軒/曾文鼎/馬可/金恩,1,51,57.0,786.93,13.12,13:07,786.93,13.12,13:07,28.0,28.0,49.12,76.86,40.0,40.0,70.18,109.79,21.0,21.0,36.84,57.64,10.0,10.0,17.54,27.45,12.0,12.0,21.05,32.94,5.0,5.0,8.77,13.72,9.0,9.0,15.79,24.7,5.0,5.0,8.77,13.72,3.0,3.0,5.26,8.23,3.0,3.0,5.26,8.23,3.0,3.0,5.26,8.23,9.0,9.0,15.79,24.7,3.0,3.0,5.26,8.23,4.0,4.0,7.02,10.98,5.0,5.0,8.77,13.72,7.0,7.0,12.28,19.21,3.0,3.0,5.26,8.23,0.0,0.0,0.0,0.0,4.0,4.0,7.02,10.98,9.0,9.0,15.79,24.7,49.12,70.18,-21.05,104.3,-12.0,-12.0,-21.05,13.12,13.12,0.6,0.63,0.42,0.56,1.0,0.18,0.7,0.43,0.75,0.63,5.26,0.0,0.07,15.79,0.14
4,新北中信特攻,43|47|8889|14707,林韋翰/曾文鼎/馬可/金恩,1,58,68.0,921.21,15.35,15:21,921.21,15.35,15:21,32.0,32.0,47.06,75.03,42.0,42.0,61.76,98.48,27.0,27.0,39.71,63.31,11.0,11.0,16.18,25.79,17.0,17.0,25.0,39.86,6.0,6.0,8.82,14.07,10.0,10.0,14.71,23.45,5.0,5.0,7.35,11.72,6.0,6.0,8.82,14.07,5.0,5.0,7.35,11.72,7.0,7.0,10.29,16.41,11.0,11.0,16.18,25.79,3.0,3.0,4.41,7.03,5.0,5.0,7.35,11.72,5.0,5.0,7.35,11.72,7.0,7.0,10.29,16.41,3.0,3.0,4.41,7.03,0.0,0.0,0.0,0.0,5.0,5.0,7.35,11.72,9.0,9.0,13.24,21.1,47.06,61.76,-14.71,106.29,-10.0,-10.0,-14.71,15.35,15.35,0.5,0.54,0.35,0.5,0.83,0.14,0.64,0.58,0.79,0.69,4.41,0.0,0.07,13.24,0.22
4,桃園台啤永豐雲豹,54|3129|10860|10884,高錦瑋/董永全/麥卡洛/徐宏瑋,1,7,12.0,128.68,2.14,02:09,128.68,2.14,02:09,4.0,4.0,33.33,67.14,4.0,4.0,33.33,67.14,3.0,3.0,25.0,50.36,2.0,2.0,16.67,33.57,3.0,3.0,25.0,50.36,2.0,2.0,16.67,33.57,0.0,0.0,0.0,0.0,0.0,0.0,0.0,0.0,0.0,0.0,0.0,0.0,0.0,0.0,0.0,0.0,1.0,1.0,8.33,16.79,0.0,0.0,0.0,0.0,4.0,4.0,33.33,67.14,2.0,2.0,16.67,33.57,1.0,1.0,8.33,16.79,2.0,2.0,16.67,33.57,0.0,0.0,0.0,0.0,0.0,0.0,0.0,0.0,0.0,0.0,0.0,0.0,1.0,1.0,8.33,16.79,33.33,33.33,0.0,134.28,0.0,0.0,0.0,2.14,2.14,0.67,0.67,0.67,,,0.25,1.0,0.33,0.0,0.14,0.0,0.0,0.0,8.33,0.0
4,桃園台啤永豐雲豹,54|3129|10861|10884,高錦瑋/董永全/迪亞洛/徐宏瑋,2,25,34.0,390.13,6.5,06:30,195.07,3.25,03:15,4.0,2.0,11.76,22.15,11.0,5.5,32.35,60.9,9.0,4.5,26.47,49.83,2.0,1.0,5.88,11.07,6.0,3.0,17.65,33.22,2.0,1.0,5.88,11.07,3.0,1.5,8.82,16.61,0.0,0.0,0.0,0.0,2.0,1.0,5.88,11.07,0.0,0.0,0.0,0.0,2.0,1.0,5.88,11.07,6.0,3.0,17.65,33.22,5.0,2.5,14.71,27.68,6.0,3.0,17.65,33.22,4.0,2.0,11.76,22.15,2.0,1.0,5.88,11.07,1.0,0.5,2.94,5.54,0.0,0.0,0.0,0.0,1.0,0.5,2.94,5.54,2.0,1.0,5.88,11.07,11.76,32.35,-20.59,125.5,-7.0,-3.5,-20.59,6.5,3.25,0.22,0.2,0.33,0.0,0.0,0.29,1.0,0.25,0.55,0.42,2.94,0.0,0.03,5.88,0.22
4,桃園台啤永豐雲豹,54|10860|10861|10884,高錦瑋/麥卡洛/迪亞洛/徐宏瑋,1,7,12.0,128.68,2.14,02:09,128.68,2.14,02:09,4.0,4.0,33.33,67.14,4.0,4.0,33.33,67.14,3.0,3.0,25.0,50.36,2.0,2.0,16.67,33.57,3.0,3.0,25.0,50.36,2.0,2.0,16.67,33.57,0.0,0.0,0.0,0.0,0.0,0.0,0.0,0.0,0.0,0.0,0.0,0.0,0.0,0.0,0.0,0.0,1.0,1.0,8.33,16.79,0.0,0.0,0.0,0.0,4.0,4.0,33.33,67.14,2.0,2.0,16.67,33.57,1.0,1.0,8.33,16.79,2.0,2.0,16.67,33.57,0.0,0.0,0.0,0.0,0.0,0.0,0.0,0.0,0.0,0.0,0.0,0.0,1.0,1.0,8.33,16.79,33.33,33.33,0.0,134.28,0.0,0.0,0.0,2.14,2.14,0.67,0.67,0.67,,,0.25,1.0,0.33,0.0,0.14,0.0,0.0,0.0,8.33,0.0
4,新北中信特攻,43|47|48|8889,林韋翰/曾文鼎/李沛澄/馬可,1,7,11.0,134.28,2.24,02:14,134.28,2.24,02:14,4.0,4.0,36.36,64.34,2.0,2.0,18.18,32.17,6.0,6.0,54.55,96.51,1.0,1.0,9.09,16.09,5.0,5.0,45.45,80.43,1.0,1.0,9.09,16.09,1.0,1.0,9.09,16.09,0.0,0.0,0.0,0.0,3.0,3.0,27.27,48.26,2.0,2.0,18.18,32.17,4.0,4.0,36.36,64.34,2.0,2.0,18.18,32.17,0.0,0.0,0.0,0.0,1.0,1.0,9.09,16.09,0.0,0.0,0.0,0.0,0.0,0.0,0.0,0.0,0.0,0.0,0.0,0.0,0.0,0.0,0.0,0.0,1.0,1.0,9.09,16.09,0.0,0.0,0.0,0.0,36.36,18.18,18.18,117.96,2.0,2.0,18.18,2.24,2.24,0.17,0.27,0.2,0.0,0.67,0.0,0.0,0.8,1.0,0.86,0.0,0.0,0.09,0.0,0.5
4,新北中信特攻,43|47|48|14707,林韋翰/曾文鼎/李沛澄/金恩,1,17,22.0,284.43,4.74,04:44,284.43,4.74,04:44,10.0,10.0,45.45,75.94,6.0,6.0,27.27,45.56,10.0,10.0,45.45,75.94,3.0,3.0,13.64,22.78,7.0,7.0,31.82,53.16,2.0,2.0,9.09,15.19,3.0,3.0,13.64,22.78,1.0,1.0,4.55,7.59,5.0,5.0,22.73,37.97,3.0,3.0,13.64,22.78,4.0,4.0,18.18,30.38,4.0,4.0,18.18,30.38,1.0,1.0,4.55,7.59,4.0,4.0,18.18,30.38,0.0,0.0,0.0,0.0,2.0,2.0,9.09,15.19,0.0,0.0,0.0,0.0,0.0,0.0,0.0,0.0,3.0,3.0,13.64,22.78,2.0,2.0,9.09,15.19,45.45,27.27,18.18,111.38,4.0,4.0,18.18,4.74,4.74,0.35,0.41,0.29,0.33,0.6,0.0,0.67,0.5,0.8,0.62,0.0,0.0,0.14,9.09,0.5
4,新北中信特攻,43|48|8889|14707,林韋翰/李沛澄/馬可/金恩,1,7,11.0,134.28,2.24,02:14,134.28,2.24,02:14,4.0,4.0,36.36,64.34,2.0,2.0,18.18,32.17,6.0,6.0,54.55,96.51,1.0,1.0,9.09,16.09,5.0,5.0,45.45,80.43,1.0,1.0,9.09,16.09,1.0,1.0,9.09,16.09,0.0,0.0,0.0,0.0,3.0,3.0,27.27,48.26,2.0,2.0,18.18,32.17,4.0,4.0,36.36,64.34,2.0,2.0,18.18,32.17,0.0,0.0,0.0,0.0,1.0,1.0,9.09,16.09,0.0,0.0,0.0,0.0,0.0,0.0,0.0,0.0,0.0,0.0,0.0,0.0,0.0,0.0,0.0,0.0,1.0,1.0,9.09,16.09,0.0,0.0,0.0,0.0,36.36,18.18,18.18,117.96,2.0,2.0,18.18,2.24,2.24,0.17,0.27,0.2,0.0,0.67,0.0,0.0,0.8,1.0,0.86,0.0,0.0,0.09,0.0,0.5
4,新北中信特攻,47|48|8889|14707,曾文鼎/李沛澄/馬可/金恩,1,7,11.0,134.28,2.24,02:14,134.28,2.24,02:14,4.0,4.0,36.36,64.34,2.0,2.0,18.18,32.17,6.0,6.0,54.55,96.51,1.0,1.0,9.09,16.09,5.0,5.0,45.45,80.43,1.0,1.0,9.09,16.09,1.0,1.0,9.09,16.09,0.0,0.0,0.0,0.0,3.0,3.0,27.27,48.26,2.0,2.0,18.18,32.17,4.0,4.0,36.36,64.34,2.0,2.0,18.18,32.17,0.0,0.0,0.0,0.0,1.0,1.0,9.09,16.09,0.0,0.0,0.0,0.0,0.0,0.0,0.0,0.0,0.0,0.0,0.0,0.0,0.0,0.0,0.0,0.0,1.0,1.0,9.09,16.09,0.0,0.0,0.0,0.0,36.36,18.18,18.18,117.96,2.0,2.0,18.18,2.24,2.24,0.17,0.27,0.2,0.0,0.67,0.0,0.0,0.8,1.0,0.86,0.0,0.0,0.09,0.0,0.5
4,桃園台啤永豐雲豹,12|55|3129|10860,曹薰襄/汪哲宇/董永全/麥卡洛,2,6,7.0,81.2,1.35,01:21,40.6,0.68,00:41,5.0,2.5,71.43,133.0,5.0,2.5,71.43,133.0,3.0,1.5,42.86,79.8,1.0,0.5,14.29,26.6,2.0,1.0,28.57,53.2,1.0,0.5,14.29,26.6,1.0,0.5,14.29,26.6,0.0,0.0,0.0,0.0,3.0,1.5,42.86,79.8,3.0,1.5,42.86,79.8,1.0,0.5,14.29,26.6,1.0,0.5,14.29,26.6,0.0,0.0,0.0,0.0,0.0,0.0,0.0,0.0,0.0,0.0,0.0,0.0,1.0,0.5,14.29,26.6,0.0,0.0,0.0,0.0,0.0,0.0,0.0,0.0,0.0,0.0,0.0,0.0,0.0,0.0,0.0,0.0,71.43,71.43,0.0,124.13,0.0,0.0,0.0,1.35,0.68,0.33,0.58,0.5,0.0,1.0,0.0,1.0,1.0,1.0,1.0,0.0,0.0,0.0,0.0,1.0
4,桃園台啤永豐雲豹,12|55|3129|10861,曹薰襄/汪哲宇/董永全/迪亞洛,2,11,13.0,172.75,2.88,02:53,86.37,1.44,01:26,4.0,2.0,30.77,50.02,6.0,3.0,46.15,75.02,5.0,2.5,38.46,62.52,1.0,0.5,7.69,12.5,4.0,2.0,30.77,50.02,1.0,0.5,7.69,12.5,1.0,0.5,7.69,12.5,0.0,0.0,0.0,0.0,2.0,1.0,15.38,25.01,2.0,1.0,15.38,25.01,1.0,0.5,7.69,12.5,3.0,1.5,23.08,37.51,2.0,1.0,15.38,25.01,3.0,1.5,23.08,37.51,0.0,0.0,0.0,0.0,1.0,0.5,7.69,12.5,0.0,0.0,0.0,0.0,0.0,0.0,0.0,0.0,1.0,0.5,7.69,12.5,2.0,1.0,15.38,25.01,30.77,46.15,-15.38,108.37,-2.0,-1.0,-15.38,2.88,1.44,0.2,0.34,0.25,0.0,1.0,0.0,1.0,0.25,0.6,0.44,0.0,0.0,0.08,15.38,0.4
4,桃園台啤永豐雲豹,55|3129|10860|10861,汪哲宇/董永全/麥卡洛/迪亞洛,1,5,6.0,81.19,1.35,01:21,81.19,1.35,01:21,4.0,4.0,66.67,106.41,5.0,5.0,83.33,133.01,3.0,3.0,50.0,79.81,1.0,1.0,16.67,26.6,2.0,2.0,33.33,53.21,1.0,1.0,16.67,26.6,1.0,1.0,16.67,26.6,0.0,0.0,0.0,0.0,2.0,2.0,33.33,53.21,2.0,2.0,33.33,53.21,1.0,1.0,16.67,26.6,1.0,1.0,16.67,26.6,0.0,0.0,0.0,0.0,0.0,0.0,0.0,0.0,0.0,0.0,0.0,0.0,1.0,1.0,16.67,26.6,0.0,0.0,0.0,0.0,0.0,0.0,0.0,0.0,0.0,0.0,0.0,0.0,0.0,0.0,0.0,0.0,66.67,83.33,-16.67,106.41,-1.0,-1.0,-16.67,1.35,1.35,0.33,0.52,0.5,0.0,1.0,0.0,1.0,1.0,1.0,1.0,0.0,0.0,0.0,0.0,0.67
4,新北中信特攻,43|47|10880|14707,林韋翰/曾文鼎/內馬/金恩,2,32,36.0,502.31,8.37,08:22,251.16,4.19,04:11,17.0,8.5,47.22,73.1,19.0,9.5,52.78,81.7,15.0,7.5,41.67,64.5,6.0,3.0,16.67,25.8,10.0,5.0,27.78,43.0,4.0,2.0,11.11,17.2,5.0,2.5,13.89,21.5,2.0,1.0,5.56,8.6,4.0,2.0,11.11,17.2,3.0,1.5,8.33,12.9,3.0,1.5,8.33,12.9,6.0,3.0,16.67,25.8,1.0,0.5,2.78,4.3,5.0,2.5,13.89,21.5,1.0,0.5,2.78,4.3,4.0,2.0,11.11,17.2,1.0,0.5,2.78,4.3,0.0,0.0,0.0,0.0,3.0,1.5,8.33,12.9,4.0,2.0,11.11,17.2,47.22,52.78,-5.56,103.2,-2.0,-1.0,-5.56,8.37,4.19,0.47,0.51,0.4,0.4,0.75,0.06,0.67,0.38,0.86,0.6,2.78,0.0,0.08,11.11,0.27
4,新北中信特攻,43|48|10880|14707,林韋翰/李沛澄/內馬/金恩,1,10,11.0,159.15,2.65,02:39,159.15,2.65,02:39,6.0,6.0,54.55,81.43,4.0,4.0,36.36,54.29,4.0,4.0,36.36,54.29,2.0,2.0,18.18,27.14,2.0,2.0,18.18,27.14,1.0,1.0,9.09,13.57,2.0,2.0,18.18,27.14,1.0,1.0,9.09,13.57,2.0,2.0,18.18,27.14,1.0,1.0,9.09,13.57,0.0,0.0,0.0,0.0,2.0,2.0,18.18,27.14,1.0,1.0,9.09,13.57,3.0,3.0,27.27,40.72,0.0,0.0,0.0,0.0,2.0,2.0,18.18,27.14,0.0,0.0,0.0,0.0,0.0,0.0,0.0,0.0,2.0,2.0,18.18,27.14,2.0,2.0,18.18,27.14,54.55,36.36,18.18,99.53,2.0,2.0,18.18,2.65,2.65,0.62,0.61,0.5,0.5,0.5,0.0,1.0,0.0,0.67,0.33,0.0,0.0,0.18,18.18,0.5
4,新北中信特攻,47|48|10880|14707,曾文鼎/李沛澄/內馬/金恩,1,10,11.0,150.15,2.5,02:30,150.15,2.5,02:30,6.0,6.0,54.55,86.31,4.0,4.0,36.36,57.54,4.0,4.0,36.36,57.54,2.0,2.0,18.18,28.77,2.0,2.0,18.18,28.77,1.0,1.0,9.09,14.39,2.0,2.0,18.18,28.77,1.0,1.0,9.09,14.39,2.0,2.0,18.18,28.77,1.0,1.0,9.09,14.39,0.0,0.0,0.0,0.0,2.0,2.0,18.18,28.77,1.0,1.0,9.09,14.39,3.0,3.0,27.27,43.16,0.0,0.0,0.0,0.0,2.0,2.0,18.18,28.77,0.0,0.0,0.0,0.0,0.0,0.0,0.0,0.0,2.0,2.0,18.18,28.77,2.0,2.0,18.18,28.77,54.55,36.36,18.18,105.49,2.0,2.0,18.18,2.5,2.5,0.62,0.61,0.5,0.5,0.5,0.0,1.0,0.0,0.67,0.33,0.0,0.0,0.18,18.18,0.5
4,桃園台啤永豐雲豹,12|16|55|3129,曹薰襄/米勒/汪哲宇/董永全,1,5,5.0,69.55,1.16,01:10,69.55,1.16,01:10,0.0,0.0,0.0,0.0,1.0,1.0,20.0,31.06,2.0,2.0,40.0,62.11,0.0,0.0,0.0,0.0,2.0,2.0,40.0,62.11,0.0,0.0,0.0,0.0,0.0,0.0,0.0,0.0,0.0,0.0,0.0,0.0,0.0,0.0,0.0,0.0,0.0,0.0,0.0,0.0,0.0,0.0,0.0,0.0,2.0,2.0,40.0,62.11,0.0,0.0,0.0,0.0,2.0,2.0,40.0,62.11,0.0,0.0,0.0,0.0,0.0,0.0,0.0,0.0,0.0,0.0,0.0,0.0,0.0,0.0,0.0,0.0,0.0,0.0,0.0,0.0,2.0,2.0,40.0,62.11,0.0,20.0,-20.0,103.52,-1.0,-1.0,-20.0,1.16,1.16,0.0,0.0,0.0,,,0.0,,0.0,1.0,0.5,0.0,0.0,0.0,40.0,0.0
4,桃園台啤永豐雲豹,16|55|3129|10861,米勒/汪哲宇/董永全/迪亞洛,1,5,5.0,69.55,1.16,01:10,69.55,1.16,01:10,0.0,0.0,0.0,0.0,1.0,1.0,20.0,31.06,2.0,2.0,40.0,62.11,0.0,0.0,0.0,0.0,2.0,2.0,40.0,62.11,0.0,0.0,0.0,0.0,0.0,0.0,0.0,0.0,0.0,0.0,0.0,0.0,0.0,0.0,0.0,0.0,0.0,0.0,0.0,0.0,0.0,0.0,0.0,0.0,2.0,2.0,40.0,62.11,0.0,0.0,0.0,0.0,2.0,2.0,40.0,62.11,0.0,0.0,0.0,0.0,0.0,0.0,0.0,0.0,0.0,0.0,0.0,0.0,0.0,0.0,0.0,0.0,0.0,0.0,0.0,0.0,2.0,2.0,40.0,62.11,0.0,20.0,-20.0,103.52,-1.0,-1.0,-20.0,1.16,1.16,0.0,0.0,0.0,,,0.0,,0.0,1.0,0.5,0.0,0.0,0.0,40.0,0.0
4,新北中信特攻,43|47|48|10879,林韋翰/曾文鼎/李沛澄/簡廷兆,1,1,1.0,0.05,0.0,00:00,0.05,0.0,00:00,2.0,2.0,200.0,83076.92,0.0,0.0,0.0,0.0,0.0,0.0,0.0,0.0,0.0,0.0,0.0,0.0,0.0,0.0,0.0,0.0,0.0,0.0,0.0,0.0,0.0,0.0,0.0,0.0,0.0,0.0,0.0,0.0,2.0,2.0,200.0,83076.92,2.0,2.0,200.0,83076.92,0.0,0.0,0.0,0.0,0.0,0.0,0.0,0.0,0.0,0.0,0.0,0.0,0.0,0.0,0.0,0.0,0.0,0.0,0.0,0.0,0.0,0.0,0.0,0.0,0.0,0.0,0.0,0.0,0.0,0.0,0.0,0.0,0.0,0.0,0.0,0.0,0.0,0.0,0.0,0.0,200.0,0.0,200.0,27692.31,2.0,2.0,200.0,0.0,0.0,,1.14,,,1.0,0.0,,,,,0.0,0.0,0.0,0.0,
4,新北中信特攻,43|48|10879|10880,林韋翰/李沛澄/簡廷兆/內馬,1,25,36.0,428.32,7.14,07:08,428.32,7.14,07:08,14.0,14.0,38.89,70.6,7.0,7.0,19.44,35.3,16.0,16.0,44.44,80.69,4.0,4.0,11.11,20.17,8.0,8.0,22.22,40.34,3.0,3.0,8.33,15.13,8.0,8.0,22.22,40.34,1.0,1.0,2.78,5.04,5.0,5.0,13.89,25.21,5.0,5.0,13.89,25.21,5.0,5.0,13.89,25.21,7.0,7.0,19.44,35.3,4.0,4.0,11.11,20.17,7.0,7.0,19.44,35.3,0.0,0.0,0.0,0.0,2.0,2.0,5.56,10.09,0.0,0.0,0.0,0.0,2.0,2.0,5.56,10.09,4.0,4.0,11.11,20.17,6.0,6.0,16.67,30.26,38.89,19.44,19.44,121.03,7.0,7.0,19.44,7.14,7.14,0.28,0.38,0.38,0.12,1.0,0.0,0.5,0.42,0.64,0.52,0.0,5.56,0.11,16.67,0.31
4,新北中信特攻,43|48|8889|10879,林韋翰/李沛澄/馬可/簡廷兆,1,22,33.0,418.82,6.98,06:59,418.82,6.98,06:59,12.0,12.0,36.36,61.89,6.0,6.0,18.18,30.94,15.0,15.0,45.45,77.36,4.0,4.0,12.12,20.63,8.0,8.0,24.24,41.26,3.0,3.0,9.09,15.47,7.0,7.0,21.21,36.1,1.0,1.0,3.03,5.16,3.0,3.0,9.09,15.47,3.0,3.0,9.09,15.47,5.0,5.0,15.15,25.79,6.0,6.0,18.18,30.94,4.0,4.0,12.12,20.63,7.0,7.0,21.21,36.1,0.0,0.0,0.0,0.0,2.0,2.0,6.06,10.31,0.0,0.0,0.0,0.0,1.0,1.0,3.03,5.16,4.0,4.0,12.12,20.63,5.0,5.0,15.15,25.79,36.36,18.18,18.18,113.46,6.0,6.0,18.18,6.98,6.98,0.3,0.37,0.38,0.14,1.0,0.0,0.5,0.42,0.6,0.5,0.0,3.03,0.12,15.15,0.2
4,新北中信特攻,40|113|8889|10879,謝亞軒/林任鴻/馬可/簡廷兆,1,13,15.0,193.81,3.23,03:14,193.81,3.23,03:14,6.0,6.0,40.0,66.87,8.0,8.0,53.33,89.16,7.0,7.0,46.67,78.01,3.0,3.0,20.0,33.43,6.0,6.0,40.0,66.87,3.0,3.0,20.0,33.43,1.0,1.0,6.67,11.14,0.0,0.0,0.0,0.0,0.0,0.0,0.0,0.0,0.0,0.0,0.0,0.0,1.0,1.0,6.67,11.14,3.0,3.0,20.0,33.43,0.0,0.0,0.0,0.0,2.0,2.0,13.33,22.29,1.0,1.0,6.67,11.14,2.0,2.0,13.33,22.29,0.0,0.0,0.0,0.0,1.0,1.0,6.67,11.14,1.0,1.0,6.67,11.14,0.0,0.0,0.0,0.0,40.0,53.33,-13.33,111.45,-2.0,-2.0,-13.33,3.23,3.23,0.43,0.43,0.5,0.0,,0.12,0.67,0.33,1.0,0.67,0.0,6.67,0.07,0.0,0.0
4,新北中信特攻,40|47|10879|14707,謝亞軒/曾文鼎/簡廷兆/金恩,1,16,22.0,271.0,4.52,04:31,271.0,4.52,04:31,12.0,12.0,54.55,95.65,12.0,12.0,54.55,95.65,10.0,10.0,45.45,79.7,4.0,4.0,18.18,31.88,6.0,6.0,27.27,47.82,2.0,2.0,9.09,15.94,4.0,4.0,18.18,31.88,2.0,2.0,9.09,15.94,2.0,2.0,9.09,15.94,2.0,2.0,9.09,15.94,4.0,4.0,18.18,31.88,2.0,2.0,9.09,15.94,1.0,1.0,4.55,7.97,1.0,1.0,4.55,7.97,2.0,2.0,9.09,15.94,4.0,4.0,18.18,31.88,2.0,2.0,9.09,15.94,1.0,1.0,4.55,7.97,2.0,2.0,9.09,15.94,3.0,3.0,13.64,23.91,54.55,54.55,0.0,116.9,0.0,0.0,0.0,4.52,4.52,0.5,0.55,0.33,0.5,1.0,0.16,1.0,0.8,0.67,0.75,9.09,4.55,0.09,13.64,0.2
4,新北中信特攻,40|47|10880|14707,謝亞軒/曾文鼎/內馬/金恩,1,31,40.0,523.96,8.73,08:44,523.96,8.73,08:44,19.0,19.0,47.5,78.33,18.0,18.0,45.0,74.2,19.0,19.0,47.5,78.33,7.0,7.0,17.5,28.86,12.0,12.0,30.0,49.47,4.0,4.0,10.0,16.49,7.0,7.0,17.5,28.86,3.0,3.0,7.5,12.37,2.0,2.0,5.0,8.24,2.0,2.0,5.0,8.24,7.0,7.0,17.5,28.86,5.0,5.0,12.5,20.61,1.0,1.0,2.5,4.12,3.0,3.0,7.5,12.37,3.0,3.0,7.5,12.37,5.0,5.0,12.5,20.61,3.0,3.0,7.5,12.37,1.0,1.0,2.5,4.12,2.0,2.0,5.0,8.24,3.0,3.0,7.5,12.37,47.5,45.0,2.5,109.93,1.0,1.0,2.5,8.73,8.73,0.45,0.48,0.33,0.43,1.0,0.13,0.71,0.7,0.83,0.75,7.5,2.5,0.05,7.5,0.11
4,新北中信特攻,40|10879|10880|14707,謝亞軒/簡廷兆/內馬/金恩,1,16,22.0,271.0,4.52,04:31,271.0,4.52,04:31,12.0,12.0,54.55,95.65,12.0,12.0,54.55,95.65,10.0,10.0,45.45,79.7,4.0,4.0,18.18,31.88,6.0,6.0,27.27,47.82,2.0,2.0,9.09,15.94,4.0,4.0,18.18,31.88,2.0,2.0,9.09,15.94,2.0,2.0,9.09,15.94,2.0,2.0,9.09,15.94,4.0,4.0,18.18,31.88,2.0,2.0,9.09,15.94,1.0,1.0,4.55,7.97,1.0,1.0,4.55,7.97,2.0,2.0,9.09,15.94,4.0,4.0,18.18,31.88,2.0,2.0,9.09,15.94,1.0,1.0,4.55,7.97,2.0,2.0,9.09,15.94,3.0,3.0,13.64,23.91,54.55,54.55,0.0,116.9,0.0,0.0,0.0,4.52,4.52,0.5,0.55,0.33,0.5,1.0,0.16,1.0,0.8,0.67,0.75,9.09,4.55,0.09,13.64,0.2
4,新北中信特攻,47|10879|10880|14707,曾文鼎/簡廷兆/內馬/金恩,2,34,43.0,1312.28,21.87,21:52,656.14,10.94,10:56,19.0,9.5,44.19,31.27,22.0,11.0,51.16,36.21,17.0,8.5,39.53,27.98,7.0,3.5,16.28,11.52,10.0,5.0,23.26,16.46,4.0,2.0,9.3,6.58,7.0,3.5,16.28,11.52,3.0,1.5,6.98,4.94,2.0,1.0,4.65,3.29,2.0,1.0,4.65,3.29,6.0,3.0,13.95,9.88,4.0,2.0,9.3,6.58,1.0,0.5,2.33,1.65,4.0,2.0,9.3,6.58,6.0,3.0,13.95,9.88,5.0,2.5,11.63,8.23,3.0,1.5,6.98,4.94,1.0,0.5,2.33,1.65,4.0,2.0,9.3,6.58,7.0,3.5,16.28,11.52,44.19,51.16,-6.98,47.18,-3.0,-1.5,-6.98,21.87,10.94,0.5,0.53,0.4,0.43,1.0,0.25,0.71,0.6,0.8,0.67,6.98,2.33,0.09,16.28,0.12
4,新北中信特攻,40|43|10880|14707,謝亞軒/林韋翰/內馬/金恩,2,18,21.0,296.96,4.95,04:57,148.48,2.47,02:28,7.0,3.5,33.33,50.92,7.0,3.5,33.33,50.92,10.0,5.0,47.62,72.74,3.0,1.5,14.29,21.82,6.0,3.0,28.57,43.64,2.0,1.0,9.52,14.55,4.0,2.0,19.05,29.1,1.0,0.5,4.76,7.27,0.0,0.0,0.0,0.0,0.0,0.0,0.0,0.0,3.0,1.5,14.29,21.82,4.0,2.0,19.05,29.1,0.0,0.0,0.0,0.0,2.0,1.0,9.52,14.55,1.0,0.5,4.76,7.27,1.0,0.5,4.76,7.27,1.0,0.5,4.76,7.27,0.0,0.0,0.0,0.0,0.0,0.0,0.0,0.0,2.0,1.0,9.52,14.55,33.33,33.33,0.0,101.83,0.0,0.0,0.0,4.95,2.47,0.35,0.35,0.33,0.25,,0.09,0.33,0.6,1.0,0.78,4.76,0.0,0.0,9.52,0.0
4,桃園台啤永豐雲豹,12|55|57|10861,曹薰襄/汪哲宇/莊博元/迪亞洛,1,13,19.0,236.0,3.93,03:56,236.0,3.93,03:56,10.0,10.0,52.63,91.53,9.0,9.0,47.37,82.37,7.0,7.0,36.84,64.07,4.0,4.0,21.05,36.61,3.0,3.0,15.79,27.46,3.0,3.0,15.79,27.46,4.0,4.0,21.05,36.61,1.0,1.0,5.26,9.15,2.0,2.0,10.53,18.31,1.0,1.0,5.26,9.15,3.0,3.0,15.79,27.46,0.0,0.0,0.0,0.0,3.0,3.0,15.79,27.46,2.0,2.0,10.53,18.31,1.0,1.0,5.26,9.15,0.0,0.0,0.0,0.0,0.0,0.0,0.0,0.0,0.0,0.0,0.0,0.0,2.0,2.0,10.53,18.31,2.0,2.0,10.53,18.31,52.63,47.37,5.26,115.93,1.0,1.0,5.26,3.93,3.93,0.64,0.63,1.0,0.25,0.5,0.11,0.0,0.6,0.0,0.38,0.0,0.0,0.11,10.53,0.29
4,桃園台啤永豐雲豹,16|55|57|10861,米勒/汪哲宇/莊博元/迪亞洛,1,13,19.0,236.0,3.93,03:56,236.0,3.93,03:56,10.0,10.0,52.63,91.53,9.0,9.0,47.37,82.37,7.0,7.0,36.84,64.07,4.0,4.0,21.05,36.61,3.0,3.0,15.79,27.46,3.0,3.0,15.79,27.46,4.0,4.0,21.05,36.61,1.0,1.0,5.26,9.15,2.0,2.0,10.53,18.31,1.0,1.0,5.26,9.15,3.0,3.0,15.79,27.46,0.0,0.0,0.0,0.0,3.0,3.0,15.79,27.46,2.0,2.0,10.53,18.31,1.0,1.0,5.26,9.15,0.0,0.0,0.0,0.0,0.0,0.0,0.0,0.0,0.0,0.0,0.0,0.0,2.0,2.0,10.53,18.31,2.0,2.0,10.53,18.31,52.63,47.37,5.26,115.93,1.0,1.0,5.26,3.93,3.93,0.64,0.63,1.0,0.25,0.5,0.11,0.0,0.6,0.0,0.38,0.0,0.0,0.11,10.53,0.29
4,新北中信特攻,43|44|10879|14707,林韋翰/黃泓瀚/簡廷兆/金恩,1,8,11.0,109.72,1.83,01:50,109.72,1.83,01:50,0.0,0.0,0.0,0.0,7.0,7.0,63.64,137.8,1.0,1.0,9.09,19.69,0.0,0.0,0.0,0.0,0.0,0.0,0.0,0.0,0.0,0.0,0.0,0.0,1.0,1.0,9.09,19.69,0.0,0.0,0.0,0.0,0.0,0.0,0.0,0.0,0.0,0.0,0.0,0.0,0.0,0.0,0.0,0.0,1.0,1.0,9.09,19.69,3.0,3.0,27.27,59.06,1.0,1.0,9.09,19.69,2.0,2.0,18.18,39.37,0.0,0.0,0.0,0.0,1.0,1.0,9.09,19.69,0.0,0.0,0.0,0.0,0.0,0.0,0.0,0.0,2.0,2.0,18.18,39.37,0.0,63.64,-63.64,144.36,-7.0,-7.0,-63.64,1.83,1.83,0.0,0.0,,0.0,,0.67,,0.0,0.25,0.2,9.09,0.0,0.0,18.18,0.0
4,新北中信特攻,43|44|10880|14707,林韋翰/黃泓瀚/內馬/金恩,1,3,6.0,75.0,1.25,01:15,75.0,1.25,01:15,0.0,0.0,0.0,0.0,4.0,4.0,66.67,115.2,1.0,1.0,16.67,28.8,0.0,0.0,0.0,0.0,0.0,0.0,0.0,0.0,0.0,0.0,0.0,0.0,1.0,1.0,16.67,28.8,0.0,0.0,0.0,0.0,0.0,0.0,0.0,0.0,0.0,0.0,0.0,0.0,0.0,0.0,0.0,0.0,1.0,1.0,16.67,28.8,3.0,3.0,50.0,86.4,0.0,0.0,0.0,0.0,0.0,0.0,0.0,0.0,0.0,0.0,0.0,0.0,0.0,0.0,0.0,0.0,0.0,0.0,0.0,0.0,0.0,0.0,0.0,0.0,0.0,0.0,0.0,0.0,0.0,66.67,-66.67,115.2,-4.0,-4.0,-66.67,1.25,1.25,0.0,0.0,,0.0,,0.0,,,0.25,0.25,0.0,0.0,0.0,0.0,0.0
4,新北中信特攻,43|10879|10880|14707,林韋翰/簡廷兆/內馬/金恩,1,3,6.0,66.0,1.1,01:06,66.0,1.1,01:06,0.0,0.0,0.0,0.0,4.0,4.0,66.67,130.91,1.0,1.0,16.67,32.73,0.0,0.0,0.0,0.0,0.0,0.0,0.0,0.0,0.0,0.0,0.0,0.0,1.0,1.0,16.67,32.73,0.0,0.0,0.0,0.0,0.0,0.0,0.0,0.0,0.0,0.0,0.0,0.0,0.0,0.0,0.0,0.0,1.0,1.0,16.67,32.73,3.0,3.0,50.0,98.18,0.0,0.0,0.0,0.0,0.0,0.0,0.0,0.0,0.0,0.0,0.0,0.0,0.0,0.0,0.0,0.0,0.0,0.0,0.0,0.0,0.0,0.0,0.0,0.0,0.0,0.0,0.0,0.0,0.0,66.67,-66.67,130.91,-4.0,-4.0,-66.67,1.1,1.1,0.0,0.0,,0.0,,0.0,,,0.25,0.25,0.0,0.0,0.0,0.0,0.0
4,新北中信特攻,44|10879|10880|14707,黃泓瀚/簡廷兆/內馬/金恩,1,3,6.0,66.0,1.1,01:06,66.0,1.1,01:06,0.0,0.0,0.0,0.0,4.0,4.0,66.67,130.91,1.0,1.0,16.67,32.73,0.0,0.0,0.0,0.0,0.0,0.0,0.0,0.0,0.0,0.0,0.0,0.0,1.0,1.0,16.67,32.73,0.0,0.0,0.0,0.0,0.0,0.0,0.0,0.0,0.0,0.0,0.0,0.0,0.0,0.0,0.0,0.0,1.0,1.0,16.67,32.73,3.0,3.0,50.0,98.18,0.0,0.0,0.0,0.0,0.0,0.0,0.0,0.0,0.0,0.0,0.0,0.0,0.0,0.0,0.0,0.0,0.0,0.0,0.0,0.0,0.0,0.0,0.0,0.0,0.0,0.0,0.0,0.0,0.0,66.67,-66.67,130.91,-4.0,-4.0,-66.67,1.1,1.1,0.0,0.0,,0.0,,0.0,,,0.25,0.25,0.0,0.0,0.0,0.0,0.0
4,新北中信特攻,43|44|8889|14707,林韋翰/黃泓瀚/馬可/金恩,1,5,5.0,43.72,0.73,00:44,43.72,0.73,00:44,0.0,0.0,0.0,0.0,3.0,3.0,60.0,148.21,0.0,0.0,0.0,0.0,0.0,0.0,0.0,0.0,0.0,0.0,0.0,0.0,0.0,0.0,0.0,0.0,0.0,0.0,0.0,0.0,0.0,0.0,0.0,0.0,0.0,0.0,0.0,0.0,0.0,0.0,0.0,0.0,0.0,0.0,0.0,0.0,0.0,0.0,0.0,0.0,0.0,0.0,0.0,0.0,1.0,1.0,20.0,49.4,2.0,2.0,40.0,98.8,0.0,0.0,0.0,0.0,1.0,1.0,20.0,49.4,0.0,0.0,0.0,0.0,0.0,0.0,0.0,0.0,2.0,2.0,40.0,98.8,0.0,60.0,-60.0,164.67,-3.0,-3.0,-60.0,0.73,0.73,,,,,,1.0,,0.0,,0.0,20.0,0.0,0.0,40.0,
4,新北中信特攻,43|8889|10879|14707,林韋翰/馬可/簡廷兆/金恩,2,11,11.0,113.78,1.9,01:54,56.89,0.95,00:57,3.0,1.5,27.27,56.95,3.0,1.5,27.27,56.95,1.0,0.5,9.09,18.98,1.0,0.5,9.09,18.98,1.0,0.5,9.09,18.98,1.0,0.5,9.09,18.98,0.0,0.0,0.0,0.0,0.0,0.0,0.0,0.0,1.0,0.5,9.09,18.98,1.0,0.5,9.09,18.98,0.0,0.0,0.0,0.0,0.0,0.0,0.0,0.0,0.0,0.0,0.0,0.0,2.0,1.0,18.18,37.97,3.0,1.5,27.27,56.95,0.0,0.0,0.0,0.0,1.0,0.5,9.09,18.98,0.0,0.0,0.0,0.0,0.0,0.0,0.0,0.0,2.0,1.0,18.18,37.97,27.27,27.27,0.0,139.21,0.0,0.0,0.0,1.9,0.95,1.0,1.04,1.0,,1.0,0.68,0.0,0.0,,0.0,9.09,0.0,0.0,18.18,1.0
4,新北中信特攻,44|8889|10879|14707,黃泓瀚/馬可/簡廷兆/金恩,1,5,5.0,43.72,0.73,00:44,43.72,0.73,00:44,0.0,0.0,0.0,0.0,3.0,3.0,60.0,148.21,0.0,0.0,0.0,0.0,0.0,0.0,0.0,0.0,0.0,0.0,0.0,0.0,0.0,0.0,0.0,0.0,0.0,0.0,0.0,0.0,0.0,0.0,0.0,0.0,0.0,0.0,0.0,0.0,0.0,0.0,0.0,0.0,0.0,0.0,0.0,0.0,0.0,0.0,0.0,0.0,0.0,0.0,0.0,0.0,1.0,1.0,20.0,49.4,2.0,2.0,40.0,98.8,0.0,0.0,0.0,0.0,1.0,1.0,20.0,49.4,0.0,0.0,0.0,0.0,0.0,0.0,0.0,0.0,2.0,2.0,40.0,98.8,0.0,60.0,-60.0,164.67,-3.0,-3.0,-60.0,0.73,0.73,,,,,,1.0,,0.0,,0.0,20.0,0.0,0.0,40.0,
4,新北中信特攻,43|44|48|10879,林韋翰/黃泓瀚/李沛澄/簡廷兆,1,2,2.0,9.44,0.16,00:09,9.44,0.16,00:09,0.0,0.0,0.0,0.0,1.0,1.0,50.0,228.69,1.0,1.0,50.0,228.69,0.0,0.0,0.0,0.0,0.0,0.0,0.0,0.0,0.0,0.0,0.0,0.0,1.0,1.0,50.0,228.69,0.0,0.0,0.0,0.0,0.0,0.0,0.0,0.0,0.0,0.0,0.0,0.0,0.0,0.0,0.0,0.0,1.0,1.0,50.0,228.69,0.0,0.0,0.0,0.0,0.0,0.0,0.0,0.0,0.0,0.0,0.0,0.0,0.0,0.0,0.0,0.0,0.0,0.0,0.0,0.0,1.0,1.0,50.0,228.69,0.0,0.0,0.0,0.0,1.0,1.0,50.0,228.69,0.0,50.0,-50.0,304.92,-1.0,-1.0,-50.0,0.16,0.16,0.0,0.0,,0.0,,0.0,,,1.0,1.0,0.0,50.0,0.0,50.0,0.0
4,新北中信特攻,44|48|10879|10880,黃泓瀚/李沛澄/簡廷兆/內馬,1,2,2.0,9.44,0.16,00:09,9.44,0.16,00:09,0.0,0.0,0.0,0.0,1.0,1.0,50.0,228.69,1.0,1.0,50.0,228.69,0.0,0.0,0.0,0.0,0.0,0.0,0.0,0.0,0.0,0.0,0.0,0.0,1.0,1.0,50.0,228.69,0.0,0.0,0.0,0.0,0.0,0.0,0.0,0.0,0.0,0.0,0.0,0.0,0.0,0.0,0.0,0.0,1.0,1.0,50.0,228.69,0.0,0.0,0.0,0.0,0.0,0.0,0.0,0.0,0.0,0.0,0.0,0.0,0.0,0.0,0.0,0.0,0.0,0.0,0.0,0.0,1.0,1.0,50.0,228.69,0.0,0.0,0.0,0.0,1.0,1.0,50.0,228.69,0.0,50.0,-50.0,304.92,-1.0,-1.0,-50.0,0.16,0.16,0.0,0.0,,0.0,,0.0,,,1.0,1.0,0.0,50.0,0.0,50.0,0.0
4,新北國王,28|29|10873|10875,呂政儒/林書緯/喬納森/傑登,1,33,41.0,531.51,8.86,08:52,531.51,8.86,08:52,19.0,19.0,46.34,77.21,28.0,28.0,68.29,113.79,15.0,15.0,36.59,60.96,7.0,7.0,17.07,28.45,8.0,8.0,19.51,32.51,5.0,5.0,12.2,20.32,7.0,7.0,17.07,28.45,2.0,2.0,4.88,8.13,3.0,3.0,7.32,12.19,3.0,3.0,7.32,12.19,2.0,2.0,4.88,8.13,6.0,6.0,14.63,24.38,4.0,4.0,9.76,16.26,3.0,3.0,7.32,12.19,3.0,3.0,7.32,12.19,6.0,6.0,14.63,24.38,3.0,3.0,7.32,12.19,1.0,1.0,2.44,4.06,3.0,3.0,7.32,12.19,3.0,3.0,7.32,12.19,46.34,68.29,-21.95,111.08,-9.0,-9.0,-21.95,8.86,8.86,0.53,0.58,0.62,0.29,1.0,0.16,0.86,0.4,0.6,0.53,7.32,2.44,0.07,7.32,0.2
4,新北國王,28|29|10873|14303,呂政儒/林書緯/喬納森/喬丹,2,36,44.0,569.51,9.49,09:30,284.76,4.75,04:45,21.0,10.5,47.73,79.65,28.0,14.0,63.64,106.2,16.0,8.0,36.36,60.68,8.0,4.0,18.18,30.34,9.0,4.5,20.45,34.13,6.0,3.0,13.64,22.76,7.0,3.5,15.91,26.55,2.0,1.0,4.55,7.59,3.0,1.5,6.82,11.38,3.0,1.5,6.82,11.38,2.0,1.0,4.55,7.59,6.0,3.0,13.64,22.76,4.0,2.0,9.09,15.17,3.0,1.5,6.82,11.38,4.0,2.0,9.09,15.17,6.0,3.0,13.64,22.76,4.0,2.0,9.09,15.17,1.0,0.5,2.27,3.79,3.0,1.5,6.82,11.38,3.0,1.5,6.82,11.38,47.73,63.64,-15.91,111.25,-7.0,-3.5,-15.91,9.49,4.75,0.56,0.61,0.67,0.29,1.0,0.19,0.75,0.4,0.6,0.53,9.09,2.27,0.07,6.82,0.19
4,新北國王,28|29|10875|14303,呂政儒/林書緯/傑登/喬丹,1,42,55.0,678.36,11.31,11:18,678.36,11.31,11:18,23.0,23.0,41.82,73.24,32.0,32.0,58.18,101.89,24.0,24.0,43.64,76.42,9.0,9.0,16.36,28.66,16.0,16.0,29.09,50.95,7.0,7.0,12.73,22.29,8.0,8.0,14.55,25.47,2.0,2.0,3.64,6.37,3.0,3.0,5.45,9.55,3.0,3.0,5.45,9.55,6.0,6.0,10.91,19.1,8.0,8.0,14.55,25.47,5.0,5.0,9.09,15.92,5.0,5.0,9.09,15.92,3.0,3.0,5.45,9.55,6.0,6.0,10.91,19.1,3.0,3.0,5.45,9.55,3.0,3.0,5.45,9.55,4.0,4.0,7.27,12.74,5.0,5.0,9.09,15.92,41.82,58.18,-16.36,116.75,-9.0,-9.0,-16.36,11.31,11.31,0.42,0.45,0.44,0.25,1.0,0.11,0.67,0.55,0.62,0.58,5.45,5.45,0.07,9.09,0.12
4,新北國王,28|10873|10875|14303,呂政儒/喬納森/傑登/喬丹,1,33,41.0,531.51,8.86,08:52,531.51,8.86,08:52,19.0,19.0,46.34,77.21,28.0,28.0,68.29,113.79,15.0,15.0,36.59,60.96,7.0,7.0,17.07,28.45,8.0,8.0,19.51,32.51,5.0,5.0,12.2,20.32,7.0,7.0,17.07,28.45,2.0,2.0,4.88,8.13,3.0,3.0,7.32,12.19,3.0,3.0,7.32,12.19,2.0,2.0,4.88,8.13,6.0,6.0,14.63,24.38,4.0,4.0,9.76,16.26,3.0,3.0,7.32,12.19,3.0,3.0,7.32,12.19,6.0,6.0,14.63,24.38,3.0,3.0,7.32,12.19,1.0,1.0,2.44,4.06,3.0,3.0,7.32,12.19,3.0,3.0,7.32,12.19,46.34,68.29,-21.95,111.08,-9.0,-9.0,-21.95,8.86,8.86,0.53,0.58,0.62,0.29,1.0,0.16,0.86,0.4,0.6,0.53,7.32,2.44,0.07,7.32,0.2
4,新北國王,29|10873|10875|14303,林書緯/喬納森/傑登/喬丹,1,42,52.0,641.52,10.69,10:42,641.52,10.69,10:42,24.0,24.0,46.15,80.81,30.0,30.0,57.69,101.01,18.0,18.0,34.62,60.61,9.0,9.0,17.31,30.3,11.0,11.0,21.15,37.04,7.0,7.0,13.46,23.57,7.0,7.0,13.46,23.57,2.0,2.0,3.85,6.73,6.0,6.0,11.54,20.2,4.0,4.0,7.69,13.47,3.0,3.0,5.77,10.1,8.0,8.0,15.38,26.94,4.0,4.0,7.69,13.47,5.0,5.0,9.62,16.84,5.0,5.0,9.62,16.84,7.0,7.0,13.46,23.57,4.0,4.0,7.69,13.47,1.0,1.0,1.92,3.37,5.0,5.0,9.62,16.84,3.0,3.0,5.77,10.1,46.15,57.69,-11.54,116.72,-6.0,-6.0,-11.54,10.69,10.69,0.56,0.58,0.64,0.29,0.67,0.2,0.78,0.38,0.67,0.55,7.69,1.92,0.1,5.77,0.33
4,新北國王,28|10872|10875|14303,呂政儒/林彥廷/傑登/喬丹,1,9,14.0,146.84,2.45,02:27,146.84,2.45,02:27,4.0,4.0,28.57,58.84,4.0,4.0,28.57,58.84,9.0,9.0,64.29,132.39,2.0,2.0,14.29,29.42,8.0,8.0,57.14,117.68,2.0,2.0,14.29,29.42,1.0,1.0,7.14,14.71,0.0,0.0,0.0,0.0,0.0,0.0,0.0,0.0,0.0,0.0,0.0,0.0,4.0,4.0,28.57,58.84,2.0,2.0,14.29,29.42,1.0,1.0,7.14,14.71,2.0,2.0,14.29,29.42,0.0,0.0,0.0,0.0,0.0,0.0,0.0,0.0,0.0,0.0,0.0,0.0,2.0,2.0,14.29,29.42,1.0,1.0,7.14,14.71,2.0,2.0,14.29,29.42,28.57,28.57,0.0,137.29,0.0,0.0,0.0,2.45,2.45,0.22,0.22,0.25,0.0,,0.0,0.0,0.67,0.67,0.67,0.0,14.29,0.07,14.29,0.0
4,新北國王,29|10872|10875|14303,林書緯/林彥廷/傑登/喬丹,1,23,29.0,372.99,6.22,06:13,372.99,6.22,06:13,15.0,15.0,51.72,86.86,16.0,16.0,55.17,92.66,14.0,14.0,48.28,81.07,6.0,6.0,20.69,34.75,10.0,10.0,34.48,57.91,4.0,4.0,13.79,23.16,4.0,4.0,13.79,23.16,2.0,2.0,6.9,11.58,3.0,3.0,10.34,17.37,1.0,1.0,3.45,5.79,5.0,5.0,17.24,28.95,4.0,4.0,13.79,23.16,1.0,1.0,3.45,5.79,3.0,3.0,10.34,17.37,1.0,1.0,3.45,5.79,2.0,2.0,6.9,11.58,0.0,0.0,0.0,0.0,2.0,2.0,6.9,11.58,3.0,3.0,10.34,17.37,6.0,6.0,20.69,34.75,51.72,55.17,-3.45,111.96,-1.0,-1.0,-3.45,6.22,6.22,0.5,0.49,0.4,0.5,0.33,0.06,0.33,0.62,0.8,0.69,0.0,6.9,0.1,20.69,0.21
4,新北國王,10872|10873|10875|14038,林彥廷/喬納森/傑登/飛米,1,15,19.0,227.0,3.78,03:47,227.0,3.78,03:47,6.0,6.0,31.58,57.09,7.0,7.0,36.84,66.61,7.0,7.0,36.84,66.61,3.0,3.0,15.79,28.55,7.0,7.0,36.84,66.61,3.0,3.0,15.79,28.55,0.0,0.0,0.0,0.0,0.0,0.0,0.0,0.0,3.0,3.0,15.79,28.55,2.0,2.0,10.53,19.03,0.0,0.0,0.0,0.0,4.0,4.0,21.05,38.06,2.0,2.0,10.53,19.03,2.0,2.0,10.53,19.03,1.0,1.0,5.26,9.52,1.0,1.0,5.26,9.52,0.0,0.0,0.0,0.0,0.0,0.0,0.0,0.0,1.0,1.0,5.26,9.52,2.0,2.0,10.53,19.03,31.58,36.84,-5.26,120.53,-1.0,-1.0,-5.26,3.78,3.78,0.43,0.36,0.43,,0.67,0.11,0.33,0.0,0.67,0.5,0.0,0.0,0.05,10.53,0.43
4,新北國王,10873|10874|10875|14038,喬納森/熊祥泰/傑登/飛米,1,15,19.0,227.0,3.78,03:47,227.0,3.78,03:47,6.0,6.0,31.58,57.09,7.0,7.0,36.84,66.61,7.0,7.0,36.84,66.61,3.0,3.0,15.79,28.55,7.0,7.0,36.84,66.61,3.0,3.0,15.79,28.55,0.0,0.0,0.0,0.0,0.0,0.0,0.0,0.0,3.0,3.0,15.79,28.55,2.0,2.0,10.53,19.03,0.0,0.0,0.0,0.0,4.0,4.0,21.05,38.06,2.0,2.0,10.53,19.03,2.0,2.0,10.53,19.03,1.0,1.0,5.26,9.52,1.0,1.0,5.26,9.52,0.0,0.0,0.0,0.0,0.0,0.0,0.0,0.0,1.0,1.0,5.26,9.52,2.0,2.0,10.53,19.03,31.58,36.84,-5.26,120.53,-1.0,-1.0,-5.26,3.78,3.78,0.43,0.36,0.43,,0.67,0.11,0.33,0.0,0.67,0.5,0.0,0.0,0.05,10.53,0.43
4,新北國王,29|10873|10874|14303,林書緯/喬納森/熊祥泰/喬丹,2,25,31.0,338.94,5.65,05:39,169.47,2.82,02:49,4.0,2.0,12.9,25.49,12.0,6.0,38.71,76.47,8.0,4.0,25.81,50.98,2.0,1.0,6.45,12.75,7.0,3.5,22.58,44.61,2.0,1.0,6.45,12.75,1.0,0.5,3.23,6.37,0.0,0.0,0.0,0.0,0.0,0.0,0.0,0.0,0.0,0.0,0.0,0.0,2.0,1.0,6.45,12.75,4.0,2.0,12.9,25.49,1.0,0.5,3.23,6.37,4.0,2.0,12.9,25.49,6.0,3.0,19.35,38.24,2.0,1.0,6.45,12.75,4.0,2.0,12.9,25.49,0.0,0.0,0.0,0.0,3.0,1.5,9.68,19.12,8.0,4.0,25.81,50.98,12.9,38.71,-25.81,131.71,-8.0,-4.0,-25.81,5.65,2.82,0.25,0.25,0.29,0.0,,0.43,1.0,0.33,0.8,0.55,12.9,0.0,0.1,25.81,0.0
4,新北國王,25|29|10872|14303,林金榜/林書緯/林彥廷/喬丹,2,12,14.0,176.6,2.94,02:57,88.3,1.47,01:28,8.0,4.0,57.14,97.85,7.0,3.5,50.0,85.62,4.0,2.0,28.57,48.92,3.0,1.5,21.43,36.69,4.0,2.0,28.57,48.92,3.0,1.5,21.43,36.69,0.0,0.0,0.0,0.0,0.0,0.0,0.0,0.0,3.0,1.5,21.43,36.69,2.0,1.0,14.29,24.46,0.0,0.0,0.0,0.0,1.0,0.5,7.14,12.23,3.0,1.5,21.43,36.69,1.0,0.5,7.14,12.23,0.0,0.0,0.0,0.0,1.0,0.5,7.14,12.23,0.0,0.0,0.0,0.0,0.0,0.0,0.0,0.0,3.0,1.5,21.43,36.69,2.0,1.0,14.29,24.46,57.14,50.0,7.14,114.15,1.0,0.5,7.14,2.94,1.47,0.75,0.75,0.75,,0.67,0.0,0.33,0.0,0.25,0.2,0.0,0.0,0.21,14.29,0.75
4,新北國王,25|10872|14038|14303,林金榜/林彥廷/飛米/喬丹,1,10,11.0,146.57,2.44,02:27,146.57,2.44,02:27,7.0,7.0,63.64,103.16,7.0,7.0,63.64,103.16,4.0,4.0,36.36,58.95,3.0,3.0,27.27,44.21,4.0,4.0,36.36,58.95,3.0,3.0,27.27,44.21,0.0,0.0,0.0,0.0,0.0,0.0,0.0,0.0,1.0,1.0,9.09,14.74,1.0,1.0,9.09,14.74,0.0,0.0,0.0,0.0,1.0,1.0,9.09,14.74,2.0,2.0,18.18,29.47,0.0,0.0,0.0,0.0,0.0,0.0,0.0,0.0,1.0,1.0,9.09,14.74,0.0,0.0,0.0,0.0,0.0,0.0,0.0,0.0,2.0,2.0,18.18,29.47,2.0,2.0,18.18,29.47,63.64,63.64,0.0,108.07,0.0,0.0,0.0,2.44,2.44,0.75,0.79,0.75,,1.0,0.0,0.33,,0.33,0.33,0.0,0.0,0.18,18.18,0.25
4,新北國王,25|29|10875|14038,林金榜/林書緯/傑登/飛米,1,2,3.0,35.0,0.58,00:35,35.0,0.58,00:35,2.0,2.0,66.67,123.43,2.0,2.0,66.67,123.43,2.0,2.0,66.67,123.43,1.0,1.0,33.33,61.71,1.0,1.0,33.33,61.71,1.0,1.0,33.33,61.71,1.0,1.0,33.33,61.71,0.0,0.0,0.0,0.0,0.0,0.0,0.0,0.0,0.0,0.0,0.0,0.0,1.0,1.0,33.33,61.71,0.0,0.0,0.0,0.0,0.0,0.0,0.0,0.0,0.0,0.0,0.0,0.0,0.0,0.0,0.0,0.0,0.0,0.0,0.0,0.0,0.0,0.0,0.0,0.0,0.0,0.0,0.0,0.0,0.0,0.0,0.0,0.0,0.0,0.0,0.0,0.0,66.67,66.67,0.0,123.43,0.0,0.0,0.0,0.58,0.58,0.5,0.5,1.0,0.0,,0.0,0.0,1.0,,1.0,0.0,0.0,0.0,0.0,0.0
4,新北國王,25|10872|10875|14038,林金榜/林彥廷/傑登/飛米,1,2,3.0,35.0,0.58,00:35,35.0,0.58,00:35,2.0,2.0,66.67,123.43,2.0,2.0,66.67,123.43,2.0,2.0,66.67,123.43,1.0,1.0,33.33,61.71,1.0,1.0,33.33,61.71,1.0,1.0,33.33,61.71,1.0,1.0,33.33,61.71,0.0,0.0,0.0,0.0,0.0,0.0,0.0,0.0,0.0,0.0,0.0,0.0,1.0,1.0,33.33,61.71,0.0,0.0,0.0,0.0,0.0,0.0,0.0,0.0,0.0,0.0,0.0,0.0,0.0,0.0,0.0,0.0,0.0,0.0,0.0,0.0,0.0,0.0,0.0,0.0,0.0,0.0,0.0,0.0,0.0,0.0,0.0,0.0,0.0,0.0,0.0,0.0,66.67,66.67,0.0,123.43,0.0,0.0,0.0,0.58,0.58,0.5,0.5,1.0,0.0,,0.0,0.0,1.0,,1.0,0.0,0.0,0.0,0.0,0.0
4,新北國王,10872|10873|10875|14303,林彥廷/喬納森/傑登/喬丹,1,16,21.0,202.0,3.37,03:22,202.0,3.37,03:22,5.0,5.0,23.81,53.46,6.0,6.0,28.57,64.16,8.0,8.0,38.1,85.54,2.0,2.0,9.52,21.39,5.0,5.0,23.81,53.46,2.0,2.0,9.52,21.39,3.0,3.0,14.29,32.08,0.0,0.0,0.0,0.0,3.0,3.0,14.29,32.08,1.0,1.0,4.76,10.69,4.0,4.0,19.05,42.77,4.0,4.0,19.05,42.77,0.0,0.0,0.0,0.0,1.0,1.0,4.76,10.69,1.0,1.0,4.76,10.69,0.0,0.0,0.0,0.0,0.0,0.0,0.0,0.0,0.0,0.0,0.0,0.0,1.0,1.0,4.76,10.69,0.0,0.0,0.0,0.0,23.81,28.57,-4.76,149.7,-1.0,-1.0,-4.76,3.37,3.37,0.25,0.27,0.4,0.0,0.33,0.1,0.0,0.8,1.0,0.89,0.0,0.0,0.05,0.0,0.38
4,新北國王,25|29|10874|14038,林金榜/林書緯/熊祥泰/飛米,2,21,26.0,315.74,5.26,05:16,157.87,2.63,02:38,13.0,6.5,50.0,88.93,8.0,4.0,30.77,54.73,8.0,4.0,30.77,54.73,3.0,1.5,11.54,20.52,5.0,2.5,19.23,34.21,1.0,0.5,3.85,6.84,3.0,1.5,11.54,20.52,2.0,1.0,7.69,13.68,7.0,3.5,26.92,47.89,5.0,2.5,19.23,34.21,1.0,0.5,3.85,6.84,4.0,2.0,15.38,27.36,4.0,2.0,15.38,27.36,3.0,1.5,11.54,20.52,1.0,0.5,3.85,6.84,2.0,1.0,7.69,13.68,1.0,0.5,3.85,6.84,1.0,0.5,3.85,6.84,2.0,1.0,7.69,13.68,6.0,3.0,23.08,41.05,50.0,30.77,19.23,118.58,5.0,2.5,19.23,5.26,2.63,0.5,0.59,0.2,0.67,0.71,0.08,0.67,0.25,0.5,0.42,3.85,3.85,0.08,23.08,0.88
4,新北國王,25|29|10874|14303,林金榜/林書緯/熊祥泰/喬丹,2,20,25.0,291.69,4.86,04:52,145.85,2.43,02:26,10.0,5.0,40.0,74.05,8.0,4.0,32.0,59.24,8.0,4.0,32.0,59.24,3.0,1.5,12.0,22.22,5.0,2.5,20.0,37.03,1.0,0.5,4.0,7.41,3.0,1.5,12.0,22.22,2.0,1.0,8.0,14.81,4.0,2.0,16.0,29.62,2.0,1.0,8.0,14.81,1.0,0.5,4.0,7.41,4.0,2.0,16.0,29.62,4.0,2.0,16.0,29.62,3.0,1.5,12.0,22.22,1.0,0.5,4.0,7.41,2.0,1.0,8.0,14.81,1.0,0.5,4.0,7.41,1.0,0.5,4.0,7.41,1.0,0.5,4.0,7.41,6.0,3.0,24.0,44.43,40.0,32.0,8.0,123.42,2.0,1.0,8.0,4.86,2.43,0.5,0.51,0.2,0.67,0.5,0.09,0.67,0.25,0.5,0.42,4.0,4.0,0.04,24.0,0.5
4,新北國王,25|10874|14038|14303,林金榜/熊祥泰/飛米/喬丹,2,20,25.0,291.69,4.86,04:52,145.85,2.43,02:26,10.0,5.0,40.0,74.05,8.0,4.0,32.0,59.24,8.0,4.0,32.0,59.24,3.0,1.5,12.0,22.22,5.0,2.5,20.0,37.03,1.0,0.5,4.0,7.41,3.0,1.5,12.0,22.22,2.0,1.0,8.0,14.81,4.0,2.0,16.0,29.62,2.0,1.0,8.0,14.81,1.0,0.5,4.0,7.41,4.0,2.0,16.0,29.62,4.0,2.0,16.0,29.62,3.0,1.5,12.0,22.22,1.0,0.5,4.0,7.41,2.0,1.0,8.0,14.81,1.0,0.5,4.0,7.41,1.0,0.5,4.0,7.41,1.0,0.5,4.0,7.41,6.0,3.0,24.0,44.43,40.0,32.0,8.0,123.42,2.0,1.0,8.0,4.86,2.43,0.5,0.51,0.2,0.67,0.5,0.09,0.67,0.25,0.5,0.42,4.0,4.0,0.04,24.0,0.5
4,新北國王,28|29|10874|14038,呂政儒/林書緯/熊祥泰/飛米,3,30,35.0,513.96,8.57,08:34,171.32,2.86,02:51,13.0,4.33,37.14,54.64,21.0,7.0,60.0,88.26,11.0,3.67,31.43,46.23,5.0,1.67,14.29,21.01,7.0,2.33,20.0,29.42,4.0,1.33,11.43,16.81,4.0,1.33,11.43,16.81,1.0,0.33,2.86,4.2,4.0,1.33,11.43,16.81,2.0,0.67,5.71,8.41,1.0,0.33,2.86,4.2,5.0,1.67,14.29,21.01,2.0,0.67,5.71,8.41,4.0,1.33,11.43,16.81,4.0,1.33,11.43,16.81,4.0,1.33,11.43,16.81,2.0,0.67,5.71,8.41,0.0,0.0,0.0,0.0,3.0,1.0,8.57,12.61,3.0,1.0,8.57,12.61,37.14,60.0,-22.86,98.06,-8.0,-2.67,-22.86,8.57,2.86,0.5,0.51,0.57,0.25,0.5,0.24,0.8,0.2,0.71,0.5,5.71,0.0,0.09,8.57,0.36
4,新北國王,28|29|10874|14303,呂政儒/林書緯/熊祥泰/喬丹,1,7,7.0,97.0,1.62,01:37,97.0,1.62,01:37,4.0,4.0,57.14,89.07,4.0,4.0,57.14,89.07,1.0,1.0,14.29,22.27,1.0,1.0,14.29,22.27,0.0,0.0,0.0,0.0,0.0,0.0,0.0,0.0,1.0,1.0,14.29,22.27,1.0,1.0,14.29,22.27,2.0,2.0,28.57,44.54,1.0,1.0,14.29,22.27,0.0,0.0,0.0,0.0,0.0,0.0,0.0,0.0,0.0,0.0,0.0,0.0,1.0,1.0,14.29,22.27,2.0,2.0,28.57,44.54,2.0,2.0,28.57,44.54,2.0,2.0,28.57,44.54,0.0,0.0,0.0,0.0,1.0,1.0,14.29,22.27,0.0,0.0,0.0,0.0,57.14,57.14,0.0,103.92,0.0,0.0,0.0,1.62,1.62,1.5,1.06,,1.0,0.5,0.52,2.0,0.0,,0.0,28.57,0.0,0.14,0.0,2.0
4,新北國王,28|10874|14038|14303,呂政儒/熊祥泰/飛米/喬丹,1,7,7.0,97.0,1.62,01:37,97.0,1.62,01:37,4.0,4.0,57.14,89.07,4.0,4.0,57.14,89.07,1.0,1.0,14.29,22.27,1.0,1.0,14.29,22.27,0.0,0.0,0.0,0.0,0.0,0.0,0.0,0.0,1.0,1.0,14.29,22.27,1.0,1.0,14.29,22.27,2.0,2.0,28.57,44.54,1.0,1.0,14.29,22.27,0.0,0.0,0.0,0.0,0.0,0.0,0.0,0.0,0.0,0.0,0.0,0.0,1.0,1.0,14.29,22.27,2.0,2.0,28.57,44.54,2.0,2.0,28.57,44.54,2.0,2.0,28.57,44.54,0.0,0.0,0.0,0.0,1.0,1.0,14.29,22.27,0.0,0.0,0.0,0.0,57.14,57.14,0.0,103.92,0.0,0.0,0.0,1.62,1.62,1.5,1.06,,1.0,0.5,0.52,2.0,0.0,,0.0,28.57,0.0,0.14,0.0,2.0
4,新北國王,25|28|29|14038,林金榜/呂政儒/林書緯/飛米,2,12,15.0,201.3,3.36,03:21,100.65,1.68,01:41,5.0,2.5,33.33,53.65,10.0,5.0,66.67,107.3,6.0,3.0,40.0,64.38,2.0,1.0,13.33,21.46,4.0,2.0,26.67,42.92,1.0,0.5,6.67,10.73,2.0,1.0,13.33,21.46,1.0,0.5,6.67,10.73,0.0,0.0,0.0,0.0,0.0,0.0,0.0,0.0,1.0,0.5,6.67,10.73,3.0,1.5,20.0,32.19,0.0,0.0,0.0,0.0,1.0,0.5,6.67,10.73,1.0,0.5,6.67,10.73,1.0,0.5,6.67,10.73,0.0,0.0,0.0,0.0,0.0,0.0,0.0,0.0,2.0,1.0,13.33,21.46,3.0,1.5,20.0,32.19,33.33,66.67,-33.33,107.3,-5.0,-2.5,-33.33,3.36,1.68,0.42,0.42,0.25,0.5,,0.14,0.5,0.5,1.0,0.8,0.0,0.0,0.13,20.0,0.0
4,新北國王,25|28|29|14303,林金榜/呂政儒/林書緯/喬丹,2,10,13.0,147.3,2.46,02:27,73.65,1.23,01:14,5.0,2.5,38.46,73.32,7.0,3.5,53.85,102.65,5.0,2.5,38.46,73.32,2.0,1.0,15.38,29.33,3.0,1.5,23.08,43.99,1.0,0.5,7.69,14.66,2.0,1.0,15.38,29.33,1.0,0.5,7.69,14.66,0.0,0.0,0.0,0.0,0.0,0.0,0.0,0.0,1.0,0.5,7.69,14.66,2.0,1.0,15.38,29.33,0.0,0.0,0.0,0.0,1.0,0.5,7.69,14.66,1.0,0.5,7.69,14.66,1.0,0.5,7.69,14.66,0.0,0.0,0.0,0.0,0.0,0.0,0.0,0.0,1.0,0.5,7.69,14.66,3.0,1.5,23.08,43.99,38.46,53.85,-15.38,127.08,-2.0,-1.0,-15.38,2.46,1.23,0.5,0.5,0.33,0.5,,0.17,0.5,0.5,1.0,0.75,0.0,0.0,0.08,23.08,0.0
4,新北國王,25|28|14038|14303,林金榜/呂政儒/飛米/喬丹,2,10,13.0,147.3,2.46,02:27,73.65,1.23,01:14,5.0,2.5,38.46,73.32,7.0,3.5,53.85,102.65,5.0,2.5,38.46,73.32,2.0,1.0,15.38,29.33,3.0,1.5,23.08,43.99,1.0,0.5,7.69,14.66,2.0,1.0,15.38,29.33,1.0,0.5,7.69,14.66,0.0,0.0,0.0,0.0,0.0,0.0,0.0,0.0,1.0,0.5,7.69,14.66,2.0,1.0,15.38,29.33,0.0,0.0,0.0,0.0,1.0,0.5,7.69,14.66,1.0,0.5,7.69,14.66,1.0,0.5,7.69,14.66,0.0,0.0,0.0,0.0,0.0,0.0,0.0,0.0,1.0,0.5,7.69,14.66,3.0,1.5,23.08,43.99,38.46,53.85,-15.38,127.08,-2.0,-1.0,-15.38,2.46,1.23,0.5,0.5,0.33,0.5,,0.17,0.5,0.5,1.0,0.75,0.0,0.0,0.08,23.08,0.0
4,新北國王,24|29|10875|14303,蘇士軒/林書緯/傑登/喬丹,1,11,11.0,192.14,3.2,03:12,192.14,3.2,03:12,8.0,8.0,72.73,89.93,10.0,10.0,90.91,112.42,4.0,4.0,36.36,44.97,3.0,3.0,27.27,33.72,1.0,1.0,9.09,11.24,1.0,1.0,9.09,11.24,3.0,3.0,27.27,33.72,2.0,2.0,18.18,22.48,0.0,0.0,0.0,0.0,0.0,0.0,0.0,0.0,0.0,0.0,0.0,0.0,1.0,1.0,9.09,11.24,0.0,0.0,0.0,0.0,1.0,1.0,9.09,11.24,1.0,1.0,9.09,11.24,2.0,2.0,18.18,22.48,0.0,0.0,0.0,0.0,0.0,0.0,0.0,0.0,1.0,1.0,9.09,11.24,4.0,4.0,36.36,44.97,72.73,90.91,-18.18,82.44,-2.0,-2.0,-18.18,3.2,3.2,1.0,1.0,1.0,0.67,,0.2,0.67,0.0,1.0,0.5,0.0,0.0,0.09,36.36,0.0
4,新北國王,24|10872|10875|14303,蘇士軒/林彥廷/傑登/喬丹,1,11,11.0,192.14,3.2,03:12,192.14,3.2,03:12,8.0,8.0,72.73,89.93,10.0,10.0,90.91,112.42,4.0,4.0,36.36,44.97,3.0,3.0,27.27,33.72,1.0,1.0,9.09,11.24,1.0,1.0,9.09,11.24,3.0,3.0,27.27,33.72,2.0,2.0,18.18,22.48,0.0,0.0,0.0,0.0,0.0,0.0,0.0,0.0,0.0,0.0,0.0,0.0,1.0,1.0,9.09,11.24,0.0,0.0,0.0,0.0,1.0,1.0,9.09,11.24,1.0,1.0,9.09,11.24,2.0,2.0,18.18,22.48,0.0,0.0,0.0,0.0,0.0,0.0,0.0,0.0,1.0,1.0,9.09,11.24,4.0,4.0,36.36,44.97,72.73,90.91,-18.18,82.44,-2.0,-2.0,-18.18,3.2,3.2,1.0,1.0,1.0,0.67,,0.2,0.67,0.0,1.0,0.5,0.0,0.0,0.09,36.36,0.0
4,新北國王,10872|10874|10875|14303,林彥廷/熊祥泰/傑登/喬丹,1,13,17.0,168.0,2.8,02:48,168.0,2.8,02:48,2.0,2.0,11.76,25.71,4.0,4.0,23.53,51.43,7.0,7.0,41.18,90.0,1.0,1.0,5.88,12.86,4.0,4.0,23.53,51.43,1.0,1.0,5.88,12.86,3.0,3.0,17.65,38.57,0.0,0.0,0.0,0.0,0.0,0.0,0.0,0.0,0.0,0.0,0.0,0.0,3.0,3.0,17.65,38.57,3.0,3.0,17.65,38.57,0.0,0.0,0.0,0.0,1.0,1.0,5.88,12.86,1.0,1.0,5.88,12.86,0.0,0.0,0.0,0.0,0.0,0.0,0.0,0.0,0.0,0.0,0.0,0.0,0.0,0.0,0.0,0.0,0.0,0.0,0.0,0.0,11.76,23.53,-11.76,145.71,-2.0,-2.0,-11.76,2.8,2.8,0.14,0.14,0.25,0.0,,0.12,0.0,0.75,1.0,0.86,0.0,0.0,0.0,0.0,0.0
4,新北國王,10873|10874|10875|14303,喬納森/熊祥泰/傑登/喬丹,1,19,24.0,244.0,4.07,04:04,244.0,4.07,04:04,4.0,4.0,16.67,35.41,4.0,4.0,16.67,35.41,9.0,9.0,37.5,79.67,2.0,2.0,8.33,17.7,6.0,6.0,25.0,53.11,2.0,2.0,8.33,17.7,3.0,3.0,12.5,26.56,0.0,0.0,0.0,0.0,0.0,0.0,0.0,0.0,0.0,0.0,0.0,0.0,3.0,3.0,12.5,26.56,4.0,4.0,16.67,35.41,0.0,0.0,0.0,0.0,3.0,3.0,12.5,26.56,3.0,3.0,12.5,26.56,1.0,1.0,4.17,8.85,1.0,1.0,4.17,8.85,0.0,0.0,0.0,0.0,1.0,1.0,4.17,8.85,0.0,0.0,0.0,0.0,16.67,16.67,0.0,141.64,0.0,0.0,0.0,4.07,4.07,0.22,0.22,0.33,0.0,,0.25,0.5,0.5,1.0,0.7,4.17,0.0,0.04,0.0,0.0
4,新北國王,29|10873|10874|10875,林書緯/喬納森/熊祥泰/傑登,1,6,7.0,76.0,1.27,01:16,76.0,1.27,01:16,2.0,2.0,28.57,56.84,0.0,0.0,0.0,0.0,2.0,2.0,28.57,56.84,1.0,1.0,14.29,28.42,2.0,2.0,28.57,56.84,1.0,1.0,14.29,28.42,0.0,0.0,0.0,0.0,0.0,0.0,0.0,0.0,0.0,0.0,0.0,0.0,0.0,0.0,0.0,0.0,0.0,0.0,0.0,0.0,1.0,1.0,14.29,28.42,0.0,0.0,0.0,0.0,2.0,2.0,28.57,56.84,2.0,2.0,28.57,56.84,1.0,1.0,14.29,28.42,1.0,1.0,14.29,28.42,0.0,0.0,0.0,0.0,1.0,1.0,14.29,28.42,0.0,0.0,0.0,0.0,28.57,0.0,28.57,132.63,2.0,2.0,28.57,1.27,1.27,0.5,0.5,0.5,,,0.5,1.0,0.0,1.0,0.33,14.29,0.0,0.14,0.0,0.0
4,新北國王,29|10874|10875|14303,林書緯/熊祥泰/傑登/喬丹,1,6,7.0,76.0,1.27,01:16,76.0,1.27,01:16,2.0,2.0,28.57,56.84,0.0,0.0,0.0,0.0,2.0,2.0,28.57,56.84,1.0,1.0,14.29,28.42,2.0,2.0,28.57,56.84,1.0,1.0,14.29,28.42,0.0,0.0,0.0,0.0,0.0,0.0,0.0,0.0,0.0,0.0,0.0,0.0,0.0,0.0,0.0,0.0,0.0,0.0,0.0,0.0,1.0,1.0,14.29,28.42,0.0,0.0,0.0,0.0,2.0,2.0,28.57,56.84,2.0,2.0,28.57,56.84,1.0,1.0,14.29,28.42,1.0,1.0,14.29,28.42,0.0,0.0,0.0,0.0,1.0,1.0,14.29,28.42,0.0,0.0,0.0,0.0,28.57,0.0,28.57,132.63,2.0,2.0,28.57,1.27,1.27,0.5,0.5,0.5,,,0.5,1.0,0.0,1.0,0.33,14.29,0.0,0.14,0.0,0.0
4,新北國王,19|24|10871|10875,蘇培凱/蘇士軒/鍾理翔/傑登,1,4,7.0,51.01,0.85,00:51,51.01,0.85,00:51,2.0,2.0,28.57,84.69,1.0,1.0,14.29,42.34,4.0,4.0,57.14,169.38,1.0,1.0,14.29,42.34,4.0,4.0,57.14,169.38,1.0,1.0,14.29,42.34,0.0,0.0,0.0,0.0,0.0,0.0,0.0,0.0,0.0,0.0,0.0,0.0,0.0,0.0,0.0,0.0,2.0,2.0,28.57,84.69,1.0,1.0,14.29,42.34,0.0,0.0,0.0,0.0,1.0,1.0,14.29,42.34,0.0,0.0,0.0,0.0,0.0,0.0,0.0,0.0,0.0,0.0,0.0,0.0,0.0,0.0,0.0,0.0,0.0,0.0,0.0,0.0,1.0,1.0,14.29,42.34,28.57,14.29,14.29,197.61,1.0,1.0,14.29,0.85,0.85,0.25,0.25,0.25,,,0.0,0.0,0.67,1.0,0.75,0.0,0.0,0.0,14.29,0.0
4,新北國王,19|24|10873|10875,蘇培凱/蘇士軒/喬納森/傑登,1,4,7.0,51.01,0.85,00:51,51.01,0.85,00:51,2.0,2.0,28.57,84.69,1.0,1.0,14.29,42.34,4.0,4.0,57.14,169.38,1.0,1.0,14.29,42.34,4.0,4.0,57.14,169.38,1.0,1.0,14.29,42.34,0.0,0.0,0.0,0.0,0.0,0.0,0.0,0.0,0.0,0.0,0.0,0.0,0.0,0.0,0.0,0.0,2.0,2.0,28.57,84.69,1.0,1.0,14.29,42.34,0.0,0.0,0.0,0.0,1.0,1.0,14.29,42.34,0.0,0.0,0.0,0.0,0.0,0.0,0.0,0.0,0.0,0.0,0.0,0.0,0.0,0.0,0.0,0.0,0.0,0.0,0.0,0.0,1.0,1.0,14.29,42.34,28.57,14.29,14.29,197.61,1.0,1.0,14.29,0.85,0.85,0.25,0.25,0.25,,,0.0,0.0,0.67,1.0,0.75,0.0,0.0,0.0,14.29,0.0
4,新北國王,24|10871|10873|10875,蘇士軒/鍾理翔/喬納森/傑登,1,4,7.0,51.01,0.85,00:51,51.01,0.85,00:51,2.0,2.0,28.57,84.69,1.0,1.0,14.29,42.34,4.0,4.0,57.14,169.38,1.0,1.0,14.29,42.34,4.0,4.0,57.14,169.38,1.0,1.0,14.29,42.34,0.0,0.0,0.0,0.0,0.0,0.0,0.0,0.0,0.0,0.0,0.0,0.0,0.0,0.0,0.0,0.0,2.0,2.0,28.57,84.69,1.0,1.0,14.29,42.34,0.0,0.0,0.0,0.0,1.0,1.0,14.29,42.34,0.0,0.0,0.0,0.0,0.0,0.0,0.0,0.0,0.0,0.0,0.0,0.0,0.0,0.0,0.0,0.0,0.0,0.0,0.0,0.0,1.0,1.0,14.29,42.34,28.57,14.29,14.29,197.61,1.0,1.0,14.29,0.85,0.85,0.25,0.25,0.25,,,0.0,0.0,0.67,1.0,0.75,0.0,0.0,0.0,14.29,0.0
4,桃園台啤永豐雲豹,12|55|57|10860,曹薰襄/汪哲宇/莊博元/麥卡洛,1,1,1.0,0.01,0.0,00:00,0.01,0.0,00:00,1.0,1.0,100.0,216000.0,0.0,0.0,0.0,0.0,0.0,0.0,0.0,0.0,0.0,0.0,0.0,0.0,0.0,0.0,0.0,0.0,0.0,0.0,0.0,0.0,0.0,0.0,0.0,0.0,0.0,0.0,0.0,0.0,1.0,1.0,100.0,216000.0,1.0,1.0,100.0,216000.0,0.0,0.0,0.0,0.0,0.0,0.0,0.0,0.0,0.0,0.0,0.0,0.0,0.0,0.0,0.0,0.0,0.0,0.0,0.0,0.0,0.0,0.0,0.0,0.0,0.0,0.0,0.0,0.0,0.0,0.0,0.0,0.0,0.0,0.0,0.0,0.0,0.0,0.0,0.0,0.0,100.0,0.0,100.0,144000.0,1.0,1.0,100.0,0.0,0.0,,1.14,,,1.0,0.0,,,,,0.0,0.0,0.0,0.0,
4,桃園台啤永豐雲豹,55|57|3129|10860,汪哲宇/莊博元/董永全/麥卡洛,1,1,1.0,0.01,0.0,00:00,0.01,0.0,00:00,1.0,1.0,100.0,216000.0,0.0,0.0,0.0,0.0,0.0,0.0,0.0,0.0,0.0,0.0,0.0,0.0,0.0,0.0,0.0,0.0,0.0,0.0,0.0,0.0,0.0,0.0,0.0,0.0,0.0,0.0,0.0,0.0,1.0,1.0,100.0,216000.0,1.0,1.0,100.0,216000.0,0.0,0.0,0.0,0.0,0.0,0.0,0.0,0.0,0.0,0.0,0.0,0.0,0.0,0.0,0.0,0.0,0.0,0.0,0.0,0.0,0.0,0.0,0.0,0.0,0.0,0.0,0.0,0.0,0.0,0.0,0.0,0.0,0.0,0.0,0.0,0.0,0.0,0.0,0.0,0.0,100.0,0.0,100.0,144000.0,1.0,1.0,100.0,0.0,0.0,,1.14,,,1.0,0.0,,,,,0.0,0.0,0.0,0.0,
4,桃園台啤永豐雲豹,12|55|3129|10884,曹薰襄/汪哲宇/董永全/徐宏瑋,1,1,3.0,25.0,0.42,00:25,25.0,0.42,00:25,0.0,0.0,0.0,0.0,0.0,0.0,0.0,0.0,0.0,0.0,0.0,0.0,0.0,0.0,0.0,0.0,0.0,0.0,0.0,0.0,0.0,0.0,0.0,0.0,0.0,0.0,0.0,0.0,0.0,0.0,0.0,0.0,0.0,0.0,0.0,0.0,0.0,0.0,0.0,0.0,0.0,0.0,0.0,0.0,0.0,0.0,0.0,0.0,1.0,1.0,33.33,86.4,1.0,1.0,33.33,86.4,1.0,1.0,33.33,86.4,0.0,0.0,0.0,0.0,0.0,0.0,0.0,0.0,0.0,0.0,0.0,0.0,0.0,0.0,0.0,0.0,0.0,0.0,0.0,0.0,0.0,0.0,0.0,172.8,0.0,0.0,0.0,0.42,0.42,,,,,,1.0,,0.0,0.0,0.0,0.0,0.0,0.0,0.0,
4,新北國王,25|29|34|14038,林金榜/林書緯/沃許本/飛米,3,42,57.0,774.24,12.9,12:54,258.08,4.3,04:18,26.0,8.67,45.61,72.54,21.0,7.0,36.84,58.59,20.0,6.67,35.09,55.8,7.0,2.33,12.28,19.53,17.0,5.67,29.82,47.43,7.0,2.33,12.28,19.53,3.0,1.0,5.26,8.37,0.0,0.0,0.0,0.0,12.0,4.0,21.05,33.48,12.0,4.0,21.05,33.48,6.0,2.0,10.53,16.74,7.0,2.33,12.28,19.53,7.0,2.33,12.28,19.53,7.0,2.33,12.28,19.53,2.0,0.67,3.51,5.58,4.0,1.33,7.02,11.16,2.0,0.67,3.51,5.58,0.0,0.0,0.0,0.0,12.0,4.0,21.05,33.48,1.0,0.33,1.75,2.79,45.61,36.84,8.77,106.01,5.0,1.67,8.77,12.9,4.3,0.35,0.51,0.41,0.0,1.0,0.07,0.57,0.46,0.5,0.48,3.51,0.0,0.21,1.75,0.6
4,新北國王,25|34|10872|14038,林金榜/沃許本/林彥廷/飛米,2,26,36.0,478.11,7.97,07:58,239.06,3.98,03:59,14.0,7.0,38.89,63.25,7.0,3.5,19.44,31.62,10.0,5.0,27.78,45.18,4.0,2.0,11.11,18.07,10.0,5.0,27.78,45.18,4.0,2.0,11.11,18.07,0.0,0.0,0.0,0.0,0.0,0.0,0.0,0.0,6.0,3.0,16.67,27.11,6.0,3.0,16.67,27.11,2.0,1.0,5.56,9.04,4.0,2.0,11.11,18.07,6.0,3.0,16.67,27.11,5.0,2.5,13.89,22.59,2.0,1.0,5.56,9.04,3.0,1.5,8.33,13.55,1.0,0.5,2.78,4.52,0.0,0.0,0.0,0.0,8.0,4.0,22.22,36.14,0.0,0.0,0.0,0.0,38.89,19.44,19.44,108.43,7.0,3.5,19.44,7.97,3.98,0.4,0.55,0.4,,1.0,0.14,0.75,0.29,0.4,0.35,2.78,0.0,0.22,0.0,0.6
4,臺北台新戰神,1|14|10864|10867,丁聖儒/錢肯尼/劉彥廷/威力斯,4,65,81.0,1046.69,17.44,17:27,261.67,4.36,04:22,40.0,10.0,49.38,82.55,37.0,9.25,45.68,76.35,38.0,9.5,46.91,78.42,15.0,3.75,18.52,30.95,25.0,6.25,30.86,51.59,9.0,2.25,11.11,18.57,13.0,3.25,16.05,26.83,6.0,1.5,7.41,12.38,6.0,1.5,7.41,12.38,4.0,1.0,4.94,8.25,11.0,2.75,13.58,22.7,13.0,3.25,16.05,26.83,3.0,0.75,3.7,6.19,12.0,3.0,14.81,24.76,4.0,1.0,4.94,8.25,14.0,3.5,17.28,28.89,3.0,0.75,3.7,6.19,4.0,1.0,4.94,8.25,9.0,2.25,11.11,18.57,4.0,1.0,4.94,8.25,49.38,45.68,3.7,111.44,3.0,0.75,3.7,17.44,4.36,0.47,0.49,0.36,0.46,0.67,0.09,0.93,0.48,0.81,0.62,3.7,4.94,0.11,4.94,0.16
4,臺北台新戰神,1|14|10864|14437,丁聖儒/錢肯尼/劉彥廷/弗利沙,2,36,45.0,617.69,10.29,10:18,308.85,5.15,05:09,21.0,10.5,46.67,73.43,22.0,11.0,48.89,76.93,24.0,12.0,53.33,83.93,9.0,4.5,20.0,31.47,16.0,8.0,35.56,55.95,6.0,3.0,13.33,20.98,8.0,4.0,17.78,27.98,3.0,1.5,6.67,10.49,1.0,0.5,2.22,3.5,0.0,0.0,0.0,0.0,8.0,4.0,17.78,27.98,8.0,4.0,17.78,27.98,0.0,0.0,0.0,0.0,6.0,3.0,13.33,20.98,2.0,1.0,4.44,6.99,8.0,4.0,17.78,27.98,2.0,1.0,4.44,6.99,2.0,1.0,4.44,6.99,4.0,2.0,8.89,13.99,4.0,2.0,8.89,13.99,46.67,48.89,-2.22,104.91,-1.0,-0.5,-2.22,10.29,5.15,0.44,0.43,0.38,0.38,0.0,0.08,0.89,0.57,1.0,0.73,4.44,4.44,0.09,8.89,0.04
4,臺北台新戰神,1|14|10867|14437,丁聖儒/錢肯尼/威力斯/弗利沙,2,58,72.0,916.13,15.27,15:16,458.07,7.63,07:38,36.0,18.0,50.0,84.88,32.0,16.0,44.44,75.45,33.0,16.5,45.83,77.81,14.0,7.0,19.44,33.01,23.0,11.5,31.94,54.23,11.0,5.5,15.28,25.94,10.0,5.0,13.89,23.58,3.0,1.5,4.17,7.07,7.0,3.5,9.72,16.5,5.0,2.5,6.94,11.79,10.0,5.0,13.89,23.58,11.0,5.5,15.28,25.94,1.0,0.5,1.39,2.36,9.0,4.5,12.5,21.22,4.0,2.0,5.56,9.43,13.0,6.5,18.06,30.65,3.0,1.5,4.17,7.07,2.0,1.0,2.78,4.72,6.0,3.0,8.33,14.15,6.0,3.0,8.33,14.15,50.0,44.44,5.56,113.17,4.0,2.0,5.56,15.27,7.63,0.47,0.5,0.48,0.3,0.71,0.1,0.93,0.53,0.92,0.68,4.17,2.78,0.08,8.33,0.21
4,臺北台新戰神,1|10864|10867|14437,丁聖儒/劉彥廷/威力斯/弗利沙,2,36,45.0,617.69,10.29,10:18,308.85,5.15,05:09,21.0,10.5,46.67,73.43,22.0,11.0,48.89,76.93,24.0,12.0,53.33,83.93,9.0,4.5,20.0,31.47,16.0,8.0,35.56,55.95,6.0,3.0,13.33,20.98,8.0,4.0,17.78,27.98,3.0,1.5,6.67,10.49,1.0,0.5,2.22,3.5,0.0,0.0,0.0,0.0,8.0,4.0,17.78,27.98,8.0,4.0,17.78,27.98,0.0,0.0,0.0,0.0,6.0,3.0,13.33,20.98,2.0,1.0,4.44,6.99,8.0,4.0,17.78,27.98,2.0,1.0,4.44,6.99,2.0,1.0,4.44,6.99,4.0,2.0,8.89,13.99,4.0,2.0,8.89,13.99,46.67,48.89,-2.22,104.91,-1.0,-0.5,-2.22,10.29,5.15,0.44,0.43,0.38,0.38,0.0,0.08,0.89,0.57,1.0,0.73,4.44,4.44,0.09,8.89,0.04
4,臺北台新戰神,14|10864|10867|14437,錢肯尼/劉彥廷/威力斯/弗利沙,2,36,45.0,617.69,10.29,10:18,308.85,5.15,05:09,21.0,10.5,46.67,73.43,22.0,11.0,48.89,76.93,24.0,12.0,53.33,83.93,9.0,4.5,20.0,31.47,16.0,8.0,35.56,55.95,6.0,3.0,13.33,20.98,8.0,4.0,17.78,27.98,3.0,1.5,6.67,10.49,1.0,0.5,2.22,3.5,0.0,0.0,0.0,0.0,8.0,4.0,17.78,27.98,8.0,4.0,17.78,27.98,0.0,0.0,0.0,0.0,6.0,3.0,13.33,20.98,2.0,1.0,4.44,6.99,8.0,4.0,17.78,27.98,2.0,1.0,4.44,6.99,2.0,1.0,4.44,6.99,4.0,2.0,8.89,13.99,4.0,2.0,8.89,13.99,46.67,48.89,-2.22,104.91,-1.0,-0.5,-2.22,10.29,5.15,0.44,0.43,0.38,0.38,0.0,0.08,0.89,0.57,1.0,0.73,4.44,4.44,0.09,8.89,0.04
4,臺北台新戰神,1|11|14|14437,丁聖儒/蘇奕晉/錢肯尼/弗利沙,1,21,27.0,299.86,5.0,05:00,299.86,5.0,05:00,12.0,12.0,44.44,86.44,9.0,9.0,33.33,64.83,10.0,10.0,37.04,72.03,4.0,4.0,14.81,28.81,6.0,6.0,22.22,43.22,4.0,4.0,14.81,28.81,4.0,4.0,14.81,28.81,0.0,0.0,0.0,0.0,4.0,4.0,14.81,28.81,4.0,4.0,14.81,28.81,3.0,3.0,11.11,21.61,3.0,3.0,11.11,21.61,1.0,1.0,3.7,7.2,2.0,2.0,7.41,14.41,2.0,2.0,7.41,14.41,4.0,4.0,14.81,28.81,1.0,1.0,3.7,7.2,0.0,0.0,0.0,0.0,3.0,3.0,11.11,21.61,2.0,2.0,7.41,14.41,44.44,33.33,11.11,129.66,3.0,3.0,11.11,5.0,5.0,0.4,0.51,0.67,0.0,1.0,0.15,1.0,0.6,0.75,0.67,3.7,0.0,0.11,7.41,0.4
4,臺北台新戰神,1|11|10867|14437,丁聖儒/蘇奕晉/威力斯/弗利沙,1,21,26.0,282.77,4.71,04:43,282.77,4.71,04:43,16.0,16.0,61.54,122.22,9.0,9.0,34.62,68.75,8.0,8.0,30.77,61.11,5.0,5.0,19.23,38.19,6.0,6.0,23.08,45.83,5.0,5.0,19.23,38.19,2.0,2.0,7.69,15.28,0.0,0.0,0.0,0.0,6.0,6.0,23.08,45.83,6.0,6.0,23.08,45.83,2.0,2.0,7.69,15.28,1.0,1.0,3.85,7.64,1.0,1.0,3.85,7.64,1.0,1.0,3.85,7.64,2.0,2.0,7.69,15.28,5.0,5.0,19.23,38.19,1.0,1.0,3.85,7.64,0.0,0.0,0.0,0.0,3.0,3.0,11.54,22.92,2.0,2.0,7.69,15.28,61.54,34.62,26.92,132.4,7.0,7.0,26.92,4.71,4.71,0.62,0.75,0.83,0.0,1.0,0.16,1.0,0.67,0.5,0.6,3.85,0.0,0.12,7.69,0.75
4,臺北台新戰神,11|14|10867|14437,蘇奕晉/錢肯尼/威力斯/弗利沙,2,22,27.0,270.77,4.51,04:31,135.39,2.26,02:15,10.0,5.0,37.04,79.77,13.0,6.5,48.15,103.7,7.0,3.5,25.93,55.84,3.0,1.5,11.11,23.93,4.0,2.0,14.81,31.91,3.0,1.5,11.11,23.93,3.0,1.5,11.11,23.93,0.0,0.0,0.0,0.0,4.0,2.0,14.81,31.91,4.0,2.0,14.81,31.91,2.0,1.0,7.41,15.95,2.0,1.0,7.41,15.95,1.0,0.5,3.7,7.98,1.0,0.5,3.7,7.98,4.0,2.0,14.81,31.91,3.0,1.5,11.11,23.93,2.0,1.0,7.41,15.95,0.0,0.0,0.0,0.0,2.0,1.0,7.41,15.95,2.0,1.0,7.41,15.95,37.04,48.15,-11.11,143.59,-3.0,-1.5,-11.11,4.51,2.26,0.43,0.57,0.75,0.0,1.0,0.31,1.0,0.67,0.67,0.67,7.41,0.0,0.07,7.41,0.57
4,臺北台新戰神,1|10|11|14437,丁聖儒/雷蒙恩/蘇奕晉/弗利沙,1,13,15.0,203.0,3.38,03:23,203.0,3.38,03:23,9.0,9.0,60.0,95.76,6.0,6.0,40.0,63.84,5.0,5.0,33.33,53.2,3.0,3.0,20.0,31.92,3.0,3.0,20.0,31.92,2.0,2.0,13.33,21.28,2.0,2.0,13.33,21.28,1.0,1.0,6.67,10.64,2.0,2.0,13.33,21.28,2.0,2.0,13.33,21.28,2.0,2.0,13.33,21.28,0.0,0.0,0.0,0.0,1.0,1.0,6.67,10.64,1.0,1.0,6.67,10.64,2.0,2.0,13.33,21.28,3.0,3.0,20.0,31.92,1.0,1.0,6.67,10.64,0.0,0.0,0.0,0.0,2.0,2.0,13.33,21.28,0.0,0.0,0.0,0.0,60.0,40.0,20.0,106.4,3.0,3.0,20.0,3.38,3.38,0.7,0.77,0.67,0.5,1.0,0.25,1.0,0.67,0.0,0.5,6.67,0.0,0.13,0.0,0.4
4,臺北台新戰神,1|10|10867|14437,丁聖儒/雷蒙恩/威力斯/弗利沙,2,24,25.0,375.67,6.26,06:16,187.83,3.13,03:08,23.0,11.5,92.0,132.24,10.0,5.0,40.0,57.5,10.0,5.0,40.0,57.5,8.0,4.0,32.0,46.0,7.0,3.5,28.0,40.25,6.0,3.0,24.0,34.5,3.0,1.5,12.0,17.25,2.0,1.0,8.0,11.5,8.0,4.0,32.0,46.0,5.0,2.5,20.0,28.75,1.0,0.5,4.0,5.75,2.0,1.0,8.0,11.5,0.0,0.0,0.0,0.0,3.0,1.5,12.0,17.25,0.0,0.0,0.0,0.0,7.0,3.5,28.0,40.25,0.0,0.0,0.0,0.0,0.0,0.0,0.0,0.0,3.0,1.5,12.0,17.25,0.0,0.0,0.0,0.0,92.0,40.0,52.0,95.83,13.0,6.5,52.0,6.26,3.13,0.9,0.85,0.86,0.67,0.62,0.0,0.88,0.25,1.0,0.5,0.0,0.0,0.12,0.0,0.8
4,臺北台新戰神,10|11|10867|14437,雷蒙恩/蘇奕晉/威力斯/弗利沙,1,6,6.0,94.0,1.57,01:34,94.0,1.57,01:34,6.0,6.0,100.0,137.87,2.0,2.0,33.33,45.96,2.0,2.0,33.33,45.96,2.0,2.0,33.33,45.96,2.0,2.0,33.33,45.96,2.0,2.0,33.33,45.96,0.0,0.0,0.0,0.0,0.0,0.0,0.0,0.0,2.0,2.0,33.33,45.96,2.0,2.0,33.33,45.96,0.0,0.0,0.0,0.0,0.0,0.0,0.0,0.0,0.0,0.0,0.0,0.0,0.0,0.0,0.0,0.0,0.0,0.0,0.0,0.0,2.0,2.0,33.33,45.96,0.0,0.0,0.0,0.0,0.0,0.0,0.0,0.0,1.0,1.0,16.67,22.98,0.0,0.0,0.0,0.0,100.0,33.33,66.67,91.91,4.0,4.0,66.67,1.57,1.57,1.0,1.04,1.0,,1.0,0.0,1.0,,,,0.0,0.0,0.17,0.0,1.0
4,新北國王,29|34|10872|14303,林書緯/沃許本/林彥廷/喬丹,1,29,34.0,438.61,7.31,07:19,438.61,7.31,07:19,17.0,17.0,50.0,83.72,16.0,16.0,47.06,78.79,11.0,11.0,32.35,54.17,7.0,7.0,20.59,34.47,9.0,9.0,26.47,44.32,6.0,6.0,17.65,29.55,2.0,2.0,5.88,9.85,1.0,1.0,2.94,4.92,3.0,3.0,8.82,14.77,2.0,2.0,5.88,9.85,2.0,2.0,5.88,9.85,2.0,2.0,5.88,9.85,3.0,3.0,8.82,14.77,5.0,5.0,14.71,24.62,3.0,3.0,8.82,14.77,4.0,4.0,11.76,19.7,2.0,2.0,5.88,9.85,0.0,0.0,0.0,0.0,5.0,5.0,14.71,24.62,5.0,5.0,14.71,24.62,50.0,47.06,2.94,111.63,1.0,1.0,2.94,7.31,7.31,0.68,0.69,0.67,0.5,0.67,0.2,0.57,0.29,0.4,0.33,5.88,0.0,0.15,14.71,0.27
4,新北國王,29|34|10874|14303,林書緯/沃許本/熊祥泰/喬丹,1,20,23.0,297.4,4.96,04:57,297.4,4.96,04:57,12.0,12.0,52.17,87.16,13.0,13.0,56.52,94.42,8.0,8.0,34.78,58.1,5.0,5.0,21.74,36.31,7.0,7.0,30.43,50.84,4.0,4.0,17.39,29.05,1.0,1.0,4.35,7.26,1.0,1.0,4.35,7.26,1.0,1.0,4.35,7.26,1.0,1.0,4.35,7.26,2.0,2.0,8.7,14.53,1.0,1.0,4.35,7.26,1.0,1.0,4.35,7.26,3.0,3.0,13.04,21.79,3.0,3.0,13.04,21.79,2.0,2.0,8.7,14.53,2.0,2.0,8.7,14.53,0.0,0.0,0.0,0.0,2.0,2.0,8.7,14.53,4.0,4.0,17.39,29.05,52.17,56.52,-4.35,111.36,-1.0,-1.0,-4.35,4.96,4.96,0.69,0.71,0.57,1.0,1.0,0.26,0.4,0.4,0.5,0.43,8.7,0.0,0.09,17.39,0.12
4,新北國王,34|10872|10874|14303,沃許本/林彥廷/熊祥泰/喬丹,1,27,30.0,425.44,7.09,07:05,425.44,7.09,07:05,12.0,12.0,40.0,60.93,13.0,13.0,43.33,66.0,11.0,11.0,36.67,55.85,5.0,5.0,16.67,25.39,9.0,9.0,30.0,45.69,4.0,4.0,13.33,20.31,2.0,2.0,6.67,10.15,1.0,1.0,3.33,5.08,1.0,1.0,3.33,5.08,1.0,1.0,3.33,5.08,2.0,2.0,6.67,10.15,4.0,4.0,13.33,20.31,1.0,1.0,3.33,5.08,5.0,5.0,16.67,25.39,3.0,3.0,10.0,15.23,2.0,2.0,6.67,10.15,2.0,2.0,6.67,10.15,0.0,0.0,0.0,0.0,2.0,2.0,6.67,10.15,4.0,4.0,13.33,20.31,40.0,43.33,-3.33,101.54,-1.0,-1.0,-3.33,7.09,7.09,0.5,0.52,0.44,0.5,1.0,0.21,0.4,0.29,0.8,0.5,6.67,0.0,0.07,13.33,0.09
4,臺北台新戰神,1|10|14|14845,丁聖儒/雷蒙恩/錢肯尼/恩多,6,108,125.0,1555.07,25.92,25:55,259.18,4.32,04:19,49.0,8.17,39.2,68.06,69.0,11.5,55.2,95.84,45.0,7.5,36.0,62.51,21.0,3.5,16.8,29.17,26.0,4.33,20.8,36.11,17.0,2.83,13.6,23.61,19.0,3.17,15.2,26.39,4.0,0.67,3.2,5.56,8.0,1.33,6.4,11.11,3.0,0.5,2.4,4.17,7.0,1.17,5.6,9.72,21.0,3.5,16.8,29.17,6.0,1.0,4.8,8.33,21.0,3.5,16.8,29.17,11.0,1.83,8.8,15.28,9.0,1.5,7.2,12.5,8.0,1.33,6.4,11.11,1.0,0.17,0.8,1.39,7.0,1.17,5.6,9.72,15.0,2.5,12.0,20.84,39.2,55.2,-16.0,115.75,-20.0,-3.33,-16.0,25.92,4.32,0.51,0.5,0.65,0.21,0.38,0.18,0.43,0.25,0.78,0.51,6.4,0.8,0.06,12.0,0.18
4,臺北台新戰神,1|10|10867|14845,丁聖儒/雷蒙恩/威力斯/恩多,6,191,215.0,2837.3,47.29,47:17,472.88,7.88,07:53,87.0,14.5,40.47,66.23,106.0,17.67,49.3,80.7,75.0,12.5,34.88,57.1,34.0,5.67,15.81,25.88,48.0,8.0,22.33,36.54,27.0,4.5,12.56,20.55,27.0,4.5,12.56,20.55,7.0,1.17,3.26,5.33,20.0,3.33,9.3,15.23,12.0,2.0,5.58,9.14,9.0,1.5,4.19,6.85,36.0,6.0,16.74,27.41,12.0,2.0,5.58,9.14,39.0,6.5,18.14,29.69,19.0,3.17,8.84,14.46,20.0,3.33,9.3,15.23,11.0,1.83,5.12,8.37,1.0,0.17,0.47,0.76,18.0,3.0,8.37,13.7,29.0,4.83,13.49,22.08,40.47,49.3,-8.84,109.12,-19.0,-3.17,-8.84,47.29,7.88,0.5,0.52,0.56,0.26,0.6,0.18,0.59,0.19,0.75,0.47,5.12,0.47,0.08,13.49,0.27
4,臺北台新戰神,1|14|10867|14845,丁聖儒/錢肯尼/威力斯/恩多,6,184,219.0,2899.0,48.32,48:19,483.17,8.05,08:03,90.0,15.0,41.1,67.06,105.0,17.5,47.95,78.23,81.0,13.5,36.99,60.35,35.0,5.83,15.98,26.08,42.0,7.0,19.18,31.29,22.0,3.67,10.05,16.39,39.0,6.5,17.81,29.06,13.0,2.17,5.94,9.69,12.0,2.0,5.48,8.94,7.0,1.17,3.2,5.22,15.0,2.5,6.85,11.18,34.0,5.67,15.53,25.33,12.0,2.0,5.48,8.94,37.0,6.17,16.89,27.57,19.0,3.17,8.68,14.16,21.0,3.5,9.59,15.65,11.0,1.83,5.02,8.2,3.0,0.5,1.37,2.24,17.0,2.83,7.76,12.67,18.0,3.0,8.22,13.41,41.1,47.95,-6.85,108.78,-15.0,-2.5,-6.85,48.32,8.05,0.51,0.52,0.52,0.33,0.58,0.18,0.6,0.29,0.74,0.5,5.02,1.37,0.08,8.22,0.15
4,臺北台新戰神,10|14|10867|14845,雷蒙恩/錢肯尼/威力斯/恩多,4,90,107.0,1611.53,26.86,26:52,402.88,6.71,06:43,42.0,10.5,39.25,56.29,58.0,14.5,54.21,77.74,36.0,9.0,33.64,48.25,16.0,4.0,14.95,21.45,18.0,4.5,16.82,24.13,11.0,2.75,10.28,14.74,18.0,4.5,16.82,24.13,5.0,1.25,4.67,6.7,9.0,2.25,8.41,12.06,5.0,1.25,4.67,6.7,6.0,1.5,5.61,8.04,16.0,4.0,14.95,21.45,6.0,1.5,5.61,8.04,18.0,4.5,16.82,24.13,10.0,2.5,9.35,13.4,9.0,2.25,8.41,12.06,7.0,1.75,6.54,9.38,1.0,0.25,0.93,1.34,7.0,1.75,6.54,9.38,14.0,3.5,13.08,18.76,39.25,54.21,-14.95,95.61,-16.0,-4.0,-14.95,26.86,6.71,0.51,0.53,0.61,0.28,0.56,0.2,0.56,0.25,0.73,0.48,6.54,0.93,0.07,13.08,0.25
4,臺北台新戰神,10|14|10865|14845,雷蒙恩/錢肯尼/謝銘駿/恩多,2,12,13.0,209.31,3.49,03:29,104.65,1.74,01:45,9.0,4.5,69.23,92.88,10.0,5.0,76.92,103.2,4.0,2.0,30.77,41.28,3.0,1.5,23.08,30.96,2.0,1.0,15.38,20.64,1.0,0.5,7.69,10.32,2.0,1.0,15.38,20.64,2.0,1.0,15.38,20.64,2.0,1.0,15.38,20.64,1.0,0.5,7.69,10.32,0.0,0.0,0.0,0.0,1.0,0.5,7.69,10.32,0.0,0.0,0.0,0.0,1.0,0.5,7.69,10.32,1.0,0.5,7.69,10.32,2.0,1.0,15.38,20.64,1.0,0.5,7.69,10.32,0.0,0.0,0.0,0.0,2.0,1.0,15.38,20.64,1.0,0.5,7.69,10.32,69.23,76.92,-7.69,89.44,-1.0,-0.5,-7.69,3.49,1.74,1.0,0.92,0.5,1.0,0.5,0.17,0.67,0.0,1.0,0.5,7.69,0.0,0.15,7.69,0.5
4,臺北台新戰神,10|10865|10867|14845,雷蒙恩/謝銘駿/威力斯/恩多,2,7,8.0,67.62,1.13,01:08,33.81,0.56,00:34,6.0,3.0,75.0,191.66,6.0,3.0,75.0,191.66,3.0,1.5,37.5,95.83,2.0,1.0,25.0,63.89,1.0,0.5,12.5,31.94,1.0,0.5,12.5,31.94,2.0,1.0,25.0,63.89,1.0,0.5,12.5,31.94,2.0,1.0,25.0,63.89,1.0,0.5,12.5,31.94,0.0,0.0,0.0,0.0,0.0,0.0,0.0,0.0,0.0,0.0,0.0,0.0,0.0,0.0,0.0,0.0,0.0,0.0,0.0,0.0,1.0,0.5,12.5,31.94,0.0,0.0,0.0,0.0,0.0,0.0,0.0,0.0,1.0,0.5,12.5,31.94,3.0,1.5,37.5,95.83,75.0,75.0,0.0,170.37,0.0,0.0,0.0,1.13,0.56,0.83,0.77,1.0,0.5,0.5,0.0,0.5,,,,0.0,0.0,0.12,37.5,0.67
4,臺北台新戰神,14|10865|10867|14845,錢肯尼/謝銘駿/威力斯/恩多,1,6,6.0,67.31,1.12,01:07,67.31,1.12,01:07,6.0,6.0,100.0,192.55,4.0,4.0,66.67,128.37,2.0,2.0,33.33,64.18,2.0,2.0,33.33,64.18,1.0,1.0,16.67,32.09,1.0,1.0,16.67,32.09,1.0,1.0,16.67,32.09,1.0,1.0,16.67,32.09,2.0,2.0,33.33,64.18,1.0,1.0,16.67,32.09,0.0,0.0,0.0,0.0,0.0,0.0,0.0,0.0,0.0,0.0,0.0,0.0,0.0,0.0,0.0,0.0,0.0,0.0,0.0,0.0,1.0,1.0,16.67,32.09,0.0,0.0,0.0,0.0,0.0,0.0,0.0,0.0,1.0,1.0,16.67,32.09,1.0,1.0,16.67,32.09,100.0,66.67,33.33,128.37,2.0,2.0,33.33,1.12,1.12,1.25,1.04,1.0,1.0,0.5,0.0,0.5,,,,0.0,0.0,0.17,16.67,1.0
4,臺北台新戰神,10|13|14|14437,雷蒙恩/陳冠全/錢肯尼/弗利沙,1,2,3.0,23.0,0.38,00:23,23.0,0.38,00:23,2.0,2.0,66.67,187.83,0.0,0.0,0.0,0.0,1.0,1.0,33.33,93.91,0.0,0.0,0.0,0.0,1.0,1.0,33.33,93.91,0.0,0.0,0.0,0.0,0.0,0.0,0.0,0.0,0.0,0.0,0.0,0.0,0.0,0.0,0.0,0.0,0.0,0.0,0.0,0.0,1.0,1.0,33.33,93.91,0.0,0.0,0.0,0.0,0.0,0.0,0.0,0.0,1.0,1.0,33.33,93.91,0.0,0.0,0.0,0.0,0.0,0.0,0.0,0.0,0.0,0.0,0.0,0.0,0.0,0.0,0.0,0.0,0.0,0.0,0.0,0.0,0.0,0.0,0.0,0.0,66.67,0.0,66.67,187.83,2.0,2.0,66.67,0.38,0.38,0.0,1.0,0.0,,,0.0,,0.5,,0.5,0.0,0.0,0.0,0.0,0.0
4,臺北台新戰神,10|13|14|14845,雷蒙恩/陳冠全/錢肯尼/恩多,2,14,17.0,214.2,3.57,03:34,107.1,1.78,01:47,7.0,3.5,41.18,70.59,6.0,3.0,35.29,60.5,6.0,3.0,35.29,60.5,2.0,1.0,11.76,20.17,2.0,1.0,11.76,20.17,1.0,0.5,5.88,10.08,4.0,2.0,23.53,40.34,1.0,0.5,5.88,10.08,0.0,0.0,0.0,0.0,0.0,0.0,0.0,0.0,1.0,0.5,5.88,10.08,3.0,1.5,17.65,30.25,2.0,1.0,11.76,20.17,5.0,2.5,29.41,50.42,0.0,0.0,0.0,0.0,1.0,0.5,5.88,10.08,0.0,0.0,0.0,0.0,1.0,0.5,5.88,10.08,2.0,1.0,11.76,20.17,4.0,2.0,23.53,40.34,41.18,35.29,5.88,114.29,1.0,0.5,5.88,3.57,1.78,0.42,0.58,0.5,0.25,,0.0,0.5,0.17,0.6,0.36,0.0,5.88,0.12,23.53,0.0
4,臺北台新戰神,10|13|14437|14845,雷蒙恩/陳冠全/弗利沙/恩多,1,7,10.0,87.12,1.45,01:27,87.12,1.45,01:27,4.0,4.0,40.0,99.17,4.0,4.0,40.0,99.17,2.0,2.0,20.0,49.59,1.0,1.0,10.0,24.79,2.0,2.0,20.0,49.59,1.0,1.0,10.0,24.79,0.0,0.0,0.0,0.0,0.0,0.0,0.0,0.0,0.0,0.0,0.0,0.0,0.0,0.0,0.0,0.0,1.0,1.0,10.0,24.79,0.0,0.0,0.0,0.0,2.0,2.0,20.0,49.59,1.0,1.0,10.0,24.79,1.0,1.0,10.0,24.79,0.0,0.0,0.0,0.0,0.0,0.0,0.0,0.0,0.0,0.0,0.0,0.0,0.0,0.0,0.0,0.0,2.0,2.0,20.0,49.59,40.0,40.0,0.0,165.29,0.0,0.0,0.0,1.45,1.45,0.5,1.0,0.5,,,0.33,0.0,0.5,0.0,0.25,0.0,0.0,0.0,20.0,0.0
4,臺北台新戰神,10|14|14437|14845,雷蒙恩/錢肯尼/弗利沙/恩多,1,28,39.0,479.32,7.99,07:59,479.32,7.99,07:59,12.0,12.0,30.77,54.08,12.0,12.0,30.77,54.08,16.0,16.0,41.03,72.1,4.0,4.0,10.26,18.03,13.0,13.0,33.33,58.58,4.0,4.0,10.26,18.03,3.0,3.0,7.69,13.52,0.0,0.0,0.0,0.0,8.0,8.0,20.51,36.05,4.0,4.0,10.26,18.03,8.0,8.0,20.51,36.05,5.0,5.0,12.82,22.53,2.0,2.0,5.13,9.01,7.0,7.0,17.95,31.54,1.0,1.0,2.56,4.51,1.0,1.0,2.56,4.51,0.0,0.0,0.0,0.0,2.0,2.0,5.13,9.01,4.0,4.0,10.26,18.03,4.0,4.0,10.26,18.03,30.77,30.77,0.0,117.17,0.0,0.0,0.0,7.99,7.99,0.25,0.31,0.31,0.0,0.5,0.05,0.25,0.53,0.71,0.59,0.0,5.13,0.1,10.26,0.5
4,臺北台新戰神,13|14|14437|14845,陳冠全/錢肯尼/弗利沙/恩多,1,2,3.0,23.0,0.38,00:23,23.0,0.38,00:23,2.0,2.0,66.67,187.83,0.0,0.0,0.0,0.0,1.0,1.0,33.33,93.91,0.0,0.0,0.0,0.0,1.0,1.0,33.33,93.91,0.0,0.0,0.0,0.0,0.0,0.0,0.0,0.0,0.0,0.0,0.0,0.0,0.0,0.0,0.0,0.0,0.0,0.0,0.0,0.0,1.0,1.0,33.33,93.91,0.0,0.0,0.0,0.0,0.0,0.0,0.0,0.0,1.0,1.0,33.33,93.91,0.0,0.0,0.0,0.0,0.0,0.0,0.0,0.0,0.0,0.0,0.0,0.0,0.0,0.0,0.0,0.0,0.0,0.0,0.0,0.0,0.0,0.0,0.0,0.0,66.67,0.0,66.67,187.83,2.0,2.0,66.67,0.38,0.38,0.0,1.0,0.0,,,0.0,,0.5,,0.5,0.0,0.0,0.0,0.0,0.0
4,臺北台新戰神,10|14|10864|14437,雷蒙恩/錢肯尼/劉彥廷/弗利沙,1,8,11.0,128.58,2.14,02:09,128.58,2.14,02:09,2.0,2.0,18.18,33.6,6.0,6.0,54.55,100.79,4.0,4.0,36.36,67.2,1.0,1.0,9.09,16.8,4.0,4.0,36.36,67.2,1.0,1.0,9.09,16.8,0.0,0.0,0.0,0.0,0.0,0.0,0.0,0.0,5.0,5.0,45.45,83.99,2.0,2.0,18.18,33.6,2.0,2.0,18.18,33.6,2.0,2.0,18.18,33.6,1.0,1.0,9.09,16.8,1.0,1.0,9.09,16.8,0.0,0.0,0.0,0.0,1.0,1.0,9.09,16.8,0.0,0.0,0.0,0.0,1.0,1.0,9.09,16.8,2.0,2.0,18.18,33.6,2.0,2.0,18.18,33.6,18.18,54.55,-36.36,123.19,-4.0,-4.0,-36.36,2.14,2.14,0.25,0.16,0.25,,0.4,0.0,1.0,0.67,0.67,0.67,0.0,9.09,0.18,18.18,1.25
4,臺北台新戰神,10|14|10864|14845,雷蒙恩/錢肯尼/劉彥廷/恩多,2,24,29.0,399.21,6.65,06:39,199.61,3.33,03:20,11.0,5.5,37.93,59.52,14.0,7.0,48.28,75.75,11.0,5.5,37.93,59.52,5.0,2.5,17.24,27.05,9.0,4.5,31.03,48.7,4.0,2.0,13.79,21.64,2.0,1.0,6.9,10.82,1.0,0.5,3.45,5.41,7.0,3.5,24.14,37.87,2.0,1.0,6.9,10.82,2.0,1.0,6.9,10.82,6.0,3.0,20.69,32.46,1.0,0.5,3.45,5.41,6.0,3.0,20.69,32.46,1.0,0.5,3.45,5.41,2.0,1.0,6.9,10.82,1.0,0.5,3.45,5.41,1.0,0.5,3.45,5.41,4.0,2.0,13.79,21.64,2.0,1.0,6.9,10.82,37.93,48.28,-10.34,104.61,-3.0,-1.5,-10.34,6.65,3.33,0.5,0.39,0.44,0.5,0.29,0.07,0.4,0.25,0.86,0.53,3.45,3.45,0.14,6.9,0.64
4,臺北台新戰神,10|10864|14437|14845,雷蒙恩/劉彥廷/弗利沙/恩多,1,8,11.0,128.58,2.14,02:09,128.58,2.14,02:09,2.0,2.0,18.18,33.6,6.0,6.0,54.55,100.79,4.0,4.0,36.36,67.2,1.0,1.0,9.09,16.8,4.0,4.0,36.36,67.2,1.0,1.0,9.09,16.8,0.0,0.0,0.0,0.0,0.0,0.0,0.0,0.0,5.0,5.0,45.45,83.99,2.0,2.0,18.18,33.6,2.0,2.0,18.18,33.6,2.0,2.0,18.18,33.6,1.0,1.0,9.09,16.8,1.0,1.0,9.09,16.8,0.0,0.0,0.0,0.0,1.0,1.0,9.09,16.8,0.0,0.0,0.0,0.0,1.0,1.0,9.09,16.8,2.0,2.0,18.18,33.6,2.0,2.0,18.18,33.6,18.18,54.55,-36.36,123.19,-4.0,-4.0,-36.36,2.14,2.14,0.25,0.16,0.25,,0.4,0.0,1.0,0.67,0.67,0.67,0.0,9.09,0.18,18.18,1.25
4,臺北台新戰神,14|10864|14437|14845,錢肯尼/劉彥廷/弗利沙/恩多,2,14,17.0,212.58,3.54,03:33,106.29,1.77,01:46,3.0,1.5,17.65,30.48,8.0,4.0,47.06,81.29,6.0,3.0,35.29,60.97,1.0,0.5,5.88,10.16,6.0,3.0,35.29,60.97,1.0,0.5,5.88,10.16,0.0,0.0,0.0,0.0,0.0,0.0,0.0,0.0,7.0,3.5,41.18,71.13,3.0,1.5,17.65,30.48,2.0,1.0,11.76,20.32,4.0,2.0,23.53,40.64,1.0,0.5,5.88,10.16,2.0,1.0,11.76,20.32,0.0,0.0,0.0,0.0,1.0,0.5,5.88,10.16,0.0,0.0,0.0,0.0,2.0,1.0,11.76,20.32,3.0,1.5,17.65,30.48,2.0,1.0,11.76,20.32,17.65,47.06,-29.41,115.16,-5.0,-2.5,-29.41,3.54,1.77,0.17,0.17,0.17,,0.43,0.0,1.0,0.5,0.8,0.67,0.0,11.76,0.18,11.76,1.17
4,臺北台新戰神,1|5|10|14845,丁聖儒/黃聰翰/雷蒙恩/恩多,6,183,206.0,2954.65,49.24,49:15,492.44,8.21,08:12,82.0,13.67,39.81,59.95,98.0,16.33,47.57,71.64,72.0,12.0,34.95,52.64,29.0,4.83,14.08,21.2,51.0,8.5,24.76,37.28,24.0,4.0,11.65,17.55,21.0,3.5,10.19,15.35,5.0,0.83,2.43,3.66,28.0,4.67,13.59,20.47,19.0,3.17,9.22,13.89,10.0,1.67,4.85,7.31,35.0,5.83,16.99,25.59,9.0,1.5,4.37,6.58,36.0,6.0,17.48,26.32,18.0,3.0,8.74,13.16,19.0,3.17,9.22,13.89,8.0,1.33,3.88,5.85,2.0,0.33,0.97,1.46,25.0,4.17,12.14,18.28,27.0,4.5,13.11,19.74,39.81,47.57,-7.77,100.4,-16.0,-2.67,-7.77,49.24,8.21,0.44,0.49,0.47,0.24,0.68,0.18,0.66,0.22,0.8,0.5,3.88,0.97,0.12,13.11,0.39
4,臺北台新戰神,1|5|10867|14845,丁聖儒/黃聰翰/威力斯/恩多,7,214,241.0,3381.54,56.36,56:22,483.08,8.05,08:03,110.0,15.71,45.64,70.26,101.0,14.43,41.91,64.52,87.0,12.43,36.1,55.57,42.0,6.0,17.43,26.83,56.0,8.0,23.24,35.77,30.0,4.29,12.45,19.16,31.0,4.43,12.86,19.8,12.0,1.71,4.98,7.67,21.0,3.0,8.71,13.41,14.0,2.0,5.81,8.94,9.0,1.29,3.73,5.75,40.0,5.71,16.6,25.55,12.0,1.71,4.98,7.67,48.0,6.86,19.92,30.66,18.0,2.57,7.47,11.5,25.0,3.57,10.37,15.97,8.0,1.14,3.32,5.11,2.0,0.29,0.83,1.28,23.0,3.29,9.54,14.69,22.0,3.14,9.13,14.05,45.64,41.91,3.73,102.63,9.0,1.29,3.73,56.36,8.05,0.55,0.57,0.54,0.39,0.67,0.16,0.6,0.16,0.77,0.45,3.32,0.83,0.1,9.13,0.24
4,臺北台新戰神,5|10|10867|14845,黃聰翰/雷蒙恩/威力斯/恩多,6,127,143.0,2267.39,37.79,37:47,377.9,6.3,06:18,62.0,10.33,43.36,59.06,63.0,10.5,44.06,60.02,49.0,8.17,34.27,46.68,23.0,3.83,16.08,21.91,35.0,5.83,24.48,33.34,19.0,3.17,13.29,18.1,14.0,2.33,9.79,13.34,4.0,0.67,2.8,3.81,19.0,3.17,13.29,18.1,12.0,2.0,8.39,11.43,4.0,0.67,2.8,3.81,25.0,4.17,17.48,23.82,6.0,1.0,4.2,5.72,31.0,5.17,21.68,29.53,10.0,1.67,6.99,9.53,15.0,2.5,10.49,14.29,5.0,0.83,3.5,4.76,0.0,0.0,0.0,0.0,15.0,2.5,10.49,14.29,18.0,3.0,12.59,17.15,43.36,44.06,-0.7,90.82,-1.0,-0.17,-0.7,37.79,6.3,0.51,0.54,0.54,0.29,0.63,0.15,0.65,0.11,0.81,0.44,3.5,0.0,0.1,12.59,0.39
4,新北國王,28|34|10874|14038,呂政儒/沃許本/熊祥泰/飛米,1,20,25.0,385.68,6.43,06:26,385.68,6.43,06:26,10.0,10.0,40.0,56.0,12.0,12.0,48.0,67.21,10.0,10.0,40.0,56.0,5.0,5.0,20.0,28.0,8.0,8.0,32.0,44.8,5.0,5.0,20.0,28.0,2.0,2.0,8.0,11.2,0.0,0.0,0.0,0.0,0.0,0.0,0.0,0.0,0.0,0.0,0.0,0.0,1.0,1.0,4.0,5.6,4.0,4.0,16.0,22.4,2.0,2.0,8.0,11.2,4.0,4.0,16.0,22.4,1.0,1.0,4.0,5.6,2.0,2.0,8.0,11.2,0.0,0.0,0.0,0.0,0.0,0.0,0.0,0.0,1.0,1.0,4.0,5.6,3.0,3.0,12.0,16.8,40.0,48.0,-8.0,93.34,-2.0,-2.0,-8.0,6.43,6.43,0.5,0.5,0.62,0.0,,0.09,0.4,0.2,0.67,0.45,0.0,0.0,0.04,12.0,0.0
4,臺北台新戰神,1|5|14|14437,丁聖儒/黃聰翰/錢肯尼/弗利沙,1,5,5.0,77.84,1.3,01:18,77.84,1.3,01:18,2.0,2.0,40.0,55.5,2.0,2.0,40.0,55.5,2.0,2.0,40.0,55.5,1.0,1.0,20.0,27.75,2.0,2.0,40.0,55.5,1.0,1.0,20.0,27.75,0.0,0.0,0.0,0.0,0.0,0.0,0.0,0.0,0.0,0.0,0.0,0.0,0.0,0.0,0.0,0.0,0.0,0.0,0.0,0.0,1.0,1.0,20.0,27.75,0.0,0.0,0.0,0.0,2.0,2.0,40.0,55.5,0.0,0.0,0.0,0.0,0.0,0.0,0.0,0.0,0.0,0.0,0.0,0.0,0.0,0.0,0.0,0.0,0.0,0.0,0.0,0.0,0.0,0.0,0.0,0.0,40.0,40.0,0.0,92.5,0.0,0.0,0.0,1.3,1.3,0.5,0.5,0.5,,,0.0,0.0,0.0,1.0,0.33,0.0,0.0,0.0,0.0,0.0
4,臺北台新戰神,1|5|14|14845,丁聖儒/黃聰翰/錢肯尼/恩多,7,262,302.0,4434.71,73.91,73:55,633.53,10.56,10:34,156.0,22.29,51.66,75.98,138.0,19.71,45.7,67.22,125.0,17.86,41.39,60.88,61.0,8.71,20.2,29.71,70.0,10.0,23.18,34.09,38.0,5.43,12.58,18.51,55.0,7.86,18.21,26.79,23.0,3.29,7.62,11.2,19.0,2.71,6.29,9.25,11.0,1.57,3.64,5.36,20.0,2.86,6.62,9.74,49.0,7.0,16.23,23.87,12.0,1.71,3.97,5.84,54.0,7.71,17.88,26.3,18.0,2.57,5.96,8.77,34.0,4.86,11.26,16.56,7.0,1.0,2.32,3.41,7.0,1.0,2.32,3.41,23.0,3.29,7.62,11.2,12.0,1.71,3.97,5.84,51.66,45.7,5.96,98.06,18.0,2.57,5.96,73.91,10.56,0.58,0.58,0.54,0.42,0.58,0.12,0.56,0.27,0.8,0.51,2.32,2.32,0.08,3.97,0.15
4,臺北台新戰神,1|5|14437|14845,丁聖儒/黃聰翰/弗利沙/恩多,2,37,46.0,619.72,10.33,10:20,309.86,5.16,05:10,18.0,9.0,39.13,62.74,20.0,10.0,43.48,69.71,17.0,8.5,36.96,59.25,6.0,3.0,13.04,20.91,9.0,4.5,19.57,31.37,4.0,2.0,8.7,13.94,8.0,4.0,17.39,27.88,2.0,1.0,4.35,6.97,4.0,2.0,8.7,13.94,4.0,2.0,8.7,13.94,5.0,2.5,10.87,17.43,5.0,2.5,10.87,17.43,1.0,0.5,2.17,3.49,6.0,3.0,13.04,20.91,7.0,3.5,15.22,24.4,5.0,2.5,10.87,17.43,4.0,2.0,8.7,13.94,3.0,1.5,6.52,10.46,6.0,3.0,13.04,20.91,7.0,3.5,15.22,24.4,39.13,43.48,-4.35,106.89,-2.0,-1.0,-4.35,10.33,5.16,0.41,0.48,0.44,0.25,1.0,0.27,0.83,0.45,0.83,0.59,8.7,6.52,0.13,15.22,0.24
4,臺北台新戰神,1|14|14437|14845,丁聖儒/錢肯尼/弗利沙/恩多,1,11,12.0,188.93,3.15,03:09,188.93,3.15,03:09,4.0,4.0,33.33,45.73,4.0,4.0,33.33,45.73,6.0,6.0,50.0,68.6,2.0,2.0,16.67,22.87,4.0,4.0,33.33,45.73,2.0,2.0,16.67,22.87,2.0,2.0,16.67,22.87,0.0,0.0,0.0,0.0,0.0,0.0,0.0,0.0,0.0,0.0,0.0,0.0,1.0,1.0,8.33,11.43,3.0,3.0,25.0,34.3,0.0,0.0,0.0,0.0,3.0,3.0,25.0,34.3,0.0,0.0,0.0,0.0,1.0,1.0,8.33,11.43,0.0,0.0,0.0,0.0,0.0,0.0,0.0,0.0,1.0,1.0,8.33,11.43,0.0,0.0,0.0,0.0,33.33,33.33,0.0,91.46,0.0,0.0,0.0,3.15,3.15,0.33,0.33,0.5,0.0,,0.0,0.5,0.25,1.0,0.57,0.0,0.0,0.08,0.0,0.0
4,臺北台新戰神,5|14|14437|14845,黃聰翰/錢肯尼/弗利沙/恩多,1,20,27.0,362.07,6.03,06:02,362.07,6.03,06:02,9.0,9.0,33.33,53.69,6.0,6.0,22.22,35.79,13.0,13.0,48.15,77.55,4.0,4.0,14.81,23.86,10.0,10.0,37.04,59.66,4.0,4.0,14.81,23.86,3.0,3.0,11.11,17.9,0.0,0.0,0.0,0.0,1.0,1.0,3.7,5.97,1.0,1.0,3.7,5.97,5.0,5.0,18.52,29.83,3.0,3.0,11.11,17.9,1.0,1.0,3.7,5.97,7.0,7.0,25.93,41.76,0.0,0.0,0.0,0.0,0.0,0.0,0.0,0.0,0.0,0.0,0.0,0.0,1.0,1.0,3.7,5.97,2.0,2.0,7.41,11.93,2.0,2.0,7.41,11.93,33.33,22.22,11.11,107.38,3.0,3.0,11.11,6.03,6.03,0.31,0.33,0.4,0.0,1.0,0.0,0.0,0.42,0.75,0.5,0.0,3.7,0.07,7.41,0.08
4,臺北台新戰神,5|14|10867|14845,黃聰翰/錢肯尼/威力斯/恩多,5,96,117.0,1934.34,32.24,32:14,386.87,6.45,06:27,54.0,10.8,46.15,60.3,50.0,10.0,42.74,55.83,41.0,8.2,35.04,45.78,20.0,4.0,17.09,22.33,23.0,4.6,19.66,25.68,12.0,2.4,10.26,13.4,18.0,3.6,15.38,20.1,8.0,1.6,6.84,8.93,8.0,1.6,6.84,8.93,6.0,1.2,5.13,6.7,6.0,1.2,5.13,6.7,17.0,3.4,14.53,18.98,7.0,1.4,5.98,7.82,22.0,4.4,18.8,24.57,9.0,1.8,7.69,10.05,12.0,2.4,10.26,13.4,4.0,0.8,3.42,4.47,2.0,0.4,1.71,2.23,11.0,2.2,9.4,12.28,5.0,1.0,4.27,5.58,46.15,42.74,3.42,87.1,4.0,0.8,3.42,32.24,6.45,0.59,0.61,0.52,0.44,0.75,0.17,0.6,0.21,0.71,0.44,3.42,1.71,0.09,4.27,0.2
4,新北國王,28|29|34|14303,呂政儒/林書緯/沃許本/喬丹,1,10,11.0,149.17,2.49,02:29,149.17,2.49,02:29,6.0,6.0,54.55,86.88,3.0,3.0,27.27,43.44,4.0,4.0,36.36,57.92,3.0,3.0,27.27,43.44,3.0,3.0,27.27,43.44,3.0,3.0,27.27,43.44,1.0,1.0,9.09,14.48,0.0,0.0,0.0,0.0,0.0,0.0,0.0,0.0,0.0,0.0,0.0,0.0,0.0,0.0,0.0,0.0,1.0,1.0,9.09,14.48,1.0,1.0,9.09,14.48,1.0,1.0,9.09,14.48,1.0,1.0,9.09,14.48,2.0,2.0,18.18,28.96,1.0,1.0,9.09,14.48,0.0,0.0,0.0,0.0,2.0,2.0,18.18,28.96,1.0,1.0,9.09,14.48,54.55,27.27,27.27,106.18,3.0,3.0,27.27,2.49,2.49,0.75,0.75,1.0,0.0,,0.2,0.67,0.0,0.5,0.33,9.09,0.0,0.18,9.09,0.0
4,新北國王,28|34|10872|14303,呂政儒/沃許本/林彥廷/喬丹,1,25,30.0,420.31,7.01,07:00,420.31,7.01,07:00,10.0,10.0,33.33,51.39,8.0,8.0,26.67,41.11,12.0,12.0,40.0,61.67,4.0,4.0,13.33,20.56,10.0,10.0,33.33,51.39,4.0,4.0,13.33,20.56,2.0,2.0,6.67,10.28,0.0,0.0,0.0,0.0,3.0,3.0,10.0,15.42,2.0,2.0,6.67,10.28,3.0,3.0,10.0,15.42,6.0,6.0,20.0,30.83,3.0,3.0,10.0,15.42,4.0,4.0,13.33,20.56,0.0,0.0,0.0,0.0,3.0,3.0,10.0,15.42,0.0,0.0,0.0,0.0,1.0,1.0,3.33,5.14,3.0,3.0,10.0,15.42,1.0,1.0,3.33,5.14,33.33,26.67,6.67,102.78,2.0,2.0,6.67,7.01,7.01,0.33,0.38,0.4,0.0,0.67,0.0,0.75,0.43,0.67,0.56,0.0,3.33,0.1,3.33,0.25
4,新北國王,28|34|10872|10873,呂政儒/沃許本/林彥廷/喬納森,1,11,15.0,181.1,3.02,03:01,181.1,3.02,03:01,6.0,6.0,40.0,71.56,5.0,5.0,33.33,59.64,6.0,6.0,40.0,71.56,2.0,2.0,13.33,23.85,6.0,6.0,40.0,71.56,2.0,2.0,13.33,23.85,0.0,0.0,0.0,0.0,0.0,0.0,0.0,0.0,3.0,3.0,20.0,35.78,2.0,2.0,13.33,23.85,3.0,3.0,20.0,35.78,2.0,2.0,13.33,23.85,2.0,2.0,13.33,23.85,1.0,1.0,6.67,11.93,0.0,0.0,0.0,0.0,1.0,1.0,6.67,11.93,0.0,0.0,0.0,0.0,1.0,1.0,6.67,11.93,1.0,1.0,6.67,11.93,0.0,0.0,0.0,0.0,40.0,33.33,6.67,119.27,1.0,1.0,6.67,3.02,3.02,0.33,0.41,0.33,,0.67,0.0,0.5,0.75,0.5,0.62,0.0,6.67,0.07,0.0,0.5
4,新北國王,28|34|10873|14303,呂政儒/沃許本/喬納森/喬丹,1,14,18.0,219.1,3.65,03:39,219.1,3.65,03:39,8.0,8.0,44.44,78.87,5.0,5.0,27.78,49.29,7.0,7.0,38.89,69.01,3.0,3.0,16.67,29.58,7.0,7.0,38.89,69.01,3.0,3.0,16.67,29.58,0.0,0.0,0.0,0.0,0.0,0.0,0.0,0.0,3.0,3.0,16.67,29.58,2.0,2.0,11.11,19.72,3.0,3.0,16.67,29.58,2.0,2.0,11.11,19.72,2.0,2.0,11.11,19.72,1.0,1.0,5.56,9.86,1.0,1.0,5.56,9.86,1.0,1.0,5.56,9.86,1.0,1.0,5.56,9.86,1.0,1.0,5.56,9.86,1.0,1.0,5.56,9.86,0.0,0.0,0.0,0.0,44.44,27.78,16.67,118.3,3.0,3.0,16.67,3.65,3.65,0.43,0.48,0.43,,0.67,0.11,0.33,0.75,0.5,0.62,5.56,5.56,0.06,0.0,0.43
4,新北國王,28|10872|10873|14303,呂政儒/林彥廷/喬納森/喬丹,1,11,15.0,181.1,3.02,03:01,181.1,3.02,03:01,6.0,6.0,40.0,71.56,5.0,5.0,33.33,59.64,6.0,6.0,40.0,71.56,2.0,2.0,13.33,23.85,6.0,6.0,40.0,71.56,2.0,2.0,13.33,23.85,0.0,0.0,0.0,0.0,0.0,0.0,0.0,0.0,3.0,3.0,20.0,35.78,2.0,2.0,13.33,23.85,3.0,3.0,20.0,35.78,2.0,2.0,13.33,23.85,2.0,2.0,13.33,23.85,1.0,1.0,6.67,11.93,0.0,0.0,0.0,0.0,1.0,1.0,6.67,11.93,0.0,0.0,0.0,0.0,1.0,1.0,6.67,11.93,1.0,1.0,6.67,11.93,0.0,0.0,0.0,0.0,40.0,33.33,6.67,119.27,1.0,1.0,6.67,3.02,3.02,0.33,0.41,0.33,,0.67,0.0,0.5,0.75,0.5,0.62,0.0,6.67,0.07,0.0,0.5
4,新北國王,34|10872|10873|14303,沃許本/林彥廷/喬納森/喬丹,1,11,15.0,181.1,3.02,03:01,181.1,3.02,03:01,6.0,6.0,40.0,71.56,5.0,5.0,33.33,59.64,6.0,6.0,40.0,71.56,2.0,2.0,13.33,23.85,6.0,6.0,40.0,71.56,2.0,2.0,13.33,23.85,0.0,0.0,0.0,0.0,0.0,0.0,0.0,0.0,3.0,3.0,20.0,35.78,2.0,2.0,13.33,23.85,3.0,3.0,20.0,35.78,2.0,2.0,13.33,23.85,2.0,2.0,13.33,23.85,1.0,1.0,6.67,11.93,0.0,0.0,0.0,0.0,1.0,1.0,6.67,11.93,0.0,0.0,0.0,0.0,1.0,1.0,6.67,11.93,1.0,1.0,6.67,11.93,0.0,0.0,0.0,0.0,40.0,33.33,6.67,119.27,1.0,1.0,6.67,3.02,3.02,0.33,0.41,0.33,,0.67,0.0,0.5,0.75,0.5,0.62,0.0,6.67,0.07,0.0,0.5
4,臺北台新戰神,1|10|13|14437,丁聖儒/雷蒙恩/陳冠全/弗利沙,1,5,7.0,64.12,1.07,01:04,64.12,1.07,01:04,2.0,2.0,28.57,67.37,4.0,4.0,57.14,134.74,1.0,1.0,14.29,33.69,1.0,1.0,14.29,33.69,1.0,1.0,14.29,33.69,1.0,1.0,14.29,33.69,0.0,0.0,0.0,0.0,0.0,0.0,0.0,0.0,0.0,0.0,0.0,0.0,0.0,0.0,0.0,0.0,0.0,0.0,0.0,0.0,0.0,0.0,0.0,0.0,2.0,2.0,28.57,67.37,0.0,0.0,0.0,0.0,1.0,1.0,14.29,33.69,0.0,0.0,0.0,0.0,0.0,0.0,0.0,0.0,0.0,0.0,0.0,0.0,0.0,0.0,0.0,0.0,2.0,2.0,28.57,67.37,28.57,57.14,-28.57,157.2,-2.0,-2.0,-28.57,1.07,1.07,1.0,1.0,1.0,,,0.5,0.0,,0.0,0.0,0.0,0.0,0.0,28.57,0.0
4,臺北台新戰神,1|10|13|14845,丁聖儒/雷蒙恩/陳冠全/恩多,1,5,7.0,64.12,1.07,01:04,64.12,1.07,01:04,2.0,2.0,28.57,67.37,4.0,4.0,57.14,134.74,1.0,1.0,14.29,33.69,1.0,1.0,14.29,33.69,1.0,1.0,14.29,33.69,1.0,1.0,14.29,33.69,0.0,0.0,0.0,0.0,0.0,0.0,0.0,0.0,0.0,0.0,0.0,0.0,0.0,0.0,0.0,0.0,0.0,0.0,0.0,0.0,0.0,0.0,0.0,0.0,2.0,2.0,28.57,67.37,0.0,0.0,0.0,0.0,1.0,1.0,14.29,33.69,0.0,0.0,0.0,0.0,0.0,0.0,0.0,0.0,0.0,0.0,0.0,0.0,0.0,0.0,0.0,0.0,2.0,2.0,28.57,67.37,28.57,57.14,-28.57,157.2,-2.0,-2.0,-28.57,1.07,1.07,1.0,1.0,1.0,,,0.5,0.0,,0.0,0.0,0.0,0.0,0.0,28.57,0.0
4,臺北台新戰神,1|10|14437|14845,丁聖儒/雷蒙恩/弗利沙/恩多,2,22,28.0,359.72,6.0,06:00,179.86,3.0,03:00,8.0,4.0,28.57,48.04,13.0,6.5,46.43,78.06,6.0,3.0,21.43,36.03,2.0,1.0,7.14,12.01,3.0,1.5,10.71,18.01,1.0,0.5,3.57,6.0,3.0,1.5,10.71,18.01,1.0,0.5,3.57,6.0,3.0,1.5,10.71,18.01,3.0,1.5,10.71,18.01,3.0,1.5,10.71,18.01,1.0,0.5,3.57,6.0,3.0,1.5,10.71,18.01,3.0,1.5,10.71,18.01,7.0,3.5,25.0,42.03,2.0,1.0,7.14,12.01,4.0,2.0,14.29,24.02,1.0,0.5,3.57,6.0,5.0,2.5,17.86,30.02,5.0,2.5,17.86,30.02,28.57,46.43,-17.86,112.09,-5.0,-2.5,-17.86,6.0,3.0,0.42,0.55,0.33,0.33,1.0,0.49,1.0,0.5,0.25,0.4,14.29,3.57,0.18,17.86,0.5
4,臺北台新戰神,1|13|14437|14845,丁聖儒/陳冠全/弗利沙/恩多,1,5,7.0,64.12,1.07,01:04,64.12,1.07,01:04,2.0,2.0,28.57,67.37,4.0,4.0,57.14,134.74,1.0,1.0,14.29,33.69,1.0,1.0,14.29,33.69,1.0,1.0,14.29,33.69,1.0,1.0,14.29,33.69,0.0,0.0,0.0,0.0,0.0,0.0,0.0,0.0,0.0,0.0,0.0,0.0,0.0,0.0,0.0,0.0,0.0,0.0,0.0,0.0,0.0,0.0,0.0,0.0,2.0,2.0,28.57,67.37,0.0,0.0,0.0,0.0,1.0,1.0,14.29,33.69,0.0,0.0,0.0,0.0,0.0,0.0,0.0,0.0,0.0,0.0,0.0,0.0,0.0,0.0,0.0,0.0,2.0,2.0,28.57,67.37,28.57,57.14,-28.57,157.2,-2.0,-2.0,-28.57,1.07,1.07,1.0,1.0,1.0,,,0.5,0.0,,0.0,0.0,0.0,0.0,0.0,28.57,0.0
4,臺北台新戰神,1|10|11|14845,丁聖儒/雷蒙恩/蘇奕晉/恩多,1,13,16.0,177.04,2.95,02:57,177.04,2.95,02:57,8.0,8.0,50.0,97.61,7.0,7.0,43.75,85.41,7.0,7.0,43.75,85.41,3.0,3.0,18.75,36.6,2.0,2.0,12.5,24.4,1.0,1.0,6.25,12.2,5.0,5.0,31.25,61.0,2.0,2.0,12.5,24.4,0.0,0.0,0.0,0.0,0.0,0.0,0.0,0.0,3.0,3.0,18.75,36.6,1.0,1.0,6.25,12.2,1.0,1.0,6.25,12.2,2.0,2.0,12.5,24.4,2.0,2.0,12.5,24.4,2.0,2.0,12.5,24.4,1.0,1.0,6.25,12.2,0.0,0.0,0.0,0.0,1.0,1.0,6.25,12.2,2.0,2.0,12.5,24.4,50.0,43.75,6.25,130.14,1.0,1.0,6.25,2.95,2.95,0.57,0.57,0.5,0.4,,0.22,0.67,0.6,0.5,0.57,6.25,0.0,0.06,12.5,0.0
4,臺北台新戰神,1|11|14437|14845,丁聖儒/蘇奕晉/弗利沙/恩多,1,35,45.0,575.37,9.59,09:35,575.37,9.59,09:35,18.0,18.0,40.0,67.57,19.0,19.0,42.22,71.33,20.0,20.0,44.44,75.08,7.0,7.0,15.56,26.28,9.0,9.0,20.0,33.79,4.0,4.0,8.89,15.02,11.0,11.0,24.44,41.29,3.0,3.0,6.67,11.26,1.0,1.0,2.22,3.75,1.0,1.0,2.22,3.75,7.0,7.0,15.56,26.28,5.0,5.0,11.11,18.77,2.0,2.0,4.44,7.51,4.0,4.0,8.89,15.02,5.0,5.0,11.11,18.77,6.0,6.0,13.33,22.52,2.0,2.0,4.44,7.51,2.0,2.0,4.44,7.51,4.0,4.0,8.89,15.02,4.0,4.0,8.89,15.02,40.0,42.22,-2.22,112.62,-1.0,-1.0,-2.22,9.59,9.59,0.42,0.44,0.44,0.27,1.0,0.2,0.86,0.64,0.71,0.67,4.44,4.44,0.09,8.89,0.05
4,臺北台新戰神,10|11|14437|14845,雷蒙恩/蘇奕晉/弗利沙/恩多,1,22,25.0,383.54,6.39,06:24,383.54,6.39,06:24,10.0,10.0,40.0,56.32,8.0,8.0,32.0,45.05,7.0,7.0,28.0,39.42,3.0,3.0,12.0,16.9,1.0,1.0,4.0,5.63,0.0,0.0,0.0,0.0,6.0,6.0,24.0,33.79,3.0,3.0,12.0,16.9,2.0,2.0,8.0,11.26,1.0,1.0,4.0,5.63,2.0,2.0,8.0,11.26,3.0,3.0,12.0,16.9,2.0,2.0,8.0,11.26,5.0,5.0,20.0,28.16,6.0,6.0,24.0,33.79,3.0,3.0,12.0,16.9,2.0,2.0,8.0,11.26,0.0,0.0,0.0,0.0,1.0,1.0,4.0,5.63,0.0,0.0,0.0,0.0,40.0,32.0,8.0,93.86,2.0,2.0,8.0,6.39,6.39,0.64,0.63,0.0,0.5,0.5,0.43,1.0,0.29,0.6,0.42,8.0,0.0,0.04,0.0,0.29
4,新北國王,28|29|34|10873,呂政儒/林書緯/沃許本/喬納森,2,7,7.0,80.0,1.33,01:20,40.0,0.67,00:40,2.0,1.0,28.57,54.0,0.0,0.0,0.0,0.0,1.0,0.5,14.29,27.0,1.0,0.5,14.29,27.0,1.0,0.5,14.29,27.0,1.0,0.5,14.29,27.0,0.0,0.0,0.0,0.0,0.0,0.0,0.0,0.0,0.0,0.0,0.0,0.0,0.0,0.0,0.0,0.0,0.0,0.0,0.0,0.0,0.0,0.0,0.0,0.0,0.0,0.0,0.0,0.0,2.0,1.0,28.57,54.0,3.0,1.5,42.86,81.0,0.0,0.0,0.0,0.0,2.0,1.0,28.57,54.0,0.0,0.0,0.0,0.0,0.0,0.0,0.0,0.0,2.0,1.0,28.57,54.0,28.57,0.0,28.57,126.0,2.0,1.0,28.57,1.33,0.67,1.0,1.0,1.0,,,0.75,0.0,0.0,,0.0,28.57,0.0,0.0,28.57,0.0
4,新北國王,29|34|10873|14303,林書緯/沃許本/喬納森/喬丹,1,3,3.0,38.0,0.63,00:38,38.0,0.63,00:38,2.0,2.0,66.67,113.68,0.0,0.0,0.0,0.0,1.0,1.0,33.33,56.84,1.0,1.0,33.33,56.84,1.0,1.0,33.33,56.84,1.0,1.0,33.33,56.84,0.0,0.0,0.0,0.0,0.0,0.0,0.0,0.0,0.0,0.0,0.0,0.0,0.0,0.0,0.0,0.0,0.0,0.0,0.0,0.0,0.0,0.0,0.0,0.0,0.0,0.0,0.0,0.0,0.0,0.0,0.0,0.0,1.0,1.0,33.33,56.84,0.0,0.0,0.0,0.0,1.0,1.0,33.33,56.84,0.0,0.0,0.0,0.0,0.0,0.0,0.0,0.0,0.0,0.0,0.0,0.0,66.67,0.0,66.67,113.68,2.0,2.0,66.67,0.63,0.63,1.0,1.0,1.0,,,0.5,0.0,,,,33.33,0.0,0.0,0.0,0.0
4,臺北台新戰神,10|11|14|14437,雷蒙恩/蘇奕晉/錢肯尼/弗利沙,1,3,3.0,43.51,0.73,00:44,43.51,0.73,00:44,1.0,1.0,33.33,49.65,2.0,2.0,66.67,99.3,0.0,0.0,0.0,0.0,0.0,0.0,0.0,0.0,0.0,0.0,0.0,0.0,0.0,0.0,0.0,0.0,0.0,0.0,0.0,0.0,0.0,0.0,0.0,0.0,2.0,2.0,66.67,99.3,1.0,1.0,33.33,49.65,0.0,0.0,0.0,0.0,1.0,1.0,33.33,49.65,0.0,0.0,0.0,0.0,0.0,0.0,0.0,0.0,1.0,1.0,33.33,49.65,0.0,0.0,0.0,0.0,0.0,0.0,0.0,0.0,0.0,0.0,0.0,0.0,0.0,0.0,0.0,0.0,0.0,0.0,0.0,0.0,33.33,66.67,-33.33,99.3,-1.0,-1.0,-33.33,0.73,0.73,,0.57,,,0.5,0.53,,,1.0,1.0,0.0,0.0,0.0,0.0,
4,臺北台新戰神,10|11|14|14845,雷蒙恩/蘇奕晉/錢肯尼/恩多,1,3,3.0,43.51,0.73,00:44,43.51,0.73,00:44,1.0,1.0,33.33,49.65,2.0,2.0,66.67,99.3,0.0,0.0,0.0,0.0,0.0,0.0,0.0,0.0,0.0,0.0,0.0,0.0,0.0,0.0,0.0,0.0,0.0,0.0,0.0,0.0,0.0,0.0,0.0,0.0,2.0,2.0,66.67,99.3,1.0,1.0,33.33,49.65,0.0,0.0,0.0,0.0,1.0,1.0,33.33,49.65,0.0,0.0,0.0,0.0,0.0,0.0,0.0,0.0,1.0,1.0,33.33,49.65,0.0,0.0,0.0,0.0,0.0,0.0,0.0,0.0,0.0,0.0,0.0,0.0,0.0,0.0,0.0,0.0,0.0,0.0,0.0,0.0,33.33,66.67,-33.33,99.3,-1.0,-1.0,-33.33,0.73,0.73,,0.57,,,0.5,0.53,,,1.0,1.0,0.0,0.0,0.0,0.0,
4,臺北台新戰神,11|14|14437|14845,蘇奕晉/錢肯尼/弗利沙/恩多,1,9,10.0,154.6,2.58,02:35,154.6,2.58,02:35,3.0,3.0,30.0,41.92,4.0,4.0,40.0,55.89,4.0,4.0,40.0,55.89,1.0,1.0,10.0,13.97,2.0,2.0,20.0,27.94,1.0,1.0,10.0,13.97,2.0,2.0,20.0,27.94,0.0,0.0,0.0,0.0,2.0,2.0,20.0,27.94,1.0,1.0,10.0,13.97,1.0,1.0,10.0,13.97,3.0,3.0,30.0,41.92,0.0,0.0,0.0,0.0,1.0,1.0,10.0,13.97,1.0,1.0,10.0,13.97,1.0,1.0,10.0,13.97,0.0,0.0,0.0,0.0,0.0,0.0,0.0,0.0,1.0,1.0,10.0,13.97,0.0,0.0,0.0,0.0,30.0,40.0,-10.0,93.15,-1.0,-1.0,-10.0,2.58,2.58,0.25,0.31,0.5,0.0,0.5,0.17,1.0,0.5,1.0,0.8,0.0,0.0,0.1,0.0,0.5
4,新北國王,25|29|34|10874,林金榜/林書緯/沃許本/熊祥泰,2,5,7.0,100.05,1.67,01:40,50.03,0.83,00:50,5.0,2.5,71.43,107.94,5.0,2.5,71.43,107.94,3.0,1.5,42.86,64.77,1.0,0.5,14.29,21.59,2.0,1.0,28.57,43.18,1.0,0.5,14.29,21.59,1.0,0.5,14.29,21.59,0.0,0.0,0.0,0.0,3.0,1.5,42.86,64.77,3.0,1.5,42.86,64.77,2.0,1.0,28.57,43.18,0.0,0.0,0.0,0.0,0.0,0.0,0.0,0.0,0.0,0.0,0.0,0.0,1.0,0.5,14.29,21.59,0.0,0.0,0.0,0.0,0.0,0.0,0.0,0.0,0.0,0.0,0.0,0.0,0.0,0.0,0.0,0.0,0.0,0.0,0.0,0.0,71.43,71.43,0.0,100.75,0.0,0.0,0.0,1.67,0.83,0.33,0.58,0.5,0.0,1.0,0.19,0.0,1.0,,1.0,0.0,0.0,0.0,0.0,1.0
4,新北國王,25|34|10874|14038,林金榜/沃許本/熊祥泰/飛米,2,2,2.0,1.05,0.02,00:01,0.53,0.01,00:01,3.0,1.5,150.0,6159.7,0.0,0.0,0.0,0.0,0.0,0.0,0.0,0.0,0.0,0.0,0.0,0.0,0.0,0.0,0.0,0.0,0.0,0.0,0.0,0.0,0.0,0.0,0.0,0.0,0.0,0.0,0.0,0.0,3.0,1.5,150.0,6159.7,3.0,1.5,150.0,6159.7,0.0,0.0,0.0,0.0,0.0,0.0,0.0,0.0,0.0,0.0,0.0,0.0,0.0,0.0,0.0,0.0,0.0,0.0,0.0,0.0,0.0,0.0,0.0,0.0,0.0,0.0,0.0,0.0,0.0,0.0,0.0,0.0,0.0,0.0,0.0,0.0,0.0,0.0,0.0,0.0,150.0,0.0,150.0,2737.64,3.0,1.5,150.0,0.02,0.01,,1.14,,,1.0,0.0,,,,,0.0,0.0,0.0,0.0,
4,臺北台新戰神,1|11|14|14845,丁聖儒/蘇奕晉/錢肯尼/恩多,2,21,22.0,326.96,5.45,05:27,163.48,2.72,02:43,8.0,4.0,36.36,52.85,9.0,4.5,40.91,59.46,10.0,5.0,45.45,66.06,3.0,1.5,13.64,19.82,4.0,2.0,18.18,26.43,1.0,0.5,4.55,6.61,6.0,3.0,27.27,39.64,2.0,1.0,9.09,13.21,2.0,1.0,9.09,13.21,0.0,0.0,0.0,0.0,1.0,0.5,4.55,6.61,7.0,3.5,31.82,46.24,0.0,0.0,0.0,0.0,5.0,2.5,22.73,33.03,0.0,0.0,0.0,0.0,3.0,1.5,13.64,19.82,0.0,0.0,0.0,0.0,0.0,0.0,0.0,0.0,2.0,1.0,9.09,13.21,0.0,0.0,0.0,0.0,36.36,40.91,-4.55,96.89,-1.0,-0.5,-4.55,5.45,2.72,0.4,0.37,0.25,0.33,0.0,0.0,1.0,0.17,1.0,0.62,0.0,0.0,0.09,0.0,0.2
4,臺北台新戰神,1|5|11|14437,丁聖儒/黃聰翰/蘇奕晉/弗利沙,1,22,29.0,355.28,5.92,05:55,355.28,5.92,05:55,13.0,13.0,44.83,79.04,13.0,13.0,44.83,79.04,13.0,13.0,44.83,79.04,5.0,5.0,17.24,30.4,6.0,6.0,20.69,36.48,3.0,3.0,10.34,18.24,7.0,7.0,24.14,42.56,2.0,2.0,6.9,12.16,1.0,1.0,3.45,6.08,1.0,1.0,3.45,6.08,4.0,4.0,13.79,24.32,3.0,3.0,10.34,18.24,1.0,1.0,3.45,6.08,2.0,2.0,6.9,12.16,3.0,3.0,10.34,18.24,4.0,4.0,13.79,24.32,1.0,1.0,3.45,6.08,2.0,2.0,6.9,12.16,2.0,2.0,6.9,12.16,4.0,4.0,13.79,24.32,44.83,44.83,0.0,117.54,0.0,0.0,0.0,5.92,5.92,0.46,0.48,0.5,0.29,1.0,0.18,0.8,0.67,0.75,0.7,3.45,6.9,0.07,13.79,0.08
4,臺北台新戰神,1|5|11|14845,丁聖儒/黃聰翰/蘇奕晉/恩多,2,43,51.0,639.19,10.65,10:39,319.6,5.33,05:20,24.0,12.0,47.06,81.1,23.0,11.5,45.1,77.72,23.0,11.5,45.1,77.72,9.0,4.5,17.65,30.41,9.0,4.5,17.65,30.41,4.0,2.0,7.84,13.52,14.0,7.0,27.45,47.31,5.0,2.5,9.8,16.9,3.0,1.5,5.88,10.14,1.0,0.5,1.96,3.38,5.0,2.5,9.8,16.9,9.0,4.5,17.65,30.41,1.0,0.5,1.96,3.38,7.0,3.5,13.73,23.65,3.0,1.5,5.88,10.14,7.0,3.5,13.73,23.65,1.0,0.5,1.96,3.38,2.0,1.0,3.92,6.76,3.0,1.5,5.88,10.14,6.0,3.0,11.76,20.28,47.06,45.1,1.96,114.9,1.0,0.5,1.96,10.65,5.33,0.5,0.49,0.44,0.36,0.33,0.11,0.78,0.42,0.9,0.64,1.96,3.92,0.06,11.76,0.13
4,臺北台新戰神,5|11|14437|14845,黃聰翰/蘇奕晉/弗利沙/恩多,1,34,42.0,586.32,9.77,09:46,586.32,9.77,09:46,19.0,19.0,45.24,70.0,15.0,15.0,35.71,55.26,17.0,17.0,40.48,62.63,7.0,7.0,16.67,25.79,6.0,6.0,14.29,22.1,3.0,3.0,7.14,11.05,11.0,11.0,26.19,40.52,4.0,4.0,9.52,14.74,1.0,1.0,2.38,3.68,1.0,1.0,2.38,3.68,4.0,4.0,9.52,14.74,5.0,5.0,11.9,18.42,2.0,2.0,4.76,7.37,6.0,6.0,14.29,22.1,6.0,6.0,14.29,22.1,6.0,6.0,14.29,22.1,2.0,2.0,4.76,7.37,2.0,2.0,4.76,7.37,2.0,2.0,4.76,7.37,4.0,4.0,9.52,14.74,45.24,35.71,9.52,103.15,4.0,4.0,9.52,9.77,9.77,0.53,0.54,0.5,0.36,1.0,0.26,0.86,0.4,0.71,0.53,4.76,4.76,0.05,9.52,0.06
4,新北國王,25|28|34|14038,林金榜/呂政儒/沃許本/飛米,1,7,8.0,118.96,1.98,01:59,118.96,1.98,01:59,4.0,4.0,50.0,72.63,3.0,3.0,37.5,54.47,2.0,2.0,25.0,36.32,1.0,1.0,12.5,18.16,2.0,2.0,25.0,36.32,1.0,1.0,12.5,18.16,0.0,0.0,0.0,0.0,0.0,0.0,0.0,0.0,2.0,2.0,25.0,36.32,2.0,2.0,25.0,36.32,0.0,0.0,0.0,0.0,1.0,1.0,12.5,18.16,0.0,0.0,0.0,0.0,2.0,2.0,25.0,36.32,1.0,1.0,12.5,18.16,1.0,1.0,12.5,18.16,0.0,0.0,0.0,0.0,0.0,0.0,0.0,0.0,2.0,2.0,25.0,36.32,0.0,0.0,0.0,0.0,50.0,37.5,12.5,96.84,1.0,1.0,12.5,1.98,1.98,0.5,0.69,0.5,,1.0,0.26,1.0,0.0,1.0,0.33,0.0,0.0,0.25,0.0,1.0
4,新北國王,25|28|10872|14038,林金榜/呂政儒/林彥廷/飛米,1,5,6.0,64.96,1.08,01:05,64.96,1.08,01:05,4.0,4.0,66.67,133.01,0.0,0.0,0.0,0.0,1.0,1.0,16.67,33.25,1.0,1.0,16.67,33.25,1.0,1.0,16.67,33.25,1.0,1.0,16.67,33.25,0.0,0.0,0.0,0.0,0.0,0.0,0.0,0.0,2.0,2.0,33.33,66.51,2.0,2.0,33.33,66.51,0.0,0.0,0.0,0.0,0.0,0.0,0.0,0.0,0.0,0.0,0.0,0.0,2.0,2.0,33.33,66.51,1.0,1.0,16.67,33.25,1.0,1.0,16.67,33.25,0.0,0.0,0.0,0.0,0.0,0.0,0.0,0.0,1.0,1.0,16.67,33.25,0.0,0.0,0.0,0.0,66.67,0.0,66.67,133.01,4.0,4.0,66.67,1.08,1.08,1.0,1.06,1.0,,1.0,0.35,1.0,0.0,,0.0,0.0,0.0,0.17,0.0,2.0
4,新北國王,28|10872|10874|14038,呂政儒/林彥廷/熊祥泰/飛米,1,4,4.0,61.0,1.02,01:01,61.0,1.02,01:01,2.0,2.0,50.0,70.82,3.0,3.0,75.0,106.23,2.0,2.0,50.0,70.82,1.0,1.0,25.0,35.41,2.0,2.0,50.0,70.82,1.0,1.0,25.0,35.41,0.0,0.0,0.0,0.0,0.0,0.0,0.0,0.0,0.0,0.0,0.0,0.0,0.0,0.0,0.0,0.0,0.0,0.0,0.0,0.0,1.0,1.0,25.0,35.41,0.0,0.0,0.0,0.0,1.0,1.0,25.0,35.41,0.0,0.0,0.0,0.0,0.0,0.0,0.0,0.0,0.0,0.0,0.0,0.0,0.0,0.0,0.0,0.0,0.0,0.0,0.0,0.0,0.0,0.0,0.0,0.0,50.0,75.0,-25.0,94.43,-1.0,-1.0,-25.0,1.02,1.02,0.5,0.5,0.5,,,0.0,0.0,0.0,1.0,0.5,0.0,0.0,0.0,0.0,0.0
4,臺北台新戰神,5|10|11|14845,黃聰翰/雷蒙恩/蘇奕晉/恩多,1,18,20.0,299.07,4.98,04:59,299.07,4.98,04:59,11.0,11.0,55.0,79.45,5.0,5.0,25.0,36.11,8.0,8.0,40.0,57.78,4.0,4.0,20.0,28.89,1.0,1.0,5.0,7.22,1.0,1.0,5.0,7.22,7.0,7.0,35.0,50.56,3.0,3.0,15.0,21.67,0.0,0.0,0.0,0.0,0.0,0.0,0.0,0.0,1.0,1.0,5.0,7.22,3.0,3.0,15.0,21.67,1.0,1.0,5.0,7.22,5.0,5.0,25.0,36.11,3.0,3.0,15.0,21.67,3.0,3.0,15.0,21.67,1.0,1.0,5.0,7.22,0.0,0.0,0.0,0.0,0.0,0.0,0.0,0.0,2.0,2.0,10.0,14.44,55.0,25.0,30.0,96.3,6.0,6.0,30.0,4.98,4.98,0.69,0.69,1.0,0.43,,0.27,0.75,0.17,0.75,0.4,5.0,0.0,0.0,10.0,0.0
4,新北國王,28|34|10874|14303,呂政儒/沃許本/熊祥泰/喬丹,1,7,7.0,128.03,2.13,02:08,128.03,2.13,02:08,0.0,0.0,0.0,0.0,0.0,0.0,0.0,0.0,3.0,3.0,42.86,50.61,0.0,0.0,0.0,0.0,2.0,2.0,28.57,33.74,0.0,0.0,0.0,0.0,1.0,1.0,14.29,16.87,0.0,0.0,0.0,0.0,0.0,0.0,0.0,0.0,0.0,0.0,0.0,0.0,0.0,0.0,0.0,0.0,3.0,3.0,42.86,50.61,0.0,0.0,0.0,0.0,2.0,2.0,28.57,33.74,0.0,0.0,0.0,0.0,0.0,0.0,0.0,0.0,0.0,0.0,0.0,0.0,0.0,0.0,0.0,0.0,0.0,0.0,0.0,0.0,0.0,0.0,0.0,0.0,0.0,0.0,0.0,78.73,0.0,0.0,0.0,2.13,2.13,0.0,0.0,0.0,0.0,,0.0,,0.0,1.0,0.6,0.0,0.0,0.0,0.0,0.0
4,新北國王,28|10872|10874|14303,呂政儒/林彥廷/熊祥泰/喬丹,1,7,7.0,128.03,2.13,02:08,128.03,2.13,02:08,0.0,0.0,0.0,0.0,0.0,0.0,0.0,0.0,3.0,3.0,42.86,50.61,0.0,0.0,0.0,0.0,2.0,2.0,28.57,33.74,0.0,0.0,0.0,0.0,1.0,1.0,14.29,16.87,0.0,0.0,0.0,0.0,0.0,0.0,0.0,0.0,0.0,0.0,0.0,0.0,0.0,0.0,0.0,0.0,3.0,3.0,42.86,50.61,0.0,0.0,0.0,0.0,2.0,2.0,28.57,33.74,0.0,0.0,0.0,0.0,0.0,0.0,0.0,0.0,0.0,0.0,0.0,0.0,0.0,0.0,0.0,0.0,0.0,0.0,0.0,0.0,0.0,0.0,0.0,0.0,0.0,0.0,0.0,78.73,0.0,0.0,0.0,2.13,2.13,0.0,0.0,0.0,0.0,,0.0,,0.0,1.0,0.6,0.0,0.0,0.0,0.0,0.0
4,臺北台新戰神,5|10|11|14437,黃聰翰/雷蒙恩/蘇奕晉/弗利沙,1,12,13.0,231.03,3.85,03:51,231.03,3.85,03:51,6.0,6.0,46.15,56.1,2.0,2.0,15.38,18.7,4.0,4.0,30.77,37.4,2.0,2.0,15.38,18.7,0.0,0.0,0.0,0.0,0.0,0.0,0.0,0.0,4.0,4.0,30.77,37.4,2.0,2.0,15.38,18.7,0.0,0.0,0.0,0.0,0.0,0.0,0.0,0.0,0.0,0.0,0.0,0.0,2.0,2.0,15.38,18.7,1.0,1.0,7.69,9.35,4.0,4.0,30.77,37.4,3.0,3.0,23.08,28.05,2.0,2.0,15.38,18.7,1.0,1.0,7.69,9.35,0.0,0.0,0.0,0.0,0.0,0.0,0.0,0.0,0.0,0.0,0.0,0.0,46.15,15.38,30.77,81.03,4.0,4.0,30.77,3.85,3.85,0.75,0.75,,0.5,,0.43,1.0,0.0,0.67,0.29,7.69,0.0,0.0,0.0,0.0
4,臺北台新戰神,5|10|14437|14845,黃聰翰/雷蒙恩/弗利沙/恩多,2,37,47.0,701.86,11.7,11:42,350.93,5.85,05:51,16.0,8.0,34.04,49.24,11.0,5.5,23.4,33.85,17.0,8.5,36.17,52.32,5.0,2.5,10.64,15.39,9.0,4.5,19.15,27.7,3.0,1.5,6.38,9.23,8.0,4.0,17.02,24.62,2.0,1.0,4.26,6.16,4.0,2.0,8.51,12.31,4.0,2.0,8.51,12.31,6.0,3.0,12.77,18.47,5.0,2.5,10.64,15.39,2.0,1.0,4.26,6.16,11.0,5.5,23.4,33.85,7.0,3.5,14.89,21.54,3.0,1.5,6.38,9.23,4.0,2.0,8.51,12.31,2.0,1.0,4.26,6.16,6.0,3.0,12.77,18.47,5.0,2.5,10.64,15.39,34.04,23.4,10.64,96.43,5.0,2.5,10.64,11.7,5.85,0.35,0.43,0.33,0.25,1.0,0.27,0.6,0.35,0.71,0.46,8.51,4.26,0.13,10.64,0.24
4,臺北台新戰神,5|10|14|14437,黃聰翰/雷蒙恩/錢肯尼/弗利沙,1,15,22.0,284.23,4.74,04:44,284.23,4.74,04:44,7.0,7.0,31.82,53.2,4.0,4.0,18.18,30.4,11.0,11.0,50.0,83.59,3.0,3.0,13.64,22.8,8.0,8.0,36.36,60.8,3.0,3.0,13.64,22.8,3.0,3.0,13.64,22.8,0.0,0.0,0.0,0.0,1.0,1.0,4.55,7.6,1.0,1.0,4.55,7.6,5.0,5.0,22.73,38.0,2.0,2.0,9.09,15.2,1.0,1.0,4.55,7.6,5.0,5.0,22.73,38.0,0.0,0.0,0.0,0.0,0.0,0.0,0.0,0.0,0.0,0.0,0.0,0.0,1.0,1.0,4.55,7.6,2.0,2.0,9.09,15.2,2.0,2.0,9.09,15.2,31.82,18.18,13.64,111.46,3.0,3.0,13.64,4.74,4.74,0.27,0.31,0.38,0.0,1.0,0.0,0.0,0.5,0.67,0.54,0.0,4.55,0.09,9.09,0.09
4,臺北台新戰神,5|10|14|14845,黃聰翰/雷蒙恩/錢肯尼/恩多,4,33,47.0,929.99,15.5,15:30,232.5,3.87,03:52,20.0,5.0,42.55,46.45,11.0,2.75,23.4,25.55,18.0,4.5,38.3,41.81,8.0,2.0,17.02,18.58,13.0,3.25,27.66,30.19,8.0,2.0,17.02,18.58,5.0,1.25,10.64,11.61,0.0,0.0,0.0,0.0,6.0,1.5,12.77,13.94,4.0,1.0,8.51,9.29,7.0,1.75,14.89,16.26,4.0,1.0,8.51,9.29,2.0,0.5,4.26,4.65,11.0,2.75,23.4,25.55,3.0,0.75,6.38,6.97,2.0,0.5,4.26,4.65,2.0,0.5,4.26,4.65,1.0,0.25,2.13,2.32,4.0,1.0,8.51,9.29,4.0,1.0,8.51,9.29,42.55,23.4,19.15,72.78,9.0,2.25,19.15,15.5,3.87,0.44,0.48,0.62,0.0,0.67,0.13,0.25,0.39,0.67,0.46,4.26,2.13,0.09,8.51,0.33
4,臺北台新戰神,1|5|10|14437,丁聖儒/黃聰翰/雷蒙恩/弗利沙,2,21,24.0,358.6,5.98,05:59,179.3,2.99,02:59,15.0,7.5,62.5,90.35,10.0,5.0,41.67,60.23,7.0,3.5,29.17,42.16,4.0,2.0,16.67,24.09,3.0,1.5,12.5,18.07,2.0,1.0,8.33,12.05,4.0,2.0,16.67,24.09,2.0,1.0,8.33,12.05,7.0,3.5,29.17,42.16,5.0,2.5,20.83,30.12,2.0,1.0,8.33,12.05,1.0,0.5,4.17,6.02,0.0,0.0,0.0,0.0,3.0,1.5,12.5,18.07,4.0,2.0,16.67,24.09,4.0,2.0,16.67,24.09,3.0,1.5,12.5,18.07,1.0,0.5,4.17,6.02,6.0,3.0,25.0,36.14,3.0,1.5,12.5,18.07,62.5,41.67,20.83,96.38,5.0,2.5,20.83,5.98,2.99,0.71,0.74,0.67,0.5,0.71,0.28,1.0,0.4,1.0,0.5,12.5,4.17,0.25,12.5,1.0
4,新北國王,25|29|34|14303,林金榜/林書緯/沃許本/喬丹,1,2,3.0,30.03,0.5,00:30,30.03,0.5,00:30,1.0,1.0,33.33,71.92,0.0,0.0,0.0,0.0,0.0,0.0,0.0,0.0,0.0,0.0,0.0,0.0,0.0,0.0,0.0,0.0,0.0,0.0,0.0,0.0,0.0,0.0,0.0,0.0,0.0,0.0,0.0,0.0,2.0,2.0,66.67,143.83,1.0,1.0,33.33,71.92,0.0,0.0,0.0,0.0,0.0,0.0,0.0,0.0,1.0,1.0,33.33,71.92,1.0,1.0,33.33,71.92,0.0,0.0,0.0,0.0,0.0,0.0,0.0,0.0,0.0,0.0,0.0,0.0,0.0,0.0,0.0,0.0,1.0,1.0,33.33,71.92,0.0,0.0,0.0,0.0,33.33,0.0,33.33,143.83,1.0,1.0,33.33,0.5,0.5,,0.57,,,0.5,0.0,,0.0,0.0,0.0,0.0,0.0,0.33,0.0,
4,新北國王,25|34|10872|14303,林金榜/沃許本/林彥廷/喬丹,1,2,3.0,30.03,0.5,00:30,30.03,0.5,00:30,1.0,1.0,33.33,71.92,0.0,0.0,0.0,0.0,0.0,0.0,0.0,0.0,0.0,0.0,0.0,0.0,0.0,0.0,0.0,0.0,0.0,0.0,0.0,0.0,0.0,0.0,0.0,0.0,0.0,0.0,0.0,0.0,2.0,2.0,66.67,143.83,1.0,1.0,33.33,71.92,0.0,0.0,0.0,0.0,0.0,0.0,0.0,0.0,1.0,1.0,33.33,71.92,1.0,1.0,33.33,71.92,0.0,0.0,0.0,0.0,0.0,0.0,0.0,0.0,0.0,0.0,0.0,0.0,0.0,0.0,0.0,0.0,1.0,1.0,33.33,71.92,0.0,0.0,0.0,0.0,33.33,0.0,33.33,143.83,1.0,1.0,33.33,0.5,0.5,,0.57,,,0.5,0.0,,0.0,0.0,0.0,0.0,0.0,0.33,0.0,
4,高雄全家海神,51|109|110|118,克力斯/于煥亞/胡瓏貿/蘇文儒,2,88,101.0,1528.45,25.47,25:28,764.23,12.74,12:44,38.0,19.0,37.62,53.7,37.0,18.5,36.63,52.29,35.0,17.5,34.65,49.46,15.0,7.5,14.85,21.2,22.0,11.0,21.78,31.09,10.0,5.0,9.9,14.13,13.0,6.5,12.87,18.37,5.0,2.5,4.95,7.07,4.0,2.0,3.96,5.65,3.0,1.5,2.97,4.24,6.0,3.0,5.94,8.48,13.0,6.5,12.87,18.37,3.0,1.5,2.97,4.24,20.0,10.0,19.8,28.26,13.0,6.5,12.87,18.37,6.0,3.0,5.94,8.48,6.0,3.0,5.94,8.48,0.0,0.0,0.0,0.0,9.0,4.5,8.91,12.72,8.0,4.0,7.92,11.31,37.62,36.63,0.99,95.16,1.0,0.5,0.99,25.47,12.74,0.5,0.52,0.45,0.38,0.75,0.26,0.4,0.23,0.81,0.45,5.94,0.0,0.09,7.92,0.11
4,高雄全家海神,51|109|110|14844,克力斯/于煥亞/胡瓏貿/杭特,2,78,89.0,1411.91,23.53,23:32,705.96,11.77,11:46,44.0,22.0,49.44,67.31,45.0,22.5,50.56,68.84,30.0,15.0,33.71,45.9,16.0,8.0,17.98,24.48,19.0,9.5,21.35,29.07,9.0,4.5,10.11,13.77,11.0,5.5,12.36,16.83,7.0,3.5,7.87,10.71,6.0,3.0,6.74,9.18,5.0,2.5,5.62,7.65,2.0,1.0,2.25,3.06,11.0,5.5,12.36,16.83,5.0,2.5,5.62,7.65,14.0,7.0,15.73,21.42,8.0,4.0,8.99,12.24,7.0,3.5,7.87,10.71,4.0,2.0,4.49,6.12,0.0,0.0,0.0,0.0,10.0,5.0,11.24,15.3,6.0,3.0,6.74,9.18,49.44,50.56,-1.12,90.77,-1.0,-0.5,-1.12,23.53,11.77,0.65,0.67,0.47,0.64,0.83,0.2,0.44,0.12,0.69,0.41,4.49,0.0,0.11,6.74,0.2
4,高雄全家海神,51|109|118|14844,克力斯/于煥亞/蘇文儒/杭特,3,86,99.0,1463.17,24.39,24:23,487.72,8.13,08:08,40.0,13.33,40.4,59.05,44.0,14.67,44.44,64.95,33.0,11.0,33.33,48.72,15.0,5.0,15.15,22.14,21.0,7.0,21.21,31.0,9.0,3.0,9.09,13.29,12.0,4.0,12.12,17.71,6.0,2.0,6.06,8.86,5.0,1.67,5.05,7.38,4.0,1.33,4.04,5.9,4.0,1.33,4.04,5.9,13.0,4.33,13.13,19.19,4.0,1.33,4.04,5.9,17.0,5.67,17.17,25.1,10.0,3.33,10.1,14.76,6.0,2.0,6.06,8.86,4.0,1.33,4.04,5.9,1.0,0.33,1.01,1.48,13.0,4.33,13.13,19.19,11.0,3.67,11.11,16.24,40.4,44.44,-4.04,97.43,-4.0,-1.33,-4.04,24.39,8.13,0.55,0.57,0.43,0.5,0.8,0.22,0.4,0.19,0.76,0.45,4.04,1.01,0.13,11.11,0.15
4,高雄全家海神,51|110|118|14844,克力斯/胡瓏貿/蘇文儒/杭特,3,127,148.0,2129.28,35.49,35:29,709.76,11.83,11:50,66.0,22.0,44.59,66.95,65.0,21.67,43.92,65.94,55.0,18.33,37.16,55.79,24.0,8.0,16.22,24.35,34.0,11.33,22.97,34.49,14.0,4.67,9.46,14.2,21.0,7.0,14.19,21.3,10.0,3.33,6.76,10.14,10.0,3.33,6.76,10.14,7.0,2.33,4.73,7.1,7.0,2.33,4.73,7.1,24.0,8.0,16.22,24.35,9.0,3.0,6.08,9.13,25.0,8.33,16.89,25.36,8.0,2.67,5.41,8.12,12.0,4.0,8.11,12.17,4.0,1.33,2.7,4.06,2.0,0.67,1.35,2.03,17.0,5.67,11.49,17.25,12.0,4.0,8.11,12.17,44.59,43.92,0.68,100.09,1.0,0.33,0.68,35.49,11.83,0.53,0.56,0.41,0.48,0.7,0.12,0.5,0.22,0.73,0.48,2.7,1.35,0.11,8.11,0.18
4,高雄全家海神,109|110|118|14844,于煥亞/胡瓏貿/蘇文儒/杭特,3,159,186.0,2879.96,48.0,48:00,959.99,16.0,16:00,83.0,27.67,44.62,62.25,69.0,23.0,37.1,51.75,67.0,22.33,36.02,50.25,28.0,9.33,15.05,21.0,40.0,13.33,21.51,30.0,15.0,5.0,8.06,11.25,27.0,9.0,14.52,20.25,13.0,4.33,6.99,9.75,23.0,7.67,12.37,17.25,14.0,4.67,7.53,10.5,5.0,1.67,2.69,3.75,33.0,11.0,17.74,24.75,13.0,4.33,6.99,9.75,30.0,10.0,16.13,22.5,12.0,4.0,6.45,9.0,12.0,4.0,6.45,9.0,6.0,2.0,3.23,4.5,2.0,0.67,1.08,1.5,25.0,8.33,13.44,18.75,17.0,5.67,9.14,12.75,44.62,37.1,7.53,93.0,14.0,4.67,7.53,48.0,16.0,0.51,0.54,0.38,0.48,0.61,0.13,0.43,0.14,0.72,0.47,3.23,1.08,0.13,9.14,0.34
4,福爾摩沙夢想家,79|89|10890|13906,張宗憲/蔣淯安/湯普金斯/班提爾,7,325,370.0,5692.95,94.88,94:53,813.28,13.55,13:33,183.0,26.14,49.46,69.43,158.0,22.57,42.7,59.95,151.0,21.57,40.81,57.29,71.0,10.14,19.19,26.94,99.0,14.14,26.76,37.56,48.0,6.86,12.97,18.21,52.0,7.43,14.05,19.73,23.0,3.29,6.22,8.73,32.0,4.57,8.65,12.14,18.0,2.57,4.86,6.83,23.0,3.29,6.22,8.73,62.0,8.86,16.76,23.52,18.0,2.57,4.86,6.83,60.0,8.57,16.22,22.77,21.0,3.0,5.68,7.97,48.0,6.86,12.97,18.21,16.0,2.29,4.32,6.07,5.0,0.71,1.35,1.9,29.0,4.14,7.84,11.0,21.0,3.0,5.68,7.97,49.46,42.7,6.76,93.59,25.0,3.57,6.76,94.88,13.55,0.55,0.55,0.48,0.44,0.56,0.11,0.68,0.28,0.78,0.52,4.32,1.35,0.08,5.68,0.21
4,福爾摩沙夢想家,79|103|10890|13906,張宗憲/忻沃克/湯普金斯/班提爾,7,313,357.0,5404.81,90.08,90:05,772.12,12.87,12:52,165.0,23.57,46.22,65.94,145.0,20.71,40.62,57.95,142.0,20.29,39.78,56.75,62.0,8.86,17.37,24.78,90.0,12.86,25.21,35.97,41.0,5.86,11.48,16.39,52.0,7.43,14.57,20.78,21.0,3.0,5.88,8.39,32.0,4.57,8.96,12.79,20.0,2.86,5.6,7.99,22.0,3.14,6.16,8.79,62.0,8.86,17.37,24.78,18.0,2.57,5.04,7.19,58.0,8.29,16.25,23.18,22.0,3.14,6.16,8.79,41.0,5.86,11.48,16.39,15.0,2.14,4.2,5.99,4.0,0.57,1.12,1.6,33.0,4.71,9.24,13.19,22.0,3.14,6.16,8.79,46.22,40.62,5.6,95.12,20.0,2.86,5.6,90.08,12.87,0.51,0.53,0.46,0.4,0.62,0.12,0.66,0.28,0.78,0.52,4.2,1.12,0.09,6.16,0.23
4,福爾摩沙夢想家,89|103|10890|13906,蔣淯安/忻沃克/湯普金斯/班提爾,7,336,387.0,6089.16,101.49,101:29,869.88,14.5,14:30,176.0,25.14,45.48,62.43,155.0,22.14,40.05,54.98,151.0,21.57,39.02,53.56,64.0,9.14,16.54,22.7,92.0,13.14,23.77,32.64,44.0,6.29,11.37,15.61,59.0,8.43,15.25,20.93,20.0,2.86,5.17,7.09,41.0,5.86,10.59,14.54,28.0,4.0,7.24,9.93,23.0,3.29,5.94,8.16,68.0,9.71,17.57,24.12,21.0,3.0,5.43,7.45,66.0,9.43,17.05,23.41,24.0,3.43,6.2,8.51,42.0,6.0,10.85,14.9,15.0,2.14,3.88,5.32,4.0,0.57,1.03,1.42,34.0,4.86,8.79,12.06,20.0,2.86,5.17,7.09,45.48,40.05,5.43,91.52,21.0,3.0,5.43,101.49,14.5,0.49,0.52,0.48,0.34,0.68,0.12,0.66,0.26,0.76,0.51,3.88,1.03,0.09,5.17,0.27
4,福爾摩沙夢想家,89|99|103|13906,蔣淯安/盧冠良/忻沃克/班提爾,7,95,118.0,1687.19,28.12,28:07,241.03,4.02,04:01,45.0,6.43,38.14,57.61,49.0,7.0,41.53,62.73,38.0,5.43,32.2,48.65,13.0,1.86,11.02,16.64,16.0,2.29,13.56,20.48,8.0,1.14,6.78,10.24,22.0,3.14,18.64,28.17,5.0,0.71,4.24,6.4,19.0,2.71,16.1,24.32,16.0,2.29,13.56,20.48,8.0,1.14,6.78,10.24,19.0,2.71,16.1,24.32,11.0,1.57,9.32,14.08,21.0,3.0,17.8,26.88,10.0,1.43,8.47,12.8,6.0,0.86,5.08,7.68,5.0,0.71,4.24,6.4,0.0,0.0,0.0,0.0,11.0,1.57,9.32,14.08,10.0,1.43,8.47,12.8,38.14,41.53,-3.39,100.71,-4.0,-0.57,-3.39,28.12,4.02,0.41,0.49,0.5,0.23,0.84,0.18,0.46,0.28,0.63,0.46,4.24,0.0,0.09,8.47,0.5
4,福爾摩沙夢想家,89|99|10890|13906,蔣淯安/盧冠良/湯普金斯/班提爾,3,31,33.0,529.02,8.82,08:49,176.34,2.94,02:56,22.0,7.33,66.67,89.83,14.0,4.67,42.42,57.16,12.0,4.0,36.36,49.0,9.0,3.0,27.27,36.75,7.0,2.33,21.21,28.58,5.0,1.67,15.15,20.41,5.0,1.67,15.15,20.41,4.0,1.33,12.12,16.33,0.0,0.0,0.0,0.0,0.0,0.0,0.0,0.0,0.0,0.0,0.0,0.0,3.0,1.0,9.09,12.25,1.0,0.33,3.03,4.08,7.0,2.33,21.21,28.58,3.0,1.0,9.09,12.25,6.0,2.0,18.18,24.5,1.0,0.33,3.03,4.08,0.0,0.0,0.0,0.0,1.0,0.33,3.03,4.08,1.0,0.33,3.03,4.08,66.67,42.42,24.24,89.83,8.0,2.67,24.24,8.82,2.94,0.92,0.92,0.71,0.8,,0.2,0.67,0.0,0.75,0.27,3.03,0.0,0.03,3.03,0.0
4,福爾摩沙夢想家,99|103|10890|13906,盧冠良/忻沃克/湯普金斯/班提爾,3,15,17.0,266.02,4.43,04:26,88.67,1.48,01:29,10.0,3.33,58.82,81.2,5.0,1.67,29.41,40.6,5.0,1.67,29.41,40.6,3.0,1.0,17.65,24.36,2.0,0.67,11.76,16.24,1.0,0.33,5.88,8.12,3.0,1.0,17.65,24.36,2.0,0.67,11.76,16.24,2.0,0.67,11.76,16.24,2.0,0.67,11.76,16.24,1.0,0.33,5.88,8.12,2.0,0.67,11.76,16.24,0.0,0.0,0.0,0.0,4.0,1.33,23.53,32.48,2.0,0.67,11.76,16.24,2.0,0.67,11.76,16.24,1.0,0.33,5.88,8.12,0.0,0.0,0.0,0.0,2.0,0.67,11.76,16.24,2.0,0.67,11.76,16.24,58.82,29.41,29.41,92.02,5.0,1.67,29.41,4.43,1.48,0.8,0.85,0.5,0.67,1.0,0.25,0.67,0.2,1.0,0.43,5.88,0.0,0.12,11.76,0.4
4,福爾摩沙夢想家,89|99|107|13906,蔣淯安/盧冠良/霍爾曼/班提爾,8,115,142.0,2044.41,34.07,34:04,255.55,4.26,04:16,58.0,7.25,40.85,61.28,64.0,8.0,45.07,67.62,47.0,5.88,33.1,49.66,17.0,2.12,11.97,17.96,21.0,2.62,14.79,22.19,9.0,1.12,6.34,9.51,26.0,3.25,18.31,27.47,8.0,1.0,5.63,8.45,21.0,2.62,14.79,22.19,18.0,2.25,12.68,19.02,11.0,1.38,7.75,11.62,21.0,2.62,14.79,22.19,12.0,1.5,8.45,12.68,21.0,2.62,14.79,22.19,14.0,1.75,9.86,14.79,8.0,1.0,5.63,8.45,8.0,1.0,5.63,8.45,0.0,0.0,0.0,0.0,13.0,1.62,9.15,13.74,14.0,1.75,9.86,14.79,40.85,45.07,-4.23,100.02,-6.0,-0.75,-4.23,34.07,4.26,0.45,0.52,0.43,0.31,0.86,0.2,0.47,0.34,0.64,0.49,5.63,0.0,0.09,9.86,0.45
4,福爾摩沙夢想家,99|103|107|13906,盧冠良/忻沃克/霍爾曼/班提爾,8,134,172.0,2305.73,38.43,38:26,288.22,4.8,04:48,74.0,9.25,43.02,69.32,73.0,9.12,42.44,68.39,61.0,7.62,35.47,57.14,23.0,2.88,13.37,21.55,30.0,3.75,17.44,28.1,14.0,1.75,8.14,13.12,31.0,3.88,18.02,29.04,9.0,1.12,5.23,8.43,27.0,3.38,15.7,25.29,22.0,2.75,12.79,20.61,14.0,1.75,8.14,13.12,25.0,3.12,14.53,23.42,15.0,1.88,8.72,14.05,27.0,3.38,15.7,25.29,14.0,1.75,8.14,13.12,11.0,1.38,6.4,10.3,8.0,1.0,4.65,7.49,0.0,0.0,0.0,0.0,20.0,2.5,11.63,18.74,15.0,1.88,8.72,14.05,43.02,42.44,0.58,107.42,1.0,0.12,0.58,38.43,4.8,0.45,0.51,0.47,0.29,0.81,0.16,0.48,0.34,0.62,0.48,4.65,0.0,0.12,8.72,0.44
4,高雄全家海神,109|110|118|13399,于煥亞/胡瓏貿/蘇文儒/賽克維奇,2,38,48.0,750.54,12.51,12:31,375.27,6.25,06:15,22.0,11.0,45.83,63.31,22.0,11.0,45.83,63.31,18.0,9.0,37.5,51.8,8.0,4.0,16.67,23.02,11.0,5.5,22.92,31.66,4.0,2.0,8.33,11.51,7.0,3.5,14.58,20.15,4.0,2.0,8.33,11.51,4.0,2.0,8.33,11.51,2.0,1.0,4.17,5.76,3.0,1.5,6.25,8.63,8.0,4.0,16.67,23.02,5.0,2.5,10.42,14.39,5.0,2.5,10.42,14.39,3.0,1.5,6.25,8.63,4.0,2.0,8.33,11.51,2.0,1.0,4.17,5.76,1.0,0.5,2.08,2.88,3.0,1.5,6.25,8.63,2.0,1.0,4.17,5.76,45.83,45.83,0.0,92.09,0.0,0.0,0.0,12.51,6.25,0.56,0.56,0.36,0.57,0.5,0.13,0.5,0.38,0.62,0.52,4.17,2.08,0.06,4.17,0.22
4,高雄全家海神,109|110|13399|14844,于煥亞/胡瓏貿/賽克維奇/杭特,2,30,39.0,641.92,10.7,10:42,320.96,5.35,05:21,17.0,8.5,43.59,57.2,13.0,6.5,33.33,43.74,17.0,8.5,43.59,57.2,6.0,3.0,15.38,20.19,9.0,4.5,23.08,30.28,2.0,1.0,5.13,6.73,8.0,4.0,20.51,26.92,4.0,2.0,10.26,13.46,2.0,1.0,5.13,6.73,1.0,0.5,2.56,3.36,3.0,1.5,7.69,10.09,8.0,4.0,20.51,26.92,4.0,2.0,10.26,13.46,4.0,2.0,10.26,13.46,2.0,1.0,5.13,6.73,3.0,1.5,7.69,10.09,1.0,0.5,2.56,3.36,1.0,0.5,2.56,3.36,2.0,1.0,5.13,6.73,1.0,0.5,2.56,3.36,43.59,33.33,10.26,87.49,4.0,2.0,10.26,10.7,5.35,0.47,0.48,0.22,0.5,0.5,0.1,0.5,0.43,0.67,0.58,2.56,2.56,0.05,2.56,0.12
4,高雄全家海神,109|118|13399|14844,于煥亞/蘇文儒/賽克維奇/杭特,2,40,51.0,808.47,13.47,13:28,404.23,6.74,06:44,21.0,10.5,41.18,56.11,22.0,11.0,43.14,58.78,18.0,9.0,35.29,48.09,8.0,4.0,15.69,21.37,11.0,5.5,21.57,29.39,4.0,2.0,7.84,10.69,7.0,3.5,13.73,18.7,4.0,2.0,7.84,10.69,2.0,1.0,3.92,5.34,1.0,0.5,1.96,2.67,2.0,1.0,3.92,5.34,9.0,4.5,17.65,24.05,6.0,3.0,11.76,16.03,6.0,3.0,11.76,16.03,3.0,1.5,5.88,8.02,3.0,1.5,5.88,8.02,2.0,1.0,3.92,5.34,1.0,0.5,1.96,2.67,2.0,1.0,3.92,5.34,6.0,3.0,11.76,16.03,41.18,43.14,-1.96,90.84,-1.0,-0.5,-1.96,13.47,6.74,0.56,0.56,0.36,0.57,0.5,0.14,0.38,0.25,0.6,0.48,3.92,1.96,0.04,11.76,0.11
4,高雄全家海神,110|118|13399|14844,胡瓏貿/蘇文儒/賽克維奇/杭特,2,46,57.0,897.67,14.96,14:58,448.83,7.48,07:29,27.0,13.5,47.37,64.97,24.0,12.0,42.11,57.75,21.0,10.5,36.84,50.53,9.0,4.5,15.79,21.66,12.0,6.0,21.05,28.87,4.0,2.0,7.02,9.62,9.0,4.5,15.79,21.66,5.0,2.5,8.77,12.03,6.0,3.0,10.53,14.44,4.0,2.0,7.02,9.62,3.0,1.5,5.26,7.22,11.0,5.5,19.3,26.47,7.0,3.5,12.28,16.84,5.0,2.5,8.77,12.03,3.0,1.5,5.26,7.22,5.0,2.5,8.77,12.03,2.0,1.0,3.51,4.81,1.0,0.5,1.75,2.41,3.0,1.5,5.26,7.22,3.0,1.5,5.26,7.22,47.37,42.11,5.26,91.44,3.0,1.5,5.26,14.96,7.48,0.55,0.57,0.33,0.56,0.67,0.11,0.56,0.38,0.61,0.54,3.51,1.75,0.05,5.26,0.29
4,高雄全家海神,109|116|118|13399,于煥亞/呂威霆/蘇文儒/賽克維奇,1,8,10.0,122.74,2.05,02:03,122.74,2.05,02:03,2.0,2.0,20.0,35.2,7.0,7.0,70.0,123.18,2.0,2.0,20.0,35.2,0.0,0.0,0.0,0.0,2.0,2.0,20.0,35.2,0.0,0.0,0.0,0.0,0.0,0.0,0.0,0.0,0.0,0.0,0.0,0.0,2.0,2.0,20.0,35.2,2.0,2.0,20.0,35.2,0.0,0.0,0.0,0.0,2.0,2.0,20.0,35.2,1.0,1.0,10.0,17.6,1.0,1.0,10.0,17.6,0.0,0.0,0.0,0.0,0.0,0.0,0.0,0.0,0.0,0.0,0.0,0.0,0.0,0.0,0.0,0.0,0.0,0.0,0.0,0.0,3.0,3.0,30.0,52.79,20.0,70.0,-50.0,117.32,-5.0,-5.0,-50.0,2.05,2.05,0.0,0.35,0.0,,1.0,0.0,,0.0,0.67,0.5,0.0,0.0,0.0,30.0,1.0
4,高雄全家海神,109|116|118|14844,于煥亞/呂威霆/蘇文儒/杭特,3,21,24.0,284.63,4.74,04:45,94.88,1.58,01:35,5.0,1.67,20.83,37.94,14.0,4.67,58.33,106.24,5.0,1.67,20.83,37.94,1.0,0.33,4.17,7.59,1.0,0.33,4.17,7.59,0.0,0.0,0.0,0.0,4.0,1.33,16.67,30.35,1.0,0.33,4.17,7.59,2.0,0.67,8.33,15.18,2.0,0.67,8.33,15.18,0.0,0.0,0.0,0.0,4.0,1.33,16.67,30.35,2.0,0.67,8.33,15.18,4.0,1.33,16.67,30.35,2.0,0.67,8.33,15.18,1.0,0.33,4.17,7.59,1.0,0.33,4.17,7.59,0.0,0.0,0.0,0.0,3.0,1.0,12.5,22.77,7.0,2.33,29.17,53.12,20.83,58.33,-37.5,121.42,-9.0,-3.0,-37.5,4.74,1.58,0.3,0.43,0.0,0.25,1.0,0.25,1.0,0.0,0.67,0.4,4.17,0.0,0.12,29.17,0.4
4,高雄全家海神,109|116|13399|14844,于煥亞/呂威霆/賽克維奇/杭特,1,19,24.0,312.81,5.21,05:13,312.81,5.21,05:13,4.0,4.0,16.67,27.62,14.0,14.0,58.33,96.67,11.0,11.0,45.83,75.96,2.0,2.0,8.33,13.81,7.0,7.0,29.17,48.34,2.0,2.0,8.33,13.81,4.0,4.0,16.67,27.62,0.0,0.0,0.0,0.0,0.0,0.0,0.0,0.0,0.0,0.0,0.0,0.0,2.0,2.0,8.33,13.81,7.0,7.0,29.17,48.34,2.0,2.0,8.33,13.81,3.0,3.0,12.5,20.72,0.0,0.0,0.0,0.0,1.0,1.0,4.17,6.91,0.0,0.0,0.0,0.0,2.0,2.0,8.33,13.81,0.0,0.0,0.0,0.0,6.0,6.0,25.0,41.43,16.67,58.33,-41.67,110.48,-10.0,-10.0,-41.67,5.21,5.21,0.18,0.18,0.29,0.0,,0.0,0.5,0.4,0.78,0.64,0.0,8.33,0.0,25.0,0.0
4,高雄全家海神,116|118|13399|14844,呂威霆/蘇文儒/賽克維奇/杭特,1,5,7.0,105.0,1.75,01:45,105.0,1.75,01:45,2.0,2.0,28.57,41.14,5.0,5.0,71.43,102.86,2.0,2.0,28.57,41.14,1.0,1.0,14.29,20.57,2.0,2.0,28.57,41.14,1.0,1.0,14.29,20.57,0.0,0.0,0.0,0.0,0.0,0.0,0.0,0.0,0.0,0.0,0.0,0.0,0.0,0.0,0.0,0.0,0.0,0.0,0.0,0.0,1.0,1.0,14.29,20.57,1.0,1.0,14.29,20.57,1.0,1.0,14.29,20.57,0.0,0.0,0.0,0.0,0.0,0.0,0.0,0.0,0.0,0.0,0.0,0.0,0.0,0.0,0.0,0.0,0.0,0.0,0.0,0.0,3.0,3.0,42.86,61.71,28.57,71.43,-42.86,96.0,-3.0,-3.0,-42.86,1.75,1.75,0.5,0.5,0.5,,,0.0,0.0,0.0,0.5,0.33,0.0,0.0,0.0,42.86,0.0
4,高雄全家海神,116|118|121|13399,呂威霆/蘇文儒/吳曉謹/賽克維奇,1,1,1.0,36.0,0.6,00:36,36.0,0.6,00:36,2.0,2.0,200.0,120.0,0.0,0.0,0.0,0.0,1.0,1.0,100.0,60.0,1.0,1.0,100.0,60.0,1.0,1.0,100.0,60.0,1.0,1.0,100.0,60.0,0.0,0.0,0.0,0.0,0.0,0.0,0.0,0.0,0.0,0.0,0.0,0.0,0.0,0.0,0.0,0.0,0.0,0.0,0.0,0.0,0.0,0.0,0.0,0.0,0.0,0.0,0.0,0.0,0.0,0.0,0.0,0.0,0.0,0.0,0.0,0.0,0.0,0.0,0.0,0.0,0.0,0.0,0.0,0.0,0.0,0.0,0.0,0.0,0.0,0.0,0.0,0.0,0.0,0.0,0.0,0.0,200.0,0.0,200.0,40.0,2.0,2.0,200.0,0.6,0.6,1.0,1.0,1.0,,,0.0,0.0,,,,0.0,0.0,0.0,0.0,0.0
4,高雄全家海神,116|118|121|14844,呂威霆/蘇文儒/吳曉謹/杭特,5,130,171.0,2263.09,37.72,37:43,452.62,7.54,07:33,88.0,17.6,51.46,83.99,86.0,17.2,50.29,82.08,68.0,13.6,39.77,64.9,33.0,6.6,19.3,31.5,43.0,8.6,25.15,41.04,26.0,5.2,15.2,24.82,25.0,5.0,14.62,23.86,7.0,1.4,4.09,6.68,19.0,3.8,11.11,18.13,15.0,3.0,8.77,14.32,16.0,3.2,9.36,15.27,21.0,4.2,12.28,20.04,9.0,1.8,5.26,8.59,26.0,5.2,15.2,24.82,8.0,1.6,4.68,7.64,20.0,4.0,11.7,19.09,6.0,1.2,3.51,5.73,5.0,1.0,2.92,4.77,18.0,3.6,10.53,17.18,19.0,3.8,11.11,18.13,51.46,50.29,1.17,108.81,2.0,0.4,1.17,37.72,7.54,0.54,0.58,0.6,0.28,0.79,0.09,0.61,0.38,0.7,0.51,3.51,2.92,0.11,11.11,0.28
4,高雄全家海神,116|121|13399|14844,呂威霆/吳曉謹/賽克維奇/杭特,1,16,19.0,279.81,4.66,04:40,279.81,4.66,04:40,6.0,6.0,31.58,46.32,9.0,9.0,47.37,69.48,11.0,11.0,57.89,84.92,3.0,3.0,15.79,23.16,7.0,7.0,36.84,54.04,3.0,3.0,15.79,23.16,4.0,4.0,21.05,30.88,0.0,0.0,0.0,0.0,0.0,0.0,0.0,0.0,0.0,0.0,0.0,0.0,2.0,2.0,10.53,15.44,6.0,6.0,31.58,46.32,1.0,1.0,5.26,7.72,2.0,2.0,10.53,15.44,0.0,0.0,0.0,0.0,1.0,1.0,5.26,7.72,0.0,0.0,0.0,0.0,2.0,2.0,10.53,15.44,0.0,0.0,0.0,0.0,3.0,3.0,15.79,23.16,31.58,47.37,-15.79,97.78,-3.0,-3.0,-15.79,4.66,4.66,0.27,0.27,0.43,0.0,,0.0,0.33,0.5,0.86,0.73,0.0,10.53,0.0,15.79,0.0
4,高雄全家海神,118|121|13399|14844,蘇文儒/吳曉謹/賽克維奇/杭特,2,28,32.0,487.24,8.12,08:07,243.62,4.06,04:04,14.0,7.0,43.75,62.06,19.0,9.5,59.38,84.23,12.0,6.0,37.5,53.2,5.0,2.5,15.62,22.17,9.0,4.5,28.12,39.9,4.0,2.0,12.5,17.73,3.0,1.5,9.38,13.3,1.0,0.5,3.12,4.43,4.0,2.0,12.5,17.73,3.0,1.5,9.38,13.3,2.0,1.0,6.25,8.87,6.0,3.0,18.75,26.6,3.0,1.5,9.38,13.3,2.0,1.0,6.25,8.87,2.0,1.0,6.25,8.87,3.0,1.5,9.38,13.3,1.0,0.5,3.12,4.43,0.0,0.0,0.0,0.0,2.0,1.0,6.25,8.87,8.0,4.0,25.0,35.47,43.75,59.38,-15.62,94.57,-5.0,-2.5,-15.62,8.12,4.06,0.46,0.51,0.44,0.33,0.75,0.13,0.6,0.5,0.67,0.62,3.12,0.0,0.06,25.0,0.33
4,高雄全家海神,51|116|118|121,克力斯/呂威霆/蘇文儒/吳曉謹,5,61,76.0,1055.56,17.59,17:36,211.11,3.52,03:31,38.0,7.6,50.0,77.76,35.0,7.0,46.05,71.62,31.0,6.2,40.79,63.44,14.0,2.8,18.42,28.65,19.0,3.8,25.0,38.88,11.0,2.2,14.47,22.51,12.0,2.4,15.79,24.56,3.0,0.6,3.95,6.14,10.0,2.0,13.16,20.46,7.0,1.4,9.21,14.32,6.0,1.2,7.89,12.28,13.0,2.6,17.11,26.6,5.0,1.0,6.58,10.23,16.0,3.2,21.05,32.74,3.0,0.6,3.95,6.14,8.0,1.6,10.53,16.37,3.0,0.6,3.95,6.14,2.0,0.4,2.63,4.09,8.0,1.6,10.53,16.37,6.0,1.2,7.89,12.28,50.0,46.05,3.95,103.68,3.0,0.6,3.95,17.59,3.52,0.5,0.54,0.58,0.25,0.7,0.08,0.57,0.27,0.72,0.48,3.95,2.63,0.11,7.89,0.32
4,高雄全家海神,51|116|118|14844,克力斯/呂威霆/蘇文儒/杭特,5,53,69.0,1660.11,27.67,27:40,332.02,5.53,05:32,36.0,7.2,52.17,46.84,33.0,6.6,47.83,42.94,25.0,5.0,36.23,32.53,14.0,2.8,20.29,18.22,15.0,3.0,21.74,19.52,10.0,2.0,14.49,13.01,10.0,2.0,14.49,13.01,4.0,0.8,5.8,5.2,6.0,1.2,8.7,7.81,4.0,0.8,5.8,5.2,6.0,1.2,8.7,7.81,7.0,1.4,10.14,9.11,5.0,1.0,7.25,6.51,12.0,2.4,17.39,15.61,5.0,1.0,7.25,6.51,9.0,1.8,13.04,11.71,4.0,0.8,5.8,5.2,1.0,0.2,1.45,1.3,10.0,2.0,14.49,13.01,10.0,2.0,14.49,13.01,52.17,47.83,4.35,59.85,3.0,0.6,4.35,27.67,5.53,0.64,0.65,0.67,0.4,0.67,0.15,0.64,0.33,0.58,0.43,5.8,1.45,0.14,14.49,0.24
4,高雄全家海神,51|116|121|14844,克力斯/呂威霆/吳曉謹/杭特,3,37,51.0,712.07,11.87,11:52,237.36,3.96,03:57,28.0,9.33,54.9,84.93,22.0,7.33,43.14,66.73,21.0,7.0,41.18,63.7,11.0,3.67,21.57,33.37,14.0,4.67,27.45,42.47,9.0,3.0,17.65,27.3,7.0,2.33,13.73,21.23,2.0,0.67,3.92,6.07,6.0,2.0,11.76,18.2,4.0,1.33,7.84,12.13,6.0,2.0,11.76,18.2,6.0,2.0,11.76,18.2,4.0,1.33,7.84,12.13,10.0,3.33,19.61,30.33,2.0,0.67,3.92,6.07,6.0,2.0,11.76,18.2,2.0,0.67,3.92,6.07,1.0,0.33,1.96,3.03,7.0,2.33,13.73,21.23,4.0,1.33,7.84,12.13,54.9,43.14,11.76,103.14,6.0,2.0,11.76,11.87,3.96,0.57,0.59,0.64,0.29,0.67,0.08,0.55,0.38,0.6,0.46,3.92,1.96,0.14,7.84,0.29
4,高雄全家海神,51|118|121|14844,克力斯/蘇文儒/吳曉謹/杭特,3,58,75.0,1027.09,17.12,17:07,342.36,5.71,05:42,40.0,13.33,53.33,84.12,33.0,11.0,44.0,69.4,28.0,9.33,37.33,58.88,15.0,5.0,20.0,31.55,19.0,6.33,25.33,39.96,11.0,3.67,14.67,23.13,9.0,3.0,12.0,18.93,4.0,1.33,5.33,8.41,9.0,3.0,12.0,18.93,7.0,2.33,9.33,14.72,6.0,2.0,8.0,12.62,9.0,3.0,12.0,18.93,7.0,2.33,9.33,14.72,15.0,5.0,20.0,31.55,5.0,1.67,6.67,10.52,9.0,3.0,12.0,18.93,2.0,0.67,2.67,4.21,3.0,1.0,4.0,6.31,8.0,2.67,10.67,16.82,9.0,3.0,12.0,18.93,53.33,44.0,9.33,105.15,7.0,2.33,9.33,17.12,5.71,0.61,0.63,0.58,0.44,0.78,0.14,0.6,0.29,0.56,0.41,2.67,4.0,0.11,12.0,0.32
4,福爾摩沙夢想家,86|99|107|13906,林俊吉/盧冠良/霍爾曼/班提爾,8,102,125.0,1625.87,27.1,27:06,203.23,3.39,03:23,65.0,8.12,52.0,86.35,55.0,6.88,44.0,73.07,49.0,6.12,39.2,65.1,23.0,2.88,18.4,30.56,32.0,4.0,25.6,42.51,16.0,2.0,12.8,21.26,17.0,2.12,13.6,22.58,7.0,0.88,5.6,9.3,17.0,2.12,13.6,22.58,12.0,1.5,9.6,15.94,12.0,1.5,9.6,15.94,15.0,1.88,12.0,19.93,7.0,0.88,5.6,9.3,16.0,2.0,12.8,21.26,8.0,1.0,6.4,10.63,12.0,1.5,9.6,15.94,5.0,0.62,4.0,6.64,0.0,0.0,0.0,0.0,17.0,2.12,13.6,22.58,12.0,1.5,9.6,15.94,52.0,44.0,8.0,110.71,10.0,1.25,8.0,27.1,3.39,0.54,0.58,0.5,0.41,0.71,0.12,0.52,0.43,0.68,0.54,4.0,0.0,0.14,9.6,0.35
4,福爾摩沙夢想家,86|91|99|107,林俊吉/簡偉儒/盧冠良/霍爾曼,2,53,63.0,836.81,13.95,13:57,418.4,6.97,06:58,40.0,20.0,63.49,103.25,34.0,17.0,53.97,87.76,26.0,13.0,41.27,67.11,13.0,6.5,20.63,33.56,13.0,6.5,20.63,33.56,7.0,3.5,11.11,18.07,13.0,6.5,20.63,33.56,6.0,3.0,9.52,15.49,9.0,4.5,14.29,23.23,7.0,3.5,11.11,18.07,7.0,3.5,11.11,18.07,8.0,4.0,12.7,20.65,4.0,2.0,6.35,10.32,10.0,5.0,15.87,25.81,1.0,0.5,1.59,2.58,8.0,4.0,12.7,20.65,0.0,0.0,0.0,0.0,1.0,0.5,1.59,2.58,5.0,2.5,7.94,12.91,6.0,3.0,9.52,15.49,63.49,53.97,9.52,108.41,6.0,3.0,9.52,13.95,6.97,0.62,0.67,0.54,0.46,0.78,0.03,0.62,0.41,0.67,0.52,0.0,1.59,0.08,9.52,0.35
4,福爾摩沙夢想家,86|91|99|13906,林俊吉/簡偉儒/盧冠良/班提爾,2,17,22.0,289.29,4.82,04:49,144.64,2.41,02:25,9.0,4.5,40.91,67.2,9.0,4.5,40.91,67.2,6.0,3.0,27.27,44.8,2.0,1.0,9.09,14.93,3.0,1.5,13.64,22.4,2.0,1.0,9.09,14.93,3.0,1.5,13.64,22.4,0.0,0.0,0.0,0.0,4.0,2.0,18.18,29.87,4.0,2.0,18.18,29.87,2.0,1.0,9.09,14.93,2.0,1.0,9.09,14.93,2.0,1.0,9.09,14.93,6.0,3.0,27.27,44.8,2.0,1.0,9.09,14.93,0.0,0.0,0.0,0.0,0.0,0.0,0.0,0.0,0.0,0.0,0.0,0.0,4.0,2.0,18.18,29.87,2.0,1.0,9.09,14.93,40.91,40.91,0.0,109.51,0.0,0.0,0.0,4.82,2.41,0.33,0.58,0.67,0.0,1.0,0.2,0.0,0.25,0.5,0.33,0.0,0.0,0.18,9.09,0.67
4,福爾摩沙夢想家,91|99|107|13906,簡偉儒/盧冠良/霍爾曼/班提爾,1,7,9.0,135.28,2.25,02:15,135.28,2.25,02:15,7.0,7.0,77.78,111.77,5.0,5.0,55.56,79.84,1.0,1.0,11.11,15.97,1.0,1.0,11.11,15.97,1.0,1.0,11.11,15.97,1.0,1.0,11.11,15.97,0.0,0.0,0.0,0.0,0.0,0.0,0.0,0.0,4.0,4.0,44.44,63.87,4.0,4.0,44.44,63.87,0.0,0.0,0.0,0.0,0.0,0.0,0.0,0.0,2.0,2.0,22.22,31.93,3.0,3.0,33.33,47.9,0.0,0.0,0.0,0.0,0.0,0.0,0.0,0.0,0.0,0.0,0.0,0.0,0.0,0.0,0.0,0.0,4.0,4.0,44.44,63.87,0.0,0.0,0.0,0.0,77.78,55.56,22.22,95.8,2.0,2.0,22.22,2.25,2.25,1.0,1.27,1.0,,1.0,0.0,0.0,0.0,0.0,0.0,0.0,0.0,0.44,0.0,4.0
4,高雄全家海神,51|110|118|121,克力斯/胡瓏貿/蘇文儒/吳曉謹,4,21,25.0,399.89,6.66,06:40,99.97,1.67,01:40,12.0,3.0,48.0,64.82,10.0,2.5,40.0,54.01,11.0,2.75,44.0,59.42,5.0,1.25,20.0,27.01,9.0,2.25,36.0,48.61,3.0,0.75,12.0,16.2,2.0,0.5,8.0,10.8,2.0,0.5,8.0,10.8,1.0,0.25,4.0,5.4,1.0,0.25,4.0,5.4,2.0,0.5,8.0,10.8,4.0,1.0,16.0,21.61,3.0,0.75,12.0,16.2,5.0,1.25,20.0,27.01,2.0,0.5,8.0,10.8,3.0,0.75,12.0,16.2,2.0,0.5,8.0,10.8,1.0,0.25,4.0,5.4,2.0,0.5,8.0,10.8,2.0,0.5,8.0,10.8,48.0,40.0,8.0,90.02,2.0,0.5,8.0,6.66,1.67,0.55,0.52,0.33,1.0,1.0,0.15,0.6,0.29,0.57,0.43,8.0,4.0,0.08,8.0,0.09
4,高雄全家海神,51|110|121|14844,克力斯/胡瓏貿/吳曉謹/杭特,1,38,44.0,660.59,11.01,11:01,660.59,11.01,11:01,31.0,31.0,70.45,101.36,31.0,31.0,70.45,101.36,16.0,16.0,36.36,52.32,10.0,10.0,22.73,32.7,9.0,9.0,20.45,29.43,5.0,5.0,11.36,16.35,7.0,7.0,15.91,22.89,5.0,5.0,11.36,16.35,7.0,7.0,15.91,22.89,6.0,6.0,13.64,19.62,1.0,1.0,2.27,3.27,5.0,5.0,11.36,16.35,4.0,4.0,9.09,13.08,4.0,4.0,9.09,13.08,3.0,3.0,6.82,9.81,5.0,5.0,11.36,16.35,3.0,3.0,6.82,9.81,1.0,1.0,2.27,3.27,6.0,6.0,13.64,19.62,4.0,4.0,9.09,13.08,70.45,70.45,0.0,95.91,0.0,0.0,0.0,11.01,11.01,0.78,0.81,0.56,0.71,0.86,0.14,0.5,0.2,0.56,0.43,6.82,2.27,0.14,9.09,0.44
4,高雄全家海神,110|118|121|14844,胡瓏貿/蘇文儒/吳曉謹/杭特,5,211,248.0,4271.55,71.19,71:12,854.31,14.24,14:14,124.0,24.8,50.0,62.7,116.0,23.2,46.77,58.66,88.0,17.6,35.48,44.5,44.0,8.8,17.74,22.25,45.0,9.0,18.15,22.76,26.0,5.2,10.48,13.15,43.0,8.6,17.34,21.74,18.0,3.6,7.26,9.1,31.0,6.2,12.5,15.68,21.0,4.2,8.47,10.62,12.0,2.4,4.84,6.07,37.0,7.4,14.92,18.71,18.0,3.6,7.26,9.1,38.0,7.6,15.32,19.22,17.0,3.4,6.85,8.6,31.0,6.2,12.5,15.68,10.0,2.0,4.03,5.06,6.0,1.2,2.42,3.03,28.0,5.6,11.29,14.16,24.0,4.8,9.68,12.14,50.0,46.77,3.23,83.6,8.0,1.6,3.23,71.19,14.24,0.6,0.61,0.58,0.42,0.68,0.14,0.7,0.24,0.67,0.47,4.03,2.42,0.11,9.68,0.35
4,福爾摩沙夢想家,86|91|99|10890,林俊吉/簡偉儒/盧冠良/湯普金斯,1,29,33.0,472.77,7.88,07:53,472.77,7.88,07:53,27.0,27.0,81.82,123.36,22.0,22.0,66.67,100.51,15.0,15.0,45.45,68.53,10.0,10.0,30.3,45.69,7.0,7.0,21.21,31.98,4.0,4.0,12.12,18.28,8.0,8.0,24.24,36.55,6.0,6.0,18.18,27.41,2.0,2.0,6.06,9.14,1.0,1.0,3.03,4.57,3.0,3.0,9.09,13.71,3.0,3.0,9.09,13.71,1.0,1.0,3.03,4.57,4.0,4.0,12.12,18.28,1.0,1.0,3.03,4.57,8.0,8.0,24.24,36.55,0.0,0.0,0.0,0.0,1.0,1.0,3.03,4.57,0.0,0.0,0.0,0.0,4.0,4.0,12.12,18.28,81.82,66.67,15.15,100.51,5.0,5.0,15.15,7.88,7.88,0.87,0.85,0.57,0.75,0.5,0.06,0.8,0.43,0.75,0.55,0.0,3.03,0.0,12.12,0.13
4,福爾摩沙夢想家,86|91|107|10890,林俊吉/簡偉儒/霍爾曼/湯普金斯,4,82,96.0,1305.63,21.76,21:46,326.41,5.44,05:26,48.0,12.0,50.0,79.41,54.0,13.5,56.25,89.34,34.0,8.5,35.42,56.25,15.0,3.75,15.62,24.82,16.0,4.0,16.67,26.47,9.0,2.25,9.38,14.89,18.0,4.5,18.75,29.78,6.0,1.5,6.25,9.93,16.0,4.0,16.67,26.47,12.0,3.0,12.5,19.85,7.0,1.75,7.29,11.58,14.0,3.5,14.58,23.16,6.0,1.5,6.25,9.93,13.0,3.25,13.54,21.51,5.0,1.25,5.21,8.27,12.0,3.0,12.5,19.85,2.0,0.5,2.08,3.31,2.0,0.5,2.08,3.31,8.0,2.0,8.33,13.24,7.0,1.75,7.29,11.58,50.0,56.25,-6.25,105.88,-6.0,-1.5,-6.25,21.76,5.44,0.53,0.58,0.56,0.33,0.75,0.11,0.8,0.35,0.7,0.52,2.08,2.08,0.08,7.29,0.47
4,福爾摩沙夢想家,91|99|107|10890,簡偉儒/盧冠良/霍爾曼/湯普金斯,1,29,33.0,472.77,7.88,07:53,472.77,7.88,07:53,27.0,27.0,81.82,123.36,22.0,22.0,66.67,100.51,15.0,15.0,45.45,68.53,10.0,10.0,30.3,45.69,7.0,7.0,21.21,31.98,4.0,4.0,12.12,18.28,8.0,8.0,24.24,36.55,6.0,6.0,18.18,27.41,2.0,2.0,6.06,9.14,1.0,1.0,3.03,4.57,3.0,3.0,9.09,13.71,3.0,3.0,9.09,13.71,1.0,1.0,3.03,4.57,4.0,4.0,12.12,18.28,1.0,1.0,3.03,4.57,8.0,8.0,24.24,36.55,0.0,0.0,0.0,0.0,1.0,1.0,3.03,4.57,0.0,0.0,0.0,0.0,4.0,4.0,12.12,18.28,81.82,66.67,15.15,100.51,5.0,5.0,15.15,7.88,7.88,0.87,0.85,0.57,0.75,0.5,0.06,0.8,0.43,0.75,0.55,0.0,3.03,0.0,12.12,0.13
4,高雄全家海神,51|109|121|14844,克力斯/于煥亞/吳曉謹/杭特,2,20,24.0,356.7,5.95,05:57,178.35,2.97,02:58,10.0,5.0,41.67,60.56,19.0,9.5,79.17,115.05,8.0,4.0,33.33,48.44,3.0,1.5,12.5,18.17,5.0,2.5,20.83,30.28,1.0,0.5,4.17,6.06,3.0,1.5,12.5,18.17,2.0,1.0,8.33,12.11,2.0,1.0,8.33,12.11,2.0,1.0,8.33,12.11,0.0,0.0,0.0,0.0,5.0,2.5,20.83,30.28,4.0,2.0,16.67,24.22,3.0,1.5,12.5,18.17,1.0,0.5,4.17,6.06,2.0,1.0,8.33,12.11,0.0,0.0,0.0,0.0,1.0,0.5,4.17,6.06,1.0,0.5,4.17,6.06,1.0,0.5,4.17,6.06,41.67,79.17,-37.5,96.89,-9.0,-4.5,-37.5,5.95,2.97,0.5,0.56,0.2,0.67,1.0,0.1,0.67,0.0,0.56,0.42,0.0,4.17,0.04,4.17,0.25
4,高雄全家海神,109|110|121|14844,于煥亞/胡瓏貿/吳曉謹/杭特,3,24,31.0,438.22,7.3,07:18,146.07,2.43,02:26,23.0,7.67,74.19,113.37,22.0,7.33,70.97,108.44,12.0,4.0,38.71,59.15,8.0,2.67,25.81,39.43,6.0,2.0,19.35,29.57,4.0,1.33,12.9,19.72,6.0,2.0,19.35,29.57,4.0,1.33,12.9,19.72,4.0,1.33,12.9,19.72,3.0,1.0,9.68,14.79,1.0,0.33,3.23,4.93,2.0,0.67,6.45,9.86,4.0,1.33,12.9,19.72,1.0,0.33,3.23,4.93,1.0,0.33,3.23,4.93,5.0,1.67,16.13,24.65,1.0,0.33,3.23,4.93,0.0,0.0,0.0,0.0,1.0,0.33,3.23,4.93,2.0,0.67,6.45,9.86,74.19,70.97,3.23,101.87,1.0,0.33,3.23,7.3,2.43,0.83,0.84,0.67,0.67,0.75,0.07,0.62,0.5,0.33,0.38,3.23,0.0,0.03,6.45,0.33
4,高雄全家海神,51|109|118|122,克力斯/于煥亞/蘇文儒/陳懷安,2,23,30.0,381.71,6.36,06:22,190.86,3.18,03:11,13.0,6.5,43.33,73.56,11.0,5.5,36.67,62.25,13.0,6.5,43.33,73.56,5.0,2.5,16.67,28.29,9.0,4.5,30.0,50.93,5.0,2.5,16.67,28.29,4.0,2.0,13.33,22.63,0.0,0.0,0.0,0.0,3.0,1.5,10.0,16.98,3.0,1.5,10.0,16.98,4.0,2.0,13.33,22.63,4.0,2.0,13.33,22.63,0.0,0.0,0.0,0.0,5.0,2.5,16.67,28.29,2.0,1.0,6.67,11.32,0.0,0.0,0.0,0.0,1.0,0.5,3.33,5.66,0.0,0.0,0.0,0.0,4.0,2.0,13.33,22.63,2.0,1.0,6.67,11.32,43.33,36.67,6.67,113.17,2.0,1.0,6.67,6.36,3.18,0.38,0.45,0.56,0.0,1.0,0.12,0.0,0.44,1.0,0.62,3.33,0.0,0.13,6.67,0.23
4,高雄全家海神,51|109|118|13399,克力斯/于煥亞/蘇文儒/賽克維奇,1,17,20.0,276.42,4.61,04:36,276.42,4.61,04:36,12.0,12.0,60.0,93.77,8.0,8.0,40.0,62.51,7.0,7.0,35.0,54.7,4.0,4.0,20.0,31.26,6.0,6.0,30.0,46.88,4.0,4.0,20.0,31.26,1.0,1.0,5.0,7.81,0.0,0.0,0.0,0.0,4.0,4.0,20.0,31.26,4.0,4.0,20.0,31.26,1.0,1.0,5.0,7.81,2.0,2.0,10.0,15.63,0.0,0.0,0.0,0.0,3.0,3.0,15.0,23.44,1.0,1.0,5.0,7.81,0.0,0.0,0.0,0.0,0.0,0.0,0.0,0.0,0.0,0.0,0.0,0.0,2.0,2.0,10.0,15.63,0.0,0.0,0.0,0.0,60.0,40.0,20.0,104.19,4.0,4.0,20.0,4.61,4.61,0.57,0.68,0.67,0.0,1.0,0.1,0.0,0.25,1.0,0.5,0.0,0.0,0.1,0.0,0.57
4,高雄全家海神,51|118|122|13399,克力斯/蘇文儒/陳懷安/賽克維奇,1,16,19.0,277.96,4.63,04:38,277.96,4.63,04:38,13.0,13.0,68.42,101.02,10.0,10.0,52.63,77.71,8.0,8.0,42.11,62.17,5.0,5.0,26.32,38.85,6.0,6.0,31.58,46.63,4.0,4.0,21.05,31.08,2.0,2.0,10.53,15.54,1.0,1.0,5.26,7.77,2.0,2.0,10.53,15.54,2.0,2.0,10.53,15.54,1.0,1.0,5.26,7.77,2.0,2.0,10.53,15.54,0.0,0.0,0.0,0.0,3.0,3.0,15.79,23.31,1.0,1.0,5.26,7.77,1.0,1.0,5.26,7.77,0.0,0.0,0.0,0.0,0.0,0.0,0.0,0.0,2.0,2.0,10.53,15.54,4.0,4.0,21.05,31.08,68.42,52.63,15.79,98.43,3.0,3.0,15.79,4.63,4.63,0.69,0.73,0.67,0.5,1.0,0.1,0.2,0.25,1.0,0.5,0.0,0.0,0.11,21.05,0.25
4,高雄全家海神,109|118|122|13399,于煥亞/蘇文儒/陳懷安/賽克維奇,1,13,16.0,222.68,3.71,03:43,222.68,3.71,03:43,10.0,10.0,62.5,97.0,6.0,6.0,37.5,58.2,6.0,6.0,37.5,58.2,4.0,4.0,25.0,38.8,5.0,5.0,31.25,48.5,4.0,4.0,25.0,38.8,1.0,1.0,6.25,9.7,0.0,0.0,0.0,0.0,2.0,2.0,12.5,19.4,2.0,2.0,12.5,19.4,1.0,1.0,6.25,9.7,1.0,1.0,6.25,9.7,0.0,0.0,0.0,0.0,3.0,3.0,18.75,29.1,1.0,1.0,6.25,9.7,0.0,0.0,0.0,0.0,0.0,0.0,0.0,0.0,0.0,0.0,0.0,0.0,2.0,2.0,12.5,19.4,0.0,0.0,0.0,0.0,62.5,37.5,25.0,103.47,4.0,4.0,25.0,3.71,3.71,0.67,0.73,0.8,0.0,1.0,0.13,0.0,0.25,1.0,0.4,0.0,0.0,0.12,0.0,0.33
4,福爾摩沙夢想家,86|91|103|10890,林俊吉/簡偉儒/忻沃克/湯普金斯,2,28,39.0,495.96,8.27,08:16,247.98,4.13,04:08,17.0,8.5,43.59,74.04,15.0,7.5,38.46,65.33,16.0,8.0,41.03,69.68,5.0,2.5,12.82,21.78,4.0,2.0,10.26,17.42,2.0,1.0,5.13,8.71,12.0,6.0,30.77,52.26,3.0,1.5,7.69,13.07,5.0,2.5,12.82,21.78,4.0,2.0,10.26,17.42,5.0,2.5,12.82,21.78,6.0,3.0,15.38,26.13,3.0,1.5,7.69,13.07,7.0,3.5,17.95,30.49,1.0,0.5,2.56,4.36,4.0,2.0,10.26,17.42,0.0,0.0,0.0,0.0,0.0,0.0,0.0,0.0,4.0,2.0,10.26,17.42,0.0,0.0,0.0,0.0,43.59,38.46,5.13,113.24,2.0,1.0,5.13,8.27,4.13,0.41,0.47,0.5,0.25,0.8,0.05,0.8,0.42,0.67,0.52,0.0,0.0,0.1,0.0,0.31
4,福爾摩沙夢想家,86|91|103|13906,林俊吉/簡偉儒/忻沃克/班提爾,2,21,29.0,363.41,6.06,06:03,181.7,3.03,03:02,13.0,6.5,44.83,77.27,13.0,6.5,44.83,77.27,13.0,6.5,44.83,77.27,4.0,2.0,13.79,23.77,3.0,1.5,10.34,17.83,1.0,0.5,3.45,5.94,10.0,5.0,34.48,59.44,3.0,1.5,10.34,17.83,3.0,1.5,10.34,17.83,2.0,1.0,6.9,11.89,4.0,2.0,13.79,23.77,5.0,2.5,17.24,29.72,1.0,0.5,3.45,5.94,5.0,2.5,17.24,29.72,1.0,0.5,3.45,5.94,3.0,1.5,10.34,17.83,0.0,0.0,0.0,0.0,0.0,0.0,0.0,0.0,3.0,1.5,10.34,17.83,0.0,0.0,0.0,0.0,44.83,44.83,0.0,114.91,0.0,0.0,0.0,6.06,3.03,0.42,0.45,0.33,0.3,0.67,0.07,0.75,0.44,0.83,0.6,0.0,0.0,0.1,0.0,0.23
4,福爾摩沙夢想家,86|91|10890|13906,林俊吉/簡偉儒/湯普金斯/班提爾,3,32,42.0,534.41,8.91,08:54,178.14,2.97,02:58,21.0,7.0,50.0,84.88,21.0,7.0,50.0,84.88,19.0,6.33,45.24,76.79,7.0,2.33,16.67,28.29,5.0,1.67,11.9,20.21,2.0,0.67,4.76,8.08,14.0,4.67,33.33,56.59,5.0,1.67,11.9,20.21,3.0,1.0,7.14,12.13,2.0,0.67,4.76,8.08,6.0,2.0,14.29,24.25,6.0,2.0,14.29,24.25,1.0,0.33,2.38,4.04,7.0,2.33,16.67,28.29,2.0,0.67,4.76,8.08,5.0,1.67,11.9,20.21,1.0,0.33,2.38,4.04,0.0,0.0,0.0,0.0,4.0,1.33,9.52,16.17,2.0,0.67,4.76,8.08,50.0,50.0,0.0,113.17,0.0,0.0,0.0,8.91,2.97,0.5,0.52,0.4,0.36,0.67,0.09,0.71,0.46,0.86,0.6,2.38,0.0,0.1,4.76,0.16
4,福爾摩沙夢想家,86|103|10890|13906,林俊吉/忻沃克/湯普金斯/班提爾,6,108,133.0,2033.35,33.89,33:53,338.89,5.65,05:39,60.0,10.0,45.11,63.74,56.0,9.33,42.11,59.49,44.0,7.33,33.08,46.74,18.0,3.0,13.53,19.12,18.0,3.0,13.53,19.12,10.0,1.67,7.52,10.62,26.0,4.33,19.55,27.62,8.0,1.33,6.02,8.5,18.0,3.0,13.53,19.12,16.0,2.67,12.03,17.0,8.0,1.33,6.02,8.5,19.0,3.17,14.29,20.18,6.0,1.0,4.51,6.37,22.0,3.67,16.54,23.37,11.0,1.83,8.27,11.69,9.0,1.5,6.77,9.56,5.0,0.83,3.76,5.31,0.0,0.0,0.0,0.0,19.0,3.17,14.29,20.18,18.0,3.0,13.53,19.12,45.11,42.11,3.01,94.19,4.0,0.67,3.01,33.89,5.65,0.5,0.58,0.56,0.31,0.89,0.17,0.5,0.27,0.76,0.49,3.76,0.0,0.14,13.53,0.41
4,福爾摩沙夢想家,91|103|10890|13906,簡偉儒/忻沃克/湯普金斯/班提爾,3,26,35.0,425.81,7.1,07:06,141.94,2.37,02:22,13.0,4.33,37.14,65.94,15.0,5.0,42.86,76.09,16.0,5.33,45.71,81.16,4.0,1.33,11.43,20.29,3.0,1.0,8.57,15.22,1.0,0.33,2.86,5.07,13.0,4.33,37.14,65.94,3.0,1.0,8.57,15.22,3.0,1.0,8.57,15.22,2.0,0.67,5.71,10.15,5.0,1.67,14.29,25.36,7.0,2.33,20.0,35.51,1.0,0.33,2.86,5.07,6.0,2.0,17.14,30.44,1.0,0.33,2.86,5.07,3.0,1.0,8.57,15.22,0.0,0.0,0.0,0.0,0.0,0.0,0.0,0.0,3.0,1.0,8.57,15.22,0.0,0.0,0.0,0.0,37.14,42.86,-5.71,118.36,-2.0,-0.67,-5.71,7.1,2.37,0.34,0.38,0.33,0.23,0.67,0.05,0.75,0.45,0.88,0.63,0.0,0.0,0.09,0.0,0.19
4,福爾摩沙夢想家,79|99|107|13906,張宗憲/盧冠良/霍爾曼/班提爾,7,66,76.0,1065.5,17.76,17:45,152.21,2.54,02:32,38.0,5.43,50.0,77.03,31.0,4.43,40.79,62.84,30.0,4.29,39.47,60.82,14.0,2.0,18.42,28.38,18.0,2.57,23.68,36.49,8.0,1.14,10.53,16.22,12.0,1.71,15.79,24.33,6.0,0.86,7.89,12.16,7.0,1.0,9.21,14.19,4.0,0.57,5.26,8.11,9.0,1.29,11.84,18.24,9.0,1.29,11.84,18.24,2.0,0.29,2.63,4.05,7.0,1.0,9.21,14.19,8.0,1.14,10.53,16.22,7.0,1.0,9.21,14.19,5.0,0.71,6.58,10.14,0.0,0.0,0.0,0.0,4.0,0.57,5.26,8.11,7.0,1.0,9.21,14.19,50.0,40.79,9.21,102.71,7.0,1.0,9.21,17.76,2.54,0.57,0.57,0.44,0.5,0.57,0.19,0.5,0.56,0.82,0.67,6.58,0.0,0.05,9.21,0.23
4,高雄全家海神,110|118|121|13399,胡瓏貿/蘇文儒/吳曉謹/賽克維奇,2,21,25.0,345.14,5.75,05:45,172.57,2.88,02:53,11.0,5.5,44.0,68.84,13.0,6.5,52.0,81.36,7.0,3.5,28.0,43.81,3.0,1.5,12.0,18.78,4.0,2.0,16.0,25.03,2.0,1.0,8.0,12.52,3.0,1.5,12.0,18.78,1.0,0.5,4.0,6.26,6.0,3.0,24.0,37.55,4.0,2.0,16.0,25.03,1.0,0.5,4.0,6.26,4.0,2.0,16.0,25.03,4.0,2.0,16.0,25.03,2.0,1.0,8.0,12.52,1.0,0.5,4.0,6.26,2.0,1.0,8.0,12.52,1.0,0.5,4.0,6.26,0.0,0.0,0.0,0.0,2.0,1.0,8.0,12.52,2.0,1.0,8.0,12.52,44.0,52.0,-8.0,104.31,-2.0,-1.0,-8.0,5.75,2.88,0.5,0.57,0.5,0.33,0.67,0.09,0.67,0.33,0.5,0.45,4.0,0.0,0.08,8.0,0.86
4,高雄全家海神,110|121|13399|14844,胡瓏貿/吳曉謹/賽克維奇/杭特,2,18,22.0,309.75,5.16,05:10,154.88,2.58,02:35,10.0,5.0,45.45,69.73,11.0,5.5,50.0,76.71,8.0,4.0,36.36,55.79,3.0,1.5,13.64,20.92,5.0,2.5,22.73,34.87,2.0,1.0,9.09,13.95,3.0,1.5,13.64,20.92,1.0,0.5,4.55,6.97,4.0,2.0,18.18,27.89,3.0,1.5,13.64,20.92,2.0,1.0,9.09,13.95,3.0,1.5,13.64,20.92,3.0,1.5,13.64,20.92,1.0,0.5,4.55,6.97,1.0,0.5,4.55,6.97,2.0,1.0,9.09,13.95,1.0,0.5,4.55,6.97,0.0,0.0,0.0,0.0,1.0,0.5,4.55,6.97,2.0,1.0,9.09,13.95,45.45,50.0,-4.55,102.27,-1.0,-0.5,-4.55,5.16,2.58,0.44,0.51,0.4,0.33,0.75,0.09,0.67,0.67,0.5,0.56,4.55,0.0,0.05,9.09,0.5
4,高雄全家海神,51|110|122|14844,克力斯/胡瓏貿/陳懷安/杭特,1,5,6.0,84.0,1.4,01:24,84.0,1.4,01:24,2.0,2.0,33.33,51.43,5.0,5.0,83.33,128.57,1.0,1.0,16.67,25.71,0.0,0.0,0.0,0.0,1.0,1.0,16.67,25.71,0.0,0.0,0.0,0.0,0.0,0.0,0.0,0.0,0.0,0.0,0.0,0.0,2.0,2.0,33.33,51.43,1.0,1.0,16.67,25.71,0.0,0.0,0.0,0.0,1.0,1.0,16.67,25.71,0.0,0.0,0.0,0.0,0.0,0.0,0.0,0.0,1.0,1.0,16.67,25.71,0.0,0.0,0.0,0.0,1.0,1.0,16.67,25.71,0.0,0.0,0.0,0.0,2.0,2.0,33.33,51.43,2.0,2.0,33.33,51.43,33.33,83.33,-50.0,102.86,-3.0,-3.0,-50.0,1.4,1.4,0.0,0.53,0.0,,0.5,0.35,,,1.0,1.0,16.67,0.0,0.33,33.33,2.0
4,高雄全家海神,51|121|122|14844,克力斯/吳曉謹/陳懷安/杭特,2,10,12.0,152.26,2.54,02:32,76.13,1.27,01:16,4.0,2.0,33.33,56.74,9.0,4.5,75.0,127.68,1.0,0.5,8.33,14.19,0.0,0.0,0.0,0.0,1.0,0.5,8.33,14.19,0.0,0.0,0.0,0.0,0.0,0.0,0.0,0.0,0.0,0.0,0.0,0.0,4.0,2.0,33.33,56.74,3.0,1.5,25.0,42.56,0.0,0.0,0.0,0.0,1.0,0.5,8.33,14.19,1.0,0.5,8.33,14.19,0.0,0.0,0.0,0.0,3.0,1.5,25.0,42.56,0.0,0.0,0.0,0.0,1.0,0.5,8.33,14.19,0.0,0.0,0.0,0.0,2.0,1.0,16.67,28.37,4.0,2.0,33.33,56.74,33.33,75.0,-41.67,113.49,-5.0,-2.5,-41.67,2.54,1.27,0.0,0.72,0.0,,0.75,0.52,,,0.5,0.5,8.33,0.0,0.17,33.33,4.0
4,高雄全家海神,110|121|122|14844,胡瓏貿/吳曉謹/陳懷安/杭特,1,5,6.0,84.0,1.4,01:24,84.0,1.4,01:24,2.0,2.0,33.33,51.43,5.0,5.0,83.33,128.57,1.0,1.0,16.67,25.71,0.0,0.0,0.0,0.0,1.0,1.0,16.67,25.71,0.0,0.0,0.0,0.0,0.0,0.0,0.0,0.0,0.0,0.0,0.0,0.0,2.0,2.0,33.33,51.43,1.0,1.0,16.67,25.71,0.0,0.0,0.0,0.0,1.0,1.0,16.67,25.71,0.0,0.0,0.0,0.0,0.0,0.0,0.0,0.0,1.0,1.0,16.67,25.71,0.0,0.0,0.0,0.0,1.0,1.0,16.67,25.71,0.0,0.0,0.0,0.0,2.0,2.0,33.33,51.43,2.0,2.0,33.33,51.43,33.33,83.33,-50.0,102.86,-3.0,-3.0,-50.0,1.4,1.4,0.0,0.53,0.0,,0.5,0.35,,,1.0,1.0,16.67,0.0,0.33,33.33,2.0
4,福爾摩沙夢想家,86|99|10890|13906,林俊吉/盧冠良/湯普金斯/班提爾,5,28,33.0,484.35,8.07,08:04,96.87,1.61,01:37,23.0,4.6,69.7,102.57,16.0,3.2,48.48,71.35,12.0,2.4,36.36,53.51,7.0,1.4,21.21,31.22,7.0,1.4,21.21,31.22,3.0,0.6,9.09,13.38,5.0,1.0,15.15,22.3,4.0,0.8,12.12,17.84,5.0,1.0,15.15,22.3,5.0,1.0,15.15,22.3,2.0,0.4,6.06,8.92,4.0,0.8,12.12,17.84,0.0,0.0,0.0,0.0,7.0,1.4,21.21,31.22,1.0,0.2,3.03,4.46,7.0,1.4,21.21,31.22,1.0,0.2,3.03,4.46,1.0,0.2,3.03,4.46,5.0,1.0,15.15,22.3,5.0,1.0,15.15,22.3,69.7,48.48,21.21,98.11,7.0,1.4,21.21,8.07,1.61,0.75,0.81,0.43,0.8,1.0,0.07,1.0,0.22,1.0,0.46,3.03,3.03,0.15,15.15,0.42
4,高雄全家海神,109|116|121|13399,于煥亞/呂威霆/吳曉謹/賽克維奇,1,15,18.0,243.81,4.06,04:04,243.81,4.06,04:04,4.0,4.0,22.22,35.44,9.0,9.0,50.0,79.73,10.0,10.0,55.56,88.59,2.0,2.0,11.11,17.72,6.0,6.0,33.33,53.16,2.0,2.0,11.11,17.72,4.0,4.0,22.22,35.44,0.0,0.0,0.0,0.0,0.0,0.0,0.0,0.0,0.0,0.0,0.0,0.0,2.0,2.0,11.11,17.72,6.0,6.0,33.33,53.16,1.0,1.0,5.56,8.86,2.0,2.0,11.11,17.72,0.0,0.0,0.0,0.0,1.0,1.0,5.56,8.86,0.0,0.0,0.0,0.0,2.0,2.0,11.11,17.72,0.0,0.0,0.0,0.0,3.0,3.0,16.67,26.58,22.22,50.0,-27.78,106.31,-5.0,-5.0,-27.78,4.06,4.06,0.2,0.2,0.33,0.0,,0.0,0.5,0.5,0.86,0.73,0.0,11.11,0.0,16.67,0.0
4,高雄全家海神,109|116|121|14844,于煥亞/呂威霆/吳曉謹/杭特,1,15,18.0,243.81,4.06,04:04,243.81,4.06,04:04,4.0,4.0,22.22,35.44,9.0,9.0,50.0,79.73,10.0,10.0,55.56,88.59,2.0,2.0,11.11,17.72,6.0,6.0,33.33,53.16,2.0,2.0,11.11,17.72,4.0,4.0,22.22,35.44,0.0,0.0,0.0,0.0,0.0,0.0,0.0,0.0,0.0,0.0,0.0,0.0,2.0,2.0,11.11,17.72,6.0,6.0,33.33,53.16,1.0,1.0,5.56,8.86,2.0,2.0,11.11,17.72,0.0,0.0,0.0,0.0,1.0,1.0,5.56,8.86,0.0,0.0,0.0,0.0,2.0,2.0,11.11,17.72,0.0,0.0,0.0,0.0,3.0,3.0,16.67,26.58,22.22,50.0,-27.78,106.31,-5.0,-5.0,-27.78,4.06,4.06,0.2,0.2,0.33,0.0,,0.0,0.5,0.5,0.86,0.73,0.0,11.11,0.0,16.67,0.0
4,高雄全家海神,109|121|13399|14844,于煥亞/吳曉謹/賽克維奇/杭特,1,16,20.0,270.81,4.51,04:31,270.81,4.51,04:31,4.0,4.0,20.0,31.9,9.0,9.0,45.0,71.78,12.0,12.0,60.0,95.71,2.0,2.0,10.0,15.95,7.0,7.0,35.0,55.83,2.0,2.0,10.0,15.95,5.0,5.0,25.0,39.88,0.0,0.0,0.0,0.0,0.0,0.0,0.0,0.0,0.0,0.0,0.0,0.0,3.0,3.0,15.0,23.93,6.0,6.0,30.0,47.86,1.0,1.0,5.0,7.98,2.0,2.0,10.0,15.95,0.0,0.0,0.0,0.0,1.0,1.0,5.0,7.98,0.0,0.0,0.0,0.0,2.0,2.0,10.0,15.95,0.0,0.0,0.0,0.0,3.0,3.0,15.0,23.93,20.0,45.0,-25.0,106.35,-5.0,-5.0,-25.0,4.51,4.51,0.17,0.17,0.29,0.0,,0.0,0.5,0.6,0.86,0.75,0.0,10.0,0.0,15.0,0.0
4,高雄全家海神,51|109|116|118,克力斯/于煥亞/呂威霆/蘇文儒,3,19,20.0,1029.36,17.16,17:09,343.12,5.72,05:43,13.0,4.33,65.0,27.28,14.0,4.67,70.0,29.38,7.0,2.33,35.0,14.69,4.0,1.33,20.0,8.39,3.0,1.0,15.0,6.3,1.0,0.33,5.0,2.1,4.0,1.33,20.0,8.39,3.0,1.0,15.0,6.3,2.0,0.67,10.0,4.2,2.0,0.67,10.0,4.2,0.0,0.0,0.0,0.0,3.0,1.0,15.0,6.3,1.0,0.33,5.0,2.1,1.0,0.33,5.0,2.1,1.0,0.33,5.0,2.1,4.0,1.33,20.0,8.39,0.0,0.0,0.0,0.0,0.0,0.0,0.0,0.0,2.0,0.67,10.0,4.2,2.0,0.67,10.0,4.2,65.0,70.0,-5.0,27.98,-1.0,-0.33,-5.0,17.16,5.72,0.79,0.82,0.33,0.75,1.0,0.11,1.0,0.0,0.75,0.6,0.0,0.0,0.1,10.0,0.29
4,高雄全家海神,51|116|118|13399,克力斯/呂威霆/蘇文儒/賽克維奇,2,15,15.0,184.51,3.08,03:05,92.25,1.54,01:32,5.0,2.5,33.33,58.53,9.0,4.5,60.0,105.36,4.0,2.0,26.67,46.83,1.0,0.5,6.67,11.71,3.0,1.5,20.0,35.12,0.0,0.0,0.0,0.0,1.0,0.5,6.67,11.71,1.0,0.5,6.67,11.71,2.0,1.0,13.33,23.41,2.0,1.0,13.33,23.41,0.0,0.0,0.0,0.0,3.0,1.5,20.0,35.12,0.0,0.0,0.0,0.0,2.0,1.0,13.33,23.41,2.0,1.0,13.33,23.41,1.0,0.5,6.67,11.71,1.0,0.5,6.67,11.71,0.0,0.0,0.0,0.0,1.0,0.5,6.67,11.71,2.0,1.0,13.33,23.41,33.33,60.0,-26.67,117.07,-4.0,-2.0,-26.67,3.08,1.54,0.38,0.51,0.0,1.0,1.0,0.29,1.0,0.0,1.0,0.6,6.67,0.0,0.07,13.33,0.5
4,高雄全家海神,51|118|121|13399,克力斯/蘇文儒/吳曉謹/賽克維奇,1,3,3.0,55.28,0.92,00:55,55.28,0.92,00:55,3.0,3.0,100.0,117.23,4.0,4.0,133.33,156.3,2.0,2.0,66.67,78.15,1.0,1.0,33.33,39.08,1.0,1.0,33.33,39.08,0.0,0.0,0.0,0.0,1.0,1.0,33.33,39.08,1.0,1.0,33.33,39.08,0.0,0.0,0.0,0.0,0.0,0.0,0.0,0.0,0.0,0.0,0.0,0.0,1.0,1.0,33.33,39.08,0.0,0.0,0.0,0.0,0.0,0.0,0.0,0.0,0.0,0.0,0.0,0.0,1.0,1.0,33.33,39.08,0.0,0.0,0.0,0.0,0.0,0.0,0.0,0.0,0.0,0.0,0.0,0.0,4.0,4.0,133.33,156.3,100.0,133.33,-33.33,78.15,-1.0,-1.0,-33.33,0.92,0.92,0.75,0.75,0.0,1.0,,0.0,1.0,,1.0,1.0,0.0,0.0,0.0,133.33,0.0
4,高雄全家海神,118|121|122|13399,蘇文儒/吳曉謹/陳懷安/賽克維奇,1,3,3.0,55.28,0.92,00:55,55.28,0.92,00:55,3.0,3.0,100.0,117.23,4.0,4.0,133.33,156.3,2.0,2.0,66.67,78.15,1.0,1.0,33.33,39.08,1.0,1.0,33.33,39.08,0.0,0.0,0.0,0.0,1.0,1.0,33.33,39.08,1.0,1.0,33.33,39.08,0.0,0.0,0.0,0.0,0.0,0.0,0.0,0.0,0.0,0.0,0.0,0.0,1.0,1.0,33.33,39.08,0.0,0.0,0.0,0.0,0.0,0.0,0.0,0.0,0.0,0.0,0.0,0.0,1.0,1.0,33.33,39.08,0.0,0.0,0.0,0.0,0.0,0.0,0.0,0.0,0.0,0.0,0.0,0.0,4.0,4.0,133.33,156.3,100.0,133.33,-33.33,78.15,-1.0,-1.0,-33.33,0.92,0.92,0.75,0.75,0.0,1.0,,0.0,1.0,,1.0,1.0,0.0,0.0,0.0,133.33,0.0
4,高雄全家海神,51|110|119|14844,克力斯/胡瓏貿/余純安/杭特,2,57,68.0,868.17,14.47,14:28,434.09,7.23,07:14,27.0,13.5,39.71,67.18,34.0,17.0,50.0,84.59,28.0,14.0,41.18,69.66,8.0,4.0,11.76,19.9,15.0,7.5,22.06,37.32,4.0,2.0,5.88,9.95,13.0,6.5,19.12,32.34,4.0,2.0,5.88,9.95,6.0,3.0,8.82,14.93,5.0,2.5,7.35,12.44,6.0,3.0,8.82,14.93,14.0,7.0,20.59,34.83,5.0,2.5,7.35,12.44,8.0,4.0,11.76,19.9,2.0,1.0,2.94,4.98,4.0,2.0,5.88,9.95,2.0,1.0,2.94,4.98,1.0,0.5,1.47,2.49,7.0,3.5,10.29,17.42,3.0,1.5,4.41,7.46,39.71,50.0,-10.29,112.79,-7.0,-3.5,-10.29,14.47,7.23,0.36,0.44,0.27,0.31,0.83,0.06,0.5,0.43,0.74,0.61,2.94,1.47,0.1,4.41,0.21
4,高雄全家海神,51|119|121|14844,克力斯/余純安/吳曉謹/杭特,1,12,13.0,175.0,2.92,02:55,175.0,2.92,02:55,9.0,9.0,69.23,111.09,7.0,7.0,53.85,86.4,5.0,5.0,38.46,61.71,3.0,3.0,23.08,37.03,3.0,3.0,23.08,37.03,2.0,2.0,15.38,24.69,2.0,2.0,15.38,24.69,1.0,1.0,7.69,12.34,2.0,2.0,15.38,24.69,2.0,2.0,15.38,24.69,1.0,1.0,7.69,12.34,1.0,1.0,7.69,12.34,0.0,0.0,0.0,0.0,1.0,1.0,7.69,12.34,2.0,2.0,15.38,24.69,0.0,0.0,0.0,0.0,2.0,2.0,15.38,24.69,0.0,0.0,0.0,0.0,2.0,2.0,15.38,24.69,0.0,0.0,0.0,0.0,69.23,53.85,15.38,106.97,2.0,2.0,15.38,2.92,2.92,0.7,0.77,0.67,0.5,1.0,0.25,0.0,0.5,1.0,0.67,15.38,0.0,0.15,0.0,0.4
4,高雄全家海神,110|119|121|14844,胡瓏貿/余純安/吳曉謹/杭特,1,12,13.0,175.0,2.92,02:55,175.0,2.92,02:55,9.0,9.0,69.23,111.09,7.0,7.0,53.85,86.4,5.0,5.0,38.46,61.71,3.0,3.0,23.08,37.03,3.0,3.0,23.08,37.03,2.0,2.0,15.38,24.69,2.0,2.0,15.38,24.69,1.0,1.0,7.69,12.34,2.0,2.0,15.38,24.69,2.0,2.0,15.38,24.69,1.0,1.0,7.69,12.34,1.0,1.0,7.69,12.34,0.0,0.0,0.0,0.0,1.0,1.0,7.69,12.34,2.0,2.0,15.38,24.69,0.0,0.0,0.0,0.0,2.0,2.0,15.38,24.69,0.0,0.0,0.0,0.0,2.0,2.0,15.38,24.69,0.0,0.0,0.0,0.0,69.23,53.85,15.38,106.97,2.0,2.0,15.38,2.92,2.92,0.7,0.77,0.67,0.5,1.0,0.25,0.0,0.5,1.0,0.67,15.38,0.0,0.15,0.0,0.4
4,福爾摩沙夢想家,86|89|10890|13906,林俊吉/蔣淯安/湯普金斯/班提爾,5,62,73.0,1277.75,21.3,21:18,255.55,4.26,04:16,39.0,7.8,53.42,65.93,33.0,6.6,45.21,55.79,23.0,4.6,31.51,38.88,13.0,2.6,17.81,21.98,12.0,2.4,16.44,20.29,10.0,2.0,13.7,16.9,11.0,2.2,15.07,18.6,3.0,0.6,4.11,5.07,11.0,2.2,15.07,18.6,10.0,2.0,13.7,16.9,1.0,0.2,1.37,1.69,9.0,1.8,12.33,15.21,4.0,0.8,5.48,6.76,14.0,2.8,19.18,23.67,6.0,1.2,8.22,10.14,6.0,1.2,8.22,10.14,4.0,0.8,5.48,6.76,0.0,0.0,0.0,0.0,7.0,1.4,9.59,11.83,12.0,2.4,16.44,20.29,53.42,45.21,8.22,82.27,6.0,1.2,8.22,21.3,4.26,0.63,0.7,0.83,0.27,0.91,0.18,0.46,0.07,0.69,0.36,5.48,0.0,0.1,16.44,0.48
4,新竹御嵿攻城獅,75|76|10885|13778,高國豪/曾柏喻/劉丞勳/辛巴,1,54,66.0,857.81,14.3,14:18,857.81,14.3,14:18,31.0,31.0,46.97,78.06,35.0,35.0,53.03,88.13,23.0,23.0,34.85,57.91,11.0,11.0,16.67,27.7,17.0,17.0,25.76,42.81,8.0,8.0,12.12,20.14,6.0,6.0,9.09,15.11,3.0,3.0,4.55,7.55,10.0,10.0,15.15,25.18,6.0,6.0,9.09,15.11,6.0,6.0,9.09,15.11,8.0,8.0,12.12,20.14,2.0,2.0,3.03,5.04,6.0,6.0,9.09,15.11,6.0,6.0,9.09,15.11,5.0,5.0,7.58,12.59,5.0,5.0,7.58,12.59,0.0,0.0,0.0,0.0,8.0,8.0,12.12,20.14,4.0,4.0,6.06,10.07,46.97,53.03,-6.06,110.79,-4.0,-4.0,-6.06,14.3,14.3,0.54,0.57,0.47,0.5,0.6,0.18,0.45,0.5,0.8,0.64,7.58,0.0,0.12,6.06,0.43
4,新竹御嵿攻城獅,75|76|10887|13778,高國豪/曾柏喻/德魯/辛巴,1,58,70.0,898.68,14.98,14:59,898.68,14.98,14:59,32.0,32.0,45.71,76.91,40.0,40.0,57.14,96.14,24.0,24.0,34.29,57.68,11.0,11.0,15.71,26.44,18.0,18.0,25.71,43.26,8.0,8.0,11.43,19.23,6.0,6.0,8.57,14.42,3.0,3.0,4.29,7.21,11.0,11.0,15.71,26.44,7.0,7.0,10.0,16.82,6.0,6.0,8.57,14.42,9.0,9.0,12.86,21.63,2.0,2.0,2.86,4.81,6.0,6.0,8.57,14.42,6.0,6.0,8.57,14.42,5.0,5.0,7.14,12.02,5.0,5.0,7.14,12.02,0.0,0.0,0.0,0.0,8.0,8.0,11.43,19.23,4.0,4.0,5.71,9.61,45.71,57.14,-11.43,112.16,-8.0,-8.0,-11.43,14.98,14.98,0.52,0.55,0.44,0.5,0.64,0.17,0.45,0.5,0.82,0.65,7.14,0.0,0.11,5.71,0.46
4,新竹御嵿攻城獅,75|10885|10887|13778,高國豪/劉丞勳/德魯/辛巴,1,54,66.0,857.81,14.3,14:18,857.81,14.3,14:18,31.0,31.0,46.97,78.06,35.0,35.0,53.03,88.13,23.0,23.0,34.85,57.91,11.0,11.0,16.67,27.7,17.0,17.0,25.76,42.81,8.0,8.0,12.12,20.14,6.0,6.0,9.09,15.11,3.0,3.0,4.55,7.55,10.0,10.0,15.15,25.18,6.0,6.0,9.09,15.11,6.0,6.0,9.09,15.11,8.0,8.0,12.12,20.14,2.0,2.0,3.03,5.04,6.0,6.0,9.09,15.11,6.0,6.0,9.09,15.11,5.0,5.0,7.58,12.59,5.0,5.0,7.58,12.59,0.0,0.0,0.0,0.0,8.0,8.0,12.12,20.14,4.0,4.0,6.06,10.07,46.97,53.03,-6.06,110.79,-4.0,-4.0,-6.06,14.3,14.3,0.54,0.57,0.47,0.5,0.6,0.18,0.45,0.5,0.8,0.64,7.58,0.0,0.12,6.06,0.43
4,新竹御嵿攻城獅,76|10885|10887|13778,曾柏喻/劉丞勳/德魯/辛巴,1,54,66.0,857.81,14.3,14:18,857.81,14.3,14:18,31.0,31.0,46.97,78.06,35.0,35.0,53.03,88.13,23.0,23.0,34.85,57.91,11.0,11.0,16.67,27.7,17.0,17.0,25.76,42.81,8.0,8.0,12.12,20.14,6.0,6.0,9.09,15.11,3.0,3.0,4.55,7.55,10.0,10.0,15.15,25.18,6.0,6.0,9.09,15.11,6.0,6.0,9.09,15.11,8.0,8.0,12.12,20.14,2.0,2.0,3.03,5.04,6.0,6.0,9.09,15.11,6.0,6.0,9.09,15.11,5.0,5.0,7.58,12.59,5.0,5.0,7.58,12.59,0.0,0.0,0.0,0.0,8.0,8.0,12.12,20.14,4.0,4.0,6.06,10.07,46.97,53.03,-6.06,110.79,-4.0,-4.0,-6.06,14.3,14.3,0.54,0.57,0.47,0.5,0.6,0.18,0.45,0.5,0.8,0.64,7.58,0.0,0.12,6.06,0.43
4,新竹御嵿攻城獅,75|76|90|14843,高國豪/曾柏喻/李啓瑋/馬力,2,26,32.0,435.27,7.25,07:15,217.63,3.63,03:38,14.0,7.0,43.75,69.47,22.0,11.0,68.75,109.17,11.0,5.5,34.38,54.59,6.0,3.0,18.75,29.77,5.0,2.5,15.62,24.81,4.0,2.0,12.5,19.85,6.0,3.0,18.75,29.77,2.0,1.0,6.25,9.92,0.0,0.0,0.0,0.0,0.0,0.0,0.0,0.0,1.0,0.5,3.12,4.96,4.0,2.0,12.5,19.85,4.0,2.0,12.5,19.85,3.0,1.5,9.38,14.89,3.0,1.5,9.38,14.89,3.0,1.5,9.38,14.89,0.0,0.0,0.0,0.0,0.0,0.0,0.0,0.0,1.0,0.5,3.12,4.96,3.0,1.5,9.38,14.89,43.75,68.75,-25.0,105.87,-8.0,-4.0,-25.0,7.25,3.63,0.64,0.64,0.8,0.33,,0.21,0.5,0.25,0.5,0.42,0.0,0.0,0.03,9.38,0.0
4,新竹御嵿攻城獅,75|76|10887|14843,高國豪/曾柏喻/德魯/馬力,7,319,379.0,4879.26,81.32,81:19,697.04,11.62,11:37,181.0,25.86,47.76,80.13,162.0,23.14,42.74,71.72,138.0,19.71,36.41,61.09,62.0,8.86,16.36,27.45,80.0,11.43,21.11,35.42,42.0,6.0,11.08,18.59,58.0,8.29,15.3,25.68,20.0,2.86,5.28,8.85,49.0,7.0,12.93,21.69,37.0,5.29,9.76,16.38,27.0,3.86,7.12,11.95,56.0,8.0,14.78,24.79,21.0,3.0,5.54,9.3,67.0,9.57,17.68,29.66,25.0,3.57,6.6,11.07,43.0,6.14,11.35,19.04,12.0,1.71,3.17,5.31,9.0,1.29,2.37,3.98,48.0,6.86,12.66,21.25,39.0,5.57,10.29,17.26,47.76,42.74,5.01,111.85,19.0,2.71,5.01,81.32,11.62,0.52,0.57,0.52,0.34,0.76,0.14,0.69,0.29,0.73,0.49,3.17,2.37,0.13,10.29,0.36
4,新竹御嵿攻城獅,75|90|10887|14843,高國豪/李啓瑋/德魯/馬力,1,15,19.0,235.0,3.92,03:55,235.0,3.92,03:55,12.0,12.0,63.16,110.3,15.0,15.0,78.95,137.87,6.0,6.0,31.58,55.15,5.0,5.0,26.32,45.96,3.0,3.0,15.79,27.57,3.0,3.0,15.79,27.57,3.0,3.0,15.79,27.57,2.0,2.0,10.53,18.38,0.0,0.0,0.0,0.0,0.0,0.0,0.0,0.0,1.0,1.0,5.26,9.19,0.0,0.0,0.0,0.0,2.0,2.0,10.53,18.38,1.0,1.0,5.26,9.19,3.0,3.0,15.79,27.57,2.0,2.0,10.53,18.38,0.0,0.0,0.0,0.0,0.0,0.0,0.0,0.0,1.0,1.0,5.26,9.19,3.0,3.0,15.79,27.57,63.16,78.95,-15.79,116.43,-3.0,-3.0,-15.79,3.92,3.92,1.0,1.0,1.0,0.67,,0.33,0.4,0.5,0.0,0.25,0.0,0.0,0.05,15.79,0.0
4,新竹御嵿攻城獅,76|90|10887|14843,曾柏喻/李啓瑋/德魯/馬力,1,15,19.0,235.0,3.92,03:55,235.0,3.92,03:55,12.0,12.0,63.16,110.3,15.0,15.0,78.95,137.87,6.0,6.0,31.58,55.15,5.0,5.0,26.32,45.96,3.0,3.0,15.79,27.57,3.0,3.0,15.79,27.57,3.0,3.0,15.79,27.57,2.0,2.0,10.53,18.38,0.0,0.0,0.0,0.0,0.0,0.0,0.0,0.0,1.0,1.0,5.26,9.19,0.0,0.0,0.0,0.0,2.0,2.0,10.53,18.38,1.0,1.0,5.26,9.19,3.0,3.0,15.79,27.57,2.0,2.0,10.53,18.38,0.0,0.0,0.0,0.0,0.0,0.0,0.0,0.0,1.0,1.0,5.26,9.19,3.0,3.0,15.79,27.57,63.16,78.95,-15.79,116.43,-3.0,-3.0,-15.79,3.92,3.92,1.0,1.0,1.0,0.67,,0.33,0.4,0.5,0.0,0.25,0.0,0.0,0.05,15.79,0.0
4,新竹御嵿攻城獅,75|80|90|13778,高國豪/田浩/李啓瑋/辛巴,1,2,2.0,44.0,0.73,00:44,44.0,0.73,00:44,0.0,0.0,0.0,0.0,2.0,2.0,100.0,98.18,1.0,1.0,50.0,49.09,0.0,0.0,0.0,0.0,0.0,0.0,0.0,0.0,0.0,0.0,0.0,0.0,1.0,1.0,50.0,49.09,0.0,0.0,0.0,0.0,0.0,0.0,0.0,0.0,0.0,0.0,0.0,0.0,0.0,0.0,0.0,0.0,1.0,1.0,50.0,49.09,0.0,0.0,0.0,0.0,0.0,0.0,0.0,0.0,0.0,0.0,0.0,0.0,0.0,0.0,0.0,0.0,0.0,0.0,0.0,0.0,0.0,0.0,0.0,0.0,0.0,0.0,0.0,0.0,0.0,0.0,0.0,0.0,0.0,100.0,-100.0,65.45,-2.0,-2.0,-100.0,0.73,0.73,0.0,0.0,,0.0,,0.0,,,1.0,1.0,0.0,0.0,0.0,0.0,0.0
4,新竹御嵿攻城獅,75|80|90|14843,高國豪/田浩/李啓瑋/馬力,1,2,2.0,44.0,0.73,00:44,44.0,0.73,00:44,0.0,0.0,0.0,0.0,2.0,2.0,100.0,98.18,1.0,1.0,50.0,49.09,0.0,0.0,0.0,0.0,0.0,0.0,0.0,0.0,0.0,0.0,0.0,0.0,1.0,1.0,50.0,49.09,0.0,0.0,0.0,0.0,0.0,0.0,0.0,0.0,0.0,0.0,0.0,0.0,0.0,0.0,0.0,0.0,1.0,1.0,50.0,49.09,0.0,0.0,0.0,0.0,0.0,0.0,0.0,0.0,0.0,0.0,0.0,0.0,0.0,0.0,0.0,0.0,0.0,0.0,0.0,0.0,0.0,0.0,0.0,0.0,0.0,0.0,0.0,0.0,0.0,0.0,0.0,0.0,0.0,100.0,-100.0,65.45,-2.0,-2.0,-100.0,0.73,0.73,0.0,0.0,,0.0,,0.0,,,1.0,1.0,0.0,0.0,0.0,0.0,0.0
4,新竹御嵿攻城獅,75|80|13778|14843,高國豪/田浩/辛巴/馬力,1,4,4.0,72.0,1.2,01:12,72.0,1.2,01:12,0.0,0.0,0.0,0.0,2.0,2.0,50.0,60.0,1.0,1.0,25.0,30.0,0.0,0.0,0.0,0.0,0.0,0.0,0.0,0.0,0.0,0.0,0.0,0.0,1.0,1.0,25.0,30.0,0.0,0.0,0.0,0.0,0.0,0.0,0.0,0.0,0.0,0.0,0.0,0.0,0.0,0.0,0.0,0.0,1.0,1.0,25.0,30.0,0.0,0.0,0.0,0.0,1.0,1.0,25.0,30.0,1.0,1.0,25.0,30.0,0.0,0.0,0.0,0.0,0.0,0.0,0.0,0.0,0.0,0.0,0.0,0.0,0.0,0.0,0.0,0.0,0.0,0.0,0.0,0.0,0.0,50.0,-50.0,80.0,-2.0,-2.0,-50.0,1.2,1.2,0.0,0.0,,0.0,,0.5,,0.0,1.0,0.5,0.0,0.0,0.0,0.0,0.0
4,新竹御嵿攻城獅,75|90|13778|14843,高國豪/李啓瑋/辛巴/馬力,1,2,2.0,44.0,0.73,00:44,44.0,0.73,00:44,0.0,0.0,0.0,0.0,2.0,2.0,100.0,98.18,1.0,1.0,50.0,49.09,0.0,0.0,0.0,0.0,0.0,0.0,0.0,0.0,0.0,0.0,0.0,0.0,1.0,1.0,50.0,49.09,0.0,0.0,0.0,0.0,0.0,0.0,0.0,0.0,0.0,0.0,0.0,0.0,0.0,0.0,0.0,0.0,1.0,1.0,50.0,49.09,0.0,0.0,0.0,0.0,0.0,0.0,0.0,0.0,0.0,0.0,0.0,0.0,0.0,0.0,0.0,0.0,0.0,0.0,0.0,0.0,0.0,0.0,0.0,0.0,0.0,0.0,0.0,0.0,0.0,0.0,0.0,0.0,0.0,100.0,-100.0,65.45,-2.0,-2.0,-100.0,0.73,0.73,0.0,0.0,,0.0,,0.0,,,1.0,1.0,0.0,0.0,0.0,0.0,0.0
4,新竹御嵿攻城獅,80|90|13778|14843,田浩/李啓瑋/辛巴/馬力,1,2,2.0,44.0,0.73,00:44,44.0,0.73,00:44,0.0,0.0,0.0,0.0,2.0,2.0,100.0,98.18,1.0,1.0,50.0,49.09,0.0,0.0,0.0,0.0,0.0,0.0,0.0,0.0,0.0,0.0,0.0,0.0,1.0,1.0,50.0,49.09,0.0,0.0,0.0,0.0,0.0,0.0,0.0,0.0,0.0,0.0,0.0,0.0,0.0,0.0,0.0,0.0,1.0,1.0,50.0,49.09,0.0,0.0,0.0,0.0,0.0,0.0,0.0,0.0,0.0,0.0,0.0,0.0,0.0,0.0,0.0,0.0,0.0,0.0,0.0,0.0,0.0,0.0,0.0,0.0,0.0,0.0,0.0,0.0,0.0,0.0,0.0,0.0,0.0,100.0,-100.0,65.45,-2.0,-2.0,-100.0,0.73,0.73,0.0,0.0,,0.0,,0.0,,,1.0,1.0,0.0,0.0,0.0,0.0,0.0
4,新竹御嵿攻城獅,75|80|87|13778,高國豪/田浩/蔡宸綱/辛巴,1,2,2.0,28.0,0.47,00:28,28.0,0.47,00:28,0.0,0.0,0.0,0.0,0.0,0.0,0.0,0.0,0.0,0.0,0.0,0.0,0.0,0.0,0.0,0.0,0.0,0.0,0.0,0.0,0.0,0.0,0.0,0.0,0.0,0.0,0.0,0.0,0.0,0.0,0.0,0.0,0.0,0.0,0.0,0.0,0.0,0.0,0.0,0.0,0.0,0.0,0.0,0.0,0.0,0.0,0.0,0.0,0.0,0.0,0.0,0.0,1.0,1.0,50.0,77.14,1.0,1.0,50.0,77.14,0.0,0.0,0.0,0.0,0.0,0.0,0.0,0.0,0.0,0.0,0.0,0.0,0.0,0.0,0.0,0.0,0.0,0.0,0.0,0.0,0.0,0.0,0.0,102.86,0.0,0.0,0.0,0.47,0.47,,,,,,1.0,,0.0,,0.0,0.0,0.0,0.0,0.0,
4,新竹御嵿攻城獅,75|80|87|14843,高國豪/田浩/蔡宸綱/馬力,3,43,52.0,645.96,10.77,10:46,215.32,3.59,03:35,24.0,8.0,46.15,80.25,22.0,7.33,42.31,73.57,25.0,8.33,48.08,83.6,9.0,3.0,17.31,30.09,15.0,5.0,28.85,50.16,6.0,2.0,11.54,20.06,10.0,3.33,19.23,33.44,3.0,1.0,5.77,10.03,5.0,1.67,9.62,16.72,3.0,1.0,5.77,10.03,9.0,3.0,17.31,30.09,8.0,2.67,15.38,26.75,0.0,0.0,0.0,0.0,8.0,2.67,15.38,26.75,2.0,0.67,3.85,6.69,4.0,1.33,7.69,13.38,0.0,0.0,0.0,0.0,1.0,0.33,1.92,3.34,7.0,2.33,13.46,23.41,3.0,1.0,5.77,10.03,46.15,42.31,3.85,115.92,2.0,0.67,3.85,10.77,3.59,0.42,0.44,0.4,0.3,0.6,0.07,0.44,0.53,1.0,0.68,0.0,1.92,0.13,5.77,0.2
4,新竹御嵿攻城獅,75|87|13778|14843,高國豪/蔡宸綱/辛巴/馬力,1,18,21.0,254.2,4.24,04:14,254.2,4.24,04:14,9.0,9.0,42.86,76.47,0.0,0.0,0.0,0.0,4.0,4.0,19.05,33.99,3.0,3.0,14.29,25.49,3.0,3.0,14.29,25.49,2.0,2.0,9.52,16.99,1.0,1.0,4.76,8.5,1.0,1.0,4.76,8.5,4.0,4.0,19.05,33.99,2.0,2.0,9.52,16.99,0.0,0.0,0.0,0.0,1.0,1.0,4.76,8.5,2.0,2.0,9.52,16.99,7.0,7.0,33.33,59.48,3.0,3.0,14.29,25.49,1.0,1.0,4.76,8.5,1.0,1.0,4.76,8.5,0.0,0.0,0.0,0.0,2.0,2.0,9.52,16.99,0.0,0.0,0.0,0.0,42.86,0.0,42.86,118.96,9.0,9.0,42.86,4.24,4.24,0.88,0.78,0.67,1.0,0.5,0.34,0.33,0.0,0.33,0.1,4.76,0.0,0.1,0.0,1.0
4,新竹御嵿攻城獅,80|87|13778|14843,田浩/蔡宸綱/辛巴/馬力,1,19,24.0,289.7,4.83,04:50,289.7,4.83,04:50,7.0,7.0,29.17,52.19,7.0,7.0,29.17,52.19,8.0,8.0,33.33,59.65,3.0,3.0,12.5,22.37,6.0,6.0,25.0,44.74,3.0,3.0,12.5,22.37,2.0,2.0,8.33,14.91,0.0,0.0,0.0,0.0,4.0,4.0,16.67,29.82,1.0,1.0,4.17,7.46,2.0,2.0,8.33,14.91,4.0,4.0,16.67,29.82,2.0,2.0,8.33,14.91,5.0,5.0,20.83,37.28,2.0,2.0,8.33,14.91,3.0,3.0,12.5,22.37,1.0,1.0,4.17,7.46,1.0,1.0,4.17,7.46,2.0,2.0,8.33,14.91,2.0,2.0,8.33,14.91,29.17,29.17,0.0,119.29,0.0,0.0,0.0,4.83,4.83,0.38,0.36,0.5,0.0,0.25,0.17,1.0,0.29,0.67,0.46,4.17,4.17,0.08,8.33,0.5
4,新竹御嵿攻城獅,80|87|10885|13778,田浩/蔡宸綱/劉丞勳/辛巴,1,17,22.0,261.7,4.36,04:22,261.7,4.36,04:22,7.0,7.0,31.82,57.78,7.0,7.0,31.82,57.78,8.0,8.0,36.36,66.03,3.0,3.0,13.64,24.76,6.0,6.0,27.27,49.52,3.0,3.0,13.64,24.76,2.0,2.0,9.09,16.51,0.0,0.0,0.0,0.0,4.0,4.0,18.18,33.01,1.0,1.0,4.55,8.25,2.0,2.0,9.09,16.51,4.0,4.0,18.18,33.01,2.0,2.0,9.09,16.51,4.0,4.0,18.18,33.01,1.0,1.0,4.55,8.25,3.0,3.0,13.64,24.76,1.0,1.0,4.55,8.25,1.0,1.0,4.55,8.25,2.0,2.0,9.09,16.51,2.0,2.0,9.09,16.51,31.82,31.82,0.0,121.05,0.0,0.0,0.0,4.36,4.36,0.38,0.36,0.5,0.0,0.25,0.09,1.0,0.33,0.67,0.5,4.55,4.55,0.09,9.09,0.5
4,新竹御嵿攻城獅,80|87|10885|14843,田浩/蔡宸綱/劉丞勳/馬力,1,17,22.0,261.7,4.36,04:22,261.7,4.36,04:22,7.0,7.0,31.82,57.78,7.0,7.0,31.82,57.78,8.0,8.0,36.36,66.03,3.0,3.0,13.64,24.76,6.0,6.0,27.27,49.52,3.0,3.0,13.64,24.76,2.0,2.0,9.09,16.51,0.0,0.0,0.0,0.0,4.0,4.0,18.18,33.01,1.0,1.0,4.55,8.25,2.0,2.0,9.09,16.51,4.0,4.0,18.18,33.01,2.0,2.0,9.09,16.51,4.0,4.0,18.18,33.01,1.0,1.0,4.55,8.25,3.0,3.0,13.64,24.76,1.0,1.0,4.55,8.25,1.0,1.0,4.55,8.25,2.0,2.0,9.09,16.51,2.0,2.0,9.09,16.51,31.82,31.82,0.0,121.05,0.0,0.0,0.0,4.36,4.36,0.38,0.36,0.5,0.0,0.25,0.09,1.0,0.33,0.67,0.5,4.55,4.55,0.09,9.09,0.5
4,新竹御嵿攻城獅,80|10885|13778|14843,田浩/劉丞勳/辛巴/馬力,1,17,22.0,261.7,4.36,04:22,261.7,4.36,04:22,7.0,7.0,31.82,57.78,7.0,7.0,31.82,57.78,8.0,8.0,36.36,66.03,3.0,3.0,13.64,24.76,6.0,6.0,27.27,49.52,3.0,3.0,13.64,24.76,2.0,2.0,9.09,16.51,0.0,0.0,0.0,0.0,4.0,4.0,18.18,33.01,1.0,1.0,4.55,8.25,2.0,2.0,9.09,16.51,4.0,4.0,18.18,33.01,2.0,2.0,9.09,16.51,4.0,4.0,18.18,33.01,1.0,1.0,4.55,8.25,3.0,3.0,13.64,24.76,1.0,1.0,4.55,8.25,1.0,1.0,4.55,8.25,2.0,2.0,9.09,16.51,2.0,2.0,9.09,16.51,31.82,31.82,0.0,121.05,0.0,0.0,0.0,4.36,4.36,0.38,0.36,0.5,0.0,0.25,0.09,1.0,0.33,0.67,0.5,4.55,4.55,0.09,9.09,0.5
4,新竹御嵿攻城獅,87|10885|13778|14843,蔡宸綱/劉丞勳/辛巴/馬力,1,17,22.0,261.7,4.36,04:22,261.7,4.36,04:22,7.0,7.0,31.82,57.78,7.0,7.0,31.82,57.78,8.0,8.0,36.36,66.03,3.0,3.0,13.64,24.76,6.0,6.0,27.27,49.52,3.0,3.0,13.64,24.76,2.0,2.0,9.09,16.51,0.0,0.0,0.0,0.0,4.0,4.0,18.18,33.01,1.0,1.0,4.55,8.25,2.0,2.0,9.09,16.51,4.0,4.0,18.18,33.01,2.0,2.0,9.09,16.51,4.0,4.0,18.18,33.01,1.0,1.0,4.55,8.25,3.0,3.0,13.64,24.76,1.0,1.0,4.55,8.25,1.0,1.0,4.55,8.25,2.0,2.0,9.09,16.51,2.0,2.0,9.09,16.51,31.82,31.82,0.0,121.05,0.0,0.0,0.0,4.36,4.36,0.38,0.36,0.5,0.0,0.25,0.09,1.0,0.33,0.67,0.5,4.55,4.55,0.09,9.09,0.5
4,新竹御嵿攻城獅,76|87|10885|14843,曾柏喻/蔡宸綱/劉丞勳/馬力,2,22,29.0,319.09,5.32,05:19,159.54,2.66,02:40,14.0,7.0,48.28,94.77,13.0,6.5,44.83,88.0,8.0,4.0,27.59,54.15,4.0,2.0,13.79,27.08,7.0,3.5,24.14,47.39,4.0,2.0,13.79,27.08,1.0,0.5,3.45,6.77,0.0,0.0,0.0,0.0,6.0,3.0,20.69,40.62,4.0,2.0,13.79,27.08,2.0,1.0,6.9,13.54,2.0,1.0,6.9,13.54,3.0,1.5,10.34,20.31,6.0,3.0,20.69,40.62,1.0,0.5,3.45,6.77,3.0,1.5,10.34,20.31,0.0,0.0,0.0,0.0,3.0,1.5,10.34,20.31,4.0,2.0,13.79,27.08,5.0,2.5,17.24,33.85,48.28,44.83,3.45,130.87,1.0,0.5,3.45,5.32,2.66,0.5,0.66,0.57,0.0,0.67,0.09,0.75,0.25,0.4,0.31,0.0,10.34,0.14,17.24,0.75
4,新竹御嵿攻城獅,76|87|10887|14843,曾柏喻/蔡宸綱/德魯/馬力,5,78,93.0,1928.73,32.15,32:09,385.75,6.43,06:26,49.0,9.8,52.69,54.88,38.0,7.6,40.86,42.56,33.0,6.6,35.48,36.96,15.0,3.0,16.13,16.8,20.0,4.0,21.51,22.4,10.0,2.0,10.75,11.2,13.0,2.6,13.98,14.56,5.0,1.0,5.38,5.6,16.0,3.2,17.2,17.92,12.0,2.4,12.9,13.44,5.0,1.0,5.38,5.6,15.0,3.0,16.13,16.8,5.0,1.0,5.38,5.6,17.0,3.4,18.28,19.04,4.0,0.8,4.3,4.48,9.0,1.8,9.68,10.08,1.0,0.2,1.08,1.12,3.0,0.6,3.23,3.36,11.0,2.2,11.83,12.32,13.0,2.6,13.98,14.56,52.69,40.86,11.83,69.43,11.0,2.2,11.83,32.15,6.43,0.53,0.61,0.5,0.38,0.75,0.09,0.6,0.23,0.75,0.48,1.08,3.23,0.12,13.98,0.48
4,新竹御嵿攻城獅,76|10885|10887|14843,曾柏喻/劉丞勳/德魯/馬力,7,285,340.0,4310.07,71.83,71:50,615.72,10.26,10:16,157.0,22.43,46.18,78.68,147.0,21.0,43.24,73.67,120.0,17.14,35.29,60.14,53.0,7.57,15.59,26.56,72.0,10.29,21.18,36.08,37.0,5.29,10.88,18.54,48.0,6.86,14.12,24.06,16.0,2.29,4.71,8.02,45.0,6.43,13.24,22.55,33.0,4.71,9.71,16.54,25.0,3.57,7.35,12.53,47.0,6.71,13.82,23.55,20.0,2.86,5.88,10.02,63.0,9.0,18.53,31.57,22.0,3.14,6.47,11.03,41.0,5.86,12.06,20.55,12.0,1.71,3.53,6.01,12.0,1.71,3.53,6.01,44.0,6.29,12.94,22.05,37.0,5.29,10.88,18.54,46.18,43.24,2.94,113.59,10.0,1.43,2.94,71.83,10.26,0.51,0.56,0.51,0.33,0.73,0.14,0.77,0.28,0.7,0.46,3.53,3.53,0.13,10.88,0.38
4,新竹御嵿攻城獅,87|10885|10887|14843,蔡宸綱/劉丞勳/德魯/馬力,3,38,52.0,1003.28,16.72,16:43,334.43,5.57,05:34,21.0,7.0,40.38,45.21,31.0,10.33,59.62,66.74,17.0,5.67,32.69,36.6,5.0,1.67,9.62,10.76,10.0,3.33,19.23,21.53,4.0,1.33,7.69,8.61,7.0,2.33,13.46,15.07,1.0,0.33,1.92,2.15,10.0,3.33,19.23,21.53,8.0,2.67,15.38,17.22,3.0,1.0,5.77,6.46,9.0,3.0,17.31,19.38,5.0,1.67,9.62,10.76,9.0,3.0,17.31,19.38,1.0,0.33,1.92,2.15,4.0,1.33,7.69,8.61,0.0,0.0,0.0,0.0,3.0,1.0,5.77,6.46,8.0,2.67,15.38,17.22,12.0,4.0,23.08,25.84,40.38,59.62,-19.23,74.64,-10.0,-3.33,-19.23,16.72,5.57,0.32,0.49,0.4,0.14,0.8,0.04,0.8,0.25,0.64,0.46,0.0,5.77,0.15,23.08,0.59
4,新竹御嵿攻城獅,75|76|10885|14843,高國豪/曾柏喻/劉丞勳/馬力,8,340,402.0,5309.72,88.5,88:30,663.72,11.06,11:04,174.0,21.75,43.28,70.78,170.0,21.25,42.29,69.16,146.0,18.25,36.32,59.39,61.0,7.62,15.17,24.81,87.0,10.88,21.64,35.39,43.0,5.38,10.7,17.49,59.0,7.38,14.68,24.0,18.0,2.25,4.48,7.32,44.0,5.5,10.95,17.9,34.0,4.25,8.46,13.83,28.0,3.5,6.97,11.39,62.0,7.75,15.42,25.22,24.0,3.0,5.97,9.76,77.0,9.62,19.15,31.32,29.0,3.62,7.21,11.8,45.0,5.62,11.19,18.31,18.0,2.25,4.48,7.32,9.0,1.12,2.24,3.66,48.0,6.0,11.94,19.53,39.0,4.88,9.7,15.87,43.28,42.29,1.0,109.02,4.0,0.5,1.0,88.5,11.06,0.48,0.53,0.49,0.31,0.77,0.15,0.74,0.27,0.72,0.47,4.48,2.24,0.12,9.7,0.3
4,新竹御嵿攻城獅,75|10885|10887|14843,高國豪/劉丞勳/德魯/馬力,7,275,330.0,4610.93,76.85,76:51,658.7,10.98,10:59,146.0,20.86,44.24,68.39,147.0,21.0,44.55,68.86,121.0,17.29,36.67,56.68,50.0,7.14,15.15,23.42,67.0,9.57,20.3,31.39,33.0,4.71,10.0,15.46,54.0,7.71,16.36,25.3,17.0,2.43,5.15,7.96,39.0,5.57,11.82,18.27,29.0,4.14,8.79,13.59,25.0,3.57,7.58,11.71,51.0,7.29,15.45,23.89,18.0,2.57,5.45,8.43,60.0,8.57,18.18,28.11,22.0,3.14,6.67,10.31,39.0,5.57,11.82,18.27,13.0,1.86,3.94,6.09,9.0,1.29,2.73,4.22,41.0,5.86,12.42,19.21,40.0,5.71,12.12,18.74,44.24,44.55,-0.3,103.06,-1.0,-0.14,-0.3,76.85,10.98,0.48,0.53,0.49,0.31,0.74,0.14,0.78,0.29,0.74,0.49,3.94,2.73,0.12,12.12,0.32
4,桃園台啤永豐雲豹,16|57|68|10884,米勒/莊博元/克羅馬/徐宏瑋,2,9,12.0,143.0,2.38,02:23,71.5,1.19,01:12,8.0,4.0,66.67,120.84,6.0,3.0,50.0,90.63,3.0,1.5,25.0,45.31,2.0,1.0,16.67,30.21,0.0,0.0,0.0,0.0,0.0,0.0,0.0,0.0,3.0,1.5,25.0,45.31,2.0,1.0,16.67,30.21,2.0,1.0,16.67,30.21,2.0,1.0,16.67,30.21,0.0,0.0,0.0,0.0,1.0,0.5,8.33,15.1,1.0,0.5,8.33,15.1,1.0,0.5,8.33,15.1,1.0,0.5,8.33,15.1,2.0,1.0,16.67,30.21,1.0,0.5,8.33,15.1,0.0,0.0,0.0,0.0,1.0,0.5,8.33,15.1,5.0,2.5,41.67,75.52,66.67,50.0,16.67,120.84,2.0,1.0,16.67,2.38,1.19,1.0,1.03,,0.67,1.0,0.2,1.0,0.0,0.5,0.33,8.33,0.0,0.08,41.67,0.67
4,桃園台啤永豐雲豹,16|57|3129|10884,米勒/莊博元/董永全/徐宏瑋,1,1,2.0,11.0,0.18,00:11,11.0,0.18,00:11,3.0,3.0,150.0,589.09,2.0,2.0,100.0,392.73,1.0,1.0,50.0,196.36,1.0,1.0,50.0,196.36,0.0,0.0,0.0,0.0,0.0,0.0,0.0,0.0,1.0,1.0,50.0,196.36,1.0,1.0,50.0,196.36,0.0,0.0,0.0,0.0,0.0,0.0,0.0,0.0,0.0,0.0,0.0,0.0,0.0,0.0,0.0,0.0,0.0,0.0,0.0,0.0,0.0,0.0,0.0,0.0,0.0,0.0,0.0,0.0,1.0,1.0,50.0,196.36,0.0,0.0,0.0,0.0,0.0,0.0,0.0,0.0,0.0,0.0,0.0,0.0,2.0,2.0,100.0,392.73,150.0,100.0,50.0,261.82,1.0,1.0,50.0,0.18,0.18,1.5,1.5,,1.0,,0.0,1.0,,,,0.0,0.0,0.0,100.0,0.0
4,桃園台啤永豐雲豹,16|68|3129|10884,米勒/克羅馬/董永全/徐宏瑋,1,1,2.0,11.0,0.18,00:11,11.0,0.18,00:11,3.0,3.0,150.0,589.09,2.0,2.0,100.0,392.73,1.0,1.0,50.0,196.36,1.0,1.0,50.0,196.36,0.0,0.0,0.0,0.0,0.0,0.0,0.0,0.0,1.0,1.0,50.0,196.36,1.0,1.0,50.0,196.36,0.0,0.0,0.0,0.0,0.0,0.0,0.0,0.0,0.0,0.0,0.0,0.0,0.0,0.0,0.0,0.0,0.0,0.0,0.0,0.0,0.0,0.0,0.0,0.0,0.0,0.0,0.0,0.0,1.0,1.0,50.0,196.36,0.0,0.0,0.0,0.0,0.0,0.0,0.0,0.0,0.0,0.0,0.0,0.0,2.0,2.0,100.0,392.73,150.0,100.0,50.0,261.82,1.0,1.0,50.0,0.18,0.18,1.5,1.5,,1.0,,0.0,1.0,,,,0.0,0.0,0.0,100.0,0.0
4,桃園台啤永豐雲豹,57|68|3129|10884,莊博元/克羅馬/董永全/徐宏瑋,1,1,2.0,11.0,0.18,00:11,11.0,0.18,00:11,3.0,3.0,150.0,589.09,2.0,2.0,100.0,392.73,1.0,1.0,50.0,196.36,1.0,1.0,50.0,196.36,0.0,0.0,0.0,0.0,0.0,0.0,0.0,0.0,1.0,1.0,50.0,196.36,1.0,1.0,50.0,196.36,0.0,0.0,0.0,0.0,0.0,0.0,0.0,0.0,0.0,0.0,0.0,0.0,0.0,0.0,0.0,0.0,0.0,0.0,0.0,0.0,0.0,0.0,0.0,0.0,0.0,0.0,0.0,0.0,1.0,1.0,50.0,196.36,0.0,0.0,0.0,0.0,0.0,0.0,0.0,0.0,0.0,0.0,0.0,0.0,2.0,2.0,100.0,392.73,150.0,100.0,50.0,261.82,1.0,1.0,50.0,0.18,0.18,1.5,1.5,,1.0,,0.0,1.0,,,,0.0,0.0,0.0,100.0,0.0
4,新竹御嵿攻城獅,75|76|87|14843,高國豪/曾柏喻/蔡宸綱/馬力,4,64,76.0,1048.6,17.48,17:29,262.15,4.37,04:22,46.0,11.5,60.53,94.75,23.0,5.75,30.26,47.38,29.0,7.25,38.16,59.74,15.0,3.75,19.74,30.9,18.0,4.5,23.68,37.08,11.0,2.75,14.47,22.66,11.0,2.75,14.47,22.66,4.0,1.0,5.26,8.24,16.0,4.0,21.05,32.96,12.0,3.0,15.79,24.72,4.0,1.0,5.26,8.24,13.0,3.25,17.11,26.78,5.0,1.25,6.58,10.3,12.0,3.0,15.79,24.72,2.0,0.5,2.63,4.12,8.0,2.0,10.53,16.48,1.0,0.25,1.32,2.06,0.0,0.0,0.0,0.0,9.0,2.25,11.84,18.54,7.0,1.75,9.21,14.42,60.53,30.26,30.26,104.37,23.0,5.75,30.26,17.48,4.37,0.59,0.64,0.61,0.36,0.75,0.05,0.53,0.25,0.72,0.5,1.32,0.0,0.12,9.21,0.55
4,新竹御嵿攻城獅,75|87|10887|14843,高國豪/蔡宸綱/德魯/馬力,5,90,116.0,1932.71,32.21,32:13,386.54,6.44,06:27,51.0,10.2,43.97,57.0,43.0,8.6,37.07,48.06,49.0,9.8,42.24,54.76,17.0,3.4,14.66,19.0,29.0,5.8,25.0,32.41,13.0,2.6,11.21,14.53,20.0,4.0,17.24,22.35,4.0,0.8,3.45,4.47,21.0,4.2,18.1,23.47,14.0,2.8,12.07,15.65,12.0,2.4,10.34,13.41,24.0,4.8,20.69,26.82,6.0,1.2,5.17,6.71,19.0,3.8,16.38,21.23,3.0,0.6,2.59,3.35,8.0,1.6,6.9,8.94,1.0,0.2,0.86,1.12,2.0,0.4,1.72,2.24,13.0,2.6,11.21,14.53,13.0,2.6,11.21,14.53,43.97,37.07,6.9,86.43,8.0,1.6,6.9,32.21,6.44,0.39,0.44,0.45,0.2,0.67,0.05,0.47,0.39,0.8,0.59,0.86,1.72,0.11,11.21,0.43
4,新竹御嵿攻城獅,75|76|87|13778,高國豪/曾柏喻/蔡宸綱/辛巴,1,4,4.0,40.87,0.68,00:41,40.87,0.68,00:41,1.0,1.0,25.0,52.85,5.0,5.0,125.0,264.24,1.0,1.0,25.0,52.85,0.0,0.0,0.0,0.0,1.0,1.0,25.0,52.85,0.0,0.0,0.0,0.0,0.0,0.0,0.0,0.0,0.0,0.0,0.0,0.0,1.0,1.0,25.0,52.85,1.0,1.0,25.0,52.85,0.0,0.0,0.0,0.0,1.0,1.0,25.0,52.85,0.0,0.0,0.0,0.0,0.0,0.0,0.0,0.0,0.0,0.0,0.0,0.0,0.0,0.0,0.0,0.0,0.0,0.0,0.0,0.0,0.0,0.0,0.0,0.0,0.0,0.0,0.0,0.0,0.0,0.0,0.0,0.0,25.0,125.0,-100.0,140.93,-4.0,-4.0,-100.0,0.68,0.68,0.0,0.35,0.0,,1.0,0.0,,,1.0,1.0,0.0,0.0,0.0,0.0,1.0
4,新竹御嵿攻城獅,75|87|10887|13778,高國豪/蔡宸綱/德魯/辛巴,1,4,4.0,40.87,0.68,00:41,40.87,0.68,00:41,1.0,1.0,25.0,52.85,5.0,5.0,125.0,264.24,1.0,1.0,25.0,52.85,0.0,0.0,0.0,0.0,1.0,1.0,25.0,52.85,0.0,0.0,0.0,0.0,0.0,0.0,0.0,0.0,0.0,0.0,0.0,0.0,1.0,1.0,25.0,52.85,1.0,1.0,25.0,52.85,0.0,0.0,0.0,0.0,1.0,1.0,25.0,52.85,0.0,0.0,0.0,0.0,0.0,0.0,0.0,0.0,0.0,0.0,0.0,0.0,0.0,0.0,0.0,0.0,0.0,0.0,0.0,0.0,0.0,0.0,0.0,0.0,0.0,0.0,0.0,0.0,0.0,0.0,0.0,0.0,25.0,125.0,-100.0,140.93,-4.0,-4.0,-100.0,0.68,0.68,0.0,0.35,0.0,,1.0,0.0,,,1.0,1.0,0.0,0.0,0.0,0.0,1.0
4,新竹御嵿攻城獅,76|87|10887|13778,曾柏喻/蔡宸綱/德魯/辛巴,1,4,4.0,40.87,0.68,00:41,40.87,0.68,00:41,1.0,1.0,25.0,52.85,5.0,5.0,125.0,264.24,1.0,1.0,25.0,52.85,0.0,0.0,0.0,0.0,1.0,1.0,25.0,52.85,0.0,0.0,0.0,0.0,0.0,0.0,0.0,0.0,0.0,0.0,0.0,0.0,1.0,1.0,25.0,52.85,1.0,1.0,25.0,52.85,0.0,0.0,0.0,0.0,1.0,1.0,25.0,52.85,0.0,0.0,0.0,0.0,0.0,0.0,0.0,0.0,0.0,0.0,0.0,0.0,0.0,0.0,0.0,0.0,0.0,0.0,0.0,0.0,0.0,0.0,0.0,0.0,0.0,0.0,0.0,0.0,0.0,0.0,0.0,0.0,25.0,125.0,-100.0,140.93,-4.0,-4.0,-100.0,0.68,0.68,0.0,0.35,0.0,,1.0,0.0,,,1.0,1.0,0.0,0.0,0.0,0.0,1.0
4,新竹御嵿攻城獅,75|87|10887|14982,高國豪/蔡宸綱/德魯/徐小龍,3,25,27.0,349.57,5.83,05:50,116.52,1.94,01:57,20.0,6.67,74.07,123.58,19.0,6.33,70.37,117.4,10.0,3.33,37.04,61.79,6.0,2.0,22.22,37.07,6.0,2.0,22.22,37.07,4.0,1.33,14.81,24.72,4.0,1.33,14.81,24.72,2.0,0.67,7.41,12.36,8.0,2.67,29.63,49.43,6.0,2.0,22.22,37.07,1.0,0.33,3.7,6.18,4.0,1.33,14.81,24.72,0.0,0.0,0.0,0.0,3.0,1.0,11.11,18.54,0.0,0.0,0.0,0.0,5.0,1.67,18.52,30.9,0.0,0.0,0.0,0.0,1.0,0.33,3.7,6.18,4.0,1.33,14.81,24.72,4.0,1.33,14.81,24.72,74.07,70.37,3.7,111.22,1.0,0.33,3.7,5.83,1.94,0.7,0.74,0.67,0.5,0.75,0.0,0.83,0.25,1.0,0.62,0.0,3.7,0.15,14.81,0.8
4,新竹御嵿攻城獅,75|87|14843|14982,高國豪/蔡宸綱/馬力/徐小龍,3,57,64.0,807.38,13.46,13:27,269.13,4.49,04:29,25.0,8.33,39.06,66.88,31.0,10.33,48.44,82.94,17.0,5.67,26.56,45.48,8.0,2.67,12.5,21.4,10.0,3.33,15.62,26.75,6.0,2.0,9.38,16.05,7.0,2.33,10.94,18.73,2.0,0.67,3.12,5.35,12.0,4.0,18.75,32.1,7.0,2.33,10.94,18.73,0.0,0.0,0.0,0.0,10.0,3.33,15.62,26.75,3.0,1.0,4.69,8.03,13.0,4.33,20.31,34.78,7.0,2.33,10.94,18.73,4.0,1.33,6.25,10.7,5.0,1.67,7.81,13.38,1.0,0.33,1.56,2.68,9.0,3.0,14.06,24.08,9.0,3.0,14.06,24.08,39.06,48.44,-9.38,114.15,-6.0,-2.0,-9.38,13.46,4.49,0.53,0.56,0.6,0.29,0.58,0.24,0.5,0.0,0.77,0.38,7.81,1.56,0.14,14.06,0.71
4,新竹御嵿攻城獅,75|10887|14843|14982,高國豪/德魯/馬力/徐小龍,1,8,9.0,73.66,1.23,01:14,73.66,1.23,01:14,8.0,8.0,88.89,234.59,5.0,5.0,55.56,146.62,2.0,2.0,22.22,58.65,2.0,2.0,22.22,58.65,2.0,2.0,22.22,58.65,2.0,2.0,22.22,58.65,0.0,0.0,0.0,0.0,0.0,0.0,0.0,0.0,6.0,6.0,66.67,175.94,4.0,4.0,44.44,117.29,0.0,0.0,0.0,0.0,1.0,1.0,11.11,29.32,0.0,0.0,0.0,0.0,1.0,1.0,11.11,29.32,0.0,0.0,0.0,0.0,1.0,1.0,11.11,29.32,0.0,0.0,0.0,0.0,0.0,0.0,0.0,0.0,3.0,3.0,33.33,87.97,3.0,3.0,33.33,87.97,88.89,55.56,33.33,175.94,3.0,3.0,33.33,1.23,1.23,1.0,0.86,1.0,,0.67,0.0,0.5,0.0,1.0,0.5,0.0,0.0,0.33,33.33,3.0
4,新竹御嵿攻城獅,87|10887|14843|14982,蔡宸綱/德魯/馬力/徐小龍,4,55,64.0,799.54,13.33,13:20,199.89,3.33,03:20,34.0,8.5,53.12,91.85,30.0,7.5,46.88,81.05,21.0,5.25,32.81,56.73,11.0,2.75,17.19,29.72,14.0,3.5,21.88,37.82,9.0,2.25,14.06,24.31,7.0,1.75,10.94,18.91,2.0,0.5,3.12,5.4,13.0,3.25,20.31,35.12,10.0,2.5,15.62,27.02,2.0,0.5,3.12,5.4,9.0,2.25,14.06,24.31,4.0,1.0,6.25,10.81,11.0,2.75,17.19,29.72,4.0,1.0,6.25,10.81,5.0,1.25,7.81,13.51,3.0,0.75,4.69,8.1,0.0,0.0,0.0,0.0,9.0,2.25,14.06,24.31,7.0,1.75,10.94,18.91,53.12,46.88,6.25,115.27,4.0,1.0,6.25,13.33,3.33,0.57,0.64,0.64,0.29,0.77,0.13,0.45,0.15,0.69,0.42,4.69,0.0,0.14,10.94,0.62
4,新竹御嵿攻城獅,87|88|10887|14843,蔡宸綱/盧冠軒/德魯/馬力,5,63,74.0,1826.91,30.45,30:27,365.38,6.09,06:05,33.0,6.6,44.59,39.02,33.0,6.6,44.59,39.02,26.0,5.2,35.14,30.74,13.0,2.6,17.57,15.37,14.0,2.8,18.92,16.55,8.0,1.6,10.81,9.46,12.0,2.4,16.22,14.19,5.0,1.0,6.76,5.91,5.0,1.0,6.76,5.91,3.0,0.6,4.05,3.55,3.0,0.6,4.05,3.55,10.0,2.0,13.51,11.82,6.0,1.2,8.11,7.09,13.0,2.6,17.57,15.37,7.0,1.4,9.46,8.28,8.0,1.6,10.81,9.46,5.0,1.0,6.76,5.91,1.0,0.2,1.35,1.18,3.0,0.6,4.05,3.55,6.0,1.2,8.11,7.09,44.59,44.59,0.0,58.33,0.0,0.0,0.0,30.45,6.09,0.6,0.59,0.57,0.42,0.6,0.2,0.62,0.19,0.62,0.41,6.76,1.35,0.04,8.11,0.19
4,新竹御嵿攻城獅,87|88|10887|14982,蔡宸綱/盧冠軒/德魯/徐小龍,5,52,62.0,768.26,12.8,12:48,153.65,2.56,02:34,24.0,4.8,38.71,67.48,23.0,4.6,37.1,64.67,22.0,4.4,35.48,61.85,10.0,2.0,16.13,28.12,14.0,2.8,22.58,39.36,8.0,1.6,12.9,22.49,8.0,1.6,12.9,22.49,2.0,0.4,3.23,5.62,4.0,0.8,6.45,11.25,2.0,0.4,3.23,5.62,3.0,0.6,4.84,8.43,9.0,1.8,14.52,25.3,5.0,1.0,8.06,14.06,11.0,2.2,17.74,30.93,5.0,1.0,8.06,14.06,5.0,1.0,8.06,14.06,3.0,0.6,4.84,8.43,0.0,0.0,0.0,0.0,5.0,1.0,8.06,14.06,3.0,0.6,4.84,8.43,38.71,37.1,1.61,116.21,1.0,0.2,1.61,12.8,2.56,0.5,0.51,0.57,0.25,0.5,0.17,0.5,0.21,0.64,0.43,4.84,0.0,0.08,4.84,0.18
4,新竹御嵿攻城獅,87|88|14843|14982,蔡宸綱/盧冠軒/馬力/徐小龍,4,111,126.0,1720.62,28.68,28:41,430.16,7.17,07:10,58.0,14.5,46.03,72.81,46.0,11.5,36.51,57.75,51.0,12.75,40.48,64.02,25.0,6.25,19.84,31.38,36.0,9.0,28.57,45.19,21.0,5.25,16.67,26.36,15.0,3.75,11.9,18.83,4.0,1.0,3.17,5.02,5.0,1.25,3.97,6.28,4.0,1.0,3.17,5.02,5.0,1.25,3.97,6.28,21.0,5.25,16.67,26.36,5.0,1.25,3.97,6.28,26.0,6.5,20.63,32.64,8.0,2.0,6.35,10.04,16.0,4.0,12.7,20.09,5.0,1.25,3.97,6.28,2.0,0.5,1.59,2.51,6.0,1.5,4.76,7.53,9.0,2.25,7.14,11.3,46.03,36.51,9.52,105.45,12.0,3.0,9.52,28.68,7.17,0.53,0.55,0.58,0.27,0.8,0.13,0.64,0.16,0.81,0.46,3.97,1.59,0.05,7.14,0.1
4,新竹御嵿攻城獅,88|10887|14843|14982,盧冠軒/德魯/馬力/徐小龍,3,39,46.0,585.48,9.76,09:45,195.16,3.25,03:15,22.0,7.33,47.83,81.16,17.0,5.67,36.96,62.72,17.0,5.67,36.96,62.72,9.0,3.0,19.57,33.2,11.0,3.67,23.91,40.58,7.0,2.33,15.22,25.83,6.0,2.0,13.04,22.14,2.0,0.67,4.35,7.38,3.0,1.0,6.52,11.07,2.0,0.67,4.35,7.38,2.0,0.67,4.35,7.38,6.0,2.0,13.04,22.14,3.0,1.0,6.52,11.07,9.0,3.0,19.57,33.2,4.0,1.33,8.7,14.76,4.0,1.33,8.7,14.76,3.0,1.0,6.52,11.07,0.0,0.0,0.0,0.0,3.0,1.0,6.52,11.07,2.0,0.67,4.35,7.38,47.83,36.96,10.87,113.14,5.0,1.67,10.87,9.76,3.25,0.59,0.6,0.64,0.33,0.67,0.18,0.44,0.18,0.67,0.4,6.52,0.0,0.07,4.35,0.18
4,新竹御嵿攻城獅,75|88|10887|13778,高國豪/盧冠軒/德魯/辛巴,1,9,11.0,130.0,2.17,02:10,130.0,2.17,02:10,2.0,2.0,18.18,33.23,5.0,5.0,45.45,83.08,6.0,6.0,54.55,99.69,1.0,1.0,9.09,16.62,5.0,5.0,45.45,83.08,1.0,1.0,9.09,16.62,1.0,1.0,9.09,16.62,0.0,0.0,0.0,0.0,0.0,0.0,0.0,0.0,0.0,0.0,0.0,0.0,1.0,1.0,9.09,16.62,4.0,4.0,36.36,66.46,0.0,0.0,0.0,0.0,2.0,2.0,18.18,33.23,0.0,0.0,0.0,0.0,1.0,1.0,9.09,16.62,0.0,0.0,0.0,0.0,0.0,0.0,0.0,0.0,1.0,1.0,9.09,16.62,3.0,3.0,27.27,49.85,18.18,45.45,-27.27,121.85,-3.0,-3.0,-27.27,2.17,2.17,0.17,0.17,0.2,0.0,,0.0,1.0,0.33,1.0,0.71,0.0,0.0,0.09,27.27,0.0
4,新竹御嵿攻城獅,75|88|10887|14982,高國豪/盧冠軒/德魯/徐小龍,2,24,26.0,363.0,6.05,06:03,181.5,3.03,03:02,15.0,7.5,57.69,89.26,11.0,5.5,42.31,65.45,13.0,6.5,50.0,77.36,6.0,3.0,23.08,35.7,9.0,4.5,34.62,53.55,3.0,1.5,11.54,17.85,4.0,2.0,15.38,23.8,3.0,1.5,11.54,17.85,0.0,0.0,0.0,0.0,0.0,0.0,0.0,0.0,1.0,0.5,3.85,5.95,6.0,3.0,23.08,35.7,0.0,0.0,0.0,0.0,4.0,2.0,15.38,23.8,1.0,0.5,3.85,5.95,3.0,1.5,11.54,17.85,1.0,0.5,3.85,5.95,0.0,0.0,0.0,0.0,1.0,0.5,3.85,5.95,3.0,1.5,11.54,17.85,57.69,42.31,15.38,103.14,4.0,2.0,15.38,6.05,3.03,0.58,0.58,0.33,0.75,,0.07,0.5,0.2,1.0,0.64,3.85,0.0,0.04,11.54,0.0
4,新竹御嵿攻城獅,75|88|13778|14982,高國豪/盧冠軒/辛巴/徐小龍,1,17,20.0,252.13,4.2,04:12,252.13,4.2,04:12,7.0,7.0,35.0,59.97,7.0,7.0,35.0,59.97,8.0,8.0,40.0,68.53,3.0,3.0,15.0,25.7,6.0,6.0,30.0,51.4,2.0,2.0,10.0,17.13,2.0,2.0,10.0,17.13,1.0,1.0,5.0,8.57,1.0,1.0,5.0,8.57,0.0,0.0,0.0,0.0,1.0,1.0,5.0,8.57,5.0,5.0,25.0,42.83,1.0,1.0,5.0,8.57,5.0,5.0,25.0,42.83,1.0,1.0,5.0,8.57,2.0,2.0,10.0,17.13,0.0,0.0,0.0,0.0,0.0,0.0,0.0,0.0,2.0,2.0,10.0,17.13,3.0,3.0,15.0,25.7,35.0,35.0,0.0,114.22,0.0,0.0,0.0,4.2,4.2,0.44,0.41,0.33,0.5,0.0,0.11,0.67,0.17,0.83,0.5,0.0,0.0,0.1,15.0,0.12
4,新竹御嵿攻城獅,75|10887|13778|14982,高國豪/德魯/辛巴/徐小龍,1,9,11.0,130.0,2.17,02:10,130.0,2.17,02:10,2.0,2.0,18.18,33.23,5.0,5.0,45.45,83.08,6.0,6.0,54.55,99.69,1.0,1.0,9.09,16.62,5.0,5.0,45.45,83.08,1.0,1.0,9.09,16.62,1.0,1.0,9.09,16.62,0.0,0.0,0.0,0.0,0.0,0.0,0.0,0.0,0.0,0.0,0.0,0.0,1.0,1.0,9.09,16.62,4.0,4.0,36.36,66.46,0.0,0.0,0.0,0.0,2.0,2.0,18.18,33.23,0.0,0.0,0.0,0.0,1.0,1.0,9.09,16.62,0.0,0.0,0.0,0.0,0.0,0.0,0.0,0.0,1.0,1.0,9.09,16.62,3.0,3.0,27.27,49.85,18.18,45.45,-27.27,121.85,-3.0,-3.0,-27.27,2.17,2.17,0.17,0.17,0.2,0.0,,0.0,1.0,0.33,1.0,0.71,0.0,0.0,0.09,27.27,0.0
4,新竹御嵿攻城獅,88|10887|13778|14982,盧冠軒/德魯/辛巴/徐小龍,1,9,11.0,130.0,2.17,02:10,130.0,2.17,02:10,2.0,2.0,18.18,33.23,5.0,5.0,45.45,83.08,6.0,6.0,54.55,99.69,1.0,1.0,9.09,16.62,5.0,5.0,45.45,83.08,1.0,1.0,9.09,16.62,1.0,1.0,9.09,16.62,0.0,0.0,0.0,0.0,0.0,0.0,0.0,0.0,0.0,0.0,0.0,0.0,1.0,1.0,9.09,16.62,4.0,4.0,36.36,66.46,0.0,0.0,0.0,0.0,2.0,2.0,18.18,33.23,0.0,0.0,0.0,0.0,1.0,1.0,9.09,16.62,0.0,0.0,0.0,0.0,0.0,0.0,0.0,0.0,1.0,1.0,9.09,16.62,3.0,3.0,27.27,49.85,18.18,45.45,-27.27,121.85,-3.0,-3.0,-27.27,2.17,2.17,0.17,0.17,0.2,0.0,,0.0,1.0,0.33,1.0,0.71,0.0,0.0,0.09,27.27,0.0
4,新竹御嵿攻城獅,75|87|88|13778,高國豪/蔡宸綱/盧冠軒/辛巴,1,8,9.0,122.13,2.04,02:02,122.13,2.04,02:02,5.0,5.0,55.56,88.43,2.0,2.0,22.22,35.37,2.0,2.0,22.22,35.37,2.0,2.0,22.22,35.37,1.0,1.0,11.11,17.69,1.0,1.0,11.11,17.69,1.0,1.0,11.11,17.69,1.0,1.0,11.11,17.69,1.0,1.0,11.11,17.69,0.0,0.0,0.0,0.0,0.0,0.0,0.0,0.0,1.0,1.0,11.11,17.69,1.0,1.0,11.11,17.69,3.0,3.0,33.33,53.06,1.0,1.0,11.11,17.69,1.0,1.0,11.11,17.69,0.0,0.0,0.0,0.0,0.0,0.0,0.0,0.0,1.0,1.0,11.11,17.69,0.0,0.0,0.0,0.0,55.56,22.22,33.33,106.11,3.0,3.0,33.33,2.04,2.04,1.25,1.02,1.0,1.0,0.0,0.29,0.5,0.0,0.5,0.2,0.0,0.0,0.11,0.0,0.5
4,新竹御嵿攻城獅,75|87|88|14982,高國豪/蔡宸綱/盧冠軒/徐小龍,1,8,9.0,122.13,2.04,02:02,122.13,2.04,02:02,5.0,5.0,55.56,88.43,2.0,2.0,22.22,35.37,2.0,2.0,22.22,35.37,2.0,2.0,22.22,35.37,1.0,1.0,11.11,17.69,1.0,1.0,11.11,17.69,1.0,1.0,11.11,17.69,1.0,1.0,11.11,17.69,1.0,1.0,11.11,17.69,0.0,0.0,0.0,0.0,0.0,0.0,0.0,0.0,1.0,1.0,11.11,17.69,1.0,1.0,11.11,17.69,3.0,3.0,33.33,53.06,1.0,1.0,11.11,17.69,1.0,1.0,11.11,17.69,0.0,0.0,0.0,0.0,0.0,0.0,0.0,0.0,1.0,1.0,11.11,17.69,0.0,0.0,0.0,0.0,55.56,22.22,33.33,106.11,3.0,3.0,33.33,2.04,2.04,1.25,1.02,1.0,1.0,0.0,0.29,0.5,0.0,0.5,0.2,0.0,0.0,0.11,0.0,0.5
4,新竹御嵿攻城獅,75|87|13778|14982,高國豪/蔡宸綱/辛巴/徐小龍,1,24,28.0,348.34,5.81,05:48,348.34,5.81,05:48,14.0,14.0,50.0,86.81,2.0,2.0,7.14,12.4,6.0,6.0,21.43,37.21,5.0,5.0,17.86,31.0,4.0,4.0,14.29,24.8,3.0,3.0,10.71,18.6,2.0,2.0,7.14,12.4,2.0,2.0,7.14,12.4,5.0,5.0,17.86,31.0,2.0,2.0,7.14,12.4,0.0,0.0,0.0,0.0,2.0,2.0,7.14,12.4,3.0,3.0,10.71,18.6,9.0,9.0,32.14,55.81,3.0,3.0,10.71,18.6,2.0,2.0,7.14,12.4,1.0,1.0,3.57,6.2,0.0,0.0,0.0,0.0,3.0,3.0,10.71,18.6,0.0,0.0,0.0,0.0,50.0,7.14,42.86,115.75,12.0,12.0,42.86,5.81,5.81,1.0,0.85,0.75,1.0,0.4,0.27,0.4,0.0,0.4,0.14,3.57,0.0,0.11,0.0,0.83
4,新竹御嵿攻城獅,87|88|13778|14982,蔡宸綱/盧冠軒/辛巴/徐小龍,1,8,9.0,122.13,2.04,02:02,122.13,2.04,02:02,5.0,5.0,55.56,88.43,2.0,2.0,22.22,35.37,2.0,2.0,22.22,35.37,2.0,2.0,22.22,35.37,1.0,1.0,11.11,17.69,1.0,1.0,11.11,17.69,1.0,1.0,11.11,17.69,1.0,1.0,11.11,17.69,1.0,1.0,11.11,17.69,0.0,0.0,0.0,0.0,0.0,0.0,0.0,0.0,1.0,1.0,11.11,17.69,1.0,1.0,11.11,17.69,3.0,3.0,33.33,53.06,1.0,1.0,11.11,17.69,1.0,1.0,11.11,17.69,0.0,0.0,0.0,0.0,0.0,0.0,0.0,0.0,1.0,1.0,11.11,17.69,0.0,0.0,0.0,0.0,55.56,22.22,33.33,106.11,3.0,3.0,33.33,2.04,2.04,1.25,1.02,1.0,1.0,0.0,0.29,0.5,0.0,0.5,0.2,0.0,0.0,0.11,0.0,0.5
4,新竹御嵿攻城獅,75|13778|14843|14982,高國豪/辛巴/馬力/徐小龍,1,16,19.0,226.2,3.77,03:46,226.2,3.77,03:46,9.0,9.0,47.37,85.94,0.0,0.0,0.0,0.0,4.0,4.0,21.05,38.2,3.0,3.0,15.79,28.65,3.0,3.0,15.79,28.65,2.0,2.0,10.53,19.1,1.0,1.0,5.26,9.55,1.0,1.0,5.26,9.55,4.0,4.0,21.05,38.2,2.0,2.0,10.53,19.1,0.0,0.0,0.0,0.0,1.0,1.0,5.26,9.55,2.0,2.0,10.53,19.1,6.0,6.0,31.58,57.29,2.0,2.0,10.53,19.1,1.0,1.0,5.26,9.55,1.0,1.0,5.26,9.55,0.0,0.0,0.0,0.0,2.0,2.0,10.53,19.1,0.0,0.0,0.0,0.0,47.37,0.0,47.37,120.95,9.0,9.0,47.37,3.77,3.77,0.88,0.78,0.67,1.0,0.5,0.26,0.33,0.0,0.33,0.11,5.26,0.0,0.11,0.0,1.0
4,新竹御嵿攻城獅,87|13778|14843|14982,蔡宸綱/辛巴/馬力/徐小龍,1,16,19.0,226.2,3.77,03:46,226.2,3.77,03:46,9.0,9.0,47.37,85.94,0.0,0.0,0.0,0.0,4.0,4.0,21.05,38.2,3.0,3.0,15.79,28.65,3.0,3.0,15.79,28.65,2.0,2.0,10.53,19.1,1.0,1.0,5.26,9.55,1.0,1.0,5.26,9.55,4.0,4.0,21.05,38.2,2.0,2.0,10.53,19.1,0.0,0.0,0.0,0.0,1.0,1.0,5.26,9.55,2.0,2.0,10.53,19.1,6.0,6.0,31.58,57.29,2.0,2.0,10.53,19.1,1.0,1.0,5.26,9.55,1.0,1.0,5.26,9.55,0.0,0.0,0.0,0.0,2.0,2.0,10.53,19.1,0.0,0.0,0.0,0.0,47.37,0.0,47.37,120.95,9.0,9.0,47.37,3.77,3.77,0.88,0.78,0.67,1.0,0.5,0.26,0.33,0.0,0.33,0.11,5.26,0.0,0.11,0.0,1.0
4,高雄全家海神,116|118|121|4181,呂威霆/蘇文儒/吳曉謹/艾德,4,96,123.0,1555.92,25.93,25:56,388.98,6.48,06:29,60.0,15.0,48.78,83.29,66.0,16.5,53.66,91.62,46.0,11.5,37.4,63.86,21.0,5.25,17.07,29.15,28.0,7.0,22.76,38.87,16.0,4.0,13.01,22.21,18.0,4.5,14.63,24.99,5.0,1.25,4.07,6.94,17.0,4.25,13.82,23.6,13.0,3.25,10.57,18.05,10.0,2.5,8.13,13.88,16.0,4.0,13.01,22.21,5.0,1.25,4.07,6.94,17.0,4.25,13.82,23.6,6.0,1.5,4.88,8.33,14.0,3.5,11.38,19.44,4.0,1.0,3.25,5.55,4.0,1.0,3.25,5.55,11.0,2.75,8.94,15.27,17.0,4.25,13.82,23.6,48.78,53.66,-4.88,113.84,-6.0,-1.5,-4.88,25.93,6.48,0.51,0.56,0.57,0.28,0.76,0.1,0.67,0.37,0.76,0.54,3.25,3.25,0.09,13.82,0.37
4,高雄全家海神,116|118|4181|14844,呂威霆/蘇文儒/艾德/杭特,5,121,151.0,1921.91,32.03,32:02,384.38,6.41,06:24,67.0,13.4,44.37,75.3,76.0,15.2,50.33,85.41,57.0,11.4,37.75,64.06,23.0,4.6,15.23,25.85,32.0,6.4,21.19,35.96,16.0,3.2,10.6,17.98,25.0,5.0,16.56,28.1,7.0,1.4,4.64,7.87,17.0,3.4,11.26,19.11,14.0,2.8,9.27,15.73,10.0,2.0,6.62,11.24,23.0,4.6,15.23,25.85,7.0,1.4,4.64,7.87,24.0,4.8,15.89,26.97,8.0,1.6,5.3,8.99,16.0,3.2,10.6,17.98,6.0,1.2,3.97,6.74,6.0,1.2,3.97,6.74,14.0,2.8,9.27,15.73,25.0,5.0,16.56,28.1,44.37,50.33,-5.96,113.14,-9.0,-1.8,-5.96,32.03,6.41,0.46,0.52,0.5,0.28,0.82,0.11,0.7,0.29,0.77,0.52,3.97,3.97,0.09,16.56,0.3
4,高雄全家海神,116|121|4181|14844,呂威霆/吳曉謹/艾德/杭特,4,96,123.0,1568.02,26.13,26:08,392.0,6.53,06:32,60.0,15.0,48.78,82.65,64.0,16.0,52.03,88.16,48.0,12.0,39.02,66.12,22.0,5.5,17.89,30.31,30.0,7.5,24.39,41.33,17.0,4.25,13.82,23.42,18.0,4.5,14.63,24.8,5.0,1.25,4.07,6.89,13.0,3.25,10.57,17.91,11.0,2.75,8.94,15.15,10.0,2.5,8.13,13.78,17.0,4.25,13.82,23.42,5.0,1.25,4.07,6.89,17.0,4.25,13.82,23.42,6.0,1.5,4.88,8.27,14.0,3.5,11.38,19.29,4.0,1.0,3.25,5.51,4.0,1.0,3.25,5.51,11.0,2.75,8.94,15.15,15.0,3.75,12.2,20.66,48.78,52.03,-3.25,112.96,-4.0,-1.0,-3.25,26.13,6.53,0.51,0.56,0.57,0.28,0.85,0.1,0.64,0.37,0.77,0.55,3.25,3.25,0.09,12.2,0.27
4,高雄全家海神,118|121|4181|14844,蘇文儒/吳曉謹/艾德/杭特,5,310,372.0,5928.55,98.81,98:49,1185.71,19.76,19:46,186.0,37.2,50.0,67.77,185.0,37.0,49.73,67.4,139.0,27.8,37.37,50.64,68.0,13.6,18.28,24.78,80.0,16.0,21.51,29.15,47.0,9.4,12.63,17.12,59.0,11.8,15.86,21.5,21.0,4.2,5.65,7.65,45.0,9.0,12.1,16.4,33.0,6.6,8.87,12.02,23.0,4.6,6.18,8.38,52.0,10.4,13.98,18.95,19.0,3.8,5.11,6.92,57.0,11.4,15.32,20.77,22.0,4.4,5.91,8.02,44.0,8.8,11.83,16.03,12.0,2.4,3.23,4.37,10.0,2.0,2.69,3.64,42.0,8.4,11.29,15.3,47.0,9.4,12.63,17.12,50.0,49.73,0.27,90.36,1.0,0.2,0.27,98.81,19.76,0.56,0.59,0.59,0.36,0.73,0.12,0.65,0.29,0.73,0.5,3.23,2.69,0.11,12.63,0.32
4,高雄全家海神,51|109|116|14844,克力斯/于煥亞/呂威霆/杭特,2,11,12.0,172.45,2.87,02:52,86.22,1.44,01:26,3.0,1.5,25.0,37.58,6.0,3.0,50.0,75.15,4.0,2.0,33.33,50.1,1.0,0.5,8.33,12.53,1.0,0.5,8.33,12.53,0.0,0.0,0.0,0.0,3.0,1.5,25.0,37.58,1.0,0.5,8.33,12.53,0.0,0.0,0.0,0.0,0.0,0.0,0.0,0.0,0.0,0.0,0.0,0.0,3.0,1.5,25.0,37.58,1.0,0.5,8.33,12.53,1.0,0.5,8.33,12.53,1.0,0.5,8.33,12.53,1.0,0.5,8.33,12.53,0.0,0.0,0.0,0.0,0.0,0.0,0.0,0.0,2.0,1.0,16.67,25.05,4.0,2.0,33.33,50.1,25.0,50.0,-25.0,100.2,-3.0,-1.5,-25.0,2.87,1.44,0.38,0.38,0.0,0.33,,0.2,1.0,0.0,0.75,0.6,0.0,0.0,0.17,33.33,0.0
4,新北中信特攻,43|8889|10877|14707,林韋翰/馬可/阿巴西/金恩,1,8,8.0,81.4,1.36,01:21,81.4,1.36,01:21,5.0,5.0,62.5,132.68,2.0,2.0,25.0,53.07,1.0,1.0,12.5,26.54,1.0,1.0,12.5,26.54,1.0,1.0,12.5,26.54,1.0,1.0,12.5,26.54,0.0,0.0,0.0,0.0,0.0,0.0,0.0,0.0,3.0,3.0,37.5,79.61,3.0,3.0,37.5,79.61,0.0,0.0,0.0,0.0,0.0,0.0,0.0,0.0,0.0,0.0,0.0,0.0,1.0,1.0,12.5,26.54,1.0,1.0,12.5,26.54,0.0,0.0,0.0,0.0,0.0,0.0,0.0,0.0,0.0,0.0,0.0,0.0,1.0,1.0,12.5,26.54,2.0,2.0,25.0,53.07,62.5,25.0,37.5,141.53,3.0,3.0,37.5,1.36,1.36,1.0,1.08,1.0,,1.0,0.3,0.0,0.0,,0.0,0.0,0.0,0.12,25.0,3.0
4,新北中信特攻,43|10877|10879|14707,林韋翰/阿巴西/簡廷兆/金恩,1,6,6.0,70.06,1.17,01:10,70.06,1.17,01:10,3.0,3.0,50.0,92.49,0.0,0.0,0.0,0.0,1.0,1.0,16.67,30.83,1.0,1.0,16.67,30.83,1.0,1.0,16.67,30.83,1.0,1.0,16.67,30.83,0.0,0.0,0.0,0.0,0.0,0.0,0.0,0.0,1.0,1.0,16.67,30.83,1.0,1.0,16.67,30.83,0.0,0.0,0.0,0.0,0.0,0.0,0.0,0.0,0.0,0.0,0.0,0.0,1.0,1.0,16.67,30.83,1.0,1.0,16.67,30.83,0.0,0.0,0.0,0.0,0.0,0.0,0.0,0.0,0.0,0.0,0.0,0.0,0.0,0.0,0.0,0.0,0.0,0.0,0.0,0.0,50.0,0.0,50.0,123.32,3.0,3.0,50.0,1.17,1.17,1.0,1.04,1.0,,1.0,0.41,0.0,0.0,,0.0,0.0,0.0,0.0,0.0,1.0
4,新北中信特攻,8889|10877|10879|14707,馬可/阿巴西/簡廷兆/金恩,1,19,23.0,294.06,4.9,04:54,294.06,4.9,04:54,5.0,5.0,21.74,36.73,4.0,4.0,17.39,29.38,7.0,7.0,30.43,51.42,2.0,2.0,8.7,14.69,4.0,4.0,17.39,29.38,2.0,2.0,8.7,14.69,3.0,3.0,13.04,22.04,0.0,0.0,0.0,0.0,1.0,1.0,4.35,7.35,1.0,1.0,4.35,7.35,1.0,1.0,4.35,7.35,4.0,4.0,17.39,29.38,3.0,3.0,13.04,22.04,3.0,3.0,13.04,22.04,2.0,2.0,8.7,14.69,1.0,1.0,4.35,7.35,1.0,1.0,4.35,7.35,1.0,1.0,4.35,7.35,2.0,2.0,8.7,14.69,0.0,0.0,0.0,0.0,21.74,17.39,4.35,112.63,1.0,1.0,4.35,4.9,4.9,0.29,0.34,0.5,0.0,1.0,0.21,0.5,0.25,0.57,0.45,4.35,4.35,0.09,0.0,0.14
4,高雄全家海神,109|110|118|4181,于煥亞/胡瓏貿/蘇文儒/艾德,2,86,101.0,1485.42,24.76,24:45,742.71,12.38,12:23,34.0,17.0,33.66,49.44,36.0,18.0,35.64,52.35,38.0,19.0,37.62,55.26,11.0,5.5,10.89,16.0,22.0,11.0,21.78,31.99,8.0,4.0,7.92,11.63,16.0,8.0,15.84,23.27,3.0,1.5,2.97,4.36,15.0,7.5,14.85,21.81,9.0,4.5,8.91,13.09,6.0,3.0,5.94,8.72,20.0,10.0,19.8,29.08,8.0,4.0,7.92,11.63,19.0,9.5,18.81,27.63,7.0,3.5,6.93,10.18,6.0,3.0,5.94,8.72,3.0,1.5,2.97,4.36,1.0,0.5,0.99,1.45,15.0,7.5,14.85,21.81,13.0,6.5,12.87,18.9,33.66,35.64,-1.98,97.91,-2.0,-1.0,-1.98,24.76,12.38,0.33,0.38,0.36,0.19,0.6,0.14,0.55,0.24,0.71,0.49,2.97,0.99,0.15,12.87,0.39
4,高雄全家海神,109|110|4181|14844,于煥亞/胡瓏貿/艾德/杭特,2,76,89.0,1290.19,21.5,21:30,645.09,10.75,10:45,38.0,19.0,42.7,63.62,26.0,13.0,29.21,43.53,35.0,17.5,39.33,58.6,11.0,5.5,12.36,18.42,19.0,9.5,21.35,31.81,6.0,3.0,6.74,10.05,16.0,8.0,17.98,26.79,5.0,2.5,5.62,8.37,15.0,7.5,16.85,25.11,9.0,4.5,10.11,15.07,4.0,2.0,4.49,6.7,20.0,10.0,22.47,33.48,7.0,3.5,7.87,11.72,18.0,9.0,20.22,30.14,2.0,1.0,2.25,3.35,8.0,4.0,8.99,13.39,1.0,0.5,1.12,1.67,1.0,0.5,1.12,1.67,16.0,8.0,17.98,26.79,14.0,7.0,15.73,23.44,42.7,29.21,13.48,99.33,12.0,6.0,13.48,21.5,10.75,0.39,0.46,0.32,0.31,0.6,0.05,0.73,0.18,0.74,0.49,1.12,1.12,0.18,15.73,0.43
4,高雄全家海神,109|118|4181|14844,于煥亞/蘇文儒/艾德/杭特,3,74,84.0,1236.91,20.62,20:37,412.3,6.87,06:52,33.0,11.0,39.29,57.63,32.0,10.67,38.1,55.88,33.0,11.0,39.29,57.63,10.0,3.33,11.9,17.46,19.0,6.33,22.62,33.18,7.0,2.33,8.33,12.22,14.0,4.67,16.67,24.45,3.0,1.0,3.57,5.24,17.0,5.67,20.24,29.69,12.0,4.0,14.29,20.96,3.0,1.0,3.57,5.24,19.0,6.33,22.62,33.18,6.0,2.0,7.14,10.48,17.0,5.67,20.24,29.69,2.0,0.67,2.38,3.49,6.0,2.0,7.14,10.48,1.0,0.33,1.19,1.75,1.0,0.33,1.19,1.75,16.0,5.33,19.05,27.94,16.0,5.33,19.05,27.94,39.29,38.1,1.19,97.79,1.0,0.33,1.19,20.62,6.87,0.35,0.41,0.37,0.21,0.71,0.05,0.6,0.15,0.76,0.49,1.19,1.19,0.19,19.05,0.52
4,高雄全家海神,110|118|4181|14844,胡瓏貿/蘇文儒/艾德/杭特,5,295,346.0,5750.75,95.85,95:51,1150.15,19.17,19:10,171.0,34.2,49.42,64.23,152.0,30.4,43.93,57.09,128.0,25.6,36.99,48.08,57.0,11.4,16.47,21.41,68.0,13.6,19.65,25.54,35.0,7.0,10.12,13.15,60.0,12.0,17.34,22.54,22.0,4.4,6.36,8.26,52.0,10.4,15.03,19.53,37.0,7.4,10.69,13.9,16.0,3.2,4.62,6.01,57.0,11.4,16.47,21.41,23.0,4.6,6.65,8.64,56.0,11.2,16.18,21.03,19.0,3.8,5.49,7.14,36.0,7.2,10.4,13.52,11.0,2.2,3.18,4.13,6.0,1.2,1.73,2.25,51.0,10.2,14.74,19.16,40.0,8.0,11.56,15.02,49.42,43.93,5.49,86.64,19.0,3.8,5.49,95.85,19.17,0.53,0.57,0.51,0.37,0.71,0.11,0.63,0.22,0.71,0.48,3.18,1.73,0.15,11.56,0.41
4,高雄全家海神,51|109|110|4181,克力斯/于煥亞/胡瓏貿/艾德,1,26,32.0,439.72,7.33,07:20,439.72,7.33,07:20,6.0,6.0,18.75,29.47,8.0,8.0,25.0,39.3,14.0,14.0,43.75,68.77,3.0,3.0,9.38,14.74,6.0,6.0,18.75,29.47,3.0,3.0,9.38,14.74,8.0,8.0,25.0,39.3,0.0,0.0,0.0,0.0,0.0,0.0,0.0,0.0,0.0,0.0,0.0,0.0,5.0,5.0,15.62,24.56,6.0,6.0,18.75,29.47,1.0,1.0,3.12,4.91,7.0,7.0,21.88,34.39,5.0,5.0,15.62,24.56,2.0,2.0,6.25,9.82,2.0,2.0,6.25,9.82,0.0,0.0,0.0,0.0,0.0,0.0,0.0,0.0,2.0,2.0,6.25,9.82,18.75,25.0,-6.25,104.79,-2.0,-2.0,-6.25,7.33,7.33,0.21,0.21,0.5,0.0,,0.26,0.67,0.42,0.86,0.58,6.25,0.0,0.0,6.25,0.0
4,高雄全家海神,51|109|121|4181,克力斯/于煥亞/吳曉謹/艾德,2,51,66.0,885.46,14.76,14:45,442.73,7.38,07:23,29.0,14.5,43.94,70.74,42.0,21.0,63.64,102.46,27.0,13.5,40.91,65.86,11.0,5.5,16.67,26.83,14.0,7.0,21.21,34.15,8.0,4.0,12.12,19.52,13.0,6.5,19.7,31.71,3.0,1.5,4.55,7.32,7.0,3.5,10.61,17.08,4.0,2.0,6.06,9.76,8.0,4.0,12.12,19.52,9.0,4.5,13.64,21.95,5.0,2.5,7.58,12.2,4.0,2.0,6.06,9.76,5.0,2.5,7.58,12.2,8.0,4.0,12.12,19.52,3.0,1.5,4.55,7.32,0.0,0.0,0.0,0.0,5.0,2.5,7.58,12.2,5.0,2.5,7.58,12.2,43.94,63.64,-19.7,107.33,-13.0,-6.5,-19.7,14.76,7.38,0.46,0.48,0.57,0.23,0.57,0.14,0.73,0.67,0.64,0.65,4.55,0.0,0.08,7.58,0.26
4,高雄全家海神,51|110|121|4181,克力斯/胡瓏貿/吳曉謹/艾德,1,7,8.0,119.88,2.0,02:00,119.88,2.0,02:00,2.0,2.0,25.0,36.04,2.0,2.0,25.0,36.04,5.0,5.0,62.5,90.09,1.0,1.0,12.5,18.02,2.0,2.0,25.0,36.04,1.0,1.0,12.5,18.02,3.0,3.0,37.5,54.05,0.0,0.0,0.0,0.0,0.0,0.0,0.0,0.0,0.0,0.0,0.0,0.0,1.0,1.0,12.5,18.02,3.0,3.0,37.5,54.05,0.0,0.0,0.0,0.0,2.0,2.0,25.0,36.04,0.0,0.0,0.0,0.0,1.0,1.0,12.5,18.02,0.0,0.0,0.0,0.0,0.0,0.0,0.0,0.0,1.0,1.0,12.5,18.02,0.0,0.0,0.0,0.0,25.0,25.0,0.0,96.1,0.0,0.0,0.0,2.0,2.0,0.2,0.2,0.5,0.0,,0.0,1.0,0.33,1.0,0.67,0.0,0.0,0.12,0.0,0.0
4,高雄全家海神,109|110|121|4181,于煥亞/胡瓏貿/吳曉謹/艾德,2,15,17.0,235.12,3.92,03:55,117.56,1.96,01:58,11.0,5.5,64.71,101.06,7.0,3.5,41.18,64.31,9.0,4.5,52.94,82.68,5.0,2.5,29.41,45.93,4.0,2.0,23.53,36.75,4.0,2.0,23.53,36.75,5.0,2.5,29.41,45.93,1.0,0.5,5.88,9.19,0.0,0.0,0.0,0.0,0.0,0.0,0.0,0.0,1.0,0.5,5.88,9.19,3.0,1.5,17.65,27.56,0.0,0.0,0.0,0.0,2.0,1.0,11.76,18.37,0.0,0.0,0.0,0.0,4.0,2.0,23.53,36.75,0.0,0.0,0.0,0.0,0.0,0.0,0.0,0.0,0.0,0.0,0.0,0.0,4.0,2.0,23.53,36.75,64.71,41.18,23.53,104.12,4.0,2.0,23.53,3.92,1.96,0.61,0.61,1.0,0.2,,0.0,0.8,0.33,1.0,0.67,0.0,0.0,0.0,23.53,0.0
4,新北中信特攻,39|47|8889|10879,魏嘉豪/曾文鼎/馬可/簡廷兆,1,9,10.0,149.21,2.49,02:29,149.21,2.49,02:29,4.0,4.0,40.0,57.91,4.0,4.0,40.0,57.91,3.0,3.0,30.0,43.43,2.0,2.0,20.0,28.95,2.0,2.0,20.0,28.95,2.0,2.0,20.0,28.95,1.0,1.0,10.0,14.48,0.0,0.0,0.0,0.0,2.0,2.0,20.0,28.95,0.0,0.0,0.0,0.0,0.0,0.0,0.0,0.0,2.0,2.0,20.0,28.95,1.0,1.0,10.0,14.48,3.0,3.0,30.0,43.43,0.0,0.0,0.0,0.0,0.0,0.0,0.0,0.0,0.0,0.0,0.0,0.0,0.0,0.0,0.0,0.0,1.0,1.0,10.0,14.48,0.0,0.0,0.0,0.0,40.0,40.0,0.0,96.51,0.0,0.0,0.0,2.49,2.49,0.67,0.52,1.0,0.0,0.0,0.0,0.0,0.0,0.67,0.33,0.0,0.0,0.1,0.0,0.67
4,新北中信特攻,39|47|8889|14707,魏嘉豪/曾文鼎/馬可/金恩,1,9,10.0,149.21,2.49,02:29,149.21,2.49,02:29,4.0,4.0,40.0,57.91,4.0,4.0,40.0,57.91,3.0,3.0,30.0,43.43,2.0,2.0,20.0,28.95,2.0,2.0,20.0,28.95,2.0,2.0,20.0,28.95,1.0,1.0,10.0,14.48,0.0,0.0,0.0,0.0,2.0,2.0,20.0,28.95,0.0,0.0,0.0,0.0,0.0,0.0,0.0,0.0,2.0,2.0,20.0,28.95,1.0,1.0,10.0,14.48,3.0,3.0,30.0,43.43,0.0,0.0,0.0,0.0,0.0,0.0,0.0,0.0,0.0,0.0,0.0,0.0,0.0,0.0,0.0,0.0,1.0,1.0,10.0,14.48,0.0,0.0,0.0,0.0,40.0,40.0,0.0,96.51,0.0,0.0,0.0,2.49,2.49,0.67,0.52,1.0,0.0,0.0,0.0,0.0,0.0,0.67,0.33,0.0,0.0,0.1,0.0,0.67
4,新北中信特攻,39|47|10879|14707,魏嘉豪/曾文鼎/簡廷兆/金恩,1,27,31.0,1190.49,19.84,19:50,1190.49,19.84,19:50,11.0,11.0,35.48,19.96,14.0,14.0,45.16,25.4,10.0,10.0,32.26,18.14,5.0,5.0,16.13,9.07,6.0,6.0,19.35,10.89,4.0,4.0,12.9,7.26,4.0,4.0,12.9,7.26,1.0,1.0,3.23,1.81,2.0,2.0,6.45,3.63,0.0,0.0,0.0,0.0,2.0,2.0,6.45,3.63,4.0,4.0,12.9,7.26,1.0,1.0,3.23,1.81,6.0,6.0,19.35,10.89,4.0,4.0,12.9,7.26,1.0,1.0,3.23,1.81,1.0,1.0,3.23,1.81,0.0,0.0,0.0,0.0,3.0,3.0,9.68,5.44,4.0,4.0,12.9,7.26,35.48,45.16,-9.68,37.5,-3.0,-3.0,-9.68,19.84,19.84,0.55,0.51,0.67,0.25,0.0,0.27,0.2,0.25,0.8,0.46,3.23,0.0,0.1,12.9,0.2
4,新北中信特攻,39|8889|10879|14707,魏嘉豪/馬可/簡廷兆/金恩,1,9,10.0,149.21,2.49,02:29,149.21,2.49,02:29,4.0,4.0,40.0,57.91,4.0,4.0,40.0,57.91,3.0,3.0,30.0,43.43,2.0,2.0,20.0,28.95,2.0,2.0,20.0,28.95,2.0,2.0,20.0,28.95,1.0,1.0,10.0,14.48,0.0,0.0,0.0,0.0,2.0,2.0,20.0,28.95,0.0,0.0,0.0,0.0,0.0,0.0,0.0,0.0,2.0,2.0,20.0,28.95,1.0,1.0,10.0,14.48,3.0,3.0,30.0,43.43,0.0,0.0,0.0,0.0,0.0,0.0,0.0,0.0,0.0,0.0,0.0,0.0,0.0,0.0,0.0,0.0,1.0,1.0,10.0,14.48,0.0,0.0,0.0,0.0,40.0,40.0,0.0,96.51,0.0,0.0,0.0,2.49,2.49,0.67,0.52,1.0,0.0,0.0,0.0,0.0,0.0,0.67,0.33,0.0,0.0,0.1,0.0,0.67
4,新北中信特攻,47|8889|10879|14707,曾文鼎/馬可/簡廷兆/金恩,1,9,10.0,149.21,2.49,02:29,149.21,2.49,02:29,4.0,4.0,40.0,57.91,4.0,4.0,40.0,57.91,3.0,3.0,30.0,43.43,2.0,2.0,20.0,28.95,2.0,2.0,20.0,28.95,2.0,2.0,20.0,28.95,1.0,1.0,10.0,14.48,0.0,0.0,0.0,0.0,2.0,2.0,20.0,28.95,0.0,0.0,0.0,0.0,0.0,0.0,0.0,0.0,2.0,2.0,20.0,28.95,1.0,1.0,10.0,14.48,3.0,3.0,30.0,43.43,0.0,0.0,0.0,0.0,0.0,0.0,0.0,0.0,0.0,0.0,0.0,0.0,0.0,0.0,0.0,0.0,1.0,1.0,10.0,14.48,0.0,0.0,0.0,0.0,40.0,40.0,0.0,96.51,0.0,0.0,0.0,2.49,2.49,0.67,0.52,1.0,0.0,0.0,0.0,0.0,0.0,0.67,0.33,0.0,0.0,0.1,0.0,0.67
4,高雄全家海神,51|109|122|4181,克力斯/于煥亞/陳懷安/艾德,2,13,14.0,191.47,3.19,03:11,95.73,1.6,01:36,5.0,2.5,35.71,56.41,4.0,2.0,28.57,45.12,7.0,3.5,50.0,78.97,2.0,1.0,14.29,22.56,3.0,1.5,21.43,33.84,1.0,0.5,7.14,11.28,4.0,2.0,28.57,45.12,1.0,0.5,7.14,11.28,0.0,0.0,0.0,0.0,0.0,0.0,0.0,0.0,1.0,0.5,7.14,11.28,4.0,2.0,28.57,45.12,0.0,0.0,0.0,0.0,2.0,1.0,14.29,22.56,1.0,0.5,7.14,11.28,0.0,0.0,0.0,0.0,1.0,0.5,7.14,11.28,0.0,0.0,0.0,0.0,0.0,0.0,0.0,0.0,2.0,1.0,14.29,22.56,35.71,28.57,7.14,105.29,1.0,0.5,7.14,3.19,1.6,0.36,0.36,0.33,0.25,,0.12,0.0,0.33,1.0,0.71,7.14,0.0,0.0,14.29,0.0
4,高雄全家海神,51|121|122|4181,克力斯/吳曉謹/陳懷安/艾德,1,8,8.0,116.47,1.94,01:56,116.47,1.94,01:56,5.0,5.0,62.5,92.73,4.0,4.0,50.0,74.18,4.0,4.0,50.0,74.18,2.0,2.0,25.0,37.09,1.0,1.0,12.5,18.55,1.0,1.0,12.5,18.55,3.0,3.0,37.5,55.64,1.0,1.0,12.5,18.55,0.0,0.0,0.0,0.0,0.0,0.0,0.0,0.0,0.0,0.0,0.0,0.0,2.0,2.0,25.0,37.09,0.0,0.0,0.0,0.0,1.0,1.0,12.5,18.55,0.0,0.0,0.0,0.0,0.0,0.0,0.0,0.0,0.0,0.0,0.0,0.0,0.0,0.0,0.0,0.0,0.0,0.0,0.0,0.0,2.0,2.0,25.0,37.09,62.5,50.0,12.5,98.91,1.0,1.0,12.5,1.94,1.94,0.62,0.62,1.0,0.33,,0.0,0.0,0.0,1.0,0.67,0.0,0.0,0.0,25.0,0.0
4,高雄全家海神,109|121|122|4181,于煥亞/吳曉謹/陳懷安/艾德,1,8,8.0,116.47,1.94,01:56,116.47,1.94,01:56,5.0,5.0,62.5,92.73,4.0,4.0,50.0,74.18,4.0,4.0,50.0,74.18,2.0,2.0,25.0,37.09,1.0,1.0,12.5,18.55,1.0,1.0,12.5,18.55,3.0,3.0,37.5,55.64,1.0,1.0,12.5,18.55,0.0,0.0,0.0,0.0,0.0,0.0,0.0,0.0,0.0,0.0,0.0,0.0,2.0,2.0,25.0,37.09,0.0,0.0,0.0,0.0,1.0,1.0,12.5,18.55,0.0,0.0,0.0,0.0,0.0,0.0,0.0,0.0,0.0,0.0,0.0,0.0,0.0,0.0,0.0,0.0,0.0,0.0,0.0,0.0,2.0,2.0,25.0,37.09,62.5,50.0,12.5,98.91,1.0,1.0,12.5,1.94,1.94,0.62,0.62,1.0,0.33,,0.0,0.0,0.0,1.0,0.67,0.0,0.0,0.0,25.0,0.0
4,新北中信特攻,39|47|10880|14707,魏嘉豪/曾文鼎/內馬/金恩,1,18,21.0,1041.29,17.35,17:21,1041.29,17.35,17:21,7.0,7.0,33.33,14.52,10.0,10.0,47.62,20.74,7.0,7.0,33.33,14.52,3.0,3.0,14.29,6.22,4.0,4.0,19.05,8.3,2.0,2.0,9.52,4.15,3.0,3.0,14.29,6.22,1.0,1.0,4.76,2.07,0.0,0.0,0.0,0.0,0.0,0.0,0.0,0.0,2.0,2.0,9.52,4.15,2.0,2.0,9.52,4.15,0.0,0.0,0.0,0.0,3.0,3.0,14.29,6.22,4.0,4.0,19.05,8.3,1.0,1.0,4.76,2.07,1.0,1.0,4.76,2.07,0.0,0.0,0.0,0.0,2.0,2.0,9.52,4.15,4.0,4.0,19.05,8.3,33.33,47.62,-14.29,29.04,-3.0,-3.0,-14.29,17.35,17.35,0.5,0.5,0.5,0.33,,0.36,0.33,0.4,1.0,0.57,4.76,0.0,0.1,19.05,0.0
4,新北中信特攻,39|10879|10880|14707,魏嘉豪/簡廷兆/內馬/金恩,1,18,21.0,1041.29,17.35,17:21,1041.29,17.35,17:21,7.0,7.0,33.33,14.52,10.0,10.0,47.62,20.74,7.0,7.0,33.33,14.52,3.0,3.0,14.29,6.22,4.0,4.0,19.05,8.3,2.0,2.0,9.52,4.15,3.0,3.0,14.29,6.22,1.0,1.0,4.76,2.07,0.0,0.0,0.0,0.0,0.0,0.0,0.0,0.0,2.0,2.0,9.52,4.15,2.0,2.0,9.52,4.15,0.0,0.0,0.0,0.0,3.0,3.0,14.29,6.22,4.0,4.0,19.05,8.3,1.0,1.0,4.76,2.07,1.0,1.0,4.76,2.07,0.0,0.0,0.0,0.0,2.0,2.0,9.52,4.15,4.0,4.0,19.05,8.3,33.33,47.62,-14.29,29.04,-3.0,-3.0,-14.29,17.35,17.35,0.5,0.5,0.5,0.33,,0.36,0.33,0.4,1.0,0.57,4.76,0.0,0.1,19.05,0.0
4,高雄全家海神,110|118|121|4181,胡瓏貿/蘇文儒/吳曉謹/艾德,5,214,249.0,4391.67,73.19,73:12,878.33,14.64,14:38,116.0,23.2,46.59,57.05,120.0,24.0,48.19,59.02,91.0,18.2,36.55,44.76,42.0,8.4,16.87,20.66,44.0,8.8,17.67,21.64,25.0,5.0,10.04,12.3,47.0,9.4,18.88,23.12,17.0,3.4,6.83,8.36,26.0,5.2,10.44,12.79,17.0,3.4,6.83,8.36,14.0,2.8,5.62,6.89,39.0,7.8,15.66,19.18,15.0,3.0,6.02,7.38,41.0,8.2,16.47,20.17,19.0,3.8,7.63,9.34,31.0,6.2,12.45,15.25,10.0,2.0,4.02,4.92,5.0,1.0,2.01,2.46,31.0,6.2,12.45,15.25,22.0,4.4,8.84,10.82,46.59,48.19,-1.61,81.65,-4.0,-0.8,-1.61,73.19,14.64,0.55,0.57,0.57,0.36,0.65,0.16,0.74,0.25,0.72,0.49,4.02,2.01,0.12,8.84,0.29
4,高雄全家海神,110|121|4181|14844,胡瓏貿/吳曉謹/艾德/杭特,4,185,215.0,3856.58,64.28,64:17,964.15,16.07,16:04,105.0,26.25,48.84,58.81,100.0,25.0,46.51,56.01,78.0,19.5,36.28,43.69,38.0,9.5,17.67,21.28,39.0,9.75,18.14,21.84,23.0,5.75,10.7,12.88,39.0,9.75,18.14,21.84,15.0,3.75,6.98,8.4,24.0,6.0,11.16,13.44,16.0,4.0,7.44,8.96,11.0,2.75,5.12,6.16,33.0,8.25,15.35,18.48,13.0,3.25,6.05,7.28,35.0,8.75,16.28,19.6,15.0,3.75,6.98,8.4,29.0,7.25,13.49,16.24,8.0,2.0,3.72,4.48,5.0,1.25,2.33,2.8,26.0,6.5,12.09,14.56,22.0,5.5,10.23,12.32,48.84,46.51,2.33,80.28,5.0,1.25,2.33,64.28,16.07,0.58,0.59,0.59,0.38,0.67,0.14,0.76,0.24,0.72,0.48,3.72,2.33,0.12,10.23,0.31
4,高雄全家海神,51|110|118|4181,克力斯/胡瓏貿/蘇文儒/艾德,2,31,38.0,526.94,8.78,08:47,263.47,4.39,04:23,10.0,5.0,26.32,40.99,12.0,6.0,31.58,49.19,15.0,7.5,39.47,61.49,4.0,2.0,10.53,16.4,8.0,4.0,21.05,32.79,2.0,1.0,5.26,8.2,7.0,3.5,18.42,28.69,2.0,1.0,5.26,8.2,2.0,1.0,5.26,8.2,0.0,0.0,0.0,0.0,5.0,2.5,13.16,20.5,7.0,3.5,18.42,28.69,2.0,1.0,5.26,8.2,9.0,4.5,23.68,36.89,5.0,2.5,13.16,20.5,3.0,1.5,7.89,12.3,2.0,1.0,5.26,8.2,2.0,1.0,5.26,8.2,1.0,0.5,2.63,4.1,2.0,1.0,5.26,8.2,26.32,31.58,-5.26,103.84,-2.0,-1.0,-5.26,8.78,4.39,0.33,0.31,0.25,0.29,0.0,0.24,0.75,0.36,0.78,0.52,5.26,5.26,0.03,5.26,0.13
4,高雄全家海神,51|118|121|4181,克力斯/蘇文儒/吳曉謹/艾德,3,46,60.0,794.21,13.24,13:14,264.74,4.41,04:25,24.0,8.0,40.0,65.27,41.0,13.67,68.33,111.51,20.0,6.67,33.33,54.39,8.0,2.67,13.33,21.76,13.0,4.33,21.67,35.36,6.0,2.0,10.0,16.32,7.0,2.33,11.67,19.04,2.0,0.67,3.33,5.44,9.0,3.0,15.0,24.48,6.0,2.0,10.0,16.32,7.0,2.33,11.67,19.04,6.0,2.0,10.0,16.32,5.0,1.67,8.33,13.6,4.0,1.33,6.67,10.88,7.0,2.33,11.67,19.04,7.0,2.33,11.67,19.04,5.0,1.67,8.33,13.6,0.0,0.0,0.0,0.0,6.0,2.0,10.0,16.32,5.0,1.67,8.33,13.6,40.0,68.33,-28.33,108.79,-17.0,-5.67,-28.33,13.24,4.41,0.45,0.5,0.46,0.29,0.67,0.23,0.88,0.64,0.55,0.59,8.33,0.0,0.1,8.33,0.45
4,高雄全家海神,51|116|118|4181,克力斯/呂威霆/蘇文儒/艾德,3,21,23.0,1069.56,17.83,17:50,356.52,5.94,05:57,15.0,5.0,65.22,30.29,16.0,5.33,69.57,32.31,8.0,2.67,34.78,16.16,4.0,1.33,17.39,8.08,4.0,1.33,17.39,8.08,1.0,0.33,4.35,2.02,4.0,1.33,17.39,8.08,3.0,1.0,13.04,6.06,4.0,1.33,17.39,8.08,4.0,1.33,17.39,8.08,2.0,0.67,8.7,4.04,2.0,0.67,8.7,4.04,0.0,0.0,0.0,0.0,3.0,1.0,13.04,6.06,2.0,0.67,8.7,4.04,4.0,1.33,17.39,8.08,1.0,0.33,4.35,2.02,1.0,0.33,4.35,2.02,2.0,0.67,8.7,4.04,5.0,1.67,21.74,10.1,65.22,69.57,-4.35,30.97,-1.0,-0.33,-4.35,17.83,5.94,0.69,0.77,0.25,0.75,1.0,0.17,1.0,0.4,1.0,0.57,4.35,4.35,0.09,21.74,0.5
4,高雄全家海神,51|116|121|4181,克力斯/呂威霆/吳曉謹/艾德,2,7,10.0,109.73,1.83,01:50,54.87,0.91,00:55,3.0,1.5,30.0,59.05,5.0,2.5,50.0,98.42,2.0,1.0,20.0,39.37,0.0,0.0,0.0,0.0,2.0,1.0,20.0,39.37,0.0,0.0,0.0,0.0,0.0,0.0,0.0,0.0,0.0,0.0,0.0,0.0,4.0,2.0,40.0,78.74,3.0,1.5,30.0,59.05,1.0,0.5,10.0,19.68,2.0,1.0,20.0,39.37,0.0,0.0,0.0,0.0,2.0,1.0,20.0,39.37,1.0,0.5,10.0,19.68,1.0,0.5,10.0,19.68,1.0,0.5,10.0,19.68,0.0,0.0,0.0,0.0,1.0,0.5,10.0,19.68,2.0,1.0,20.0,39.37,30.0,50.0,-20.0,131.23,-2.0,-1.0,-20.0,1.83,0.91,0.0,0.4,0.0,,0.75,0.21,,0.33,1.0,0.6,10.0,0.0,0.1,20.0,2.0
4,新北中信特攻,40|43|10877|14707,謝亞軒/林韋翰/阿巴西/金恩,1,5,5.0,55.34,0.92,00:55,55.34,0.92,00:55,2.0,2.0,40.0,78.07,3.0,3.0,60.0,117.1,1.0,1.0,20.0,39.03,0.0,0.0,0.0,0.0,0.0,0.0,0.0,0.0,0.0,0.0,0.0,0.0,1.0,1.0,20.0,39.03,0.0,0.0,0.0,0.0,2.0,2.0,40.0,78.07,2.0,2.0,40.0,78.07,0.0,0.0,0.0,0.0,1.0,1.0,20.0,39.03,0.0,0.0,0.0,0.0,0.0,0.0,0.0,0.0,0.0,0.0,0.0,0.0,0.0,0.0,0.0,0.0,0.0,0.0,0.0,0.0,0.0,0.0,0.0,0.0,1.0,1.0,20.0,39.03,4.0,4.0,80.0,156.13,40.0,60.0,-20.0,130.11,-1.0,-1.0,-20.0,0.92,0.92,0.0,0.53,,0.0,1.0,0.0,,,1.0,1.0,0.0,0.0,0.2,80.0,2.0
4,新北中信特攻,40|8889|10877|14707,謝亞軒/馬可/阿巴西/金恩,1,15,19.0,235.34,3.92,03:55,235.34,3.92,03:55,4.0,4.0,21.05,36.71,6.0,6.0,31.58,55.07,6.0,6.0,31.58,55.07,1.0,1.0,5.26,9.18,3.0,3.0,15.79,27.53,1.0,1.0,5.26,9.18,3.0,3.0,15.79,27.53,0.0,0.0,0.0,0.0,2.0,2.0,10.53,18.36,2.0,2.0,10.53,18.36,1.0,1.0,5.26,9.18,4.0,4.0,21.05,36.71,3.0,3.0,15.79,27.53,2.0,2.0,10.53,18.36,1.0,1.0,5.26,9.18,1.0,1.0,5.26,9.18,1.0,1.0,5.26,9.18,1.0,1.0,5.26,9.18,3.0,3.0,15.79,27.53,2.0,2.0,10.53,18.36,21.05,31.58,-10.53,116.26,-2.0,-2.0,-10.53,3.92,3.92,0.17,0.29,0.33,0.0,1.0,0.13,1.0,0.33,0.57,0.5,5.26,5.26,0.16,10.53,0.33
4,高雄全家海神,51|109|118|4181,克力斯/于煥亞/蘇文儒/艾德,2,71,91.0,1969.27,32.82,32:49,984.63,16.41,16:25,34.0,17.0,37.36,37.29,48.0,24.0,52.75,52.65,36.0,18.0,39.56,39.49,13.0,6.5,14.29,14.26,21.0,10.5,23.08,23.03,9.0,4.5,9.89,9.87,15.0,7.5,16.48,16.45,4.0,2.0,4.4,4.39,7.0,3.5,7.69,7.68,4.0,2.0,4.4,4.39,12.0,6.0,13.19,13.16,12.0,6.0,13.19,13.16,6.0,3.0,6.59,6.58,10.0,5.0,10.99,10.97,11.0,5.5,12.09,12.07,11.0,5.5,12.09,12.07,6.0,3.0,6.59,6.58,0.0,0.0,0.0,0.0,5.0,2.5,5.49,5.48,5.0,2.5,5.49,5.48,37.36,52.75,-15.38,66.54,-14.0,-7.0,-15.38,32.82,16.41,0.42,0.44,0.43,0.27,0.57,0.22,0.85,0.55,0.67,0.6,6.59,0.0,0.05,5.49,0.19
4,新北中信特攻,40|10877|10880|14707,謝亞軒/阿巴西/內馬/金恩,1,3,3.0,44.0,0.73,00:44,44.0,0.73,00:44,0.0,0.0,0.0,0.0,1.0,1.0,33.33,49.09,1.0,1.0,33.33,49.09,0.0,0.0,0.0,0.0,0.0,0.0,0.0,0.0,0.0,0.0,0.0,0.0,1.0,1.0,33.33,49.09,0.0,0.0,0.0,0.0,0.0,0.0,0.0,0.0,0.0,0.0,0.0,0.0,0.0,0.0,0.0,0.0,1.0,1.0,33.33,49.09,0.0,0.0,0.0,0.0,0.0,0.0,0.0,0.0,0.0,0.0,0.0,0.0,0.0,0.0,0.0,0.0,0.0,0.0,0.0,0.0,0.0,0.0,0.0,0.0,0.0,0.0,0.0,0.0,2.0,2.0,66.67,98.18,0.0,33.33,-33.33,98.18,-1.0,-1.0,-33.33,0.73,0.73,0.0,0.0,,0.0,,0.0,,,1.0,1.0,0.0,0.0,0.0,66.67,0.0
4,新北中信特攻,43|10877|10880|14707,林韋翰/阿巴西/內馬/金恩,1,10,10.0,143.21,2.39,02:23,143.21,2.39,02:23,4.0,4.0,40.0,60.33,10.0,10.0,100.0,150.83,3.0,3.0,30.0,45.25,1.0,1.0,10.0,15.08,2.0,2.0,20.0,30.17,1.0,1.0,10.0,15.08,1.0,1.0,10.0,15.08,0.0,0.0,0.0,0.0,2.0,2.0,20.0,30.17,2.0,2.0,20.0,30.17,0.0,0.0,0.0,0.0,2.0,2.0,20.0,30.17,0.0,0.0,0.0,0.0,0.0,0.0,0.0,0.0,0.0,0.0,0.0,0.0,1.0,1.0,10.0,15.08,0.0,0.0,0.0,0.0,0.0,0.0,0.0,0.0,1.0,1.0,10.0,15.08,4.0,4.0,40.0,60.33,40.0,100.0,-60.0,100.55,-6.0,-6.0,-60.0,2.39,2.39,0.33,0.52,0.5,0.0,1.0,0.0,1.0,,1.0,1.0,0.0,0.0,0.1,40.0,0.67
4,新北中信特攻,43|47|10877|14707,林韋翰/曾文鼎/阿巴西/金恩,1,7,7.0,99.21,1.65,01:39,99.21,1.65,01:39,4.0,4.0,57.14,87.09,9.0,9.0,128.57,195.96,2.0,2.0,28.57,43.55,1.0,1.0,14.29,21.77,2.0,2.0,28.57,43.55,1.0,1.0,14.29,21.77,0.0,0.0,0.0,0.0,0.0,0.0,0.0,0.0,2.0,2.0,28.57,43.55,2.0,2.0,28.57,43.55,0.0,0.0,0.0,0.0,1.0,1.0,14.29,21.77,0.0,0.0,0.0,0.0,0.0,0.0,0.0,0.0,0.0,0.0,0.0,0.0,1.0,1.0,14.29,21.77,0.0,0.0,0.0,0.0,0.0,0.0,0.0,0.0,1.0,1.0,14.29,21.77,2.0,2.0,28.57,43.55,57.14,128.57,-71.43,101.61,-5.0,-5.0,-71.43,1.65,1.65,0.5,0.69,0.5,,1.0,0.0,1.0,,1.0,1.0,0.0,0.0,0.14,28.57,1.0
4,新北中信特攻,47|10877|10880|14707,曾文鼎/阿巴西/內馬/金恩,1,7,7.0,99.21,1.65,01:39,99.21,1.65,01:39,4.0,4.0,57.14,87.09,9.0,9.0,128.57,195.96,2.0,2.0,28.57,43.55,1.0,1.0,14.29,21.77,2.0,2.0,28.57,43.55,1.0,1.0,14.29,21.77,0.0,0.0,0.0,0.0,0.0,0.0,0.0,0.0,2.0,2.0,28.57,43.55,2.0,2.0,28.57,43.55,0.0,0.0,0.0,0.0,1.0,1.0,14.29,21.77,0.0,0.0,0.0,0.0,0.0,0.0,0.0,0.0,0.0,0.0,0.0,0.0,1.0,1.0,14.29,21.77,0.0,0.0,0.0,0.0,0.0,0.0,0.0,0.0,1.0,1.0,14.29,21.77,2.0,2.0,28.57,43.55,57.14,128.57,-71.43,101.61,-5.0,-5.0,-71.43,1.65,1.65,0.5,0.69,0.5,,1.0,0.0,1.0,,1.0,1.0,0.0,0.0,0.14,28.57,1.0
4,高雄全家海神,109|121|4181|14844,于煥亞/吳曉謹/艾德/杭特,2,15,17.0,238.38,3.97,03:58,119.19,1.99,01:59,13.0,6.5,76.47,117.8,12.0,6.0,70.59,108.73,9.0,4.5,52.94,81.55,6.0,3.0,35.29,54.37,7.0,3.5,41.18,63.43,5.0,2.5,29.41,45.31,2.0,1.0,11.76,18.12,1.0,0.5,5.88,9.06,2.0,1.0,11.76,18.12,2.0,1.0,11.76,18.12,2.0,1.0,11.76,18.12,1.0,0.5,5.88,9.06,0.0,0.0,0.0,0.0,3.0,1.5,17.65,27.18,0.0,0.0,0.0,0.0,5.0,2.5,29.41,45.31,0.0,0.0,0.0,0.0,0.0,0.0,0.0,0.0,1.0,0.5,5.88,9.06,6.0,3.0,35.29,54.37,76.47,70.59,5.88,102.69,1.0,0.5,5.88,3.97,1.99,0.72,0.66,0.71,0.5,1.0,0.0,0.83,0.4,1.0,0.5,0.0,0.0,0.06,35.29,0.22
4,新北中信特攻,40|8889|10879|14707,謝亞軒/馬可/簡廷兆/金恩,1,13,17.0,224.0,3.73,03:44,224.0,3.73,03:44,2.0,2.0,11.76,19.29,4.0,4.0,23.53,38.57,6.0,6.0,35.29,57.86,1.0,1.0,5.88,9.64,3.0,3.0,17.65,28.93,1.0,1.0,5.88,9.64,3.0,3.0,17.65,28.93,0.0,0.0,0.0,0.0,0.0,0.0,0.0,0.0,0.0,0.0,0.0,0.0,1.0,1.0,5.88,9.64,4.0,4.0,23.53,38.57,3.0,3.0,17.65,28.93,2.0,2.0,11.76,19.29,1.0,1.0,5.88,9.64,1.0,1.0,5.88,9.64,1.0,1.0,5.88,9.64,1.0,1.0,5.88,9.64,2.0,2.0,11.76,19.29,0.0,0.0,0.0,0.0,11.76,23.53,-11.76,109.29,-2.0,-2.0,-11.76,3.73,3.73,0.17,0.17,0.33,0.0,,0.14,1.0,0.33,0.57,0.5,5.88,5.88,0.12,0.0,0.0
4,新北中信特攻,40|10877|10879|14707,謝亞軒/阿巴西/簡廷兆/金恩,1,13,17.0,224.0,3.73,03:44,224.0,3.73,03:44,2.0,2.0,11.76,19.29,4.0,4.0,23.53,38.57,6.0,6.0,35.29,57.86,1.0,1.0,5.88,9.64,3.0,3.0,17.65,28.93,1.0,1.0,5.88,9.64,3.0,3.0,17.65,28.93,0.0,0.0,0.0,0.0,0.0,0.0,0.0,0.0,0.0,0.0,0.0,0.0,1.0,1.0,5.88,9.64,4.0,4.0,23.53,38.57,3.0,3.0,17.65,28.93,2.0,2.0,11.76,19.29,1.0,1.0,5.88,9.64,1.0,1.0,5.88,9.64,1.0,1.0,5.88,9.64,1.0,1.0,5.88,9.64,2.0,2.0,11.76,19.29,0.0,0.0,0.0,0.0,11.76,23.53,-11.76,109.29,-2.0,-2.0,-11.76,3.73,3.73,0.17,0.17,0.33,0.0,,0.14,1.0,0.33,0.57,0.5,5.88,5.88,0.12,0.0,0.0
4,新北國王,24|28|10872|14038,蘇士軒/呂政儒/林彥廷/飛米,1,7,8.0,135.82,2.26,02:16,135.82,2.26,02:16,3.0,3.0,37.5,47.71,2.0,2.0,25.0,31.81,2.0,2.0,25.0,31.81,1.0,1.0,12.5,15.9,1.0,1.0,12.5,15.9,1.0,1.0,12.5,15.9,1.0,1.0,12.5,15.9,0.0,0.0,0.0,0.0,2.0,2.0,25.0,31.81,1.0,1.0,12.5,15.9,1.0,1.0,12.5,15.9,1.0,1.0,12.5,15.9,0.0,0.0,0.0,0.0,3.0,3.0,37.5,47.71,1.0,1.0,12.5,15.9,1.0,1.0,12.5,15.9,1.0,1.0,12.5,15.9,0.0,0.0,0.0,0.0,2.0,2.0,25.0,31.81,4.0,4.0,50.0,63.62,37.5,25.0,12.5,84.82,1.0,1.0,12.5,2.26,2.26,0.5,0.52,1.0,0.0,0.5,0.26,1.0,0.25,1.0,0.4,12.5,0.0,0.25,50.0,1.0
4,新北國王,24|28|13029|14038,蘇士軒/呂政儒/杰倫/飛米,1,7,8.0,135.82,2.26,02:16,135.82,2.26,02:16,3.0,3.0,37.5,47.71,2.0,2.0,25.0,31.81,2.0,2.0,25.0,31.81,1.0,1.0,12.5,15.9,1.0,1.0,12.5,15.9,1.0,1.0,12.5,15.9,1.0,1.0,12.5,15.9,0.0,0.0,0.0,0.0,2.0,2.0,25.0,31.81,1.0,1.0,12.5,15.9,1.0,1.0,12.5,15.9,1.0,1.0,12.5,15.9,0.0,0.0,0.0,0.0,3.0,3.0,37.5,47.71,1.0,1.0,12.5,15.9,1.0,1.0,12.5,15.9,1.0,1.0,12.5,15.9,0.0,0.0,0.0,0.0,2.0,2.0,25.0,31.81,4.0,4.0,50.0,63.62,37.5,25.0,12.5,84.82,1.0,1.0,12.5,2.26,2.26,0.5,0.52,1.0,0.0,0.5,0.26,1.0,0.25,1.0,0.4,12.5,0.0,0.25,50.0,1.0
4,新北國王,24|10872|13029|14038,蘇士軒/林彥廷/杰倫/飛米,3,64,67.0,1042.89,17.38,17:23,347.63,5.79,05:48,36.0,12.0,53.73,74.56,37.0,12.33,55.22,76.63,27.0,9.0,40.3,55.92,14.0,4.67,20.9,29.0,16.0,5.33,23.88,33.14,11.0,3.67,16.42,22.78,11.0,3.67,16.42,22.78,3.0,1.0,4.48,6.21,6.0,2.0,8.96,12.43,5.0,1.67,7.46,10.36,2.0,0.67,2.99,4.14,11.0,3.67,16.42,22.78,1.0,0.33,1.49,2.07,9.0,3.0,13.43,18.64,3.0,1.0,4.48,6.21,7.0,2.33,10.45,14.5,1.0,0.33,1.49,2.07,0.0,0.0,0.0,0.0,5.0,1.67,7.46,10.36,8.0,2.67,11.94,16.57,53.73,55.22,-1.49,92.51,-1.0,-0.33,-1.49,17.38,5.79,0.57,0.61,0.69,0.27,0.83,0.09,0.5,0.18,0.92,0.57,1.49,0.0,0.07,11.94,0.22
4,新北國王,28|10872|13029|14038,呂政儒/林彥廷/杰倫/飛米,1,17,20.0,278.13,4.64,04:38,278.13,4.64,04:38,12.0,12.0,60.0,93.19,6.0,6.0,30.0,46.6,5.0,5.0,25.0,38.83,4.0,4.0,20.0,31.06,3.0,3.0,15.0,23.3,3.0,3.0,15.0,23.3,2.0,2.0,10.0,15.53,1.0,1.0,5.0,7.77,5.0,5.0,25.0,38.83,3.0,3.0,15.0,23.3,1.0,1.0,5.0,7.77,2.0,2.0,10.0,15.53,1.0,1.0,5.0,7.77,6.0,6.0,30.0,46.6,1.0,1.0,5.0,7.77,2.0,2.0,10.0,15.53,1.0,1.0,5.0,7.77,0.0,0.0,0.0,0.0,4.0,4.0,20.0,31.06,4.0,4.0,20.0,31.06,60.0,30.0,30.0,103.55,6.0,6.0,30.0,4.64,4.64,0.9,0.83,1.0,0.5,0.6,0.12,0.5,0.14,0.67,0.3,5.0,0.0,0.2,20.0,1.0
4,新北國王,28|29|10873|14038,呂政儒/林書緯/喬納森/飛米,1,4,4.0,42.0,0.7,00:42,42.0,0.7,00:42,0.0,0.0,0.0,0.0,0.0,0.0,0.0,0.0,0.0,0.0,0.0,0.0,0.0,0.0,0.0,0.0,0.0,0.0,0.0,0.0,0.0,0.0,0.0,0.0,0.0,0.0,0.0,0.0,0.0,0.0,0.0,0.0,0.0,0.0,0.0,0.0,0.0,0.0,0.0,0.0,0.0,0.0,0.0,0.0,0.0,0.0,0.0,0.0,0.0,0.0,0.0,0.0,2.0,2.0,50.0,102.86,2.0,2.0,50.0,102.86,0.0,0.0,0.0,0.0,1.0,1.0,25.0,51.43,0.0,0.0,0.0,0.0,0.0,0.0,0.0,0.0,2.0,2.0,50.0,102.86,0.0,0.0,0.0,137.14,0.0,0.0,0.0,0.7,0.7,,,,,,1.0,,0.0,,0.0,25.0,0.0,0.0,50.0,
4,新北國王,28|34|10873|14038,呂政儒/沃許本/喬納森/飛米,1,4,4.0,42.0,0.7,00:42,42.0,0.7,00:42,0.0,0.0,0.0,0.0,0.0,0.0,0.0,0.0,0.0,0.0,0.0,0.0,0.0,0.0,0.0,0.0,0.0,0.0,0.0,0.0,0.0,0.0,0.0,0.0,0.0,0.0,0.0,0.0,0.0,0.0,0.0,0.0,0.0,0.0,0.0,0.0,0.0,0.0,0.0,0.0,0.0,0.0,0.0,0.0,0.0,0.0,0.0,0.0,0.0,0.0,0.0,0.0,2.0,2.0,50.0,102.86,2.0,2.0,50.0,102.86,0.0,0.0,0.0,0.0,1.0,1.0,25.0,51.43,0.0,0.0,0.0,0.0,0.0,0.0,0.0,0.0,2.0,2.0,50.0,102.86,0.0,0.0,0.0,137.14,0.0,0.0,0.0,0.7,0.7,,,,,,1.0,,0.0,,0.0,25.0,0.0,0.0,50.0,
4,新北國王,25|29|10874|13029,林金榜/林書緯/熊祥泰/杰倫,1,4,6.0,123.0,2.05,02:03,123.0,2.05,02:03,2.0,2.0,33.33,35.12,5.0,5.0,83.33,87.8,3.0,3.0,50.0,52.68,1.0,1.0,16.67,17.56,2.0,2.0,33.33,35.12,1.0,1.0,16.67,17.56,1.0,1.0,16.67,17.56,0.0,0.0,0.0,0.0,0.0,0.0,0.0,0.0,0.0,0.0,0.0,0.0,2.0,2.0,33.33,35.12,0.0,0.0,0.0,0.0,0.0,0.0,0.0,0.0,0.0,0.0,0.0,0.0,1.0,1.0,16.67,17.56,0.0,0.0,0.0,0.0,0.0,0.0,0.0,0.0,0.0,0.0,0.0,0.0,1.0,1.0,16.67,17.56,0.0,0.0,0.0,0.0,33.33,83.33,-50.0,70.24,-3.0,-3.0,-50.0,2.05,2.05,0.33,0.33,0.5,0.0,,0.25,0.0,1.0,,1.0,0.0,0.0,0.17,0.0,0.0
4,新北國王,25|34|10874|13029,林金榜/沃許本/熊祥泰/杰倫,1,4,6.0,100.0,1.67,01:40,100.0,1.67,01:40,2.0,2.0,33.33,43.2,5.0,5.0,83.33,108.0,3.0,3.0,50.0,64.8,1.0,1.0,16.67,21.6,2.0,2.0,33.33,43.2,1.0,1.0,16.67,21.6,1.0,1.0,16.67,21.6,0.0,0.0,0.0,0.0,0.0,0.0,0.0,0.0,0.0,0.0,0.0,0.0,2.0,2.0,33.33,43.2,0.0,0.0,0.0,0.0,0.0,0.0,0.0,0.0,0.0,0.0,0.0,0.0,1.0,1.0,16.67,21.6,0.0,0.0,0.0,0.0,0.0,0.0,0.0,0.0,0.0,0.0,0.0,0.0,0.0,0.0,0.0,0.0,0.0,0.0,0.0,0.0,33.33,83.33,-50.0,86.4,-3.0,-3.0,-50.0,1.67,1.67,0.33,0.33,0.5,0.0,,0.25,0.0,1.0,,1.0,0.0,0.0,0.0,0.0,0.0
4,新北國王,24|29|10874|14038,蘇士軒/林書緯/熊祥泰/飛米,2,10,11.0,170.31,2.84,02:50,85.15,1.42,01:25,6.0,3.0,54.55,76.1,7.0,3.5,63.64,88.78,4.0,2.0,36.36,50.73,2.0,1.0,18.18,25.37,1.0,0.5,9.09,12.68,0.0,0.0,0.0,0.0,3.0,1.5,27.27,38.05,2.0,1.0,18.18,25.37,0.0,0.0,0.0,0.0,0.0,0.0,0.0,0.0,0.0,0.0,0.0,0.0,2.0,1.0,18.18,25.37,0.0,0.0,0.0,0.0,2.0,1.0,18.18,25.37,0.0,0.0,0.0,0.0,1.0,0.5,9.09,12.68,0.0,0.0,0.0,0.0,0.0,0.0,0.0,0.0,2.0,1.0,18.18,25.37,4.0,2.0,36.36,50.73,54.55,63.64,-9.09,93.01,-1.0,-0.5,-9.09,2.84,1.42,0.75,0.75,0.0,0.67,,0.0,0.5,0.0,1.0,0.5,0.0,0.0,0.18,36.36,0.0
4,新北國王,24|29|13029|14038,蘇士軒/林書緯/杰倫/飛米,3,44,47.0,649.54,10.83,10:50,216.51,3.61,03:37,24.0,8.0,51.06,79.81,36.0,12.0,76.6,119.72,18.0,6.0,38.3,59.86,9.0,3.0,19.15,29.93,11.0,3.67,23.4,36.58,6.0,2.0,12.77,19.95,7.0,2.33,14.89,23.28,3.0,1.0,6.38,9.98,5.0,1.67,10.64,16.63,3.0,1.0,6.38,9.98,1.0,0.33,2.13,3.33,8.0,2.67,17.02,26.6,0.0,0.0,0.0,0.0,5.0,1.67,10.64,16.63,1.0,0.33,2.13,3.33,5.0,1.67,10.64,16.63,1.0,0.33,2.13,3.33,1.0,0.33,2.13,3.33,4.0,1.33,8.51,13.3,13.0,4.33,27.66,43.23,51.06,76.6,-25.53,104.2,-12.0,-4.0,-25.53,10.83,3.61,0.58,0.59,0.55,0.43,0.6,0.05,0.56,0.17,1.0,0.64,2.13,2.13,0.09,27.66,0.28
4,新北國王,24|10874|13029|14038,蘇士軒/熊祥泰/杰倫/飛米,3,43,44.0,709.92,11.83,11:50,236.64,3.94,03:57,24.0,8.0,54.55,73.02,24.0,8.0,54.55,73.02,19.0,6.33,43.18,57.81,9.0,3.0,20.45,27.38,9.0,3.0,20.45,27.38,5.0,1.67,11.36,15.21,10.0,3.33,22.73,30.43,4.0,1.33,9.09,12.17,2.0,0.67,4.55,6.09,2.0,0.67,4.55,6.09,0.0,0.0,0.0,0.0,10.0,3.33,22.73,30.43,0.0,0.0,0.0,0.0,8.0,2.67,18.18,24.34,0.0,0.0,0.0,0.0,5.0,1.67,11.36,15.21,0.0,0.0,0.0,0.0,0.0,0.0,0.0,0.0,4.0,1.33,9.09,12.17,6.0,2.0,13.64,18.26,54.55,54.55,0.0,89.25,0.0,0.0,0.0,11.83,3.94,0.58,0.6,0.56,0.4,1.0,0.0,0.56,0.0,1.0,0.56,0.0,0.0,0.09,13.64,0.11
4,新北國王,29|10874|13029|14038,林書緯/熊祥泰/杰倫/飛米,2,29,30.0,451.58,7.53,07:32,225.79,3.76,03:46,11.0,5.5,36.67,52.61,25.0,12.5,83.33,119.58,11.0,5.5,36.67,52.61,4.0,2.0,13.33,19.13,5.0,2.5,16.67,23.92,2.0,1.0,6.67,9.57,6.0,3.0,20.0,28.7,2.0,1.0,6.67,9.57,2.0,1.0,6.67,9.57,1.0,0.5,3.33,4.78,0.0,0.0,0.0,0.0,6.0,3.0,20.0,28.7,0.0,0.0,0.0,0.0,3.0,1.5,10.0,14.35,2.0,1.0,6.67,9.57,1.0,0.5,3.33,4.78,1.0,0.5,3.33,4.78,0.0,0.0,0.0,0.0,4.0,2.0,13.33,19.13,4.0,2.0,13.33,19.13,36.67,83.33,-46.67,95.66,-14.0,-7.0,-46.67,7.53,3.76,0.45,0.46,0.4,0.33,0.5,0.14,0.25,0.0,1.0,0.67,3.33,0.0,0.13,13.33,0.18
4,新北國王,24|10872|10874|14038,蘇士軒/林彥廷/熊祥泰/飛米,2,28,28.0,455.13,7.59,07:35,227.56,3.79,03:48,16.0,8.0,57.14,75.94,12.0,6.0,42.86,56.95,13.0,6.5,46.43,61.7,6.0,3.0,21.43,28.48,7.0,3.5,25.0,33.22,4.0,2.0,14.29,18.98,6.0,3.0,21.43,28.48,2.0,1.0,7.14,9.49,2.0,1.0,7.14,9.49,2.0,1.0,7.14,9.49,0.0,0.0,0.0,0.0,7.0,3.5,25.0,33.22,0.0,0.0,0.0,0.0,5.0,2.5,17.86,23.73,0.0,0.0,0.0,0.0,4.0,2.0,14.29,18.98,0.0,0.0,0.0,0.0,0.0,0.0,0.0,0.0,2.0,1.0,7.14,9.49,0.0,0.0,0.0,0.0,57.14,42.86,14.29,88.59,4.0,2.0,14.29,7.59,3.79,0.54,0.58,0.57,0.33,1.0,0.0,0.67,0.0,1.0,0.58,0.0,0.0,0.07,0.0,0.15
4,新北國王,10872|10874|13029|14038,林彥廷/熊祥泰/杰倫/飛米,3,44,45.0,732.21,12.2,12:12,244.07,4.07,04:04,30.0,10.0,66.67,88.5,19.0,6.33,42.22,56.05,20.0,6.67,44.44,59.0,11.0,3.67,24.44,32.45,8.0,2.67,17.78,23.6,5.0,1.67,11.11,14.75,12.0,4.0,26.67,35.4,6.0,2.0,13.33,17.7,2.0,0.67,4.44,5.9,2.0,0.67,4.44,5.9,1.0,0.33,2.22,2.95,8.0,2.67,17.78,23.6,0.0,0.0,0.0,0.0,10.0,3.33,22.22,29.5,2.0,0.67,4.44,5.9,8.0,2.67,17.78,23.6,2.0,0.67,4.44,5.9,0.0,0.0,0.0,0.0,2.0,0.67,4.44,5.9,4.0,1.33,8.89,11.8,66.67,42.22,24.44,88.5,11.0,3.67,24.44,12.2,4.07,0.7,0.72,0.62,0.5,1.0,0.09,0.73,0.09,1.0,0.47,4.44,0.0,0.04,8.89,0.1
4,新北國王,29|10872|13029|14038,林書緯/林彥廷/杰倫/飛米,3,36,39.0,550.36,9.17,09:10,183.45,3.06,03:03,21.0,7.0,53.85,82.42,25.0,8.33,64.1,98.12,15.0,5.0,38.46,58.87,8.0,2.67,20.51,31.4,8.0,2.67,20.51,31.4,6.0,2.0,15.38,23.55,7.0,2.33,17.95,27.47,2.0,0.67,5.13,7.85,4.0,1.33,10.26,15.7,3.0,1.0,7.69,11.77,1.0,0.33,2.56,3.92,6.0,2.0,15.38,23.55,1.0,0.33,2.56,3.92,5.0,1.67,12.82,19.62,1.0,0.33,2.56,3.92,3.0,1.0,7.69,11.77,0.0,0.0,0.0,0.0,0.0,0.0,0.0,0.0,3.0,1.0,7.69,11.77,4.0,1.33,10.26,15.7,53.85,64.1,-10.26,102.04,-4.0,-1.33,-10.26,9.17,3.06,0.6,0.63,0.75,0.29,0.75,0.06,0.38,0.17,0.86,0.54,0.0,0.0,0.08,10.26,0.27
4,新北國王,28|29|13029|14038,呂政儒/林書緯/杰倫/飛米,1,17,19.0,234.59,3.91,03:55,234.59,3.91,03:55,10.0,10.0,52.63,92.07,12.0,12.0,63.16,110.49,5.0,5.0,26.32,46.04,3.0,3.0,15.79,27.62,3.0,3.0,15.79,27.62,2.0,2.0,10.53,18.41,2.0,2.0,10.53,18.41,1.0,1.0,5.26,9.21,5.0,5.0,26.32,46.04,3.0,3.0,15.79,27.62,0.0,0.0,0.0,0.0,3.0,3.0,15.79,27.62,1.0,1.0,5.26,9.21,3.0,3.0,15.79,27.62,1.0,1.0,5.26,9.21,1.0,1.0,5.26,9.21,0.0,0.0,0.0,0.0,0.0,0.0,0.0,0.0,3.0,3.0,15.79,27.62,0.0,0.0,0.0,0.0,52.63,63.16,-10.53,116.63,-2.0,-2.0,-10.53,3.91,3.91,0.7,0.69,0.67,0.5,0.6,0.12,0.33,0.0,0.75,0.43,0.0,0.0,0.16,0.0,1.0
4,新北國王,25|29|34|10873,林金榜/林書緯/沃許本/喬納森,1,6,6.0,56.71,0.95,00:57,56.71,0.95,00:57,4.0,4.0,66.67,152.34,2.0,2.0,33.33,76.17,1.0,1.0,16.67,38.09,1.0,1.0,16.67,38.09,1.0,1.0,16.67,38.09,1.0,1.0,16.67,38.09,0.0,0.0,0.0,0.0,0.0,0.0,0.0,0.0,2.0,2.0,33.33,76.17,2.0,2.0,33.33,76.17,0.0,0.0,0.0,0.0,0.0,0.0,0.0,0.0,0.0,0.0,0.0,0.0,1.0,1.0,16.67,38.09,1.0,1.0,16.67,38.09,1.0,1.0,16.67,38.09,1.0,1.0,16.67,38.09,0.0,0.0,0.0,0.0,0.0,0.0,0.0,0.0,0.0,0.0,0.0,0.0,66.67,33.33,33.33,152.34,2.0,2.0,33.33,0.95,0.95,1.0,1.06,1.0,,1.0,0.35,1.0,0.0,,0.0,16.67,0.0,0.0,0.0,2.0
4,新北國王,25|34|10873|14038,林金榜/沃許本/喬納森/飛米,1,7,7.0,61.71,1.03,01:02,61.71,1.03,01:02,4.0,4.0,57.14,140.0,2.0,2.0,28.57,70.0,1.0,1.0,14.29,35.0,1.0,1.0,14.29,35.0,1.0,1.0,14.29,35.0,1.0,1.0,14.29,35.0,0.0,0.0,0.0,0.0,0.0,0.0,0.0,0.0,2.0,2.0,28.57,70.0,2.0,2.0,28.57,70.0,0.0,0.0,0.0,0.0,0.0,0.0,0.0,0.0,0.0,0.0,0.0,0.0,1.0,1.0,14.29,35.0,1.0,1.0,14.29,35.0,1.0,1.0,14.29,35.0,1.0,1.0,14.29,35.0,0.0,0.0,0.0,0.0,0.0,0.0,0.0,0.0,0.0,0.0,0.0,0.0,57.14,28.57,28.57,163.33,2.0,2.0,28.57,1.03,1.03,1.0,1.06,1.0,,1.0,0.35,1.0,0.0,,0.0,14.29,0.0,0.0,0.0,2.0
4,新北國王,25|10872|10874|13029,林金榜/林彥廷/熊祥泰/杰倫,1,6,7.0,88.0,1.47,01:28,88.0,1.47,01:28,6.0,6.0,85.71,147.27,2.0,2.0,28.57,49.09,3.0,3.0,42.86,73.64,2.0,2.0,28.57,49.09,0.0,0.0,0.0,0.0,0.0,0.0,0.0,0.0,3.0,3.0,42.86,73.64,2.0,2.0,28.57,49.09,0.0,0.0,0.0,0.0,0.0,0.0,0.0,0.0,1.0,1.0,14.29,24.55,0.0,0.0,0.0,0.0,0.0,0.0,0.0,0.0,3.0,3.0,42.86,73.64,1.0,1.0,14.29,24.55,2.0,2.0,28.57,49.09,1.0,1.0,14.29,24.55,0.0,0.0,0.0,0.0,0.0,0.0,0.0,0.0,4.0,4.0,57.14,98.18,85.71,28.57,57.14,114.55,4.0,4.0,57.14,1.47,1.47,1.0,1.0,,0.67,,0.25,1.0,0.25,,0.25,14.29,0.0,0.0,57.14,0.0
4,新北國王,25|10872|10874|14038,林金榜/林彥廷/熊祥泰/飛米,1,6,7.0,89.0,1.48,01:29,89.0,1.48,01:29,6.0,6.0,85.71,145.62,2.0,2.0,28.57,48.54,3.0,3.0,42.86,72.81,2.0,2.0,28.57,48.54,0.0,0.0,0.0,0.0,0.0,0.0,0.0,0.0,3.0,3.0,42.86,72.81,2.0,2.0,28.57,48.54,0.0,0.0,0.0,0.0,0.0,0.0,0.0,0.0,1.0,1.0,14.29,24.27,0.0,0.0,0.0,0.0,0.0,0.0,0.0,0.0,3.0,3.0,42.86,72.81,1.0,1.0,14.29,24.27,2.0,2.0,28.57,48.54,1.0,1.0,14.29,24.27,0.0,0.0,0.0,0.0,0.0,0.0,0.0,0.0,4.0,4.0,57.14,97.08,85.71,28.57,57.14,113.26,4.0,4.0,57.14,1.48,1.48,1.0,1.0,,0.67,,0.25,1.0,0.25,,0.25,14.29,0.0,0.0,57.14,0.0
4,新北國王,25|10872|13029|14038,林金榜/林彥廷/杰倫/飛米,1,6,7.0,88.0,1.47,01:28,88.0,1.47,01:28,6.0,6.0,85.71,147.27,2.0,2.0,28.57,49.09,3.0,3.0,42.86,73.64,2.0,2.0,28.57,49.09,0.0,0.0,0.0,0.0,0.0,0.0,0.0,0.0,3.0,3.0,42.86,73.64,2.0,2.0,28.57,49.09,0.0,0.0,0.0,0.0,0.0,0.0,0.0,0.0,1.0,1.0,14.29,24.55,0.0,0.0,0.0,0.0,0.0,0.0,0.0,0.0,3.0,3.0,42.86,73.64,1.0,1.0,14.29,24.55,2.0,2.0,28.57,49.09,1.0,1.0,14.29,24.55,0.0,0.0,0.0,0.0,0.0,0.0,0.0,0.0,4.0,4.0,57.14,98.18,85.71,28.57,57.14,114.55,4.0,4.0,57.14,1.47,1.47,1.0,1.0,,0.67,,0.25,1.0,0.25,,0.25,14.29,0.0,0.0,57.14,0.0
4,新北國王,25|10874|13029|14038,林金榜/熊祥泰/杰倫/飛米,1,6,7.0,111.0,1.85,01:51,111.0,1.85,01:51,6.0,6.0,85.71,116.76,2.0,2.0,28.57,38.92,3.0,3.0,42.86,58.38,2.0,2.0,28.57,38.92,0.0,0.0,0.0,0.0,0.0,0.0,0.0,0.0,3.0,3.0,42.86,58.38,2.0,2.0,28.57,38.92,0.0,0.0,0.0,0.0,0.0,0.0,0.0,0.0,1.0,1.0,14.29,19.46,0.0,0.0,0.0,0.0,0.0,0.0,0.0,0.0,3.0,3.0,42.86,58.38,1.0,1.0,14.29,19.46,2.0,2.0,28.57,38.92,1.0,1.0,14.29,19.46,0.0,0.0,0.0,0.0,1.0,1.0,14.29,19.46,4.0,4.0,57.14,77.84,85.71,28.57,57.14,90.81,4.0,4.0,57.14,1.85,1.85,1.0,1.0,,0.67,,0.25,1.0,0.25,,0.25,14.29,0.0,0.14,57.14,0.0
4,新北國王,28|10874|13029|14038,呂政儒/熊祥泰/杰倫/飛米,1,7,7.0,92.28,1.54,01:32,92.28,1.54,01:32,1.0,1.0,14.29,23.41,8.0,8.0,114.29,187.26,2.0,2.0,28.57,46.82,0.0,0.0,0.0,0.0,1.0,1.0,14.29,23.41,0.0,0.0,0.0,0.0,1.0,1.0,14.29,23.41,0.0,0.0,0.0,0.0,2.0,2.0,28.57,46.82,1.0,1.0,14.29,23.41,0.0,0.0,0.0,0.0,2.0,2.0,28.57,46.82,0.0,0.0,0.0,0.0,0.0,0.0,0.0,0.0,1.0,1.0,14.29,23.41,0.0,0.0,0.0,0.0,0.0,0.0,0.0,0.0,0.0,0.0,0.0,0.0,1.0,1.0,14.29,23.41,0.0,0.0,0.0,0.0,14.29,114.29,-100.0,109.24,-7.0,-7.0,-100.0,1.54,1.54,0.0,0.17,0.0,0.0,0.5,0.26,,,1.0,1.0,0.0,0.0,0.14,0.0,1.0
4,新北國王,25|34|10871|10873,林金榜/沃許本/鍾理翔/喬納森,1,1,1.0,5.0,0.08,00:05,5.0,0.08,00:05,0.0,0.0,0.0,0.0,0.0,0.0,0.0,0.0,0.0,0.0,0.0,0.0,0.0,0.0,0.0,0.0,0.0,0.0,0.0,0.0,0.0,0.0,0.0,0.0,0.0,0.0,0.0,0.0,0.0,0.0,0.0,0.0,0.0,0.0,0.0,0.0,0.0,0.0,0.0,0.0,0.0,0.0,0.0,0.0,0.0,0.0,0.0,0.0,0.0,0.0,0.0,0.0,0.0,0.0,0.0,0.0,0.0,0.0,0.0,0.0,0.0,0.0,0.0,0.0,0.0,0.0,0.0,0.0,0.0,0.0,0.0,0.0,0.0,0.0,0.0,0.0,0.0,0.0,0.0,0.0,0.0,0.0,0.0,288.0,0.0,0.0,0.0,0.08,0.08,,,,,,,,,,,0.0,0.0,0.0,0.0,
4,新北國王,25|34|10871|14038,林金榜/沃許本/鍾理翔/飛米,1,1,1.0,5.0,0.08,00:05,5.0,0.08,00:05,0.0,0.0,0.0,0.0,0.0,0.0,0.0,0.0,0.0,0.0,0.0,0.0,0.0,0.0,0.0,0.0,0.0,0.0,0.0,0.0,0.0,0.0,0.0,0.0,0.0,0.0,0.0,0.0,0.0,0.0,0.0,0.0,0.0,0.0,0.0,0.0,0.0,0.0,0.0,0.0,0.0,0.0,0.0,0.0,0.0,0.0,0.0,0.0,0.0,0.0,0.0,0.0,0.0,0.0,0.0,0.0,0.0,0.0,0.0,0.0,0.0,0.0,0.0,0.0,0.0,0.0,0.0,0.0,0.0,0.0,0.0,0.0,0.0,0.0,0.0,0.0,0.0,0.0,0.0,0.0,0.0,0.0,0.0,288.0,0.0,0.0,0.0,0.08,0.08,,,,,,,,,,,0.0,0.0,0.0,0.0,
4,新北國王,25|10871|10873|14038,林金榜/鍾理翔/喬納森/飛米,1,1,1.0,5.0,0.08,00:05,5.0,0.08,00:05,0.0,0.0,0.0,0.0,0.0,0.0,0.0,0.0,0.0,0.0,0.0,0.0,0.0,0.0,0.0,0.0,0.0,0.0,0.0,0.0,0.0,0.0,0.0,0.0,0.0,0.0,0.0,0.0,0.0,0.0,0.0,0.0,0.0,0.0,0.0,0.0,0.0,0.0,0.0,0.0,0.0,0.0,0.0,0.0,0.0,0.0,0.0,0.0,0.0,0.0,0.0,0.0,0.0,0.0,0.0,0.0,0.0,0.0,0.0,0.0,0.0,0.0,0.0,0.0,0.0,0.0,0.0,0.0,0.0,0.0,0.0,0.0,0.0,0.0,0.0,0.0,0.0,0.0,0.0,0.0,0.0,0.0,0.0,288.0,0.0,0.0,0.0,0.08,0.08,,,,,,,,,,,0.0,0.0,0.0,0.0,
4,新北國王,34|10871|10873|14038,沃許本/鍾理翔/喬納森/飛米,1,1,1.0,5.0,0.08,00:05,5.0,0.08,00:05,0.0,0.0,0.0,0.0,0.0,0.0,0.0,0.0,0.0,0.0,0.0,0.0,0.0,0.0,0.0,0.0,0.0,0.0,0.0,0.0,0.0,0.0,0.0,0.0,0.0,0.0,0.0,0.0,0.0,0.0,0.0,0.0,0.0,0.0,0.0,0.0,0.0,0.0,0.0,0.0,0.0,0.0,0.0,0.0,0.0,0.0,0.0,0.0,0.0,0.0,0.0,0.0,0.0,0.0,0.0,0.0,0.0,0.0,0.0,0.0,0.0,0.0,0.0,0.0,0.0,0.0,0.0,0.0,0.0,0.0,0.0,0.0,0.0,0.0,0.0,0.0,0.0,0.0,0.0,0.0,0.0,0.0,0.0,288.0,0.0,0.0,0.0,0.08,0.08,,,,,,,,,,,0.0,0.0,0.0,0.0,
4,新北國王,28|10872|10874|13029,呂政儒/林彥廷/熊祥泰/杰倫,1,5,9.0,99.0,1.65,01:39,99.0,1.65,01:39,2.0,2.0,22.22,43.64,2.0,2.0,22.22,43.64,2.0,2.0,22.22,43.64,1.0,1.0,11.11,21.82,2.0,2.0,22.22,43.64,1.0,1.0,11.11,21.82,0.0,0.0,0.0,0.0,0.0,0.0,0.0,0.0,0.0,0.0,0.0,0.0,0.0,0.0,0.0,0.0,0.0,0.0,0.0,0.0,1.0,1.0,11.11,21.82,1.0,1.0,11.11,21.82,2.0,2.0,22.22,43.64,1.0,1.0,11.11,21.82,1.0,1.0,11.11,21.82,1.0,1.0,11.11,21.82,0.0,0.0,0.0,0.0,1.0,1.0,11.11,21.82,0.0,0.0,0.0,0.0,22.22,22.22,0.0,130.91,0.0,0.0,0.0,1.65,1.65,0.5,0.5,0.5,,,0.33,1.0,0.0,0.5,0.25,11.11,0.0,0.11,0.0,0.0
4,桃園台啤永豐雲豹,12|57|68|3129,曹薰襄/莊博元/克羅馬/董永全,2,24,27.0,382.78,6.38,06:23,191.39,3.19,03:11,23.0,11.5,85.19,129.79,10.0,5.0,37.04,56.43,11.0,5.5,40.74,62.07,7.0,3.5,25.93,39.5,4.0,2.0,14.81,22.57,2.0,1.0,7.41,11.29,7.0,3.5,25.93,39.5,5.0,2.5,18.52,28.21,6.0,3.0,22.22,33.86,4.0,2.0,14.81,22.57,2.0,1.0,7.41,11.29,3.0,1.5,11.11,16.93,1.0,0.5,3.7,5.64,4.0,2.0,14.81,22.57,0.0,0.0,0.0,0.0,2.0,1.0,7.41,11.29,0.0,0.0,0.0,0.0,0.0,0.0,0.0,0.0,3.0,1.5,11.11,16.93,4.0,2.0,14.81,22.57,85.19,37.04,48.15,101.57,13.0,6.5,48.15,6.38,3.19,0.86,0.84,0.5,0.71,0.67,0.0,0.29,0.33,0.75,0.5,0.0,0.0,0.11,14.81,0.55
4,新北國王,23|24|29|10871,王柏智/蘇士軒/林書緯/鍾理翔,1,1,1.0,0.57,0.01,00:01,0.57,0.01,00:01,2.0,2.0,200.0,7619.05,0.0,0.0,0.0,0.0,0.0,0.0,0.0,0.0,0.0,0.0,0.0,0.0,0.0,0.0,0.0,0.0,0.0,0.0,0.0,0.0,0.0,0.0,0.0,0.0,0.0,0.0,0.0,0.0,2.0,2.0,200.0,7619.05,2.0,2.0,200.0,7619.05,0.0,0.0,0.0,0.0,0.0,0.0,0.0,0.0,0.0,0.0,0.0,0.0,0.0,0.0,0.0,0.0,0.0,0.0,0.0,0.0,0.0,0.0,0.0,0.0,0.0,0.0,0.0,0.0,0.0,0.0,0.0,0.0,0.0,0.0,0.0,0.0,0.0,0.0,0.0,0.0,200.0,0.0,200.0,2539.68,2.0,2.0,200.0,0.01,0.01,,1.14,,,1.0,0.0,,,,,0.0,0.0,0.0,0.0,
4,新北國王,23|24|29|10872,王柏智/蘇士軒/林書緯/林彥廷,1,1,1.0,0.57,0.01,00:01,0.57,0.01,00:01,2.0,2.0,200.0,7619.05,0.0,0.0,0.0,0.0,0.0,0.0,0.0,0.0,0.0,0.0,0.0,0.0,0.0,0.0,0.0,0.0,0.0,0.0,0.0,0.0,0.0,0.0,0.0,0.0,0.0,0.0,0.0,0.0,2.0,2.0,200.0,7619.05,2.0,2.0,200.0,7619.05,0.0,0.0,0.0,0.0,0.0,0.0,0.0,0.0,0.0,0.0,0.0,0.0,0.0,0.0,0.0,0.0,0.0,0.0,0.0,0.0,0.0,0.0,0.0,0.0,0.0,0.0,0.0,0.0,0.0,0.0,0.0,0.0,0.0,0.0,0.0,0.0,0.0,0.0,0.0,0.0,200.0,0.0,200.0,2539.68,2.0,2.0,200.0,0.01,0.01,,1.14,,,1.0,0.0,,,,,0.0,0.0,0.0,0.0,
4,新北國王,23|24|10871|10872,王柏智/蘇士軒/鍾理翔/林彥廷,1,1,1.0,0.57,0.01,00:01,0.57,0.01,00:01,2.0,2.0,200.0,7619.05,0.0,0.0,0.0,0.0,0.0,0.0,0.0,0.0,0.0,0.0,0.0,0.0,0.0,0.0,0.0,0.0,0.0,0.0,0.0,0.0,0.0,0.0,0.0,0.0,0.0,0.0,0.0,0.0,2.0,2.0,200.0,7619.05,2.0,2.0,200.0,7619.05,0.0,0.0,0.0,0.0,0.0,0.0,0.0,0.0,0.0,0.0,0.0,0.0,0.0,0.0,0.0,0.0,0.0,0.0,0.0,0.0,0.0,0.0,0.0,0.0,0.0,0.0,0.0,0.0,0.0,0.0,0.0,0.0,0.0,0.0,0.0,0.0,0.0,0.0,0.0,0.0,200.0,0.0,200.0,2539.68,2.0,2.0,200.0,0.01,0.01,,1.14,,,1.0,0.0,,,,,0.0,0.0,0.0,0.0,
4,新北國王,23|29|10871|10872,王柏智/林書緯/鍾理翔/林彥廷,1,1,1.0,0.57,0.01,00:01,0.57,0.01,00:01,2.0,2.0,200.0,7619.05,0.0,0.0,0.0,0.0,0.0,0.0,0.0,0.0,0.0,0.0,0.0,0.0,0.0,0.0,0.0,0.0,0.0,0.0,0.0,0.0,0.0,0.0,0.0,0.0,0.0,0.0,0.0,0.0,2.0,2.0,200.0,7619.05,2.0,2.0,200.0,7619.05,0.0,0.0,0.0,0.0,0.0,0.0,0.0,0.0,0.0,0.0,0.0,0.0,0.0,0.0,0.0,0.0,0.0,0.0,0.0,0.0,0.0,0.0,0.0,0.0,0.0,0.0,0.0,0.0,0.0,0.0,0.0,0.0,0.0,0.0,0.0,0.0,0.0,0.0,0.0,0.0,200.0,0.0,200.0,2539.68,2.0,2.0,200.0,0.01,0.01,,1.14,,,1.0,0.0,,,,,0.0,0.0,0.0,0.0,
4,新北國王,24|29|10871|10872,蘇士軒/林書緯/鍾理翔/林彥廷,1,1,1.0,0.57,0.01,00:01,0.57,0.01,00:01,2.0,2.0,200.0,7619.05,0.0,0.0,0.0,0.0,0.0,0.0,0.0,0.0,0.0,0.0,0.0,0.0,0.0,0.0,0.0,0.0,0.0,0.0,0.0,0.0,0.0,0.0,0.0,0.0,0.0,0.0,0.0,0.0,2.0,2.0,200.0,7619.05,2.0,2.0,200.0,7619.05,0.0,0.0,0.0,0.0,0.0,0.0,0.0,0.0,0.0,0.0,0.0,0.0,0.0,0.0,0.0,0.0,0.0,0.0,0.0,0.0,0.0,0.0,0.0,0.0,0.0,0.0,0.0,0.0,0.0,0.0,0.0,0.0,0.0,0.0,0.0,0.0,0.0,0.0,0.0,0.0,200.0,0.0,200.0,2539.68,2.0,2.0,200.0,0.01,0.01,,1.14,,,1.0,0.0,,,,,0.0,0.0,0.0,0.0,
4,臺北台新戰神,5|11|14|10867,黃聰翰/蘇奕晉/錢肯尼/威力斯,1,7,7.0,82.0,1.37,01:22,82.0,1.37,01:22,0.0,0.0,0.0,0.0,6.0,6.0,85.71,158.05,1.0,1.0,14.29,26.34,0.0,0.0,0.0,0.0,0.0,0.0,0.0,0.0,0.0,0.0,0.0,0.0,1.0,1.0,14.29,26.34,0.0,0.0,0.0,0.0,0.0,0.0,0.0,0.0,0.0,0.0,0.0,0.0,0.0,0.0,0.0,0.0,1.0,1.0,14.29,26.34,0.0,0.0,0.0,0.0,0.0,0.0,0.0,0.0,2.0,2.0,28.57,52.68,0.0,0.0,0.0,0.0,1.0,1.0,14.29,26.34,0.0,0.0,0.0,0.0,0.0,0.0,0.0,0.0,0.0,0.0,0.0,0.0,0.0,85.71,-85.71,122.93,-6.0,-6.0,-85.71,1.37,1.37,0.0,0.0,,0.0,,0.67,,,1.0,1.0,14.29,0.0,0.0,0.0,0.0
4,臺北台新戰神,5|11|14|14437,黃聰翰/蘇奕晉/錢肯尼/弗利沙,1,7,7.0,82.0,1.37,01:22,82.0,1.37,01:22,0.0,0.0,0.0,0.0,6.0,6.0,85.71,158.05,1.0,1.0,14.29,26.34,0.0,0.0,0.0,0.0,0.0,0.0,0.0,0.0,0.0,0.0,0.0,0.0,1.0,1.0,14.29,26.34,0.0,0.0,0.0,0.0,0.0,0.0,0.0,0.0,0.0,0.0,0.0,0.0,0.0,0.0,0.0,0.0,1.0,1.0,14.29,26.34,0.0,0.0,0.0,0.0,0.0,0.0,0.0,0.0,2.0,2.0,28.57,52.68,0.0,0.0,0.0,0.0,1.0,1.0,14.29,26.34,0.0,0.0,0.0,0.0,0.0,0.0,0.0,0.0,0.0,0.0,0.0,0.0,0.0,85.71,-85.71,122.93,-6.0,-6.0,-85.71,1.37,1.37,0.0,0.0,,0.0,,0.67,,,1.0,1.0,14.29,0.0,0.0,0.0,0.0
4,臺北台新戰神,5|11|10867|14437,黃聰翰/蘇奕晉/威力斯/弗利沙,1,7,7.0,82.0,1.37,01:22,82.0,1.37,01:22,0.0,0.0,0.0,0.0,6.0,6.0,85.71,158.05,1.0,1.0,14.29,26.34,0.0,0.0,0.0,0.0,0.0,0.0,0.0,0.0,0.0,0.0,0.0,0.0,1.0,1.0,14.29,26.34,0.0,0.0,0.0,0.0,0.0,0.0,0.0,0.0,0.0,0.0,0.0,0.0,0.0,0.0,0.0,0.0,1.0,1.0,14.29,26.34,0.0,0.0,0.0,0.0,0.0,0.0,0.0,0.0,2.0,2.0,28.57,52.68,0.0,0.0,0.0,0.0,1.0,1.0,14.29,26.34,0.0,0.0,0.0,0.0,0.0,0.0,0.0,0.0,0.0,0.0,0.0,0.0,0.0,85.71,-85.71,122.93,-6.0,-6.0,-85.71,1.37,1.37,0.0,0.0,,0.0,,0.67,,,1.0,1.0,14.29,0.0,0.0,0.0,0.0
4,臺北台新戰神,5|14|10867|14437,黃聰翰/錢肯尼/威力斯/弗利沙,1,7,7.0,82.0,1.37,01:22,82.0,1.37,01:22,0.0,0.0,0.0,0.0,6.0,6.0,85.71,158.05,1.0,1.0,14.29,26.34,0.0,0.0,0.0,0.0,0.0,0.0,0.0,0.0,0.0,0.0,0.0,0.0,1.0,1.0,14.29,26.34,0.0,0.0,0.0,0.0,0.0,0.0,0.0,0.0,0.0,0.0,0.0,0.0,0.0,0.0,0.0,0.0,1.0,1.0,14.29,26.34,0.0,0.0,0.0,0.0,0.0,0.0,0.0,0.0,2.0,2.0,28.57,52.68,0.0,0.0,0.0,0.0,1.0,1.0,14.29,26.34,0.0,0.0,0.0,0.0,0.0,0.0,0.0,0.0,0.0,0.0,0.0,0.0,0.0,85.71,-85.71,122.93,-6.0,-6.0,-85.71,1.37,1.37,0.0,0.0,,0.0,,0.67,,,1.0,1.0,14.29,0.0,0.0,0.0,0.0
4,新竹御嵿攻城獅,75|87|10862|14982,高國豪/蔡宸綱/提傑/徐小龍,3,40,43.0,619.59,10.33,10:20,206.53,3.44,03:27,11.0,3.67,25.58,38.35,33.0,11.0,76.74,115.04,14.0,4.67,32.56,48.81,4.0,1.33,9.3,13.94,6.0,2.0,13.95,20.92,2.0,0.67,4.65,6.97,8.0,2.67,18.6,27.89,2.0,0.67,4.65,6.97,2.0,0.67,4.65,6.97,1.0,0.33,2.33,3.49,0.0,0.0,0.0,0.0,10.0,3.33,23.26,34.86,1.0,0.33,2.33,3.49,7.0,2.33,16.28,24.4,5.0,1.67,11.63,17.43,3.0,1.0,6.98,10.46,4.0,1.33,9.3,13.94,1.0,0.33,2.33,3.49,4.0,1.33,9.3,13.94,6.0,2.0,13.95,20.92,25.58,76.74,-51.16,99.94,-22.0,-7.33,-51.16,10.33,3.44,0.36,0.37,0.33,0.25,0.5,0.25,0.75,0.0,0.91,0.56,9.3,2.33,0.09,13.95,0.14
4,新竹御嵿攻城獅,75|10862|10887|14982,高國豪/提傑/德魯/徐小龍,2,33,34.0,488.23,8.14,08:08,244.11,4.07,04:04,19.0,9.5,55.88,84.06,18.0,9.0,52.94,79.63,13.0,6.5,38.24,57.51,7.0,3.5,20.59,30.97,6.0,3.0,17.65,26.54,2.0,1.0,5.88,8.85,7.0,3.5,20.59,30.97,5.0,2.5,14.71,22.12,0.0,0.0,0.0,0.0,0.0,0.0,0.0,0.0,0.0,0.0,0.0,0.0,6.0,3.0,17.65,26.54,0.0,0.0,0.0,0.0,7.0,3.5,20.59,30.97,3.0,1.5,8.82,13.27,4.0,2.0,11.76,17.7,1.0,0.5,2.94,4.42,0.0,0.0,0.0,0.0,1.0,0.5,2.94,4.42,2.0,1.0,5.88,8.85,55.88,52.94,2.94,100.28,1.0,0.5,2.94,8.14,4.07,0.73,0.73,0.33,0.71,,0.19,0.57,0.0,1.0,0.46,2.94,0.0,0.03,5.88,0.0
4,新竹御嵿攻城獅,87|10862|10887|14982,蔡宸綱/提傑/德魯/徐小龍,3,20,23.0,294.86,4.91,04:55,98.29,1.64,01:38,5.0,1.67,21.74,36.63,13.0,4.33,56.52,95.23,8.0,2.67,34.78,58.6,2.0,0.67,8.7,14.65,4.0,1.33,17.39,29.3,1.0,0.33,4.35,7.33,4.0,1.33,17.39,29.3,1.0,0.33,4.35,7.33,1.0,0.33,4.35,7.33,0.0,0.0,0.0,0.0,1.0,0.33,4.35,7.33,5.0,1.67,21.74,36.63,2.0,0.67,8.7,14.65,3.0,1.0,13.04,21.98,1.0,0.33,4.35,7.33,2.0,0.67,8.7,14.65,0.0,0.0,0.0,0.0,0.0,0.0,0.0,0.0,2.0,0.67,8.7,14.65,1.0,0.33,4.35,7.33,21.74,56.52,-34.78,112.32,-8.0,-2.67,-34.78,4.91,1.64,0.31,0.3,0.25,0.25,0.0,0.11,1.0,0.25,0.71,0.55,0.0,0.0,0.09,4.35,0.12
4,新竹御嵿攻城獅,87|88|10862|14843,蔡宸綱/盧冠軒/提傑/馬力,5,127,148.0,2171.95,36.2,36:12,434.39,7.24,07:14,51.0,10.2,34.46,50.72,63.0,12.6,42.57,62.65,60.0,12.0,40.54,59.67,21.0,4.2,14.19,20.88,36.0,7.2,24.32,35.8,17.0,3.4,11.49,16.91,24.0,4.8,16.22,23.87,4.0,0.8,2.7,3.98,5.0,1.0,3.38,4.97,4.0,0.8,2.7,3.98,8.0,1.6,5.41,7.96,31.0,6.2,20.95,30.83,9.0,1.8,6.08,8.95,30.0,6.0,20.27,29.83,8.0,1.6,5.41,7.96,16.0,3.2,10.81,15.91,4.0,0.8,2.7,3.98,5.0,1.0,3.38,4.97,10.0,2.0,6.76,9.94,11.0,2.2,7.43,10.94,34.46,42.57,-8.11,98.12,-12.0,-2.4,-8.11,36.2,7.24,0.38,0.41,0.47,0.17,0.8,0.11,0.76,0.21,0.78,0.5,2.7,3.38,0.07,7.43,0.08
4,新竹御嵿攻城獅,87|88|10862|14982,蔡宸綱/盧冠軒/提傑/徐小龍,4,85,96.0,1317.93,21.97,21:58,329.48,5.49,05:29,38.0,9.5,39.58,62.28,35.0,8.75,36.46,57.36,39.0,9.75,40.62,63.92,17.0,4.25,17.71,27.86,28.0,7.0,29.17,45.89,15.0,3.75,15.62,24.58,11.0,2.75,11.46,18.03,2.0,0.5,2.08,3.28,3.0,0.75,3.12,4.92,2.0,0.5,2.08,3.28,4.0,1.0,4.17,6.56,18.0,4.5,18.75,29.5,4.0,1.0,4.17,6.56,19.0,4.75,19.79,31.14,5.0,1.25,5.21,8.19,13.0,3.25,13.54,21.31,2.0,0.5,2.08,3.28,2.0,0.5,2.08,3.28,5.0,1.25,5.21,8.19,8.0,2.0,8.33,13.11,39.58,36.46,3.12,104.89,3.0,0.75,3.12,21.97,5.49,0.46,0.47,0.54,0.18,0.67,0.11,0.76,0.17,0.82,0.49,2.08,2.08,0.05,8.33,0.08
4,新竹御嵿攻城獅,87|10862|14843|14982,蔡宸綱/提傑/馬力/徐小龍,4,135,148.0,2076.45,34.61,34:36,519.11,8.65,08:39,62.0,15.5,41.89,64.49,66.0,16.5,44.59,68.66,59.0,14.75,39.86,61.37,27.0,6.75,18.24,28.09,39.0,9.75,26.35,40.57,23.0,5.75,15.54,23.93,20.0,5.0,13.51,20.8,4.0,1.0,2.7,4.16,6.0,1.5,4.05,6.24,4.0,1.0,2.7,4.16,3.0,0.75,2.03,3.12,30.0,7.5,20.27,31.21,3.0,0.75,2.03,3.12,30.0,7.5,20.27,31.21,10.0,2.5,6.76,10.4,19.0,4.75,12.84,19.76,7.0,1.75,4.73,7.28,4.0,1.0,2.7,4.16,9.0,2.25,6.08,9.36,15.0,3.75,10.14,15.6,41.89,44.59,-2.7,102.64,-4.0,-1.0,-2.7,34.61,8.65,0.49,0.5,0.59,0.2,0.67,0.14,0.7,0.09,0.91,0.5,4.73,2.7,0.06,10.14,0.1
4,新竹御嵿攻城獅,88|10862|14843|14982,盧冠軒/提傑/馬力/徐小龍,4,150,173.0,2317.41,38.62,38:37,579.35,9.66,09:39,79.0,19.75,45.66,73.63,69.0,17.25,39.88,64.31,62.0,15.5,35.84,57.79,29.0,7.25,16.76,27.03,43.0,10.75,24.86,40.08,22.0,5.5,12.72,20.51,19.0,4.75,10.98,17.71,7.0,1.75,4.05,6.52,15.0,3.75,8.67,13.98,14.0,3.5,8.09,13.05,8.0,2.0,4.62,7.46,26.0,6.5,15.03,24.23,11.0,2.75,6.36,10.25,30.0,7.5,17.34,27.96,12.0,3.0,6.94,11.18,21.0,5.25,12.14,19.57,9.0,2.25,5.2,8.39,3.0,0.75,1.73,2.8,11.0,2.75,6.36,10.25,17.0,4.25,9.83,15.85,45.66,39.88,5.78,107.5,10.0,2.5,5.78,38.62,9.66,0.52,0.58,0.51,0.37,0.93,0.15,0.72,0.21,0.7,0.45,5.2,1.73,0.06,9.83,0.24
4,臺北台新戰神,14|10864|10865|14437,錢肯尼/劉彥廷/謝銘駿/弗利沙,1,6,6.0,84.0,1.4,01:24,84.0,1.4,01:24,1.0,1.0,16.67,25.71,2.0,2.0,33.33,51.43,2.0,2.0,33.33,51.43,0.0,0.0,0.0,0.0,2.0,2.0,33.33,51.43,0.0,0.0,0.0,0.0,0.0,0.0,0.0,0.0,0.0,0.0,0.0,0.0,2.0,2.0,33.33,51.43,1.0,1.0,16.67,25.71,0.0,0.0,0.0,0.0,2.0,2.0,33.33,51.43,0.0,0.0,0.0,0.0,1.0,1.0,16.67,25.71,0.0,0.0,0.0,0.0,0.0,0.0,0.0,0.0,0.0,0.0,0.0,0.0,1.0,1.0,16.67,25.71,1.0,1.0,16.67,25.71,0.0,0.0,0.0,0.0,16.67,33.33,-16.67,102.86,-1.0,-1.0,-16.67,1.4,1.4,0.0,0.17,0.0,,0.5,0.0,,0.0,1.0,0.67,0.0,16.67,0.17,0.0,1.0
4,臺北台新戰神,14|10864|10865|14845,錢肯尼/劉彥廷/謝銘駿/恩多,3,45,48.0,661.08,11.02,11:01,220.36,3.67,03:40,14.0,4.67,29.17,45.74,31.0,10.33,64.58,101.29,11.0,3.67,22.92,35.94,4.0,1.33,8.33,13.07,7.0,2.33,14.58,22.87,3.0,1.0,6.25,9.8,4.0,1.33,8.33,13.07,1.0,0.33,2.08,3.27,10.0,3.33,20.83,32.67,7.0,2.33,14.58,22.87,0.0,0.0,0.0,0.0,7.0,2.33,14.58,22.87,2.0,0.67,4.17,6.53,5.0,1.67,10.42,16.34,7.0,2.33,14.58,22.87,4.0,1.33,8.33,13.07,5.0,1.67,10.42,16.34,2.0,0.67,4.17,6.53,6.0,2.0,12.5,19.6,4.0,1.33,8.33,13.07,29.17,64.58,-35.42,104.56,-17.0,-5.67,-35.42,11.02,3.67,0.41,0.45,0.43,0.25,0.7,0.31,1.0,0.0,0.78,0.5,10.42,4.17,0.12,8.33,0.91
4,臺北台新戰神,14|10865|14437|14845,錢肯尼/謝銘駿/弗利沙/恩多,1,6,6.0,84.0,1.4,01:24,84.0,1.4,01:24,1.0,1.0,16.67,25.71,2.0,2.0,33.33,51.43,2.0,2.0,33.33,51.43,0.0,0.0,0.0,0.0,2.0,2.0,33.33,51.43,0.0,0.0,0.0,0.0,0.0,0.0,0.0,0.0,0.0,0.0,0.0,0.0,2.0,2.0,33.33,51.43,1.0,1.0,16.67,25.71,0.0,0.0,0.0,0.0,2.0,2.0,33.33,51.43,0.0,0.0,0.0,0.0,1.0,1.0,16.67,25.71,0.0,0.0,0.0,0.0,0.0,0.0,0.0,0.0,0.0,0.0,0.0,0.0,1.0,1.0,16.67,25.71,1.0,1.0,16.67,25.71,0.0,0.0,0.0,0.0,16.67,33.33,-16.67,102.86,-1.0,-1.0,-16.67,1.4,1.4,0.0,0.17,0.0,,0.5,0.0,,0.0,1.0,0.67,0.0,16.67,0.17,0.0,1.0
4,臺北台新戰神,10864|10865|14437|14845,劉彥廷/謝銘駿/弗利沙/恩多,1,6,6.0,84.0,1.4,01:24,84.0,1.4,01:24,1.0,1.0,16.67,25.71,2.0,2.0,33.33,51.43,2.0,2.0,33.33,51.43,0.0,0.0,0.0,0.0,2.0,2.0,33.33,51.43,0.0,0.0,0.0,0.0,0.0,0.0,0.0,0.0,0.0,0.0,0.0,0.0,2.0,2.0,33.33,51.43,1.0,1.0,16.67,25.71,0.0,0.0,0.0,0.0,2.0,2.0,33.33,51.43,0.0,0.0,0.0,0.0,1.0,1.0,16.67,25.71,0.0,0.0,0.0,0.0,0.0,0.0,0.0,0.0,0.0,0.0,0.0,0.0,1.0,1.0,16.67,25.71,1.0,1.0,16.67,25.71,0.0,0.0,0.0,0.0,16.67,33.33,-16.67,102.86,-1.0,-1.0,-16.67,1.4,1.4,0.0,0.17,0.0,,0.5,0.0,,0.0,1.0,0.67,0.0,16.67,0.17,0.0,1.0
4,臺北台新戰神,10|10864|10865|14845,雷蒙恩/劉彥廷/謝銘駿/恩多,1,6,7.0,142.0,2.37,02:22,142.0,2.37,02:22,3.0,3.0,42.86,45.63,6.0,6.0,85.71,91.27,2.0,2.0,28.57,30.42,1.0,1.0,14.29,15.21,1.0,1.0,14.29,15.21,0.0,0.0,0.0,0.0,1.0,1.0,14.29,15.21,1.0,1.0,14.29,15.21,0.0,0.0,0.0,0.0,0.0,0.0,0.0,0.0,0.0,0.0,0.0,0.0,1.0,1.0,14.29,15.21,0.0,0.0,0.0,0.0,1.0,1.0,14.29,15.21,1.0,1.0,14.29,15.21,1.0,1.0,14.29,15.21,1.0,1.0,14.29,15.21,0.0,0.0,0.0,0.0,1.0,1.0,14.29,15.21,0.0,0.0,0.0,0.0,42.86,85.71,-42.86,70.99,-3.0,-3.0,-42.86,2.37,2.37,0.75,0.75,0.0,1.0,,0.33,1.0,0.0,1.0,0.5,14.29,0.0,0.14,0.0,0.0
4,臺北台新戰神,1|10|10864|14845,丁聖儒/雷蒙恩/劉彥廷/恩多,1,10,11.0,128.63,2.14,02:09,128.63,2.14,02:09,6.0,6.0,54.55,100.75,2.0,2.0,18.18,33.58,5.0,5.0,45.45,83.96,3.0,3.0,27.27,50.38,4.0,4.0,36.36,67.17,3.0,3.0,27.27,50.38,1.0,1.0,9.09,16.79,0.0,0.0,0.0,0.0,2.0,2.0,18.18,33.58,0.0,0.0,0.0,0.0,0.0,0.0,0.0,0.0,3.0,3.0,27.27,50.38,0.0,0.0,0.0,0.0,4.0,4.0,36.36,67.17,0.0,0.0,0.0,0.0,0.0,0.0,0.0,0.0,0.0,0.0,0.0,0.0,0.0,0.0,0.0,0.0,1.0,1.0,9.09,16.79,0.0,0.0,0.0,0.0,54.55,18.18,36.36,123.14,4.0,4.0,36.36,2.14,2.14,0.6,0.51,0.75,0.0,0.0,0.0,0.0,0.0,1.0,0.43,0.0,0.0,0.09,0.0,0.4
4,臺北台新戰神,1|14|10864|14845,丁聖儒/錢肯尼/劉彥廷/恩多,3,28,32.0,481.71,8.03,08:02,160.57,2.68,02:41,22.0,7.33,68.75,98.65,15.0,5.0,46.88,67.26,15.0,5.0,46.88,67.26,8.0,2.67,25.0,35.87,9.0,3.0,28.12,40.36,5.0,1.67,15.62,22.42,6.0,2.0,18.75,26.9,3.0,1.0,9.38,13.45,5.0,1.67,15.62,22.42,3.0,1.0,9.38,13.45,2.0,0.67,6.25,8.97,6.0,2.0,18.75,26.9,0.0,0.0,0.0,0.0,6.0,2.0,18.75,26.9,0.0,0.0,0.0,0.0,3.0,1.0,9.38,13.45,0.0,0.0,0.0,0.0,0.0,0.0,0.0,0.0,5.0,1.67,15.62,22.42,4.0,1.33,12.5,17.94,68.75,46.88,21.88,95.66,7.0,2.33,21.88,8.03,2.68,0.63,0.64,0.56,0.5,0.6,0.0,0.38,0.25,1.0,0.57,0.0,0.0,0.16,12.5,0.33
4,臺北台新戰神,1|10|14|14437,丁聖儒/雷蒙恩/錢肯尼/弗利沙,1,7,7.0,109.67,1.83,01:50,109.67,1.83,01:50,5.0,5.0,71.43,98.48,3.0,3.0,42.86,59.09,3.0,3.0,42.86,59.09,2.0,2.0,28.57,39.39,3.0,3.0,42.86,59.09,2.0,2.0,28.57,39.39,0.0,0.0,0.0,0.0,0.0,0.0,0.0,0.0,2.0,2.0,28.57,39.39,1.0,1.0,14.29,19.7,0.0,0.0,0.0,0.0,2.0,2.0,28.57,39.39,0.0,0.0,0.0,0.0,2.0,2.0,28.57,39.39,0.0,0.0,0.0,0.0,2.0,2.0,28.57,39.39,0.0,0.0,0.0,0.0,0.0,0.0,0.0,0.0,0.0,0.0,0.0,0.0,0.0,0.0,0.0,0.0,71.43,42.86,28.57,91.91,2.0,2.0,28.57,1.83,1.83,0.67,0.64,0.67,,0.5,0.0,1.0,0.0,1.0,0.5,0.0,0.0,0.0,0.0,0.67
4,臺北台新戰神,10|14|10867|14437,雷蒙恩/錢肯尼/威力斯/弗利沙,1,7,7.0,109.67,1.83,01:50,109.67,1.83,01:50,5.0,5.0,71.43,98.48,3.0,3.0,42.86,59.09,3.0,3.0,42.86,59.09,2.0,2.0,28.57,39.39,3.0,3.0,42.86,59.09,2.0,2.0,28.57,39.39,0.0,0.0,0.0,0.0,0.0,0.0,0.0,0.0,2.0,2.0,28.57,39.39,1.0,1.0,14.29,19.7,0.0,0.0,0.0,0.0,2.0,2.0,28.57,39.39,0.0,0.0,0.0,0.0,2.0,2.0,28.57,39.39,0.0,0.0,0.0,0.0,2.0,2.0,28.57,39.39,0.0,0.0,0.0,0.0,0.0,0.0,0.0,0.0,0.0,0.0,0.0,0.0,0.0,0.0,0.0,0.0,71.43,42.86,28.57,91.91,2.0,2.0,28.57,1.83,1.83,0.67,0.64,0.67,,0.5,0.0,1.0,0.0,1.0,0.5,0.0,0.0,0.0,0.0,0.67
4,臺北台新戰神,1|5|10867|14437,丁聖儒/黃聰翰/威力斯/弗利沙,1,11,12.0,172.0,2.87,02:52,172.0,2.87,02:52,12.0,12.0,100.0,150.7,5.0,5.0,41.67,62.79,5.0,5.0,41.67,62.79,4.0,4.0,33.33,50.23,2.0,2.0,16.67,25.12,2.0,2.0,16.67,25.12,3.0,3.0,25.0,37.67,2.0,2.0,16.67,25.12,4.0,4.0,33.33,50.23,2.0,2.0,16.67,25.12,1.0,1.0,8.33,12.56,0.0,0.0,0.0,0.0,0.0,0.0,0.0,0.0,1.0,1.0,8.33,12.56,0.0,0.0,0.0,0.0,3.0,3.0,25.0,37.67,0.0,0.0,0.0,0.0,0.0,0.0,0.0,0.0,2.0,2.0,16.67,25.12,0.0,0.0,0.0,0.0,100.0,41.67,58.33,100.47,7.0,7.0,58.33,2.87,2.87,1.0,0.89,1.0,0.67,0.5,0.0,0.75,0.5,,0.5,0.0,0.0,0.17,0.0,0.8
4,臺北台新戰神,5|10|10867|14437,黃聰翰/雷蒙恩/威力斯/弗利沙,1,17,18.0,268.0,4.47,04:28,268.0,4.47,04:28,12.0,12.0,66.67,96.72,8.0,8.0,44.44,64.48,5.0,5.0,27.78,40.3,4.0,4.0,22.22,32.24,2.0,2.0,11.11,16.12,2.0,2.0,11.11,16.12,3.0,3.0,16.67,24.18,2.0,2.0,11.11,16.12,4.0,4.0,22.22,32.24,2.0,2.0,11.11,16.12,1.0,1.0,5.56,8.06,0.0,0.0,0.0,0.0,0.0,0.0,0.0,0.0,2.0,2.0,11.11,16.12,3.0,3.0,16.67,24.18,3.0,3.0,16.67,24.18,2.0,2.0,11.11,16.12,0.0,0.0,0.0,0.0,2.0,2.0,11.11,16.12,0.0,0.0,0.0,0.0,66.67,44.44,22.22,96.72,4.0,4.0,22.22,4.47,4.47,1.0,0.89,1.0,0.67,0.5,0.31,0.75,0.33,,0.33,11.11,0.0,0.11,0.0,0.8
4,臺北台新戰神,5|10|10865|10867,黃聰翰/雷蒙恩/謝銘駿/威力斯,1,7,8.0,96.31,1.61,01:36,96.31,1.61,01:36,0.0,0.0,0.0,0.0,5.0,5.0,62.5,112.14,1.0,1.0,12.5,22.43,0.0,0.0,0.0,0.0,0.0,0.0,0.0,0.0,0.0,0.0,0.0,0.0,1.0,1.0,12.5,22.43,0.0,0.0,0.0,0.0,0.0,0.0,0.0,0.0,0.0,0.0,0.0,0.0,0.0,0.0,0.0,0.0,0.0,0.0,0.0,0.0,0.0,0.0,0.0,0.0,1.0,1.0,12.5,22.43,3.0,3.0,37.5,67.28,0.0,0.0,0.0,0.0,2.0,2.0,25.0,44.85,0.0,0.0,0.0,0.0,0.0,0.0,0.0,0.0,2.0,2.0,25.0,44.85,0.0,62.5,-62.5,119.61,-5.0,-5.0,-62.5,1.61,1.61,0.0,0.0,,0.0,,0.75,,0.0,,0.0,25.0,0.0,0.0,25.0,0.0
4,臺北台新戰神,5|10|10865|14437,黃聰翰/雷蒙恩/謝銘駿/弗利沙,1,6,6.0,96.0,1.6,01:36,96.0,1.6,01:36,0.0,0.0,0.0,0.0,3.0,3.0,50.0,67.5,0.0,0.0,0.0,0.0,0.0,0.0,0.0,0.0,0.0,0.0,0.0,0.0,0.0,0.0,0.0,0.0,0.0,0.0,0.0,0.0,0.0,0.0,0.0,0.0,0.0,0.0,0.0,0.0,0.0,0.0,0.0,0.0,0.0,0.0,0.0,0.0,0.0,0.0,0.0,0.0,0.0,0.0,0.0,0.0,1.0,1.0,16.67,22.5,3.0,3.0,50.0,67.5,0.0,0.0,0.0,0.0,2.0,2.0,33.33,45.0,0.0,0.0,0.0,0.0,0.0,0.0,0.0,0.0,0.0,0.0,0.0,0.0,0.0,50.0,-50.0,90.0,-3.0,-3.0,-50.0,1.6,1.6,,,,,,1.0,,0.0,,0.0,33.33,0.0,0.0,0.0,
4,臺北台新戰神,5|10865|10867|14437,黃聰翰/謝銘駿/威力斯/弗利沙,1,6,6.0,96.0,1.6,01:36,96.0,1.6,01:36,0.0,0.0,0.0,0.0,3.0,3.0,50.0,67.5,0.0,0.0,0.0,0.0,0.0,0.0,0.0,0.0,0.0,0.0,0.0,0.0,0.0,0.0,0.0,0.0,0.0,0.0,0.0,0.0,0.0,0.0,0.0,0.0,0.0,0.0,0.0,0.0,0.0,0.0,0.0,0.0,0.0,0.0,0.0,0.0,0.0,0.0,0.0,0.0,0.0,0.0,0.0,0.0,1.0,1.0,16.67,22.5,3.0,3.0,50.0,67.5,0.0,0.0,0.0,0.0,2.0,2.0,33.33,45.0,0.0,0.0,0.0,0.0,0.0,0.0,0.0,0.0,0.0,0.0,0.0,0.0,0.0,50.0,-50.0,90.0,-3.0,-3.0,-50.0,1.6,1.6,,,,,,1.0,,0.0,,0.0,33.33,0.0,0.0,0.0,
4,臺北台新戰神,10|10865|10867|14437,雷蒙恩/謝銘駿/威力斯/弗利沙,1,6,6.0,96.0,1.6,01:36,96.0,1.6,01:36,0.0,0.0,0.0,0.0,3.0,3.0,50.0,67.5,0.0,0.0,0.0,0.0,0.0,0.0,0.0,0.0,0.0,0.0,0.0,0.0,0.0,0.0,0.0,0.0,0.0,0.0,0.0,0.0,0.0,0.0,0.0,0.0,0.0,0.0,0.0,0.0,0.0,0.0,0.0,0.0,0.0,0.0,0.0,0.0,0.0,0.0,0.0,0.0,0.0,0.0,0.0,0.0,1.0,1.0,16.67,22.5,3.0,3.0,50.0,67.5,0.0,0.0,0.0,0.0,2.0,2.0,33.33,45.0,0.0,0.0,0.0,0.0,0.0,0.0,0.0,0.0,0.0,0.0,0.0,0.0,0.0,50.0,-50.0,90.0,-3.0,-3.0,-50.0,1.6,1.6,,,,,,1.0,,0.0,,0.0,33.33,0.0,0.0,0.0,
4,臺北台新戰神,5|10|10865|14845,黃聰翰/雷蒙恩/謝銘駿/恩多,2,15,18.0,191.63,3.19,03:12,95.81,1.6,01:36,6.0,3.0,33.33,67.63,4.0,2.0,22.22,45.09,5.0,2.5,27.78,56.36,2.0,1.0,11.11,22.54,2.0,1.0,11.11,22.54,1.0,0.5,5.56,11.27,3.0,1.5,16.67,33.82,1.0,0.5,5.56,11.27,2.0,1.0,11.11,22.54,1.0,0.5,5.56,11.27,0.0,0.0,0.0,0.0,2.0,1.0,11.11,22.54,1.0,0.5,5.56,11.27,3.0,1.5,16.67,33.82,2.0,1.0,11.11,22.54,1.0,0.5,5.56,11.27,1.0,0.5,5.56,11.27,0.0,0.0,0.0,0.0,1.0,0.5,5.56,11.27,2.0,1.0,11.11,22.54,33.33,22.22,11.11,135.26,2.0,1.0,11.11,3.19,1.6,0.5,0.51,0.5,0.33,0.5,0.25,0.5,0.0,0.67,0.33,5.56,0.0,0.06,11.11,0.4
4,臺北台新戰神,5|10865|10867|14845,黃聰翰/謝銘駿/威力斯/恩多,1,1,2.0,0.31,0.01,00:00,0.31,0.01,00:00,0.0,0.0,0.0,0.0,2.0,2.0,100.0,13846.15,1.0,1.0,50.0,6923.08,0.0,0.0,0.0,0.0,0.0,0.0,0.0,0.0,0.0,0.0,0.0,0.0,1.0,1.0,50.0,6923.08,0.0,0.0,0.0,0.0,0.0,0.0,0.0,0.0,0.0,0.0,0.0,0.0,0.0,0.0,0.0,0.0,0.0,0.0,0.0,0.0,0.0,0.0,0.0,0.0,0.0,0.0,0.0,0.0,0.0,0.0,0.0,0.0,0.0,0.0,0.0,0.0,0.0,0.0,0.0,0.0,0.0,0.0,0.0,0.0,0.0,0.0,0.0,0.0,2.0,2.0,100.0,13846.15,0.0,100.0,-100.0,9230.77,-2.0,-2.0,-100.0,0.01,0.01,0.0,0.0,,0.0,,0.0,,,,,0.0,0.0,0.0,100.0,0.0
4,臺北台新戰神,1|3|14|14845,丁聖儒/陳文宏/錢肯尼/恩多,3,69,81.0,1109.28,18.49,18:29,369.76,6.16,06:10,29.0,9.67,35.8,56.47,37.0,12.33,45.68,72.05,26.0,8.67,32.1,50.63,11.0,3.67,13.58,21.42,15.0,5.0,18.52,29.21,7.0,2.33,8.64,13.63,11.0,3.67,13.58,21.42,4.0,1.33,4.94,7.79,6.0,2.0,7.41,11.68,3.0,1.0,3.7,5.84,5.0,1.67,6.17,9.74,11.0,3.67,13.58,21.42,6.0,2.0,7.41,11.68,14.0,4.67,17.28,27.26,10.0,3.33,12.35,19.47,13.0,4.33,16.05,25.31,8.0,2.67,9.88,15.58,0.0,0.0,0.0,0.0,9.0,3.0,11.11,17.52,2.0,0.67,2.47,3.89,35.8,45.68,-9.88,105.15,-8.0,-2.67,-9.88,18.49,6.16,0.5,0.51,0.47,0.36,0.5,0.26,1.18,0.26,0.65,0.44,9.88,0.0,0.11,2.47,0.23
4,臺北台新戰神,1|3|10867|14845,丁聖儒/陳文宏/威力斯/恩多,4,27,29.0,449.19,7.49,07:29,112.3,1.87,01:52,12.0,3.0,41.38,57.7,6.0,1.5,20.69,28.85,13.0,3.25,44.83,62.51,5.0,1.25,17.24,24.04,7.0,1.75,24.14,33.66,3.0,0.75,10.34,14.43,6.0,1.5,20.69,28.85,2.0,0.5,6.9,9.62,2.0,0.5,6.9,9.62,0.0,0.0,0.0,0.0,2.0,0.5,6.9,9.62,7.0,1.75,24.14,33.66,0.0,0.0,0.0,0.0,9.0,2.25,31.03,43.28,0.0,0.0,0.0,0.0,3.0,0.75,10.34,14.43,0.0,0.0,0.0,0.0,0.0,0.0,0.0,0.0,1.0,0.25,3.45,4.81,3.0,0.75,10.34,14.43,41.38,20.69,20.69,92.97,6.0,1.5,20.69,7.49,1.87,0.46,0.43,0.43,0.33,0.0,0.0,0.6,0.18,1.0,0.5,0.0,0.0,0.03,10.34,0.15
4,臺北台新戰神,3|14|10867|14845,陳文宏/錢肯尼/威力斯/恩多,2,19,21.0,345.53,5.76,05:46,172.77,2.88,02:53,7.0,3.5,33.33,43.76,9.0,4.5,42.86,56.26,10.0,5.0,47.62,62.51,3.0,1.5,14.29,18.75,6.0,3.0,28.57,37.51,2.0,1.0,9.52,12.5,4.0,2.0,19.05,25.0,1.0,0.5,4.76,6.25,2.0,1.0,9.52,12.5,0.0,0.0,0.0,0.0,2.0,1.0,9.52,12.5,6.0,3.0,28.57,37.51,0.0,0.0,0.0,0.0,5.0,2.5,23.81,31.26,0.0,0.0,0.0,0.0,3.0,1.5,14.29,18.75,0.0,0.0,0.0,0.0,0.0,0.0,0.0,0.0,1.0,0.5,4.76,6.25,0.0,0.0,0.0,0.0,33.33,42.86,-9.52,87.52,-2.0,-1.0,-9.52,5.76,2.88,0.35,0.32,0.33,0.25,0.0,0.0,1.0,0.29,1.0,0.62,0.0,0.0,0.05,0.0,0.2
4,臺北台新戰神,1|3|10864|10867,丁聖儒/陳文宏/劉彥廷/威力斯,2,6,7.0,73.09,1.22,01:13,36.54,0.61,00:37,1.0,0.5,14.29,29.55,4.0,2.0,57.14,118.22,2.0,1.0,28.57,59.11,0.0,0.0,0.0,0.0,2.0,1.0,28.57,59.11,0.0,0.0,0.0,0.0,0.0,0.0,0.0,0.0,0.0,0.0,0.0,0.0,2.0,1.0,28.57,59.11,1.0,0.5,14.29,29.55,0.0,0.0,0.0,0.0,3.0,1.5,42.86,88.66,1.0,0.5,14.29,29.55,1.0,0.5,14.29,29.55,0.0,0.0,0.0,0.0,0.0,0.0,0.0,0.0,0.0,0.0,0.0,0.0,0.0,0.0,0.0,0.0,0.0,0.0,0.0,0.0,0.0,0.0,0.0,0.0,14.29,57.14,-42.86,137.92,-3.0,-1.5,-42.86,1.22,0.61,0.0,0.17,0.0,,0.5,0.0,,0.0,0.75,0.6,0.0,0.0,0.0,0.0,1.0
4,臺北台新戰神,3|14|10864|10867,陳文宏/錢肯尼/劉彥廷/威力斯,1,4,5.0,51.0,0.85,00:51,51.0,0.85,00:51,0.0,0.0,0.0,0.0,4.0,4.0,80.0,169.41,2.0,2.0,40.0,84.71,0.0,0.0,0.0,0.0,2.0,2.0,40.0,84.71,0.0,0.0,0.0,0.0,0.0,0.0,0.0,0.0,0.0,0.0,0.0,0.0,0.0,0.0,0.0,0.0,0.0,0.0,0.0,0.0,0.0,0.0,0.0,0.0,2.0,2.0,40.0,84.71,1.0,1.0,20.0,42.35,0.0,0.0,0.0,0.0,0.0,0.0,0.0,0.0,0.0,0.0,0.0,0.0,0.0,0.0,0.0,0.0,0.0,0.0,0.0,0.0,0.0,0.0,0.0,0.0,0.0,0.0,0.0,0.0,0.0,80.0,-80.0,141.18,-4.0,-4.0,-80.0,0.85,0.85,0.0,0.0,0.0,,,0.0,,,0.67,0.67,0.0,0.0,0.0,0.0,0.0
4,新竹御嵿攻城獅,75|87|10885|14843,高國豪/蔡宸綱/劉丞勳/馬力,1,8,14.0,543.79,9.06,09:04,543.79,9.06,09:04,3.0,3.0,21.43,11.92,10.0,10.0,71.43,39.72,7.0,7.0,50.0,27.8,1.0,1.0,7.14,3.97,2.0,2.0,14.29,7.94,0.0,0.0,0.0,0.0,5.0,5.0,35.71,19.86,1.0,1.0,7.14,3.97,0.0,0.0,0.0,0.0,0.0,0.0,0.0,0.0,1.0,1.0,7.14,3.97,5.0,5.0,35.71,19.86,1.0,1.0,7.14,3.97,2.0,2.0,14.29,7.94,0.0,0.0,0.0,0.0,1.0,1.0,7.14,3.97,0.0,0.0,0.0,0.0,0.0,0.0,0.0,0.0,1.0,1.0,7.14,3.97,5.0,5.0,35.71,19.86,21.43,71.43,-50.0,37.07,-7.0,-7.0,-50.0,9.06,9.06,0.21,0.21,0.0,0.2,,0.0,1.0,0.33,0.83,0.67,0.0,0.0,0.07,35.71,0.0
4,福爾摩沙夢想家,79|86|99|13906,張宗憲/林俊吉/盧冠良/班提爾,6,64,73.0,1008.5,16.81,16:49,168.08,2.8,02:48,40.0,6.67,54.79,85.67,32.0,5.33,43.84,68.54,30.0,5.0,41.1,64.25,15.0,2.5,20.55,32.13,20.0,3.33,27.4,42.84,10.0,1.67,13.7,21.42,10.0,1.67,13.7,21.42,5.0,0.83,6.85,10.71,8.0,1.33,10.96,17.13,5.0,0.83,6.85,10.71,7.0,1.17,9.59,14.99,10.0,1.67,13.7,21.42,1.0,0.17,1.37,2.14,10.0,1.67,13.7,21.42,3.0,0.5,4.11,6.43,11.0,1.83,15.07,23.56,2.0,0.33,2.74,4.28,1.0,0.17,1.37,2.14,6.0,1.0,8.22,12.85,8.0,1.33,10.96,17.13,54.79,43.84,10.96,104.23,8.0,1.33,10.96,16.81,2.8,0.58,0.6,0.5,0.5,0.62,0.08,0.73,0.41,0.91,0.61,2.74,1.37,0.08,10.96,0.27
4,福爾摩沙夢想家,79|86|99|10890,張宗憲/林俊吉/盧冠良/湯普金斯,6,92,103.0,1769.73,29.5,29:30,294.96,4.92,04:55,42.0,7.0,40.78,51.26,46.0,7.67,44.66,56.14,35.0,5.83,33.98,42.72,12.0,2.0,11.65,14.65,15.0,2.5,14.56,18.31,5.0,0.83,4.85,6.1,20.0,3.33,19.42,24.41,7.0,1.17,6.8,8.54,16.0,2.67,15.53,19.53,13.0,2.17,12.62,15.87,2.0,0.33,1.94,2.44,22.0,3.67,21.36,26.85,5.0,0.83,4.85,6.1,19.0,3.17,18.45,23.19,6.0,1.0,5.83,7.32,9.0,1.5,8.74,10.98,4.0,0.67,3.88,4.88,1.0,0.17,0.97,1.22,12.0,2.0,11.65,14.65,16.0,2.67,15.53,19.53,40.78,44.66,-3.88,83.81,-4.0,-0.67,-3.88,29.5,4.92,0.44,0.5,0.33,0.35,0.81,0.12,0.75,0.1,0.81,0.5,3.88,0.97,0.12,15.53,0.46
4,福爾摩沙夢想家,79|99|107|10890,張宗憲/盧冠良/霍爾曼/湯普金斯,5,82,92.0,1588.95,26.48,26:29,317.79,5.3,05:18,34.0,6.8,36.96,46.22,35.0,7.0,38.04,47.58,32.0,6.4,34.78,43.5,10.0,2.0,10.87,13.59,16.0,3.2,17.39,21.75,6.0,1.2,6.52,8.16,16.0,3.2,17.39,21.75,4.0,0.8,4.35,5.44,13.0,2.6,14.13,17.67,10.0,2.0,10.87,13.59,3.0,0.6,3.26,4.08,20.0,4.0,21.74,27.19,5.0,1.0,5.43,6.8,17.0,3.4,18.48,23.11,6.0,1.2,6.52,8.16,5.0,1.0,5.43,6.8,4.0,0.8,4.35,5.44,1.0,0.2,1.09,1.36,10.0,2.0,10.87,13.59,13.0,2.6,14.13,17.67,36.96,38.04,-1.09,83.38,-1.0,-0.2,-1.09,26.48,5.3,0.38,0.45,0.38,0.25,0.77,0.14,0.5,0.15,0.8,0.51,4.35,1.09,0.11,14.13,0.41
4,新北中信特攻,39|104|8889|10879,魏嘉豪/貝奇/馬可/簡廷兆,1,4,4.0,43.09,0.72,00:43,43.09,0.72,00:43,0.0,0.0,0.0,0.0,3.0,3.0,75.0,150.38,2.0,2.0,50.0,100.26,0.0,0.0,0.0,0.0,1.0,1.0,25.0,50.13,0.0,0.0,0.0,0.0,1.0,1.0,25.0,50.13,0.0,0.0,0.0,0.0,0.0,0.0,0.0,0.0,0.0,0.0,0.0,0.0,0.0,0.0,0.0,0.0,2.0,2.0,50.0,100.26,0.0,0.0,0.0,0.0,0.0,0.0,0.0,0.0,0.0,0.0,0.0,0.0,0.0,0.0,0.0,0.0,0.0,0.0,0.0,0.0,0.0,0.0,0.0,0.0,0.0,0.0,0.0,0.0,3.0,3.0,75.0,150.38,0.0,75.0,-75.0,133.67,-3.0,-3.0,-75.0,0.72,0.72,0.0,0.0,0.0,0.0,,0.0,,,1.0,1.0,0.0,0.0,0.0,75.0,0.0
4,新北中信特攻,39|104|10877|10879,魏嘉豪/貝奇/阿巴西/簡廷兆,2,15,16.0,211.88,3.53,03:32,105.94,1.77,01:46,5.0,2.5,31.25,50.97,7.0,3.5,43.75,71.36,6.0,3.0,37.5,61.17,2.0,1.0,12.5,20.39,2.0,1.0,12.5,20.39,1.0,0.5,6.25,10.19,4.0,2.0,25.0,40.78,1.0,0.5,6.25,10.19,0.0,0.0,0.0,0.0,0.0,0.0,0.0,0.0,1.0,0.5,6.25,10.19,3.0,1.5,18.75,30.58,0.0,0.0,0.0,0.0,1.0,0.5,6.25,10.19,2.0,1.0,12.5,20.39,1.0,0.5,6.25,10.19,1.0,0.5,6.25,10.19,0.0,0.0,0.0,0.0,1.0,0.5,6.25,10.19,5.0,2.5,31.25,50.97,31.25,43.75,-12.5,108.74,-2.0,-1.0,-12.5,3.53,1.77,0.42,0.42,0.5,0.25,,0.25,0.5,0.5,1.0,0.8,6.25,0.0,0.06,31.25,0.0
4,福爾摩沙夢想家,79|86|91|10890,張宗憲/林俊吉/簡偉儒/湯普金斯,2,36,44.0,536.44,8.94,08:56,268.22,4.47,04:28,15.0,7.5,34.09,60.4,19.0,9.5,43.18,76.5,13.0,6.5,29.55,52.35,3.0,1.5,6.82,12.08,5.0,2.5,11.36,20.13,1.0,0.5,2.27,4.03,8.0,4.0,18.18,32.21,2.0,1.0,4.55,8.05,10.0,5.0,22.73,40.27,7.0,3.5,15.91,28.19,4.0,2.0,9.09,16.11,7.0,3.5,15.91,28.19,3.0,1.5,6.82,12.08,8.0,4.0,18.18,32.21,4.0,2.0,9.09,16.11,2.0,1.0,4.55,8.05,3.0,1.5,6.82,12.08,1.0,0.5,2.27,4.03,7.0,3.5,15.91,28.19,4.0,2.0,9.09,16.11,34.09,43.18,-9.09,118.11,-4.0,-2.0,-9.09,8.94,4.47,0.31,0.43,0.2,0.25,0.7,0.19,0.67,0.33,0.7,0.5,6.82,2.27,0.16,9.09,0.77
4,新北中信特攻,39|44|104|10879,魏嘉豪/黃泓瀚/貝奇/簡廷兆,1,6,6.0,85.0,1.42,01:25,85.0,1.42,01:25,0.0,0.0,0.0,0.0,4.0,4.0,66.67,101.65,2.0,2.0,33.33,50.82,0.0,0.0,0.0,0.0,0.0,0.0,0.0,0.0,0.0,0.0,0.0,0.0,2.0,2.0,33.33,50.82,0.0,0.0,0.0,0.0,0.0,0.0,0.0,0.0,0.0,0.0,0.0,0.0,0.0,0.0,0.0,0.0,2.0,2.0,33.33,50.82,0.0,0.0,0.0,0.0,0.0,0.0,0.0,0.0,1.0,1.0,16.67,25.41,0.0,0.0,0.0,0.0,0.0,0.0,0.0,0.0,0.0,0.0,0.0,0.0,0.0,0.0,0.0,0.0,4.0,4.0,66.67,101.65,0.0,66.67,-66.67,101.65,-4.0,-4.0,-66.67,1.42,1.42,0.0,0.0,,0.0,,0.33,,,1.0,1.0,0.0,0.0,0.0,66.67,0.0
4,新北中信特攻,39|44|104|10880,魏嘉豪/黃泓瀚/貝奇/內馬,2,11,12.0,164.0,2.73,02:44,82.0,1.37,01:22,0.0,0.0,0.0,0.0,9.0,4.5,75.0,118.54,6.0,3.0,50.0,79.02,0.0,0.0,0.0,0.0,4.0,2.0,33.33,52.68,0.0,0.0,0.0,0.0,2.0,1.0,16.67,26.34,0.0,0.0,0.0,0.0,0.0,0.0,0.0,0.0,0.0,0.0,0.0,0.0,1.0,0.5,8.33,13.17,5.0,2.5,41.67,65.85,0.0,0.0,0.0,0.0,0.0,0.0,0.0,0.0,1.0,0.5,8.33,13.17,0.0,0.0,0.0,0.0,0.0,0.0,0.0,0.0,0.0,0.0,0.0,0.0,0.0,0.0,0.0,0.0,4.0,2.0,33.33,52.68,0.0,75.0,-75.0,105.37,-9.0,-4.5,-75.0,2.73,1.37,0.0,0.0,0.0,0.0,,0.14,,1.0,1.0,1.0,0.0,0.0,0.0,33.33,0.0
4,新北中信特攻,44|104|10879|10880,黃泓瀚/貝奇/簡廷兆/內馬,1,6,6.0,85.0,1.42,01:25,85.0,1.42,01:25,0.0,0.0,0.0,0.0,4.0,4.0,66.67,101.65,2.0,2.0,33.33,50.82,0.0,0.0,0.0,0.0,0.0,0.0,0.0,0.0,0.0,0.0,0.0,0.0,2.0,2.0,33.33,50.82,0.0,0.0,0.0,0.0,0.0,0.0,0.0,0.0,0.0,0.0,0.0,0.0,0.0,0.0,0.0,0.0,2.0,2.0,33.33,50.82,0.0,0.0,0.0,0.0,0.0,0.0,0.0,0.0,1.0,1.0,16.67,25.41,0.0,0.0,0.0,0.0,0.0,0.0,0.0,0.0,0.0,0.0,0.0,0.0,0.0,0.0,0.0,0.0,4.0,4.0,66.67,101.65,0.0,66.67,-66.67,101.65,-4.0,-4.0,-66.67,1.42,1.42,0.0,0.0,,0.0,,0.33,,,1.0,1.0,0.0,0.0,0.0,66.67,0.0
4,福爾摩沙夢想家,79|86|10890|13906,張宗憲/林俊吉/湯普金斯/班提爾,6,84,94.0,1307.07,21.78,21:47,217.84,3.63,03:38,59.0,9.83,62.77,97.5,44.0,7.33,46.81,72.71,36.0,6.0,38.3,59.49,22.0,3.67,23.4,36.36,19.0,3.17,20.21,31.4,12.0,2.0,12.77,19.83,17.0,2.83,18.09,28.09,10.0,1.67,10.64,16.53,5.0,0.83,5.32,8.26,5.0,0.83,5.32,8.26,4.0,0.67,4.26,6.61,10.0,1.67,10.64,16.53,1.0,0.17,1.06,1.65,18.0,3.0,19.15,29.75,6.0,1.0,6.38,9.92,14.0,2.33,14.89,23.14,5.0,0.83,5.32,8.26,1.0,0.17,1.06,1.65,10.0,1.67,10.64,16.53,19.0,3.17,20.21,31.4,62.77,46.81,15.96,103.56,15.0,2.5,15.96,21.78,3.63,0.75,0.77,0.63,0.59,1.0,0.14,0.64,0.18,0.91,0.42,5.32,1.06,0.11,20.21,0.14
4,新北中信特攻,47|104|10877|10879,曾文鼎/貝奇/阿巴西/簡廷兆,6,91,114.0,1635.19,27.25,27:15,272.53,4.54,04:33,53.0,8.83,46.49,70.01,46.0,7.67,40.35,60.76,40.0,6.67,35.09,52.84,19.0,3.17,16.67,25.1,22.0,3.67,19.3,29.06,10.0,1.67,8.77,13.21,18.0,3.0,15.79,23.78,9.0,1.5,7.89,11.89,13.0,2.17,11.4,17.17,7.0,1.17,6.14,9.25,6.0,1.0,5.26,7.93,19.0,3.17,16.67,25.1,10.0,1.67,8.77,13.21,25.0,4.17,21.93,33.02,8.0,1.33,7.02,10.57,13.0,2.17,11.4,17.17,6.0,1.0,5.26,7.93,1.0,0.17,0.88,1.32,10.0,1.67,8.77,13.21,10.0,1.67,8.77,13.21,46.49,40.35,6.14,100.39,7.0,1.17,6.14,27.25,4.54,0.59,0.58,0.45,0.5,0.54,0.15,0.68,0.19,0.66,0.42,5.26,0.88,0.09,8.77,0.32
4,福爾摩沙夢想家,79|99|10890|13906,張宗憲/盧冠良/湯普金斯/班提爾,3,44,49.0,747.36,12.46,12:27,249.12,4.15,04:09,35.0,11.67,71.43,101.16,25.0,8.33,51.02,72.25,19.0,6.33,38.78,54.91,13.0,4.33,26.53,37.57,12.0,4.0,24.49,34.68,7.0,2.33,14.29,20.23,7.0,2.33,14.29,20.23,6.0,2.0,12.24,17.34,3.0,1.0,6.12,8.67,3.0,1.0,6.12,8.67,1.0,0.33,2.04,2.89,5.0,1.67,10.2,14.45,1.0,0.33,2.04,2.89,10.0,3.33,20.41,28.9,2.0,0.67,4.08,5.78,11.0,3.67,22.45,31.79,1.0,0.33,2.04,2.89,1.0,0.33,2.04,2.89,4.0,1.33,8.16,11.56,4.0,1.33,8.16,11.56,71.43,51.02,20.41,94.41,10.0,3.33,20.41,12.46,4.15,0.84,0.86,0.58,0.86,1.0,0.09,0.85,0.09,0.83,0.35,2.04,2.04,0.08,8.16,0.16
4,福爾摩沙夢想家,79|86|91|13906,張宗憲/林俊吉/簡偉儒/班提爾,2,16,22.0,383.82,6.4,06:24,191.91,3.2,03:12,9.0,4.5,40.91,50.65,10.0,5.0,45.45,56.28,10.0,5.0,45.45,56.28,3.0,1.5,13.64,16.88,4.0,2.0,18.18,22.51,1.0,0.5,4.55,5.63,6.0,3.0,27.27,33.77,2.0,1.0,9.09,11.26,2.0,1.0,9.09,11.26,1.0,0.5,4.55,5.63,4.0,2.0,18.18,22.51,4.0,2.0,18.18,22.51,0.0,0.0,0.0,0.0,3.0,1.5,13.64,16.88,2.0,1.0,9.09,11.26,2.0,1.0,9.09,11.26,2.0,1.0,9.09,11.26,0.0,0.0,0.0,0.0,2.0,1.0,9.09,11.26,2.0,1.0,9.09,11.26,40.91,45.45,-4.55,82.54,-1.0,-0.5,-4.55,6.4,3.2,0.4,0.41,0.25,0.33,0.5,0.16,0.67,0.57,1.0,0.73,9.09,0.0,0.09,9.09,0.2
4,新北中信特攻,47|104|8889|10877,曾文鼎/貝奇/馬可/阿巴西,4,84,105.0,1524.42,25.41,25:24,381.11,6.35,06:21,41.0,10.25,39.05,58.09,36.0,9.0,34.29,51.01,40.0,10.0,38.1,56.68,16.0,4.0,15.24,22.67,19.0,4.75,18.1,26.92,11.0,2.75,10.48,15.59,21.0,5.25,20.0,29.76,5.0,1.25,4.76,7.08,10.0,2.5,9.52,14.17,5.0,1.25,4.76,7.08,7.0,1.75,6.67,9.92,18.0,4.5,17.14,25.5,7.0,1.75,6.67,9.92,18.0,4.5,17.14,25.5,7.0,1.75,6.67,9.92,10.0,2.5,9.52,14.17,3.0,0.75,2.86,4.25,0.0,0.0,0.0,0.0,10.0,2.5,9.52,14.17,4.0,1.0,3.81,5.67,39.05,34.29,4.76,99.19,5.0,1.25,4.76,25.41,6.35,0.46,0.46,0.58,0.24,0.5,0.14,0.62,0.28,0.72,0.5,2.86,0.0,0.1,3.81,0.25
4,新北中信特攻,47|8889|10877|10879,曾文鼎/馬可/阿巴西/簡廷兆,4,34,45.0,721.25,12.02,12:01,180.31,3.01,03:00,16.0,4.0,35.56,47.92,14.0,3.5,31.11,41.93,17.0,4.25,37.78,50.91,6.0,1.5,13.33,17.97,10.0,2.5,22.22,29.95,4.0,1.0,8.89,11.98,7.0,1.75,15.56,20.96,2.0,0.5,4.44,5.99,6.0,1.5,13.33,17.97,3.0,0.75,6.67,8.98,4.0,1.0,8.89,11.98,7.0,1.75,15.56,20.96,5.0,1.25,11.11,14.97,11.0,2.75,24.44,32.94,2.0,0.5,4.44,5.99,3.0,0.75,6.67,8.98,2.0,0.5,4.44,5.99,0.0,0.0,0.0,0.0,6.0,1.5,13.33,17.97,0.0,0.0,0.0,0.0,35.56,31.11,4.44,89.84,2.0,0.5,4.44,12.02,3.01,0.41,0.41,0.4,0.29,0.5,0.09,0.5,0.27,0.58,0.41,4.44,0.0,0.13,0.0,0.35
4,新北中信特攻,40|44|104|10877,謝亞軒/黃泓瀚/貝奇/阿巴西,3,22,25.0,348.82,5.81,05:49,116.27,1.94,01:56,15.0,5.0,60.0,92.88,17.0,5.67,68.0,105.27,13.0,4.33,52.0,80.5,7.0,2.33,28.0,43.35,7.0,2.33,28.0,43.35,6.0,2.0,24.0,37.15,6.0,2.0,24.0,37.15,1.0,0.33,4.0,6.19,0.0,0.0,0.0,0.0,0.0,0.0,0.0,0.0,3.0,1.0,12.0,18.58,3.0,1.0,12.0,18.58,0.0,0.0,0.0,0.0,4.0,1.33,16.0,24.77,0.0,0.0,0.0,0.0,3.0,1.0,12.0,18.58,0.0,0.0,0.0,0.0,0.0,0.0,0.0,0.0,0.0,0.0,0.0,0.0,2.0,0.67,8.0,12.38,60.0,68.0,-8.0,103.21,-2.0,-0.67,-8.0,5.81,1.94,0.58,0.58,0.86,0.17,,0.0,0.43,0.43,1.0,0.6,0.0,0.0,0.0,8.0,0.0
4,新北中信特攻,40|47|104|8889,謝亞軒/曾文鼎/貝奇/馬可,2,4,5.0,60.92,1.02,01:01,30.46,0.51,00:30,5.0,2.5,100.0,177.28,3.0,1.5,60.0,106.37,1.0,0.5,20.0,35.46,1.0,0.5,20.0,35.46,0.0,0.0,0.0,0.0,0.0,0.0,0.0,0.0,1.0,0.5,20.0,35.46,1.0,0.5,20.0,35.46,2.0,1.0,40.0,70.91,2.0,1.0,40.0,70.91,0.0,0.0,0.0,0.0,0.0,0.0,0.0,0.0,0.0,0.0,0.0,0.0,0.0,0.0,0.0,0.0,1.0,0.5,20.0,35.46,1.0,0.5,20.0,35.46,0.0,0.0,0.0,0.0,0.0,0.0,0.0,0.0,1.0,0.5,20.0,35.46,1.0,0.5,20.0,35.46,100.0,60.0,40.0,118.18,2.0,1.0,40.0,1.02,0.51,1.5,1.33,,1.0,1.0,0.35,1.0,,,,0.0,0.0,0.2,20.0,2.0
4,新北中信特攻,40|47|8889|10877,謝亞軒/曾文鼎/馬可/阿巴西,1,5,6.0,92.98,1.55,01:33,92.98,1.55,01:33,5.0,5.0,83.33,116.15,6.0,6.0,100.0,139.38,2.0,2.0,33.33,46.46,2.0,2.0,33.33,46.46,1.0,1.0,16.67,23.23,1.0,1.0,16.67,23.23,1.0,1.0,16.67,23.23,1.0,1.0,16.67,23.23,1.0,1.0,16.67,23.23,1.0,1.0,16.67,23.23,0.0,0.0,0.0,0.0,0.0,0.0,0.0,0.0,0.0,0.0,0.0,0.0,0.0,0.0,0.0,0.0,1.0,1.0,16.67,23.23,1.0,1.0,16.67,23.23,0.0,0.0,0.0,0.0,0.0,0.0,0.0,0.0,3.0,3.0,50.0,69.69,1.0,1.0,16.67,23.23,83.33,100.0,-16.67,92.92,-1.0,-1.0,-16.67,1.55,1.55,1.25,1.02,1.0,1.0,1.0,0.29,0.5,,,,0.0,0.0,0.5,16.67,0.5
4,新北中信特攻,40|43|47|10877,謝亞軒/林韋翰/曾文鼎/阿巴西,1,2,2.0,32.0,0.53,00:32,32.0,0.53,00:32,2.0,2.0,100.0,135.0,3.0,3.0,150.0,202.5,1.0,1.0,50.0,67.5,1.0,1.0,50.0,67.5,1.0,1.0,50.0,67.5,1.0,1.0,50.0,67.5,0.0,0.0,0.0,0.0,0.0,0.0,0.0,0.0,1.0,1.0,50.0,67.5,1.0,1.0,50.0,67.5,0.0,0.0,0.0,0.0,0.0,0.0,0.0,0.0,0.0,0.0,0.0,0.0,0.0,0.0,0.0,0.0,0.0,0.0,0.0,0.0,0.0,0.0,0.0,0.0,0.0,0.0,0.0,0.0,0.0,0.0,0.0,0.0,1.0,1.0,50.0,67.5,0.0,0.0,0.0,0.0,100.0,150.0,-50.0,90.0,-1.0,-1.0,-50.0,0.53,0.53,1.0,0.69,1.0,,1.0,0.0,0.0,,,,0.0,0.0,0.5,0.0,1.0
4,新北中信特攻,43|47|8889|10877,林韋翰/曾文鼎/馬可/阿巴西,3,57,67.0,918.19,15.3,15:18,306.06,5.1,05:06,28.0,9.33,41.79,65.87,25.0,8.33,37.31,58.81,27.0,9.0,40.3,63.52,12.0,4.0,17.91,28.23,13.0,4.33,19.4,30.58,10.0,3.33,14.93,23.52,14.0,4.67,20.9,32.93,2.0,0.67,2.99,4.7,5.0,1.67,7.46,11.76,3.0,1.0,4.48,7.06,3.0,1.0,4.48,7.06,12.0,4.0,17.91,28.23,3.0,1.0,4.48,7.06,10.0,3.33,14.93,23.52,4.0,1.33,5.97,9.41,6.0,2.0,8.96,14.11,1.0,0.33,1.49,2.35,0.0,0.0,0.0,0.0,7.0,2.33,10.45,16.47,3.0,1.0,4.48,7.06,41.79,37.31,4.48,105.08,3.0,1.0,4.48,15.3,5.1,0.48,0.48,0.77,0.14,0.6,0.12,0.5,0.23,0.8,0.54,1.49,0.0,0.1,4.48,0.19
4,新北中信特攻,43|47|10877|10879,林韋翰/曾文鼎/阿巴西/簡廷兆,1,2,2.0,44.0,0.73,00:44,44.0,0.73,00:44,2.0,2.0,100.0,98.18,0.0,0.0,0.0,0.0,1.0,1.0,50.0,49.09,1.0,1.0,50.0,49.09,1.0,1.0,50.0,49.09,1.0,1.0,50.0,49.09,0.0,0.0,0.0,0.0,0.0,0.0,0.0,0.0,0.0,0.0,0.0,0.0,0.0,0.0,0.0,0.0,0.0,0.0,0.0,0.0,0.0,0.0,0.0,0.0,0.0,0.0,0.0,0.0,1.0,1.0,50.0,49.09,0.0,0.0,0.0,0.0,0.0,0.0,0.0,0.0,0.0,0.0,0.0,0.0,0.0,0.0,0.0,0.0,1.0,1.0,50.0,49.09,0.0,0.0,0.0,0.0,100.0,0.0,100.0,65.45,2.0,2.0,100.0,0.73,0.73,1.0,1.0,1.0,,,0.0,0.0,0.0,,0.0,0.0,0.0,0.5,0.0,0.0
4,新北中信特攻,40|104|10877|10880,謝亞軒/貝奇/阿巴西/內馬,5,97,118.0,1581.58,26.36,26:22,316.32,5.27,05:16,56.0,11.2,47.46,76.48,45.0,9.0,38.14,61.46,51.0,10.2,43.22,69.65,22.0,4.4,18.64,30.05,31.0,6.2,26.27,42.34,17.0,3.4,14.41,23.22,20.0,4.0,16.95,27.31,5.0,1.0,4.24,6.83,9.0,1.8,7.63,12.29,5.0,1.0,4.24,6.83,12.0,2.4,10.17,16.39,19.0,3.8,16.1,25.95,6.0,1.2,5.08,8.19,17.0,3.4,14.41,23.22,3.0,0.6,2.54,4.1,14.0,2.8,11.86,19.12,2.0,0.4,1.69,2.73,2.0,0.4,1.69,2.73,7.0,1.4,5.93,9.56,18.0,3.6,15.25,24.58,47.46,38.14,9.32,107.44,11.0,2.2,9.32,26.36,5.27,0.48,0.51,0.55,0.25,0.56,0.05,0.64,0.41,0.76,0.57,1.69,1.69,0.06,15.25,0.18
4,高雄全家海神,51|109|118|121,克力斯/于煥亞/蘇文儒/吳曉謹,1,44,59.0,769.34,12.82,12:49,769.34,12.82,12:49,22.0,22.0,37.29,61.77,38.0,38.0,64.41,106.69,21.0,21.0,35.59,58.96,8.0,8.0,13.56,22.46,14.0,14.0,23.73,39.31,6.0,6.0,10.17,16.85,7.0,7.0,11.86,19.65,2.0,2.0,3.39,5.62,7.0,7.0,11.86,19.65,4.0,4.0,6.78,11.23,7.0,7.0,11.86,19.65,7.0,7.0,11.86,19.65,6.0,6.0,10.17,16.85,4.0,4.0,6.78,11.23,6.0,6.0,10.17,16.85,7.0,7.0,11.86,19.65,3.0,3.0,5.08,8.42,1.0,1.0,1.69,2.81,5.0,5.0,8.47,14.04,4.0,4.0,6.78,11.23,37.29,64.41,-27.12,110.43,-16.0,-16.0,-27.12,12.82,12.82,0.43,0.46,0.43,0.29,0.57,0.2,0.88,0.64,0.54,0.58,5.08,1.69,0.08,6.78,0.33
4,高雄全家海神,109|118|121|14844,于煥亞/蘇文儒/吳曉謹/杭特,2,21,27.0,316.54,5.28,05:17,158.27,2.64,02:38,12.0,6.0,44.44,81.89,14.0,7.0,51.85,95.53,10.0,5.0,37.04,68.24,5.0,2.5,18.52,34.12,8.0,4.0,29.63,54.59,4.0,2.0,14.81,27.3,2.0,1.0,7.41,13.65,1.0,0.5,3.7,6.82,4.0,2.0,14.81,27.3,3.0,1.5,11.11,20.47,2.0,1.0,7.41,13.65,3.0,1.5,11.11,20.47,2.0,1.0,7.41,13.65,4.0,2.0,14.81,27.3,2.0,1.0,7.41,13.65,2.0,1.0,7.41,13.65,1.0,0.5,3.7,6.82,1.0,0.5,3.7,6.82,1.0,0.5,3.7,6.82,5.0,2.5,18.52,34.12,44.44,51.85,-7.41,122.83,-2.0,-1.0,-7.41,5.28,2.64,0.55,0.51,0.5,0.5,0.75,0.15,0.4,0.33,0.6,0.45,3.7,3.7,0.04,18.52,0.4
4,高雄全家海神,109|118|121|4181,于煥亞/蘇文儒/吳曉謹/艾德,2,47,63.0,834.25,13.9,13:54,417.13,6.95,06:57,28.0,14.0,44.44,72.5,44.0,22.0,69.84,113.92,25.0,12.5,39.68,64.73,11.0,5.5,17.46,28.48,17.0,8.5,26.98,44.02,9.0,4.5,14.29,23.3,8.0,4.0,12.7,20.71,2.0,1.0,3.17,5.18,9.0,4.5,14.29,23.3,6.0,3.0,9.52,15.53,9.0,4.5,14.29,23.3,6.0,3.0,9.52,15.53,5.0,2.5,7.94,12.95,4.0,2.0,6.35,10.36,5.0,2.5,7.94,12.95,9.0,4.5,14.29,23.3,3.0,1.5,4.76,7.77,0.0,0.0,0.0,0.0,6.0,3.0,9.52,15.53,7.0,3.5,11.11,18.12,44.44,69.84,-25.4,108.74,-16.0,-8.0,-25.4,13.9,6.95,0.48,0.48,0.53,0.25,0.67,0.15,0.82,0.69,0.55,0.62,4.76,0.0,0.1,11.11,0.36
4,高雄全家海神,51|118|122|4181,克力斯/蘇文儒/陳懷安/艾德,1,5,6.0,75.0,1.25,01:15,75.0,1.25,01:15,0.0,0.0,0.0,0.0,0.0,0.0,0.0,0.0,3.0,3.0,50.0,86.4,0.0,0.0,0.0,0.0,2.0,2.0,33.33,57.6,0.0,0.0,0.0,0.0,1.0,1.0,16.67,28.8,0.0,0.0,0.0,0.0,0.0,0.0,0.0,0.0,0.0,0.0,0.0,0.0,1.0,1.0,16.67,28.8,2.0,2.0,33.33,57.6,0.0,0.0,0.0,0.0,1.0,1.0,16.67,28.8,1.0,1.0,16.67,28.8,0.0,0.0,0.0,0.0,1.0,1.0,16.67,28.8,0.0,0.0,0.0,0.0,0.0,0.0,0.0,0.0,0.0,0.0,0.0,0.0,0.0,0.0,0.0,115.2,0.0,0.0,0.0,1.25,1.25,0.0,0.0,0.0,0.0,,0.25,,0.5,1.0,0.75,16.67,0.0,0.0,0.0,0.0
4,高雄全家海神,109|118|122|4181,于煥亞/蘇文儒/陳懷安/艾德,1,5,6.0,75.0,1.25,01:15,75.0,1.25,01:15,0.0,0.0,0.0,0.0,0.0,0.0,0.0,0.0,3.0,3.0,50.0,86.4,0.0,0.0,0.0,0.0,2.0,2.0,33.33,57.6,0.0,0.0,0.0,0.0,1.0,1.0,16.67,28.8,0.0,0.0,0.0,0.0,0.0,0.0,0.0,0.0,0.0,0.0,0.0,0.0,1.0,1.0,16.67,28.8,2.0,2.0,33.33,57.6,0.0,0.0,0.0,0.0,1.0,1.0,16.67,28.8,1.0,1.0,16.67,28.8,0.0,0.0,0.0,0.0,1.0,1.0,16.67,28.8,0.0,0.0,0.0,0.0,0.0,0.0,0.0,0.0,0.0,0.0,0.0,0.0,0.0,0.0,0.0,115.2,0.0,0.0,0.0,1.25,1.25,0.0,0.0,0.0,0.0,,0.25,,0.5,1.0,0.75,16.67,0.0,0.0,0.0,0.0
4,高雄全家海神,51|109|122|14844,克力斯/于煥亞/陳懷安/杭特,1,5,8.0,84.03,1.4,01:24,84.03,1.4,01:24,3.0,3.0,37.5,77.11,5.0,5.0,62.5,128.52,4.0,4.0,50.0,102.82,1.0,1.0,12.5,25.7,2.0,2.0,25.0,51.41,1.0,1.0,12.5,25.7,2.0,2.0,25.0,51.41,0.0,0.0,0.0,0.0,1.0,1.0,12.5,25.7,1.0,1.0,12.5,25.7,2.0,2.0,25.0,51.41,1.0,1.0,12.5,25.7,0.0,0.0,0.0,0.0,1.0,1.0,12.5,25.7,0.0,0.0,0.0,0.0,0.0,0.0,0.0,0.0,0.0,0.0,0.0,0.0,0.0,0.0,0.0,0.0,2.0,2.0,25.0,51.41,2.0,2.0,25.0,51.41,37.5,62.5,-25.0,137.09,-2.0,-2.0,-25.0,1.4,1.4,0.25,0.34,0.5,0.0,1.0,0.0,0.0,0.67,1.0,0.75,0.0,0.0,0.25,25.0,0.25
4,高雄全家海神,51|118|122|14844,克力斯/蘇文儒/陳懷安/杭特,1,10,14.0,152.29,2.54,02:32,152.29,2.54,02:32,5.0,5.0,35.71,70.92,9.0,9.0,64.29,127.65,4.0,4.0,28.57,56.73,1.0,1.0,7.14,14.18,2.0,2.0,14.29,28.37,1.0,1.0,7.14,14.18,2.0,2.0,14.29,28.37,0.0,0.0,0.0,0.0,3.0,3.0,21.43,42.55,3.0,3.0,21.43,42.55,2.0,2.0,14.29,28.37,1.0,1.0,7.14,14.18,1.0,1.0,7.14,14.18,1.0,1.0,7.14,14.18,2.0,2.0,14.29,28.37,0.0,0.0,0.0,0.0,0.0,0.0,0.0,0.0,0.0,0.0,0.0,0.0,2.0,2.0,14.29,28.37,4.0,4.0,28.57,56.73,35.71,64.29,-28.57,132.38,-4.0,-4.0,-28.57,2.54,2.54,0.25,0.47,0.5,0.0,1.0,0.27,0.0,0.67,0.5,0.6,0.0,0.0,0.14,28.57,0.75
4,高雄全家海神,109|118|122|14844,于煥亞/蘇文儒/陳懷安/杭特,1,5,8.0,84.03,1.4,01:24,84.03,1.4,01:24,3.0,3.0,37.5,77.11,5.0,5.0,62.5,128.52,4.0,4.0,50.0,102.82,1.0,1.0,12.5,25.7,2.0,2.0,25.0,51.41,1.0,1.0,12.5,25.7,2.0,2.0,25.0,51.41,0.0,0.0,0.0,0.0,1.0,1.0,12.5,25.7,1.0,1.0,12.5,25.7,2.0,2.0,25.0,51.41,1.0,1.0,12.5,25.7,0.0,0.0,0.0,0.0,1.0,1.0,12.5,25.7,0.0,0.0,0.0,0.0,0.0,0.0,0.0,0.0,0.0,0.0,0.0,0.0,0.0,0.0,0.0,0.0,2.0,2.0,25.0,51.41,2.0,2.0,25.0,51.41,37.5,62.5,-25.0,137.09,-2.0,-2.0,-25.0,1.4,1.4,0.25,0.34,0.5,0.0,1.0,0.0,0.0,0.67,1.0,0.75,0.0,0.0,0.25,25.0,0.25
4,新竹御嵿攻城獅,75|76|10888|14843,高國豪/曾柏喻/帕塞獅/馬力,2,31,38.0,532.63,8.88,08:53,266.31,4.44,04:26,20.0,10.0,52.63,81.11,17.0,8.5,44.74,68.94,13.0,6.5,34.21,52.72,7.0,3.5,18.42,28.39,7.0,3.5,18.42,28.39,5.0,2.5,13.16,20.28,6.0,3.0,15.79,24.33,2.0,1.0,5.26,8.11,6.0,3.0,15.79,24.33,4.0,2.0,10.53,16.22,1.0,0.5,2.63,4.06,6.0,3.0,15.79,24.33,5.0,2.5,13.16,20.28,5.0,2.5,13.16,20.28,1.0,0.5,2.63,4.06,5.0,2.5,13.16,20.28,1.0,0.5,2.63,4.06,0.0,0.0,0.0,0.0,3.0,1.5,7.89,12.17,4.0,2.0,10.53,16.22,52.63,44.74,7.89,102.74,3.0,1.5,7.89,8.88,4.44,0.62,0.64,0.71,0.33,0.67,0.06,0.71,0.17,0.55,0.41,2.63,0.0,0.08,10.53,0.46
4,新竹御嵿攻城獅,75|87|10888|14843,高國豪/蔡宸綱/帕塞獅/馬力,3,47,54.0,731.36,12.19,12:11,243.79,4.06,04:04,32.0,10.67,59.26,94.51,23.0,7.67,42.59,67.93,21.0,7.0,38.89,62.02,11.0,3.67,20.37,32.49,11.0,3.67,20.37,32.49,7.0,2.33,12.96,20.67,10.0,3.33,18.52,29.53,4.0,1.33,7.41,11.81,8.0,2.67,14.81,23.63,6.0,2.0,11.11,17.72,3.0,1.0,5.56,8.86,8.0,2.67,14.81,23.63,4.0,1.33,7.41,11.81,7.0,2.33,12.96,20.67,1.0,0.33,1.85,2.95,7.0,2.33,12.96,20.67,1.0,0.33,1.85,2.95,0.0,0.0,0.0,0.0,7.0,2.33,12.96,20.67,5.0,1.67,9.26,14.77,59.26,42.59,16.67,106.32,9.0,3.0,16.67,12.19,4.06,0.62,0.65,0.64,0.4,0.75,0.04,0.64,0.3,0.67,0.5,1.85,0.0,0.13,9.26,0.38
4,新竹御嵿攻城獅,76|87|10888|14843,曾柏喻/蔡宸綱/帕塞獅/馬力,2,23,27.0,395.33,6.59,06:35,197.67,3.29,03:18,20.0,10.0,74.07,109.28,10.0,5.0,37.04,54.64,9.0,4.5,33.33,49.17,7.0,3.5,25.93,38.25,6.0,3.0,22.22,32.78,5.0,2.5,18.52,27.32,3.0,1.5,11.11,16.39,2.0,1.0,7.41,10.93,6.0,3.0,22.22,32.78,4.0,2.0,14.81,21.86,1.0,0.5,3.7,5.46,2.0,1.0,7.41,10.93,3.0,1.5,11.11,16.39,3.0,1.5,11.11,16.39,1.0,0.5,3.7,5.46,5.0,2.5,18.52,27.32,1.0,0.5,3.7,5.46,0.0,0.0,0.0,0.0,2.0,1.0,7.41,10.93,3.0,1.5,11.11,16.39,74.07,37.04,37.04,98.35,10.0,5.0,37.04,6.59,3.29,0.89,0.86,0.83,0.67,0.67,0.08,0.71,0.25,0.4,0.33,3.7,0.0,0.07,11.11,0.67
4,高雄全家海神,118|121|122|14844,蘇文儒/吳曉謹/陳懷安/杭特,1,5,6.0,68.26,1.14,01:08,68.26,1.14,01:08,2.0,2.0,33.33,63.29,4.0,4.0,66.67,126.57,0.0,0.0,0.0,0.0,0.0,0.0,0.0,0.0,0.0,0.0,0.0,0.0,0.0,0.0,0.0,0.0,0.0,0.0,0.0,0.0,0.0,0.0,0.0,0.0,2.0,2.0,33.33,63.29,2.0,2.0,33.33,63.29,0.0,0.0,0.0,0.0,0.0,0.0,0.0,0.0,1.0,1.0,16.67,31.64,0.0,0.0,0.0,0.0,2.0,2.0,33.33,63.29,0.0,0.0,0.0,0.0,0.0,0.0,0.0,0.0,0.0,0.0,0.0,0.0,0.0,0.0,0.0,0.0,2.0,2.0,33.33,63.29,33.33,66.67,-33.33,126.57,-2.0,-2.0,-33.33,1.14,1.14,,1.14,,,1.0,0.69,,,0.0,0.0,0.0,0.0,0.0,33.33,
4,新竹御嵿攻城獅,75|80|87|10888,高國豪/田浩/蔡宸綱/帕塞獅,2,17,19.0,241.03,4.02,04:01,120.52,2.01,02:01,12.0,6.0,63.16,107.54,11.0,5.5,57.89,98.58,9.0,4.5,47.37,80.65,4.0,2.0,21.05,35.85,4.0,2.0,21.05,35.85,2.0,1.0,10.53,17.92,5.0,2.5,26.32,44.81,2.0,1.0,10.53,17.92,2.0,1.0,10.53,17.92,2.0,1.0,10.53,17.92,2.0,1.0,10.53,17.92,3.0,1.5,15.79,26.88,0.0,0.0,0.0,0.0,2.0,1.0,10.53,17.92,0.0,0.0,0.0,0.0,2.0,1.0,10.53,17.92,0.0,0.0,0.0,0.0,0.0,0.0,0.0,0.0,5.0,2.5,26.32,44.81,2.0,1.0,10.53,17.92,63.16,57.89,5.26,113.51,1.0,0.5,5.26,4.02,2.01,0.56,0.61,0.5,0.4,1.0,0.0,0.5,0.5,1.0,0.71,0.0,0.0,0.26,10.53,0.22
4,新竹御嵿攻城獅,75|80|10888|14843,高國豪/田浩/帕塞獅/馬力,2,17,19.0,241.03,4.02,04:01,120.52,2.01,02:01,12.0,6.0,63.16,107.54,11.0,5.5,57.89,98.58,9.0,4.5,47.37,80.65,4.0,2.0,21.05,35.85,4.0,2.0,21.05,35.85,2.0,1.0,10.53,17.92,5.0,2.5,26.32,44.81,2.0,1.0,10.53,17.92,2.0,1.0,10.53,17.92,2.0,1.0,10.53,17.92,2.0,1.0,10.53,17.92,3.0,1.5,15.79,26.88,0.0,0.0,0.0,0.0,2.0,1.0,10.53,17.92,0.0,0.0,0.0,0.0,2.0,1.0,10.53,17.92,0.0,0.0,0.0,0.0,0.0,0.0,0.0,0.0,5.0,2.5,26.32,44.81,2.0,1.0,10.53,17.92,63.16,57.89,5.26,113.51,1.0,0.5,5.26,4.02,2.01,0.56,0.61,0.5,0.4,1.0,0.0,0.5,0.5,1.0,0.71,0.0,0.0,0.26,10.53,0.22
4,新竹御嵿攻城獅,80|87|10888|14843,田浩/蔡宸綱/帕塞獅/馬力,2,28,30.0,395.83,6.6,06:36,197.92,3.3,03:18,16.0,8.0,53.33,87.31,23.0,11.5,76.67,125.51,12.0,6.0,40.0,65.48,5.0,2.5,16.67,27.28,6.0,3.0,20.0,32.74,3.0,1.5,10.0,16.37,6.0,3.0,20.0,32.74,2.0,1.0,6.67,10.91,4.0,2.0,13.33,21.83,4.0,2.0,13.33,21.83,2.0,1.0,6.67,10.91,5.0,2.5,16.67,27.28,0.0,0.0,0.0,0.0,2.0,1.0,6.67,10.91,1.0,0.5,3.33,5.46,2.0,1.0,6.67,10.91,1.0,0.5,3.33,5.46,0.0,0.0,0.0,0.0,6.0,3.0,20.0,32.74,4.0,2.0,13.33,21.83,53.33,76.67,-23.33,109.14,-7.0,-3.5,-23.33,6.6,3.3,0.5,0.58,0.5,0.33,1.0,0.07,0.4,0.5,1.0,0.78,3.33,0.0,0.2,13.33,0.33
4,新竹御嵿攻城獅,80|87|88|14843,田浩/蔡宸綱/盧冠軒/馬力,1,11,11.0,154.8,2.58,02:35,154.8,2.58,02:35,4.0,4.0,36.36,55.81,12.0,12.0,109.09,167.44,3.0,3.0,27.27,41.86,1.0,1.0,9.09,13.95,2.0,2.0,18.18,27.91,1.0,1.0,9.09,13.95,1.0,1.0,9.09,13.95,0.0,0.0,0.0,0.0,2.0,2.0,18.18,27.91,2.0,2.0,18.18,27.91,0.0,0.0,0.0,0.0,2.0,2.0,18.18,27.91,0.0,0.0,0.0,0.0,0.0,0.0,0.0,0.0,1.0,1.0,9.09,13.95,0.0,0.0,0.0,0.0,1.0,1.0,9.09,13.95,0.0,0.0,0.0,0.0,1.0,1.0,9.09,13.95,2.0,2.0,18.18,27.91,36.36,109.09,-72.73,102.32,-8.0,-8.0,-72.73,2.58,2.58,0.33,0.52,0.5,0.0,1.0,0.2,0.0,,1.0,1.0,9.09,0.0,0.09,18.18,0.67
4,新竹御嵿攻城獅,80|88|10888|14843,田浩/盧冠軒/帕塞獅/馬力,1,11,11.0,154.8,2.58,02:35,154.8,2.58,02:35,4.0,4.0,36.36,55.81,12.0,12.0,109.09,167.44,3.0,3.0,27.27,41.86,1.0,1.0,9.09,13.95,2.0,2.0,18.18,27.91,1.0,1.0,9.09,13.95,1.0,1.0,9.09,13.95,0.0,0.0,0.0,0.0,2.0,2.0,18.18,27.91,2.0,2.0,18.18,27.91,0.0,0.0,0.0,0.0,2.0,2.0,18.18,27.91,0.0,0.0,0.0,0.0,0.0,0.0,0.0,0.0,1.0,1.0,9.09,13.95,0.0,0.0,0.0,0.0,1.0,1.0,9.09,13.95,0.0,0.0,0.0,0.0,1.0,1.0,9.09,13.95,2.0,2.0,18.18,27.91,36.36,109.09,-72.73,102.32,-8.0,-8.0,-72.73,2.58,2.58,0.33,0.52,0.5,0.0,1.0,0.2,0.0,,1.0,1.0,9.09,0.0,0.09,18.18,0.67
4,新竹御嵿攻城獅,87|88|10888|14843,蔡宸綱/盧冠軒/帕塞獅/馬力,2,18,19.0,249.8,4.16,04:10,124.9,2.08,02:05,4.0,2.0,21.05,34.59,14.0,7.0,73.68,121.06,6.0,3.0,31.58,51.88,1.0,0.5,5.26,8.65,3.0,1.5,15.79,25.94,1.0,0.5,5.26,8.65,3.0,1.5,15.79,25.94,0.0,0.0,0.0,0.0,2.0,1.0,10.53,17.29,2.0,1.0,10.53,17.29,0.0,0.0,0.0,0.0,5.0,2.5,26.32,43.23,1.0,0.5,5.26,8.65,2.0,1.0,10.53,17.29,1.0,0.5,5.26,8.65,0.0,0.0,0.0,0.0,1.0,0.5,5.26,8.65,0.0,0.0,0.0,0.0,1.0,0.5,5.26,8.65,2.0,1.0,10.53,17.29,21.05,73.68,-52.63,109.53,-10.0,-5.0,-52.63,4.16,2.08,0.17,0.29,0.33,0.0,1.0,0.13,0.0,0.0,0.83,0.62,5.26,0.0,0.05,10.53,0.33
4,高雄全家海神,118|121|123|4181,蘇文儒/吳曉謹/勤明慶/艾德,2,43,49.0,707.93,11.8,11:48,353.97,5.9,05:54,30.0,15.0,61.22,91.53,23.0,11.5,46.94,70.18,20.0,10.0,40.82,61.02,11.0,5.5,22.45,33.56,13.0,6.5,26.53,39.66,7.0,3.5,14.29,21.36,7.0,3.5,14.29,21.36,4.0,2.0,8.16,12.2,6.0,3.0,12.24,18.31,4.0,2.0,8.16,12.2,2.0,1.0,4.08,6.1,7.0,3.5,14.29,21.36,1.0,0.5,2.04,3.05,6.0,3.0,12.24,18.31,1.0,0.5,2.04,3.05,3.0,1.5,6.12,9.15,0.0,0.0,0.0,0.0,2.0,1.0,4.08,6.1,4.0,2.0,8.16,12.2,10.0,5.0,20.41,30.51,61.22,46.94,14.29,99.67,7.0,3.5,14.29,11.8,5.9,0.65,0.66,0.54,0.57,0.67,0.04,0.27,0.25,0.88,0.56,0.0,4.08,0.08,20.41,0.3
4,高雄全家海神,118|121|123|14844,蘇文儒/吳曉謹/勤明慶/杭特,1,31,34.0,520.8,8.68,08:41,520.8,8.68,08:41,24.0,24.0,70.59,99.54,17.0,17.0,50.0,70.51,12.0,12.0,35.29,49.77,9.0,9.0,26.47,37.33,10.0,10.0,29.41,41.47,7.0,7.0,20.59,29.03,2.0,2.0,5.88,8.29,2.0,2.0,5.88,8.29,6.0,6.0,17.65,24.88,4.0,4.0,11.76,16.59,0.0,0.0,0.0,0.0,3.0,3.0,8.82,12.44,1.0,1.0,2.94,4.15,5.0,5.0,14.71,20.74,1.0,1.0,2.94,4.15,2.0,2.0,5.88,8.29,0.0,0.0,0.0,0.0,1.0,1.0,2.94,4.15,4.0,4.0,11.76,16.59,8.0,8.0,23.53,33.18,70.59,50.0,20.59,94.01,7.0,7.0,20.59,8.68,8.68,0.83,0.82,0.7,1.0,0.67,0.06,0.22,0.0,0.75,0.33,0.0,2.94,0.12,23.53,0.5
4,高雄全家海神,118|123|4181|14844,蘇文儒/勤明慶/艾德/杭特,1,31,34.0,520.8,8.68,08:41,520.8,8.68,08:41,24.0,24.0,70.59,99.54,17.0,17.0,50.0,70.51,12.0,12.0,35.29,49.77,9.0,9.0,26.47,37.33,10.0,10.0,29.41,41.47,7.0,7.0,20.59,29.03,2.0,2.0,5.88,8.29,2.0,2.0,5.88,8.29,6.0,6.0,17.65,24.88,4.0,4.0,11.76,16.59,0.0,0.0,0.0,0.0,3.0,3.0,8.82,12.44,1.0,1.0,2.94,4.15,5.0,5.0,14.71,20.74,1.0,1.0,2.94,4.15,2.0,2.0,5.88,8.29,0.0,0.0,0.0,0.0,1.0,1.0,2.94,4.15,4.0,4.0,11.76,16.59,8.0,8.0,23.53,33.18,70.59,50.0,20.59,94.01,7.0,7.0,20.59,8.68,8.68,0.83,0.82,0.7,1.0,0.67,0.06,0.22,0.0,0.75,0.33,0.0,2.94,0.12,23.53,0.5
4,高雄全家海神,121|123|4181|14844,吳曉謹/勤明慶/艾德/杭特,1,31,34.0,520.8,8.68,08:41,520.8,8.68,08:41,24.0,24.0,70.59,99.54,17.0,17.0,50.0,70.51,12.0,12.0,35.29,49.77,9.0,9.0,26.47,37.33,10.0,10.0,29.41,41.47,7.0,7.0,20.59,29.03,2.0,2.0,5.88,8.29,2.0,2.0,5.88,8.29,6.0,6.0,17.65,24.88,4.0,4.0,11.76,16.59,0.0,0.0,0.0,0.0,3.0,3.0,8.82,12.44,1.0,1.0,2.94,4.15,5.0,5.0,14.71,20.74,1.0,1.0,2.94,4.15,2.0,2.0,5.88,8.29,0.0,0.0,0.0,0.0,1.0,1.0,2.94,4.15,4.0,4.0,11.76,16.59,8.0,8.0,23.53,33.18,70.59,50.0,20.59,94.01,7.0,7.0,20.59,8.68,8.68,0.83,0.82,0.7,1.0,0.67,0.06,0.22,0.0,0.75,0.33,0.0,2.94,0.12,23.53,0.5
4,新竹御嵿攻城獅,80|87|10887|10888,田浩/蔡宸綱/德魯/帕塞獅,1,6,7.0,84.0,1.4,01:24,84.0,1.4,01:24,6.0,6.0,85.71,154.29,4.0,4.0,57.14,102.86,2.0,2.0,28.57,51.43,2.0,2.0,28.57,51.43,0.0,0.0,0.0,0.0,0.0,0.0,0.0,0.0,2.0,2.0,28.57,51.43,2.0,2.0,28.57,51.43,0.0,0.0,0.0,0.0,0.0,0.0,0.0,0.0,0.0,0.0,0.0,0.0,0.0,0.0,0.0,0.0,0.0,0.0,0.0,0.0,0.0,0.0,0.0,0.0,1.0,1.0,14.29,25.71,2.0,2.0,28.57,51.43,1.0,1.0,14.29,25.71,0.0,0.0,0.0,0.0,0.0,0.0,0.0,0.0,0.0,0.0,0.0,0.0,85.71,57.14,28.57,120.0,2.0,2.0,28.57,1.4,1.4,1.5,1.5,,1.0,,0.33,1.0,,,,14.29,0.0,0.0,0.0,0.0
4,高雄全家海神,51|109|119|14844,克力斯/于煥亞/余純安/杭特,1,11,13.0,198.52,3.31,03:19,198.52,3.31,03:19,3.0,3.0,23.08,32.64,4.0,4.0,30.77,43.52,7.0,7.0,53.85,76.17,1.0,1.0,7.69,10.88,2.0,2.0,15.38,21.76,1.0,1.0,7.69,10.88,5.0,5.0,38.46,54.4,0.0,0.0,0.0,0.0,2.0,2.0,15.38,21.76,1.0,1.0,7.69,10.88,3.0,3.0,23.08,32.64,5.0,5.0,38.46,54.4,0.0,0.0,0.0,0.0,2.0,2.0,15.38,21.76,0.0,0.0,0.0,0.0,1.0,1.0,7.69,10.88,0.0,0.0,0.0,0.0,0.0,0.0,0.0,0.0,2.0,2.0,15.38,21.76,4.0,4.0,30.77,43.52,23.08,30.77,-7.69,94.3,-1.0,-1.0,-7.69,3.31,3.31,0.14,0.19,0.5,0.0,0.5,0.0,1.0,0.6,1.0,0.8,0.0,0.0,0.15,30.77,0.29
4,高雄全家海神,51|116|119|14844,克力斯/呂威霆/余純安/杭特,2,7,7.0,89.15,1.49,01:29,44.57,0.74,00:45,3.0,1.5,42.86,72.69,0.0,0.0,0.0,0.0,3.0,1.5,42.86,72.69,1.0,0.5,14.29,24.23,2.0,1.0,28.57,48.46,1.0,0.5,14.29,24.23,1.0,0.5,14.29,24.23,0.0,0.0,0.0,0.0,3.0,1.5,42.86,72.69,1.0,0.5,14.29,24.23,0.0,0.0,0.0,0.0,2.0,1.0,28.57,48.46,0.0,0.0,0.0,0.0,2.0,1.0,28.57,48.46,0.0,0.0,0.0,0.0,1.0,0.5,14.29,24.23,0.0,0.0,0.0,0.0,0.0,0.0,0.0,0.0,0.0,0.0,0.0,0.0,2.0,1.0,28.57,48.46,42.86,0.0,42.86,113.07,3.0,1.5,42.86,1.49,0.74,0.33,0.35,0.5,0.0,0.33,0.0,1.0,0.0,1.0,0.5,0.0,0.0,0.0,28.57,1.0
4,高雄全家海神,109|116|119|14844,于煥亞/呂威霆/余純安/杭特,1,3,3.0,50.39,0.84,00:50,50.39,0.84,00:50,0.0,0.0,0.0,0.0,0.0,0.0,0.0,0.0,2.0,2.0,66.67,85.74,0.0,0.0,0.0,0.0,1.0,1.0,33.33,42.87,0.0,0.0,0.0,0.0,1.0,1.0,33.33,42.87,0.0,0.0,0.0,0.0,0.0,0.0,0.0,0.0,0.0,0.0,0.0,0.0,0.0,0.0,0.0,0.0,2.0,2.0,66.67,85.74,0.0,0.0,0.0,0.0,1.0,1.0,33.33,42.87,0.0,0.0,0.0,0.0,0.0,0.0,0.0,0.0,0.0,0.0,0.0,0.0,0.0,0.0,0.0,0.0,0.0,0.0,0.0,0.0,2.0,2.0,66.67,85.74,0.0,0.0,0.0,85.74,0.0,0.0,0.0,0.84,0.84,0.0,0.0,0.0,0.0,,0.0,,0.0,1.0,0.67,0.0,0.0,0.0,66.67,0.0
4,高雄全家海神,51|109|119|10891,克力斯/于煥亞/余純安/廖偉皓,1,8,10.0,148.13,2.47,02:28,148.13,2.47,02:28,3.0,3.0,30.0,43.75,4.0,4.0,40.0,58.33,5.0,5.0,50.0,72.91,1.0,1.0,10.0,14.58,1.0,1.0,10.0,14.58,1.0,1.0,10.0,14.58,4.0,4.0,40.0,58.33,0.0,0.0,0.0,0.0,2.0,2.0,20.0,29.16,1.0,1.0,10.0,14.58,3.0,3.0,30.0,43.75,3.0,3.0,30.0,43.75,0.0,0.0,0.0,0.0,1.0,1.0,10.0,14.58,0.0,0.0,0.0,0.0,1.0,1.0,10.0,14.58,0.0,0.0,0.0,0.0,0.0,0.0,0.0,0.0,2.0,2.0,20.0,29.16,2.0,2.0,20.0,29.16,30.0,40.0,-10.0,97.21,-1.0,-1.0,-10.0,2.47,2.47,0.2,0.26,1.0,0.0,0.5,0.0,1.0,0.75,1.0,0.86,0.0,0.0,0.2,20.0,0.4
4,高雄全家海神,51|109|10891|14844,克力斯/于煥亞/廖偉皓/杭特,1,11,13.0,181.29,3.02,03:01,181.29,3.02,03:01,3.0,3.0,23.08,35.74,7.0,7.0,53.85,83.4,6.0,6.0,46.15,71.49,1.0,1.0,7.69,11.91,2.0,2.0,15.38,23.83,1.0,1.0,7.69,11.91,4.0,4.0,30.77,47.66,0.0,0.0,0.0,0.0,2.0,2.0,15.38,23.83,1.0,1.0,7.69,11.91,3.0,3.0,23.08,35.74,4.0,4.0,30.77,47.66,0.0,0.0,0.0,0.0,2.0,2.0,15.38,23.83,0.0,0.0,0.0,0.0,1.0,1.0,7.69,11.91,0.0,0.0,0.0,0.0,0.0,0.0,0.0,0.0,2.0,2.0,15.38,23.83,2.0,2.0,15.38,23.83,23.08,53.85,-30.77,103.26,-4.0,-4.0,-30.77,3.02,3.02,0.17,0.22,0.5,0.0,0.5,0.0,1.0,0.6,1.0,0.78,0.0,0.0,0.15,15.38,0.33
4,高雄全家海神,51|119|10891|14844,克力斯/余純安/廖偉皓/杭特,1,8,10.0,148.13,2.47,02:28,148.13,2.47,02:28,3.0,3.0,30.0,43.75,4.0,4.0,40.0,58.33,5.0,5.0,50.0,72.91,1.0,1.0,10.0,14.58,1.0,1.0,10.0,14.58,1.0,1.0,10.0,14.58,4.0,4.0,40.0,58.33,0.0,0.0,0.0,0.0,2.0,2.0,20.0,29.16,1.0,1.0,10.0,14.58,3.0,3.0,30.0,43.75,3.0,3.0,30.0,43.75,0.0,0.0,0.0,0.0,1.0,1.0,10.0,14.58,0.0,0.0,0.0,0.0,1.0,1.0,10.0,14.58,0.0,0.0,0.0,0.0,0.0,0.0,0.0,0.0,2.0,2.0,20.0,29.16,2.0,2.0,20.0,29.16,30.0,40.0,-10.0,97.21,-1.0,-1.0,-10.0,2.47,2.47,0.2,0.26,1.0,0.0,0.5,0.0,1.0,0.75,1.0,0.86,0.0,0.0,0.2,20.0,0.4
4,高雄全家海神,109|119|10891|14844,于煥亞/余純安/廖偉皓/杭特,1,8,10.0,148.13,2.47,02:28,148.13,2.47,02:28,3.0,3.0,30.0,43.75,4.0,4.0,40.0,58.33,5.0,5.0,50.0,72.91,1.0,1.0,10.0,14.58,1.0,1.0,10.0,14.58,1.0,1.0,10.0,14.58,4.0,4.0,40.0,58.33,0.0,0.0,0.0,0.0,2.0,2.0,20.0,29.16,1.0,1.0,10.0,14.58,3.0,3.0,30.0,43.75,3.0,3.0,30.0,43.75,0.0,0.0,0.0,0.0,1.0,1.0,10.0,14.58,0.0,0.0,0.0,0.0,1.0,1.0,10.0,14.58,0.0,0.0,0.0,0.0,0.0,0.0,0.0,0.0,2.0,2.0,20.0,29.16,2.0,2.0,20.0,29.16,30.0,40.0,-10.0,97.21,-1.0,-1.0,-10.0,2.47,2.47,0.2,0.26,1.0,0.0,0.5,0.0,1.0,0.75,1.0,0.86,0.0,0.0,0.2,20.0,0.4
4,高雄全家海神,51|109|121|10891,克力斯/于煥亞/吳曉謹/廖偉皓,1,3,3.0,33.16,0.55,00:33,33.16,0.55,00:33,0.0,0.0,0.0,0.0,3.0,3.0,100.0,195.39,1.0,1.0,33.33,65.13,0.0,0.0,0.0,0.0,1.0,1.0,33.33,65.13,0.0,0.0,0.0,0.0,0.0,0.0,0.0,0.0,0.0,0.0,0.0,0.0,0.0,0.0,0.0,0.0,0.0,0.0,0.0,0.0,0.0,0.0,0.0,0.0,1.0,1.0,33.33,65.13,0.0,0.0,0.0,0.0,1.0,1.0,33.33,65.13,0.0,0.0,0.0,0.0,0.0,0.0,0.0,0.0,0.0,0.0,0.0,0.0,0.0,0.0,0.0,0.0,0.0,0.0,0.0,0.0,0.0,0.0,0.0,0.0,0.0,100.0,-100.0,130.26,-3.0,-3.0,-100.0,0.55,0.55,0.0,0.0,0.0,,,0.0,,0.0,1.0,0.5,0.0,0.0,0.0,0.0,0.0
4,高雄全家海神,51|121|10891|14844,克力斯/吳曉謹/廖偉皓/杭特,1,3,3.0,33.16,0.55,00:33,33.16,0.55,00:33,0.0,0.0,0.0,0.0,3.0,3.0,100.0,195.39,1.0,1.0,33.33,65.13,0.0,0.0,0.0,0.0,1.0,1.0,33.33,65.13,0.0,0.0,0.0,0.0,0.0,0.0,0.0,0.0,0.0,0.0,0.0,0.0,0.0,0.0,0.0,0.0,0.0,0.0,0.0,0.0,0.0,0.0,0.0,0.0,1.0,1.0,33.33,65.13,0.0,0.0,0.0,0.0,1.0,1.0,33.33,65.13,0.0,0.0,0.0,0.0,0.0,0.0,0.0,0.0,0.0,0.0,0.0,0.0,0.0,0.0,0.0,0.0,0.0,0.0,0.0,0.0,0.0,0.0,0.0,0.0,0.0,100.0,-100.0,130.26,-3.0,-3.0,-100.0,0.55,0.55,0.0,0.0,0.0,,,0.0,,0.0,1.0,0.5,0.0,0.0,0.0,0.0,0.0
4,高雄全家海神,109|121|10891|14844,于煥亞/吳曉謹/廖偉皓/杭特,1,3,3.0,33.16,0.55,00:33,33.16,0.55,00:33,0.0,0.0,0.0,0.0,3.0,3.0,100.0,195.39,1.0,1.0,33.33,65.13,0.0,0.0,0.0,0.0,1.0,1.0,33.33,65.13,0.0,0.0,0.0,0.0,0.0,0.0,0.0,0.0,0.0,0.0,0.0,0.0,0.0,0.0,0.0,0.0,0.0,0.0,0.0,0.0,0.0,0.0,0.0,0.0,1.0,1.0,33.33,65.13,0.0,0.0,0.0,0.0,1.0,1.0,33.33,65.13,0.0,0.0,0.0,0.0,0.0,0.0,0.0,0.0,0.0,0.0,0.0,0.0,0.0,0.0,0.0,0.0,0.0,0.0,0.0,0.0,0.0,0.0,0.0,0.0,0.0,100.0,-100.0,130.26,-3.0,-3.0,-100.0,0.55,0.55,0.0,0.0,0.0,,,0.0,,0.0,1.0,0.5,0.0,0.0,0.0,0.0,0.0
4,新竹御嵿攻城獅,75|10885|10888|14843,高國豪/劉丞勳/帕塞獅/馬力,2,36,41.0,534.25,8.9,08:54,267.12,4.45,04:27,14.0,7.0,34.15,56.6,19.0,9.5,46.34,76.82,15.0,7.5,36.59,60.65,5.0,2.5,12.2,20.22,8.0,4.0,19.51,32.34,3.0,1.5,7.32,12.13,7.0,3.5,17.07,28.3,2.0,1.0,4.88,8.09,2.0,1.0,4.88,8.09,2.0,1.0,4.88,8.09,1.0,0.5,2.44,4.04,9.0,4.5,21.95,36.39,2.0,1.0,4.88,8.09,8.0,4.0,19.51,32.34,3.0,1.5,7.32,12.13,3.0,1.5,7.32,12.13,3.0,1.5,7.32,12.13,0.0,0.0,0.0,0.0,5.0,2.5,12.2,20.22,9.0,4.5,21.95,36.39,34.15,46.34,-12.2,110.51,-5.0,-2.5,-12.2,8.9,4.45,0.4,0.44,0.38,0.29,1.0,0.16,0.6,0.11,0.82,0.5,7.32,0.0,0.12,21.95,0.13
4,新竹御嵿攻城獅,76|10885|10888|14843,曾柏喻/劉丞勳/帕塞獅/馬力,1,8,11.0,137.3,2.29,02:17,137.3,2.29,02:17,0.0,0.0,0.0,0.0,7.0,7.0,63.64,110.13,4.0,4.0,36.36,62.93,0.0,0.0,0.0,0.0,1.0,1.0,9.09,15.73,0.0,0.0,0.0,0.0,3.0,3.0,27.27,47.2,0.0,0.0,0.0,0.0,0.0,0.0,0.0,0.0,0.0,0.0,0.0,0.0,0.0,0.0,0.0,0.0,4.0,4.0,36.36,62.93,2.0,2.0,18.18,31.47,2.0,2.0,18.18,31.47,0.0,0.0,0.0,0.0,0.0,0.0,0.0,0.0,0.0,0.0,0.0,0.0,0.0,0.0,0.0,0.0,1.0,1.0,9.09,15.73,1.0,1.0,9.09,15.73,0.0,63.64,-63.64,115.37,-7.0,-7.0,-63.64,2.29,2.29,0.0,0.0,0.0,0.0,,0.0,,0.0,0.67,0.5,0.0,0.0,0.09,9.09,0.0
4,高雄全家海神,109|116|118|4181,于煥亞/呂威霆/蘇文儒/艾德,1,16,16.0,947.12,15.79,15:47,947.12,15.79,15:47,10.0,10.0,62.5,22.81,9.0,9.0,56.25,20.53,6.0,6.0,37.5,13.68,3.0,3.0,18.75,6.84,2.0,2.0,12.5,4.56,1.0,1.0,6.25,2.28,4.0,4.0,25.0,9.12,2.0,2.0,12.5,4.56,2.0,2.0,12.5,4.56,2.0,2.0,12.5,4.56,0.0,0.0,0.0,0.0,3.0,3.0,18.75,6.84,0.0,0.0,0.0,0.0,4.0,4.0,25.0,9.12,1.0,1.0,6.25,2.28,3.0,3.0,18.75,6.84,1.0,1.0,6.25,2.28,0.0,0.0,0.0,0.0,1.0,1.0,6.25,2.28,2.0,2.0,12.5,4.56,62.5,56.25,6.25,24.33,1.0,1.0,6.25,15.79,15.79,0.67,0.73,0.5,0.5,1.0,0.13,1.0,0.0,1.0,0.43,6.25,0.0,0.06,12.5,0.33
4,高雄全家海神,109|116|4181|14844,于煥亞/呂威霆/艾德/杭特,1,9,9.0,93.57,1.56,01:34,93.57,1.56,01:34,2.0,2.0,22.22,46.17,3.0,3.0,33.33,69.25,2.0,2.0,22.22,46.17,0.0,0.0,0.0,0.0,0.0,0.0,0.0,0.0,0.0,0.0,0.0,0.0,2.0,2.0,22.22,46.17,0.0,0.0,0.0,0.0,2.0,2.0,22.22,46.17,2.0,2.0,22.22,46.17,0.0,0.0,0.0,0.0,2.0,2.0,22.22,46.17,0.0,0.0,0.0,0.0,3.0,3.0,33.33,69.25,1.0,1.0,11.11,23.08,0.0,0.0,0.0,0.0,1.0,1.0,11.11,23.08,0.0,0.0,0.0,0.0,1.0,1.0,11.11,23.08,2.0,2.0,22.22,46.17,22.22,33.33,-11.11,138.51,-1.0,-1.0,-11.11,1.56,1.56,0.0,0.35,,0.0,1.0,0.26,,0.0,1.0,0.4,11.11,0.0,0.11,22.22,1.0
4,新竹御嵿攻城獅,76|87|88|14843,曾柏喻/蔡宸綱/盧冠軒/馬力,3,31,37.0,1202.61,20.04,20:03,400.87,6.68,06:41,16.0,5.33,43.24,28.74,21.0,7.0,56.76,37.72,15.0,5.0,40.54,26.94,6.0,2.0,16.22,10.78,7.0,2.33,18.92,12.57,2.0,0.67,5.41,3.59,8.0,2.67,21.62,14.37,4.0,1.33,10.81,7.18,0.0,0.0,0.0,0.0,0.0,0.0,0.0,0.0,2.0,0.67,5.41,3.59,7.0,2.33,18.92,12.57,4.0,1.33,10.81,7.18,6.0,2.0,16.22,10.78,2.0,0.67,5.41,3.59,5.0,1.67,13.51,8.98,1.0,0.33,2.7,1.8,1.0,0.33,2.7,1.8,2.0,0.67,5.41,3.59,8.0,2.67,21.62,14.37,43.24,56.76,-13.51,44.3,-5.0,-1.67,-13.51,20.04,6.68,0.53,0.53,0.29,0.5,,0.12,0.83,0.25,0.64,0.47,2.7,2.7,0.05,21.62,0.0
4,新竹御嵿攻城獅,76|88|10887|14843,曾柏喻/盧冠軒/德魯/馬力,2,15,15.0,956.37,15.94,15:56,478.19,7.97,07:58,9.0,4.5,60.0,20.33,12.0,6.0,80.0,27.1,5.0,2.5,33.33,11.29,3.0,1.5,20.0,6.78,1.0,0.5,6.67,2.26,0.0,0.0,0.0,0.0,4.0,2.0,26.67,9.03,3.0,1.5,20.0,6.78,0.0,0.0,0.0,0.0,0.0,0.0,0.0,0.0,0.0,0.0,0.0,0.0,2.0,1.0,13.33,4.52,0.0,0.0,0.0,0.0,2.0,1.0,13.33,4.52,2.0,1.0,13.33,4.52,3.0,1.5,20.0,6.78,1.0,0.5,6.67,2.26,0.0,0.0,0.0,0.0,0.0,0.0,0.0,0.0,4.0,2.0,26.67,9.03,60.0,80.0,-20.0,22.59,-3.0,-1.5,-20.0,15.94,7.97,0.9,0.9,0.0,0.75,,0.29,1.0,0.0,1.0,0.5,6.67,0.0,0.0,26.67,0.0
4,高雄全家海神,51|109|116|4181,克力斯/于煥亞/呂威霆/艾德,1,7,7.0,853.56,14.23,14:14,853.56,14.23,14:14,8.0,8.0,114.29,20.24,6.0,6.0,85.71,15.18,4.0,4.0,57.14,10.12,3.0,3.0,42.86,7.59,2.0,2.0,28.57,5.06,1.0,1.0,14.29,2.53,2.0,2.0,28.57,5.06,2.0,2.0,28.57,5.06,0.0,0.0,0.0,0.0,0.0,0.0,0.0,0.0,0.0,0.0,0.0,0.0,1.0,1.0,14.29,2.53,0.0,0.0,0.0,0.0,1.0,1.0,14.29,2.53,0.0,0.0,0.0,0.0,3.0,3.0,42.86,7.59,0.0,0.0,0.0,0.0,0.0,0.0,0.0,0.0,0.0,0.0,0.0,0.0,0.0,0.0,0.0,0.0,114.29,85.71,28.57,11.81,2.0,2.0,28.57,14.23,14.23,1.0,1.0,0.5,1.0,,0.0,1.0,0.0,1.0,0.5,0.0,0.0,0.0,0.0,0.0
4,新竹御嵿攻城獅,75|87|88|14843,高國豪/蔡宸綱/盧冠軒/馬力,5,59,71.0,1206.57,20.11,20:07,241.31,4.02,04:01,15.0,3.0,21.13,26.85,32.0,6.4,45.07,57.29,26.0,5.2,36.62,46.55,5.0,1.0,7.04,8.95,11.0,2.2,15.49,19.69,3.0,0.6,4.23,5.37,15.0,3.0,21.13,26.85,2.0,0.4,2.82,3.58,5.0,1.0,7.04,8.95,3.0,0.6,4.23,5.37,4.0,0.8,5.63,7.16,17.0,3.4,23.94,30.43,7.0,1.4,9.86,12.53,14.0,2.8,19.72,25.06,4.0,0.8,5.63,7.16,5.0,1.0,7.04,8.95,3.0,0.6,4.23,5.37,3.0,0.6,4.23,5.37,7.0,1.4,9.86,12.53,2.0,0.4,2.82,3.58,21.13,45.07,-23.94,84.74,-17.0,-3.4,-23.94,20.11,4.02,0.23,0.27,0.27,0.13,0.6,0.12,1.0,0.22,0.71,0.5,4.23,4.23,0.1,2.82,0.19
4,新竹御嵿攻城獅,75|88|10887|14843,高國豪/盧冠軒/德魯/馬力,3,13,18.0,361.22,6.02,06:01,120.41,2.01,02:00,2.0,0.67,11.11,11.96,7.0,2.33,38.89,41.86,6.0,2.0,33.33,35.88,1.0,0.33,5.56,5.98,2.0,0.67,11.11,11.96,1.0,0.33,5.56,5.98,4.0,1.33,22.22,23.92,0.0,0.0,0.0,0.0,2.0,0.67,11.11,11.96,1.0,0.33,5.56,5.98,2.0,0.67,11.11,11.96,3.0,1.0,16.67,17.94,3.0,1.0,16.67,17.94,3.0,1.0,16.67,17.94,2.0,0.67,11.11,11.96,1.0,0.33,5.56,5.98,2.0,0.67,11.11,11.96,1.0,0.33,5.56,5.98,0.0,0.0,0.0,0.0,3.0,1.0,16.67,17.94,11.11,38.89,-27.78,71.76,-5.0,-1.67,-27.78,6.02,2.01,0.17,0.15,0.5,0.0,0.5,0.23,1.0,0.4,0.5,0.45,11.11,5.56,0.0,16.67,0.33
4,新竹御嵿攻城獅,75|76|84|10887,高國豪/曾柏喻/李家瑞/德魯,1,4,4.0,34.0,0.57,00:34,34.0,0.57,00:34,5.0,5.0,125.0,317.65,1.0,1.0,25.0,63.53,2.0,2.0,50.0,127.06,2.0,2.0,50.0,127.06,1.0,1.0,25.0,63.53,1.0,1.0,25.0,63.53,1.0,1.0,25.0,63.53,1.0,1.0,25.0,63.53,0.0,0.0,0.0,0.0,0.0,0.0,0.0,0.0,0.0,0.0,0.0,0.0,0.0,0.0,0.0,0.0,0.0,0.0,0.0,0.0,0.0,0.0,0.0,0.0,0.0,0.0,0.0,0.0,2.0,2.0,50.0,127.06,0.0,0.0,0.0,0.0,0.0,0.0,0.0,0.0,0.0,0.0,0.0,0.0,2.0,2.0,50.0,127.06,125.0,25.0,100.0,169.41,4.0,4.0,100.0,0.57,0.57,1.25,1.25,1.0,1.0,,0.0,1.0,,,,0.0,0.0,0.0,50.0,0.0
4,新竹御嵿攻城獅,75|76|84|10888,高國豪/曾柏喻/李家瑞/帕塞獅,1,4,4.0,34.0,0.57,00:34,34.0,0.57,00:34,5.0,5.0,125.0,317.65,1.0,1.0,25.0,63.53,2.0,2.0,50.0,127.06,2.0,2.0,50.0,127.06,1.0,1.0,25.0,63.53,1.0,1.0,25.0,63.53,1.0,1.0,25.0,63.53,1.0,1.0,25.0,63.53,0.0,0.0,0.0,0.0,0.0,0.0,0.0,0.0,0.0,0.0,0.0,0.0,0.0,0.0,0.0,0.0,0.0,0.0,0.0,0.0,0.0,0.0,0.0,0.0,0.0,0.0,0.0,0.0,2.0,2.0,50.0,127.06,0.0,0.0,0.0,0.0,0.0,0.0,0.0,0.0,0.0,0.0,0.0,0.0,2.0,2.0,50.0,127.06,125.0,25.0,100.0,169.41,4.0,4.0,100.0,0.57,0.57,1.25,1.25,1.0,1.0,,0.0,1.0,,,,0.0,0.0,0.0,50.0,0.0
4,新竹御嵿攻城獅,75|84|10887|10888,高國豪/李家瑞/德魯/帕塞獅,1,4,4.0,34.0,0.57,00:34,34.0,0.57,00:34,5.0,5.0,125.0,317.65,1.0,1.0,25.0,63.53,2.0,2.0,50.0,127.06,2.0,2.0,50.0,127.06,1.0,1.0,25.0,63.53,1.0,1.0,25.0,63.53,1.0,1.0,25.0,63.53,1.0,1.0,25.0,63.53,0.0,0.0,0.0,0.0,0.0,0.0,0.0,0.0,0.0,0.0,0.0,0.0,0.0,0.0,0.0,0.0,0.0,0.0,0.0,0.0,0.0,0.0,0.0,0.0,0.0,0.0,0.0,0.0,2.0,2.0,50.0,127.06,0.0,0.0,0.0,0.0,0.0,0.0,0.0,0.0,0.0,0.0,0.0,0.0,2.0,2.0,50.0,127.06,125.0,25.0,100.0,169.41,4.0,4.0,100.0,0.57,0.57,1.25,1.25,1.0,1.0,,0.0,1.0,,,,0.0,0.0,0.0,50.0,0.0
4,新竹御嵿攻城獅,76|84|10887|10888,曾柏喻/李家瑞/德魯/帕塞獅,1,4,4.0,34.0,0.57,00:34,34.0,0.57,00:34,5.0,5.0,125.0,317.65,1.0,1.0,25.0,63.53,2.0,2.0,50.0,127.06,2.0,2.0,50.0,127.06,1.0,1.0,25.0,63.53,1.0,1.0,25.0,63.53,1.0,1.0,25.0,63.53,1.0,1.0,25.0,63.53,0.0,0.0,0.0,0.0,0.0,0.0,0.0,0.0,0.0,0.0,0.0,0.0,0.0,0.0,0.0,0.0,0.0,0.0,0.0,0.0,0.0,0.0,0.0,0.0,0.0,0.0,0.0,0.0,2.0,2.0,50.0,127.06,0.0,0.0,0.0,0.0,0.0,0.0,0.0,0.0,0.0,0.0,0.0,0.0,2.0,2.0,50.0,127.06,125.0,25.0,100.0,169.41,4.0,4.0,100.0,0.57,0.57,1.25,1.25,1.0,1.0,,0.0,1.0,,,,0.0,0.0,0.0,50.0,0.0
4,新竹御嵿攻城獅,84|10885|10887|14843,李家瑞/劉丞勳/德魯/馬力,1,3,6.0,58.2,0.97,00:58,58.2,0.97,00:58,2.0,2.0,33.33,74.23,5.0,5.0,83.33,185.57,2.0,2.0,33.33,74.23,1.0,1.0,16.67,37.11,1.0,1.0,16.67,37.11,1.0,1.0,16.67,37.11,1.0,1.0,16.67,37.11,0.0,0.0,0.0,0.0,0.0,0.0,0.0,0.0,0.0,0.0,0.0,0.0,1.0,1.0,16.67,37.11,0.0,0.0,0.0,0.0,2.0,2.0,33.33,74.23,0.0,0.0,0.0,0.0,0.0,0.0,0.0,0.0,0.0,0.0,0.0,0.0,0.0,0.0,0.0,0.0,0.0,0.0,0.0,0.0,0.0,0.0,0.0,0.0,2.0,2.0,33.33,74.23,33.33,83.33,-50.0,148.45,-3.0,-3.0,-50.0,0.97,0.97,0.5,0.5,1.0,0.0,,0.0,0.0,1.0,0.0,0.33,0.0,0.0,0.0,33.33,0.0
4,新竹御嵿攻城獅,84|10885|10887|14982,李家瑞/劉丞勳/德魯/徐小龍,1,3,6.0,58.2,0.97,00:58,58.2,0.97,00:58,2.0,2.0,33.33,74.23,5.0,5.0,83.33,185.57,2.0,2.0,33.33,74.23,1.0,1.0,16.67,37.11,1.0,1.0,16.67,37.11,1.0,1.0,16.67,37.11,1.0,1.0,16.67,37.11,0.0,0.0,0.0,0.0,0.0,0.0,0.0,0.0,0.0,0.0,0.0,0.0,1.0,1.0,16.67,37.11,0.0,0.0,0.0,0.0,2.0,2.0,33.33,74.23,0.0,0.0,0.0,0.0,0.0,0.0,0.0,0.0,0.0,0.0,0.0,0.0,0.0,0.0,0.0,0.0,0.0,0.0,0.0,0.0,0.0,0.0,0.0,0.0,2.0,2.0,33.33,74.23,33.33,83.33,-50.0,148.45,-3.0,-3.0,-50.0,0.97,0.97,0.5,0.5,1.0,0.0,,0.0,0.0,1.0,0.0,0.33,0.0,0.0,0.0,33.33,0.0
4,新竹御嵿攻城獅,84|10885|14843|14982,李家瑞/劉丞勳/馬力/徐小龍,1,3,6.0,58.2,0.97,00:58,58.2,0.97,00:58,2.0,2.0,33.33,74.23,5.0,5.0,83.33,185.57,2.0,2.0,33.33,74.23,1.0,1.0,16.67,37.11,1.0,1.0,16.67,37.11,1.0,1.0,16.67,37.11,1.0,1.0,16.67,37.11,0.0,0.0,0.0,0.0,0.0,0.0,0.0,0.0,0.0,0.0,0.0,0.0,1.0,1.0,16.67,37.11,0.0,0.0,0.0,0.0,2.0,2.0,33.33,74.23,0.0,0.0,0.0,0.0,0.0,0.0,0.0,0.0,0.0,0.0,0.0,0.0,0.0,0.0,0.0,0.0,0.0,0.0,0.0,0.0,0.0,0.0,0.0,0.0,2.0,2.0,33.33,74.23,33.33,83.33,-50.0,148.45,-3.0,-3.0,-50.0,0.97,0.97,0.5,0.5,1.0,0.0,,0.0,0.0,1.0,0.0,0.33,0.0,0.0,0.0,33.33,0.0
4,新竹御嵿攻城獅,84|10887|14843|14982,李家瑞/德魯/馬力/徐小龍,1,3,6.0,58.2,0.97,00:58,58.2,0.97,00:58,2.0,2.0,33.33,74.23,5.0,5.0,83.33,185.57,2.0,2.0,33.33,74.23,1.0,1.0,16.67,37.11,1.0,1.0,16.67,37.11,1.0,1.0,16.67,37.11,1.0,1.0,16.67,37.11,0.0,0.0,0.0,0.0,0.0,0.0,0.0,0.0,0.0,0.0,0.0,0.0,1.0,1.0,16.67,37.11,0.0,0.0,0.0,0.0,2.0,2.0,33.33,74.23,0.0,0.0,0.0,0.0,0.0,0.0,0.0,0.0,0.0,0.0,0.0,0.0,0.0,0.0,0.0,0.0,0.0,0.0,0.0,0.0,0.0,0.0,0.0,0.0,2.0,2.0,33.33,74.23,33.33,83.33,-50.0,148.45,-3.0,-3.0,-50.0,0.97,0.97,0.5,0.5,1.0,0.0,,0.0,0.0,1.0,0.0,0.33,0.0,0.0,0.0,33.33,0.0
4,新竹御嵿攻城獅,10885|10887|14843|14982,劉丞勳/德魯/馬力/徐小龍,2,11,15.0,198.6,3.31,03:19,99.3,1.66,01:39,6.0,3.0,40.0,65.26,13.0,6.5,86.67,141.39,4.0,2.0,26.67,43.5,1.0,0.5,6.67,10.88,2.0,1.0,13.33,21.75,1.0,0.5,6.67,10.88,2.0,1.0,13.33,21.75,0.0,0.0,0.0,0.0,4.0,2.0,26.67,43.5,4.0,2.0,26.67,43.5,1.0,0.5,6.67,10.88,2.0,1.0,13.33,21.75,3.0,1.5,20.0,32.63,1.0,0.5,6.67,10.88,0.0,0.0,0.0,0.0,0.0,0.0,0.0,0.0,0.0,0.0,0.0,0.0,0.0,0.0,0.0,0.0,3.0,1.5,20.0,32.63,4.0,2.0,26.67,43.5,40.0,86.67,-46.67,108.76,-7.0,-3.5,-46.67,3.31,1.66,0.25,0.52,0.5,0.0,1.0,0.0,0.0,0.5,0.4,0.43,0.0,0.0,0.2,26.67,1.0
4,福爾摩沙夢想家,79|86|89|107,張宗憲/林俊吉/蔣淯安/霍爾曼,5,84,100.0,1350.63,22.51,22:31,270.13,4.5,04:30,45.0,9.0,45.0,71.97,39.0,7.8,39.0,62.37,37.0,7.4,37.0,59.17,17.0,3.4,17.0,27.19,26.0,5.2,26.0,41.58,14.0,2.8,14.0,22.39,11.0,2.2,11.0,17.59,3.0,0.6,3.0,4.8,11.0,2.2,11.0,17.59,8.0,1.6,8.0,12.79,8.0,1.6,8.0,12.79,13.0,2.6,13.0,20.79,3.0,0.6,3.0,4.8,18.0,3.6,18.0,28.79,10.0,2.0,10.0,15.99,15.0,3.0,15.0,23.99,5.0,1.0,5.0,8.0,0.0,0.0,0.0,0.0,7.0,1.4,7.0,11.19,19.0,3.8,19.0,30.39,45.0,39.0,6.0,106.62,6.0,1.2,6.0,22.51,4.5,0.5,0.54,0.54,0.27,0.73,0.19,0.88,0.31,0.81,0.5,5.0,0.0,0.07,19.0,0.3
4,福爾摩沙夢想家,89|91|10890|13906,蔣淯安/簡偉儒/湯普金斯/班提爾,2,10,13.0,160.61,2.68,02:41,80.31,1.34,01:20,2.0,1.0,15.38,26.9,4.0,2.0,30.77,53.79,7.0,3.5,53.85,94.14,1.0,0.5,7.69,13.45,4.0,2.0,30.77,53.79,1.0,0.5,7.69,13.45,3.0,1.5,23.08,40.35,0.0,0.0,0.0,0.0,2.0,1.0,15.38,26.9,0.0,0.0,0.0,0.0,3.0,1.5,23.08,40.35,4.0,2.0,30.77,53.79,0.0,0.0,0.0,0.0,1.0,0.5,7.69,13.45,0.0,0.0,0.0,0.0,0.0,0.0,0.0,0.0,0.0,0.0,0.0,0.0,1.0,0.5,7.69,13.45,1.0,0.5,7.69,13.45,0.0,0.0,0.0,0.0,15.38,30.77,-15.38,116.55,-2.0,-1.0,-15.38,2.68,1.34,0.14,0.13,0.25,0.0,0.0,0.0,0.0,0.75,1.0,0.88,0.0,7.69,0.08,0.0,0.29
4,福爾摩沙夢想家,86|89|91|107,林俊吉/蔣淯安/簡偉儒/霍爾曼,2,25,26.0,410.1,6.83,06:50,205.05,3.42,03:25,12.0,6.0,46.15,63.2,21.0,10.5,80.77,110.61,11.0,5.5,42.31,57.94,4.0,2.0,15.38,21.07,5.0,2.5,19.23,26.34,4.0,2.0,15.38,21.07,6.0,3.0,23.08,31.6,0.0,0.0,0.0,0.0,4.0,2.0,15.38,21.07,4.0,2.0,15.38,21.07,2.0,1.0,7.69,10.53,5.0,2.5,19.23,26.34,0.0,0.0,0.0,0.0,2.0,1.0,7.69,10.53,1.0,0.5,3.85,5.27,3.0,1.5,11.54,15.8,0.0,0.0,0.0,0.0,0.0,0.0,0.0,0.0,3.0,1.5,11.54,15.8,1.0,0.5,3.85,5.27,46.15,80.77,-34.62,91.3,-9.0,-4.5,-34.62,6.83,3.42,0.36,0.47,0.8,0.0,1.0,0.07,0.75,0.5,1.0,0.78,0.0,0.0,0.12,3.85,0.36
4,福爾摩沙夢想家,86|89|91|13906,林俊吉/蔣淯安/簡偉儒/班提爾,1,4,4.0,75.22,1.25,01:15,75.22,1.25,01:15,2.0,2.0,50.0,57.43,2.0,2.0,50.0,57.43,2.0,2.0,50.0,57.43,0.0,0.0,0.0,0.0,0.0,0.0,0.0,0.0,0.0,0.0,0.0,0.0,2.0,2.0,50.0,57.43,0.0,0.0,0.0,0.0,2.0,2.0,50.0,57.43,2.0,2.0,50.0,57.43,1.0,1.0,25.0,28.72,1.0,1.0,25.0,28.72,0.0,0.0,0.0,0.0,1.0,1.0,25.0,28.72,0.0,0.0,0.0,0.0,0.0,0.0,0.0,0.0,0.0,0.0,0.0,0.0,0.0,0.0,0.0,0.0,2.0,2.0,50.0,57.43,0.0,0.0,0.0,0.0,50.0,50.0,0.0,76.58,0.0,0.0,0.0,1.25,1.25,0.0,0.35,,0.0,1.0,0.0,,0.5,1.0,0.67,0.0,0.0,0.5,0.0,1.0
4,福爾摩沙夢想家,79|86|89|13906,張宗憲/林俊吉/蔣淯安/班提爾,3,57,64.0,913.8,15.23,15:14,304.6,5.08,05:05,41.0,13.67,64.06,96.91,30.0,10.0,46.88,70.91,26.0,8.67,40.62,61.46,17.0,5.67,26.56,40.18,18.0,6.0,28.12,42.55,14.0,4.67,21.88,33.09,8.0,2.67,12.5,18.91,3.0,1.0,4.69,7.09,5.0,1.67,7.81,11.82,4.0,1.33,6.25,9.46,4.0,1.33,6.25,9.46,6.0,2.0,9.38,14.18,1.0,0.33,1.56,2.36,13.0,4.33,20.31,30.73,5.0,1.67,7.81,11.82,13.0,4.33,20.31,30.73,5.0,1.67,7.81,11.82,0.0,0.0,0.0,0.0,2.0,0.67,3.12,4.73,12.0,4.0,18.75,28.37,64.06,46.88,17.19,100.85,11.0,3.67,17.19,15.23,5.08,0.71,0.73,0.78,0.38,0.8,0.15,0.76,0.24,0.86,0.42,7.81,0.0,0.03,18.75,0.19
4,桃園台啤永豐雲豹,55|56|68|10860,汪哲宇/丁冠皓/克羅馬/麥卡洛,1,4,4.0,70.0,1.17,01:10,70.0,1.17,01:10,2.0,2.0,50.0,61.71,3.0,3.0,75.0,92.57,2.0,2.0,50.0,61.71,1.0,1.0,25.0,30.86,2.0,2.0,50.0,61.71,1.0,1.0,25.0,30.86,0.0,0.0,0.0,0.0,0.0,0.0,0.0,0.0,0.0,0.0,0.0,0.0,0.0,0.0,0.0,0.0,0.0,0.0,0.0,0.0,1.0,1.0,25.0,30.86,0.0,0.0,0.0,0.0,1.0,1.0,25.0,30.86,0.0,0.0,0.0,0.0,1.0,1.0,25.0,30.86,0.0,0.0,0.0,0.0,1.0,1.0,25.0,30.86,0.0,0.0,0.0,0.0,0.0,0.0,0.0,0.0,50.0,75.0,-25.0,82.29,-1.0,-1.0,-25.0,1.17,1.17,0.5,0.5,0.5,,,0.0,1.0,0.0,1.0,0.5,0.0,25.0,0.0,0.0,0.0
4,桃園台啤永豐雲豹,55|56|68|10884,汪哲宇/丁冠皓/克羅馬/徐宏瑋,1,4,4.0,70.0,1.17,01:10,70.0,1.17,01:10,2.0,2.0,50.0,61.71,3.0,3.0,75.0,92.57,2.0,2.0,50.0,61.71,1.0,1.0,25.0,30.86,2.0,2.0,50.0,61.71,1.0,1.0,25.0,30.86,0.0,0.0,0.0,0.0,0.0,0.0,0.0,0.0,0.0,0.0,0.0,0.0,0.0,0.0,0.0,0.0,0.0,0.0,0.0,0.0,1.0,1.0,25.0,30.86,0.0,0.0,0.0,0.0,1.0,1.0,25.0,30.86,0.0,0.0,0.0,0.0,1.0,1.0,25.0,30.86,0.0,0.0,0.0,0.0,1.0,1.0,25.0,30.86,0.0,0.0,0.0,0.0,0.0,0.0,0.0,0.0,50.0,75.0,-25.0,82.29,-1.0,-1.0,-25.0,1.17,1.17,0.5,0.5,0.5,,,0.0,1.0,0.0,1.0,0.5,0.0,25.0,0.0,0.0,0.0
4,桃園台啤永豐雲豹,55|56|10860|10884,汪哲宇/丁冠皓/麥卡洛/徐宏瑋,1,4,4.0,70.0,1.17,01:10,70.0,1.17,01:10,2.0,2.0,50.0,61.71,3.0,3.0,75.0,92.57,2.0,2.0,50.0,61.71,1.0,1.0,25.0,30.86,2.0,2.0,50.0,61.71,1.0,1.0,25.0,30.86,0.0,0.0,0.0,0.0,0.0,0.0,0.0,0.0,0.0,0.0,0.0,0.0,0.0,0.0,0.0,0.0,0.0,0.0,0.0,0.0,1.0,1.0,25.0,30.86,0.0,0.0,0.0,0.0,1.0,1.0,25.0,30.86,0.0,0.0,0.0,0.0,1.0,1.0,25.0,30.86,0.0,0.0,0.0,0.0,1.0,1.0,25.0,30.86,0.0,0.0,0.0,0.0,0.0,0.0,0.0,0.0,50.0,75.0,-25.0,82.29,-1.0,-1.0,-25.0,1.17,1.17,0.5,0.5,0.5,,,0.0,1.0,0.0,1.0,0.5,0.0,25.0,0.0,0.0,0.0
4,桃園台啤永豐雲豹,55|68|10860|10884,汪哲宇/克羅馬/麥卡洛/徐宏瑋,1,4,4.0,70.0,1.17,01:10,70.0,1.17,01:10,2.0,2.0,50.0,61.71,3.0,3.0,75.0,92.57,2.0,2.0,50.0,61.71,1.0,1.0,25.0,30.86,2.0,2.0,50.0,61.71,1.0,1.0,25.0,30.86,0.0,0.0,0.0,0.0,0.0,0.0,0.0,0.0,0.0,0.0,0.0,0.0,0.0,0.0,0.0,0.0,0.0,0.0,0.0,0.0,1.0,1.0,25.0,30.86,0.0,0.0,0.0,0.0,1.0,1.0,25.0,30.86,0.0,0.0,0.0,0.0,1.0,1.0,25.0,30.86,0.0,0.0,0.0,0.0,1.0,1.0,25.0,30.86,0.0,0.0,0.0,0.0,0.0,0.0,0.0,0.0,50.0,75.0,-25.0,82.29,-1.0,-1.0,-25.0,1.17,1.17,0.5,0.5,0.5,,,0.0,1.0,0.0,1.0,0.5,0.0,25.0,0.0,0.0,0.0
4,桃園台啤永豐雲豹,56|68|10860|10884,丁冠皓/克羅馬/麥卡洛/徐宏瑋,1,4,4.0,70.0,1.17,01:10,70.0,1.17,01:10,2.0,2.0,50.0,61.71,3.0,3.0,75.0,92.57,2.0,2.0,50.0,61.71,1.0,1.0,25.0,30.86,2.0,2.0,50.0,61.71,1.0,1.0,25.0,30.86,0.0,0.0,0.0,0.0,0.0,0.0,0.0,0.0,0.0,0.0,0.0,0.0,0.0,0.0,0.0,0.0,0.0,0.0,0.0,0.0,1.0,1.0,25.0,30.86,0.0,0.0,0.0,0.0,1.0,1.0,25.0,30.86,0.0,0.0,0.0,0.0,1.0,1.0,25.0,30.86,0.0,0.0,0.0,0.0,1.0,1.0,25.0,30.86,0.0,0.0,0.0,0.0,0.0,0.0,0.0,0.0,50.0,75.0,-25.0,82.29,-1.0,-1.0,-25.0,1.17,1.17,0.5,0.5,0.5,,,0.0,1.0,0.0,1.0,0.5,0.0,25.0,0.0,0.0,0.0
4,福爾摩沙夢想家,83|86|95|97,吳家駿/林俊吉/李德威/史承平,1,8,11.0,119.0,1.98,01:59,119.0,1.98,01:59,6.0,6.0,54.55,108.91,0.0,0.0,0.0,0.0,3.0,3.0,27.27,54.45,2.0,2.0,18.18,36.3,1.0,1.0,9.09,18.15,1.0,1.0,9.09,18.15,2.0,2.0,18.18,36.3,1.0,1.0,9.09,18.15,2.0,2.0,18.18,36.3,1.0,1.0,9.09,18.15,0.0,0.0,0.0,0.0,1.0,1.0,9.09,18.15,2.0,2.0,18.18,36.3,1.0,1.0,9.09,18.15,0.0,0.0,0.0,0.0,1.0,1.0,9.09,18.15,0.0,0.0,0.0,0.0,0.0,0.0,0.0,0.0,1.0,1.0,9.09,18.15,0.0,0.0,0.0,0.0,54.55,0.0,54.55,133.11,6.0,6.0,54.55,1.98,1.98,0.83,0.77,1.0,0.5,0.5,0.0,0.5,0.0,0.33,0.25,0.0,0.0,0.09,0.0,0.67
4,福爾摩沙夢想家,83|86|95|101,吳家駿/林俊吉/李德威/周柏臣,1,8,11.0,119.0,1.98,01:59,119.0,1.98,01:59,6.0,6.0,54.55,108.91,0.0,0.0,0.0,0.0,3.0,3.0,27.27,54.45,2.0,2.0,18.18,36.3,1.0,1.0,9.09,18.15,1.0,1.0,9.09,18.15,2.0,2.0,18.18,36.3,1.0,1.0,9.09,18.15,2.0,2.0,18.18,36.3,1.0,1.0,9.09,18.15,0.0,0.0,0.0,0.0,1.0,1.0,9.09,18.15,2.0,2.0,18.18,36.3,1.0,1.0,9.09,18.15,0.0,0.0,0.0,0.0,1.0,1.0,9.09,18.15,0.0,0.0,0.0,0.0,0.0,0.0,0.0,0.0,1.0,1.0,9.09,18.15,0.0,0.0,0.0,0.0,54.55,0.0,54.55,133.11,6.0,6.0,54.55,1.98,1.98,0.83,0.77,1.0,0.5,0.5,0.0,0.5,0.0,0.33,0.25,0.0,0.0,0.09,0.0,0.67
4,福爾摩沙夢想家,83|86|97|101,吳家駿/林俊吉/史承平/周柏臣,1,8,11.0,119.0,1.98,01:59,119.0,1.98,01:59,6.0,6.0,54.55,108.91,0.0,0.0,0.0,0.0,3.0,3.0,27.27,54.45,2.0,2.0,18.18,36.3,1.0,1.0,9.09,18.15,1.0,1.0,9.09,18.15,2.0,2.0,18.18,36.3,1.0,1.0,9.09,18.15,2.0,2.0,18.18,36.3,1.0,1.0,9.09,18.15,0.0,0.0,0.0,0.0,1.0,1.0,9.09,18.15,2.0,2.0,18.18,36.3,1.0,1.0,9.09,18.15,0.0,0.0,0.0,0.0,1.0,1.0,9.09,18.15,0.0,0.0,0.0,0.0,0.0,0.0,0.0,0.0,1.0,1.0,9.09,18.15,0.0,0.0,0.0,0.0,54.55,0.0,54.55,133.11,6.0,6.0,54.55,1.98,1.98,0.83,0.77,1.0,0.5,0.5,0.0,0.5,0.0,0.33,0.25,0.0,0.0,0.09,0.0,0.67
4,福爾摩沙夢想家,86|95|97|101,林俊吉/李德威/史承平/周柏臣,1,8,11.0,119.0,1.98,01:59,119.0,1.98,01:59,6.0,6.0,54.55,108.91,0.0,0.0,0.0,0.0,3.0,3.0,27.27,54.45,2.0,2.0,18.18,36.3,1.0,1.0,9.09,18.15,1.0,1.0,9.09,18.15,2.0,2.0,18.18,36.3,1.0,1.0,9.09,18.15,2.0,2.0,18.18,36.3,1.0,1.0,9.09,18.15,0.0,0.0,0.0,0.0,1.0,1.0,9.09,18.15,2.0,2.0,18.18,36.3,1.0,1.0,9.09,18.15,0.0,0.0,0.0,0.0,1.0,1.0,9.09,18.15,0.0,0.0,0.0,0.0,0.0,0.0,0.0,0.0,1.0,1.0,9.09,18.15,0.0,0.0,0.0,0.0,54.55,0.0,54.55,133.11,6.0,6.0,54.55,1.98,1.98,0.83,0.77,1.0,0.5,0.5,0.0,0.5,0.0,0.33,0.25,0.0,0.0,0.09,0.0,0.67
4,新北國王,22|34|10872|14038,簡祐哲/沃許本/林彥廷/飛米,2,33,33.0,465.25,7.75,07:45,232.63,3.88,03:53,12.0,6.0,36.36,55.71,19.0,9.5,57.58,88.21,13.0,6.5,39.39,60.35,5.0,2.5,15.15,23.21,9.0,4.5,27.27,41.78,3.0,1.5,9.09,13.93,4.0,2.0,12.12,18.57,2.0,1.0,6.06,9.29,0.0,0.0,0.0,0.0,0.0,0.0,0.0,0.0,0.0,0.0,0.0,0.0,8.0,4.0,24.24,37.14,0.0,0.0,0.0,0.0,8.0,4.0,24.24,37.14,2.0,1.0,6.06,9.29,4.0,2.0,12.12,18.57,2.0,1.0,6.06,9.29,0.0,0.0,0.0,0.0,1.0,0.5,3.03,4.64,0.0,0.0,0.0,0.0,36.36,57.58,-21.21,102.14,-7.0,-3.5,-21.21,7.75,3.88,0.46,0.46,0.33,0.5,,0.13,0.8,0.0,1.0,0.5,6.06,0.0,0.03,0.0,0.0
4,新竹御嵿攻城獅,75|10862|10885|14982,高國豪/提傑/劉丞勳/徐小龍,2,17,18.0,229.15,3.82,03:49,114.57,1.91,01:55,6.0,3.0,33.33,56.56,8.0,4.0,44.44,75.41,5.0,2.5,27.78,47.13,2.0,1.0,11.11,18.85,2.0,1.0,11.11,18.85,0.0,0.0,0.0,0.0,3.0,1.5,16.67,28.28,2.0,1.0,11.11,18.85,0.0,0.0,0.0,0.0,0.0,0.0,0.0,0.0,0.0,0.0,0.0,0.0,3.0,1.5,16.67,28.28,0.0,0.0,0.0,0.0,6.0,3.0,33.33,56.56,3.0,1.5,16.67,28.28,2.0,1.0,11.11,18.85,0.0,0.0,0.0,0.0,0.0,0.0,0.0,0.0,1.0,0.5,5.56,9.43,4.0,2.0,22.22,37.7,33.33,44.44,-11.11,113.11,-2.0,-1.0,-11.11,3.82,1.91,0.6,0.6,0.0,0.67,,0.38,1.0,0.0,1.0,0.33,0.0,0.0,0.06,22.22,0.0
4,新竹御嵿攻城獅,75|10885|10887|14982,高國豪/劉丞勳/德魯/徐小龍,1,11,12.0,143.15,2.39,02:23,143.15,2.39,02:23,3.0,3.0,25.0,45.27,5.0,5.0,41.67,75.45,3.0,3.0,25.0,45.27,1.0,1.0,8.33,15.09,1.0,1.0,8.33,15.09,0.0,0.0,0.0,0.0,2.0,2.0,16.67,30.18,1.0,1.0,8.33,15.09,0.0,0.0,0.0,0.0,0.0,0.0,0.0,0.0,0.0,0.0,0.0,0.0,2.0,2.0,16.67,30.18,0.0,0.0,0.0,0.0,4.0,4.0,33.33,60.36,2.0,2.0,16.67,30.18,1.0,1.0,8.33,15.09,0.0,0.0,0.0,0.0,0.0,0.0,0.0,0.0,1.0,1.0,8.33,15.09,2.0,2.0,16.67,30.18,25.0,41.67,-16.67,120.71,-2.0,-2.0,-16.67,2.39,2.39,0.5,0.5,0.0,0.5,,0.4,1.0,0.0,1.0,0.33,0.0,0.0,0.08,16.67,0.0
4,新竹御嵿攻城獅,10862|10885|10887|14982,提傑/劉丞勳/德魯/徐小龍,1,11,12.0,143.15,2.39,02:23,143.15,2.39,02:23,3.0,3.0,25.0,45.27,5.0,5.0,41.67,75.45,3.0,3.0,25.0,45.27,1.0,1.0,8.33,15.09,1.0,1.0,8.33,15.09,0.0,0.0,0.0,0.0,2.0,2.0,16.67,30.18,1.0,1.0,8.33,15.09,0.0,0.0,0.0,0.0,0.0,0.0,0.0,0.0,0.0,0.0,0.0,0.0,2.0,2.0,16.67,30.18,0.0,0.0,0.0,0.0,4.0,4.0,33.33,60.36,2.0,2.0,16.67,30.18,1.0,1.0,8.33,15.09,0.0,0.0,0.0,0.0,0.0,0.0,0.0,0.0,1.0,1.0,8.33,15.09,2.0,2.0,16.67,30.18,25.0,41.67,-16.67,120.71,-2.0,-2.0,-16.67,2.39,2.39,0.5,0.5,0.0,0.5,,0.4,1.0,0.0,1.0,0.33,0.0,0.0,0.08,16.67,0.0
4,新北國王,21|34|10872|14038,李愷諺/沃許本/林彥廷/飛米,2,16,20.0,228.4,3.81,03:48,114.2,1.9,01:54,2.0,1.0,10.0,18.91,7.0,3.5,35.0,66.2,3.0,1.5,15.0,28.37,0.0,0.0,0.0,0.0,0.0,0.0,0.0,0.0,0.0,0.0,0.0,0.0,3.0,1.5,15.0,28.37,0.0,0.0,0.0,0.0,2.0,1.0,10.0,18.91,2.0,1.0,10.0,18.91,0.0,0.0,0.0,0.0,3.0,1.5,15.0,28.37,2.0,1.0,10.0,18.91,4.0,2.0,20.0,37.83,3.0,1.5,15.0,28.37,0.0,0.0,0.0,0.0,1.0,0.5,5.0,9.46,0.0,0.0,0.0,0.0,3.0,1.5,15.0,28.37,0.0,0.0,0.0,0.0,10.0,35.0,-25.0,126.09,-5.0,-2.5,-25.0,3.81,1.9,0.0,0.26,,0.0,1.0,0.44,,0.0,0.6,0.33,5.0,0.0,0.15,0.0,0.67
4,新北國王,21|34|10874|14038,李愷諺/沃許本/熊祥泰/飛米,2,48,56.0,835.11,13.92,13:55,417.56,6.96,06:58,24.0,12.0,42.86,62.08,27.0,13.5,48.21,69.83,18.0,9.0,32.14,46.56,8.0,4.0,14.29,20.69,13.0,6.5,23.21,33.62,7.0,3.5,12.5,18.11,5.0,2.5,8.93,12.93,1.0,0.5,1.79,2.59,8.0,4.0,14.29,20.69,7.0,3.5,12.5,18.11,3.0,1.5,5.36,7.76,8.0,4.0,14.29,20.69,3.0,1.5,5.36,7.76,12.0,6.0,21.43,31.04,5.0,2.5,8.93,12.93,3.0,1.5,5.36,7.76,1.0,0.5,1.79,2.59,1.0,0.5,1.79,2.59,9.0,4.5,16.07,23.28,3.0,1.5,5.36,7.76,42.86,48.21,-5.36,96.56,-3.0,-1.5,-5.36,13.92,6.96,0.47,0.56,0.54,0.2,0.88,0.19,0.38,0.2,0.73,0.42,1.79,1.79,0.16,5.36,0.44
4,新北國王,21|10872|10874|14038,李愷諺/林彥廷/熊祥泰/飛米,2,40,47.0,641.38,10.69,10:41,320.69,5.34,05:21,16.0,8.0,34.04,53.88,13.0,6.5,27.66,43.78,17.0,8.5,36.17,57.25,6.0,3.0,12.77,20.21,9.0,4.5,19.15,30.31,4.0,2.0,8.51,13.47,8.0,4.0,17.02,26.94,2.0,1.0,4.26,6.74,2.0,1.0,4.26,6.74,2.0,1.0,4.26,6.74,2.0,1.0,4.26,6.74,9.0,4.5,19.15,30.31,2.0,1.0,4.26,6.74,9.0,4.5,19.15,30.31,4.0,2.0,8.51,13.47,2.0,1.0,4.26,6.74,2.0,1.0,4.26,6.74,4.0,2.0,8.51,13.47,3.0,1.5,6.38,10.1,5.0,2.5,10.64,16.84,34.04,27.66,6.38,105.52,3.0,1.5,6.38,10.69,5.34,0.41,0.45,0.44,0.25,1.0,0.18,0.33,0.18,0.82,0.5,4.26,8.51,0.06,10.64,0.12
4,新北國王,21|32|10872|14038,李愷諺/奧帝/林彥廷/飛米,1,19,22.0,288.15,4.8,04:48,288.15,4.8,04:48,6.0,6.0,27.27,44.98,6.0,6.0,27.27,44.98,11.0,11.0,50.0,82.46,3.0,3.0,13.64,22.49,8.0,8.0,36.36,59.97,3.0,3.0,13.64,22.49,3.0,3.0,13.64,22.49,0.0,0.0,0.0,0.0,0.0,0.0,0.0,0.0,0.0,0.0,0.0,0.0,2.0,2.0,9.09,14.99,6.0,6.0,27.27,44.98,0.0,0.0,0.0,0.0,4.0,4.0,18.18,29.98,0.0,0.0,0.0,0.0,0.0,0.0,0.0,0.0,0.0,0.0,0.0,0.0,4.0,4.0,18.18,29.98,0.0,0.0,0.0,0.0,5.0,5.0,22.73,37.48,27.27,27.27,0.0,109.94,0.0,0.0,0.0,4.8,4.8,0.27,0.27,0.38,0.0,,0.0,0.0,0.33,1.0,0.67,0.0,18.18,0.0,22.73,0.0
4,新北國王,21|32|10874|14038,李愷諺/奧帝/熊祥泰/飛米,1,19,22.0,288.15,4.8,04:48,288.15,4.8,04:48,6.0,6.0,27.27,44.98,6.0,6.0,27.27,44.98,11.0,11.0,50.0,82.46,3.0,3.0,13.64,22.49,8.0,8.0,36.36,59.97,3.0,3.0,13.64,22.49,3.0,3.0,13.64,22.49,0.0,0.0,0.0,0.0,0.0,0.0,0.0,0.0,0.0,0.0,0.0,0.0,2.0,2.0,9.09,14.99,6.0,6.0,27.27,44.98,0.0,0.0,0.0,0.0,4.0,4.0,18.18,29.98,0.0,0.0,0.0,0.0,0.0,0.0,0.0,0.0,0.0,0.0,0.0,0.0,4.0,4.0,18.18,29.98,0.0,0.0,0.0,0.0,5.0,5.0,22.73,37.48,27.27,27.27,0.0,109.94,0.0,0.0,0.0,4.8,4.8,0.27,0.27,0.38,0.0,,0.0,0.0,0.33,1.0,0.67,0.0,18.18,0.0,22.73,0.0
4,新竹御嵿攻城獅,78|88|10862|14982,朱雲豪/盧冠軒/提傑/徐小龍,1,32,40.0,448.57,7.48,07:29,448.57,7.48,07:29,15.0,15.0,37.5,72.23,23.0,23.0,57.5,110.75,10.0,10.0,25.0,48.15,3.0,3.0,7.5,14.45,7.0,7.0,17.5,33.71,2.0,2.0,5.0,9.63,3.0,3.0,7.5,14.45,1.0,1.0,2.5,4.82,8.0,8.0,20.0,38.52,8.0,8.0,20.0,38.52,2.0,2.0,5.0,9.63,5.0,5.0,12.5,24.08,4.0,4.0,10.0,19.26,4.0,4.0,10.0,19.26,3.0,3.0,7.5,14.45,2.0,2.0,5.0,9.63,2.0,2.0,5.0,9.63,0.0,0.0,0.0,0.0,4.0,4.0,10.0,19.26,3.0,3.0,7.5,14.45,37.5,57.5,-20.0,128.41,-8.0,-8.0,-20.0,7.48,7.48,0.35,0.55,0.29,0.33,1.0,0.18,0.67,0.33,0.56,0.47,5.0,0.0,0.1,7.5,0.8
4,新竹御嵿攻城獅,78|88|10887|14982,朱雲豪/盧冠軒/德魯/徐小龍,1,8,9.0,122.0,2.03,02:02,122.0,2.03,02:02,7.0,7.0,77.78,123.93,5.0,5.0,55.56,88.52,3.0,3.0,33.33,53.11,2.0,2.0,22.22,35.41,2.0,2.0,22.22,35.41,1.0,1.0,11.11,17.7,1.0,1.0,11.11,17.7,1.0,1.0,11.11,17.7,2.0,2.0,22.22,35.41,2.0,2.0,22.22,35.41,0.0,0.0,0.0,0.0,1.0,1.0,11.11,17.7,0.0,0.0,0.0,0.0,0.0,0.0,0.0,0.0,0.0,0.0,0.0,0.0,1.0,1.0,11.11,17.7,0.0,0.0,0.0,0.0,0.0,0.0,0.0,0.0,1.0,1.0,11.11,17.7,1.0,1.0,11.11,17.7,77.78,55.56,22.22,106.23,2.0,2.0,22.22,2.03,2.03,0.83,0.9,0.5,1.0,1.0,0.0,0.5,,1.0,1.0,0.0,0.0,0.11,11.11,0.67
4,新竹御嵿攻城獅,78|10862|10887|14982,朱雲豪/提傑/德魯/徐小龍,1,8,9.0,122.0,2.03,02:02,122.0,2.03,02:02,7.0,7.0,77.78,123.93,5.0,5.0,55.56,88.52,3.0,3.0,33.33,53.11,2.0,2.0,22.22,35.41,2.0,2.0,22.22,35.41,1.0,1.0,11.11,17.7,1.0,1.0,11.11,17.7,1.0,1.0,11.11,17.7,2.0,2.0,22.22,35.41,2.0,2.0,22.22,35.41,0.0,0.0,0.0,0.0,1.0,1.0,11.11,17.7,0.0,0.0,0.0,0.0,0.0,0.0,0.0,0.0,0.0,0.0,0.0,0.0,1.0,1.0,11.11,17.7,0.0,0.0,0.0,0.0,0.0,0.0,0.0,0.0,1.0,1.0,11.11,17.7,1.0,1.0,11.11,17.7,77.78,55.56,22.22,106.23,2.0,2.0,22.22,2.03,2.03,0.83,0.9,0.5,1.0,1.0,0.0,0.5,,1.0,1.0,0.0,0.0,0.11,11.11,0.67
4,新竹御嵿攻城獅,88|10862|10887|14982,盧冠軒/提傑/德魯/徐小龍,3,36,40.0,537.78,8.96,08:58,179.26,2.99,02:59,22.0,7.33,55.0,88.36,17.0,5.67,42.5,68.28,15.0,5.0,37.5,60.25,8.0,2.67,20.0,32.13,9.0,3.0,22.5,36.15,4.0,1.33,10.0,16.07,6.0,2.0,15.0,24.1,4.0,1.33,10.0,16.07,3.0,1.0,7.5,12.05,2.0,0.67,5.0,8.03,1.0,0.33,2.5,4.02,6.0,2.0,15.0,24.1,2.0,0.67,5.0,8.03,4.0,1.33,10.0,16.07,2.0,0.67,5.0,8.03,4.0,1.33,10.0,16.07,1.0,0.33,2.5,4.02,0.0,0.0,0.0,0.0,3.0,1.0,7.5,12.05,2.0,0.67,5.0,8.03,55.0,42.5,12.5,107.11,5.0,1.67,12.5,8.96,2.99,0.67,0.67,0.44,0.67,0.67,0.11,0.5,0.2,0.75,0.54,2.5,0.0,0.08,5.0,0.2
4,新竹御嵿攻城獅,78|88|10862|14843,朱雲豪/盧冠軒/提傑/馬力,3,41,57.0,642.71,10.71,10:43,214.24,3.57,03:34,14.0,4.67,24.56,47.05,23.0,7.67,40.35,77.3,16.0,5.33,28.07,53.77,3.0,1.0,5.26,10.08,9.0,3.0,15.79,30.25,3.0,1.0,5.26,10.08,7.0,2.33,12.28,23.53,0.0,0.0,0.0,0.0,9.0,3.0,15.79,30.25,8.0,2.67,14.04,26.89,4.0,1.33,7.02,13.44,9.0,3.0,15.79,30.25,9.0,3.0,15.79,30.25,10.0,3.33,17.54,33.61,4.0,1.33,7.02,13.44,2.0,0.67,3.51,6.72,2.0,0.67,3.51,6.72,0.0,0.0,0.0,0.0,7.0,2.33,12.28,23.53,4.0,1.33,7.02,13.44,24.56,40.35,-15.79,127.71,-9.0,-3.0,-15.79,10.71,3.57,0.19,0.35,0.33,0.0,0.89,0.17,0.67,0.29,0.5,0.41,3.51,0.0,0.12,7.02,0.56
4,新竹御嵿攻城獅,78|88|14843|14982,朱雲豪/盧冠軒/馬力/徐小龍,1,24,31.0,326.57,5.44,05:27,326.57,5.44,05:27,8.0,8.0,25.81,52.91,18.0,18.0,58.06,119.06,7.0,7.0,22.58,46.3,1.0,1.0,3.23,6.61,5.0,5.0,16.13,33.07,1.0,1.0,3.23,6.61,2.0,2.0,6.45,13.23,0.0,0.0,0.0,0.0,6.0,6.0,19.35,39.69,6.0,6.0,19.35,39.69,2.0,2.0,6.45,13.23,4.0,4.0,12.9,26.46,4.0,4.0,12.9,26.46,4.0,4.0,12.9,26.46,3.0,3.0,9.68,19.84,1.0,1.0,3.23,6.61,2.0,2.0,6.45,13.23,0.0,0.0,0.0,0.0,3.0,3.0,9.68,19.84,2.0,2.0,6.45,13.23,25.81,58.06,-32.26,136.69,-10.0,-10.0,-32.26,5.44,5.44,0.14,0.41,0.2,0.0,1.0,0.24,1.0,0.33,0.5,0.43,6.45,0.0,0.1,6.45,0.86
4,新竹御嵿攻城獅,78|10862|14843|14982,朱雲豪/提傑/馬力/徐小龍,2,54,63.0,760.36,12.67,12:40,380.18,6.34,06:20,26.0,13.0,41.27,73.86,29.0,14.5,46.03,82.38,21.0,10.5,33.33,59.66,9.0,4.5,14.29,25.57,14.0,7.0,22.22,39.77,8.0,4.0,12.7,22.73,7.0,3.5,11.11,19.89,1.0,0.5,1.59,2.84,8.0,4.0,12.7,22.73,7.0,3.5,11.11,19.89,2.0,1.0,3.17,5.68,11.0,5.5,17.46,31.25,4.0,2.0,6.35,11.36,11.0,5.5,17.46,31.25,4.0,2.0,6.35,11.36,6.0,3.0,9.52,17.04,3.0,1.5,4.76,8.52,1.0,0.5,1.59,2.84,5.0,2.5,7.94,14.2,4.0,2.0,6.35,11.36,41.27,46.03,-4.76,119.31,-3.0,-1.5,-4.76,12.67,6.34,0.45,0.53,0.57,0.14,0.88,0.14,0.67,0.15,0.73,0.46,4.76,1.59,0.08,6.35,0.38
4,新北國王,21|25|32|10873,李愷諺/林金榜/奧帝/喬納森,1,2,3.0,14.93,0.25,00:15,14.93,0.25,00:15,4.0,4.0,133.33,578.62,0.0,0.0,0.0,0.0,1.0,1.0,33.33,144.66,1.0,1.0,33.33,144.66,0.0,0.0,0.0,0.0,0.0,0.0,0.0,0.0,1.0,1.0,33.33,144.66,1.0,1.0,33.33,144.66,2.0,2.0,66.67,289.31,2.0,2.0,66.67,289.31,0.0,0.0,0.0,0.0,0.0,0.0,0.0,0.0,0.0,0.0,0.0,0.0,0.0,0.0,0.0,0.0,0.0,0.0,0.0,0.0,0.0,0.0,0.0,0.0,0.0,0.0,0.0,0.0,0.0,0.0,0.0,0.0,0.0,0.0,0.0,0.0,0.0,0.0,0.0,0.0,133.33,0.0,133.33,289.31,4.0,4.0,133.33,0.25,0.25,1.5,1.06,,1.0,1.0,0.0,0.0,,,,0.0,0.0,0.0,0.0,2.0
4,新北國王,21|25|10872|10873,李愷諺/林金榜/林彥廷/喬納森,1,2,3.0,14.93,0.25,00:15,14.93,0.25,00:15,4.0,4.0,133.33,578.62,0.0,0.0,0.0,0.0,1.0,1.0,33.33,144.66,1.0,1.0,33.33,144.66,0.0,0.0,0.0,0.0,0.0,0.0,0.0,0.0,1.0,1.0,33.33,144.66,1.0,1.0,33.33,144.66,2.0,2.0,66.67,289.31,2.0,2.0,66.67,289.31,0.0,0.0,0.0,0.0,0.0,0.0,0.0,0.0,0.0,0.0,0.0,0.0,0.0,0.0,0.0,0.0,0.0,0.0,0.0,0.0,0.0,0.0,0.0,0.0,0.0,0.0,0.0,0.0,0.0,0.0,0.0,0.0,0.0,0.0,0.0,0.0,0.0,0.0,0.0,0.0,133.33,0.0,133.33,289.31,4.0,4.0,133.33,0.25,0.25,1.5,1.06,,1.0,1.0,0.0,0.0,,,,0.0,0.0,0.0,0.0,2.0
4,新北國王,21|32|10872|10873,李愷諺/奧帝/林彥廷/喬納森,1,2,3.0,14.93,0.25,00:15,14.93,0.25,00:15,4.0,4.0,133.33,578.62,0.0,0.0,0.0,0.0,1.0,1.0,33.33,144.66,1.0,1.0,33.33,144.66,0.0,0.0,0.0,0.0,0.0,0.0,0.0,0.0,1.0,1.0,33.33,144.66,1.0,1.0,33.33,144.66,2.0,2.0,66.67,289.31,2.0,2.0,66.67,289.31,0.0,0.0,0.0,0.0,0.0,0.0,0.0,0.0,0.0,0.0,0.0,0.0,0.0,0.0,0.0,0.0,0.0,0.0,0.0,0.0,0.0,0.0,0.0,0.0,0.0,0.0,0.0,0.0,0.0,0.0,0.0,0.0,0.0,0.0,0.0,0.0,0.0,0.0,0.0,0.0,133.33,0.0,133.33,289.31,4.0,4.0,133.33,0.25,0.25,1.5,1.06,,1.0,1.0,0.0,0.0,,,,0.0,0.0,0.0,0.0,2.0
4,新北國王,25|32|10872|10873,林金榜/奧帝/林彥廷/喬納森,1,2,3.0,14.93,0.25,00:15,14.93,0.25,00:15,4.0,4.0,133.33,578.62,0.0,0.0,0.0,0.0,1.0,1.0,33.33,144.66,1.0,1.0,33.33,144.66,0.0,0.0,0.0,0.0,0.0,0.0,0.0,0.0,1.0,1.0,33.33,144.66,1.0,1.0,33.33,144.66,2.0,2.0,66.67,289.31,2.0,2.0,66.67,289.31,0.0,0.0,0.0,0.0,0.0,0.0,0.0,0.0,0.0,0.0,0.0,0.0,0.0,0.0,0.0,0.0,0.0,0.0,0.0,0.0,0.0,0.0,0.0,0.0,0.0,0.0,0.0,0.0,0.0,0.0,0.0,0.0,0.0,0.0,0.0,0.0,0.0,0.0,0.0,0.0,133.33,0.0,133.33,289.31,4.0,4.0,133.33,0.25,0.25,1.5,1.06,,1.0,1.0,0.0,0.0,,,,0.0,0.0,0.0,0.0,2.0
4,新竹御嵿攻城獅,75|88|10862|14982,高國豪/盧冠軒/提傑/徐小龍,1,57,67.0,923.05,15.38,15:23,923.05,15.38,15:23,47.0,47.0,70.15,109.98,23.0,23.0,34.33,53.82,26.0,26.0,38.81,60.84,16.0,16.0,23.88,37.44,14.0,14.0,20.9,32.76,8.0,8.0,11.94,18.72,12.0,12.0,17.91,28.08,8.0,8.0,11.94,18.72,7.0,7.0,10.45,16.38,6.0,6.0,8.96,14.04,5.0,5.0,7.46,11.7,6.0,6.0,8.96,14.04,5.0,5.0,7.46,11.7,8.0,8.0,11.94,18.72,3.0,3.0,4.48,7.02,9.0,9.0,13.43,21.06,3.0,3.0,4.48,7.02,1.0,1.0,1.49,2.34,6.0,6.0,8.96,14.04,8.0,8.0,11.94,18.72,70.15,34.33,35.82,104.52,24.0,24.0,35.82,15.38,15.38,0.77,0.81,0.57,0.67,0.86,0.09,0.56,0.38,0.55,0.46,4.48,1.49,0.09,11.94,0.27
4,新北國王,21|22|34|14038,李愷諺/簡祐哲/沃許本/飛米,2,13,13.0,206.25,3.44,03:26,103.13,1.72,01:43,6.0,3.0,46.15,62.84,11.0,5.5,84.62,115.2,5.0,2.5,38.46,52.36,3.0,1.5,23.08,31.42,5.0,2.5,38.46,52.36,3.0,1.5,23.08,31.42,0.0,0.0,0.0,0.0,0.0,0.0,0.0,0.0,0.0,0.0,0.0,0.0,0.0,0.0,0.0,0.0,0.0,0.0,0.0,0.0,2.0,1.0,15.38,20.95,0.0,0.0,0.0,0.0,3.0,1.5,23.08,31.42,0.0,0.0,0.0,0.0,0.0,0.0,0.0,0.0,0.0,0.0,0.0,0.0,0.0,0.0,0.0,0.0,1.0,0.5,7.69,10.47,0.0,0.0,0.0,0.0,46.15,84.62,-38.46,90.76,-5.0,-2.5,-38.46,3.44,1.72,0.6,0.6,0.6,,,0.0,0.0,0.0,1.0,0.4,0.0,0.0,0.08,0.0,0.0
4,新北國王,21|22|10874|14038,李愷諺/簡祐哲/熊祥泰/飛米,1,11,11.0,182.0,3.03,03:02,182.0,3.03,03:02,6.0,6.0,54.55,71.21,8.0,8.0,72.73,94.95,5.0,5.0,45.45,59.34,3.0,3.0,27.27,35.6,5.0,5.0,45.45,59.34,3.0,3.0,27.27,35.6,0.0,0.0,0.0,0.0,0.0,0.0,0.0,0.0,0.0,0.0,0.0,0.0,0.0,0.0,0.0,0.0,0.0,0.0,0.0,0.0,2.0,2.0,18.18,23.74,0.0,0.0,0.0,0.0,2.0,2.0,18.18,23.74,0.0,0.0,0.0,0.0,0.0,0.0,0.0,0.0,0.0,0.0,0.0,0.0,0.0,0.0,0.0,0.0,1.0,1.0,9.09,11.87,0.0,0.0,0.0,0.0,54.55,72.73,-18.18,87.03,-2.0,-2.0,-18.18,3.03,3.03,0.6,0.6,0.6,,,0.0,0.0,0.0,1.0,0.5,0.0,0.0,0.09,0.0,0.0
4,新北國王,21|22|28|34,李愷諺/簡祐哲/呂政儒/沃許本,1,6,9.0,89.96,1.5,01:30,89.96,1.5,01:30,0.0,0.0,0.0,0.0,7.0,7.0,77.78,168.07,2.0,2.0,22.22,48.02,0.0,0.0,0.0,0.0,2.0,2.0,22.22,48.02,0.0,0.0,0.0,0.0,0.0,0.0,0.0,0.0,0.0,0.0,0.0,0.0,2.0,2.0,22.22,48.02,0.0,0.0,0.0,0.0,1.0,1.0,11.11,24.01,2.0,2.0,22.22,48.02,2.0,2.0,22.22,48.02,0.0,0.0,0.0,0.0,1.0,1.0,11.11,24.01,0.0,0.0,0.0,0.0,1.0,1.0,11.11,24.01,0.0,0.0,0.0,0.0,0.0,0.0,0.0,0.0,0.0,0.0,0.0,0.0,0.0,77.78,-77.78,144.06,-7.0,-7.0,-77.78,1.5,1.5,0.0,0.0,0.0,,0.0,0.26,,1.0,0.5,0.6,11.11,0.0,0.0,0.0,1.0
4,新北國王,22|28|32|34,簡祐哲/呂政儒/奧帝/沃許本,1,6,9.0,89.96,1.5,01:30,89.96,1.5,01:30,0.0,0.0,0.0,0.0,7.0,7.0,77.78,168.07,2.0,2.0,22.22,48.02,0.0,0.0,0.0,0.0,2.0,2.0,22.22,48.02,0.0,0.0,0.0,0.0,0.0,0.0,0.0,0.0,0.0,0.0,0.0,0.0,2.0,2.0,22.22,48.02,0.0,0.0,0.0,0.0,1.0,1.0,11.11,24.01,2.0,2.0,22.22,48.02,2.0,2.0,22.22,48.02,0.0,0.0,0.0,0.0,1.0,1.0,11.11,24.01,0.0,0.0,0.0,0.0,1.0,1.0,11.11,24.01,0.0,0.0,0.0,0.0,0.0,0.0,0.0,0.0,0.0,0.0,0.0,0.0,0.0,77.78,-77.78,144.06,-7.0,-7.0,-77.78,1.5,1.5,0.0,0.0,0.0,,0.0,0.26,,1.0,0.5,0.6,11.11,0.0,0.0,0.0,1.0
4,新竹御嵿攻城獅,88|10862|10885|14843,盧冠軒/提傑/劉丞勳/馬力,4,42,49.0,725.17,12.09,12:05,181.29,3.02,03:01,8.0,2.0,16.33,23.83,13.0,3.25,26.53,38.72,17.0,4.25,34.69,50.64,3.0,0.75,6.12,8.94,9.0,2.25,18.37,26.81,3.0,0.75,6.12,8.94,8.0,2.0,16.33,23.83,0.0,0.0,0.0,0.0,4.0,1.0,8.16,11.91,2.0,0.5,4.08,5.96,4.0,1.0,8.16,11.91,11.0,2.75,22.45,32.76,3.0,0.75,6.12,8.94,11.0,2.75,22.45,32.76,5.0,1.25,10.2,14.89,4.0,1.0,8.16,11.91,4.0,1.0,8.16,11.91,0.0,0.0,0.0,0.0,4.0,1.0,8.16,11.91,2.0,0.5,4.08,5.96,16.33,26.53,-10.2,97.3,-5.0,-1.25,-10.2,12.09,3.02,0.18,0.21,0.33,0.0,0.5,0.21,1.33,0.27,0.79,0.52,8.16,0.0,0.08,4.08,0.24
4,新竹御嵿攻城獅,88|10862|10885|14982,盧冠軒/提傑/劉丞勳/徐小龍,1,14,14.0,191.2,3.19,03:11,191.2,3.19,03:11,2.0,2.0,14.29,22.59,6.0,6.0,42.86,67.78,4.0,4.0,28.57,45.19,1.0,1.0,7.14,11.3,4.0,4.0,28.57,45.19,1.0,1.0,7.14,11.3,0.0,0.0,0.0,0.0,0.0,0.0,0.0,0.0,0.0,0.0,0.0,0.0,0.0,0.0,0.0,0.0,0.0,0.0,0.0,0.0,3.0,3.0,21.43,33.89,0.0,0.0,0.0,0.0,3.0,3.0,21.43,33.89,3.0,3.0,21.43,33.89,1.0,1.0,7.14,11.3,3.0,3.0,21.43,33.89,0.0,0.0,0.0,0.0,0.0,0.0,0.0,0.0,2.0,2.0,14.29,22.59,14.29,42.86,-28.57,105.44,-4.0,-4.0,-28.57,3.19,3.19,0.25,0.25,0.25,,,0.43,1.0,0.0,1.0,0.5,21.43,0.0,0.0,14.29,0.0
4,新竹御嵿攻城獅,88|10885|14843|14982,盧冠軒/劉丞勳/馬力/徐小龍,1,14,14.0,191.2,3.19,03:11,191.2,3.19,03:11,2.0,2.0,14.29,22.59,6.0,6.0,42.86,67.78,4.0,4.0,28.57,45.19,1.0,1.0,7.14,11.3,4.0,4.0,28.57,45.19,1.0,1.0,7.14,11.3,0.0,0.0,0.0,0.0,0.0,0.0,0.0,0.0,0.0,0.0,0.0,0.0,0.0,0.0,0.0,0.0,0.0,0.0,0.0,0.0,3.0,3.0,21.43,33.89,0.0,0.0,0.0,0.0,3.0,3.0,21.43,33.89,3.0,3.0,21.43,33.89,1.0,1.0,7.14,11.3,3.0,3.0,21.43,33.89,0.0,0.0,0.0,0.0,0.0,0.0,0.0,0.0,2.0,2.0,14.29,22.59,14.29,42.86,-28.57,105.44,-4.0,-4.0,-28.57,3.19,3.19,0.25,0.25,0.25,,,0.43,1.0,0.0,1.0,0.5,21.43,0.0,0.0,14.29,0.0
4,新竹御嵿攻城獅,10862|10885|14843|14982,提傑/劉丞勳/馬力/徐小龍,2,20,20.0,277.2,4.62,04:37,138.6,2.31,02:19,5.0,2.5,25.0,38.96,9.0,4.5,45.0,70.13,6.0,3.0,30.0,46.75,2.0,1.0,10.0,15.58,5.0,2.5,25.0,38.96,1.0,0.5,5.0,7.79,1.0,0.5,5.0,7.79,1.0,0.5,5.0,7.79,0.0,0.0,0.0,0.0,0.0,0.0,0.0,0.0,0.0,0.0,0.0,0.0,4.0,2.0,20.0,31.17,0.0,0.0,0.0,0.0,5.0,2.5,25.0,38.96,4.0,2.0,20.0,31.17,2.0,1.0,10.0,15.58,3.0,1.5,15.0,23.38,0.0,0.0,0.0,0.0,0.0,0.0,0.0,0.0,4.0,2.0,20.0,31.17,25.0,45.0,-20.0,103.89,-4.0,-2.0,-20.0,4.62,2.31,0.42,0.42,0.2,1.0,,0.4,1.0,0.0,1.0,0.44,15.0,0.0,0.0,20.0,0.0
4,新北國王,21|28|29|14038,李愷諺/呂政儒/林書緯/飛米,1,5,8.0,98.0,1.63,01:38,98.0,1.63,01:38,2.0,2.0,25.0,44.08,2.0,2.0,25.0,44.08,2.0,2.0,25.0,44.08,1.0,1.0,12.5,22.04,1.0,1.0,12.5,22.04,1.0,1.0,12.5,22.04,1.0,1.0,12.5,22.04,0.0,0.0,0.0,0.0,0.0,0.0,0.0,0.0,0.0,0.0,0.0,0.0,0.0,0.0,0.0,0.0,1.0,1.0,12.5,22.04,2.0,2.0,25.0,44.08,0.0,0.0,0.0,0.0,1.0,1.0,12.5,22.04,1.0,1.0,12.5,22.04,0.0,0.0,0.0,0.0,0.0,0.0,0.0,0.0,1.0,1.0,12.5,22.04,0.0,0.0,0.0,0.0,25.0,25.0,0.0,117.55,0.0,0.0,0.0,1.63,1.63,0.5,0.5,1.0,0.0,,0.33,1.0,,0.33,0.33,0.0,0.0,0.12,0.0,0.0
4,新北國王,21|28|34|14038,李愷諺/呂政儒/沃許本/飛米,1,5,8.0,98.0,1.63,01:38,98.0,1.63,01:38,2.0,2.0,25.0,44.08,2.0,2.0,25.0,44.08,2.0,2.0,25.0,44.08,1.0,1.0,12.5,22.04,1.0,1.0,12.5,22.04,1.0,1.0,12.5,22.04,1.0,1.0,12.5,22.04,0.0,0.0,0.0,0.0,0.0,0.0,0.0,0.0,0.0,0.0,0.0,0.0,0.0,0.0,0.0,0.0,1.0,1.0,12.5,22.04,2.0,2.0,25.0,44.08,0.0,0.0,0.0,0.0,1.0,1.0,12.5,22.04,1.0,1.0,12.5,22.04,0.0,0.0,0.0,0.0,0.0,0.0,0.0,0.0,1.0,1.0,12.5,22.04,0.0,0.0,0.0,0.0,25.0,25.0,0.0,117.55,0.0,0.0,0.0,1.63,1.63,0.5,0.5,1.0,0.0,,0.33,1.0,,0.33,0.33,0.0,0.0,0.12,0.0,0.0
4,新北國王,21|29|34|14038,李愷諺/林書緯/沃許本/飛米,3,44,57.0,834.58,13.91,13:55,278.19,4.64,04:38,27.0,9.0,47.37,69.88,28.0,9.33,49.12,72.47,23.0,7.67,40.35,59.53,9.0,3.0,15.79,23.29,15.0,5.0,26.32,38.82,8.0,2.67,14.04,20.71,8.0,2.67,14.04,20.71,1.0,0.33,1.75,2.59,9.0,3.0,15.79,23.29,8.0,2.67,14.04,20.71,7.0,2.33,12.28,18.12,8.0,2.67,14.04,20.71,4.0,1.33,7.02,10.35,9.0,3.0,15.79,23.29,3.0,1.0,5.26,7.76,5.0,1.67,8.77,12.94,0.0,0.0,0.0,0.0,1.0,0.33,1.75,2.59,10.0,3.33,17.54,25.88,4.0,1.33,7.02,10.35,47.37,49.12,-1.75,98.35,-1.0,-0.33,-1.75,13.91,4.64,0.41,0.5,0.53,0.12,0.89,0.1,0.56,0.44,0.67,0.54,0.0,1.75,0.18,7.02,0.39
4,新竹御嵿攻城獅,75|88|10862|14843,高國豪/盧冠軒/提傑/馬力,5,109,130.0,1960.81,32.68,32:41,392.16,6.54,06:32,54.0,10.8,41.54,59.49,46.0,9.2,35.38,50.67,48.0,9.6,36.92,52.88,17.0,3.4,13.08,18.73,20.0,4.0,15.38,22.03,10.0,2.0,7.69,11.02,28.0,5.6,21.54,30.84,7.0,1.4,5.38,7.71,17.0,3.4,13.08,18.73,12.0,2.4,9.23,13.22,9.0,1.8,6.92,9.91,24.0,4.8,18.46,26.44,9.0,1.8,6.92,9.91,26.0,5.2,20.0,28.64,6.0,1.2,4.62,6.61,14.0,2.8,10.77,15.42,5.0,1.0,3.85,5.51,3.0,0.6,2.31,3.3,17.0,3.4,13.08,18.73,8.0,1.6,6.15,8.81,41.54,35.38,6.15,95.47,8.0,1.6,6.15,32.68,6.54,0.43,0.49,0.5,0.25,0.71,0.1,0.82,0.26,0.73,0.49,3.85,2.31,0.13,6.15,0.35
4,新竹御嵿攻城獅,75|88|14843|14982,高國豪/盧冠軒/馬力/徐小龍,1,40,48.0,664.49,11.07,11:04,664.49,11.07,11:04,33.0,33.0,68.75,107.27,16.0,16.0,33.33,52.01,17.0,17.0,35.42,55.26,11.0,11.0,22.92,35.76,9.0,9.0,18.75,29.26,6.0,6.0,12.5,19.5,8.0,8.0,16.67,26.0,5.0,5.0,10.42,16.25,7.0,7.0,14.58,22.75,6.0,6.0,12.5,19.5,3.0,3.0,6.25,9.75,4.0,4.0,8.33,13.0,5.0,5.0,10.42,16.25,6.0,6.0,12.5,19.5,2.0,2.0,4.17,6.5,7.0,7.0,14.58,22.75,2.0,2.0,4.17,6.5,1.0,1.0,2.08,3.25,5.0,5.0,10.42,16.25,6.0,6.0,12.5,19.5,68.75,33.33,35.42,104.02,17.0,17.0,35.42,11.07,11.07,0.79,0.82,0.67,0.62,0.86,0.09,0.64,0.33,0.44,0.39,4.17,2.08,0.1,12.5,0.41
4,新竹御嵿攻城獅,75|10862|14843|14982,高國豪/提傑/馬力/徐小龍,3,79,90.0,1258.01,20.97,20:58,419.34,6.99,06:59,44.0,14.67,48.89,75.55,45.0,15.0,50.0,77.27,30.0,10.0,33.33,51.51,15.0,5.0,16.67,25.76,15.0,5.0,16.67,25.76,8.0,2.67,8.89,13.74,15.0,5.0,16.67,25.76,7.0,2.33,7.78,12.02,9.0,3.0,10.0,15.45,7.0,2.33,7.78,12.02,3.0,1.0,3.33,5.15,13.0,4.33,14.44,22.32,6.0,2.0,6.67,10.3,14.0,4.67,15.56,24.04,8.0,2.67,8.89,13.74,10.0,3.33,11.11,17.17,6.0,2.0,6.67,10.3,2.0,0.67,2.22,3.43,9.0,3.0,10.0,15.45,14.0,4.67,15.56,24.04,48.89,50.0,-1.11,103.02,-1.0,-0.33,-1.11,20.97,6.99,0.62,0.65,0.53,0.47,0.78,0.19,0.67,0.18,0.68,0.44,6.67,2.22,0.1,15.56,0.3
4,新北國王,21|29|10872|14038,李愷諺/林書緯/林彥廷/飛米,2,9,9.0,150.0,2.5,02:30,75.0,1.25,01:15,0.0,0.0,0.0,0.0,7.0,3.5,77.78,100.8,3.0,1.5,33.33,43.2,0.0,0.0,0.0,0.0,0.0,0.0,0.0,0.0,0.0,0.0,0.0,0.0,3.0,1.5,33.33,43.2,0.0,0.0,0.0,0.0,0.0,0.0,0.0,0.0,0.0,0.0,0.0,0.0,0.0,0.0,0.0,0.0,3.0,1.5,33.33,43.2,0.0,0.0,0.0,0.0,1.0,0.5,11.11,14.4,1.0,0.5,11.11,14.4,0.0,0.0,0.0,0.0,0.0,0.0,0.0,0.0,0.0,0.0,0.0,0.0,1.0,0.5,11.11,14.4,0.0,0.0,0.0,0.0,0.0,77.78,-77.78,86.4,-7.0,-3.5,-77.78,2.5,1.25,0.0,0.0,,0.0,,0.25,,0.0,1.0,0.75,0.0,0.0,0.11,0.0,0.0
4,新北國王,19|23|32|34,蘇培凱/王柏智/奧帝/沃許本,1,3,4.0,37.5,0.63,00:38,37.5,0.63,00:38,3.0,3.0,75.0,172.79,0.0,0.0,0.0,0.0,1.0,1.0,25.0,57.6,1.0,1.0,25.0,57.6,1.0,1.0,25.0,57.6,1.0,1.0,25.0,57.6,0.0,0.0,0.0,0.0,0.0,0.0,0.0,0.0,3.0,3.0,75.0,172.79,1.0,1.0,25.0,57.6,1.0,1.0,25.0,57.6,1.0,1.0,25.0,57.6,0.0,0.0,0.0,0.0,1.0,1.0,25.0,57.6,0.0,0.0,0.0,0.0,1.0,1.0,25.0,57.6,0.0,0.0,0.0,0.0,0.0,0.0,0.0,0.0,1.0,1.0,25.0,57.6,0.0,0.0,0.0,0.0,75.0,0.0,75.0,153.59,3.0,3.0,75.0,0.63,0.63,1.0,0.65,1.0,,0.33,0.0,1.0,0.5,1.0,0.67,0.0,0.0,0.25,0.0,3.0
4,新北國王,19|23|32|10873,蘇培凱/王柏智/奧帝/喬納森,2,14,20.0,212.9,3.55,03:33,106.45,1.77,01:46,6.0,3.0,30.0,60.87,3.0,1.5,15.0,30.44,6.0,3.0,30.0,60.87,2.0,1.0,10.0,20.29,4.0,2.0,20.0,40.58,2.0,1.0,10.0,20.29,2.0,1.0,10.0,20.29,0.0,0.0,0.0,0.0,5.0,2.5,25.0,50.73,2.0,1.0,10.0,20.29,3.0,1.5,15.0,30.44,3.0,1.5,15.0,30.44,4.0,2.0,20.0,40.58,3.0,1.5,15.0,30.44,1.0,0.5,5.0,10.15,2.0,1.0,10.0,20.29,0.0,0.0,0.0,0.0,0.0,0.0,0.0,0.0,2.0,1.0,10.0,20.29,2.0,1.0,10.0,20.29,30.0,15.0,15.0,135.28,3.0,1.5,15.0,3.55,1.77,0.33,0.37,0.5,0.0,0.4,0.11,1.0,0.5,0.43,0.46,0.0,0.0,0.1,10.0,0.83
4,新北國王,19|23|34|10873,蘇培凱/王柏智/沃許本/喬納森,1,3,4.0,37.5,0.63,00:38,37.5,0.63,00:38,3.0,3.0,75.0,172.79,0.0,0.0,0.0,0.0,1.0,1.0,25.0,57.6,1.0,1.0,25.0,57.6,1.0,1.0,25.0,57.6,1.0,1.0,25.0,57.6,0.0,0.0,0.0,0.0,0.0,0.0,0.0,0.0,3.0,3.0,75.0,172.79,1.0,1.0,25.0,57.6,1.0,1.0,25.0,57.6,1.0,1.0,25.0,57.6,0.0,0.0,0.0,0.0,1.0,1.0,25.0,57.6,0.0,0.0,0.0,0.0,1.0,1.0,25.0,57.6,0.0,0.0,0.0,0.0,0.0,0.0,0.0,0.0,1.0,1.0,25.0,57.6,0.0,0.0,0.0,0.0,75.0,0.0,75.0,153.59,3.0,3.0,75.0,0.63,0.63,1.0,0.65,1.0,,0.33,0.0,1.0,0.5,1.0,0.67,0.0,0.0,0.25,0.0,3.0
4,新北國王,19|32|34|10873,蘇培凱/奧帝/沃許本/喬納森,1,3,4.0,37.5,0.63,00:38,37.5,0.63,00:38,3.0,3.0,75.0,172.79,0.0,0.0,0.0,0.0,1.0,1.0,25.0,57.6,1.0,1.0,25.0,57.6,1.0,1.0,25.0,57.6,1.0,1.0,25.0,57.6,0.0,0.0,0.0,0.0,0.0,0.0,0.0,0.0,3.0,3.0,75.0,172.79,1.0,1.0,25.0,57.6,1.0,1.0,25.0,57.6,1.0,1.0,25.0,57.6,0.0,0.0,0.0,0.0,1.0,1.0,25.0,57.6,0.0,0.0,0.0,0.0,1.0,1.0,25.0,57.6,0.0,0.0,0.0,0.0,0.0,0.0,0.0,0.0,1.0,1.0,25.0,57.6,0.0,0.0,0.0,0.0,75.0,0.0,75.0,153.59,3.0,3.0,75.0,0.63,0.63,1.0,0.65,1.0,,0.33,0.0,1.0,0.5,1.0,0.67,0.0,0.0,0.25,0.0,3.0
4,新北國王,23|32|34|10873,王柏智/奧帝/沃許本/喬納森,1,3,4.0,37.5,0.63,00:38,37.5,0.63,00:38,3.0,3.0,75.0,172.79,0.0,0.0,0.0,0.0,1.0,1.0,25.0,57.6,1.0,1.0,25.0,57.6,1.0,1.0,25.0,57.6,1.0,1.0,25.0,57.6,0.0,0.0,0.0,0.0,0.0,0.0,0.0,0.0,3.0,3.0,75.0,172.79,1.0,1.0,25.0,57.6,1.0,1.0,25.0,57.6,1.0,1.0,25.0,57.6,0.0,0.0,0.0,0.0,1.0,1.0,25.0,57.6,0.0,0.0,0.0,0.0,1.0,1.0,25.0,57.6,0.0,0.0,0.0,0.0,0.0,0.0,0.0,0.0,1.0,1.0,25.0,57.6,0.0,0.0,0.0,0.0,75.0,0.0,75.0,153.59,3.0,3.0,75.0,0.63,0.63,1.0,0.65,1.0,,0.33,0.0,1.0,0.5,1.0,0.67,0.0,0.0,0.25,0.0,3.0
4,新北國王,19|23|32|14038,蘇培凱/王柏智/奧帝/飛米,1,9,12.0,130.4,2.17,02:10,130.4,2.17,02:10,3.0,3.0,25.0,49.69,3.0,3.0,25.0,49.69,4.0,4.0,33.33,66.26,1.0,1.0,8.33,16.56,3.0,3.0,25.0,49.69,1.0,1.0,8.33,16.56,1.0,1.0,8.33,16.56,0.0,0.0,0.0,0.0,2.0,2.0,16.67,33.13,1.0,1.0,8.33,16.56,2.0,2.0,16.67,33.13,1.0,1.0,8.33,16.56,2.0,2.0,16.67,33.13,2.0,2.0,16.67,33.13,1.0,1.0,8.33,16.56,1.0,1.0,8.33,16.56,0.0,0.0,0.0,0.0,0.0,0.0,0.0,0.0,1.0,1.0,8.33,16.56,2.0,2.0,16.67,33.13,25.0,25.0,0.0,132.52,0.0,0.0,0.0,2.17,2.17,0.25,0.31,0.33,0.0,0.5,0.17,1.0,0.5,0.33,0.43,0.0,0.0,0.08,16.67,0.5
4,新北國王,19|23|10873|14038,蘇培凱/王柏智/喬納森/飛米,1,9,12.0,130.4,2.17,02:10,130.4,2.17,02:10,3.0,3.0,25.0,49.69,3.0,3.0,25.0,49.69,4.0,4.0,33.33,66.26,1.0,1.0,8.33,16.56,3.0,3.0,25.0,49.69,1.0,1.0,8.33,16.56,1.0,1.0,8.33,16.56,0.0,0.0,0.0,0.0,2.0,2.0,16.67,33.13,1.0,1.0,8.33,16.56,2.0,2.0,16.67,33.13,1.0,1.0,8.33,16.56,2.0,2.0,16.67,33.13,2.0,2.0,16.67,33.13,1.0,1.0,8.33,16.56,1.0,1.0,8.33,16.56,0.0,0.0,0.0,0.0,0.0,0.0,0.0,0.0,1.0,1.0,8.33,16.56,2.0,2.0,16.67,33.13,25.0,25.0,0.0,132.52,0.0,0.0,0.0,2.17,2.17,0.25,0.31,0.33,0.0,0.5,0.17,1.0,0.5,0.33,0.43,0.0,0.0,0.08,16.67,0.5
4,新北國王,19|32|10873|14038,蘇培凱/奧帝/喬納森/飛米,1,9,12.0,130.4,2.17,02:10,130.4,2.17,02:10,3.0,3.0,25.0,49.69,3.0,3.0,25.0,49.69,4.0,4.0,33.33,66.26,1.0,1.0,8.33,16.56,3.0,3.0,25.0,49.69,1.0,1.0,8.33,16.56,1.0,1.0,8.33,16.56,0.0,0.0,0.0,0.0,2.0,2.0,16.67,33.13,1.0,1.0,8.33,16.56,2.0,2.0,16.67,33.13,1.0,1.0,8.33,16.56,2.0,2.0,16.67,33.13,2.0,2.0,16.67,33.13,1.0,1.0,8.33,16.56,1.0,1.0,8.33,16.56,0.0,0.0,0.0,0.0,0.0,0.0,0.0,0.0,1.0,1.0,8.33,16.56,2.0,2.0,16.67,33.13,25.0,25.0,0.0,132.52,0.0,0.0,0.0,2.17,2.17,0.25,0.31,0.33,0.0,0.5,0.17,1.0,0.5,0.33,0.43,0.0,0.0,0.08,16.67,0.5
4,新北國王,23|32|10873|14038,王柏智/奧帝/喬納森/飛米,1,9,12.0,130.4,2.17,02:10,130.4,2.17,02:10,3.0,3.0,25.0,49.69,3.0,3.0,25.0,49.69,4.0,4.0,33.33,66.26,1.0,1.0,8.33,16.56,3.0,3.0,25.0,49.69,1.0,1.0,8.33,16.56,1.0,1.0,8.33,16.56,0.0,0.0,0.0,0.0,2.0,2.0,16.67,33.13,1.0,1.0,8.33,16.56,2.0,2.0,16.67,33.13,1.0,1.0,8.33,16.56,2.0,2.0,16.67,33.13,2.0,2.0,16.67,33.13,1.0,1.0,8.33,16.56,1.0,1.0,8.33,16.56,0.0,0.0,0.0,0.0,0.0,0.0,0.0,0.0,1.0,1.0,8.33,16.56,2.0,2.0,16.67,33.13,25.0,25.0,0.0,132.52,0.0,0.0,0.0,2.17,2.17,0.25,0.31,0.33,0.0,0.5,0.17,1.0,0.5,0.33,0.43,0.0,0.0,0.08,16.67,0.5
4,新竹御嵿攻城獅,75|84|88|14982,高國豪/李家瑞/盧冠軒/徐小龍,1,2,4.0,25.56,0.43,00:26,25.56,0.43,00:26,1.0,1.0,25.0,84.5,1.0,1.0,25.0,84.5,2.0,2.0,50.0,169.0,0.0,0.0,0.0,0.0,1.0,1.0,25.0,84.5,0.0,0.0,0.0,0.0,1.0,1.0,25.0,84.5,0.0,0.0,0.0,0.0,0.0,0.0,0.0,0.0,0.0,0.0,0.0,0.0,2.0,2.0,50.0,169.0,0.0,0.0,0.0,0.0,0.0,0.0,0.0,0.0,0.0,0.0,0.0,0.0,0.0,0.0,0.0,0.0,0.0,0.0,0.0,0.0,0.0,0.0,0.0,0.0,0.0,0.0,0.0,0.0,1.0,1.0,25.0,84.5,2.0,2.0,50.0,169.0,25.0,25.0,0.0,225.33,0.0,0.0,0.0,0.43,0.43,0.0,0.25,0.0,0.0,,0.0,,1.0,,1.0,0.0,0.0,0.25,50.0,0.0
4,新竹御嵿攻城獅,75|84|10862|14982,高國豪/李家瑞/提傑/徐小龍,1,2,4.0,25.56,0.43,00:26,25.56,0.43,00:26,1.0,1.0,25.0,84.5,1.0,1.0,25.0,84.5,2.0,2.0,50.0,169.0,0.0,0.0,0.0,0.0,1.0,1.0,25.0,84.5,0.0,0.0,0.0,0.0,1.0,1.0,25.0,84.5,0.0,0.0,0.0,0.0,0.0,0.0,0.0,0.0,0.0,0.0,0.0,0.0,2.0,2.0,50.0,169.0,0.0,0.0,0.0,0.0,0.0,0.0,0.0,0.0,0.0,0.0,0.0,0.0,0.0,0.0,0.0,0.0,0.0,0.0,0.0,0.0,0.0,0.0,0.0,0.0,0.0,0.0,0.0,0.0,1.0,1.0,25.0,84.5,2.0,2.0,50.0,169.0,25.0,25.0,0.0,225.33,0.0,0.0,0.0,0.43,0.43,0.0,0.25,0.0,0.0,,0.0,,1.0,,1.0,0.0,0.0,0.25,50.0,0.0
4,新竹御嵿攻城獅,84|88|10862|14982,李家瑞/盧冠軒/提傑/徐小龍,1,5,7.0,77.96,1.3,01:18,77.96,1.3,01:18,1.0,1.0,14.29,27.71,3.0,3.0,42.86,83.12,3.0,3.0,42.86,83.12,0.0,0.0,0.0,0.0,2.0,2.0,28.57,55.41,0.0,0.0,0.0,0.0,1.0,1.0,14.29,27.71,0.0,0.0,0.0,0.0,2.0,2.0,28.57,55.41,1.0,1.0,14.29,27.71,2.0,2.0,28.57,55.41,1.0,1.0,14.29,27.71,0.0,0.0,0.0,0.0,0.0,0.0,0.0,0.0,0.0,0.0,0.0,0.0,0.0,0.0,0.0,0.0,0.0,0.0,0.0,0.0,0.0,0.0,0.0,0.0,1.0,1.0,14.29,27.71,2.0,2.0,28.57,55.41,14.29,42.86,-28.57,129.3,-2.0,-2.0,-28.57,1.3,1.3,0.0,0.13,0.0,0.0,0.5,0.0,,1.0,1.0,1.0,0.0,0.0,0.14,28.57,0.67
4,新竹御嵿攻城獅,80|84|88|14982,田浩/李家瑞/盧冠軒/徐小龍,1,3,3.0,52.4,0.87,00:52,52.4,0.87,00:52,0.0,0.0,0.0,0.0,2.0,2.0,66.67,82.45,1.0,1.0,33.33,41.22,0.0,0.0,0.0,0.0,1.0,1.0,33.33,41.22,0.0,0.0,0.0,0.0,0.0,0.0,0.0,0.0,0.0,0.0,0.0,0.0,2.0,2.0,66.67,82.45,1.0,1.0,33.33,41.22,0.0,0.0,0.0,0.0,1.0,1.0,33.33,41.22,0.0,0.0,0.0,0.0,0.0,0.0,0.0,0.0,0.0,0.0,0.0,0.0,0.0,0.0,0.0,0.0,0.0,0.0,0.0,0.0,0.0,0.0,0.0,0.0,0.0,0.0,0.0,0.0,0.0,0.0,0.0,0.0,0.0,66.67,-66.67,82.45,-2.0,-2.0,-66.67,0.87,0.87,0.0,0.0,0.0,,0.5,0.0,,,1.0,1.0,0.0,0.0,0.0,0.0,2.0
4,新竹御嵿攻城獅,80|84|10862|14982,田浩/李家瑞/提傑/徐小龍,1,3,3.0,52.4,0.87,00:52,52.4,0.87,00:52,0.0,0.0,0.0,0.0,2.0,2.0,66.67,82.45,1.0,1.0,33.33,41.22,0.0,0.0,0.0,0.0,1.0,1.0,33.33,41.22,0.0,0.0,0.0,0.0,0.0,0.0,0.0,0.0,0.0,0.0,0.0,0.0,2.0,2.0,66.67,82.45,1.0,1.0,33.33,41.22,0.0,0.0,0.0,0.0,1.0,1.0,33.33,41.22,0.0,0.0,0.0,0.0,0.0,0.0,0.0,0.0,0.0,0.0,0.0,0.0,0.0,0.0,0.0,0.0,0.0,0.0,0.0,0.0,0.0,0.0,0.0,0.0,0.0,0.0,0.0,0.0,0.0,0.0,0.0,0.0,0.0,66.67,-66.67,82.45,-2.0,-2.0,-66.67,0.87,0.87,0.0,0.0,0.0,,0.5,0.0,,,1.0,1.0,0.0,0.0,0.0,0.0,2.0
4,新竹御嵿攻城獅,80|88|10862|14982,田浩/盧冠軒/提傑/徐小龍,1,3,3.0,52.4,0.87,00:52,52.4,0.87,00:52,0.0,0.0,0.0,0.0,2.0,2.0,66.67,82.45,1.0,1.0,33.33,41.22,0.0,0.0,0.0,0.0,1.0,1.0,33.33,41.22,0.0,0.0,0.0,0.0,0.0,0.0,0.0,0.0,0.0,0.0,0.0,0.0,2.0,2.0,66.67,82.45,1.0,1.0,33.33,41.22,0.0,0.0,0.0,0.0,1.0,1.0,33.33,41.22,0.0,0.0,0.0,0.0,0.0,0.0,0.0,0.0,0.0,0.0,0.0,0.0,0.0,0.0,0.0,0.0,0.0,0.0,0.0,0.0,0.0,0.0,0.0,0.0,0.0,0.0,0.0,0.0,0.0,0.0,0.0,0.0,0.0,66.67,-66.67,82.45,-2.0,-2.0,-66.67,0.87,0.87,0.0,0.0,0.0,,0.5,0.0,,,1.0,1.0,0.0,0.0,0.0,0.0,2.0
4,高雄全家海神,51|108|110|118,克力斯/魏莨哲/胡瓏貿/蘇文儒,2,15,21.0,258.33,4.31,04:18,129.16,2.15,02:09,6.0,3.0,28.57,50.17,13.0,6.5,61.9,108.7,7.0,3.5,33.33,58.53,2.0,1.0,9.52,16.72,3.0,1.5,14.29,25.08,1.0,0.5,4.76,8.36,4.0,2.0,19.05,33.45,1.0,0.5,4.76,8.36,2.0,1.0,9.52,16.72,1.0,0.5,4.76,8.36,3.0,1.5,14.29,25.08,3.0,1.5,14.29,25.08,2.0,1.0,9.52,16.72,2.0,1.0,9.52,16.72,2.0,1.0,9.52,16.72,1.0,0.5,4.76,8.36,1.0,0.5,4.76,8.36,0.0,0.0,0.0,0.0,1.0,0.5,4.76,8.36,1.0,0.5,4.76,8.36,28.57,61.9,-33.33,117.06,-7.0,-3.5,-33.33,4.31,2.15,0.36,0.38,0.33,0.25,0.5,0.2,0.5,0.6,0.6,0.6,4.76,0.0,0.05,4.76,0.29
4,高雄全家海神,51|108|118|13399,克力斯/魏莨哲/蘇文儒/賽克維奇,1,21,24.0,299.28,4.99,04:59,299.28,4.99,04:59,6.0,6.0,25.0,43.3,18.0,18.0,75.0,129.91,6.0,6.0,25.0,43.3,2.0,2.0,8.33,14.43,3.0,3.0,12.5,21.65,0.0,0.0,0.0,0.0,3.0,3.0,12.5,21.65,2.0,2.0,8.33,14.43,0.0,0.0,0.0,0.0,0.0,0.0,0.0,0.0,0.0,0.0,0.0,0.0,4.0,4.0,16.67,28.87,2.0,2.0,8.33,14.43,3.0,3.0,12.5,21.65,4.0,4.0,16.67,28.87,2.0,2.0,8.33,14.43,2.0,2.0,8.33,14.43,0.0,0.0,0.0,0.0,2.0,2.0,8.33,14.43,3.0,3.0,12.5,21.65,25.0,75.0,-50.0,115.48,-12.0,-12.0,-50.0,4.99,4.99,0.5,0.5,0.0,0.67,,0.4,1.0,0.0,0.67,0.44,8.33,0.0,0.08,12.5,0.0
4,高雄全家海神,51|110|118|13399,克力斯/胡瓏貿/蘇文儒/賽克維奇,1,12,15.0,184.52,3.08,03:05,184.52,3.08,03:05,3.0,3.0,20.0,35.12,13.0,13.0,86.67,152.18,3.0,3.0,20.0,35.12,1.0,1.0,6.67,11.71,1.0,1.0,6.67,11.71,0.0,0.0,0.0,0.0,2.0,2.0,13.33,23.41,1.0,1.0,6.67,11.71,0.0,0.0,0.0,0.0,0.0,0.0,0.0,0.0,0.0,0.0,0.0,0.0,2.0,2.0,13.33,23.41,2.0,2.0,13.33,23.41,1.0,1.0,6.67,11.71,3.0,3.0,20.0,35.12,1.0,1.0,6.67,11.71,2.0,2.0,13.33,23.41,0.0,0.0,0.0,0.0,1.0,1.0,6.67,11.71,3.0,3.0,20.0,35.12,20.0,86.67,-66.67,117.06,-10.0,-10.0,-66.67,3.08,3.08,0.5,0.5,0.0,0.5,,0.5,1.0,0.0,0.5,0.4,13.33,0.0,0.07,20.0,0.0
4,高雄全家海神,108|110|118|13399,魏莨哲/胡瓏貿/蘇文儒/賽克維奇,1,10,13.0,168.52,2.81,02:49,168.52,2.81,02:49,3.0,3.0,23.08,38.45,11.0,11.0,84.62,141.0,3.0,3.0,23.08,38.45,1.0,1.0,7.69,12.82,1.0,1.0,7.69,12.82,0.0,0.0,0.0,0.0,2.0,2.0,15.38,25.64,1.0,1.0,7.69,12.82,0.0,0.0,0.0,0.0,0.0,0.0,0.0,0.0,0.0,0.0,0.0,0.0,2.0,2.0,15.38,25.64,2.0,2.0,15.38,25.64,1.0,1.0,7.69,12.82,2.0,2.0,15.38,25.64,1.0,1.0,7.69,12.82,1.0,1.0,7.69,12.82,0.0,0.0,0.0,0.0,1.0,1.0,7.69,12.82,1.0,1.0,7.69,12.82,23.08,84.62,-61.54,111.09,-8.0,-8.0,-61.54,2.81,2.81,0.5,0.5,0.0,0.5,,0.4,1.0,0.0,0.5,0.4,7.69,0.0,0.08,7.69,0.0
4,高雄全家海神,51|108|116|118,克力斯/魏莨哲/呂威霆/蘇文儒,2,47,54.0,689.71,11.5,11:30,344.86,5.75,05:45,17.0,8.5,31.48,53.24,31.0,15.5,57.41,97.08,18.0,9.0,33.33,56.37,5.0,2.5,9.26,15.66,9.0,4.5,16.67,28.19,2.0,1.0,3.7,6.26,9.0,4.5,16.67,28.19,3.0,1.5,5.56,9.4,6.0,3.0,11.11,18.79,4.0,2.0,7.41,12.53,7.0,3.5,12.96,21.92,8.0,4.0,14.81,25.05,0.0,0.0,0.0,0.0,8.0,4.0,14.81,25.05,7.0,3.5,12.96,21.92,4.0,2.0,7.41,12.53,5.0,2.5,9.26,15.66,1.0,0.5,1.85,3.13,4.0,2.0,7.41,12.53,7.0,3.5,12.96,21.92,31.48,57.41,-25.93,112.74,-14.0,-7.0,-25.93,11.5,5.75,0.36,0.41,0.22,0.33,0.67,0.25,0.8,0.47,1.0,0.65,9.26,1.85,0.07,12.96,0.33
4,高雄全家海神,108|116|118|13399,魏莨哲/呂威霆/蘇文儒/賽克維奇,1,73,89.0,1140.05,19.0,19:00,1140.05,19.0,19:00,38.0,38.0,42.7,72.0,44.0,44.0,49.44,83.37,27.0,27.0,30.34,51.16,13.0,13.0,14.61,24.63,12.0,12.0,13.48,22.74,7.0,7.0,7.87,13.26,15.0,15.0,16.85,28.42,6.0,6.0,6.74,11.37,12.0,12.0,13.48,22.74,6.0,6.0,6.74,11.37,5.0,5.0,5.62,9.47,11.0,11.0,12.36,20.84,6.0,6.0,6.74,11.37,11.0,11.0,12.36,20.84,10.0,10.0,11.24,18.95,7.0,7.0,7.87,13.26,6.0,6.0,6.74,11.37,0.0,0.0,0.0,0.0,11.0,11.0,12.36,20.84,13.0,13.0,14.61,24.63,42.7,49.44,-6.74,112.42,-6.0,-6.0,-6.74,19.0,19.0,0.59,0.59,0.58,0.4,0.5,0.24,0.54,0.31,0.65,0.48,6.74,0.0,0.12,14.61,0.44
4,高雄全家海神,108|116|118|4181,魏莨哲/呂威霆/蘇文儒/艾德,2,69,89.0,1180.48,19.67,19:40,590.24,9.84,09:50,41.0,20.5,46.07,75.02,43.0,21.5,48.31,78.68,28.0,14.0,31.46,51.23,14.0,7.0,15.73,25.62,11.0,5.5,12.36,20.13,7.0,3.5,7.87,12.81,17.0,8.5,19.1,31.11,7.0,3.5,7.87,12.81,10.0,5.0,11.24,18.3,6.0,3.0,6.74,10.98,7.0,3.5,7.87,12.81,9.0,4.5,10.11,16.47,8.0,4.0,8.99,14.64,10.0,5.0,11.24,18.3,8.0,4.0,8.99,14.64,8.0,4.0,8.99,14.64,5.0,2.5,5.62,9.15,2.0,1.0,2.25,3.66,11.0,5.5,12.36,20.13,14.0,7.0,15.73,25.62,46.07,48.31,-2.25,108.57,-2.0,-1.0,-2.25,19.67,9.84,0.62,0.63,0.64,0.41,0.6,0.2,0.57,0.41,0.53,0.47,5.62,2.25,0.12,15.73,0.36
4,高雄全家海神,108|116|4181|13399,魏莨哲/呂威霆/艾德/賽克維奇,1,48,63.0,814.28,13.57,13:34,814.28,13.57,13:34,29.0,29.0,46.03,76.93,32.0,32.0,50.79,84.88,19.0,19.0,30.16,50.4,10.0,10.0,15.87,26.53,7.0,7.0,11.11,18.57,5.0,5.0,7.94,13.26,12.0,12.0,19.05,31.83,5.0,5.0,7.94,13.26,8.0,8.0,12.7,21.22,4.0,4.0,6.35,10.61,4.0,4.0,6.35,10.61,7.0,7.0,11.11,18.57,6.0,6.0,9.52,15.92,7.0,7.0,11.11,18.57,6.0,6.0,9.52,15.92,6.0,6.0,9.52,15.92,4.0,4.0,6.35,10.61,0.0,0.0,0.0,0.0,8.0,8.0,12.7,21.22,9.0,9.0,14.29,23.87,46.03,50.79,-4.76,111.41,-3.0,-3.0,-4.76,13.57,13.57,0.66,0.64,0.71,0.42,0.5,0.21,0.6,0.36,0.54,0.46,6.35,0.0,0.13,14.29,0.42
4,高雄全家海神,108|118|4181|13399,魏莨哲/蘇文儒/艾德/賽克維奇,1,48,63.0,814.28,13.57,13:34,814.28,13.57,13:34,29.0,29.0,46.03,76.93,32.0,32.0,50.79,84.88,19.0,19.0,30.16,50.4,10.0,10.0,15.87,26.53,7.0,7.0,11.11,18.57,5.0,5.0,7.94,13.26,12.0,12.0,19.05,31.83,5.0,5.0,7.94,13.26,8.0,8.0,12.7,21.22,4.0,4.0,6.35,10.61,4.0,4.0,6.35,10.61,7.0,7.0,11.11,18.57,6.0,6.0,9.52,15.92,7.0,7.0,11.11,18.57,6.0,6.0,9.52,15.92,6.0,6.0,9.52,15.92,4.0,4.0,6.35,10.61,0.0,0.0,0.0,0.0,8.0,8.0,12.7,21.22,9.0,9.0,14.29,23.87,46.03,50.79,-4.76,111.41,-3.0,-3.0,-4.76,13.57,13.57,0.66,0.64,0.71,0.42,0.5,0.21,0.6,0.36,0.54,0.46,6.35,0.0,0.13,14.29,0.42
4,高雄全家海神,116|118|4181|13399,呂威霆/蘇文儒/艾德/賽克維奇,1,53,69.0,923.28,15.39,15:23,923.28,15.39,15:23,29.0,29.0,42.03,67.84,35.0,35.0,50.72,81.88,23.0,23.0,33.33,53.81,10.0,10.0,14.49,23.39,9.0,9.0,13.04,21.06,5.0,5.0,7.25,11.7,14.0,14.0,20.29,32.75,5.0,5.0,7.25,11.7,8.0,8.0,11.59,18.72,4.0,4.0,5.8,9.36,5.0,5.0,7.25,11.7,10.0,10.0,14.49,23.39,6.0,6.0,8.7,14.04,8.0,8.0,11.59,18.72,6.0,6.0,8.7,14.04,6.0,6.0,8.7,14.04,4.0,4.0,5.8,9.36,0.0,0.0,0.0,0.0,8.0,8.0,11.59,18.72,9.0,9.0,13.04,21.06,42.03,50.72,-8.7,107.62,-6.0,-6.0,-8.7,15.39,15.39,0.54,0.55,0.56,0.36,0.5,0.18,0.6,0.38,0.62,0.52,5.8,0.0,0.12,13.04,0.35
4,高雄全家海神,108|116|118|123,魏莨哲/呂威霆/蘇文儒/勤明慶,1,16,22.0,257.53,4.29,04:18,257.53,4.29,04:18,11.0,11.0,50.0,92.26,8.0,8.0,36.36,67.1,9.0,9.0,40.91,75.49,4.0,4.0,18.18,33.55,3.0,3.0,13.64,25.16,3.0,3.0,13.64,25.16,6.0,6.0,27.27,50.32,1.0,1.0,4.55,8.39,3.0,3.0,13.64,25.16,2.0,2.0,9.09,16.77,3.0,3.0,13.64,25.16,2.0,2.0,9.09,16.77,2.0,2.0,9.09,16.77,2.0,2.0,9.09,16.77,1.0,1.0,4.55,8.39,1.0,1.0,4.55,8.39,1.0,1.0,4.55,8.39,1.0,1.0,4.55,8.39,3.0,3.0,13.64,25.16,2.0,2.0,9.09,16.77,50.0,36.36,13.64,123.01,3.0,3.0,13.64,4.29,4.29,0.5,0.53,1.0,0.17,0.67,0.09,0.25,0.6,0.5,0.56,4.55,4.55,0.14,9.09,0.33
4,高雄全家海神,108|116|123|4181,魏莨哲/呂威霆/勤明慶/艾德,1,9,12.0,161.53,2.69,02:42,161.53,2.69,02:42,7.0,7.0,58.33,93.6,3.0,3.0,25.0,40.12,5.0,5.0,41.67,66.86,3.0,3.0,25.0,40.12,2.0,2.0,16.67,26.74,2.0,2.0,16.67,26.74,3.0,3.0,25.0,40.12,1.0,1.0,8.33,13.37,0.0,0.0,0.0,0.0,0.0,0.0,0.0,0.0,1.0,1.0,8.33,13.37,1.0,1.0,8.33,13.37,2.0,2.0,16.67,26.74,1.0,1.0,8.33,13.37,0.0,0.0,0.0,0.0,1.0,1.0,8.33,13.37,0.0,0.0,0.0,0.0,1.0,1.0,8.33,13.37,1.0,1.0,8.33,13.37,2.0,2.0,16.67,26.74,58.33,25.0,33.33,106.98,4.0,4.0,33.33,2.69,2.69,0.7,0.7,1.0,0.33,,0.0,0.33,0.5,0.33,0.4,0.0,8.33,0.08,16.67,0.0
4,高雄全家海神,108|118|123|4181,魏莨哲/蘇文儒/勤明慶/艾德,1,17,23.0,284.15,4.74,04:44,284.15,4.74,04:44,10.0,10.0,43.48,76.02,6.0,6.0,26.09,45.61,11.0,11.0,47.83,83.62,4.0,4.0,17.39,30.41,5.0,5.0,21.74,38.01,2.0,2.0,8.7,15.2,6.0,6.0,26.09,45.61,2.0,2.0,8.7,15.2,0.0,0.0,0.0,0.0,0.0,0.0,0.0,0.0,3.0,3.0,13.04,22.81,4.0,4.0,17.39,30.41,2.0,2.0,8.7,15.2,1.0,1.0,4.35,7.6,0.0,0.0,0.0,0.0,2.0,2.0,8.7,15.2,0.0,0.0,0.0,0.0,2.0,2.0,8.7,15.2,1.0,1.0,4.35,7.6,4.0,4.0,17.39,30.41,43.48,26.09,17.39,116.56,4.0,4.0,17.39,4.74,4.74,0.45,0.45,0.4,0.33,,0.0,0.5,0.75,0.67,0.7,0.0,8.7,0.04,17.39,0.0
4,高雄全家海神,116|118|123|4181,呂威霆/蘇文儒/勤明慶/艾德,1,9,12.0,161.53,2.69,02:42,161.53,2.69,02:42,7.0,7.0,58.33,93.6,3.0,3.0,25.0,40.12,5.0,5.0,41.67,66.86,3.0,3.0,25.0,40.12,2.0,2.0,16.67,26.74,2.0,2.0,16.67,26.74,3.0,3.0,25.0,40.12,1.0,1.0,8.33,13.37,0.0,0.0,0.0,0.0,0.0,0.0,0.0,0.0,1.0,1.0,8.33,13.37,1.0,1.0,8.33,13.37,2.0,2.0,16.67,26.74,1.0,1.0,8.33,13.37,0.0,0.0,0.0,0.0,1.0,1.0,8.33,13.37,0.0,0.0,0.0,0.0,1.0,1.0,8.33,13.37,1.0,1.0,8.33,13.37,2.0,2.0,16.67,26.74,58.33,25.0,33.33,106.98,4.0,4.0,33.33,2.69,2.69,0.7,0.7,1.0,0.33,,0.0,0.33,0.5,0.33,0.4,0.0,8.33,0.08,16.67,0.0
4,高雄全家海神,45|51|116|4181,施晉堯/克力斯/呂威霆/艾德,2,62,67.0,1072.55,17.88,17:53,536.28,8.94,08:56,41.0,20.5,61.19,82.57,44.0,22.0,65.67,88.61,24.0,12.0,35.82,48.33,15.0,7.5,22.39,30.21,14.0,7.0,20.9,28.19,8.0,4.0,11.94,16.11,10.0,5.0,14.93,20.14,7.0,3.5,10.45,14.1,5.0,2.5,7.46,10.07,4.0,2.0,5.97,8.06,1.0,0.5,1.49,2.01,10.0,5.0,14.93,20.14,1.0,0.5,1.49,2.01,14.0,7.0,20.9,28.19,5.0,2.5,7.46,10.07,12.0,6.0,17.91,24.17,5.0,2.5,7.46,10.07,0.0,0.0,0.0,0.0,4.0,2.0,5.97,8.06,3.0,1.5,4.48,6.04,61.19,65.67,-4.48,89.95,-3.0,-1.5,-4.48,17.88,8.94,0.77,0.78,0.57,0.7,0.8,0.16,0.8,0.07,0.91,0.42,7.46,0.0,0.06,4.48,0.21
4,高雄全家海神,45|51|121|4181,施晉堯/克力斯/吳曉謹/艾德,1,5,8.0,98.4,1.64,01:38,98.4,1.64,01:38,1.0,1.0,12.5,21.95,3.0,3.0,37.5,65.86,2.0,2.0,25.0,43.9,0.0,0.0,0.0,0.0,2.0,2.0,25.0,43.9,0.0,0.0,0.0,0.0,0.0,0.0,0.0,0.0,0.0,0.0,0.0,0.0,2.0,2.0,25.0,43.9,1.0,1.0,12.5,21.95,1.0,1.0,12.5,21.95,2.0,2.0,25.0,43.9,0.0,0.0,0.0,0.0,2.0,2.0,25.0,43.9,1.0,1.0,12.5,21.95,1.0,1.0,12.5,21.95,1.0,1.0,12.5,21.95,0.0,0.0,0.0,0.0,1.0,1.0,12.5,21.95,0.0,0.0,0.0,0.0,12.5,37.5,-25.0,117.08,-2.0,-2.0,-25.0,1.64,1.64,0.0,0.17,0.0,,0.5,0.26,,0.33,1.0,0.6,12.5,0.0,0.12,0.0,1.0
4,高雄全家海神,45|116|121|4181,施晉堯/呂威霆/吳曉謹/艾德,2,7,10.0,127.96,2.13,02:08,63.98,1.07,01:04,1.0,0.5,10.0,16.88,3.0,1.5,30.0,50.64,2.0,1.0,20.0,33.76,0.0,0.0,0.0,0.0,2.0,1.0,20.0,33.76,0.0,0.0,0.0,0.0,0.0,0.0,0.0,0.0,0.0,0.0,0.0,0.0,4.0,2.0,40.0,67.52,1.0,0.5,10.0,16.88,1.0,0.5,10.0,16.88,3.0,1.5,30.0,50.64,0.0,0.0,0.0,0.0,3.0,1.5,30.0,50.64,1.0,0.5,10.0,16.88,1.0,0.5,10.0,16.88,1.0,0.5,10.0,16.88,0.0,0.0,0.0,0.0,1.0,0.5,10.0,16.88,0.0,0.0,0.0,0.0,10.0,30.0,-20.0,112.53,-2.0,-1.0,-20.0,2.13,1.07,0.0,0.13,0.0,,0.25,0.21,,0.25,1.0,0.57,10.0,0.0,0.1,0.0,2.0
4,高雄全家海神,45|116|118|4181,施晉堯/呂威霆/蘇文儒/艾德,4,27,31.0,444.89,7.41,07:25,111.22,1.85,01:51,7.0,1.75,22.58,33.99,12.0,3.0,38.71,58.26,13.0,3.25,41.94,63.12,2.0,0.5,6.45,9.71,6.0,1.5,19.35,29.13,0.0,0.0,0.0,0.0,7.0,1.75,22.58,33.99,2.0,0.5,6.45,9.71,4.0,1.0,12.9,19.42,1.0,0.25,3.23,4.86,1.0,0.25,3.23,4.86,10.0,2.5,32.26,48.55,2.0,0.5,6.45,9.71,7.0,1.75,22.58,33.99,1.0,0.25,3.23,4.86,2.0,0.5,6.45,9.71,1.0,0.25,3.23,4.86,2.0,0.5,6.45,9.71,2.0,0.5,6.45,9.71,8.0,2.0,25.81,38.84,22.58,38.71,-16.13,100.34,-5.0,-1.25,-16.13,7.41,1.85,0.23,0.24,0.0,0.29,0.25,0.06,1.0,0.12,0.83,0.55,3.23,6.45,0.06,25.81,0.31
4,高雄全家海神,45|116|118|13399,施晉堯/呂威霆/蘇文儒/賽克維奇,1,19,21.0,304.0,5.07,05:04,304.0,5.07,05:04,6.0,6.0,28.57,42.63,8.0,8.0,38.1,56.84,9.0,9.0,42.86,63.95,2.0,2.0,9.52,14.21,5.0,5.0,23.81,35.53,2.0,2.0,9.52,14.21,4.0,4.0,19.05,28.42,0.0,0.0,0.0,0.0,4.0,4.0,19.05,28.42,2.0,2.0,9.52,14.21,2.0,2.0,9.52,14.21,5.0,5.0,23.81,35.53,0.0,0.0,0.0,0.0,3.0,3.0,14.29,21.32,2.0,2.0,9.52,14.21,0.0,0.0,0.0,0.0,1.0,1.0,4.76,7.11,0.0,0.0,0.0,0.0,2.0,2.0,9.52,14.21,2.0,2.0,9.52,14.21,28.57,38.1,-9.52,99.47,-2.0,-2.0,-9.52,5.07,5.07,0.22,0.28,0.4,0.0,0.5,0.16,0.0,0.4,1.0,0.7,4.76,0.0,0.1,9.52,0.44
4,高雄全家海神,45|116|4181|13399,施晉堯/呂威霆/艾德/賽克維奇,1,5,6.0,109.0,1.82,01:49,109.0,1.82,01:49,0.0,0.0,0.0,0.0,3.0,3.0,50.0,59.45,4.0,4.0,66.67,79.27,0.0,0.0,0.0,0.0,2.0,2.0,33.33,39.63,0.0,0.0,0.0,0.0,2.0,2.0,33.33,39.63,0.0,0.0,0.0,0.0,0.0,0.0,0.0,0.0,0.0,0.0,0.0,0.0,1.0,1.0,16.67,19.82,3.0,3.0,50.0,59.45,0.0,0.0,0.0,0.0,1.0,1.0,16.67,19.82,0.0,0.0,0.0,0.0,0.0,0.0,0.0,0.0,0.0,0.0,0.0,0.0,0.0,0.0,0.0,0.0,0.0,0.0,0.0,0.0,0.0,0.0,0.0,0.0,0.0,50.0,-50.0,79.27,-3.0,-3.0,-50.0,1.82,1.82,0.0,0.0,0.0,0.0,,0.0,,0.5,1.0,0.8,0.0,0.0,0.0,0.0,0.0
4,高雄全家海神,45|118|4181|13399,施晉堯/蘇文儒/艾德/賽克維奇,1,5,6.0,109.0,1.82,01:49,109.0,1.82,01:49,0.0,0.0,0.0,0.0,3.0,3.0,50.0,59.45,4.0,4.0,66.67,79.27,0.0,0.0,0.0,0.0,2.0,2.0,33.33,39.63,0.0,0.0,0.0,0.0,2.0,2.0,33.33,39.63,0.0,0.0,0.0,0.0,0.0,0.0,0.0,0.0,0.0,0.0,0.0,0.0,1.0,1.0,16.67,19.82,3.0,3.0,50.0,59.45,0.0,0.0,0.0,0.0,1.0,1.0,16.67,19.82,0.0,0.0,0.0,0.0,0.0,0.0,0.0,0.0,0.0,0.0,0.0,0.0,0.0,0.0,0.0,0.0,0.0,0.0,0.0,0.0,0.0,0.0,0.0,0.0,0.0,50.0,-50.0,79.27,-3.0,-3.0,-50.0,1.82,1.82,0.0,0.0,0.0,0.0,,0.0,,0.5,1.0,0.8,0.0,0.0,0.0,0.0,0.0
4,高雄全家海神,108|118|121|4181,魏莨哲/蘇文儒/吳曉謹/艾德,2,12,15.0,184.62,3.08,03:05,92.31,1.54,01:32,3.0,1.5,20.0,35.1,6.0,3.0,40.0,70.2,6.0,3.0,40.0,70.2,1.0,0.5,6.67,11.7,3.0,1.5,20.0,35.1,0.0,0.0,0.0,0.0,3.0,1.5,20.0,35.1,1.0,0.5,6.67,11.7,0.0,0.0,0.0,0.0,0.0,0.0,0.0,0.0,2.0,1.0,13.33,23.4,3.0,1.5,20.0,35.1,0.0,0.0,0.0,0.0,1.0,0.5,6.67,11.7,2.0,1.0,13.33,23.4,1.0,0.5,6.67,11.7,2.0,1.0,13.33,23.4,1.0,0.5,6.67,11.7,0.0,0.0,0.0,0.0,2.0,1.0,13.33,23.4,20.0,40.0,-20.0,117.0,-3.0,-1.5,-20.0,3.08,1.54,0.25,0.25,0.0,0.33,,0.25,1.0,0.67,1.0,0.83,13.33,6.67,0.0,13.33,0.0
4,高雄全家海神,108|121|123|4181,魏莨哲/吳曉謹/勤明慶/艾德,1,8,11.0,122.62,2.04,02:03,122.62,2.04,02:03,3.0,3.0,27.27,52.85,3.0,3.0,27.27,52.85,6.0,6.0,54.55,105.7,1.0,1.0,9.09,17.62,3.0,3.0,27.27,52.85,0.0,0.0,0.0,0.0,3.0,3.0,27.27,52.85,1.0,1.0,9.09,17.62,0.0,0.0,0.0,0.0,0.0,0.0,0.0,0.0,2.0,2.0,18.18,35.23,3.0,3.0,27.27,52.85,0.0,0.0,0.0,0.0,0.0,0.0,0.0,0.0,0.0,0.0,0.0,0.0,1.0,1.0,9.09,17.62,0.0,0.0,0.0,0.0,1.0,1.0,9.09,17.62,0.0,0.0,0.0,0.0,2.0,2.0,18.18,35.23,27.27,27.27,0.0,129.18,0.0,0.0,0.0,2.04,2.04,0.25,0.25,0.0,0.33,,0.0,1.0,1.0,1.0,1.0,0.0,9.09,0.0,18.18,0.0
4,高雄全家海神,45|51|118|13399,施晉堯/克力斯/蘇文儒/賽克維奇,1,2,2.0,16.0,0.27,00:16,16.0,0.27,00:16,0.0,0.0,0.0,0.0,2.0,2.0,100.0,270.0,0.0,0.0,0.0,0.0,0.0,0.0,0.0,0.0,0.0,0.0,0.0,0.0,0.0,0.0,0.0,0.0,0.0,0.0,0.0,0.0,0.0,0.0,0.0,0.0,0.0,0.0,0.0,0.0,0.0,0.0,0.0,0.0,0.0,0.0,0.0,0.0,0.0,0.0,0.0,0.0,0.0,0.0,0.0,0.0,0.0,0.0,0.0,0.0,1.0,1.0,50.0,135.0,0.0,0.0,0.0,0.0,1.0,1.0,50.0,135.0,0.0,0.0,0.0,0.0,0.0,0.0,0.0,0.0,2.0,2.0,100.0,270.0,0.0,100.0,-100.0,180.0,-2.0,-2.0,-100.0,0.27,0.27,,,,,,1.0,,,,,50.0,0.0,0.0,100.0,
4,高雄全家海神,45|110|118|13399,施晉堯/胡瓏貿/蘇文儒/賽克維奇,1,2,2.0,16.0,0.27,00:16,16.0,0.27,00:16,0.0,0.0,0.0,0.0,2.0,2.0,100.0,270.0,0.0,0.0,0.0,0.0,0.0,0.0,0.0,0.0,0.0,0.0,0.0,0.0,0.0,0.0,0.0,0.0,0.0,0.0,0.0,0.0,0.0,0.0,0.0,0.0,0.0,0.0,0.0,0.0,0.0,0.0,0.0,0.0,0.0,0.0,0.0,0.0,0.0,0.0,0.0,0.0,0.0,0.0,0.0,0.0,0.0,0.0,0.0,0.0,1.0,1.0,50.0,135.0,0.0,0.0,0.0,0.0,1.0,1.0,50.0,135.0,0.0,0.0,0.0,0.0,0.0,0.0,0.0,0.0,2.0,2.0,100.0,270.0,0.0,100.0,-100.0,180.0,-2.0,-2.0,-100.0,0.27,0.27,,,,,,1.0,,,,,50.0,0.0,0.0,100.0,
4,高雄全家海神,45|110|118|4181,施晉堯/胡瓏貿/蘇文儒/艾德,4,47,58.0,868.95,14.48,14:29,217.24,3.62,03:37,31.0,7.75,53.45,77.06,32.0,8.0,55.17,79.54,22.0,5.5,37.93,54.69,11.0,2.75,18.97,27.34,11.0,2.75,18.97,27.34,6.0,1.5,10.34,14.91,11.0,2.75,18.97,27.34,5.0,1.25,8.62,12.43,6.0,1.5,10.34,14.91,4.0,1.0,6.9,9.94,6.0,1.5,10.34,14.91,6.0,1.5,10.34,14.91,4.0,1.0,6.9,9.94,7.0,1.75,12.07,17.4,5.0,1.25,8.62,12.43,8.0,2.0,13.79,19.89,3.0,0.75,5.17,7.46,2.0,0.5,3.45,4.97,5.0,1.25,8.62,12.43,6.0,1.5,10.34,14.91,53.45,55.17,-1.72,96.12,-1.0,-0.25,-1.72,14.48,3.62,0.61,0.63,0.55,0.45,0.67,0.17,0.73,0.46,0.6,0.52,5.17,3.45,0.09,10.34,0.27
4,高雄全家海神,45|110|121|4181,施晉堯/胡瓏貿/吳曉謹/艾德,3,27,31.0,509.43,8.49,08:29,169.81,2.83,02:50,14.0,4.67,45.16,59.36,19.0,6.33,61.29,80.56,12.0,4.0,38.71,50.88,6.0,2.0,19.35,25.44,6.0,2.0,19.35,25.44,4.0,1.33,12.9,16.96,6.0,2.0,19.35,25.44,2.0,0.67,6.45,8.48,0.0,0.0,0.0,0.0,0.0,0.0,0.0,0.0,3.0,1.0,9.68,12.72,3.0,1.0,9.68,12.72,1.0,0.33,3.23,4.24,4.0,1.33,12.9,16.96,4.0,1.33,12.9,16.96,5.0,1.67,16.13,21.2,2.0,0.67,6.45,8.48,0.0,0.0,0.0,0.0,3.0,1.0,9.68,12.72,2.0,0.67,6.45,8.48,45.16,61.29,-16.13,87.63,-5.0,-1.67,-16.13,8.49,2.83,0.58,0.58,0.67,0.33,,0.25,0.83,0.43,0.75,0.55,6.45,0.0,0.1,6.45,0.0
4,高雄全家海神,45|118|121|4181,施晉堯/蘇文儒/吳曉謹/艾德,2,28,32.0,514.99,8.58,08:35,257.5,4.29,04:17,14.0,7.0,43.75,58.72,19.0,9.5,59.38,79.69,12.0,6.0,37.5,50.33,6.0,3.0,18.75,25.17,6.0,3.0,18.75,25.17,4.0,2.0,12.5,16.78,6.0,3.0,18.75,25.17,2.0,1.0,6.25,8.39,2.0,1.0,6.25,8.39,0.0,0.0,0.0,0.0,3.0,1.5,9.38,12.58,4.0,2.0,12.5,16.78,1.0,0.5,3.12,4.19,5.0,2.5,15.62,20.97,4.0,2.0,12.5,16.78,5.0,2.5,15.62,20.97,2.0,1.0,6.25,8.39,0.0,0.0,0.0,0.0,3.0,1.5,9.38,12.58,2.0,1.0,6.25,8.39,43.75,59.38,-15.62,89.48,-5.0,-2.5,-15.62,8.58,4.29,0.58,0.54,0.67,0.33,0.0,0.24,0.83,0.38,0.8,0.54,6.25,0.0,0.09,6.25,0.17
4,高雄全家海神,110|118|121|123,胡瓏貿/蘇文儒/吳曉謹/勤明慶,1,4,4.0,64.52,1.08,01:05,64.52,1.08,01:05,3.0,3.0,75.0,100.44,3.0,3.0,75.0,100.44,2.0,2.0,50.0,66.96,1.0,1.0,25.0,33.48,0.0,0.0,0.0,0.0,0.0,0.0,0.0,0.0,2.0,2.0,50.0,66.96,1.0,1.0,25.0,33.48,0.0,0.0,0.0,0.0,0.0,0.0,0.0,0.0,0.0,0.0,0.0,0.0,1.0,1.0,25.0,33.48,0.0,0.0,0.0,0.0,1.0,1.0,25.0,33.48,0.0,0.0,0.0,0.0,0.0,0.0,0.0,0.0,0.0,0.0,0.0,0.0,0.0,0.0,0.0,0.0,0.0,0.0,0.0,0.0,0.0,0.0,0.0,0.0,75.0,75.0,0.0,89.28,0.0,0.0,0.0,1.08,1.08,0.75,0.75,,0.5,,0.0,0.0,0.0,1.0,0.5,0.0,0.0,0.0,0.0,0.0
4,高雄全家海神,110|118|123|4181,胡瓏貿/蘇文儒/勤明慶/艾德,1,4,4.0,64.52,1.08,01:05,64.52,1.08,01:05,3.0,3.0,75.0,100.44,3.0,3.0,75.0,100.44,2.0,2.0,50.0,66.96,1.0,1.0,25.0,33.48,0.0,0.0,0.0,0.0,0.0,0.0,0.0,0.0,2.0,2.0,50.0,66.96,1.0,1.0,25.0,33.48,0.0,0.0,0.0,0.0,0.0,0.0,0.0,0.0,0.0,0.0,0.0,0.0,1.0,1.0,25.0,33.48,0.0,0.0,0.0,0.0,1.0,1.0,25.0,33.48,0.0,0.0,0.0,0.0,0.0,0.0,0.0,0.0,0.0,0.0,0.0,0.0,0.0,0.0,0.0,0.0,0.0,0.0,0.0,0.0,0.0,0.0,0.0,0.0,75.0,75.0,0.0,89.28,0.0,0.0,0.0,1.08,1.08,0.75,0.75,,0.5,,0.0,0.0,0.0,1.0,0.5,0.0,0.0,0.0,0.0,0.0
4,高雄全家海神,110|121|123|4181,胡瓏貿/吳曉謹/勤明慶/艾德,1,19,23.0,285.54,4.76,04:46,285.54,4.76,04:46,12.0,12.0,52.17,90.78,14.0,14.0,60.87,105.9,4.0,4.0,17.39,30.26,3.0,3.0,13.04,22.69,1.0,1.0,4.35,7.56,1.0,1.0,4.35,7.56,3.0,3.0,13.04,22.69,2.0,2.0,8.7,15.13,5.0,5.0,21.74,37.82,4.0,4.0,17.39,30.26,0.0,0.0,0.0,0.0,2.0,2.0,8.7,15.13,2.0,2.0,8.7,15.13,3.0,3.0,13.04,22.69,3.0,3.0,13.04,22.69,3.0,3.0,13.04,22.69,1.0,1.0,4.35,7.56,0.0,0.0,0.0,0.0,3.0,3.0,13.04,22.69,4.0,4.0,17.39,30.26,52.17,60.87,-8.7,115.99,-2.0,-2.0,-8.7,4.76,4.76,1.0,0.97,1.0,0.67,0.8,0.33,1.0,0.0,0.5,0.29,4.35,0.0,0.13,17.39,1.25
4,新北中信特攻,40|47|104|113,謝亞軒/曾文鼎/貝奇/林任鴻,1,11,13.0,144.03,2.4,02:24,144.03,2.4,02:24,6.0,6.0,46.15,89.98,7.0,7.0,53.85,104.98,4.0,4.0,30.77,59.99,1.0,1.0,7.69,15.0,4.0,4.0,30.77,59.99,1.0,1.0,7.69,15.0,0.0,0.0,0.0,0.0,0.0,0.0,0.0,0.0,4.0,4.0,30.77,59.99,4.0,4.0,30.77,59.99,1.0,1.0,7.69,15.0,2.0,2.0,15.38,29.99,0.0,0.0,0.0,0.0,0.0,0.0,0.0,0.0,2.0,2.0,15.38,29.99,1.0,1.0,7.69,15.0,1.0,1.0,7.69,15.0,1.0,1.0,7.69,15.0,1.0,1.0,7.69,15.0,2.0,2.0,15.38,29.99,46.15,53.85,-7.69,129.98,-1.0,-1.0,-7.69,2.4,2.4,0.25,0.52,0.25,,1.0,0.26,1.0,1.0,1.0,1.0,7.69,7.69,0.08,15.38,1.0
4,新北中信特攻,40|47|113|10879,謝亞軒/曾文鼎/林任鴻/簡廷兆,1,11,13.0,144.03,2.4,02:24,144.03,2.4,02:24,6.0,6.0,46.15,89.98,7.0,7.0,53.85,104.98,4.0,4.0,30.77,59.99,1.0,1.0,7.69,15.0,4.0,4.0,30.77,59.99,1.0,1.0,7.69,15.0,0.0,0.0,0.0,0.0,0.0,0.0,0.0,0.0,4.0,4.0,30.77,59.99,4.0,4.0,30.77,59.99,1.0,1.0,7.69,15.0,2.0,2.0,15.38,29.99,0.0,0.0,0.0,0.0,0.0,0.0,0.0,0.0,2.0,2.0,15.38,29.99,1.0,1.0,7.69,15.0,1.0,1.0,7.69,15.0,1.0,1.0,7.69,15.0,1.0,1.0,7.69,15.0,2.0,2.0,15.38,29.99,46.15,53.85,-7.69,129.98,-1.0,-1.0,-7.69,2.4,2.4,0.25,0.52,0.25,,1.0,0.26,1.0,1.0,1.0,1.0,7.69,7.69,0.08,15.38,1.0
4,新北中信特攻,40|104|113|10879,謝亞軒/貝奇/林任鴻/簡廷兆,2,13,16.0,194.1,3.24,03:14,97.05,1.62,01:37,9.0,4.5,56.25,100.15,7.0,3.5,43.75,77.9,5.0,2.5,31.25,55.64,2.0,1.0,12.5,22.26,4.0,2.0,25.0,44.51,1.0,0.5,6.25,11.13,1.0,0.5,6.25,11.13,1.0,0.5,6.25,11.13,5.0,2.5,31.25,55.64,4.0,2.0,25.0,44.51,1.0,0.5,6.25,11.13,3.0,1.5,18.75,33.38,0.0,0.0,0.0,0.0,1.0,0.5,6.25,11.13,2.0,1.0,12.5,22.26,1.0,0.5,6.25,11.13,1.0,0.5,6.25,11.13,1.0,0.5,6.25,11.13,2.0,1.0,12.5,22.26,3.0,1.5,18.75,33.38,56.25,43.75,12.5,118.7,2.0,1.0,12.5,3.24,1.62,0.5,0.62,0.25,1.0,0.8,0.22,0.5,0.5,1.0,0.8,6.25,6.25,0.12,18.75,1.0
4,新北中信特攻,47|104|113|10879,曾文鼎/貝奇/林任鴻/簡廷兆,2,17,20.0,240.03,4.0,04:00,120.01,2.0,02:00,9.0,4.5,45.0,80.99,9.0,4.5,45.0,80.99,7.0,3.5,35.0,62.99,2.0,1.0,10.0,18.0,5.0,2.5,25.0,45.0,1.0,0.5,5.0,9.0,2.0,1.0,10.0,18.0,1.0,0.5,5.0,9.0,4.0,2.0,20.0,36.0,4.0,2.0,20.0,36.0,1.0,0.5,5.0,9.0,4.0,2.0,20.0,36.0,1.0,0.5,5.0,9.0,1.0,0.5,5.0,9.0,2.0,1.0,10.0,18.0,2.0,1.0,10.0,18.0,1.0,0.5,5.0,9.0,1.0,0.5,5.0,9.0,2.0,1.0,10.0,18.0,4.0,2.0,20.0,36.0,45.0,45.0,0.0,119.99,0.0,0.0,0.0,4.0,2.0,0.36,0.51,0.2,0.5,1.0,0.19,1.0,0.5,0.8,0.71,5.0,5.0,0.1,20.0,0.57
4,高雄全家海神,110|121|123|10891,胡瓏貿/吳曉謹/勤明慶/廖偉皓,1,15,19.0,221.03,3.68,03:41,221.03,3.68,03:41,9.0,9.0,47.37,87.95,11.0,11.0,57.89,107.5,2.0,2.0,10.53,19.55,2.0,2.0,10.53,19.55,1.0,1.0,5.26,9.77,1.0,1.0,5.26,9.77,1.0,1.0,5.26,9.77,1.0,1.0,5.26,9.77,5.0,5.0,26.32,48.86,4.0,4.0,21.05,39.09,0.0,0.0,0.0,0.0,1.0,1.0,5.26,9.77,2.0,2.0,10.53,19.55,2.0,2.0,10.53,19.55,3.0,3.0,15.79,29.32,3.0,3.0,15.79,29.32,1.0,1.0,5.26,9.77,0.0,0.0,0.0,0.0,3.0,3.0,15.79,29.32,4.0,4.0,21.05,39.09,47.37,57.89,-10.53,123.79,-2.0,-2.0,-10.53,3.68,3.68,1.25,1.07,1.0,1.0,0.8,0.42,1.5,0.0,0.33,0.2,5.26,0.0,0.16,21.05,2.5
4,高雄全家海神,110|121|4181|10891,胡瓏貿/吳曉謹/艾德/廖偉皓,1,15,19.0,221.03,3.68,03:41,221.03,3.68,03:41,9.0,9.0,47.37,87.95,11.0,11.0,57.89,107.5,2.0,2.0,10.53,19.55,2.0,2.0,10.53,19.55,1.0,1.0,5.26,9.77,1.0,1.0,5.26,9.77,1.0,1.0,5.26,9.77,1.0,1.0,5.26,9.77,5.0,5.0,26.32,48.86,4.0,4.0,21.05,39.09,0.0,0.0,0.0,0.0,1.0,1.0,5.26,9.77,2.0,2.0,10.53,19.55,2.0,2.0,10.53,19.55,3.0,3.0,15.79,29.32,3.0,3.0,15.79,29.32,1.0,1.0,5.26,9.77,0.0,0.0,0.0,0.0,3.0,3.0,15.79,29.32,4.0,4.0,21.05,39.09,47.37,57.89,-10.53,123.79,-2.0,-2.0,-10.53,3.68,3.68,1.25,1.07,1.0,1.0,0.8,0.42,1.5,0.0,0.33,0.2,5.26,0.0,0.16,21.05,2.5
4,高雄全家海神,110|123|4181|10891,胡瓏貿/勤明慶/艾德/廖偉皓,1,28,32.0,418.03,6.97,06:58,418.03,6.97,06:58,18.0,18.0,56.25,93.01,16.0,16.0,50.0,82.67,4.0,4.0,12.5,20.67,4.0,4.0,12.5,20.67,1.0,1.0,3.12,5.17,1.0,1.0,3.12,5.17,3.0,3.0,9.38,15.5,3.0,3.0,9.38,15.5,9.0,9.0,28.12,46.5,7.0,7.0,21.88,36.17,0.0,0.0,0.0,0.0,1.0,1.0,3.12,5.17,2.0,2.0,6.25,10.33,5.0,5.0,15.62,25.84,5.0,5.0,15.62,25.84,5.0,5.0,15.62,25.84,3.0,3.0,9.38,15.5,0.0,0.0,0.0,0.0,5.0,5.0,15.62,25.84,4.0,4.0,12.5,20.67,56.25,50.0,6.25,110.23,2.0,2.0,6.25,6.97,6.97,1.38,1.13,1.0,1.0,0.78,0.39,1.25,0.0,0.33,0.12,9.38,0.0,0.16,12.5,2.25
4,高雄全家海神,121|123|4181|10891,吳曉謹/勤明慶/艾德/廖偉皓,1,15,19.0,221.03,3.68,03:41,221.03,3.68,03:41,9.0,9.0,47.37,87.95,11.0,11.0,57.89,107.5,2.0,2.0,10.53,19.55,2.0,2.0,10.53,19.55,1.0,1.0,5.26,9.77,1.0,1.0,5.26,9.77,1.0,1.0,5.26,9.77,1.0,1.0,5.26,9.77,5.0,5.0,26.32,48.86,4.0,4.0,21.05,39.09,0.0,0.0,0.0,0.0,1.0,1.0,5.26,9.77,2.0,2.0,10.53,19.55,2.0,2.0,10.53,19.55,3.0,3.0,15.79,29.32,3.0,3.0,15.79,29.32,1.0,1.0,5.26,9.77,0.0,0.0,0.0,0.0,3.0,3.0,15.79,29.32,4.0,4.0,21.05,39.09,47.37,57.89,-10.53,123.79,-2.0,-2.0,-10.53,3.68,3.68,1.25,1.07,1.0,1.0,0.8,0.42,1.5,0.0,0.33,0.2,5.26,0.0,0.16,21.05,2.5
4,新北中信特攻,39|48|104|113,魏嘉豪/李沛澄/貝奇/林任鴻,1,43,46.0,625.0,10.42,10:25,625.0,10.42,10:25,23.0,23.0,50.0,79.49,22.0,22.0,47.83,76.03,18.0,18.0,39.13,62.21,9.0,9.0,19.57,31.1,11.0,11.0,23.91,38.02,5.0,5.0,10.87,17.28,7.0,7.0,15.22,24.19,4.0,4.0,8.7,13.82,2.0,2.0,4.35,6.91,1.0,1.0,2.17,3.46,1.0,1.0,2.17,3.46,8.0,8.0,17.39,27.65,1.0,1.0,2.17,3.46,6.0,6.0,13.04,20.74,3.0,3.0,6.52,10.37,7.0,7.0,15.22,24.19,3.0,3.0,6.52,10.37,1.0,1.0,2.17,3.46,1.0,1.0,2.17,3.46,11.0,11.0,23.91,38.02,50.0,47.83,2.17,105.98,1.0,1.0,2.17,10.42,10.42,0.61,0.61,0.45,0.57,0.5,0.14,0.78,0.14,0.89,0.56,6.52,2.17,0.02,23.91,0.11
4,新北中信特攻,39|48|104|10881,魏嘉豪/李沛澄/貝奇/飛克,1,31,34.0,469.0,7.82,07:49,469.0,7.82,07:49,15.0,15.0,44.12,69.08,17.0,17.0,50.0,78.29,12.0,12.0,35.29,55.27,6.0,6.0,17.65,27.63,9.0,9.0,26.47,41.45,4.0,4.0,11.76,18.42,3.0,3.0,8.82,13.82,2.0,2.0,5.88,9.21,2.0,2.0,5.88,9.21,1.0,1.0,2.94,4.61,1.0,1.0,2.94,4.61,5.0,5.0,14.71,23.03,1.0,1.0,2.94,4.61,3.0,3.0,8.82,13.82,3.0,3.0,8.82,13.82,5.0,5.0,14.71,23.03,3.0,3.0,8.82,13.82,1.0,1.0,2.94,4.61,1.0,1.0,2.94,4.61,11.0,11.0,32.35,50.66,44.12,50.0,-5.88,104.39,-2.0,-2.0,-5.88,7.82,7.82,0.58,0.58,0.44,0.67,0.5,0.19,0.83,0.25,0.83,0.6,8.82,2.94,0.03,32.35,0.17
4,新北中信特攻,39|48|113|10881,魏嘉豪/李沛澄/林任鴻/飛克,1,31,34.0,469.0,7.82,07:49,469.0,7.82,07:49,15.0,15.0,44.12,69.08,17.0,17.0,50.0,78.29,12.0,12.0,35.29,55.27,6.0,6.0,17.65,27.63,9.0,9.0,26.47,41.45,4.0,4.0,11.76,18.42,3.0,3.0,8.82,13.82,2.0,2.0,5.88,9.21,2.0,2.0,5.88,9.21,1.0,1.0,2.94,4.61,1.0,1.0,2.94,4.61,5.0,5.0,14.71,23.03,1.0,1.0,2.94,4.61,3.0,3.0,8.82,13.82,3.0,3.0,8.82,13.82,5.0,5.0,14.71,23.03,3.0,3.0,8.82,13.82,1.0,1.0,2.94,4.61,1.0,1.0,2.94,4.61,11.0,11.0,32.35,50.66,44.12,50.0,-5.88,104.39,-2.0,-2.0,-5.88,7.82,7.82,0.58,0.58,0.44,0.67,0.5,0.19,0.83,0.25,0.83,0.6,8.82,2.94,0.03,32.35,0.17
4,新北中信特攻,48|104|113|10881,李沛澄/貝奇/林任鴻/飛克,1,31,34.0,469.0,7.82,07:49,469.0,7.82,07:49,15.0,15.0,44.12,69.08,17.0,17.0,50.0,78.29,12.0,12.0,35.29,55.27,6.0,6.0,17.65,27.63,9.0,9.0,26.47,41.45,4.0,4.0,11.76,18.42,3.0,3.0,8.82,13.82,2.0,2.0,5.88,9.21,2.0,2.0,5.88,9.21,1.0,1.0,2.94,4.61,1.0,1.0,2.94,4.61,5.0,5.0,14.71,23.03,1.0,1.0,2.94,4.61,3.0,3.0,8.82,13.82,3.0,3.0,8.82,13.82,5.0,5.0,14.71,23.03,3.0,3.0,8.82,13.82,1.0,1.0,2.94,4.61,1.0,1.0,2.94,4.61,11.0,11.0,32.35,50.66,44.12,50.0,-5.88,104.39,-2.0,-2.0,-5.88,7.82,7.82,0.58,0.58,0.44,0.67,0.5,0.19,0.83,0.25,0.83,0.6,8.82,2.94,0.03,32.35,0.17
4,高雄全家海神,45|108|116|118,施晉堯/魏莨哲/呂威霆/蘇文儒,2,21,24.0,303.47,5.06,05:03,151.74,2.53,02:32,7.0,3.5,29.17,49.82,11.0,5.5,45.83,78.29,7.0,3.5,29.17,49.82,2.0,1.0,8.33,14.24,4.0,2.0,16.67,28.47,2.0,1.0,8.33,14.24,3.0,1.5,12.5,21.35,0.0,0.0,0.0,0.0,6.0,3.0,25.0,42.71,3.0,1.5,12.5,21.35,3.0,1.5,12.5,21.35,3.0,1.5,12.5,21.35,0.0,0.0,0.0,0.0,2.0,1.0,8.33,14.24,4.0,2.0,16.67,28.47,0.0,0.0,0.0,0.0,3.0,1.5,12.5,21.35,0.0,0.0,0.0,0.0,3.0,1.5,12.5,21.35,4.0,2.0,16.67,28.47,29.17,45.83,-16.67,113.88,-4.0,-2.0,-16.67,5.06,2.53,0.29,0.36,0.5,0.0,0.5,0.29,0.0,0.6,1.0,0.75,12.5,0.0,0.12,16.67,0.86
4,高雄全家海神,45|108|116|13399,施晉堯/魏莨哲/呂威霆/賽克維奇,1,14,15.0,195.0,3.25,03:15,195.0,3.25,03:15,6.0,6.0,40.0,66.46,5.0,5.0,33.33,55.38,5.0,5.0,33.33,55.38,2.0,2.0,13.33,22.15,3.0,3.0,20.0,33.23,2.0,2.0,13.33,22.15,2.0,2.0,13.33,22.15,0.0,0.0,0.0,0.0,4.0,4.0,26.67,44.31,2.0,2.0,13.33,22.15,1.0,1.0,6.67,11.08,2.0,2.0,13.33,22.15,0.0,0.0,0.0,0.0,2.0,2.0,13.33,22.15,2.0,2.0,13.33,22.15,0.0,0.0,0.0,0.0,1.0,1.0,6.67,11.08,0.0,0.0,0.0,0.0,2.0,2.0,13.33,22.15,2.0,2.0,13.33,22.15,40.0,33.33,6.67,110.77,1.0,1.0,6.67,3.25,3.25,0.4,0.44,0.67,0.0,0.5,0.23,0.0,0.33,1.0,0.6,6.67,0.0,0.13,13.33,0.8
4,高雄全家海神,45|108|118|13399,施晉堯/魏莨哲/蘇文儒/賽克維奇,1,14,15.0,195.0,3.25,03:15,195.0,3.25,03:15,6.0,6.0,40.0,66.46,5.0,5.0,33.33,55.38,5.0,5.0,33.33,55.38,2.0,2.0,13.33,22.15,3.0,3.0,20.0,33.23,2.0,2.0,13.33,22.15,2.0,2.0,13.33,22.15,0.0,0.0,0.0,0.0,4.0,4.0,26.67,44.31,2.0,2.0,13.33,22.15,1.0,1.0,6.67,11.08,2.0,2.0,13.33,22.15,0.0,0.0,0.0,0.0,2.0,2.0,13.33,22.15,2.0,2.0,13.33,22.15,0.0,0.0,0.0,0.0,1.0,1.0,6.67,11.08,0.0,0.0,0.0,0.0,2.0,2.0,13.33,22.15,2.0,2.0,13.33,22.15,40.0,33.33,6.67,110.77,1.0,1.0,6.67,3.25,3.25,0.4,0.44,0.67,0.0,0.5,0.23,0.0,0.33,1.0,0.6,6.67,0.0,0.13,13.33,0.8
4,高雄全家海神,45|110|123|4181,施晉堯/胡瓏貿/勤明慶/艾德,1,13,13.0,197.0,3.28,03:17,197.0,3.28,03:17,9.0,9.0,69.23,98.68,5.0,5.0,38.46,54.82,2.0,2.0,15.38,21.93,2.0,2.0,15.38,21.93,0.0,0.0,0.0,0.0,0.0,0.0,0.0,0.0,2.0,2.0,15.38,21.93,2.0,2.0,15.38,21.93,4.0,4.0,30.77,43.86,3.0,3.0,23.08,32.89,0.0,0.0,0.0,0.0,0.0,0.0,0.0,0.0,0.0,0.0,0.0,0.0,3.0,3.0,23.08,32.89,2.0,2.0,15.38,21.93,2.0,2.0,15.38,21.93,2.0,2.0,15.38,21.93,0.0,0.0,0.0,0.0,2.0,2.0,15.38,21.93,0.0,0.0,0.0,0.0,69.23,38.46,30.77,95.03,4.0,4.0,30.77,3.28,3.28,1.5,1.2,,1.0,0.75,0.35,1.0,0.0,,0.0,15.38,0.0,0.15,0.0,2.0
4,高雄全家海神,45|110|123|10891,施晉堯/胡瓏貿/勤明慶/廖偉皓,1,13,13.0,197.0,3.28,03:17,197.0,3.28,03:17,9.0,9.0,69.23,98.68,5.0,5.0,38.46,54.82,2.0,2.0,15.38,21.93,2.0,2.0,15.38,21.93,0.0,0.0,0.0,0.0,0.0,0.0,0.0,0.0,2.0,2.0,15.38,21.93,2.0,2.0,15.38,21.93,4.0,4.0,30.77,43.86,3.0,3.0,23.08,32.89,0.0,0.0,0.0,0.0,0.0,0.0,0.0,0.0,0.0,0.0,0.0,0.0,3.0,3.0,23.08,32.89,2.0,2.0,15.38,21.93,2.0,2.0,15.38,21.93,2.0,2.0,15.38,21.93,0.0,0.0,0.0,0.0,2.0,2.0,15.38,21.93,0.0,0.0,0.0,0.0,69.23,38.46,30.77,95.03,4.0,4.0,30.77,3.28,3.28,1.5,1.2,,1.0,0.75,0.35,1.0,0.0,,0.0,15.38,0.0,0.15,0.0,2.0
4,高雄全家海神,45|110|4181|10891,施晉堯/胡瓏貿/艾德/廖偉皓,1,13,13.0,197.0,3.28,03:17,197.0,3.28,03:17,9.0,9.0,69.23,98.68,5.0,5.0,38.46,54.82,2.0,2.0,15.38,21.93,2.0,2.0,15.38,21.93,0.0,0.0,0.0,0.0,0.0,0.0,0.0,0.0,2.0,2.0,15.38,21.93,2.0,2.0,15.38,21.93,4.0,4.0,30.77,43.86,3.0,3.0,23.08,32.89,0.0,0.0,0.0,0.0,0.0,0.0,0.0,0.0,0.0,0.0,0.0,0.0,3.0,3.0,23.08,32.89,2.0,2.0,15.38,21.93,2.0,2.0,15.38,21.93,2.0,2.0,15.38,21.93,0.0,0.0,0.0,0.0,2.0,2.0,15.38,21.93,0.0,0.0,0.0,0.0,69.23,38.46,30.77,95.03,4.0,4.0,30.77,3.28,3.28,1.5,1.2,,1.0,0.75,0.35,1.0,0.0,,0.0,15.38,0.0,0.15,0.0,2.0
4,高雄全家海神,45|123|4181|10891,施晉堯/勤明慶/艾德/廖偉皓,1,13,13.0,197.0,3.28,03:17,197.0,3.28,03:17,9.0,9.0,69.23,98.68,5.0,5.0,38.46,54.82,2.0,2.0,15.38,21.93,2.0,2.0,15.38,21.93,0.0,0.0,0.0,0.0,0.0,0.0,0.0,0.0,2.0,2.0,15.38,21.93,2.0,2.0,15.38,21.93,4.0,4.0,30.77,43.86,3.0,3.0,23.08,32.89,0.0,0.0,0.0,0.0,0.0,0.0,0.0,0.0,0.0,0.0,0.0,0.0,3.0,3.0,23.08,32.89,2.0,2.0,15.38,21.93,2.0,2.0,15.38,21.93,2.0,2.0,15.38,21.93,0.0,0.0,0.0,0.0,2.0,2.0,15.38,21.93,0.0,0.0,0.0,0.0,69.23,38.46,30.77,95.03,4.0,4.0,30.77,3.28,3.28,1.5,1.2,,1.0,0.75,0.35,1.0,0.0,,0.0,15.38,0.0,0.15,0.0,2.0
4,新北中信特攻,39|47|48|104,魏嘉豪/曾文鼎/李沛澄/貝奇,1,12,12.0,156.0,2.6,02:36,156.0,2.6,02:36,8.0,8.0,66.67,110.77,5.0,5.0,41.67,69.23,6.0,6.0,50.0,83.08,3.0,3.0,25.0,41.54,2.0,2.0,16.67,27.69,1.0,1.0,8.33,13.85,4.0,4.0,33.33,55.38,2.0,2.0,16.67,27.69,0.0,0.0,0.0,0.0,0.0,0.0,0.0,0.0,0.0,0.0,0.0,0.0,3.0,3.0,25.0,41.54,0.0,0.0,0.0,0.0,3.0,3.0,25.0,41.54,0.0,0.0,0.0,0.0,2.0,2.0,16.67,27.69,0.0,0.0,0.0,0.0,0.0,0.0,0.0,0.0,0.0,0.0,0.0,0.0,0.0,0.0,0.0,0.0,66.67,41.67,25.0,110.77,3.0,3.0,25.0,2.6,2.6,0.67,0.67,0.5,0.5,,0.0,0.67,0.0,1.0,0.5,0.0,0.0,0.0,0.0,0.0
4,新北中信特攻,39|47|48|113,魏嘉豪/曾文鼎/李沛澄/林任鴻,1,12,12.0,156.0,2.6,02:36,156.0,2.6,02:36,8.0,8.0,66.67,110.77,5.0,5.0,41.67,69.23,6.0,6.0,50.0,83.08,3.0,3.0,25.0,41.54,2.0,2.0,16.67,27.69,1.0,1.0,8.33,13.85,4.0,4.0,33.33,55.38,2.0,2.0,16.67,27.69,0.0,0.0,0.0,0.0,0.0,0.0,0.0,0.0,0.0,0.0,0.0,0.0,3.0,3.0,25.0,41.54,0.0,0.0,0.0,0.0,3.0,3.0,25.0,41.54,0.0,0.0,0.0,0.0,2.0,2.0,16.67,27.69,0.0,0.0,0.0,0.0,0.0,0.0,0.0,0.0,0.0,0.0,0.0,0.0,0.0,0.0,0.0,0.0,66.67,41.67,25.0,110.77,3.0,3.0,25.0,2.6,2.6,0.67,0.67,0.5,0.5,,0.0,0.67,0.0,1.0,0.5,0.0,0.0,0.0,0.0,0.0
4,新北中信特攻,47|48|104|113,曾文鼎/李沛澄/貝奇/林任鴻,1,12,12.0,156.0,2.6,02:36,156.0,2.6,02:36,8.0,8.0,66.67,110.77,5.0,5.0,41.67,69.23,6.0,6.0,50.0,83.08,3.0,3.0,25.0,41.54,2.0,2.0,16.67,27.69,1.0,1.0,8.33,13.85,4.0,4.0,33.33,55.38,2.0,2.0,16.67,27.69,0.0,0.0,0.0,0.0,0.0,0.0,0.0,0.0,0.0,0.0,0.0,0.0,3.0,3.0,25.0,41.54,0.0,0.0,0.0,0.0,3.0,3.0,25.0,41.54,0.0,0.0,0.0,0.0,2.0,2.0,16.67,27.69,0.0,0.0,0.0,0.0,0.0,0.0,0.0,0.0,0.0,0.0,0.0,0.0,0.0,0.0,0.0,0.0,66.67,41.67,25.0,110.77,3.0,3.0,25.0,2.6,2.6,0.67,0.67,0.5,0.5,,0.0,0.67,0.0,1.0,0.5,0.0,0.0,0.0,0.0,0.0
4,高雄全家海神,108|116|118|121,魏莨哲/呂威霆/蘇文儒/吳曉謹,1,19,22.0,252.0,4.2,04:12,252.0,4.2,04:12,9.0,9.0,40.91,77.14,13.0,13.0,59.09,111.43,9.0,9.0,40.91,77.14,3.0,3.0,13.64,25.71,3.0,3.0,13.64,25.71,2.0,2.0,9.09,17.14,6.0,6.0,27.27,51.43,1.0,1.0,4.55,8.57,3.0,3.0,13.64,25.71,2.0,2.0,9.09,17.14,2.0,2.0,9.09,17.14,4.0,4.0,18.18,34.29,0.0,0.0,0.0,0.0,4.0,4.0,18.18,34.29,2.0,2.0,9.09,17.14,2.0,2.0,9.09,17.14,2.0,2.0,9.09,17.14,0.0,0.0,0.0,0.0,2.0,2.0,9.09,17.14,0.0,0.0,0.0,0.0,40.91,59.09,-18.18,125.71,-4.0,-4.0,-18.18,4.2,4.2,0.39,0.44,0.67,0.17,0.67,0.16,0.67,0.33,1.0,0.6,9.09,0.0,0.09,0.0,0.33
4,新北中信特攻,35|39|47|48,李睿麒/魏嘉豪/曾文鼎/李沛澄,1,7,10.0,96.0,1.6,01:36,96.0,1.6,01:36,5.0,5.0,50.0,112.5,4.0,4.0,40.0,90.0,3.0,3.0,30.0,67.5,2.0,2.0,20.0,45.0,1.0,1.0,10.0,22.5,1.0,1.0,10.0,22.5,2.0,2.0,20.0,45.0,1.0,1.0,10.0,22.5,0.0,0.0,0.0,0.0,0.0,0.0,0.0,0.0,0.0,0.0,0.0,0.0,1.0,1.0,10.0,22.5,2.0,2.0,20.0,45.0,1.0,1.0,10.0,22.5,0.0,0.0,0.0,0.0,0.0,0.0,0.0,0.0,0.0,0.0,0.0,0.0,0.0,0.0,0.0,0.0,0.0,0.0,0.0,0.0,3.0,3.0,30.0,67.5,50.0,40.0,10.0,150.0,1.0,1.0,10.0,1.6,1.6,0.83,0.83,1.0,0.5,,0.0,0.0,0.0,0.33,0.25,0.0,0.0,0.0,30.0,0.0
4,新北中信特攻,35|39|47|10883,李睿麒/魏嘉豪/曾文鼎/林安龍,1,7,10.0,96.0,1.6,01:36,96.0,1.6,01:36,5.0,5.0,50.0,112.5,4.0,4.0,40.0,90.0,3.0,3.0,30.0,67.5,2.0,2.0,20.0,45.0,1.0,1.0,10.0,22.5,1.0,1.0,10.0,22.5,2.0,2.0,20.0,45.0,1.0,1.0,10.0,22.5,0.0,0.0,0.0,0.0,0.0,0.0,0.0,0.0,0.0,0.0,0.0,0.0,1.0,1.0,10.0,22.5,2.0,2.0,20.0,45.0,1.0,1.0,10.0,22.5,0.0,0.0,0.0,0.0,0.0,0.0,0.0,0.0,0.0,0.0,0.0,0.0,0.0,0.0,0.0,0.0,0.0,0.0,0.0,0.0,3.0,3.0,30.0,67.5,50.0,40.0,10.0,150.0,1.0,1.0,10.0,1.6,1.6,0.83,0.83,1.0,0.5,,0.0,0.0,0.0,0.33,0.25,0.0,0.0,0.0,30.0,0.0
4,新北中信特攻,35|39|48|10883,李睿麒/魏嘉豪/李沛澄/林安龍,1,7,10.0,96.0,1.6,01:36,96.0,1.6,01:36,5.0,5.0,50.0,112.5,4.0,4.0,40.0,90.0,3.0,3.0,30.0,67.5,2.0,2.0,20.0,45.0,1.0,1.0,10.0,22.5,1.0,1.0,10.0,22.5,2.0,2.0,20.0,45.0,1.0,1.0,10.0,22.5,0.0,0.0,0.0,0.0,0.0,0.0,0.0,0.0,0.0,0.0,0.0,0.0,1.0,1.0,10.0,22.5,2.0,2.0,20.0,45.0,1.0,1.0,10.0,22.5,0.0,0.0,0.0,0.0,0.0,0.0,0.0,0.0,0.0,0.0,0.0,0.0,0.0,0.0,0.0,0.0,0.0,0.0,0.0,0.0,3.0,3.0,30.0,67.5,50.0,40.0,10.0,150.0,1.0,1.0,10.0,1.6,1.6,0.83,0.83,1.0,0.5,,0.0,0.0,0.0,0.33,0.25,0.0,0.0,0.0,30.0,0.0
4,新北中信特攻,35|47|48|10883,李睿麒/曾文鼎/李沛澄/林安龍,1,7,10.0,96.0,1.6,01:36,96.0,1.6,01:36,5.0,5.0,50.0,112.5,4.0,4.0,40.0,90.0,3.0,3.0,30.0,67.5,2.0,2.0,20.0,45.0,1.0,1.0,10.0,22.5,1.0,1.0,10.0,22.5,2.0,2.0,20.0,45.0,1.0,1.0,10.0,22.5,0.0,0.0,0.0,0.0,0.0,0.0,0.0,0.0,0.0,0.0,0.0,0.0,1.0,1.0,10.0,22.5,2.0,2.0,20.0,45.0,1.0,1.0,10.0,22.5,0.0,0.0,0.0,0.0,0.0,0.0,0.0,0.0,0.0,0.0,0.0,0.0,0.0,0.0,0.0,0.0,0.0,0.0,0.0,0.0,3.0,3.0,30.0,67.5,50.0,40.0,10.0,150.0,1.0,1.0,10.0,1.6,1.6,0.83,0.83,1.0,0.5,,0.0,0.0,0.0,0.33,0.25,0.0,0.0,0.0,30.0,0.0
4,新北中信特攻,39|47|48|10883,魏嘉豪/曾文鼎/李沛澄/林安龍,1,7,10.0,96.0,1.6,01:36,96.0,1.6,01:36,5.0,5.0,50.0,112.5,4.0,4.0,40.0,90.0,3.0,3.0,30.0,67.5,2.0,2.0,20.0,45.0,1.0,1.0,10.0,22.5,1.0,1.0,10.0,22.5,2.0,2.0,20.0,45.0,1.0,1.0,10.0,22.5,0.0,0.0,0.0,0.0,0.0,0.0,0.0,0.0,0.0,0.0,0.0,0.0,1.0,1.0,10.0,22.5,2.0,2.0,20.0,45.0,1.0,1.0,10.0,22.5,0.0,0.0,0.0,0.0,0.0,0.0,0.0,0.0,0.0,0.0,0.0,0.0,0.0,0.0,0.0,0.0,0.0,0.0,0.0,0.0,3.0,3.0,30.0,67.5,50.0,40.0,10.0,150.0,1.0,1.0,10.0,1.6,1.6,0.83,0.83,1.0,0.5,,0.0,0.0,0.0,0.33,0.25,0.0,0.0,0.0,30.0,0.0
4,高雄全家海神,108|116|121|123,魏莨哲/呂威霆/吳曉謹/勤明慶,1,7,10.0,96.0,1.6,01:36,96.0,1.6,01:36,4.0,4.0,40.0,90.0,5.0,5.0,50.0,112.5,4.0,4.0,40.0,90.0,1.0,1.0,10.0,22.5,1.0,1.0,10.0,22.5,1.0,1.0,10.0,22.5,3.0,3.0,30.0,67.5,0.0,0.0,0.0,0.0,3.0,3.0,30.0,67.5,2.0,2.0,20.0,45.0,2.0,2.0,20.0,45.0,1.0,1.0,10.0,22.5,0.0,0.0,0.0,0.0,1.0,1.0,10.0,22.5,1.0,1.0,10.0,22.5,0.0,0.0,0.0,0.0,1.0,1.0,10.0,22.5,0.0,0.0,0.0,0.0,2.0,2.0,20.0,45.0,0.0,0.0,0.0,0.0,40.0,50.0,-10.0,150.0,-1.0,-1.0,-10.0,1.6,1.6,0.25,0.38,1.0,0.0,0.67,0.16,0.0,0.67,1.0,0.75,10.0,0.0,0.2,0.0,0.75
4,臺北台新戰神,1|5|10867|13907,丁聖儒/黃聰翰/威力斯/梅克,6,187,220.0,2924.1,48.74,48:44,487.35,8.12,08:07,100.0,16.67,45.45,73.87,106.0,17.67,48.18,78.3,68.0,11.33,30.91,50.23,29.0,4.83,13.18,21.42,34.0,5.67,15.45,25.12,17.0,2.83,7.73,12.56,34.0,5.67,15.45,25.12,12.0,2.0,5.45,8.86,38.0,6.33,17.27,28.07,30.0,5.0,13.64,22.16,10.0,1.67,4.55,7.39,31.0,5.17,14.09,22.9,13.0,2.17,5.91,9.6,40.0,6.67,18.18,29.55,18.0,3.0,8.18,13.3,24.0,4.0,10.91,17.73,13.0,2.17,5.91,9.6,1.0,0.17,0.45,0.74,29.0,4.83,13.18,21.42,26.0,4.33,11.82,19.21,45.45,48.18,-2.73,108.34,-6.0,-1.0,-2.73,48.74,8.12,0.51,0.59,0.5,0.35,0.79,0.18,0.83,0.2,0.7,0.44,5.91,0.45,0.13,11.82,0.56
4,臺北台新戰神,1|14|10867|13907,丁聖儒/錢肯尼/威力斯/梅克,6,314,369.0,4985.25,83.09,83:05,830.87,13.85,13:51,172.0,28.67,46.61,74.52,191.0,31.83,51.76,82.76,138.0,23.0,37.4,59.79,62.0,10.33,16.8,26.86,80.0,13.33,21.68,34.66,45.0,7.5,12.2,19.5,58.0,9.67,15.72,25.13,17.0,2.83,4.61,7.37,42.0,7.0,11.38,18.2,31.0,5.17,8.4,13.43,22.0,3.67,5.96,9.53,57.0,9.5,15.45,24.7,21.0,3.5,5.69,9.1,60.0,10.0,16.26,26.0,25.0,4.17,6.78,10.83,40.0,6.67,10.84,17.33,19.0,3.17,5.15,8.23,4.0,0.67,1.08,1.73,37.0,6.17,10.03,16.03,31.0,5.17,8.4,13.43,46.61,51.76,-5.15,106.59,-19.0,-3.17,-5.15,83.09,13.85,0.51,0.55,0.56,0.29,0.74,0.14,0.65,0.27,0.73,0.49,5.15,1.08,0.1,8.4,0.3
4,臺北台新戰神,5|14|10867|13907,黃聰翰/錢肯尼/威力斯/梅克,6,131,155.0,1944.6,32.41,32:25,324.1,5.4,05:24,73.0,12.17,47.1,81.09,67.0,11.17,43.23,74.42,47.0,7.83,30.32,52.21,23.0,3.83,14.84,25.55,26.0,4.33,16.77,28.88,15.0,2.5,9.68,16.66,21.0,3.5,13.55,23.33,8.0,1.33,5.16,8.89,25.0,4.17,16.13,27.77,19.0,3.17,12.26,21.1,4.0,0.67,2.58,4.44,23.0,3.83,14.84,25.55,11.0,1.83,7.1,12.22,28.0,4.67,18.06,31.1,11.0,1.83,7.1,12.22,14.0,2.33,9.03,15.55,9.0,1.5,5.81,10.0,1.0,0.17,0.65,1.11,15.0,2.5,9.68,16.66,18.0,3.0,11.61,19.99,47.1,43.23,3.87,114.78,6.0,1.0,3.87,32.41,5.4,0.57,0.63,0.58,0.38,0.76,0.16,0.61,0.12,0.68,0.41,5.81,0.65,0.1,11.61,0.53
4,桃園台啤永豐雲豹,16|55|58|68,米勒/汪哲宇/林信寬/克羅馬,2,34,40.0,462.33,7.71,07:42,231.16,3.85,03:51,21.0,10.5,52.5,98.11,14.0,7.0,35.0,65.41,16.0,8.0,40.0,74.75,8.0,4.0,20.0,37.38,7.0,3.5,17.5,32.7,5.0,2.5,12.5,23.36,9.0,4.5,22.5,42.05,3.0,1.5,7.5,14.02,5.0,2.5,12.5,23.36,2.0,1.0,5.0,9.34,2.0,1.0,5.0,9.34,6.0,3.0,15.0,28.03,3.0,1.5,7.5,14.02,5.0,2.5,12.5,23.36,2.0,1.0,5.0,9.34,2.0,1.0,5.0,9.34,1.0,0.5,2.5,4.67,0.0,0.0,0.0,0.0,3.0,1.5,7.5,14.02,6.0,3.0,15.0,28.03,52.5,35.0,17.5,124.59,7.0,3.5,17.5,7.71,3.85,0.59,0.58,0.71,0.33,0.4,0.1,0.25,0.29,0.67,0.5,2.5,0.0,0.08,15.0,0.31
4,臺北台新戰神,1|10|10867|13907,丁聖儒/雷蒙恩/威力斯/梅克,5,240,285.0,4171.3,69.52,69:31,834.26,13.9,13:54,133.0,26.6,46.67,68.87,158.0,31.6,55.44,81.82,117.0,23.4,41.05,60.59,51.0,10.2,17.89,26.41,73.0,14.6,25.61,37.8,41.0,8.2,14.39,21.23,44.0,8.8,15.44,22.78,10.0,2.0,3.51,5.18,29.0,5.8,10.18,15.02,21.0,4.2,7.37,10.87,19.0,3.8,6.67,9.84,51.0,10.2,17.89,26.41,13.0,2.6,4.56,6.73,43.0,8.6,15.09,22.27,14.0,2.8,4.91,7.25,31.0,6.2,10.88,16.05,9.0,1.8,3.16,4.66,1.0,0.2,0.35,0.52,29.0,5.8,10.18,15.02,26.0,5.2,9.12,13.46,46.67,55.44,-8.77,98.39,-25.0,-5.0,-8.77,69.52,13.9,0.48,0.51,0.56,0.23,0.72,0.1,0.61,0.31,0.8,0.56,3.16,0.35,0.1,9.12,0.25
4,臺北台新戰神,5|10|10867|13907,黃聰翰/雷蒙恩/威力斯/梅克,5,92,112.0,1751.52,29.19,29:12,350.3,5.84,05:50,56.0,11.2,50.0,69.06,52.0,10.4,46.43,64.13,40.0,8.0,35.71,49.33,19.0,3.8,16.96,23.43,26.0,5.2,23.21,32.06,15.0,3.0,13.39,18.5,14.0,2.8,12.5,17.26,4.0,0.8,3.57,4.93,17.0,3.4,15.18,20.96,14.0,2.8,12.5,17.26,4.0,0.8,3.57,4.93,20.0,4.0,17.86,24.66,5.0,1.0,4.46,6.17,20.0,4.0,17.86,24.66,6.0,1.2,5.36,7.4,11.0,2.2,9.82,13.57,2.0,0.4,1.79,2.47,2.0,0.4,1.79,2.47,13.0,2.6,11.61,16.03,12.0,2.4,10.71,14.8,50.0,46.43,3.57,92.08,4.0,0.8,3.57,29.19,5.84,0.52,0.59,0.58,0.29,0.82,0.11,0.58,0.17,0.8,0.49,1.79,1.79,0.12,10.71,0.42
4,臺北台新戰神,1|5|13907|14845,丁聖儒/黃聰翰/梅克/恩多,5,182,224.0,3204.17,53.4,53:24,640.83,10.68,10:41,98.0,19.6,43.75,66.06,107.0,21.4,47.77,72.13,91.0,18.2,40.62,61.34,34.0,6.8,15.18,22.92,54.0,10.8,24.11,36.4,23.0,4.6,10.27,15.5,37.0,7.4,16.52,24.94,11.0,2.2,4.91,7.42,30.0,6.0,13.39,20.22,19.0,3.8,8.48,12.81,24.0,4.8,10.71,16.18,36.0,7.2,16.07,24.27,12.0,2.4,5.36,8.09,32.0,6.4,14.29,21.57,13.0,2.6,5.8,8.76,18.0,3.6,8.04,12.13,4.0,0.8,1.79,2.7,6.0,1.2,2.68,4.04,22.0,4.4,9.82,14.83,15.0,3.0,6.7,10.11,43.75,47.77,-4.02,100.67,-9.0,-1.8,-4.02,53.4,10.68,0.43,0.47,0.43,0.3,0.63,0.11,0.53,0.43,0.75,0.58,1.79,2.68,0.1,6.7,0.33
4,臺北台新戰神,1|10|13907|14845,丁聖儒/雷蒙恩/梅克/恩多,5,95,112.0,1658.7,27.65,27:39,331.74,5.53,05:32,40.0,8.0,35.71,52.09,61.0,12.2,54.46,79.44,39.0,7.8,34.82,50.79,14.0,2.8,12.5,18.23,26.0,5.2,23.21,33.86,12.0,2.4,10.71,15.63,13.0,2.6,11.61,16.93,2.0,0.4,1.79,2.6,15.0,3.0,13.39,19.53,10.0,2.0,8.93,13.02,6.0,1.2,5.36,7.81,20.0,4.0,17.86,26.04,7.0,1.4,6.25,9.12,17.0,3.4,15.18,22.14,7.0,1.4,6.25,9.12,9.0,1.8,8.04,11.72,2.0,0.4,1.79,2.6,1.0,0.2,0.89,1.3,12.0,2.4,10.71,15.63,9.0,1.8,8.04,11.72,35.71,54.46,-18.75,97.23,-21.0,-4.2,-18.75,27.65,5.53,0.38,0.44,0.46,0.15,0.67,0.13,0.64,0.26,0.74,0.52,1.79,0.89,0.11,8.04,0.38
4,臺北台新戰神,5|10|13907|14845,黃聰翰/雷蒙恩/梅克/恩多,5,91,109.0,1545.02,25.75,25:45,309.0,5.15,05:09,37.0,7.4,33.94,51.73,55.0,11.0,50.46,76.89,38.0,7.6,34.86,53.13,13.0,2.6,11.93,18.17,25.0,5.0,22.94,34.95,10.0,2.0,9.17,13.98,13.0,2.6,11.93,18.17,3.0,0.6,2.75,4.19,13.0,2.6,11.93,18.17,8.0,1.6,7.34,11.18,7.0,1.4,6.42,9.79,17.0,3.4,15.6,23.77,6.0,1.2,5.5,8.39,13.0,2.6,11.93,18.17,10.0,2.0,9.17,13.98,7.0,1.4,6.42,9.79,4.0,0.8,3.67,5.59,2.0,0.4,1.83,2.8,10.0,2.0,9.17,13.98,9.0,1.8,8.26,12.58,33.94,50.46,-16.51,101.59,-18.0,-3.6,-16.51,25.75,5.15,0.38,0.42,0.4,0.23,0.62,0.19,0.54,0.35,0.74,0.56,3.67,1.83,0.09,8.26,0.34
4,臺北台新戰神,5|10865|13907|14845,黃聰翰/謝銘駿/梅克/恩多,1,14,16.0,191.32,3.19,03:11,191.32,3.19,03:11,6.0,6.0,37.5,67.74,2.0,2.0,12.5,22.58,4.0,4.0,25.0,45.16,2.0,2.0,12.5,22.58,2.0,2.0,12.5,22.58,1.0,1.0,6.25,11.29,2.0,2.0,12.5,22.58,1.0,1.0,6.25,11.29,2.0,2.0,12.5,22.58,1.0,1.0,6.25,11.29,0.0,0.0,0.0,0.0,2.0,2.0,12.5,22.58,1.0,1.0,6.25,11.29,3.0,3.0,18.75,33.87,2.0,2.0,12.5,22.58,1.0,1.0,6.25,11.29,1.0,1.0,6.25,11.29,0.0,0.0,0.0,0.0,1.0,1.0,6.25,11.29,0.0,0.0,0.0,0.0,37.5,12.5,25.0,120.43,4.0,4.0,25.0,3.19,3.19,0.62,0.61,0.5,0.5,0.5,0.29,0.5,0.0,0.67,0.33,6.25,0.0,0.06,0.0,0.5
4,臺北台新戰神,10|10865|13907|14845,雷蒙恩/謝銘駿/梅克/恩多,2,16,19.0,213.32,3.56,03:33,106.66,1.78,01:47,6.0,3.0,31.58,60.75,4.0,2.0,21.05,40.5,5.0,2.5,26.32,50.63,2.0,1.0,10.53,20.25,3.0,1.5,15.79,30.38,1.0,0.5,5.26,10.13,2.0,1.0,10.53,20.25,1.0,0.5,5.26,10.13,2.0,1.0,10.53,20.25,1.0,0.5,5.26,10.13,1.0,0.5,5.26,10.13,2.0,1.0,10.53,20.25,1.0,0.5,5.26,10.13,3.0,1.5,15.79,30.38,3.0,1.5,15.79,30.38,1.0,0.5,5.26,10.13,1.0,0.5,5.26,10.13,0.0,0.0,0.0,0.0,1.0,0.5,5.26,10.13,0.0,0.0,0.0,0.0,31.58,21.05,10.53,128.26,2.0,1.0,10.53,3.56,1.78,0.5,0.51,0.33,0.5,0.5,0.34,0.5,0.25,0.67,0.43,5.26,0.0,0.05,0.0,0.4
4,桃園台啤永豐雲豹,16|54|55|58,米勒/高錦瑋/汪哲宇/林信寬,1,23,25.0,304.89,5.08,05:05,304.89,5.08,05:05,9.0,9.0,36.0,63.76,8.0,8.0,32.0,56.68,9.0,9.0,36.0,63.76,4.0,4.0,16.0,28.34,6.0,6.0,24.0,42.51,3.0,3.0,12.0,21.25,3.0,3.0,12.0,21.25,1.0,1.0,4.0,7.08,4.0,4.0,16.0,28.34,0.0,0.0,0.0,0.0,0.0,0.0,0.0,0.0,6.0,6.0,24.0,42.51,2.0,2.0,8.0,14.17,4.0,4.0,16.0,28.34,2.0,2.0,8.0,14.17,2.0,2.0,8.0,14.17,2.0,2.0,8.0,14.17,0.0,0.0,0.0,0.0,2.0,2.0,8.0,14.17,2.0,2.0,8.0,14.17,36.0,32.0,4.0,118.08,1.0,1.0,4.0,5.08,5.08,0.5,0.42,0.5,0.33,0.0,0.16,0.5,0.0,0.75,0.5,8.0,0.0,0.08,8.0,0.44
4,桃園台啤永豐雲豹,16|54|55|10861,米勒/高錦瑋/汪哲宇/迪亞洛,1,11,11.0,166.32,2.77,02:46,166.32,2.77,02:46,2.0,2.0,18.18,25.97,3.0,3.0,27.27,38.96,4.0,4.0,36.36,51.95,1.0,1.0,9.09,12.99,2.0,2.0,18.18,25.97,1.0,1.0,9.09,12.99,2.0,2.0,18.18,25.97,0.0,0.0,0.0,0.0,1.0,1.0,9.09,12.99,0.0,0.0,0.0,0.0,0.0,0.0,0.0,0.0,3.0,3.0,27.27,38.96,0.0,0.0,0.0,0.0,4.0,4.0,36.36,51.95,1.0,1.0,9.09,12.99,1.0,1.0,9.09,12.99,1.0,1.0,9.09,12.99,0.0,0.0,0.0,0.0,0.0,0.0,0.0,0.0,2.0,2.0,18.18,25.97,18.18,27.27,-9.09,95.24,-1.0,-1.0,-9.09,2.77,2.77,0.25,0.23,0.5,0.0,0.0,0.18,1.0,0.0,1.0,0.43,9.09,0.0,0.0,18.18,0.25
4,桃園台啤永豐雲豹,54|55|58|10861,高錦瑋/汪哲宇/林信寬/迪亞洛,1,19,20.0,282.54,4.71,04:43,282.54,4.71,04:43,10.0,10.0,50.0,76.45,6.0,6.0,30.0,45.87,7.0,7.0,35.0,53.51,3.0,3.0,15.0,22.93,3.0,3.0,15.0,22.93,1.0,1.0,5.0,7.64,4.0,4.0,20.0,30.58,2.0,2.0,10.0,15.29,3.0,3.0,15.0,22.93,2.0,2.0,10.0,15.29,0.0,0.0,0.0,0.0,4.0,4.0,20.0,30.58,0.0,0.0,0.0,0.0,6.0,6.0,30.0,45.87,1.0,1.0,5.0,7.64,3.0,3.0,15.0,22.93,1.0,1.0,5.0,7.64,0.0,0.0,0.0,0.0,1.0,1.0,5.0,7.64,4.0,4.0,20.0,30.58,50.0,30.0,20.0,101.93,4.0,4.0,20.0,4.71,4.71,0.57,0.6,0.33,0.5,0.67,0.11,1.0,0.0,1.0,0.4,5.0,0.0,0.05,20.0,0.43
4,桃園台啤永豐雲豹,54|55|58|68,高錦瑋/汪哲宇/林信寬/克羅馬,1,20,23.0,254.79,4.25,04:15,254.79,4.25,04:15,15.0,15.0,65.22,127.16,8.0,8.0,34.78,67.82,8.0,8.0,34.78,67.82,5.0,5.0,21.74,42.39,5.0,5.0,21.74,42.39,2.0,2.0,8.7,16.96,3.0,3.0,13.04,25.43,3.0,3.0,13.04,25.43,5.0,5.0,21.74,42.39,2.0,2.0,8.7,16.96,0.0,0.0,0.0,0.0,4.0,4.0,17.39,33.91,2.0,2.0,8.7,16.96,2.0,2.0,8.7,16.96,1.0,1.0,4.35,8.48,3.0,3.0,13.04,25.43,1.0,1.0,4.35,8.48,0.0,0.0,0.0,0.0,3.0,3.0,13.04,25.43,2.0,2.0,8.7,16.96,65.22,34.78,30.43,129.99,7.0,7.0,30.43,4.25,4.25,0.81,0.74,0.4,1.0,0.4,0.09,0.6,0.0,0.67,0.5,4.35,0.0,0.13,8.7,0.62
4,桃園台啤永豐雲豹,55|58|68|10861,汪哲宇/林信寬/克羅馬/迪亞洛,1,8,9.0,116.22,1.94,01:56,116.22,1.94,01:56,8.0,8.0,88.89,148.68,3.0,3.0,33.33,55.76,3.0,3.0,33.33,55.76,2.0,2.0,22.22,37.17,1.0,1.0,11.11,18.59,0.0,0.0,0.0,0.0,2.0,2.0,22.22,37.17,2.0,2.0,22.22,37.17,2.0,2.0,22.22,37.17,2.0,2.0,22.22,37.17,0.0,0.0,0.0,0.0,1.0,1.0,11.11,18.59,0.0,0.0,0.0,0.0,2.0,2.0,22.22,37.17,0.0,0.0,0.0,0.0,2.0,2.0,22.22,37.17,0.0,0.0,0.0,0.0,0.0,0.0,0.0,0.0,1.0,1.0,11.11,18.59,2.0,2.0,22.22,37.17,88.89,33.33,55.56,111.51,5.0,5.0,55.56,1.94,1.94,1.0,1.03,0.0,1.0,1.0,0.0,1.0,0.0,1.0,0.33,0.0,0.0,0.11,22.22,0.67
4,臺北台新戰神,10|14|10867|13907,雷蒙恩/錢肯尼/威力斯/梅克,5,216,257.0,3628.81,60.48,60:29,725.76,12.1,12:06,117.0,23.4,45.53,69.64,125.0,25.0,48.64,74.4,106.0,21.2,41.25,63.1,49.0,9.8,19.07,29.17,72.0,14.4,28.02,42.86,43.0,8.6,16.73,25.6,34.0,6.8,13.23,20.24,6.0,1.2,2.33,3.57,19.0,3.8,7.39,11.31,13.0,2.6,5.06,7.74,16.0,3.2,6.23,9.52,45.0,9.0,17.51,26.79,13.0,2.6,5.06,7.74,42.0,8.4,16.34,25.0,14.0,2.8,5.45,8.33,25.0,5.0,9.73,14.88,9.0,1.8,3.5,5.36,1.0,0.2,0.39,0.6,19.0,3.8,7.39,11.31,28.0,5.6,10.89,16.67,45.53,48.64,-3.11,101.98,-8.0,-1.6,-3.11,60.48,12.1,0.49,0.51,0.6,0.18,0.68,0.11,0.51,0.28,0.78,0.53,3.5,0.39,0.07,10.89,0.18
4,桃園台啤永豐雲豹,16|54|55|68,米勒/高錦瑋/汪哲宇/克羅馬,1,12,14.0,138.57,2.31,02:19,138.57,2.31,02:19,7.0,7.0,50.0,109.11,5.0,5.0,35.71,77.94,5.0,5.0,35.71,77.94,3.0,3.0,21.43,46.76,4.0,4.0,28.57,62.35,2.0,2.0,14.29,31.18,1.0,1.0,7.14,15.59,1.0,1.0,7.14,15.59,3.0,3.0,21.43,46.76,0.0,0.0,0.0,0.0,0.0,0.0,0.0,0.0,3.0,3.0,21.43,46.76,2.0,2.0,14.29,31.18,0.0,0.0,0.0,0.0,1.0,1.0,7.14,15.59,1.0,1.0,7.14,15.59,1.0,1.0,7.14,15.59,0.0,0.0,0.0,0.0,2.0,2.0,14.29,31.18,0.0,0.0,0.0,0.0,50.0,35.71,14.29,145.49,2.0,2.0,14.29,2.31,2.31,0.7,0.55,0.5,1.0,0.0,0.14,0.33,,0.6,0.6,7.14,0.0,0.14,0.0,0.6
4,臺北台新戰神,1|14|13907|14845,丁聖儒/錢肯尼/梅克/恩多,5,151,176.0,2491.71,41.53,41:32,498.34,8.31,08:18,83.0,16.6,47.16,71.95,87.0,17.4,49.43,75.42,68.0,13.6,38.64,58.95,31.0,6.2,17.61,26.87,41.0,8.2,23.3,35.54,21.0,4.2,11.93,18.2,27.0,5.4,15.34,23.41,10.0,2.0,5.68,8.67,17.0,3.4,9.66,14.74,11.0,2.2,6.25,9.54,15.0,3.0,8.52,13.0,26.0,5.2,14.77,22.54,7.0,1.4,3.98,6.07,26.0,5.2,14.77,22.54,15.0,3.0,8.52,13.0,18.0,3.6,10.23,15.6,10.0,2.0,5.68,8.67,4.0,0.8,2.27,3.47,16.0,3.2,9.09,13.87,8.0,1.6,4.55,6.94,47.16,49.43,-2.27,101.71,-4.0,-0.8,-2.27,41.53,8.31,0.53,0.55,0.51,0.37,0.65,0.17,0.58,0.37,0.79,0.55,5.68,2.27,0.09,4.55,0.25
4,臺北台新戰神,5|14|13907|14845,黃聰翰/錢肯尼/梅克/恩多,4,102,123.0,1737.9,28.97,28:58,434.48,7.24,07:14,62.0,15.5,50.41,77.06,48.0,12.0,39.02,59.66,51.0,12.75,41.46,63.39,24.0,6.0,19.51,29.83,29.0,7.25,23.58,36.04,16.0,4.0,13.01,19.89,22.0,5.5,17.89,27.34,8.0,2.0,6.5,9.94,11.0,2.75,8.94,13.67,6.0,1.5,4.88,7.46,12.0,3.0,9.76,14.91,18.0,4.5,14.63,22.37,7.0,1.75,5.69,8.7,21.0,5.25,17.07,26.1,9.0,2.25,7.32,11.19,10.0,2.5,8.13,12.43,4.0,1.0,3.25,4.97,4.0,1.0,3.25,4.97,9.0,2.25,7.32,11.19,5.0,1.25,4.07,6.21,50.41,39.02,11.38,101.92,14.0,3.5,11.38,28.97,7.24,0.55,0.56,0.55,0.36,0.55,0.14,0.42,0.36,0.72,0.52,3.25,3.25,0.07,4.07,0.22
4,臺北台新戰神,1|3|5|14845,丁聖儒/陳文宏/黃聰翰/恩多,3,32,40.0,544.21,9.07,09:04,181.4,3.02,03:01,13.0,4.33,32.5,51.6,10.0,3.33,25.0,39.69,16.0,5.33,40.0,63.5,5.0,1.67,12.5,19.85,8.0,2.67,20.0,31.75,4.0,1.33,10.0,15.88,8.0,2.67,20.0,31.75,1.0,0.33,2.5,3.97,6.0,2.0,15.0,23.81,2.0,0.67,5.0,7.94,5.0,1.67,12.5,19.85,8.0,2.67,20.0,31.75,2.0,0.67,5.0,7.94,10.0,3.33,25.0,39.69,1.0,0.33,2.5,3.97,2.0,0.67,5.0,7.94,1.0,0.33,2.5,3.97,0.0,0.0,0.0,0.0,3.0,1.0,7.5,11.91,5.0,1.67,12.5,19.85,32.5,25.0,7.5,105.84,3.0,1.0,7.5,9.07,3.02,0.34,0.35,0.5,0.12,0.33,0.05,0.4,0.33,0.8,0.52,2.5,0.0,0.08,12.5,0.38
4,臺北台新戰神,1|3|13907|14845,丁聖儒/陳文宏/梅克/恩多,4,87,106.0,1426.0,23.77,23:46,356.5,5.94,05:56,35.0,8.75,33.02,53.02,52.0,13.0,49.06,78.77,34.0,8.5,32.08,51.5,12.0,3.0,11.32,18.18,18.0,4.5,16.98,27.27,9.0,2.25,8.49,13.63,16.0,4.0,15.09,24.24,3.0,0.75,2.83,4.54,14.0,3.5,13.21,21.21,8.0,2.0,7.55,12.12,8.0,2.0,7.55,12.12,16.0,4.0,15.09,24.24,8.0,2.0,7.55,12.12,17.0,4.25,16.04,25.75,11.0,2.75,10.38,16.66,12.0,3.0,11.32,18.18,8.0,2.0,7.55,12.12,0.0,0.0,0.0,0.0,13.0,3.25,12.26,19.69,9.0,2.25,8.49,13.63,33.02,49.06,-16.04,107.04,-17.0,-4.25,-16.04,23.77,5.94,0.4,0.44,0.5,0.19,0.57,0.22,1.0,0.32,0.67,0.49,7.55,0.0,0.12,8.49,0.41
4,臺北台新戰神,3|5|13907|14845,陳文宏/黃聰翰/梅克/恩多,2,18,26.0,336.0,5.6,05:36,168.0,2.8,02:48,8.0,4.0,30.77,51.43,8.0,4.0,30.77,51.43,10.0,5.0,38.46,64.29,3.0,1.5,11.54,19.29,5.0,2.5,19.23,32.14,3.0,1.5,11.54,19.29,5.0,2.5,19.23,32.14,0.0,0.0,0.0,0.0,6.0,3.0,23.08,38.57,2.0,1.0,7.69,12.86,5.0,2.5,19.23,32.14,4.0,2.0,15.38,25.71,2.0,1.0,7.69,12.86,5.0,2.5,19.23,32.14,1.0,0.5,3.85,6.43,1.0,0.5,3.85,6.43,1.0,0.5,3.85,6.43,0.0,0.0,0.0,0.0,3.0,1.5,11.54,19.29,4.0,2.0,15.38,25.71,30.77,30.77,0.0,111.43,0.0,0.0,0.0,5.6,2.8,0.3,0.32,0.6,0.0,0.33,0.07,0.33,0.5,0.67,0.56,3.85,0.0,0.12,15.38,0.6
4,臺北台新戰神,1|3|5|10867,丁聖儒/陳文宏/黃聰翰/威力斯,2,43,44.0,621.8,10.36,10:22,310.9,5.18,05:11,14.0,7.0,31.82,48.63,9.0,4.5,20.45,31.26,13.0,6.5,29.55,45.16,5.0,2.5,11.36,17.37,7.0,3.5,15.91,24.32,4.0,2.0,9.09,13.9,6.0,3.0,13.64,20.84,1.0,0.5,2.27,3.47,4.0,2.0,9.09,13.9,3.0,1.5,6.82,10.42,0.0,0.0,0.0,0.0,8.0,4.0,18.18,27.79,1.0,0.5,2.27,3.47,13.0,6.5,29.55,45.16,5.0,2.5,11.36,17.37,4.0,2.0,9.09,13.9,2.0,1.0,4.55,6.95,0.0,0.0,0.0,0.0,4.0,2.0,9.09,13.9,8.0,4.0,18.18,27.79,31.82,20.45,11.36,101.9,5.0,2.5,11.36,10.36,5.18,0.42,0.47,0.57,0.17,0.75,0.25,0.8,0.0,0.89,0.36,4.55,0.0,0.09,18.18,0.31
4,臺北台新戰神,3|5|10867|14845,陳文宏/黃聰翰/威力斯/恩多,2,25,28.0,427.21,7.12,07:07,213.61,3.56,03:34,11.0,5.5,39.29,55.62,9.0,4.5,32.14,45.5,12.0,6.0,42.86,60.67,5.0,2.5,17.86,25.28,7.0,3.5,25.0,35.39,4.0,2.0,14.29,20.22,5.0,2.5,17.86,25.28,1.0,0.5,3.57,5.06,2.0,1.0,7.14,10.11,0.0,0.0,0.0,0.0,1.0,0.5,3.57,5.06,7.0,3.5,25.0,35.39,1.0,0.5,3.57,5.06,8.0,4.0,28.57,40.45,0.0,0.0,0.0,0.0,1.0,0.5,3.57,5.06,0.0,0.0,0.0,0.0,0.0,0.0,0.0,0.0,2.0,1.0,7.14,10.11,3.0,1.5,10.71,15.17,39.29,32.14,7.14,94.38,2.0,1.0,7.14,7.12,3.56,0.46,0.43,0.57,0.2,0.0,0.0,0.2,0.11,0.88,0.47,0.0,0.0,0.07,10.71,0.17
4,臺北台新戰神,3|5|10863|14845,陳文宏/黃聰翰/魏芃禾/恩多,1,11,14.0,219.0,3.65,03:39,219.0,3.65,03:39,6.0,6.0,42.86,59.18,7.0,7.0,50.0,69.04,6.0,6.0,42.86,59.18,3.0,3.0,21.43,29.59,4.0,4.0,28.57,39.45,3.0,3.0,21.43,29.59,2.0,2.0,14.29,19.73,0.0,0.0,0.0,0.0,2.0,2.0,14.29,19.73,0.0,0.0,0.0,0.0,1.0,1.0,7.14,9.86,3.0,3.0,21.43,29.59,1.0,1.0,7.14,9.86,3.0,3.0,21.43,29.59,0.0,0.0,0.0,0.0,0.0,0.0,0.0,0.0,0.0,0.0,0.0,0.0,0.0,0.0,0.0,0.0,2.0,2.0,14.29,19.73,2.0,2.0,14.29,19.73,42.86,50.0,-7.14,92.05,-1.0,-1.0,-7.14,3.65,3.65,0.5,0.44,0.75,0.0,0.0,0.0,0.0,0.25,0.75,0.5,0.0,0.0,0.14,14.29,0.33
4,臺北台新戰神,3|10863|10867|14845,陳文宏/魏芃禾/威力斯/恩多,2,19,22.0,351.0,5.85,05:51,175.5,2.92,02:56,8.0,4.0,36.36,49.23,14.0,7.0,63.64,86.15,10.0,5.0,45.45,61.54,4.0,2.0,18.18,24.62,7.0,3.5,31.82,43.08,4.0,2.0,18.18,24.62,3.0,1.5,13.64,18.46,0.0,0.0,0.0,0.0,2.0,1.0,9.09,12.31,0.0,0.0,0.0,0.0,1.0,0.5,4.55,6.15,6.0,3.0,27.27,36.92,1.0,0.5,4.55,6.15,4.0,2.0,18.18,24.62,0.0,0.0,0.0,0.0,1.0,0.5,4.55,6.15,0.0,0.0,0.0,0.0,0.0,0.0,0.0,0.0,2.0,1.0,9.09,12.31,2.0,1.0,9.09,12.31,36.36,63.64,-27.27,90.26,-6.0,-3.0,-27.27,5.85,2.92,0.4,0.37,0.57,0.0,0.0,0.0,0.25,0.2,0.86,0.58,0.0,0.0,0.09,9.09,0.2
4,臺北台新戰神,5|10863|10867|14845,黃聰翰/魏芃禾/威力斯/恩多,3,25,31.0,429.09,7.15,07:09,143.03,2.38,02:23,9.0,3.0,29.03,45.31,19.0,6.33,61.29,95.64,12.0,4.0,38.71,60.41,4.0,1.33,12.9,20.14,7.0,2.33,22.58,35.24,3.0,1.0,9.68,15.1,5.0,1.67,16.13,25.17,1.0,0.33,3.23,5.03,2.0,0.67,6.45,10.07,0.0,0.0,0.0,0.0,2.0,0.67,6.45,10.07,7.0,2.33,22.58,35.24,2.0,0.67,6.45,10.07,5.0,1.67,16.13,25.17,1.0,0.33,3.23,5.03,1.0,0.33,3.23,5.03,1.0,0.33,3.23,5.03,0.0,0.0,0.0,0.0,3.0,1.0,9.68,15.1,2.0,0.67,6.45,10.07,29.03,61.29,-32.26,104.03,-10.0,-3.33,-32.26,7.15,2.38,0.38,0.35,0.43,0.2,0.0,0.07,0.25,0.29,0.78,0.56,3.23,0.0,0.1,6.45,0.17
4,臺北台新戰神,5|10|10863|10867,黃聰翰/雷蒙恩/魏芃禾/威力斯,2,18,21.0,291.0,4.85,04:51,145.5,2.43,02:26,8.0,4.0,38.1,59.38,11.0,5.5,52.38,81.65,9.0,4.5,42.86,66.8,3.0,1.5,14.29,22.27,4.0,2.0,19.05,29.69,1.0,0.5,4.76,7.42,5.0,2.5,23.81,37.11,2.0,1.0,9.52,14.85,0.0,0.0,0.0,0.0,0.0,0.0,0.0,0.0,1.0,0.5,4.76,7.42,5.0,2.5,23.81,37.11,1.0,0.5,4.76,7.42,4.0,2.0,19.05,29.69,1.0,0.5,4.76,7.42,3.0,1.5,14.29,22.27,1.0,0.5,4.76,7.42,0.0,0.0,0.0,0.0,1.0,0.5,4.76,7.42,0.0,0.0,0.0,0.0,38.1,52.38,-14.29,103.92,-3.0,-1.5,-14.29,4.85,2.43,0.44,0.44,0.25,0.4,,0.1,1.0,0.2,0.83,0.55,4.76,0.0,0.05,0.0,0.0
4,臺北台新戰神,5|10|10863|13907,黃聰翰/雷蒙恩/魏芃禾/梅克,2,14,17.0,254.0,4.23,04:14,127.0,2.12,02:07,8.0,4.0,47.06,68.03,10.0,5.0,58.82,85.04,8.0,4.0,47.06,68.03,3.0,1.5,17.65,25.51,4.0,2.0,23.53,34.02,1.0,0.5,5.88,8.5,4.0,2.0,23.53,34.02,2.0,1.0,11.76,17.01,0.0,0.0,0.0,0.0,0.0,0.0,0.0,0.0,0.0,0.0,0.0,0.0,4.0,2.0,23.53,34.02,2.0,1.0,11.76,17.01,2.0,1.0,11.76,17.01,0.0,0.0,0.0,0.0,3.0,1.5,17.65,25.51,0.0,0.0,0.0,0.0,1.0,0.5,5.88,8.5,0.0,0.0,0.0,0.0,1.0,0.5,5.88,8.5,47.06,58.82,-11.76,96.38,-2.0,-1.0,-11.76,4.23,2.12,0.5,0.5,0.25,0.5,,0.0,1.0,0.0,0.67,0.5,0.0,5.88,0.0,5.88,0.0
4,臺北台新戰神,5|10863|10867|13907,黃聰翰/魏芃禾/威力斯/梅克,2,11,12.0,194.57,3.24,03:15,97.29,1.62,01:37,5.0,2.5,41.67,55.51,6.0,3.0,50.0,66.61,5.0,2.5,41.67,55.51,2.0,1.0,16.67,22.2,3.0,1.5,25.0,33.3,1.0,0.5,8.33,11.1,2.0,1.0,16.67,22.2,1.0,0.5,8.33,11.1,0.0,0.0,0.0,0.0,0.0,0.0,0.0,0.0,0.0,0.0,0.0,0.0,3.0,1.5,25.0,33.3,1.0,0.5,8.33,11.1,2.0,1.0,16.67,22.2,0.0,0.0,0.0,0.0,2.0,1.0,16.67,22.2,0.0,0.0,0.0,0.0,0.0,0.0,0.0,0.0,1.0,0.5,8.33,11.1,2.0,1.0,16.67,22.2,41.67,50.0,-8.33,88.81,-1.0,-0.5,-8.33,3.24,1.62,0.5,0.5,0.33,0.5,,0.0,1.0,0.0,0.75,0.5,0.0,0.0,0.08,16.67,0.0
4,臺北台新戰神,10|10863|10867|13907,雷蒙恩/魏芃禾/威力斯/梅克,1,7,8.0,135.0,2.25,02:15,135.0,2.25,02:15,5.0,5.0,62.5,80.0,2.0,2.0,25.0,32.0,4.0,4.0,50.0,64.0,2.0,2.0,25.0,32.0,2.0,2.0,25.0,32.0,1.0,1.0,12.5,16.0,2.0,2.0,25.0,32.0,1.0,1.0,12.5,16.0,0.0,0.0,0.0,0.0,0.0,0.0,0.0,0.0,0.0,0.0,0.0,0.0,2.0,2.0,25.0,32.0,1.0,1.0,12.5,16.0,2.0,2.0,25.0,32.0,0.0,0.0,0.0,0.0,2.0,2.0,25.0,32.0,0.0,0.0,0.0,0.0,0.0,0.0,0.0,0.0,0.0,0.0,0.0,0.0,0.0,0.0,0.0,0.0,62.5,25.0,37.5,85.33,3.0,3.0,37.5,2.25,2.25,0.62,0.62,0.5,0.5,,0.0,1.0,0.0,0.67,0.4,0.0,0.0,0.0,0.0,0.0
4,臺北台新戰神,3|10|10863|13907,陳文宏/雷蒙恩/魏芃禾/梅克,1,1,1.0,20.0,0.33,00:20,20.0,0.33,00:20,0.0,0.0,0.0,0.0,3.0,3.0,300.0,324.0,0.0,0.0,0.0,0.0,0.0,0.0,0.0,0.0,0.0,0.0,0.0,0.0,0.0,0.0,0.0,0.0,0.0,0.0,0.0,0.0,0.0,0.0,0.0,0.0,0.0,0.0,0.0,0.0,0.0,0.0,0.0,0.0,0.0,0.0,0.0,0.0,0.0,0.0,0.0,0.0,0.0,0.0,0.0,0.0,0.0,0.0,0.0,0.0,0.0,0.0,0.0,0.0,0.0,0.0,0.0,0.0,0.0,0.0,0.0,0.0,0.0,0.0,0.0,0.0,1.0,1.0,100.0,108.0,0.0,0.0,0.0,0.0,0.0,300.0,-300.0,72.0,-3.0,-3.0,-300.0,0.33,0.33,,,,,,,,,,,0.0,0.0,1.0,0.0,
4,臺北台新戰神,3|10|10863|14845,陳文宏/雷蒙恩/魏芃禾/恩多,1,8,9.0,85.81,1.43,01:26,85.81,1.43,01:26,2.0,2.0,22.22,50.34,3.0,3.0,33.33,75.52,2.0,2.0,22.22,50.34,0.0,0.0,0.0,0.0,2.0,2.0,22.22,50.34,0.0,0.0,0.0,0.0,0.0,0.0,0.0,0.0,0.0,0.0,0.0,0.0,2.0,2.0,22.22,50.34,2.0,2.0,22.22,50.34,1.0,1.0,11.11,25.17,1.0,1.0,11.11,25.17,0.0,0.0,0.0,0.0,2.0,2.0,22.22,50.34,1.0,1.0,11.11,25.17,1.0,1.0,11.11,25.17,1.0,1.0,11.11,25.17,2.0,2.0,22.22,50.34,1.0,1.0,11.11,25.17,0.0,0.0,0.0,0.0,22.22,33.33,-11.11,151.03,-1.0,-1.0,-11.11,1.43,1.43,0.0,0.35,0.0,,1.0,0.26,,0.33,1.0,0.5,11.11,22.22,0.11,0.0,1.0
4,臺北台新戰神,3|10|13907|14845,陳文宏/雷蒙恩/梅克/恩多,4,32,38.0,521.54,8.69,08:42,130.39,2.17,02:10,13.0,3.25,34.21,53.84,17.0,4.25,44.74,70.41,11.0,2.75,28.95,45.56,4.0,1.0,10.53,16.57,4.0,1.0,10.53,16.57,2.0,0.5,5.26,8.28,7.0,1.75,18.42,28.99,2.0,0.5,5.26,8.28,4.0,1.0,10.53,16.57,3.0,0.75,7.89,12.42,1.0,0.25,2.63,4.14,6.0,1.5,15.79,24.85,4.0,1.0,10.53,16.57,9.0,2.25,23.68,37.27,3.0,0.75,7.89,12.42,4.0,1.0,10.53,16.57,1.0,0.25,2.63,4.14,0.0,0.0,0.0,0.0,5.0,1.25,13.16,20.71,2.0,0.5,5.26,8.28,34.21,44.74,-10.53,104.92,-4.0,-1.0,-10.53,8.69,2.17,0.45,0.51,0.5,0.29,0.75,0.19,1.0,0.1,0.6,0.35,2.63,0.0,0.13,5.26,0.36
4,臺北台新戰神,3|10863|13907|14845,陳文宏/魏芃禾/梅克/恩多,1,1,1.0,20.0,0.33,00:20,20.0,0.33,00:20,0.0,0.0,0.0,0.0,3.0,3.0,300.0,324.0,0.0,0.0,0.0,0.0,0.0,0.0,0.0,0.0,0.0,0.0,0.0,0.0,0.0,0.0,0.0,0.0,0.0,0.0,0.0,0.0,0.0,0.0,0.0,0.0,0.0,0.0,0.0,0.0,0.0,0.0,0.0,0.0,0.0,0.0,0.0,0.0,0.0,0.0,0.0,0.0,0.0,0.0,0.0,0.0,0.0,0.0,0.0,0.0,0.0,0.0,0.0,0.0,0.0,0.0,0.0,0.0,0.0,0.0,0.0,0.0,0.0,0.0,0.0,0.0,1.0,1.0,100.0,108.0,0.0,0.0,0.0,0.0,0.0,300.0,-300.0,72.0,-3.0,-3.0,-300.0,0.33,0.33,,,,,,,,,,,0.0,0.0,1.0,0.0,
4,臺北台新戰神,10|10863|13907|14845,雷蒙恩/魏芃禾/梅克/恩多,2,8,10.0,139.0,2.32,02:19,69.5,1.16,01:09,3.0,1.5,30.0,46.62,11.0,5.5,110.0,170.94,4.0,2.0,40.0,62.16,1.0,0.5,10.0,15.54,2.0,1.0,20.0,31.08,0.0,0.0,0.0,0.0,2.0,1.0,20.0,31.08,1.0,0.5,10.0,15.54,0.0,0.0,0.0,0.0,0.0,0.0,0.0,0.0,0.0,0.0,0.0,0.0,2.0,1.0,20.0,31.08,1.0,0.5,10.0,15.54,0.0,0.0,0.0,0.0,0.0,0.0,0.0,0.0,1.0,0.5,10.0,15.54,0.0,0.0,0.0,0.0,1.0,0.5,10.0,15.54,1.0,0.5,10.0,15.54,1.0,0.5,10.0,15.54,30.0,110.0,-80.0,103.6,-8.0,-4.0,-80.0,2.32,1.16,0.38,0.38,0.0,0.5,,0.0,1.0,,0.67,0.67,0.0,10.0,0.1,10.0,0.0
4,臺北台新戰神,3|10|10864|14845,陳文宏/雷蒙恩/劉彥廷/恩多,1,7,8.0,65.81,1.1,01:06,65.81,1.1,01:06,2.0,2.0,25.0,65.64,0.0,0.0,0.0,0.0,2.0,2.0,25.0,65.64,0.0,0.0,0.0,0.0,2.0,2.0,25.0,65.64,0.0,0.0,0.0,0.0,0.0,0.0,0.0,0.0,0.0,0.0,0.0,0.0,2.0,2.0,25.0,65.64,2.0,2.0,25.0,65.64,1.0,1.0,12.5,32.82,1.0,1.0,12.5,32.82,0.0,0.0,0.0,0.0,2.0,2.0,25.0,65.64,1.0,1.0,12.5,32.82,1.0,1.0,12.5,32.82,1.0,1.0,12.5,32.82,2.0,2.0,25.0,65.64,0.0,0.0,0.0,0.0,0.0,0.0,0.0,0.0,25.0,0.0,25.0,175.05,2.0,2.0,25.0,1.1,1.1,0.0,0.35,0.0,,1.0,0.26,,0.33,1.0,0.5,12.5,25.0,0.0,0.0,1.0
4,臺北台新戰神,3|10863|10864|14845,陳文宏/魏芃禾/劉彥廷/恩多,2,16,19.0,191.85,3.2,03:12,95.92,1.6,01:36,2.0,1.0,10.53,22.52,5.0,2.5,26.32,56.29,5.0,2.5,26.32,56.29,0.0,0.0,0.0,0.0,4.0,2.0,21.05,45.04,0.0,0.0,0.0,0.0,1.0,0.5,5.26,11.26,0.0,0.0,0.0,0.0,4.0,2.0,21.05,45.04,2.0,1.0,10.53,22.52,3.0,1.5,15.79,33.78,3.0,1.5,15.79,33.78,1.0,0.5,5.26,11.26,3.0,1.5,15.79,33.78,3.0,1.5,15.79,33.78,1.0,0.5,5.26,11.26,3.0,1.5,15.79,33.78,3.0,1.5,15.79,33.78,1.0,0.5,5.26,11.26,1.0,0.5,5.26,11.26,10.53,26.32,-15.79,142.61,-3.0,-1.5,-15.79,3.2,1.6,0.0,0.15,0.0,0.0,0.5,0.31,,0.5,0.75,0.6,15.79,15.79,0.05,5.26,0.8
4,臺北台新戰神,10|10863|10864|14845,雷蒙恩/魏芃禾/劉彥廷/恩多,1,7,8.0,65.81,1.1,01:06,65.81,1.1,01:06,2.0,2.0,25.0,65.64,0.0,0.0,0.0,0.0,2.0,2.0,25.0,65.64,0.0,0.0,0.0,0.0,2.0,2.0,25.0,65.64,0.0,0.0,0.0,0.0,0.0,0.0,0.0,0.0,0.0,0.0,0.0,0.0,2.0,2.0,25.0,65.64,2.0,2.0,25.0,65.64,1.0,1.0,12.5,32.82,1.0,1.0,12.5,32.82,0.0,0.0,0.0,0.0,2.0,2.0,25.0,65.64,1.0,1.0,12.5,32.82,1.0,1.0,12.5,32.82,1.0,1.0,12.5,32.82,2.0,2.0,25.0,65.64,0.0,0.0,0.0,0.0,0.0,0.0,0.0,0.0,25.0,0.0,25.0,175.05,2.0,2.0,25.0,1.1,1.1,0.0,0.35,0.0,,1.0,0.26,,0.33,1.0,0.5,12.5,25.0,0.0,0.0,1.0
4,臺北台新戰神,2|3|13|10864,江均/陳文宏/陳冠全/劉彥廷,2,20,29.0,338.5,5.64,05:38,169.25,2.82,02:49,6.0,3.0,20.69,38.29,9.0,4.5,31.03,57.43,11.0,5.5,37.93,70.19,2.0,1.0,6.9,12.76,5.0,2.5,17.24,31.91,0.0,0.0,0.0,0.0,6.0,3.0,20.69,38.29,2.0,1.0,6.9,12.76,0.0,0.0,0.0,0.0,0.0,0.0,0.0,0.0,4.0,2.0,13.79,25.52,4.0,2.0,13.79,25.52,3.0,1.5,10.34,19.14,2.0,1.0,6.9,12.76,4.0,2.0,13.79,25.52,1.0,0.5,3.45,6.38,1.0,0.5,3.45,6.38,1.0,0.5,3.45,6.38,1.0,0.5,3.45,6.38,9.0,4.5,31.03,57.43,20.69,31.03,-10.34,123.37,-3.0,-1.5,-10.34,5.64,2.82,0.27,0.27,0.0,0.33,,0.27,0.5,0.67,0.57,0.62,3.45,3.45,0.03,31.03,0.0
4,臺北台新戰神,2|13|10863|10864,江均/陳冠全/魏芃禾/劉彥廷,3,27,38.0,481.5,8.02,08:01,160.5,2.67,02:40,18.0,6.0,47.37,80.75,14.0,4.67,36.84,62.8,17.0,5.67,44.74,76.26,7.0,2.33,18.42,31.4,9.0,3.0,23.68,40.37,4.0,1.33,10.53,17.94,8.0,2.67,21.05,35.89,3.0,1.0,7.89,13.46,2.0,0.67,5.26,8.97,1.0,0.33,2.63,4.49,4.0,1.33,10.53,17.94,5.0,1.67,13.16,22.43,2.0,0.67,5.26,8.97,2.0,0.67,5.26,8.97,3.0,1.0,7.89,13.46,3.0,1.0,7.89,13.46,1.0,0.33,2.63,4.49,1.0,0.33,2.63,4.49,1.0,0.33,2.63,4.49,12.0,4.0,31.58,53.83,47.37,36.84,10.53,113.65,4.0,1.33,10.53,8.02,2.67,0.5,0.5,0.44,0.38,0.5,0.14,0.43,0.67,0.71,0.69,2.63,2.63,0.03,31.58,0.12
4,臺北台新戰神,3|13|10863|10864,陳文宏/陳冠全/魏芃禾/劉彥廷,2,17,25.0,303.5,5.06,05:03,151.75,2.53,02:32,6.0,3.0,24.0,42.7,6.0,3.0,24.0,42.7,11.0,5.5,44.0,78.29,2.0,1.0,8.0,14.23,5.0,2.5,20.0,35.59,0.0,0.0,0.0,0.0,6.0,3.0,24.0,42.7,2.0,1.0,8.0,14.23,0.0,0.0,0.0,0.0,0.0,0.0,0.0,0.0,4.0,2.0,16.0,28.47,4.0,2.0,16.0,28.47,2.0,1.0,8.0,14.23,2.0,1.0,8.0,14.23,3.0,1.5,12.0,21.35,1.0,0.5,4.0,7.12,1.0,0.5,4.0,7.12,1.0,0.5,4.0,7.12,1.0,0.5,4.0,7.12,7.0,3.5,28.0,49.82,24.0,24.0,0.0,118.62,0.0,0.0,0.0,5.06,2.53,0.27,0.27,0.0,0.33,,0.21,0.5,0.67,0.67,0.67,4.0,4.0,0.04,28.0,0.0
4,桃園台啤永豐雲豹,12|55|58|3129,曹薰襄/汪哲宇/林信寬/董永全,1,1,2.0,22.0,0.37,00:22,22.0,0.37,00:22,0.0,0.0,0.0,0.0,0.0,0.0,0.0,0.0,0.0,0.0,0.0,0.0,0.0,0.0,0.0,0.0,0.0,0.0,0.0,0.0,0.0,0.0,0.0,0.0,0.0,0.0,0.0,0.0,0.0,0.0,0.0,0.0,0.0,0.0,0.0,0.0,0.0,0.0,0.0,0.0,0.0,0.0,0.0,0.0,0.0,0.0,0.0,0.0,2.0,2.0,100.0,196.36,1.0,1.0,50.0,98.18,0.0,0.0,0.0,0.0,0.0,0.0,0.0,0.0,0.0,0.0,0.0,0.0,0.0,0.0,0.0,0.0,1.0,1.0,50.0,98.18,0.0,0.0,0.0,0.0,0.0,0.0,0.0,130.91,0.0,0.0,0.0,0.37,0.37,,,,,,,,0.0,0.0,0.0,0.0,0.0,0.5,0.0,
4,桃園台啤永豐雲豹,55|58|3129|10861,汪哲宇/林信寬/董永全/迪亞洛,1,1,2.0,22.0,0.37,00:22,22.0,0.37,00:22,0.0,0.0,0.0,0.0,0.0,0.0,0.0,0.0,0.0,0.0,0.0,0.0,0.0,0.0,0.0,0.0,0.0,0.0,0.0,0.0,0.0,0.0,0.0,0.0,0.0,0.0,0.0,0.0,0.0,0.0,0.0,0.0,0.0,0.0,0.0,0.0,0.0,0.0,0.0,0.0,0.0,0.0,0.0,0.0,0.0,0.0,0.0,0.0,2.0,2.0,100.0,196.36,1.0,1.0,50.0,98.18,0.0,0.0,0.0,0.0,0.0,0.0,0.0,0.0,0.0,0.0,0.0,0.0,0.0,0.0,0.0,0.0,1.0,1.0,50.0,98.18,0.0,0.0,0.0,0.0,0.0,0.0,0.0,130.91,0.0,0.0,0.0,0.37,0.37,,,,,,,,0.0,0.0,0.0,0.0,0.0,0.5,0.0,
4,桃園台啤永豐雲豹,12|55|58|10884,曹薰襄/汪哲宇/林信寬/徐宏瑋,1,1,1.0,13.04,0.22,00:13,13.04,0.22,00:13,1.0,1.0,100.0,165.64,0.0,0.0,0.0,0.0,0.0,0.0,0.0,0.0,0.0,0.0,0.0,0.0,0.0,0.0,0.0,0.0,0.0,0.0,0.0,0.0,0.0,0.0,0.0,0.0,0.0,0.0,0.0,0.0,2.0,2.0,200.0,331.29,1.0,1.0,100.0,165.64,0.0,0.0,0.0,0.0,1.0,1.0,100.0,165.64,0.0,0.0,0.0,0.0,0.0,0.0,0.0,0.0,0.0,0.0,0.0,0.0,0.0,0.0,0.0,0.0,0.0,0.0,0.0,0.0,0.0,0.0,0.0,0.0,0.0,0.0,0.0,0.0,0.0,0.0,0.0,0.0,100.0,0.0,100.0,110.43,1.0,1.0,100.0,0.22,0.22,,0.57,,,0.5,0.0,,,1.0,1.0,0.0,0.0,0.0,0.0,
4,新竹御嵿攻城獅,75|88|10885|14843,高國豪/盧冠軒/劉丞勳/馬力,3,26,32.0,435.37,7.26,07:15,145.12,2.42,02:25,6.0,2.0,18.75,29.77,7.0,2.33,21.88,34.73,12.0,4.0,37.5,59.54,1.0,0.33,3.12,4.96,3.0,1.0,9.38,14.88,1.0,0.33,3.12,4.96,9.0,3.0,28.12,44.65,0.0,0.0,0.0,0.0,6.0,2.0,18.75,29.77,4.0,1.33,12.5,19.85,4.0,1.33,12.5,19.85,8.0,2.67,25.0,39.69,2.0,0.67,6.25,9.92,7.0,2.33,21.88,34.73,2.0,0.67,6.25,9.92,2.0,0.67,6.25,9.92,2.0,0.67,6.25,9.92,0.0,0.0,0.0,0.0,3.0,1.0,9.38,14.88,3.0,1.0,9.38,14.88,18.75,21.88,-3.12,105.84,-1.0,-0.33,-3.12,7.26,2.42,0.08,0.2,0.33,0.0,0.67,0.12,2.0,0.36,0.8,0.57,6.25,0.0,0.09,9.38,0.5
4,新竹御嵿攻城獅,75|10862|10885|14843,高國豪/提傑/劉丞勳/馬力,3,51,61.0,888.97,14.82,14:49,296.32,4.94,04:56,20.0,6.67,32.79,48.6,16.0,5.33,26.23,38.88,22.0,7.33,36.07,53.46,7.0,2.33,11.48,17.01,11.0,3.67,18.03,26.73,5.0,1.67,8.2,12.15,11.0,3.67,18.03,26.73,2.0,0.67,3.28,4.86,6.0,2.0,9.84,14.58,4.0,1.33,6.56,9.72,5.0,1.67,8.2,12.15,11.0,3.67,18.03,26.73,5.0,1.67,8.2,12.15,15.0,5.0,24.59,36.45,5.0,1.67,8.2,12.15,5.0,1.67,8.2,12.15,2.0,0.67,3.28,4.86,0.0,0.0,0.0,0.0,4.0,1.33,6.56,9.72,2.0,0.67,3.28,4.86,32.79,26.23,6.56,98.81,4.0,1.33,6.56,14.82,4.94,0.36,0.41,0.45,0.18,0.67,0.17,0.71,0.25,0.69,0.44,3.28,0.0,0.07,3.28,0.27
4,新竹御嵿攻城獅,75|10885|14843|14982,高國豪/劉丞勳/馬力/徐小龍,1,33,35.0,482.7,8.05,08:03,482.7,8.05,08:03,15.0,15.0,42.86,67.12,15.0,15.0,42.86,67.12,13.0,13.0,37.14,58.17,6.0,6.0,17.14,26.85,8.0,8.0,22.86,35.8,3.0,3.0,8.57,13.42,5.0,5.0,14.29,22.37,3.0,3.0,8.57,13.42,0.0,0.0,0.0,0.0,0.0,0.0,0.0,0.0,1.0,1.0,2.86,4.47,6.0,6.0,17.14,26.85,0.0,0.0,0.0,0.0,8.0,8.0,22.86,35.8,4.0,4.0,11.43,17.9,4.0,4.0,11.43,17.9,3.0,3.0,8.57,13.42,0.0,0.0,0.0,0.0,4.0,4.0,11.43,17.9,10.0,10.0,28.57,44.75,42.86,42.86,0.0,104.41,0.0,0.0,0.0,8.05,8.05,0.58,0.58,0.38,0.6,,0.24,0.67,0.11,1.0,0.47,8.57,0.0,0.11,28.57,0.0
4,新竹御嵿攻城獅,75|87|10862|14843,高國豪/蔡宸綱/提傑/馬力,4,74,83.0,1308.02,21.8,21:48,327.01,5.45,05:27,21.0,5.25,25.3,34.68,52.0,13.0,62.65,85.87,29.0,7.25,34.94,47.89,7.0,1.75,8.43,11.56,12.0,3.0,14.46,19.82,4.0,1.0,4.82,6.61,17.0,4.25,20.48,28.07,3.0,0.75,3.61,4.95,5.0,1.25,6.02,8.26,3.0,0.75,3.61,4.95,3.0,0.75,3.61,4.95,19.0,4.75,22.89,31.38,3.0,0.75,3.61,4.95,16.0,4.0,19.28,26.42,8.0,2.0,9.64,13.21,6.0,1.5,7.23,9.91,6.0,1.5,7.23,9.91,3.0,0.75,3.61,4.95,10.0,2.5,12.05,16.51,8.0,2.0,9.64,13.21,25.3,62.65,-37.35,91.37,-31.0,-7.75,-37.35,21.8,5.45,0.29,0.34,0.33,0.18,0.6,0.2,0.86,0.16,0.86,0.54,7.23,3.61,0.12,9.64,0.17
4,新北中信特攻,40|47|8889|10879,謝亞軒/曾文鼎/馬可/簡廷兆,1,1,1.0,1.94,0.03,00:02,1.94,0.03,00:02,2.0,2.0,200.0,2229.1,0.0,0.0,0.0,0.0,0.0,0.0,0.0,0.0,0.0,0.0,0.0,0.0,0.0,0.0,0.0,0.0,0.0,0.0,0.0,0.0,0.0,0.0,0.0,0.0,0.0,0.0,0.0,0.0,2.0,2.0,200.0,2229.1,2.0,2.0,200.0,2229.1,0.0,0.0,0.0,0.0,0.0,0.0,0.0,0.0,0.0,0.0,0.0,0.0,0.0,0.0,0.0,0.0,0.0,0.0,0.0,0.0,0.0,0.0,0.0,0.0,0.0,0.0,0.0,0.0,0.0,0.0,0.0,0.0,1.0,1.0,100.0,1114.55,0.0,0.0,0.0,0.0,200.0,0.0,200.0,743.03,2.0,2.0,200.0,0.03,0.03,,1.14,,,1.0,0.0,,,,,0.0,0.0,1.0,0.0,
4,新竹御嵿攻城獅,78|87|10862|14843,朱雲豪/蔡宸綱/提傑/馬力,1,40,49.0,613.09,10.22,10:13,613.09,10.22,10:13,20.0,20.0,40.82,70.46,16.0,16.0,32.65,56.37,20.0,20.0,40.82,70.46,9.0,9.0,18.37,31.71,12.0,12.0,24.49,42.28,8.0,8.0,16.33,28.19,8.0,8.0,16.33,28.19,1.0,1.0,2.04,3.52,2.0,2.0,4.08,7.05,1.0,1.0,2.04,3.52,2.0,2.0,4.08,7.05,10.0,10.0,20.41,35.23,5.0,5.0,10.2,17.62,9.0,9.0,18.37,31.71,2.0,2.0,4.08,7.05,5.0,5.0,10.2,17.62,1.0,1.0,2.04,3.52,1.0,1.0,2.04,3.52,3.0,3.0,6.12,10.57,4.0,4.0,8.16,14.09,40.82,32.65,8.16,115.09,4.0,4.0,8.16,10.22,10.22,0.48,0.48,0.67,0.12,0.5,0.09,0.56,0.18,0.67,0.46,2.04,2.04,0.06,8.16,0.1
4,新竹御嵿攻城獅,78|87|10862|14982,朱雲豪/蔡宸綱/提傑/徐小龍,1,30,32.0,433.79,7.23,07:14,433.79,7.23,07:14,18.0,18.0,56.25,89.63,11.0,11.0,34.38,54.77,14.0,14.0,43.75,69.71,8.0,8.0,25.0,39.83,9.0,9.0,28.12,44.81,7.0,7.0,21.88,34.86,5.0,5.0,15.62,24.9,1.0,1.0,3.12,4.98,2.0,2.0,6.25,9.96,1.0,1.0,3.12,4.98,0.0,0.0,0.0,0.0,7.0,7.0,21.88,34.86,0.0,0.0,0.0,0.0,7.0,7.0,21.88,34.86,1.0,1.0,3.12,4.98,5.0,5.0,15.62,24.9,1.0,1.0,3.12,4.98,1.0,1.0,3.12,4.98,2.0,2.0,6.25,9.96,2.0,2.0,6.25,9.96,56.25,34.38,21.88,106.23,7.0,7.0,21.88,7.23,7.23,0.61,0.6,0.78,0.2,0.5,0.06,0.62,0.0,1.0,0.5,3.12,3.12,0.06,6.25,0.14
4,新竹御嵿攻城獅,78|87|14843|14982,朱雲豪/蔡宸綱/馬力/徐小龍,1,30,32.0,433.79,7.23,07:14,433.79,7.23,07:14,18.0,18.0,56.25,89.63,11.0,11.0,34.38,54.77,14.0,14.0,43.75,69.71,8.0,8.0,25.0,39.83,9.0,9.0,28.12,44.81,7.0,7.0,21.88,34.86,5.0,5.0,15.62,24.9,1.0,1.0,3.12,4.98,2.0,2.0,6.25,9.96,1.0,1.0,3.12,4.98,0.0,0.0,0.0,0.0,7.0,7.0,21.88,34.86,0.0,0.0,0.0,0.0,7.0,7.0,21.88,34.86,1.0,1.0,3.12,4.98,5.0,5.0,15.62,24.9,1.0,1.0,3.12,4.98,1.0,1.0,3.12,4.98,2.0,2.0,6.25,9.96,2.0,2.0,6.25,9.96,56.25,34.38,21.88,106.23,7.0,7.0,21.88,7.23,7.23,0.61,0.6,0.78,0.2,0.5,0.06,0.62,0.0,1.0,0.5,3.12,3.12,0.06,6.25,0.14
4,新竹御嵿攻城獅,75|10885|10888|14982,高國豪/劉丞勳/帕塞獅/徐小龍,1,27,29.0,396.7,6.61,06:37,396.7,6.61,06:37,12.0,12.0,41.38,65.34,12.0,12.0,41.38,65.34,11.0,11.0,37.93,59.89,5.0,5.0,17.24,27.22,7.0,7.0,24.14,38.11,3.0,3.0,10.34,16.33,4.0,4.0,13.79,21.78,2.0,2.0,6.9,10.89,0.0,0.0,0.0,0.0,0.0,0.0,0.0,0.0,1.0,1.0,3.45,5.44,5.0,5.0,17.24,27.22,0.0,0.0,0.0,0.0,6.0,6.0,20.69,32.67,3.0,3.0,10.34,16.33,3.0,3.0,10.34,16.33,3.0,3.0,10.34,16.33,0.0,0.0,0.0,0.0,4.0,4.0,13.79,21.78,8.0,8.0,27.59,43.56,41.38,41.38,0.0,105.27,0.0,0.0,0.0,6.61,6.61,0.55,0.55,0.43,0.5,,0.21,0.6,0.14,1.0,0.5,10.34,0.0,0.14,27.59,0.0
4,新竹御嵿攻城獅,75|10888|14843|14982,高國豪/帕塞獅/馬力/徐小龍,1,27,29.0,396.7,6.61,06:37,396.7,6.61,06:37,12.0,12.0,41.38,65.34,12.0,12.0,41.38,65.34,11.0,11.0,37.93,59.89,5.0,5.0,17.24,27.22,7.0,7.0,24.14,38.11,3.0,3.0,10.34,16.33,4.0,4.0,13.79,21.78,2.0,2.0,6.9,10.89,0.0,0.0,0.0,0.0,0.0,0.0,0.0,0.0,1.0,1.0,3.45,5.44,5.0,5.0,17.24,27.22,0.0,0.0,0.0,0.0,6.0,6.0,20.69,32.67,3.0,3.0,10.34,16.33,3.0,3.0,10.34,16.33,3.0,3.0,10.34,16.33,0.0,0.0,0.0,0.0,4.0,4.0,13.79,21.78,8.0,8.0,27.59,43.56,41.38,41.38,0.0,105.27,0.0,0.0,0.0,6.61,6.61,0.55,0.55,0.43,0.5,,0.21,0.6,0.14,1.0,0.5,10.34,0.0,0.14,27.59,0.0
4,新竹御嵿攻城獅,10885|10888|14843|14982,劉丞勳/帕塞獅/馬力/徐小龍,2,37,42.0,534.3,8.9,08:54,267.15,4.45,04:27,17.0,8.5,40.48,68.73,17.0,8.5,40.48,68.73,14.0,7.0,33.33,56.6,6.0,3.0,14.29,24.26,9.0,4.5,21.43,36.38,3.0,1.5,7.14,12.13,5.0,2.5,11.9,20.21,3.0,1.5,7.14,12.13,2.0,1.0,4.76,8.09,2.0,1.0,4.76,8.09,1.0,0.5,2.38,4.04,7.0,3.5,16.67,28.3,2.0,1.0,4.76,8.09,8.0,4.0,19.05,32.34,4.0,2.0,9.52,16.17,4.0,2.0,9.52,16.17,4.0,2.0,9.52,16.17,0.0,0.0,0.0,0.0,5.0,2.5,11.9,20.21,11.0,5.5,26.19,44.47,40.48,40.48,0.0,113.2,0.0,0.0,0.0,8.9,4.45,0.54,0.57,0.33,0.6,1.0,0.21,0.67,0.11,0.78,0.44,9.52,0.0,0.12,26.19,0.14
4,新竹御嵿攻城獅,75|88|10888|14843,高國豪/盧冠軒/帕塞獅/馬力,1,8,9.0,95.25,1.59,01:35,95.25,1.59,01:35,2.0,2.0,22.22,45.36,2.0,2.0,22.22,45.36,3.0,3.0,33.33,68.03,0.0,0.0,0.0,0.0,1.0,1.0,11.11,22.68,0.0,0.0,0.0,0.0,2.0,2.0,22.22,45.36,0.0,0.0,0.0,0.0,2.0,2.0,22.22,45.36,2.0,2.0,22.22,45.36,0.0,0.0,0.0,0.0,3.0,3.0,33.33,68.03,1.0,1.0,11.11,22.68,2.0,2.0,22.22,45.36,0.0,0.0,0.0,0.0,0.0,0.0,0.0,0.0,0.0,0.0,0.0,0.0,0.0,0.0,0.0,0.0,0.0,0.0,0.0,0.0,0.0,0.0,0.0,0.0,22.22,22.22,0.0,136.07,0.0,0.0,0.0,1.59,1.59,0.0,0.26,0.0,0.0,1.0,0.0,,0.0,0.75,0.5,0.0,0.0,0.0,0.0,0.67
4,新竹御嵿攻城獅,88|10885|10888|14843,盧冠軒/劉丞勳/帕塞獅/馬力,1,1,1.0,0.25,0.0,00:00,0.25,0.0,00:00,2.0,2.0,200.0,17419.35,0.0,0.0,0.0,0.0,0.0,0.0,0.0,0.0,0.0,0.0,0.0,0.0,0.0,0.0,0.0,0.0,0.0,0.0,0.0,0.0,0.0,0.0,0.0,0.0,0.0,0.0,0.0,0.0,2.0,2.0,200.0,17419.35,2.0,2.0,200.0,17419.35,0.0,0.0,0.0,0.0,0.0,0.0,0.0,0.0,0.0,0.0,0.0,0.0,0.0,0.0,0.0,0.0,0.0,0.0,0.0,0.0,0.0,0.0,0.0,0.0,0.0,0.0,0.0,0.0,0.0,0.0,0.0,0.0,0.0,0.0,0.0,0.0,0.0,0.0,0.0,0.0,200.0,0.0,200.0,5806.45,2.0,2.0,200.0,0.0,0.0,,1.14,,,1.0,0.0,,,,,0.0,0.0,0.0,0.0,
4,新竹御嵿攻城獅,78|87|88|14843,朱雲豪/蔡宸綱/盧冠軒/馬力,1,10,17.0,179.3,2.99,02:59,179.3,2.99,02:59,2.0,2.0,11.76,24.09,5.0,5.0,29.41,60.23,6.0,6.0,35.29,72.28,1.0,1.0,5.88,12.05,3.0,3.0,17.65,36.14,1.0,1.0,5.88,12.05,3.0,3.0,17.65,36.14,0.0,0.0,0.0,0.0,0.0,0.0,0.0,0.0,0.0,0.0,0.0,0.0,2.0,2.0,11.76,24.09,3.0,3.0,17.65,36.14,5.0,5.0,29.41,60.23,2.0,2.0,11.76,24.09,1.0,1.0,5.88,12.05,0.0,0.0,0.0,0.0,0.0,0.0,0.0,0.0,0.0,0.0,0.0,0.0,1.0,1.0,5.88,12.05,2.0,2.0,11.76,24.09,11.76,29.41,-17.65,136.53,-3.0,-3.0,-17.65,2.99,2.99,0.17,0.17,0.33,0.0,,0.14,0.0,0.5,0.38,0.42,0.0,0.0,0.06,11.76,0.0
4,新竹御嵿攻城獅,80|87|90|14843,田浩/蔡宸綱/李啓瑋/馬力,1,3,3.0,43.8,0.73,00:44,43.8,0.73,00:44,1.0,1.0,33.33,49.31,2.0,2.0,66.67,98.62,1.0,1.0,33.33,49.31,0.0,0.0,0.0,0.0,1.0,1.0,33.33,49.31,0.0,0.0,0.0,0.0,0.0,0.0,0.0,0.0,0.0,0.0,0.0,0.0,2.0,2.0,66.67,98.62,1.0,1.0,33.33,49.31,0.0,0.0,0.0,0.0,2.0,2.0,66.67,98.62,0.0,0.0,0.0,0.0,0.0,0.0,0.0,0.0,0.0,0.0,0.0,0.0,0.0,0.0,0.0,0.0,0.0,0.0,0.0,0.0,0.0,0.0,0.0,0.0,0.0,0.0,0.0,0.0,0.0,0.0,0.0,0.0,33.33,66.67,-33.33,98.62,-1.0,-1.0,-33.33,0.73,0.73,0.0,0.27,0.0,,0.5,0.0,,,1.0,1.0,0.0,0.0,0.0,0.0,2.0
4,新竹御嵿攻城獅,80|87|10862|14843,田浩/蔡宸綱/提傑/馬力,1,3,3.0,43.8,0.73,00:44,43.8,0.73,00:44,1.0,1.0,33.33,49.31,2.0,2.0,66.67,98.62,1.0,1.0,33.33,49.31,0.0,0.0,0.0,0.0,1.0,1.0,33.33,49.31,0.0,0.0,0.0,0.0,0.0,0.0,0.0,0.0,0.0,0.0,0.0,0.0,2.0,2.0,66.67,98.62,1.0,1.0,33.33,49.31,0.0,0.0,0.0,0.0,2.0,2.0,66.67,98.62,0.0,0.0,0.0,0.0,0.0,0.0,0.0,0.0,0.0,0.0,0.0,0.0,0.0,0.0,0.0,0.0,0.0,0.0,0.0,0.0,0.0,0.0,0.0,0.0,0.0,0.0,0.0,0.0,0.0,0.0,0.0,0.0,33.33,66.67,-33.33,98.62,-1.0,-1.0,-33.33,0.73,0.73,0.0,0.27,0.0,,0.5,0.0,,,1.0,1.0,0.0,0.0,0.0,0.0,2.0
4,新竹御嵿攻城獅,80|90|10862|14843,田浩/李啓瑋/提傑/馬力,1,3,3.0,43.8,0.73,00:44,43.8,0.73,00:44,1.0,1.0,33.33,49.31,2.0,2.0,66.67,98.62,1.0,1.0,33.33,49.31,0.0,0.0,0.0,0.0,1.0,1.0,33.33,49.31,0.0,0.0,0.0,0.0,0.0,0.0,0.0,0.0,0.0,0.0,0.0,0.0,2.0,2.0,66.67,98.62,1.0,1.0,33.33,49.31,0.0,0.0,0.0,0.0,2.0,2.0,66.67,98.62,0.0,0.0,0.0,0.0,0.0,0.0,0.0,0.0,0.0,0.0,0.0,0.0,0.0,0.0,0.0,0.0,0.0,0.0,0.0,0.0,0.0,0.0,0.0,0.0,0.0,0.0,0.0,0.0,0.0,0.0,0.0,0.0,33.33,66.67,-33.33,98.62,-1.0,-1.0,-33.33,0.73,0.73,0.0,0.27,0.0,,0.5,0.0,,,1.0,1.0,0.0,0.0,0.0,0.0,2.0
4,新竹御嵿攻城獅,87|90|10862|14843,蔡宸綱/李啓瑋/提傑/馬力,1,3,3.0,43.8,0.73,00:44,43.8,0.73,00:44,1.0,1.0,33.33,49.31,2.0,2.0,66.67,98.62,1.0,1.0,33.33,49.31,0.0,0.0,0.0,0.0,1.0,1.0,33.33,49.31,0.0,0.0,0.0,0.0,0.0,0.0,0.0,0.0,0.0,0.0,0.0,0.0,2.0,2.0,66.67,98.62,1.0,1.0,33.33,49.31,0.0,0.0,0.0,0.0,2.0,2.0,66.67,98.62,0.0,0.0,0.0,0.0,0.0,0.0,0.0,0.0,0.0,0.0,0.0,0.0,0.0,0.0,0.0,0.0,0.0,0.0,0.0,0.0,0.0,0.0,0.0,0.0,0.0,0.0,0.0,0.0,0.0,0.0,0.0,0.0,33.33,66.67,-33.33,98.62,-1.0,-1.0,-33.33,0.73,0.73,0.0,0.27,0.0,,0.5,0.0,,,1.0,1.0,0.0,0.0,0.0,0.0,2.0
4,新竹御嵿攻城獅,80|87|90|10888,田浩/蔡宸綱/李啓瑋/帕塞獅,1,12,13.0,174.7,2.91,02:55,174.7,2.91,02:55,5.0,5.0,38.46,61.82,6.0,6.0,46.15,74.19,4.0,4.0,30.77,49.46,2.0,2.0,15.38,24.73,3.0,3.0,23.08,37.09,1.0,1.0,7.69,12.36,1.0,1.0,7.69,12.36,1.0,1.0,7.69,12.36,0.0,0.0,0.0,0.0,0.0,0.0,0.0,0.0,0.0,0.0,0.0,0.0,2.0,2.0,15.38,24.73,0.0,0.0,0.0,0.0,3.0,3.0,23.08,37.09,2.0,2.0,15.38,24.73,1.0,1.0,7.69,12.36,0.0,0.0,0.0,0.0,0.0,0.0,0.0,0.0,2.0,2.0,15.38,24.73,3.0,3.0,23.08,37.09,38.46,46.15,-7.69,107.16,-1.0,-1.0,-7.69,2.91,2.91,0.62,0.62,0.33,1.0,,0.33,0.5,0.0,1.0,0.4,0.0,0.0,0.15,23.08,0.0
4,新竹御嵿攻城獅,87|90|10862|10888,蔡宸綱/李啓瑋/提傑/帕塞獅,1,12,13.0,174.7,2.91,02:55,174.7,2.91,02:55,5.0,5.0,38.46,61.82,6.0,6.0,46.15,74.19,4.0,4.0,30.77,49.46,2.0,2.0,15.38,24.73,3.0,3.0,23.08,37.09,1.0,1.0,7.69,12.36,1.0,1.0,7.69,12.36,1.0,1.0,7.69,12.36,0.0,0.0,0.0,0.0,0.0,0.0,0.0,0.0,0.0,0.0,0.0,0.0,2.0,2.0,15.38,24.73,0.0,0.0,0.0,0.0,3.0,3.0,23.08,37.09,2.0,2.0,15.38,24.73,1.0,1.0,7.69,12.36,0.0,0.0,0.0,0.0,0.0,0.0,0.0,0.0,2.0,2.0,15.38,24.73,3.0,3.0,23.08,37.09,38.46,46.15,-7.69,107.16,-1.0,-1.0,-7.69,2.91,2.91,0.62,0.62,0.33,1.0,,0.33,0.5,0.0,1.0,0.4,0.0,0.0,0.15,23.08,0.0
4,新竹御嵿攻城獅,80|82|90|10862,田浩/蕭順議/李啓瑋/提傑,1,15,18.0,223.67,3.73,03:44,223.67,3.73,03:44,8.0,8.0,44.44,77.26,5.0,5.0,27.78,48.29,7.0,7.0,38.89,67.6,3.0,3.0,16.67,28.97,4.0,4.0,22.22,38.63,2.0,2.0,11.11,19.31,3.0,3.0,16.67,28.97,1.0,1.0,5.56,9.66,2.0,2.0,11.11,19.31,1.0,1.0,5.56,9.66,1.0,1.0,5.56,9.66,3.0,3.0,16.67,28.97,2.0,2.0,11.11,19.31,3.0,3.0,16.67,28.97,0.0,0.0,0.0,0.0,3.0,3.0,16.67,28.97,0.0,0.0,0.0,0.0,0.0,0.0,0.0,0.0,1.0,1.0,5.56,9.66,0.0,0.0,0.0,0.0,44.44,27.78,16.67,115.89,3.0,3.0,16.67,3.73,3.73,0.5,0.51,0.5,0.33,0.5,0.0,1.0,0.25,0.6,0.44,0.0,0.0,0.06,0.0,0.29
4,新竹御嵿攻城獅,80|82|90|10888,田浩/蕭順議/李啓瑋/帕塞獅,1,16,19.0,235.17,3.92,03:55,235.17,3.92,03:55,10.0,10.0,52.63,91.85,5.0,5.0,26.32,45.92,7.0,7.0,36.84,64.29,3.0,3.0,15.79,27.55,4.0,4.0,21.05,36.74,2.0,2.0,10.53,18.37,3.0,3.0,15.79,27.55,1.0,1.0,5.26,9.18,4.0,4.0,21.05,36.74,3.0,3.0,15.79,27.55,1.0,1.0,5.26,9.18,3.0,3.0,15.79,27.55,2.0,2.0,10.53,18.37,3.0,3.0,15.79,27.55,0.0,0.0,0.0,0.0,3.0,3.0,15.79,27.55,0.0,0.0,0.0,0.0,0.0,0.0,0.0,0.0,2.0,2.0,10.53,18.37,0.0,0.0,0.0,0.0,52.63,26.32,26.32,116.34,5.0,5.0,26.32,3.92,3.92,0.5,0.57,0.5,0.33,0.75,0.0,1.0,0.25,0.6,0.44,0.0,0.0,0.11,0.0,0.57
4,新竹御嵿攻城獅,82|90|10862|10888,蕭順議/李啓瑋/提傑/帕塞獅,1,15,18.0,223.67,3.73,03:44,223.67,3.73,03:44,8.0,8.0,44.44,77.26,5.0,5.0,27.78,48.29,7.0,7.0,38.89,67.6,3.0,3.0,16.67,28.97,4.0,4.0,22.22,38.63,2.0,2.0,11.11,19.31,3.0,3.0,16.67,28.97,1.0,1.0,5.56,9.66,2.0,2.0,11.11,19.31,1.0,1.0,5.56,9.66,1.0,1.0,5.56,9.66,3.0,3.0,16.67,28.97,2.0,2.0,11.11,19.31,3.0,3.0,16.67,28.97,0.0,0.0,0.0,0.0,3.0,3.0,16.67,28.97,0.0,0.0,0.0,0.0,0.0,0.0,0.0,0.0,1.0,1.0,5.56,9.66,0.0,0.0,0.0,0.0,44.44,27.78,16.67,115.89,3.0,3.0,16.67,3.73,3.73,0.5,0.51,0.5,0.33,0.5,0.0,1.0,0.25,0.6,0.44,0.0,0.0,0.06,0.0,0.29
4,新竹御嵿攻城獅,80|82|84|90,田浩/蕭順議/李家瑞/李啓瑋,1,1,1.0,11.51,0.19,00:12,11.51,0.19,00:12,2.0,2.0,200.0,375.46,0.0,0.0,0.0,0.0,0.0,0.0,0.0,0.0,0.0,0.0,0.0,0.0,0.0,0.0,0.0,0.0,0.0,0.0,0.0,0.0,0.0,0.0,0.0,0.0,0.0,0.0,0.0,0.0,2.0,2.0,200.0,375.46,2.0,2.0,200.0,375.46,0.0,0.0,0.0,0.0,0.0,0.0,0.0,0.0,0.0,0.0,0.0,0.0,0.0,0.0,0.0,0.0,0.0,0.0,0.0,0.0,0.0,0.0,0.0,0.0,0.0,0.0,0.0,0.0,0.0,0.0,0.0,0.0,1.0,1.0,100.0,187.73,0.0,0.0,0.0,0.0,200.0,0.0,200.0,125.15,2.0,2.0,200.0,0.19,0.19,,1.14,,,1.0,0.0,,,,,0.0,0.0,1.0,0.0,
4,新竹御嵿攻城獅,80|82|84|10888,田浩/蕭順議/李家瑞/帕塞獅,1,1,1.0,11.51,0.19,00:12,11.51,0.19,00:12,2.0,2.0,200.0,375.46,0.0,0.0,0.0,0.0,0.0,0.0,0.0,0.0,0.0,0.0,0.0,0.0,0.0,0.0,0.0,0.0,0.0,0.0,0.0,0.0,0.0,0.0,0.0,0.0,0.0,0.0,0.0,0.0,2.0,2.0,200.0,375.46,2.0,2.0,200.0,375.46,0.0,0.0,0.0,0.0,0.0,0.0,0.0,0.0,0.0,0.0,0.0,0.0,0.0,0.0,0.0,0.0,0.0,0.0,0.0,0.0,0.0,0.0,0.0,0.0,0.0,0.0,0.0,0.0,0.0,0.0,0.0,0.0,1.0,1.0,100.0,187.73,0.0,0.0,0.0,0.0,200.0,0.0,200.0,125.15,2.0,2.0,200.0,0.19,0.19,,1.14,,,1.0,0.0,,,,,0.0,0.0,1.0,0.0,
4,新竹御嵿攻城獅,80|84|90|10888,田浩/李家瑞/李啓瑋/帕塞獅,1,1,1.0,11.51,0.19,00:12,11.51,0.19,00:12,2.0,2.0,200.0,375.46,0.0,0.0,0.0,0.0,0.0,0.0,0.0,0.0,0.0,0.0,0.0,0.0,0.0,0.0,0.0,0.0,0.0,0.0,0.0,0.0,0.0,0.0,0.0,0.0,0.0,0.0,0.0,0.0,2.0,2.0,200.0,375.46,2.0,2.0,200.0,375.46,0.0,0.0,0.0,0.0,0.0,0.0,0.0,0.0,0.0,0.0,0.0,0.0,0.0,0.0,0.0,0.0,0.0,0.0,0.0,0.0,0.0,0.0,0.0,0.0,0.0,0.0,0.0,0.0,0.0,0.0,0.0,0.0,1.0,1.0,100.0,187.73,0.0,0.0,0.0,0.0,200.0,0.0,200.0,125.15,2.0,2.0,200.0,0.19,0.19,,1.14,,,1.0,0.0,,,,,0.0,0.0,1.0,0.0,
4,新竹御嵿攻城獅,82|84|90|10888,蕭順議/李家瑞/李啓瑋/帕塞獅,1,8,10.0,125.51,2.09,02:06,125.51,2.09,02:06,5.0,5.0,50.0,86.05,5.0,5.0,50.0,86.05,3.0,3.0,30.0,51.63,1.0,1.0,10.0,17.21,3.0,3.0,30.0,51.63,1.0,1.0,10.0,17.21,0.0,0.0,0.0,0.0,0.0,0.0,0.0,0.0,4.0,4.0,40.0,68.84,3.0,3.0,30.0,51.63,1.0,1.0,10.0,17.21,2.0,2.0,20.0,34.42,1.0,1.0,10.0,17.21,1.0,1.0,10.0,17.21,0.0,0.0,0.0,0.0,0.0,0.0,0.0,0.0,0.0,0.0,0.0,0.0,0.0,0.0,0.0,0.0,2.0,2.0,20.0,34.42,0.0,0.0,0.0,0.0,50.0,50.0,0.0,114.74,0.0,0.0,0.0,2.09,2.09,0.33,0.53,0.33,,0.75,0.0,0.0,0.5,0.67,0.6,0.0,0.0,0.2,0.0,1.33
4,新竹御嵿攻城獅,82|84|90|14982,蕭順議/李家瑞/李啓瑋/徐小龍,1,14,17.0,206.0,3.43,03:26,206.0,3.43,03:26,5.0,5.0,29.41,52.43,5.0,5.0,29.41,52.43,6.0,6.0,35.29,62.91,2.0,2.0,11.76,20.97,5.0,5.0,29.41,52.43,2.0,2.0,11.76,20.97,1.0,1.0,5.88,10.49,0.0,0.0,0.0,0.0,2.0,2.0,11.76,20.97,1.0,1.0,5.88,10.49,1.0,1.0,5.88,10.49,4.0,4.0,23.53,41.94,1.0,1.0,5.88,10.49,4.0,4.0,23.53,41.94,1.0,1.0,5.88,10.49,0.0,0.0,0.0,0.0,1.0,1.0,5.88,10.49,0.0,0.0,0.0,0.0,1.0,1.0,5.88,10.49,0.0,0.0,0.0,0.0,29.41,29.41,0.0,118.83,0.0,0.0,0.0,3.43,3.43,0.33,0.36,0.4,0.0,0.5,0.13,0.0,0.2,0.8,0.5,5.88,0.0,0.06,0.0,0.33
4,新竹御嵿攻城獅,82|84|10888|14982,蕭順議/李家瑞/帕塞獅/徐小龍,1,7,9.0,114.0,1.9,01:54,114.0,1.9,01:54,3.0,3.0,33.33,56.84,5.0,5.0,55.56,94.74,3.0,3.0,33.33,56.84,1.0,1.0,11.11,18.95,3.0,3.0,33.33,56.84,1.0,1.0,11.11,18.95,0.0,0.0,0.0,0.0,0.0,0.0,0.0,0.0,2.0,2.0,22.22,37.89,1.0,1.0,11.11,18.95,1.0,1.0,11.11,18.95,2.0,2.0,22.22,37.89,1.0,1.0,11.11,18.95,1.0,1.0,11.11,18.95,0.0,0.0,0.0,0.0,0.0,0.0,0.0,0.0,0.0,0.0,0.0,0.0,0.0,0.0,0.0,0.0,1.0,1.0,11.11,18.95,0.0,0.0,0.0,0.0,33.33,55.56,-22.22,113.68,-2.0,-2.0,-22.22,1.9,1.9,0.33,0.39,0.33,,0.5,0.0,0.0,0.5,0.67,0.6,0.0,0.0,0.11,0.0,0.67
4,新竹御嵿攻城獅,82|90|10888|14982,蕭順議/李啓瑋/帕塞獅/徐小龍,1,7,9.0,114.0,1.9,01:54,114.0,1.9,01:54,3.0,3.0,33.33,56.84,5.0,5.0,55.56,94.74,3.0,3.0,33.33,56.84,1.0,1.0,11.11,18.95,3.0,3.0,33.33,56.84,1.0,1.0,11.11,18.95,0.0,0.0,0.0,0.0,0.0,0.0,0.0,0.0,2.0,2.0,22.22,37.89,1.0,1.0,11.11,18.95,1.0,1.0,11.11,18.95,2.0,2.0,22.22,37.89,1.0,1.0,11.11,18.95,1.0,1.0,11.11,18.95,0.0,0.0,0.0,0.0,0.0,0.0,0.0,0.0,0.0,0.0,0.0,0.0,0.0,0.0,0.0,0.0,1.0,1.0,11.11,18.95,0.0,0.0,0.0,0.0,33.33,55.56,-22.22,113.68,-2.0,-2.0,-22.22,1.9,1.9,0.33,0.39,0.33,,0.5,0.0,0.0,0.5,0.67,0.6,0.0,0.0,0.11,0.0,0.67
4,新竹御嵿攻城獅,84|90|10888|14982,李家瑞/李啓瑋/帕塞獅/徐小龍,1,7,9.0,114.0,1.9,01:54,114.0,1.9,01:54,3.0,3.0,33.33,56.84,5.0,5.0,55.56,94.74,3.0,3.0,33.33,56.84,1.0,1.0,11.11,18.95,3.0,3.0,33.33,56.84,1.0,1.0,11.11,18.95,0.0,0.0,0.0,0.0,0.0,0.0,0.0,0.0,2.0,2.0,22.22,37.89,1.0,1.0,11.11,18.95,1.0,1.0,11.11,18.95,2.0,2.0,22.22,37.89,1.0,1.0,11.11,18.95,1.0,1.0,11.11,18.95,0.0,0.0,0.0,0.0,0.0,0.0,0.0,0.0,0.0,0.0,0.0,0.0,0.0,0.0,0.0,0.0,1.0,1.0,11.11,18.95,0.0,0.0,0.0,0.0,33.33,55.56,-22.22,113.68,-2.0,-2.0,-22.22,1.9,1.9,0.33,0.39,0.33,,0.5,0.0,0.0,0.5,0.67,0.6,0.0,0.0,0.11,0.0,0.67
4,新北中信特攻,44|47|48|104,黃泓瀚/曾文鼎/李沛澄/貝奇,1,7,8.0,92.0,1.53,01:32,92.0,1.53,01:32,0.0,0.0,0.0,0.0,2.0,2.0,25.0,46.96,4.0,4.0,50.0,93.91,0.0,0.0,0.0,0.0,1.0,1.0,12.5,23.48,0.0,0.0,0.0,0.0,3.0,3.0,37.5,70.43,0.0,0.0,0.0,0.0,0.0,0.0,0.0,0.0,0.0,0.0,0.0,0.0,0.0,0.0,0.0,0.0,3.0,3.0,37.5,70.43,0.0,0.0,0.0,0.0,2.0,2.0,25.0,46.96,0.0,0.0,0.0,0.0,0.0,0.0,0.0,0.0,0.0,0.0,0.0,0.0,0.0,0.0,0.0,0.0,0.0,0.0,0.0,0.0,0.0,0.0,0.0,0.0,0.0,25.0,-25.0,125.22,-2.0,-2.0,-25.0,1.53,1.53,0.0,0.0,0.0,0.0,,0.0,,0.0,1.0,0.6,0.0,0.0,0.0,0.0,0.0
4,新北中信特攻,44|47|48|10879,黃泓瀚/曾文鼎/李沛澄/簡廷兆,1,7,8.0,92.0,1.53,01:32,92.0,1.53,01:32,0.0,0.0,0.0,0.0,2.0,2.0,25.0,46.96,4.0,4.0,50.0,93.91,0.0,0.0,0.0,0.0,1.0,1.0,12.5,23.48,0.0,0.0,0.0,0.0,3.0,3.0,37.5,70.43,0.0,0.0,0.0,0.0,0.0,0.0,0.0,0.0,0.0,0.0,0.0,0.0,0.0,0.0,0.0,0.0,3.0,3.0,37.5,70.43,0.0,0.0,0.0,0.0,2.0,2.0,25.0,46.96,0.0,0.0,0.0,0.0,0.0,0.0,0.0,0.0,0.0,0.0,0.0,0.0,0.0,0.0,0.0,0.0,0.0,0.0,0.0,0.0,0.0,0.0,0.0,0.0,0.0,25.0,-25.0,125.22,-2.0,-2.0,-25.0,1.53,1.53,0.0,0.0,0.0,0.0,,0.0,,0.0,1.0,0.6,0.0,0.0,0.0,0.0,0.0
4,新北中信特攻,44|48|104|10879,黃泓瀚/李沛澄/貝奇/簡廷兆,1,7,8.0,92.0,1.53,01:32,92.0,1.53,01:32,0.0,0.0,0.0,0.0,2.0,2.0,25.0,46.96,4.0,4.0,50.0,93.91,0.0,0.0,0.0,0.0,1.0,1.0,12.5,23.48,0.0,0.0,0.0,0.0,3.0,3.0,37.5,70.43,0.0,0.0,0.0,0.0,0.0,0.0,0.0,0.0,0.0,0.0,0.0,0.0,0.0,0.0,0.0,0.0,3.0,3.0,37.5,70.43,0.0,0.0,0.0,0.0,2.0,2.0,25.0,46.96,0.0,0.0,0.0,0.0,0.0,0.0,0.0,0.0,0.0,0.0,0.0,0.0,0.0,0.0,0.0,0.0,0.0,0.0,0.0,0.0,0.0,0.0,0.0,0.0,0.0,25.0,-25.0,125.22,-2.0,-2.0,-25.0,1.53,1.53,0.0,0.0,0.0,0.0,,0.0,,0.0,1.0,0.6,0.0,0.0,0.0,0.0,0.0
4,新竹御嵿攻城獅,82|84|90|10862,蕭順議/李家瑞/李啓瑋/提傑,1,7,8.0,92.0,1.53,01:32,92.0,1.53,01:32,2.0,2.0,25.0,46.96,0.0,0.0,0.0,0.0,3.0,3.0,37.5,70.43,1.0,1.0,12.5,23.48,2.0,2.0,25.0,46.96,1.0,1.0,12.5,23.48,1.0,1.0,12.5,23.48,0.0,0.0,0.0,0.0,0.0,0.0,0.0,0.0,0.0,0.0,0.0,0.0,0.0,0.0,0.0,0.0,2.0,2.0,25.0,46.96,0.0,0.0,0.0,0.0,3.0,3.0,37.5,70.43,1.0,1.0,12.5,23.48,0.0,0.0,0.0,0.0,1.0,1.0,12.5,23.48,0.0,0.0,0.0,0.0,0.0,0.0,0.0,0.0,0.0,0.0,0.0,0.0,25.0,0.0,25.0,125.22,2.0,2.0,25.0,1.53,1.53,0.33,0.33,0.5,0.0,,0.25,0.0,0.0,1.0,0.4,12.5,0.0,0.0,0.0,0.0
4,新竹御嵿攻城獅,82|84|10862|14982,蕭順議/李家瑞/提傑/徐小龍,1,7,8.0,92.0,1.53,01:32,92.0,1.53,01:32,2.0,2.0,25.0,46.96,0.0,0.0,0.0,0.0,3.0,3.0,37.5,70.43,1.0,1.0,12.5,23.48,2.0,2.0,25.0,46.96,1.0,1.0,12.5,23.48,1.0,1.0,12.5,23.48,0.0,0.0,0.0,0.0,0.0,0.0,0.0,0.0,0.0,0.0,0.0,0.0,0.0,0.0,0.0,0.0,2.0,2.0,25.0,46.96,0.0,0.0,0.0,0.0,3.0,3.0,37.5,70.43,1.0,1.0,12.5,23.48,0.0,0.0,0.0,0.0,1.0,1.0,12.5,23.48,0.0,0.0,0.0,0.0,0.0,0.0,0.0,0.0,0.0,0.0,0.0,0.0,25.0,0.0,25.0,125.22,2.0,2.0,25.0,1.53,1.53,0.33,0.33,0.5,0.0,,0.25,0.0,0.0,1.0,0.4,12.5,0.0,0.0,0.0,0.0
4,新竹御嵿攻城獅,82|90|10862|14982,蕭順議/李啓瑋/提傑/徐小龍,1,7,8.0,92.0,1.53,01:32,92.0,1.53,01:32,2.0,2.0,25.0,46.96,0.0,0.0,0.0,0.0,3.0,3.0,37.5,70.43,1.0,1.0,12.5,23.48,2.0,2.0,25.0,46.96,1.0,1.0,12.5,23.48,1.0,1.0,12.5,23.48,0.0,0.0,0.0,0.0,0.0,0.0,0.0,0.0,0.0,0.0,0.0,0.0,0.0,0.0,0.0,0.0,2.0,2.0,25.0,46.96,0.0,0.0,0.0,0.0,3.0,3.0,37.5,70.43,1.0,1.0,12.5,23.48,0.0,0.0,0.0,0.0,1.0,1.0,12.5,23.48,0.0,0.0,0.0,0.0,0.0,0.0,0.0,0.0,0.0,0.0,0.0,0.0,25.0,0.0,25.0,125.22,2.0,2.0,25.0,1.53,1.53,0.33,0.33,0.5,0.0,,0.25,0.0,0.0,1.0,0.4,12.5,0.0,0.0,0.0,0.0
4,新竹御嵿攻城獅,84|90|10862|14982,李家瑞/李啓瑋/提傑/徐小龍,1,7,8.0,92.0,1.53,01:32,92.0,1.53,01:32,2.0,2.0,25.0,46.96,0.0,0.0,0.0,0.0,3.0,3.0,37.5,70.43,1.0,1.0,12.5,23.48,2.0,2.0,25.0,46.96,1.0,1.0,12.5,23.48,1.0,1.0,12.5,23.48,0.0,0.0,0.0,0.0,0.0,0.0,0.0,0.0,0.0,0.0,0.0,0.0,0.0,0.0,0.0,0.0,2.0,2.0,25.0,46.96,0.0,0.0,0.0,0.0,3.0,3.0,37.5,70.43,1.0,1.0,12.5,23.48,0.0,0.0,0.0,0.0,1.0,1.0,12.5,23.48,0.0,0.0,0.0,0.0,0.0,0.0,0.0,0.0,0.0,0.0,0.0,0.0,25.0,0.0,25.0,125.22,2.0,2.0,25.0,1.53,1.53,0.33,0.33,0.5,0.0,,0.25,0.0,0.0,1.0,0.4,12.5,0.0,0.0,0.0,0.0
4,臺北台新戰神,5|10|10863|14845,黃聰翰/雷蒙恩/魏芃禾/恩多,1,18,22.0,275.0,4.58,04:35,275.0,4.58,04:35,6.0,6.0,27.27,47.13,17.0,17.0,77.27,133.53,9.0,9.0,40.91,70.69,2.0,2.0,9.09,15.71,4.0,4.0,18.18,31.42,0.0,0.0,0.0,0.0,5.0,5.0,22.73,39.27,2.0,2.0,9.09,15.71,0.0,0.0,0.0,0.0,0.0,0.0,0.0,0.0,1.0,1.0,4.55,7.85,5.0,5.0,22.73,39.27,1.0,1.0,4.55,7.85,2.0,2.0,9.09,15.71,1.0,1.0,4.55,7.85,2.0,2.0,9.09,15.71,1.0,1.0,4.55,7.85,1.0,1.0,4.55,7.85,1.0,1.0,4.55,7.85,1.0,1.0,4.55,7.85,27.27,77.27,-50.0,115.2,-11.0,-11.0,-50.0,4.58,4.58,0.33,0.33,0.0,0.4,,0.1,1.0,0.33,0.83,0.67,4.55,4.55,0.05,4.55,0.0
4,臺北台新戰神,5|10863|13907|14845,黃聰翰/魏芃禾/梅克/恩多,1,7,9.0,119.0,1.98,01:59,119.0,1.98,01:59,3.0,3.0,33.33,54.45,8.0,8.0,88.89,145.21,4.0,4.0,44.44,72.61,1.0,1.0,11.11,18.15,2.0,2.0,22.22,36.3,0.0,0.0,0.0,0.0,2.0,2.0,22.22,36.3,1.0,1.0,11.11,18.15,0.0,0.0,0.0,0.0,0.0,0.0,0.0,0.0,0.0,0.0,0.0,0.0,2.0,2.0,22.22,36.3,1.0,1.0,11.11,18.15,0.0,0.0,0.0,0.0,0.0,0.0,0.0,0.0,1.0,1.0,11.11,18.15,0.0,0.0,0.0,0.0,1.0,1.0,11.11,18.15,0.0,0.0,0.0,0.0,1.0,1.0,11.11,18.15,33.33,88.89,-55.56,108.91,-5.0,-5.0,-55.56,1.98,1.98,0.38,0.38,0.0,0.5,,0.0,1.0,,0.67,0.67,0.0,11.11,0.0,11.11,0.0
4,臺北台新戰神,10|10863|10867|14845,雷蒙恩/魏芃禾/威力斯/恩多,1,11,13.0,156.0,2.6,02:36,156.0,2.6,02:36,3.0,3.0,23.08,41.54,9.0,9.0,69.23,124.62,5.0,5.0,38.46,69.23,1.0,1.0,7.69,13.85,2.0,2.0,15.38,27.69,0.0,0.0,0.0,0.0,3.0,3.0,23.08,41.54,1.0,1.0,7.69,13.85,0.0,0.0,0.0,0.0,0.0,0.0,0.0,0.0,1.0,1.0,7.69,13.85,3.0,3.0,23.08,41.54,0.0,0.0,0.0,0.0,2.0,2.0,15.38,27.69,1.0,1.0,7.69,13.85,1.0,1.0,7.69,13.85,1.0,1.0,7.69,13.85,0.0,0.0,0.0,0.0,1.0,1.0,7.69,13.85,0.0,0.0,0.0,0.0,23.08,69.23,-46.15,120.0,-6.0,-6.0,-46.15,2.6,2.6,0.3,0.3,0.0,0.33,,0.17,1.0,0.33,1.0,0.67,7.69,0.0,0.08,0.0,0.0
4,臺北台新戰神,5|10|14|10864,黃聰翰/雷蒙恩/錢肯尼/劉彥廷,1,1,2.0,1.0,0.02,00:01,1.0,0.02,00:01,0.0,0.0,0.0,0.0,0.0,0.0,0.0,0.0,1.0,1.0,50.0,2160.0,0.0,0.0,0.0,0.0,0.0,0.0,0.0,0.0,0.0,0.0,0.0,0.0,1.0,1.0,50.0,2160.0,0.0,0.0,0.0,0.0,0.0,0.0,0.0,0.0,0.0,0.0,0.0,0.0,0.0,0.0,0.0,0.0,0.0,0.0,0.0,0.0,0.0,0.0,0.0,0.0,0.0,0.0,0.0,0.0,0.0,0.0,0.0,0.0,0.0,0.0,0.0,0.0,0.0,0.0,0.0,0.0,0.0,0.0,0.0,0.0,0.0,0.0,0.0,0.0,0.0,0.0,0.0,0.0,0.0,0.0,0.0,2880.0,0.0,0.0,0.0,0.02,0.02,0.0,0.0,,0.0,,0.0,,,,,0.0,0.0,0.0,0.0,0.0
4,臺北台新戰神,5|14|10864|13907,黃聰翰/錢肯尼/劉彥廷/梅克,2,3,5.0,29.0,0.48,00:29,14.5,0.24,00:14,2.0,1.0,40.0,148.97,0.0,0.0,0.0,0.0,2.0,1.0,40.0,148.97,1.0,0.5,20.0,74.48,1.0,0.5,20.0,74.48,1.0,0.5,20.0,74.48,1.0,0.5,20.0,74.48,0.0,0.0,0.0,0.0,0.0,0.0,0.0,0.0,0.0,0.0,0.0,0.0,0.0,0.0,0.0,0.0,0.0,0.0,0.0,0.0,1.0,0.5,20.0,74.48,1.0,0.5,20.0,74.48,0.0,0.0,0.0,0.0,0.0,0.0,0.0,0.0,0.0,0.0,0.0,0.0,0.0,0.0,0.0,0.0,0.0,0.0,0.0,0.0,0.0,0.0,0.0,0.0,40.0,0.0,40.0,248.28,2.0,1.0,40.0,0.48,0.24,0.5,0.5,1.0,0.0,,0.0,0.0,0.0,0.0,0.0,0.0,0.0,0.0,0.0,0.0
4,臺北台新戰神,10|14|10864|13907,雷蒙恩/錢肯尼/劉彥廷/梅克,1,1,2.0,1.0,0.02,00:01,1.0,0.02,00:01,0.0,0.0,0.0,0.0,0.0,0.0,0.0,0.0,1.0,1.0,50.0,2160.0,0.0,0.0,0.0,0.0,0.0,0.0,0.0,0.0,0.0,0.0,0.0,0.0,1.0,1.0,50.0,2160.0,0.0,0.0,0.0,0.0,0.0,0.0,0.0,0.0,0.0,0.0,0.0,0.0,0.0,0.0,0.0,0.0,0.0,0.0,0.0,0.0,0.0,0.0,0.0,0.0,0.0,0.0,0.0,0.0,0.0,0.0,0.0,0.0,0.0,0.0,0.0,0.0,0.0,0.0,0.0,0.0,0.0,0.0,0.0,0.0,0.0,0.0,0.0,0.0,0.0,0.0,0.0,0.0,0.0,0.0,0.0,2880.0,0.0,0.0,0.0,0.02,0.02,0.0,0.0,,0.0,,0.0,,,,,0.0,0.0,0.0,0.0,0.0
4,臺北台新戰神,1|3|10867|13907,丁聖儒/陳文宏/威力斯/梅克,4,48,50.0,823.2,13.72,13:43,205.8,3.43,03:26,17.0,4.25,34.0,44.61,25.0,6.25,50.0,65.6,13.0,3.25,26.0,34.11,5.0,1.25,10.0,13.12,5.0,1.25,10.0,13.12,4.0,1.0,8.0,10.5,8.0,2.0,16.0,20.99,1.0,0.25,2.0,2.62,9.0,2.25,18.0,23.62,6.0,1.5,12.0,15.74,1.0,0.25,2.0,2.62,9.0,2.25,18.0,23.62,1.0,0.25,2.0,2.62,11.0,2.75,22.0,28.86,6.0,1.5,12.0,15.74,5.0,1.25,10.0,13.12,3.0,0.75,6.0,7.87,0.0,0.0,0.0,0.0,7.0,1.75,14.0,18.37,7.0,1.75,14.0,18.37,34.0,50.0,-16.0,87.46,-8.0,-2.0,-16.0,13.72,3.43,0.42,0.5,0.8,0.12,0.67,0.26,1.0,0.08,0.9,0.45,6.0,0.0,0.14,14.0,0.69
4,臺北台新戰神,3|14|10867|13907,陳文宏/錢肯尼/威力斯/梅克,4,15,16.0,336.0,5.6,05:36,84.0,1.4,01:24,4.0,1.0,25.0,25.71,16.0,4.0,100.0,102.86,4.0,1.0,25.0,25.71,1.0,0.25,6.25,6.43,1.0,0.25,6.25,6.43,1.0,0.25,6.25,6.43,3.0,0.75,18.75,19.29,0.0,0.0,0.0,0.0,2.0,0.5,12.5,12.86,2.0,0.5,12.5,12.86,0.0,0.0,0.0,0.0,3.0,0.75,18.75,19.29,1.0,0.25,6.25,6.43,2.0,0.5,12.5,12.86,1.0,0.25,6.25,6.43,1.0,0.25,6.25,6.43,1.0,0.25,6.25,6.43,0.0,0.0,0.0,0.0,2.0,0.5,12.5,12.86,0.0,0.0,0.0,0.0,25.0,100.0,-75.0,68.57,-12.0,-3.0,-75.0,5.6,1.4,0.25,0.41,1.0,0.0,1.0,0.17,1.0,0.0,0.75,0.5,6.25,0.0,0.12,0.0,0.5
4,臺北台新戰神,3|14|10863|10867,陳文宏/錢肯尼/魏芃禾/威力斯,1,8,8.0,132.0,2.2,02:12,132.0,2.2,02:12,2.0,2.0,25.0,32.73,7.0,7.0,87.5,114.55,4.0,4.0,50.0,65.45,1.0,1.0,12.5,16.36,3.0,3.0,37.5,49.09,1.0,1.0,12.5,16.36,1.0,1.0,12.5,16.36,0.0,0.0,0.0,0.0,0.0,0.0,0.0,0.0,0.0,0.0,0.0,0.0,0.0,0.0,0.0,0.0,3.0,3.0,37.5,49.09,0.0,0.0,0.0,0.0,1.0,1.0,12.5,16.36,0.0,0.0,0.0,0.0,1.0,1.0,12.5,16.36,0.0,0.0,0.0,0.0,0.0,0.0,0.0,0.0,0.0,0.0,0.0,0.0,0.0,0.0,0.0,0.0,25.0,87.5,-62.5,87.27,-5.0,-5.0,-62.5,2.2,2.2,0.25,0.25,0.33,0.0,,0.0,1.0,0.0,1.0,0.75,0.0,0.0,0.0,0.0,0.0
4,臺北台新戰神,3|14|10863|14845,陳文宏/錢肯尼/魏芃禾/恩多,1,8,8.0,132.0,2.2,02:12,132.0,2.2,02:12,2.0,2.0,25.0,32.73,7.0,7.0,87.5,114.55,4.0,4.0,50.0,65.45,1.0,1.0,12.5,16.36,3.0,3.0,37.5,49.09,1.0,1.0,12.5,16.36,1.0,1.0,12.5,16.36,0.0,0.0,0.0,0.0,0.0,0.0,0.0,0.0,0.0,0.0,0.0,0.0,0.0,0.0,0.0,0.0,3.0,3.0,37.5,49.09,0.0,0.0,0.0,0.0,1.0,1.0,12.5,16.36,0.0,0.0,0.0,0.0,1.0,1.0,12.5,16.36,0.0,0.0,0.0,0.0,0.0,0.0,0.0,0.0,0.0,0.0,0.0,0.0,0.0,0.0,0.0,0.0,25.0,87.5,-62.5,87.27,-5.0,-5.0,-62.5,2.2,2.2,0.25,0.25,0.33,0.0,,0.0,1.0,0.0,1.0,0.75,0.0,0.0,0.0,0.0,0.0
4,臺北台新戰神,14|10863|10867|14845,錢肯尼/魏芃禾/威力斯/恩多,2,11,12.0,186.09,3.1,03:06,93.05,1.55,01:33,2.0,1.0,16.67,23.21,10.0,5.0,83.33,116.07,5.0,2.5,41.67,58.04,1.0,0.5,8.33,11.61,4.0,2.0,33.33,46.43,1.0,0.5,8.33,11.61,1.0,0.5,8.33,11.61,0.0,0.0,0.0,0.0,0.0,0.0,0.0,0.0,0.0,0.0,0.0,0.0,0.0,0.0,0.0,0.0,4.0,2.0,33.33,46.43,1.0,0.5,8.33,11.61,1.0,0.5,8.33,11.61,0.0,0.0,0.0,0.0,1.0,0.5,8.33,11.61,0.0,0.0,0.0,0.0,0.0,0.0,0.0,0.0,0.0,0.0,0.0,0.0,0.0,0.0,0.0,0.0,16.67,83.33,-66.67,92.86,-8.0,-4.0,-66.67,3.1,1.55,0.2,0.2,0.25,0.0,,0.0,1.0,0.0,0.8,0.67,0.0,0.0,0.0,0.0,0.0
4,臺北台新戰神,1|3|10|14845,丁聖儒/陳文宏/雷蒙恩/恩多,2,21,26.0,369.54,6.16,06:10,184.77,3.08,03:05,10.0,5.0,38.46,58.45,10.0,5.0,38.46,58.45,8.0,4.0,30.77,46.76,3.0,1.5,11.54,17.54,3.0,1.5,11.54,17.54,2.0,1.0,7.69,11.69,5.0,2.5,19.23,29.23,1.0,0.5,3.85,5.85,4.0,2.0,15.38,23.38,3.0,1.5,11.54,17.54,0.0,0.0,0.0,0.0,5.0,2.5,19.23,29.23,4.0,2.0,15.38,23.38,6.0,3.0,23.08,35.07,1.0,0.5,3.85,5.85,3.0,1.5,11.54,17.54,0.0,0.0,0.0,0.0,0.0,0.0,0.0,0.0,3.0,1.5,11.54,17.54,1.0,0.5,3.85,5.85,38.46,38.46,0.0,101.32,0.0,0.0,0.0,6.16,3.08,0.44,0.51,0.67,0.2,0.75,0.09,1.0,0.0,0.56,0.33,0.0,0.0,0.12,3.85,0.5
4,臺北台新戰神,1|2|10|10867,丁聖儒/江均/雷蒙恩/威力斯,1,6,6.0,104.0,1.73,01:44,104.0,1.73,01:44,0.0,0.0,0.0,0.0,5.0,5.0,83.33,103.85,3.0,3.0,50.0,62.31,0.0,0.0,0.0,0.0,1.0,1.0,16.67,20.77,0.0,0.0,0.0,0.0,2.0,2.0,33.33,41.54,0.0,0.0,0.0,0.0,0.0,0.0,0.0,0.0,0.0,0.0,0.0,0.0,0.0,0.0,0.0,0.0,3.0,3.0,50.0,62.31,0.0,0.0,0.0,0.0,1.0,1.0,16.67,20.77,0.0,0.0,0.0,0.0,0.0,0.0,0.0,0.0,0.0,0.0,0.0,0.0,0.0,0.0,0.0,0.0,0.0,0.0,0.0,0.0,0.0,0.0,0.0,0.0,0.0,83.33,-83.33,83.08,-5.0,-5.0,-83.33,1.73,1.73,0.0,0.0,0.0,0.0,,0.0,,0.0,1.0,0.75,0.0,0.0,0.0,0.0,0.0
4,臺北台新戰神,1|2|10|13907,丁聖儒/江均/雷蒙恩/梅克,1,6,6.0,104.0,1.73,01:44,104.0,1.73,01:44,0.0,0.0,0.0,0.0,5.0,5.0,83.33,103.85,3.0,3.0,50.0,62.31,0.0,0.0,0.0,0.0,1.0,1.0,16.67,20.77,0.0,0.0,0.0,0.0,2.0,2.0,33.33,41.54,0.0,0.0,0.0,0.0,0.0,0.0,0.0,0.0,0.0,0.0,0.0,0.0,0.0,0.0,0.0,0.0,3.0,3.0,50.0,62.31,0.0,0.0,0.0,0.0,1.0,1.0,16.67,20.77,0.0,0.0,0.0,0.0,0.0,0.0,0.0,0.0,0.0,0.0,0.0,0.0,0.0,0.0,0.0,0.0,0.0,0.0,0.0,0.0,0.0,0.0,0.0,0.0,0.0,83.33,-83.33,83.08,-5.0,-5.0,-83.33,1.73,1.73,0.0,0.0,0.0,0.0,,0.0,,0.0,1.0,0.75,0.0,0.0,0.0,0.0,0.0
4,臺北台新戰神,1|2|10867|13907,丁聖儒/江均/威力斯/梅克,1,6,6.0,104.0,1.73,01:44,104.0,1.73,01:44,0.0,0.0,0.0,0.0,5.0,5.0,83.33,103.85,3.0,3.0,50.0,62.31,0.0,0.0,0.0,0.0,1.0,1.0,16.67,20.77,0.0,0.0,0.0,0.0,2.0,2.0,33.33,41.54,0.0,0.0,0.0,0.0,0.0,0.0,0.0,0.0,0.0,0.0,0.0,0.0,0.0,0.0,0.0,0.0,3.0,3.0,50.0,62.31,0.0,0.0,0.0,0.0,1.0,1.0,16.67,20.77,0.0,0.0,0.0,0.0,0.0,0.0,0.0,0.0,0.0,0.0,0.0,0.0,0.0,0.0,0.0,0.0,0.0,0.0,0.0,0.0,0.0,0.0,0.0,0.0,0.0,83.33,-83.33,83.08,-5.0,-5.0,-83.33,1.73,1.73,0.0,0.0,0.0,0.0,,0.0,,0.0,1.0,0.75,0.0,0.0,0.0,0.0,0.0
4,臺北台新戰神,2|10|10867|13907,江均/雷蒙恩/威力斯/梅克,1,6,6.0,104.0,1.73,01:44,104.0,1.73,01:44,0.0,0.0,0.0,0.0,5.0,5.0,83.33,103.85,3.0,3.0,50.0,62.31,0.0,0.0,0.0,0.0,1.0,1.0,16.67,20.77,0.0,0.0,0.0,0.0,2.0,2.0,33.33,41.54,0.0,0.0,0.0,0.0,0.0,0.0,0.0,0.0,0.0,0.0,0.0,0.0,0.0,0.0,0.0,0.0,3.0,3.0,50.0,62.31,0.0,0.0,0.0,0.0,1.0,1.0,16.67,20.77,0.0,0.0,0.0,0.0,0.0,0.0,0.0,0.0,0.0,0.0,0.0,0.0,0.0,0.0,0.0,0.0,0.0,0.0,0.0,0.0,0.0,0.0,0.0,0.0,0.0,83.33,-83.33,83.08,-5.0,-5.0,-83.33,1.73,1.73,0.0,0.0,0.0,0.0,,0.0,,0.0,1.0,0.75,0.0,0.0,0.0,0.0,0.0
4,臺北台新戰神,2|10|10863|10867,江均/雷蒙恩/魏芃禾/威力斯,1,19,22.0,276.56,4.61,04:37,276.56,4.61,04:37,14.0,14.0,63.64,109.34,11.0,11.0,50.0,85.91,10.0,10.0,45.45,78.1,5.0,5.0,22.73,39.05,7.0,7.0,31.82,54.67,3.0,3.0,13.64,23.43,3.0,3.0,13.64,23.43,2.0,2.0,9.09,15.62,3.0,3.0,13.64,23.43,2.0,2.0,9.09,15.62,3.0,3.0,13.64,23.43,2.0,2.0,9.09,15.62,1.0,1.0,4.55,7.81,5.0,5.0,22.73,39.05,0.0,0.0,0.0,0.0,3.0,3.0,13.64,23.43,0.0,0.0,0.0,0.0,0.0,0.0,0.0,0.0,3.0,3.0,13.64,23.43,5.0,5.0,22.73,39.05,63.64,50.0,13.64,114.55,3.0,3.0,13.64,4.61,4.61,0.6,0.62,0.43,0.67,0.67,0.0,0.6,0.38,0.67,0.45,0.0,0.0,0.14,22.73,0.3
4,臺北台新戰神,2|10|10864|10867,江均/雷蒙恩/劉彥廷/威力斯,1,19,22.0,276.56,4.61,04:37,276.56,4.61,04:37,14.0,14.0,63.64,109.34,11.0,11.0,50.0,85.91,10.0,10.0,45.45,78.1,5.0,5.0,22.73,39.05,7.0,7.0,31.82,54.67,3.0,3.0,13.64,23.43,3.0,3.0,13.64,23.43,2.0,2.0,9.09,15.62,3.0,3.0,13.64,23.43,2.0,2.0,9.09,15.62,3.0,3.0,13.64,23.43,2.0,2.0,9.09,15.62,1.0,1.0,4.55,7.81,5.0,5.0,22.73,39.05,0.0,0.0,0.0,0.0,3.0,3.0,13.64,23.43,0.0,0.0,0.0,0.0,0.0,0.0,0.0,0.0,3.0,3.0,13.64,23.43,5.0,5.0,22.73,39.05,63.64,50.0,13.64,114.55,3.0,3.0,13.64,4.61,4.61,0.6,0.62,0.43,0.67,0.67,0.0,0.6,0.38,0.67,0.45,0.0,0.0,0.14,22.73,0.3
4,臺北台新戰神,10|10863|10864|10867,雷蒙恩/魏芃禾/劉彥廷/威力斯,1,19,22.0,276.56,4.61,04:37,276.56,4.61,04:37,14.0,14.0,63.64,109.34,11.0,11.0,50.0,85.91,10.0,10.0,45.45,78.1,5.0,5.0,22.73,39.05,7.0,7.0,31.82,54.67,3.0,3.0,13.64,23.43,3.0,3.0,13.64,23.43,2.0,2.0,9.09,15.62,3.0,3.0,13.64,23.43,2.0,2.0,9.09,15.62,3.0,3.0,13.64,23.43,2.0,2.0,9.09,15.62,1.0,1.0,4.55,7.81,5.0,5.0,22.73,39.05,0.0,0.0,0.0,0.0,3.0,3.0,13.64,23.43,0.0,0.0,0.0,0.0,0.0,0.0,0.0,0.0,3.0,3.0,13.64,23.43,5.0,5.0,22.73,39.05,63.64,50.0,13.64,114.55,3.0,3.0,13.64,4.61,4.61,0.6,0.62,0.43,0.67,0.67,0.0,0.6,0.38,0.67,0.45,0.0,0.0,0.14,22.73,0.3
4,福爾摩沙夢想家,79|89|101|13906,張宗憲/蔣淯安/周柏臣/班提爾,1,5,6.0,61.56,1.03,01:02,61.56,1.03,01:02,5.0,5.0,83.33,175.44,3.0,3.0,50.0,105.27,2.0,2.0,33.33,70.18,1.0,1.0,16.67,35.09,1.0,1.0,16.67,35.09,0.0,0.0,0.0,0.0,1.0,1.0,16.67,35.09,1.0,1.0,16.67,35.09,4.0,4.0,66.67,140.36,2.0,2.0,33.33,70.18,1.0,1.0,16.67,35.09,1.0,1.0,16.67,35.09,0.0,0.0,0.0,0.0,1.0,1.0,16.67,35.09,0.0,0.0,0.0,0.0,1.0,1.0,16.67,35.09,0.0,0.0,0.0,0.0,0.0,0.0,0.0,0.0,1.0,1.0,16.67,35.09,1.0,1.0,16.67,35.09,83.33,50.0,33.33,140.36,2.0,2.0,33.33,1.03,1.03,0.75,0.66,0.0,1.0,0.5,0.0,1.0,0.5,1.0,0.67,0.0,0.0,0.17,16.67,2.0
4,福爾摩沙夢想家,79|101|103|13906,張宗憲/周柏臣/忻沃克/班提爾,1,5,6.0,61.56,1.03,01:02,61.56,1.03,01:02,5.0,5.0,83.33,175.44,3.0,3.0,50.0,105.27,2.0,2.0,33.33,70.18,1.0,1.0,16.67,35.09,1.0,1.0,16.67,35.09,0.0,0.0,0.0,0.0,1.0,1.0,16.67,35.09,1.0,1.0,16.67,35.09,4.0,4.0,66.67,140.36,2.0,2.0,33.33,70.18,1.0,1.0,16.67,35.09,1.0,1.0,16.67,35.09,0.0,0.0,0.0,0.0,1.0,1.0,16.67,35.09,0.0,0.0,0.0,0.0,1.0,1.0,16.67,35.09,0.0,0.0,0.0,0.0,0.0,0.0,0.0,0.0,1.0,1.0,16.67,35.09,1.0,1.0,16.67,35.09,83.33,50.0,33.33,140.36,2.0,2.0,33.33,1.03,1.03,0.75,0.66,0.0,1.0,0.5,0.0,1.0,0.5,1.0,0.67,0.0,0.0,0.17,16.67,2.0
4,福爾摩沙夢想家,89|101|103|13906,蔣淯安/周柏臣/忻沃克/班提爾,1,5,6.0,61.56,1.03,01:02,61.56,1.03,01:02,5.0,5.0,83.33,175.44,3.0,3.0,50.0,105.27,2.0,2.0,33.33,70.18,1.0,1.0,16.67,35.09,1.0,1.0,16.67,35.09,0.0,0.0,0.0,0.0,1.0,1.0,16.67,35.09,1.0,1.0,16.67,35.09,4.0,4.0,66.67,140.36,2.0,2.0,33.33,70.18,1.0,1.0,16.67,35.09,1.0,1.0,16.67,35.09,0.0,0.0,0.0,0.0,1.0,1.0,16.67,35.09,0.0,0.0,0.0,0.0,1.0,1.0,16.67,35.09,0.0,0.0,0.0,0.0,0.0,0.0,0.0,0.0,1.0,1.0,16.67,35.09,1.0,1.0,16.67,35.09,83.33,50.0,33.33,140.36,2.0,2.0,33.33,1.03,1.03,0.75,0.66,0.0,1.0,0.5,0.0,1.0,0.5,1.0,0.67,0.0,0.0,0.17,16.67,2.0
4,福爾摩沙夢想家,83|91|101|107,吳家駿/簡偉儒/周柏臣/霍爾曼,1,12,14.0,174.0,2.9,02:54,174.0,2.9,02:54,6.0,6.0,42.86,74.48,8.0,8.0,57.14,99.31,5.0,5.0,35.71,62.07,2.0,2.0,14.29,24.83,2.0,2.0,14.29,24.83,1.0,1.0,7.14,12.41,3.0,3.0,21.43,37.24,1.0,1.0,7.14,12.41,1.0,1.0,7.14,12.41,1.0,1.0,7.14,12.41,0.0,0.0,0.0,0.0,3.0,3.0,21.43,37.24,3.0,3.0,21.43,37.24,1.0,1.0,7.14,12.41,0.0,0.0,0.0,0.0,2.0,2.0,14.29,24.83,0.0,0.0,0.0,0.0,0.0,0.0,0.0,0.0,1.0,1.0,7.14,12.41,2.0,2.0,14.29,24.83,42.86,57.14,-14.29,115.86,-2.0,-2.0,-14.29,2.9,2.9,0.5,0.55,0.5,0.33,1.0,0.0,1.0,0.0,0.5,0.43,0.0,0.0,0.07,14.29,0.2
4,福爾摩沙夢想家,83|101|103|107,吳家駿/周柏臣/忻沃克/霍爾曼,1,12,14.0,174.0,2.9,02:54,174.0,2.9,02:54,6.0,6.0,42.86,74.48,8.0,8.0,57.14,99.31,5.0,5.0,35.71,62.07,2.0,2.0,14.29,24.83,2.0,2.0,14.29,24.83,1.0,1.0,7.14,12.41,3.0,3.0,21.43,37.24,1.0,1.0,7.14,12.41,1.0,1.0,7.14,12.41,1.0,1.0,7.14,12.41,0.0,0.0,0.0,0.0,3.0,3.0,21.43,37.24,3.0,3.0,21.43,37.24,1.0,1.0,7.14,12.41,0.0,0.0,0.0,0.0,2.0,2.0,14.29,24.83,0.0,0.0,0.0,0.0,0.0,0.0,0.0,0.0,1.0,1.0,7.14,12.41,2.0,2.0,14.29,24.83,42.86,57.14,-14.29,115.86,-2.0,-2.0,-14.29,2.9,2.9,0.5,0.55,0.5,0.33,1.0,0.0,1.0,0.0,0.5,0.43,0.0,0.0,0.07,14.29,0.2
4,福爾摩沙夢想家,91|101|103|107,簡偉儒/周柏臣/忻沃克/霍爾曼,1,12,14.0,174.0,2.9,02:54,174.0,2.9,02:54,6.0,6.0,42.86,74.48,8.0,8.0,57.14,99.31,5.0,5.0,35.71,62.07,2.0,2.0,14.29,24.83,2.0,2.0,14.29,24.83,1.0,1.0,7.14,12.41,3.0,3.0,21.43,37.24,1.0,1.0,7.14,12.41,1.0,1.0,7.14,12.41,1.0,1.0,7.14,12.41,0.0,0.0,0.0,0.0,3.0,3.0,21.43,37.24,3.0,3.0,21.43,37.24,1.0,1.0,7.14,12.41,0.0,0.0,0.0,0.0,2.0,2.0,14.29,24.83,0.0,0.0,0.0,0.0,0.0,0.0,0.0,0.0,1.0,1.0,7.14,12.41,2.0,2.0,14.29,24.83,42.86,57.14,-14.29,115.86,-2.0,-2.0,-14.29,2.9,2.9,0.5,0.55,0.5,0.33,1.0,0.0,1.0,0.0,0.5,0.43,0.0,0.0,0.07,14.29,0.2
4,臺北台新戰神,10|13|10863|10864,雷蒙恩/陳冠全/魏芃禾/劉彥廷,1,10,13.0,178.0,2.97,02:58,178.0,2.97,02:58,12.0,12.0,92.31,145.62,8.0,8.0,61.54,97.08,6.0,6.0,46.15,72.81,5.0,5.0,38.46,60.67,4.0,4.0,30.77,48.54,4.0,4.0,30.77,48.54,2.0,2.0,15.38,24.27,1.0,1.0,7.69,12.13,2.0,2.0,15.38,24.27,1.0,1.0,7.69,12.13,0.0,0.0,0.0,0.0,1.0,1.0,7.69,12.13,0.0,0.0,0.0,0.0,0.0,0.0,0.0,0.0,0.0,0.0,0.0,0.0,2.0,2.0,15.38,24.27,0.0,0.0,0.0,0.0,0.0,0.0,0.0,0.0,0.0,0.0,0.0,0.0,5.0,5.0,38.46,60.67,92.31,61.54,30.77,105.17,4.0,4.0,30.77,2.97,2.97,0.92,0.87,1.0,0.5,0.5,0.0,0.4,,1.0,1.0,0.0,0.0,0.0,38.46,0.33
4,高雄全家海神,118|119|121|13399,蘇文儒/余純安/吳曉謹/賽克維奇,1,10,11.0,168.48,2.81,02:48,168.48,2.81,02:48,2.0,2.0,18.18,25.64,8.0,8.0,72.73,102.56,5.0,5.0,45.45,64.1,1.0,1.0,9.09,12.82,4.0,4.0,36.36,51.28,1.0,1.0,9.09,12.82,1.0,1.0,9.09,12.82,0.0,0.0,0.0,0.0,0.0,0.0,0.0,0.0,0.0,0.0,0.0,0.0,1.0,1.0,9.09,12.82,3.0,3.0,27.27,38.46,0.0,0.0,0.0,0.0,1.0,1.0,9.09,12.82,1.0,1.0,9.09,12.82,1.0,1.0,9.09,12.82,0.0,0.0,0.0,0.0,0.0,0.0,0.0,0.0,1.0,1.0,9.09,12.82,6.0,6.0,54.55,76.92,18.18,72.73,-54.55,94.02,-6.0,-6.0,-54.55,2.81,2.81,0.2,0.2,0.25,0.0,,0.17,1.0,0.5,1.0,0.8,0.0,0.0,0.09,54.55,0.0
4,高雄全家海神,118|119|121|14844,蘇文儒/余純安/吳曉謹/杭特,1,10,11.0,168.48,2.81,02:48,168.48,2.81,02:48,2.0,2.0,18.18,25.64,8.0,8.0,72.73,102.56,5.0,5.0,45.45,64.1,1.0,1.0,9.09,12.82,4.0,4.0,36.36,51.28,1.0,1.0,9.09,12.82,1.0,1.0,9.09,12.82,0.0,0.0,0.0,0.0,0.0,0.0,0.0,0.0,0.0,0.0,0.0,0.0,1.0,1.0,9.09,12.82,3.0,3.0,27.27,38.46,0.0,0.0,0.0,0.0,1.0,1.0,9.09,12.82,1.0,1.0,9.09,12.82,1.0,1.0,9.09,12.82,0.0,0.0,0.0,0.0,0.0,0.0,0.0,0.0,1.0,1.0,9.09,12.82,6.0,6.0,54.55,76.92,18.18,72.73,-54.55,94.02,-6.0,-6.0,-54.55,2.81,2.81,0.2,0.2,0.25,0.0,,0.17,1.0,0.5,1.0,0.8,0.0,0.0,0.09,54.55,0.0
4,高雄全家海神,118|119|13399|14844,蘇文儒/余純安/賽克維奇/杭特,1,17,19.0,293.04,4.88,04:53,293.04,4.88,04:53,6.0,6.0,31.58,44.23,12.0,12.0,63.16,88.45,7.0,7.0,36.84,51.6,3.0,3.0,15.79,22.11,6.0,6.0,31.58,44.23,3.0,3.0,15.79,22.11,1.0,1.0,5.26,7.37,0.0,0.0,0.0,0.0,0.0,0.0,0.0,0.0,0.0,0.0,0.0,0.0,1.0,1.0,5.26,7.37,3.0,3.0,15.79,22.11,1.0,1.0,5.26,7.37,2.0,2.0,10.53,14.74,2.0,2.0,10.53,14.74,1.0,1.0,5.26,7.37,1.0,1.0,5.26,7.37,0.0,0.0,0.0,0.0,1.0,1.0,5.26,7.37,8.0,8.0,42.11,58.97,31.58,63.16,-31.58,93.37,-6.0,-6.0,-31.58,4.88,4.88,0.43,0.43,0.5,0.0,,0.22,0.33,0.33,0.75,0.57,5.26,0.0,0.05,42.11,0.0
4,高雄全家海神,119|121|13399|14844,余純安/吳曉謹/賽克維奇/杭特,1,10,11.0,168.48,2.81,02:48,168.48,2.81,02:48,2.0,2.0,18.18,25.64,8.0,8.0,72.73,102.56,5.0,5.0,45.45,64.1,1.0,1.0,9.09,12.82,4.0,4.0,36.36,51.28,1.0,1.0,9.09,12.82,1.0,1.0,9.09,12.82,0.0,0.0,0.0,0.0,0.0,0.0,0.0,0.0,0.0,0.0,0.0,0.0,1.0,1.0,9.09,12.82,3.0,3.0,27.27,38.46,0.0,0.0,0.0,0.0,1.0,1.0,9.09,12.82,1.0,1.0,9.09,12.82,1.0,1.0,9.09,12.82,0.0,0.0,0.0,0.0,0.0,0.0,0.0,0.0,1.0,1.0,9.09,12.82,6.0,6.0,54.55,76.92,18.18,72.73,-54.55,94.02,-6.0,-6.0,-54.55,2.81,2.81,0.2,0.2,0.25,0.0,,0.17,1.0,0.5,1.0,0.8,0.0,0.0,0.09,54.55,0.0
4,高雄全家海神,45|109|110|4181,施晉堯/于煥亞/胡瓏貿/艾德,1,19,23.0,307.0,5.12,05:07,307.0,5.12,05:07,11.0,11.0,47.83,77.39,12.0,12.0,52.17,84.43,11.0,11.0,47.83,77.39,5.0,5.0,21.74,35.18,7.0,7.0,30.43,49.25,4.0,4.0,17.39,28.14,4.0,4.0,17.39,28.14,1.0,1.0,4.35,7.04,0.0,0.0,0.0,0.0,0.0,0.0,0.0,0.0,2.0,2.0,8.7,14.07,3.0,3.0,13.04,21.11,2.0,2.0,8.7,14.07,3.0,3.0,13.04,21.11,0.0,0.0,0.0,0.0,1.0,1.0,4.35,7.04,0.0,0.0,0.0,0.0,0.0,0.0,0.0,0.0,2.0,2.0,8.7,14.07,2.0,2.0,8.7,14.07,47.83,52.17,-4.35,107.88,-1.0,-1.0,-4.35,5.12,5.12,0.5,0.5,0.57,0.25,,0.0,0.2,0.4,0.6,0.5,0.0,0.0,0.09,8.7,0.0
4,高雄全家海神,45|109|4181|13399,施晉堯/于煥亞/艾德/賽克維奇,1,19,23.0,307.0,5.12,05:07,307.0,5.12,05:07,11.0,11.0,47.83,77.39,12.0,12.0,52.17,84.43,11.0,11.0,47.83,77.39,5.0,5.0,21.74,35.18,7.0,7.0,30.43,49.25,4.0,4.0,17.39,28.14,4.0,4.0,17.39,28.14,1.0,1.0,4.35,7.04,0.0,0.0,0.0,0.0,0.0,0.0,0.0,0.0,2.0,2.0,8.7,14.07,3.0,3.0,13.04,21.11,2.0,2.0,8.7,14.07,3.0,3.0,13.04,21.11,0.0,0.0,0.0,0.0,1.0,1.0,4.35,7.04,0.0,0.0,0.0,0.0,0.0,0.0,0.0,0.0,2.0,2.0,8.7,14.07,2.0,2.0,8.7,14.07,47.83,52.17,-4.35,107.88,-1.0,-1.0,-4.35,5.12,5.12,0.5,0.5,0.57,0.25,,0.0,0.2,0.4,0.6,0.5,0.0,0.0,0.09,8.7,0.0
4,高雄全家海神,45|110|4181|13399,施晉堯/胡瓏貿/艾德/賽克維奇,1,19,23.0,307.0,5.12,05:07,307.0,5.12,05:07,11.0,11.0,47.83,77.39,12.0,12.0,52.17,84.43,11.0,11.0,47.83,77.39,5.0,5.0,21.74,35.18,7.0,7.0,30.43,49.25,4.0,4.0,17.39,28.14,4.0,4.0,17.39,28.14,1.0,1.0,4.35,7.04,0.0,0.0,0.0,0.0,0.0,0.0,0.0,0.0,2.0,2.0,8.7,14.07,3.0,3.0,13.04,21.11,2.0,2.0,8.7,14.07,3.0,3.0,13.04,21.11,0.0,0.0,0.0,0.0,1.0,1.0,4.35,7.04,0.0,0.0,0.0,0.0,0.0,0.0,0.0,0.0,2.0,2.0,8.7,14.07,2.0,2.0,8.7,14.07,47.83,52.17,-4.35,107.88,-1.0,-1.0,-4.35,5.12,5.12,0.5,0.5,0.57,0.25,,0.0,0.2,0.4,0.6,0.5,0.0,0.0,0.09,8.7,0.0
4,高雄全家海神,109|110|4181|13399,于煥亞/胡瓏貿/艾德/賽克維奇,1,32,39.0,504.62,8.41,08:25,504.62,8.41,08:25,18.0,18.0,46.15,77.05,22.0,22.0,56.41,94.17,16.0,16.0,41.03,68.49,8.0,8.0,20.51,34.24,11.0,11.0,28.21,47.08,7.0,7.0,17.95,29.96,5.0,5.0,12.82,21.4,1.0,1.0,2.56,4.28,2.0,2.0,5.13,8.56,1.0,1.0,2.56,4.28,3.0,3.0,7.69,12.84,4.0,4.0,10.26,17.12,3.0,3.0,7.69,12.84,4.0,4.0,10.26,17.12,1.0,1.0,2.56,4.28,2.0,2.0,5.13,8.56,1.0,1.0,2.56,4.28,0.0,0.0,0.0,0.0,3.0,3.0,7.69,12.84,5.0,5.0,12.82,21.4,46.15,56.41,-10.26,111.29,-4.0,-4.0,-10.26,8.41,8.41,0.53,0.53,0.64,0.2,0.5,0.06,0.25,0.43,0.57,0.5,2.56,0.0,0.08,12.82,0.12
4,福爾摩沙夢想家,79|91|10890|13906,張宗憲/簡偉儒/湯普金斯/班提爾,1,16,20.0,269.21,4.49,04:29,269.21,4.49,04:29,10.0,10.0,50.0,80.23,10.0,10.0,50.0,80.23,10.0,10.0,50.0,80.23,4.0,4.0,20.0,32.09,6.0,6.0,30.0,48.14,2.0,2.0,10.0,16.05,4.0,4.0,20.0,32.09,2.0,2.0,10.0,16.05,2.0,2.0,10.0,16.05,0.0,0.0,0.0,0.0,4.0,4.0,20.0,32.09,3.0,3.0,15.0,24.07,0.0,0.0,0.0,0.0,2.0,2.0,10.0,16.05,1.0,1.0,5.0,8.02,2.0,2.0,10.0,16.05,1.0,1.0,5.0,8.02,1.0,1.0,5.0,8.02,2.0,2.0,10.0,16.05,2.0,2.0,10.0,16.05,50.0,50.0,0.0,106.98,0.0,0.0,0.0,4.49,4.49,0.5,0.46,0.33,0.5,0.0,0.08,0.5,0.67,1.0,0.78,5.0,5.0,0.1,10.0,0.2
4,高雄全家海神,109|118|119|13399,于煥亞/蘇文儒/余純安/賽克維奇,1,7,8.0,124.55,2.08,02:05,124.55,2.08,02:05,4.0,4.0,50.0,69.37,4.0,4.0,50.0,69.37,2.0,2.0,25.0,34.68,2.0,2.0,25.0,34.68,2.0,2.0,25.0,34.68,2.0,2.0,25.0,34.68,0.0,0.0,0.0,0.0,0.0,0.0,0.0,0.0,0.0,0.0,0.0,0.0,0.0,0.0,0.0,0.0,0.0,0.0,0.0,0.0,0.0,0.0,0.0,0.0,1.0,1.0,12.5,17.34,1.0,1.0,12.5,17.34,1.0,1.0,12.5,17.34,0.0,0.0,0.0,0.0,1.0,1.0,12.5,17.34,0.0,0.0,0.0,0.0,0.0,0.0,0.0,0.0,2.0,2.0,25.0,34.68,50.0,50.0,0.0,92.49,0.0,0.0,0.0,2.08,2.08,1.0,1.0,1.0,,,0.33,0.0,0.0,0.0,0.0,12.5,0.0,0.0,25.0,0.0
4,高雄全家海神,109|118|119|14844,于煥亞/蘇文儒/余純安/杭特,1,8,9.0,139.87,2.33,02:20,139.87,2.33,02:20,5.0,5.0,55.56,77.21,4.0,4.0,44.44,61.77,2.0,2.0,22.22,30.89,2.0,2.0,22.22,30.89,2.0,2.0,22.22,30.89,2.0,2.0,22.22,30.89,0.0,0.0,0.0,0.0,0.0,0.0,0.0,0.0,2.0,2.0,22.22,30.89,1.0,1.0,11.11,15.44,0.0,0.0,0.0,0.0,0.0,0.0,0.0,0.0,1.0,1.0,11.11,15.44,1.0,1.0,11.11,15.44,1.0,1.0,11.11,15.44,0.0,0.0,0.0,0.0,1.0,1.0,11.11,15.44,0.0,0.0,0.0,0.0,0.0,0.0,0.0,0.0,2.0,2.0,22.22,30.89,55.56,44.44,11.11,92.66,1.0,1.0,11.11,2.33,2.33,1.0,0.87,1.0,,0.5,0.26,0.0,0.0,0.0,0.0,11.11,0.0,0.0,22.22,1.0
4,高雄全家海神,109|119|13399|14844,于煥亞/余純安/賽克維奇/杭特,1,7,8.0,124.55,2.08,02:05,124.55,2.08,02:05,4.0,4.0,50.0,69.37,4.0,4.0,50.0,69.37,2.0,2.0,25.0,34.68,2.0,2.0,25.0,34.68,2.0,2.0,25.0,34.68,2.0,2.0,25.0,34.68,0.0,0.0,0.0,0.0,0.0,0.0,0.0,0.0,0.0,0.0,0.0,0.0,0.0,0.0,0.0,0.0,0.0,0.0,0.0,0.0,0.0,0.0,0.0,0.0,1.0,1.0,12.5,17.34,1.0,1.0,12.5,17.34,1.0,1.0,12.5,17.34,0.0,0.0,0.0,0.0,1.0,1.0,12.5,17.34,0.0,0.0,0.0,0.0,0.0,0.0,0.0,0.0,2.0,2.0,25.0,34.68,50.0,50.0,0.0,92.49,0.0,0.0,0.0,2.08,2.08,1.0,1.0,1.0,,,0.33,0.0,0.0,0.0,0.0,12.5,0.0,0.0,25.0,0.0
4,高雄全家海神,109|118|4181|13399,于煥亞/蘇文儒/艾德/賽克維奇,1,9,11.0,135.62,2.26,02:16,135.62,2.26,02:16,5.0,5.0,45.45,79.63,9.0,9.0,81.82,143.34,3.0,3.0,27.27,47.78,2.0,2.0,18.18,31.85,3.0,3.0,27.27,47.78,2.0,2.0,18.18,31.85,0.0,0.0,0.0,0.0,0.0,0.0,0.0,0.0,2.0,2.0,18.18,31.85,1.0,1.0,9.09,15.93,1.0,1.0,9.09,15.93,0.0,0.0,0.0,0.0,1.0,1.0,9.09,15.93,1.0,1.0,9.09,15.93,1.0,1.0,9.09,15.93,1.0,1.0,9.09,15.93,1.0,1.0,9.09,15.93,0.0,0.0,0.0,0.0,1.0,1.0,9.09,15.93,1.0,1.0,9.09,15.93,45.45,81.82,-36.36,116.79,-4.0,-4.0,-36.36,2.26,2.26,0.67,0.64,0.67,,0.5,0.2,0.5,0.5,0.0,0.33,9.09,0.0,0.09,9.09,0.67
4,高雄全家海神,110|118|4181|13399,胡瓏貿/蘇文儒/艾德/賽克維奇,1,13,16.0,198.01,3.3,03:18,198.01,3.3,03:18,6.0,6.0,37.5,65.45,11.0,11.0,68.75,119.99,4.0,4.0,25.0,43.63,2.0,2.0,12.5,21.82,3.0,3.0,18.75,32.73,2.0,2.0,12.5,21.82,1.0,1.0,6.25,10.91,0.0,0.0,0.0,0.0,4.0,4.0,25.0,43.63,2.0,2.0,12.5,21.82,1.0,1.0,6.25,10.91,1.0,1.0,6.25,10.91,2.0,2.0,12.5,21.82,2.0,2.0,12.5,21.82,1.0,1.0,6.25,10.91,1.0,1.0,6.25,10.91,1.0,1.0,6.25,10.91,0.0,0.0,0.0,0.0,2.0,2.0,12.5,21.82,1.0,1.0,6.25,10.91,37.5,68.75,-31.25,116.36,-5.0,-5.0,-31.25,3.3,3.3,0.5,0.52,0.67,0.0,0.5,0.15,0.5,0.33,0.33,0.33,6.25,0.0,0.12,6.25,1.0
4,高雄全家海神,109|121|4181|13399,于煥亞/吳曉謹/艾德/賽克維奇,1,4,5.0,62.0,1.03,01:02,62.0,1.03,01:02,2.0,2.0,40.0,69.68,1.0,1.0,20.0,34.84,2.0,2.0,40.0,69.68,1.0,1.0,20.0,34.84,1.0,1.0,20.0,34.84,1.0,1.0,20.0,34.84,1.0,1.0,20.0,34.84,0.0,0.0,0.0,0.0,0.0,0.0,0.0,0.0,0.0,0.0,0.0,0.0,0.0,0.0,0.0,0.0,1.0,1.0,20.0,34.84,0.0,0.0,0.0,0.0,0.0,0.0,0.0,0.0,0.0,0.0,0.0,0.0,0.0,0.0,0.0,0.0,0.0,0.0,0.0,0.0,0.0,0.0,0.0,0.0,0.0,0.0,0.0,0.0,2.0,2.0,40.0,69.68,40.0,20.0,20.0,116.13,1.0,1.0,20.0,1.03,1.03,0.5,0.5,1.0,0.0,,0.0,0.0,,1.0,1.0,0.0,0.0,0.0,40.0,0.0
4,高雄全家海神,110|121|4181|13399,胡瓏貿/吳曉謹/艾德/賽克維奇,1,8,10.0,124.38,2.07,02:04,124.38,2.07,02:04,3.0,3.0,30.0,52.1,3.0,3.0,30.0,52.1,3.0,3.0,30.0,52.1,1.0,1.0,10.0,17.37,1.0,1.0,10.0,17.37,1.0,1.0,10.0,17.37,2.0,2.0,20.0,34.73,0.0,0.0,0.0,0.0,2.0,2.0,20.0,34.73,1.0,1.0,10.0,17.37,0.0,0.0,0.0,0.0,2.0,2.0,20.0,34.73,1.0,1.0,10.0,17.37,1.0,1.0,10.0,17.37,0.0,0.0,0.0,0.0,0.0,0.0,0.0,0.0,0.0,0.0,0.0,0.0,0.0,0.0,0.0,0.0,1.0,1.0,10.0,17.37,2.0,2.0,20.0,34.73,30.0,30.0,0.0,115.77,0.0,0.0,0.0,2.07,2.07,0.33,0.39,1.0,0.0,0.5,0.0,0.0,0.0,0.67,0.5,0.0,0.0,0.1,20.0,0.67
4,高雄全家海神,118|121|4181|13399,蘇文儒/吳曉謹/艾德/賽克維奇,1,4,5.0,62.38,1.04,01:02,62.38,1.04,01:02,1.0,1.0,20.0,34.62,2.0,2.0,40.0,69.25,1.0,1.0,20.0,34.62,0.0,0.0,0.0,0.0,0.0,0.0,0.0,0.0,0.0,0.0,0.0,0.0,1.0,1.0,20.0,34.62,0.0,0.0,0.0,0.0,2.0,2.0,40.0,69.25,1.0,1.0,20.0,34.62,0.0,0.0,0.0,0.0,1.0,1.0,20.0,34.62,1.0,1.0,20.0,34.62,1.0,1.0,20.0,34.62,0.0,0.0,0.0,0.0,0.0,0.0,0.0,0.0,0.0,0.0,0.0,0.0,0.0,0.0,0.0,0.0,1.0,1.0,20.0,34.62,0.0,0.0,0.0,0.0,20.0,40.0,-20.0,115.41,-1.0,-1.0,-20.0,1.04,1.04,0.0,0.27,,0.0,0.5,0.0,,0.0,0.5,0.33,0.0,0.0,0.2,0.0,2.0
4,高雄全家海神,45|110|121|14844,施晉堯/胡瓏貿/吳曉謹/杭特,1,1,1.0,24.0,0.4,00:24,24.0,0.4,00:24,0.0,0.0,0.0,0.0,0.0,0.0,0.0,0.0,0.0,0.0,0.0,0.0,0.0,0.0,0.0,0.0,0.0,0.0,0.0,0.0,0.0,0.0,0.0,0.0,0.0,0.0,0.0,0.0,0.0,0.0,0.0,0.0,0.0,0.0,0.0,0.0,0.0,0.0,0.0,0.0,0.0,0.0,0.0,0.0,0.0,0.0,0.0,0.0,0.0,0.0,0.0,0.0,0.0,0.0,0.0,0.0,0.0,0.0,0.0,0.0,0.0,0.0,0.0,0.0,0.0,0.0,0.0,0.0,0.0,0.0,0.0,0.0,0.0,0.0,0.0,0.0,0.0,0.0,0.0,0.0,0.0,0.0,0.0,60.0,0.0,0.0,0.0,0.4,0.4,,,,,,,,,,,0.0,0.0,0.0,0.0,
4,高雄全家海神,45|110|4181|14844,施晉堯/胡瓏貿/艾德/杭特,3,14,19.0,272.18,4.54,04:32,90.73,1.51,01:31,11.0,3.67,57.89,87.29,7.0,2.33,36.84,55.55,6.0,2.0,31.58,47.61,3.0,1.0,15.79,23.81,3.0,1.0,15.79,23.81,2.0,0.67,10.53,15.87,3.0,1.0,15.79,23.81,1.0,0.33,5.26,7.94,4.0,1.33,21.05,31.74,4.0,1.33,21.05,31.74,2.0,0.67,10.53,15.87,1.0,0.33,5.26,7.94,2.0,0.67,10.53,15.87,1.0,0.33,5.26,7.94,1.0,0.33,5.26,7.94,1.0,0.33,5.26,7.94,1.0,0.33,5.26,7.94,0.0,0.0,0.0,0.0,2.0,0.67,10.53,15.87,4.0,1.33,21.05,31.74,57.89,36.84,21.05,100.52,4.0,1.33,21.05,4.54,1.51,0.58,0.71,0.67,0.33,1.0,0.11,0.33,0.67,0.33,0.5,5.26,0.0,0.11,21.05,0.67
4,高雄全家海神,45|121|4181|14844,施晉堯/吳曉謹/艾德/杭特,1,5,5.0,61.67,1.03,01:02,61.67,1.03,01:02,2.0,2.0,40.0,70.05,2.0,2.0,40.0,70.05,0.0,0.0,0.0,0.0,0.0,0.0,0.0,0.0,0.0,0.0,0.0,0.0,0.0,0.0,0.0,0.0,0.0,0.0,0.0,0.0,0.0,0.0,0.0,0.0,3.0,3.0,60.0,105.07,2.0,2.0,40.0,70.05,0.0,0.0,0.0,0.0,1.0,1.0,20.0,35.02,0.0,0.0,0.0,0.0,1.0,1.0,20.0,35.02,0.0,0.0,0.0,0.0,1.0,1.0,20.0,35.02,0.0,0.0,0.0,0.0,0.0,0.0,0.0,0.0,1.0,1.0,20.0,35.02,2.0,2.0,40.0,70.05,40.0,40.0,0.0,116.75,0.0,0.0,0.0,1.03,1.03,,0.76,,,0.67,0.0,,0.0,1.0,0.5,0.0,0.0,0.2,40.0,
4,高雄全家海神,109|110|119|4181,于煥亞/胡瓏貿/余純安/艾德,1,14,19.0,207.0,3.45,03:27,207.0,3.45,03:27,6.0,6.0,31.58,62.61,1.0,1.0,5.26,10.43,7.0,7.0,36.84,73.04,1.0,1.0,5.26,10.43,3.0,3.0,15.79,31.3,0.0,0.0,0.0,0.0,4.0,4.0,21.05,41.74,1.0,1.0,5.26,10.43,2.0,2.0,10.53,20.87,1.0,1.0,5.26,10.43,3.0,3.0,15.79,31.3,4.0,4.0,21.05,41.74,1.0,1.0,5.26,10.43,5.0,5.0,26.32,52.17,1.0,1.0,5.26,10.43,1.0,1.0,5.26,10.43,1.0,1.0,5.26,10.43,0.0,0.0,0.0,0.0,2.0,2.0,10.53,20.87,2.0,2.0,10.53,20.87,31.58,5.26,26.32,132.17,5.0,5.0,26.32,3.45,3.45,0.21,0.38,0.0,0.25,0.5,0.11,1.0,0.38,0.8,0.54,5.26,0.0,0.11,10.53,0.29
4,高雄全家海神,109|110|119|14844,于煥亞/胡瓏貿/余純安/杭特,1,15,20.0,222.32,3.71,03:42,222.32,3.71,03:42,7.0,7.0,35.0,68.01,1.0,1.0,5.0,9.72,7.0,7.0,35.0,68.01,1.0,1.0,5.0,9.72,3.0,3.0,15.0,29.15,0.0,0.0,0.0,0.0,4.0,4.0,20.0,38.86,1.0,1.0,5.0,9.72,4.0,4.0,20.0,38.86,2.0,2.0,10.0,19.43,3.0,3.0,15.0,29.15,4.0,4.0,20.0,38.86,1.0,1.0,5.0,9.72,5.0,5.0,25.0,48.58,1.0,1.0,5.0,9.72,1.0,1.0,5.0,9.72,1.0,1.0,5.0,9.72,0.0,0.0,0.0,0.0,2.0,2.0,10.0,19.43,2.0,2.0,10.0,19.43,35.0,5.0,30.0,129.54,6.0,6.0,30.0,3.71,3.71,0.21,0.4,0.0,0.25,0.5,0.1,1.0,0.38,0.8,0.54,5.0,0.0,0.1,10.0,0.57
4,高雄全家海神,109|119|4181|14844,于煥亞/余純安/艾德/杭特,1,14,19.0,207.0,3.45,03:27,207.0,3.45,03:27,6.0,6.0,31.58,62.61,1.0,1.0,5.26,10.43,7.0,7.0,36.84,73.04,1.0,1.0,5.26,10.43,3.0,3.0,15.79,31.3,0.0,0.0,0.0,0.0,4.0,4.0,21.05,41.74,1.0,1.0,5.26,10.43,2.0,2.0,10.53,20.87,1.0,1.0,5.26,10.43,3.0,3.0,15.79,31.3,4.0,4.0,21.05,41.74,1.0,1.0,5.26,10.43,5.0,5.0,26.32,52.17,1.0,1.0,5.26,10.43,1.0,1.0,5.26,10.43,1.0,1.0,5.26,10.43,0.0,0.0,0.0,0.0,2.0,2.0,10.53,20.87,2.0,2.0,10.53,20.87,31.58,5.26,26.32,132.17,5.0,5.0,26.32,3.45,3.45,0.21,0.38,0.0,0.25,0.5,0.11,1.0,0.38,0.8,0.54,5.26,0.0,0.11,10.53,0.29
4,高雄全家海神,110|119|4181|14844,胡瓏貿/余純安/艾德/杭特,2,27,36.0,429.05,7.15,07:09,214.52,3.58,03:35,19.0,9.5,52.78,95.65,9.0,4.5,25.0,45.31,12.0,6.0,33.33,60.41,5.0,2.5,13.89,25.17,7.0,3.5,19.44,35.24,3.0,1.5,8.33,15.1,5.0,2.5,13.89,25.17,2.0,1.0,5.56,10.07,8.0,4.0,22.22,40.28,5.0,2.5,13.89,25.17,4.0,2.0,11.11,20.14,5.0,2.5,13.89,25.17,1.0,0.5,2.78,5.03,7.0,3.5,19.44,35.24,3.0,1.5,8.33,15.1,2.0,1.0,5.56,10.07,3.0,1.5,8.33,15.1,0.0,0.0,0.0,0.0,6.0,3.0,16.67,30.21,4.0,2.0,11.11,20.14,52.78,25.0,27.78,120.83,10.0,5.0,27.78,7.15,3.58,0.5,0.61,0.43,0.4,0.62,0.16,0.4,0.36,0.83,0.53,8.33,0.0,0.17,11.11,0.67
4,高雄全家海神,45|119|121|4181,施晉堯/余純安/吳曉謹/艾德,1,4,4.0,37.67,0.63,00:38,37.67,0.63,00:38,2.0,2.0,50.0,114.68,2.0,2.0,50.0,114.68,0.0,0.0,0.0,0.0,0.0,0.0,0.0,0.0,0.0,0.0,0.0,0.0,0.0,0.0,0.0,0.0,0.0,0.0,0.0,0.0,0.0,0.0,0.0,0.0,3.0,3.0,75.0,172.02,2.0,2.0,50.0,114.68,0.0,0.0,0.0,0.0,1.0,1.0,25.0,57.34,0.0,0.0,0.0,0.0,1.0,1.0,25.0,57.34,0.0,0.0,0.0,0.0,1.0,1.0,25.0,57.34,0.0,0.0,0.0,0.0,0.0,0.0,0.0,0.0,1.0,1.0,25.0,57.34,2.0,2.0,50.0,114.68,50.0,50.0,0.0,152.9,0.0,0.0,0.0,0.63,0.63,,0.76,,,0.67,0.0,,0.0,1.0,0.5,0.0,0.0,0.25,50.0,
4,高雄全家海神,45|119|121|14844,施晉堯/余純安/吳曉謹/杭特,1,4,4.0,37.67,0.63,00:38,37.67,0.63,00:38,2.0,2.0,50.0,114.68,2.0,2.0,50.0,114.68,0.0,0.0,0.0,0.0,0.0,0.0,0.0,0.0,0.0,0.0,0.0,0.0,0.0,0.0,0.0,0.0,0.0,0.0,0.0,0.0,0.0,0.0,0.0,0.0,3.0,3.0,75.0,172.02,2.0,2.0,50.0,114.68,0.0,0.0,0.0,0.0,1.0,1.0,25.0,57.34,0.0,0.0,0.0,0.0,1.0,1.0,25.0,57.34,0.0,0.0,0.0,0.0,1.0,1.0,25.0,57.34,0.0,0.0,0.0,0.0,0.0,0.0,0.0,0.0,1.0,1.0,25.0,57.34,2.0,2.0,50.0,114.68,50.0,50.0,0.0,152.9,0.0,0.0,0.0,0.63,0.63,,0.76,,,0.67,0.0,,0.0,1.0,0.5,0.0,0.0,0.25,50.0,
4,高雄全家海神,45|119|4181|14844,施晉堯/余純安/艾德/杭特,1,4,4.0,37.67,0.63,00:38,37.67,0.63,00:38,2.0,2.0,50.0,114.68,2.0,2.0,50.0,114.68,0.0,0.0,0.0,0.0,0.0,0.0,0.0,0.0,0.0,0.0,0.0,0.0,0.0,0.0,0.0,0.0,0.0,0.0,0.0,0.0,0.0,0.0,0.0,0.0,3.0,3.0,75.0,172.02,2.0,2.0,50.0,114.68,0.0,0.0,0.0,0.0,1.0,1.0,25.0,57.34,0.0,0.0,0.0,0.0,1.0,1.0,25.0,57.34,0.0,0.0,0.0,0.0,1.0,1.0,25.0,57.34,0.0,0.0,0.0,0.0,0.0,0.0,0.0,0.0,1.0,1.0,25.0,57.34,2.0,2.0,50.0,114.68,50.0,50.0,0.0,152.9,0.0,0.0,0.0,0.63,0.63,,0.76,,,0.67,0.0,,0.0,1.0,0.5,0.0,0.0,0.25,50.0,
4,高雄全家海神,119|121|4181|14844,余純安/吳曉謹/艾德/杭特,1,4,4.0,37.67,0.63,00:38,37.67,0.63,00:38,2.0,2.0,50.0,114.68,2.0,2.0,50.0,114.68,0.0,0.0,0.0,0.0,0.0,0.0,0.0,0.0,0.0,0.0,0.0,0.0,0.0,0.0,0.0,0.0,0.0,0.0,0.0,0.0,0.0,0.0,0.0,0.0,3.0,3.0,75.0,172.02,2.0,2.0,50.0,114.68,0.0,0.0,0.0,0.0,1.0,1.0,25.0,57.34,0.0,0.0,0.0,0.0,1.0,1.0,25.0,57.34,0.0,0.0,0.0,0.0,1.0,1.0,25.0,57.34,0.0,0.0,0.0,0.0,0.0,0.0,0.0,0.0,1.0,1.0,25.0,57.34,2.0,2.0,50.0,114.68,50.0,50.0,0.0,152.9,0.0,0.0,0.0,0.63,0.63,,0.76,,,0.67,0.0,,0.0,1.0,0.5,0.0,0.0,0.25,50.0,
4,高雄全家海神,109|110|118|119,于煥亞/胡瓏貿/蘇文儒/余純安,1,1,1.0,15.32,0.26,00:15,15.32,0.26,00:15,1.0,1.0,100.0,140.99,0.0,0.0,0.0,0.0,0.0,0.0,0.0,0.0,0.0,0.0,0.0,0.0,0.0,0.0,0.0,0.0,0.0,0.0,0.0,0.0,0.0,0.0,0.0,0.0,0.0,0.0,0.0,0.0,2.0,2.0,200.0,281.98,1.0,1.0,100.0,140.99,0.0,0.0,0.0,0.0,0.0,0.0,0.0,0.0,0.0,0.0,0.0,0.0,0.0,0.0,0.0,0.0,0.0,0.0,0.0,0.0,0.0,0.0,0.0,0.0,0.0,0.0,0.0,0.0,0.0,0.0,0.0,0.0,0.0,0.0,0.0,0.0,0.0,0.0,0.0,0.0,100.0,0.0,100.0,93.99,1.0,1.0,100.0,0.26,0.26,,0.57,,,0.5,0.0,,,,,0.0,0.0,0.0,0.0,
4,高雄全家海神,110|118|119|14844,胡瓏貿/蘇文儒/余純安/杭特,2,59,73.0,930.54,15.51,15:31,465.27,7.75,07:45,32.0,16.0,43.84,74.28,35.0,17.5,47.95,81.24,28.0,14.0,38.36,64.99,9.0,4.5,12.33,20.89,16.0,8.0,21.92,37.14,5.0,2.5,6.85,11.61,12.0,6.0,16.44,27.85,4.0,2.0,5.48,9.28,12.0,6.0,16.44,27.85,8.0,4.0,10.96,18.57,6.0,3.0,8.22,13.93,14.0,7.0,19.18,32.5,5.0,2.5,6.85,11.61,9.0,4.5,12.33,20.89,2.0,1.0,2.74,4.64,5.0,2.5,6.85,11.61,2.0,1.0,2.74,4.64,1.0,0.5,1.37,2.32,9.0,4.5,12.33,20.89,5.0,2.5,6.85,11.61,43.84,47.95,-4.11,112.97,-3.0,-1.5,-4.11,15.51,7.75,0.39,0.48,0.31,0.33,0.67,0.06,0.56,0.4,0.74,0.59,2.74,1.37,0.12,6.85,0.43
4,新北國王,21|10872|13029|14038,李愷諺/林彥廷/杰倫/飛米,1,25,26.0,452.99,7.55,07:33,452.99,7.55,07:33,13.0,13.0,50.0,61.99,17.0,17.0,65.38,81.06,8.0,8.0,30.77,38.15,5.0,5.0,19.23,23.84,3.0,3.0,11.54,14.3,3.0,3.0,11.54,14.3,5.0,5.0,19.23,23.84,2.0,2.0,7.69,9.54,1.0,1.0,3.85,4.77,1.0,1.0,3.85,4.77,0.0,0.0,0.0,0.0,3.0,3.0,11.54,14.3,1.0,1.0,3.85,4.77,3.0,3.0,11.54,14.3,4.0,4.0,15.38,19.07,2.0,2.0,7.69,9.54,1.0,1.0,3.85,4.77,0.0,0.0,0.0,0.0,2.0,2.0,7.69,9.54,0.0,0.0,0.0,0.0,50.0,65.38,-15.38,82.65,-4.0,-4.0,-15.38,7.55,7.55,0.75,0.77,1.0,0.4,1.0,0.32,0.4,0.0,0.75,0.43,3.85,0.0,0.08,0.0,0.12
4,新北國王,21|10874|13029|14038,李愷諺/熊祥泰/杰倫/飛米,1,22,22.0,355.09,5.92,05:55,355.09,5.92,05:55,12.0,12.0,54.55,73.0,15.0,15.0,68.18,91.24,9.0,9.0,40.91,54.75,5.0,5.0,22.73,30.41,4.0,4.0,18.18,24.33,3.0,3.0,13.64,18.25,5.0,5.0,22.73,30.41,2.0,2.0,9.09,12.17,0.0,0.0,0.0,0.0,0.0,0.0,0.0,0.0,0.0,0.0,0.0,0.0,3.0,3.0,13.64,18.25,0.0,0.0,0.0,0.0,3.0,3.0,13.64,18.25,2.0,2.0,9.09,12.17,2.0,2.0,9.09,12.17,2.0,2.0,9.09,12.17,0.0,0.0,0.0,0.0,0.0,0.0,0.0,0.0,0.0,0.0,0.0,0.0,54.55,68.18,-13.64,89.22,-3.0,-3.0,-13.64,5.92,5.92,0.67,0.67,0.75,0.4,,0.18,0.4,0.0,1.0,0.5,9.09,0.0,0.0,0.0,0.0
4,新北國王,21|29|10874|14038,李愷諺/林書緯/熊祥泰/飛米,1,36,40.0,612.26,10.2,10:12,612.26,10.2,10:12,20.0,20.0,50.0,70.56,25.0,25.0,62.5,88.2,16.0,16.0,40.0,56.45,7.0,7.0,17.5,24.7,11.0,11.0,27.5,38.81,6.0,6.0,15.0,21.17,5.0,5.0,12.5,17.64,1.0,1.0,2.5,3.53,6.0,6.0,15.0,21.17,5.0,5.0,12.5,17.64,3.0,3.0,7.5,10.58,6.0,6.0,15.0,21.17,1.0,1.0,2.5,3.53,7.0,7.0,17.5,24.7,3.0,3.0,7.5,10.58,3.0,3.0,7.5,10.58,1.0,1.0,2.5,3.53,1.0,1.0,2.5,3.53,5.0,5.0,12.5,17.64,3.0,3.0,7.5,10.58,50.0,62.5,-12.5,94.08,-5.0,-5.0,-12.5,10.2,10.2,0.47,0.54,0.55,0.2,0.83,0.14,0.43,0.3,0.86,0.53,2.5,2.5,0.12,7.5,0.38
4,新北國王,21|24|29|14038,李愷諺/蘇士軒/林書緯/飛米,1,14,15.0,181.18,3.02,03:01,181.18,3.02,03:01,6.0,6.0,40.0,71.53,13.0,13.0,86.67,154.98,4.0,4.0,26.67,47.69,2.0,2.0,13.33,23.84,4.0,4.0,26.67,47.69,2.0,2.0,13.33,23.84,0.0,0.0,0.0,0.0,0.0,0.0,0.0,0.0,4.0,4.0,26.67,47.69,2.0,2.0,13.33,23.84,0.0,0.0,0.0,0.0,3.0,3.0,20.0,35.76,0.0,0.0,0.0,0.0,2.0,2.0,13.33,23.84,1.0,1.0,6.67,11.92,2.0,2.0,13.33,23.84,1.0,1.0,6.67,11.92,1.0,1.0,6.67,11.92,2.0,2.0,13.33,23.84,5.0,5.0,33.33,59.61,40.0,86.67,-46.67,119.22,-7.0,-7.0,-46.67,3.02,3.02,0.5,0.52,0.5,,0.5,0.15,1.0,0.0,1.0,0.6,6.67,6.67,0.13,33.33,1.0
4,新北國王,21|24|13029|14038,李愷諺/蘇士軒/杰倫/飛米,1,23,25.0,335.09,5.58,05:35,335.09,5.58,05:35,11.0,11.0,44.0,70.91,20.0,20.0,80.0,128.92,6.0,6.0,24.0,38.68,4.0,4.0,16.0,25.78,6.0,6.0,24.0,38.68,4.0,4.0,16.0,25.78,0.0,0.0,0.0,0.0,0.0,0.0,0.0,0.0,5.0,5.0,20.0,32.23,3.0,3.0,12.0,19.34,0.0,0.0,0.0,0.0,3.0,3.0,12.0,19.34,1.0,1.0,4.0,6.45,2.0,2.0,8.0,12.89,3.0,3.0,12.0,19.34,2.0,2.0,8.0,12.89,1.0,1.0,4.0,6.45,1.0,1.0,4.0,6.45,3.0,3.0,12.0,19.34,5.0,5.0,20.0,32.23,44.0,80.0,-36.0,107.44,-9.0,-9.0,-36.0,5.58,5.58,0.67,0.67,0.67,,0.6,0.27,0.5,0.0,0.75,0.5,4.0,4.0,0.12,20.0,0.83
4,新北國王,21|29|13029|14038,李愷諺/林書緯/杰倫/飛米,1,32,33.0,457.18,7.62,07:37,457.18,7.62,07:37,10.0,10.0,30.3,47.25,28.0,28.0,84.85,132.29,11.0,11.0,33.33,51.97,4.0,4.0,12.12,18.9,7.0,7.0,21.21,33.07,4.0,4.0,12.12,18.9,4.0,4.0,12.12,18.9,0.0,0.0,0.0,0.0,4.0,4.0,12.12,18.9,2.0,2.0,6.06,9.45,0.0,0.0,0.0,0.0,7.0,7.0,21.21,33.07,0.0,0.0,0.0,0.0,4.0,4.0,12.12,18.9,3.0,3.0,9.09,14.17,2.0,2.0,6.06,9.45,2.0,2.0,6.06,9.45,1.0,1.0,3.03,4.72,3.0,3.0,9.09,14.17,5.0,5.0,15.15,23.62,30.3,84.85,-54.55,103.94,-18.0,-18.0,-54.55,7.62,7.62,0.36,0.39,0.57,0.0,0.5,0.19,0.5,0.0,1.0,0.64,6.06,3.03,0.09,15.15,0.36
4,新北國王,21|24|34|10874,李愷諺/蘇士軒/沃許本/熊祥泰,3,14,17.0,266.98,4.45,04:27,88.99,1.48,01:29,3.0,1.0,17.65,24.27,13.0,4.33,76.47,105.17,6.0,2.0,35.29,48.54,1.0,0.33,5.88,8.09,3.0,1.0,17.65,24.27,1.0,0.33,5.88,8.09,3.0,1.0,17.65,24.27,0.0,0.0,0.0,0.0,2.0,0.67,11.76,16.18,1.0,0.33,5.88,8.09,1.0,0.33,5.88,8.09,3.0,1.0,17.65,24.27,2.0,0.67,11.76,16.18,2.0,0.67,11.76,16.18,0.0,0.0,0.0,0.0,0.0,0.0,0.0,0.0,0.0,0.0,0.0,0.0,0.0,0.0,0.0,0.0,0.0,0.0,0.0,0.0,0.0,0.0,0.0,0.0,17.65,76.47,-58.82,91.69,-10.0,-3.33,-58.82,4.45,1.48,0.17,0.22,0.33,0.0,0.5,0.0,0.0,0.33,0.6,0.5,0.0,0.0,0.0,0.0,0.33
4,新北國王,21|24|34|14038,李愷諺/蘇士軒/沃許本/飛米,1,2,2.0,42.71,0.71,00:43,42.71,0.71,00:43,0.0,0.0,0.0,0.0,2.0,2.0,100.0,101.15,0.0,0.0,0.0,0.0,0.0,0.0,0.0,0.0,0.0,0.0,0.0,0.0,0.0,0.0,0.0,0.0,0.0,0.0,0.0,0.0,0.0,0.0,0.0,0.0,0.0,0.0,0.0,0.0,0.0,0.0,0.0,0.0,0.0,0.0,0.0,0.0,0.0,0.0,0.0,0.0,0.0,0.0,0.0,0.0,1.0,1.0,50.0,50.58,0.0,0.0,0.0,0.0,0.0,0.0,0.0,0.0,0.0,0.0,0.0,0.0,0.0,0.0,0.0,0.0,0.0,0.0,0.0,0.0,0.0,0.0,0.0,0.0,0.0,100.0,-100.0,67.44,-2.0,-2.0,-100.0,0.71,0.71,,,,,,,,0.0,,0.0,0.0,0.0,0.0,0.0,
4,新北國王,21|24|10874|14038,李愷諺/蘇士軒/熊祥泰/飛米,1,2,2.0,42.71,0.71,00:43,42.71,0.71,00:43,0.0,0.0,0.0,0.0,2.0,2.0,100.0,101.15,0.0,0.0,0.0,0.0,0.0,0.0,0.0,0.0,0.0,0.0,0.0,0.0,0.0,0.0,0.0,0.0,0.0,0.0,0.0,0.0,0.0,0.0,0.0,0.0,0.0,0.0,0.0,0.0,0.0,0.0,0.0,0.0,0.0,0.0,0.0,0.0,0.0,0.0,0.0,0.0,0.0,0.0,0.0,0.0,1.0,1.0,50.0,50.58,0.0,0.0,0.0,0.0,0.0,0.0,0.0,0.0,0.0,0.0,0.0,0.0,0.0,0.0,0.0,0.0,0.0,0.0,0.0,0.0,0.0,0.0,0.0,0.0,0.0,100.0,-100.0,67.44,-2.0,-2.0,-100.0,0.71,0.71,,,,,,,,0.0,,0.0,0.0,0.0,0.0,0.0,
4,新北國王,24|34|10874|14038,蘇士軒/沃許本/熊祥泰/飛米,2,3,3.0,43.71,0.73,00:44,21.85,0.36,00:22,0.0,0.0,0.0,0.0,2.0,1.0,66.67,98.84,0.0,0.0,0.0,0.0,0.0,0.0,0.0,0.0,0.0,0.0,0.0,0.0,0.0,0.0,0.0,0.0,0.0,0.0,0.0,0.0,0.0,0.0,0.0,0.0,0.0,0.0,0.0,0.0,0.0,0.0,0.0,0.0,0.0,0.0,0.0,0.0,0.0,0.0,0.0,0.0,0.0,0.0,0.0,0.0,1.0,0.5,33.33,49.42,0.0,0.0,0.0,0.0,0.0,0.0,0.0,0.0,0.0,0.0,0.0,0.0,0.0,0.0,0.0,0.0,0.0,0.0,0.0,0.0,0.0,0.0,0.0,0.0,0.0,66.67,-66.67,98.84,-2.0,-1.0,-66.67,0.73,0.36,,,,,,,,0.0,,0.0,0.0,0.0,0.0,0.0,
4,福爾摩沙夢想家,86|89|99|13906,林俊吉/蔣淯安/盧冠良/班提爾,1,5,5.0,81.88,1.36,01:22,81.88,1.36,01:22,2.0,2.0,40.0,52.76,5.0,5.0,100.0,131.89,2.0,2.0,40.0,52.76,1.0,1.0,20.0,26.38,2.0,2.0,40.0,52.76,1.0,1.0,20.0,26.38,0.0,0.0,0.0,0.0,0.0,0.0,0.0,0.0,0.0,0.0,0.0,0.0,0.0,0.0,0.0,0.0,0.0,0.0,0.0,0.0,1.0,1.0,20.0,26.38,0.0,0.0,0.0,0.0,0.0,0.0,0.0,0.0,0.0,0.0,0.0,0.0,1.0,1.0,20.0,26.38,0.0,0.0,0.0,0.0,0.0,0.0,0.0,0.0,1.0,1.0,20.0,26.38,2.0,2.0,40.0,52.76,40.0,100.0,-60.0,87.93,-3.0,-3.0,-60.0,1.36,1.36,0.5,0.5,0.5,,,0.0,1.0,,1.0,1.0,0.0,0.0,0.2,40.0,0.0
4,新北國王,21|24|10872|14038,李愷諺/蘇士軒/林彥廷/飛米,1,9,10.0,153.9,2.57,02:34,153.9,2.57,02:34,5.0,5.0,50.0,70.17,7.0,7.0,70.0,98.24,2.0,2.0,20.0,28.07,2.0,2.0,20.0,28.07,2.0,2.0,20.0,28.07,2.0,2.0,20.0,28.07,0.0,0.0,0.0,0.0,0.0,0.0,0.0,0.0,1.0,1.0,10.0,14.03,1.0,1.0,10.0,14.03,0.0,0.0,0.0,0.0,0.0,0.0,0.0,0.0,1.0,1.0,10.0,14.03,0.0,0.0,0.0,0.0,2.0,2.0,20.0,28.07,0.0,0.0,0.0,0.0,0.0,0.0,0.0,0.0,0.0,0.0,0.0,0.0,1.0,1.0,10.0,14.03,0.0,0.0,0.0,0.0,50.0,70.0,-20.0,93.57,-2.0,-2.0,-20.0,2.57,2.57,1.0,1.02,1.0,,1.0,0.45,0.0,,0.0,0.0,0.0,0.0,0.1,0.0,0.5
4,新北國王,21|22|10872|14038,李愷諺/簡祐哲/林彥廷/飛米,1,2,2.0,24.25,0.4,00:24,24.25,0.4,00:24,0.0,0.0,0.0,0.0,3.0,3.0,150.0,267.18,0.0,0.0,0.0,0.0,0.0,0.0,0.0,0.0,0.0,0.0,0.0,0.0,0.0,0.0,0.0,0.0,0.0,0.0,0.0,0.0,0.0,0.0,0.0,0.0,0.0,0.0,0.0,0.0,0.0,0.0,0.0,0.0,0.0,0.0,0.0,0.0,0.0,0.0,0.0,0.0,0.0,0.0,0.0,0.0,1.0,1.0,50.0,89.06,0.0,0.0,0.0,0.0,0.0,0.0,0.0,0.0,0.0,0.0,0.0,0.0,0.0,0.0,0.0,0.0,0.0,0.0,0.0,0.0,0.0,0.0,0.0,0.0,0.0,150.0,-150.0,118.75,-3.0,-3.0,-150.0,0.4,0.4,,,,,,,,0.0,,0.0,0.0,0.0,0.0,0.0,
4,福爾摩沙夢想家,73|83|91|95,陳振傑/吳家駿/簡偉儒/李德威,1,6,8.0,129.0,2.15,02:09,129.0,2.15,02:09,0.0,0.0,0.0,0.0,6.0,6.0,75.0,100.47,2.0,2.0,25.0,33.49,0.0,0.0,0.0,0.0,1.0,1.0,12.5,16.74,0.0,0.0,0.0,0.0,1.0,1.0,12.5,16.74,0.0,0.0,0.0,0.0,0.0,0.0,0.0,0.0,0.0,0.0,0.0,0.0,0.0,0.0,0.0,0.0,2.0,2.0,25.0,33.49,2.0,2.0,25.0,33.49,2.0,2.0,25.0,33.49,1.0,1.0,12.5,16.74,0.0,0.0,0.0,0.0,0.0,0.0,0.0,0.0,1.0,1.0,12.5,16.74,0.0,0.0,0.0,0.0,0.0,0.0,0.0,0.0,0.0,75.0,-75.0,89.3,-6.0,-6.0,-75.0,2.15,2.15,0.0,0.0,0.0,0.0,,0.33,,0.0,0.5,0.33,0.0,12.5,0.0,0.0,0.0
4,福爾摩沙夢想家,73|83|91|101,陳振傑/吳家駿/簡偉儒/周柏臣,1,6,8.0,129.0,2.15,02:09,129.0,2.15,02:09,0.0,0.0,0.0,0.0,6.0,6.0,75.0,100.47,2.0,2.0,25.0,33.49,0.0,0.0,0.0,0.0,1.0,1.0,12.5,16.74,0.0,0.0,0.0,0.0,1.0,1.0,12.5,16.74,0.0,0.0,0.0,0.0,0.0,0.0,0.0,0.0,0.0,0.0,0.0,0.0,0.0,0.0,0.0,0.0,2.0,2.0,25.0,33.49,2.0,2.0,25.0,33.49,2.0,2.0,25.0,33.49,1.0,1.0,12.5,16.74,0.0,0.0,0.0,0.0,0.0,0.0,0.0,0.0,1.0,1.0,12.5,16.74,0.0,0.0,0.0,0.0,0.0,0.0,0.0,0.0,0.0,75.0,-75.0,89.3,-6.0,-6.0,-75.0,2.15,2.15,0.0,0.0,0.0,0.0,,0.33,,0.0,0.5,0.33,0.0,12.5,0.0,0.0,0.0
4,福爾摩沙夢想家,73|83|95|101,陳振傑/吳家駿/李德威/周柏臣,2,39,49.0,746.66,12.44,12:27,373.33,6.22,06:13,9.0,4.5,18.37,26.04,12.0,6.0,24.49,34.71,18.0,9.0,36.73,52.07,4.0,2.0,8.16,11.57,8.0,4.0,16.33,23.14,4.0,2.0,8.16,11.57,10.0,5.0,20.41,28.93,0.0,0.0,0.0,0.0,5.0,2.5,10.2,14.46,1.0,0.5,2.04,2.89,5.0,2.5,10.2,14.46,12.0,6.0,24.49,34.71,4.0,2.0,8.16,11.57,12.0,6.0,24.49,34.71,3.0,1.5,6.12,8.68,0.0,0.0,0.0,0.0,1.0,0.5,2.04,2.89,1.0,0.5,2.04,2.89,3.0,1.5,6.12,8.68,2.0,1.0,4.08,5.79,18.37,24.49,-6.12,94.5,-3.0,-1.5,-6.12,12.44,6.22,0.22,0.22,0.5,0.0,0.2,0.13,0.0,0.29,0.75,0.52,2.04,2.04,0.06,4.08,0.28
4,福爾摩沙夢想家,73|91|95|101,陳振傑/簡偉儒/李德威/周柏臣,1,6,8.0,129.0,2.15,02:09,129.0,2.15,02:09,0.0,0.0,0.0,0.0,6.0,6.0,75.0,100.47,2.0,2.0,25.0,33.49,0.0,0.0,0.0,0.0,1.0,1.0,12.5,16.74,0.0,0.0,0.0,0.0,1.0,1.0,12.5,16.74,0.0,0.0,0.0,0.0,0.0,0.0,0.0,0.0,0.0,0.0,0.0,0.0,0.0,0.0,0.0,0.0,2.0,2.0,25.0,33.49,2.0,2.0,25.0,33.49,2.0,2.0,25.0,33.49,1.0,1.0,12.5,16.74,0.0,0.0,0.0,0.0,0.0,0.0,0.0,0.0,1.0,1.0,12.5,16.74,0.0,0.0,0.0,0.0,0.0,0.0,0.0,0.0,0.0,75.0,-75.0,89.3,-6.0,-6.0,-75.0,2.15,2.15,0.0,0.0,0.0,0.0,,0.33,,0.0,0.5,0.33,0.0,12.5,0.0,0.0,0.0
4,新北國王,19|22|23|28,蘇培凱/簡祐哲/王柏智/呂政儒,1,6,8.0,129.0,2.15,02:09,129.0,2.15,02:09,6.0,6.0,75.0,100.47,0.0,0.0,0.0,0.0,5.0,5.0,62.5,83.72,2.0,2.0,25.0,33.49,0.0,0.0,0.0,0.0,0.0,0.0,0.0,0.0,5.0,5.0,62.5,83.72,2.0,2.0,25.0,33.49,0.0,0.0,0.0,0.0,0.0,0.0,0.0,0.0,2.0,2.0,25.0,33.49,2.0,2.0,25.0,33.49,0.0,0.0,0.0,0.0,2.0,2.0,25.0,33.49,0.0,0.0,0.0,0.0,1.0,1.0,12.5,16.74,0.0,0.0,0.0,0.0,1.0,1.0,12.5,16.74,0.0,0.0,0.0,0.0,0.0,0.0,0.0,0.0,75.0,0.0,75.0,89.3,6.0,6.0,75.0,2.15,2.15,0.6,0.6,,0.4,,0.0,0.5,0.5,1.0,0.67,0.0,12.5,0.0,0.0,0.0
4,新北國王,19|22|23|14038,蘇培凱/簡祐哲/王柏智/飛米,1,1,2.0,43.0,0.72,00:43,43.0,0.72,00:43,0.0,0.0,0.0,0.0,0.0,0.0,0.0,0.0,1.0,1.0,50.0,50.23,0.0,0.0,0.0,0.0,0.0,0.0,0.0,0.0,0.0,0.0,0.0,0.0,1.0,1.0,50.0,50.23,0.0,0.0,0.0,0.0,0.0,0.0,0.0,0.0,0.0,0.0,0.0,0.0,1.0,1.0,50.0,50.23,1.0,1.0,50.0,50.23,0.0,0.0,0.0,0.0,0.0,0.0,0.0,0.0,0.0,0.0,0.0,0.0,0.0,0.0,0.0,0.0,0.0,0.0,0.0,0.0,1.0,1.0,50.0,50.23,0.0,0.0,0.0,0.0,0.0,0.0,0.0,0.0,0.0,0.0,0.0,66.98,0.0,0.0,0.0,0.72,0.72,0.0,0.0,,0.0,,0.0,,1.0,1.0,1.0,0.0,50.0,0.0,0.0,0.0
4,新北國王,19|22|28|14038,蘇培凱/簡祐哲/呂政儒/飛米,1,1,2.0,43.0,0.72,00:43,43.0,0.72,00:43,0.0,0.0,0.0,0.0,0.0,0.0,0.0,0.0,1.0,1.0,50.0,50.23,0.0,0.0,0.0,0.0,0.0,0.0,0.0,0.0,0.0,0.0,0.0,0.0,1.0,1.0,50.0,50.23,0.0,0.0,0.0,0.0,0.0,0.0,0.0,0.0,0.0,0.0,0.0,0.0,1.0,1.0,50.0,50.23,1.0,1.0,50.0,50.23,0.0,0.0,0.0,0.0,0.0,0.0,0.0,0.0,0.0,0.0,0.0,0.0,0.0,0.0,0.0,0.0,0.0,0.0,0.0,0.0,1.0,1.0,50.0,50.23,0.0,0.0,0.0,0.0,0.0,0.0,0.0,0.0,0.0,0.0,0.0,66.98,0.0,0.0,0.0,0.72,0.72,0.0,0.0,,0.0,,0.0,,1.0,1.0,1.0,0.0,50.0,0.0,0.0,0.0
4,新北國王,22|23|28|14038,簡祐哲/王柏智/呂政儒/飛米,1,1,2.0,43.0,0.72,00:43,43.0,0.72,00:43,0.0,0.0,0.0,0.0,0.0,0.0,0.0,0.0,1.0,1.0,50.0,50.23,0.0,0.0,0.0,0.0,0.0,0.0,0.0,0.0,0.0,0.0,0.0,0.0,1.0,1.0,50.0,50.23,0.0,0.0,0.0,0.0,0.0,0.0,0.0,0.0,0.0,0.0,0.0,0.0,1.0,1.0,50.0,50.23,1.0,1.0,50.0,50.23,0.0,0.0,0.0,0.0,0.0,0.0,0.0,0.0,0.0,0.0,0.0,0.0,0.0,0.0,0.0,0.0,0.0,0.0,0.0,0.0,1.0,1.0,50.0,50.23,0.0,0.0,0.0,0.0,0.0,0.0,0.0,0.0,0.0,0.0,0.0,66.98,0.0,0.0,0.0,0.72,0.72,0.0,0.0,,0.0,,0.0,,1.0,1.0,1.0,0.0,50.0,0.0,0.0,0.0
4,新北國王,19|22|23|10873,蘇培凱/簡祐哲/王柏智/喬納森,3,27,33.0,404.62,6.74,06:45,134.87,2.25,02:15,16.0,5.33,48.48,85.41,6.0,2.0,18.18,32.03,15.0,5.0,45.45,80.07,6.0,2.0,18.18,32.03,4.0,1.33,12.12,21.35,3.0,1.0,9.09,16.01,11.0,3.67,33.33,58.72,3.0,1.0,9.09,16.01,2.0,0.67,6.06,10.68,1.0,0.33,3.03,5.34,2.0,0.67,6.06,10.68,8.0,2.67,24.24,42.71,3.0,1.0,9.09,16.01,8.0,2.67,24.24,42.71,0.0,0.0,0.0,0.0,3.0,1.0,9.09,16.01,0.0,0.0,0.0,0.0,0.0,0.0,0.0,0.0,1.0,0.33,3.03,5.34,0.0,0.0,0.0,0.0,48.48,18.18,30.3,117.44,10.0,3.33,30.3,6.74,2.25,0.5,0.5,0.75,0.27,0.5,0.0,0.5,0.2,0.73,0.48,0.0,0.0,0.03,0.0,0.13
4,新北國王,19|22|28|10873,蘇培凱/簡祐哲/呂政儒/喬納森,1,5,6.0,86.0,1.43,01:26,86.0,1.43,01:26,6.0,6.0,100.0,150.7,0.0,0.0,0.0,0.0,4.0,4.0,66.67,100.47,2.0,2.0,33.33,50.23,0.0,0.0,0.0,0.0,0.0,0.0,0.0,0.0,4.0,4.0,66.67,100.47,2.0,2.0,33.33,50.23,0.0,0.0,0.0,0.0,0.0,0.0,0.0,0.0,1.0,1.0,16.67,25.12,1.0,1.0,16.67,25.12,0.0,0.0,0.0,0.0,2.0,2.0,33.33,50.23,0.0,0.0,0.0,0.0,1.0,1.0,16.67,25.12,0.0,0.0,0.0,0.0,0.0,0.0,0.0,0.0,0.0,0.0,0.0,0.0,0.0,0.0,0.0,0.0,100.0,0.0,100.0,100.47,6.0,6.0,100.0,1.43,1.43,0.75,0.75,,0.5,,0.0,0.5,0.33,1.0,0.5,0.0,0.0,0.0,0.0,0.0
4,新北國王,19|23|28|10873,蘇培凱/王柏智/呂政儒/喬納森,1,5,6.0,86.0,1.43,01:26,86.0,1.43,01:26,6.0,6.0,100.0,150.7,0.0,0.0,0.0,0.0,4.0,4.0,66.67,100.47,2.0,2.0,33.33,50.23,0.0,0.0,0.0,0.0,0.0,0.0,0.0,0.0,4.0,4.0,66.67,100.47,2.0,2.0,33.33,50.23,0.0,0.0,0.0,0.0,0.0,0.0,0.0,0.0,1.0,1.0,16.67,25.12,1.0,1.0,16.67,25.12,0.0,0.0,0.0,0.0,2.0,2.0,33.33,50.23,0.0,0.0,0.0,0.0,1.0,1.0,16.67,25.12,0.0,0.0,0.0,0.0,0.0,0.0,0.0,0.0,0.0,0.0,0.0,0.0,0.0,0.0,0.0,0.0,100.0,0.0,100.0,100.47,6.0,6.0,100.0,1.43,1.43,0.75,0.75,,0.5,,0.0,0.5,0.33,1.0,0.5,0.0,0.0,0.0,0.0,0.0
4,新北國王,22|23|28|10873,簡祐哲/王柏智/呂政儒/喬納森,1,5,6.0,86.0,1.43,01:26,86.0,1.43,01:26,6.0,6.0,100.0,150.7,0.0,0.0,0.0,0.0,4.0,4.0,66.67,100.47,2.0,2.0,33.33,50.23,0.0,0.0,0.0,0.0,0.0,0.0,0.0,0.0,4.0,4.0,66.67,100.47,2.0,2.0,33.33,50.23,0.0,0.0,0.0,0.0,0.0,0.0,0.0,0.0,1.0,1.0,16.67,25.12,1.0,1.0,16.67,25.12,0.0,0.0,0.0,0.0,2.0,2.0,33.33,50.23,0.0,0.0,0.0,0.0,1.0,1.0,16.67,25.12,0.0,0.0,0.0,0.0,0.0,0.0,0.0,0.0,0.0,0.0,0.0,0.0,0.0,0.0,0.0,0.0,100.0,0.0,100.0,100.47,6.0,6.0,100.0,1.43,1.43,0.75,0.75,,0.5,,0.0,0.5,0.33,1.0,0.5,0.0,0.0,0.0,0.0,0.0
4,新竹御嵿攻城獅,87|10885|10887|14982,蔡宸綱/劉丞勳/德魯/徐小龍,1,8,9.0,140.4,2.34,02:20,140.4,2.34,02:20,4.0,4.0,44.44,61.54,8.0,8.0,88.89,123.07,2.0,2.0,22.22,30.77,0.0,0.0,0.0,0.0,1.0,1.0,11.11,15.38,0.0,0.0,0.0,0.0,1.0,1.0,11.11,15.38,0.0,0.0,0.0,0.0,4.0,4.0,44.44,61.54,4.0,4.0,44.44,61.54,0.0,0.0,0.0,0.0,2.0,2.0,22.22,30.77,1.0,1.0,11.11,15.38,1.0,1.0,11.11,15.38,0.0,0.0,0.0,0.0,0.0,0.0,0.0,0.0,0.0,0.0,0.0,0.0,0.0,0.0,0.0,0.0,3.0,3.0,33.33,46.15,2.0,2.0,22.22,30.77,44.44,88.89,-44.44,92.31,-4.0,-4.0,-44.44,2.34,2.34,0.0,0.53,0.0,0.0,1.0,0.0,,0.0,0.67,0.5,0.0,0.0,0.33,22.22,2.0
4,新竹御嵿攻城獅,87|10885|14843|14982,蔡宸綱/劉丞勳/馬力/徐小龍,1,18,22.0,278.0,4.63,04:38,278.0,4.63,04:38,9.0,9.0,40.91,69.93,13.0,13.0,59.09,101.01,5.0,5.0,22.73,38.85,1.0,1.0,4.55,7.77,3.0,3.0,13.64,23.31,0.0,0.0,0.0,0.0,2.0,2.0,9.09,15.54,1.0,1.0,4.55,7.77,6.0,6.0,27.27,46.62,6.0,6.0,27.27,46.62,0.0,0.0,0.0,0.0,4.0,4.0,18.18,31.08,3.0,3.0,13.64,23.31,3.0,3.0,13.64,23.31,1.0,1.0,4.55,7.77,1.0,1.0,4.55,7.77,1.0,1.0,4.55,7.77,0.0,0.0,0.0,0.0,4.0,4.0,18.18,31.08,5.0,5.0,22.73,38.85,40.91,59.09,-18.18,113.96,-4.0,-4.0,-18.18,4.63,4.63,0.3,0.59,0.0,0.5,1.0,0.12,1.0,0.0,0.57,0.4,4.55,0.0,0.18,22.73,1.2
4,新竹御嵿攻城獅,87|10885|10888|14843,蔡宸綱/劉丞勳/帕塞獅/馬力,1,10,13.0,137.59,2.29,02:18,137.59,2.29,02:18,5.0,5.0,38.46,78.49,5.0,5.0,38.46,78.49,3.0,3.0,23.08,47.09,1.0,1.0,7.69,15.7,2.0,2.0,15.38,31.4,0.0,0.0,0.0,0.0,1.0,1.0,7.69,15.7,1.0,1.0,7.69,15.7,2.0,2.0,15.38,31.4,2.0,2.0,15.38,31.4,0.0,0.0,0.0,0.0,2.0,2.0,15.38,31.4,2.0,2.0,15.38,31.4,2.0,2.0,15.38,31.4,1.0,1.0,7.69,15.7,1.0,1.0,7.69,15.7,1.0,1.0,7.69,15.7,0.0,0.0,0.0,0.0,1.0,1.0,7.69,15.7,3.0,3.0,23.08,47.09,38.46,38.46,0.0,136.05,0.0,0.0,0.0,2.29,2.29,0.5,0.64,0.0,1.0,1.0,0.2,1.0,0.0,0.5,0.33,7.69,0.0,0.08,23.08,0.67
4,新竹御嵿攻城獅,87|10885|10888|14982,蔡宸綱/劉丞勳/帕塞獅/徐小龍,1,10,13.0,137.59,2.29,02:18,137.59,2.29,02:18,5.0,5.0,38.46,78.49,5.0,5.0,38.46,78.49,3.0,3.0,23.08,47.09,1.0,1.0,7.69,15.7,2.0,2.0,15.38,31.4,0.0,0.0,0.0,0.0,1.0,1.0,7.69,15.7,1.0,1.0,7.69,15.7,2.0,2.0,15.38,31.4,2.0,2.0,15.38,31.4,0.0,0.0,0.0,0.0,2.0,2.0,15.38,31.4,2.0,2.0,15.38,31.4,2.0,2.0,15.38,31.4,1.0,1.0,7.69,15.7,1.0,1.0,7.69,15.7,1.0,1.0,7.69,15.7,0.0,0.0,0.0,0.0,1.0,1.0,7.69,15.7,3.0,3.0,23.08,47.09,38.46,38.46,0.0,136.05,0.0,0.0,0.0,2.29,2.29,0.5,0.64,0.0,1.0,1.0,0.2,1.0,0.0,0.5,0.33,7.69,0.0,0.08,23.08,0.67
4,新竹御嵿攻城獅,87|10888|14843|14982,蔡宸綱/帕塞獅/馬力/徐小龍,1,10,13.0,137.59,2.29,02:18,137.59,2.29,02:18,5.0,5.0,38.46,78.49,5.0,5.0,38.46,78.49,3.0,3.0,23.08,47.09,1.0,1.0,7.69,15.7,2.0,2.0,15.38,31.4,0.0,0.0,0.0,0.0,1.0,1.0,7.69,15.7,1.0,1.0,7.69,15.7,2.0,2.0,15.38,31.4,2.0,2.0,15.38,31.4,0.0,0.0,0.0,0.0,2.0,2.0,15.38,31.4,2.0,2.0,15.38,31.4,2.0,2.0,15.38,31.4,1.0,1.0,7.69,15.7,1.0,1.0,7.69,15.7,1.0,1.0,7.69,15.7,0.0,0.0,0.0,0.0,1.0,1.0,7.69,15.7,3.0,3.0,23.08,47.09,38.46,38.46,0.0,136.05,0.0,0.0,0.0,2.29,2.29,0.5,0.64,0.0,1.0,1.0,0.2,1.0,0.0,0.5,0.33,7.69,0.0,0.08,23.08,0.67
4,新竹御嵿攻城獅,75|80|87|10887,高國豪/田浩/蔡宸綱/德魯,1,24,31.0,376.93,6.28,06:17,376.93,6.28,06:17,12.0,12.0,38.71,68.77,11.0,11.0,35.48,63.04,16.0,16.0,51.61,91.69,5.0,5.0,16.13,28.65,11.0,11.0,35.48,63.04,4.0,4.0,12.9,22.92,5.0,5.0,16.13,28.65,1.0,1.0,3.23,5.73,3.0,3.0,9.68,17.19,1.0,1.0,3.23,5.73,7.0,7.0,22.58,40.11,5.0,5.0,16.13,28.65,0.0,0.0,0.0,0.0,5.0,5.0,16.13,28.65,1.0,1.0,3.23,5.73,2.0,2.0,6.45,11.46,0.0,0.0,0.0,0.0,1.0,1.0,3.23,5.73,2.0,2.0,6.45,11.46,1.0,1.0,3.23,5.73,38.71,35.48,3.23,118.43,1.0,1.0,3.23,6.28,6.28,0.34,0.35,0.36,0.2,0.33,0.05,0.4,0.58,1.0,0.71,0.0,3.23,0.06,3.23,0.19
4,新竹御嵿攻城獅,75|80|10887|14843,高國豪/田浩/德魯/馬力,1,24,31.0,376.93,6.28,06:17,376.93,6.28,06:17,12.0,12.0,38.71,68.77,11.0,11.0,35.48,63.04,16.0,16.0,51.61,91.69,5.0,5.0,16.13,28.65,11.0,11.0,35.48,63.04,4.0,4.0,12.9,22.92,5.0,5.0,16.13,28.65,1.0,1.0,3.23,5.73,3.0,3.0,9.68,17.19,1.0,1.0,3.23,5.73,7.0,7.0,22.58,40.11,5.0,5.0,16.13,28.65,0.0,0.0,0.0,0.0,5.0,5.0,16.13,28.65,1.0,1.0,3.23,5.73,2.0,2.0,6.45,11.46,0.0,0.0,0.0,0.0,1.0,1.0,3.23,5.73,2.0,2.0,6.45,11.46,1.0,1.0,3.23,5.73,38.71,35.48,3.23,118.43,1.0,1.0,3.23,6.28,6.28,0.34,0.35,0.36,0.2,0.33,0.05,0.4,0.58,1.0,0.71,0.0,3.23,0.06,3.23,0.19
4,新竹御嵿攻城獅,80|87|10887|14843,田浩/蔡宸綱/德魯/馬力,1,24,31.0,376.93,6.28,06:17,376.93,6.28,06:17,12.0,12.0,38.71,68.77,11.0,11.0,35.48,63.04,16.0,16.0,51.61,91.69,5.0,5.0,16.13,28.65,11.0,11.0,35.48,63.04,4.0,4.0,12.9,22.92,5.0,5.0,16.13,28.65,1.0,1.0,3.23,5.73,3.0,3.0,9.68,17.19,1.0,1.0,3.23,5.73,7.0,7.0,22.58,40.11,5.0,5.0,16.13,28.65,0.0,0.0,0.0,0.0,5.0,5.0,16.13,28.65,1.0,1.0,3.23,5.73,2.0,2.0,6.45,11.46,0.0,0.0,0.0,0.0,1.0,1.0,3.23,5.73,2.0,2.0,6.45,11.46,1.0,1.0,3.23,5.73,38.71,35.48,3.23,118.43,1.0,1.0,3.23,6.28,6.28,0.34,0.35,0.36,0.2,0.33,0.05,0.4,0.58,1.0,0.71,0.0,3.23,0.06,3.23,0.19
4,新北中信特攻,47|8889|10879|10881,曾文鼎/馬可/簡廷兆/飛克,1,4,5.0,55.0,0.92,00:55,55.0,0.92,00:55,0.0,0.0,0.0,0.0,3.0,3.0,60.0,117.82,2.0,2.0,40.0,78.55,0.0,0.0,0.0,0.0,1.0,1.0,20.0,39.27,0.0,0.0,0.0,0.0,1.0,1.0,20.0,39.27,0.0,0.0,0.0,0.0,0.0,0.0,0.0,0.0,0.0,0.0,0.0,0.0,0.0,0.0,0.0,0.0,1.0,1.0,20.0,39.27,1.0,1.0,20.0,39.27,1.0,1.0,20.0,39.27,0.0,0.0,0.0,0.0,0.0,0.0,0.0,0.0,0.0,0.0,0.0,0.0,0.0,0.0,0.0,0.0,0.0,0.0,0.0,0.0,0.0,0.0,0.0,0.0,0.0,60.0,-60.0,130.91,-3.0,-3.0,-60.0,0.92,0.92,0.0,0.0,0.0,0.0,,0.0,,0.0,0.5,0.33,0.0,0.0,0.0,0.0,0.0
4,新北中信特攻,39|43|8889|10877,魏嘉豪/林韋翰/馬可/阿巴西,1,4,6.0,59.58,0.99,01:00,59.58,0.99,01:00,0.0,0.0,0.0,0.0,2.0,2.0,33.33,72.5,0.0,0.0,0.0,0.0,0.0,0.0,0.0,0.0,0.0,0.0,0.0,0.0,0.0,0.0,0.0,0.0,0.0,0.0,0.0,0.0,0.0,0.0,0.0,0.0,0.0,0.0,0.0,0.0,0.0,0.0,0.0,0.0,0.0,0.0,0.0,0.0,0.0,0.0,0.0,0.0,2.0,2.0,33.33,72.5,1.0,1.0,16.67,36.25,2.0,2.0,33.33,72.5,0.0,0.0,0.0,0.0,2.0,2.0,33.33,72.5,0.0,0.0,0.0,0.0,0.0,0.0,0.0,0.0,0.0,0.0,0.0,0.0,0.0,33.33,-33.33,145.01,-2.0,-2.0,-33.33,0.99,0.99,,,,,,1.0,,0.0,0.0,0.0,33.33,0.0,0.0,0.0,
4,新北中信特攻,39|43|8889|10881,魏嘉豪/林韋翰/馬可/飛克,1,4,6.0,59.58,0.99,01:00,59.58,0.99,01:00,0.0,0.0,0.0,0.0,2.0,2.0,33.33,72.5,0.0,0.0,0.0,0.0,0.0,0.0,0.0,0.0,0.0,0.0,0.0,0.0,0.0,0.0,0.0,0.0,0.0,0.0,0.0,0.0,0.0,0.0,0.0,0.0,0.0,0.0,0.0,0.0,0.0,0.0,0.0,0.0,0.0,0.0,0.0,0.0,0.0,0.0,0.0,0.0,2.0,2.0,33.33,72.5,1.0,1.0,16.67,36.25,2.0,2.0,33.33,72.5,0.0,0.0,0.0,0.0,2.0,2.0,33.33,72.5,0.0,0.0,0.0,0.0,0.0,0.0,0.0,0.0,0.0,0.0,0.0,0.0,0.0,33.33,-33.33,145.01,-2.0,-2.0,-33.33,0.99,0.99,,,,,,1.0,,0.0,0.0,0.0,33.33,0.0,0.0,0.0,
4,新北中信特攻,39|43|10877|10881,魏嘉豪/林韋翰/阿巴西/飛克,1,4,6.0,59.58,0.99,01:00,59.58,0.99,01:00,0.0,0.0,0.0,0.0,2.0,2.0,33.33,72.5,0.0,0.0,0.0,0.0,0.0,0.0,0.0,0.0,0.0,0.0,0.0,0.0,0.0,0.0,0.0,0.0,0.0,0.0,0.0,0.0,0.0,0.0,0.0,0.0,0.0,0.0,0.0,0.0,0.0,0.0,0.0,0.0,0.0,0.0,0.0,0.0,0.0,0.0,0.0,0.0,2.0,2.0,33.33,72.5,1.0,1.0,16.67,36.25,2.0,2.0,33.33,72.5,0.0,0.0,0.0,0.0,2.0,2.0,33.33,72.5,0.0,0.0,0.0,0.0,0.0,0.0,0.0,0.0,0.0,0.0,0.0,0.0,0.0,33.33,-33.33,145.01,-2.0,-2.0,-33.33,0.99,0.99,,,,,,1.0,,0.0,0.0,0.0,33.33,0.0,0.0,0.0,
4,新北中信特攻,35|43|104|8889,李睿麒/林韋翰/貝奇/馬可,1,25,33.0,577.12,9.62,09:37,577.12,9.62,09:37,15.0,15.0,45.45,56.14,8.0,8.0,24.24,29.94,12.0,12.0,36.36,44.91,3.0,3.0,9.09,11.23,7.0,7.0,21.21,26.2,2.0,2.0,6.06,7.49,5.0,5.0,15.15,18.71,1.0,1.0,3.03,3.74,10.0,10.0,30.3,37.43,8.0,8.0,24.24,29.94,4.0,4.0,12.12,14.97,6.0,6.0,18.18,22.46,4.0,4.0,12.12,14.97,5.0,5.0,15.15,18.71,0.0,0.0,0.0,0.0,3.0,3.0,9.09,11.23,0.0,0.0,0.0,0.0,0.0,0.0,0.0,0.0,6.0,6.0,18.18,22.46,6.0,6.0,18.18,22.46,45.45,24.24,21.21,82.34,7.0,7.0,21.21,9.62,9.62,0.29,0.46,0.29,0.2,0.8,0.0,1.0,0.44,0.6,0.53,0.0,0.0,0.18,18.18,0.83
4,新北中信特攻,35|43|104|10879,李睿麒/林韋翰/貝奇/簡廷兆,1,6,9.0,134.82,2.25,02:15,134.82,2.25,02:15,3.0,3.0,33.33,48.06,2.0,2.0,22.22,32.04,3.0,3.0,33.33,48.06,1.0,1.0,11.11,16.02,1.0,1.0,11.11,16.02,0.0,0.0,0.0,0.0,2.0,2.0,22.22,32.04,1.0,1.0,11.11,16.02,0.0,0.0,0.0,0.0,0.0,0.0,0.0,0.0,0.0,0.0,0.0,0.0,2.0,2.0,22.22,32.04,3.0,3.0,33.33,48.06,1.0,1.0,11.11,16.02,0.0,0.0,0.0,0.0,0.0,0.0,0.0,0.0,0.0,0.0,0.0,0.0,0.0,0.0,0.0,0.0,1.0,1.0,11.11,16.02,2.0,2.0,22.22,32.04,33.33,22.22,11.11,96.13,1.0,1.0,11.11,2.25,2.25,0.5,0.5,0.0,0.5,,0.0,0.0,0.0,0.4,0.33,0.0,0.0,0.11,22.22,0.0
4,新北中信特攻,35|43|8889|10879,李睿麒/林韋翰/馬可/簡廷兆,1,6,9.0,134.82,2.25,02:15,134.82,2.25,02:15,3.0,3.0,33.33,48.06,2.0,2.0,22.22,32.04,3.0,3.0,33.33,48.06,1.0,1.0,11.11,16.02,1.0,1.0,11.11,16.02,0.0,0.0,0.0,0.0,2.0,2.0,22.22,32.04,1.0,1.0,11.11,16.02,0.0,0.0,0.0,0.0,0.0,0.0,0.0,0.0,0.0,0.0,0.0,0.0,2.0,2.0,22.22,32.04,3.0,3.0,33.33,48.06,1.0,1.0,11.11,16.02,0.0,0.0,0.0,0.0,0.0,0.0,0.0,0.0,0.0,0.0,0.0,0.0,0.0,0.0,0.0,0.0,1.0,1.0,11.11,16.02,2.0,2.0,22.22,32.04,33.33,22.22,11.11,96.13,1.0,1.0,11.11,2.25,2.25,0.5,0.5,0.0,0.5,,0.0,0.0,0.0,0.4,0.33,0.0,0.0,0.11,22.22,0.0
4,新北中信特攻,35|104|8889|10879,李睿麒/貝奇/馬可/簡廷兆,1,6,9.0,150.24,2.5,02:30,150.24,2.5,02:30,3.0,3.0,33.33,43.13,2.0,2.0,22.22,28.75,3.0,3.0,33.33,43.13,1.0,1.0,11.11,14.38,1.0,1.0,11.11,14.38,0.0,0.0,0.0,0.0,2.0,2.0,22.22,28.75,1.0,1.0,11.11,14.38,0.0,0.0,0.0,0.0,0.0,0.0,0.0,0.0,0.0,0.0,0.0,0.0,2.0,2.0,22.22,28.75,3.0,3.0,33.33,43.13,1.0,1.0,11.11,14.38,0.0,0.0,0.0,0.0,0.0,0.0,0.0,0.0,0.0,0.0,0.0,0.0,0.0,0.0,0.0,0.0,2.0,2.0,22.22,28.75,2.0,2.0,22.22,28.75,33.33,22.22,11.11,86.26,1.0,1.0,11.11,2.5,2.5,0.5,0.5,0.0,0.5,,0.0,0.0,0.0,0.4,0.33,0.0,0.0,0.22,22.22,0.0
4,新竹御嵿攻城獅,88|10885|10887|14843,盧冠軒/劉丞勳/德魯/馬力,1,4,5.0,76.16,1.27,01:16,76.16,1.27,01:16,0.0,0.0,0.0,0.0,3.0,3.0,60.0,85.09,2.0,2.0,40.0,56.73,0.0,0.0,0.0,0.0,0.0,0.0,0.0,0.0,0.0,0.0,0.0,0.0,2.0,2.0,40.0,56.73,0.0,0.0,0.0,0.0,0.0,0.0,0.0,0.0,0.0,0.0,0.0,0.0,1.0,1.0,20.0,28.36,1.0,1.0,20.0,28.36,0.0,0.0,0.0,0.0,1.0,1.0,20.0,28.36,1.0,1.0,20.0,28.36,0.0,0.0,0.0,0.0,1.0,1.0,20.0,28.36,0.0,0.0,0.0,0.0,0.0,0.0,0.0,0.0,3.0,3.0,60.0,85.09,0.0,60.0,-60.0,94.54,-3.0,-3.0,-60.0,1.27,1.27,0.0,0.0,,0.0,,0.33,,0.5,1.0,0.67,20.0,0.0,0.0,60.0,0.0
4,新北中信特攻,35|43|104|10877,李睿麒/林韋翰/貝奇/阿巴西,1,24,29.0,503.3,8.39,08:23,503.3,8.39,08:23,14.0,14.0,48.28,60.08,7.0,7.0,24.14,30.04,11.0,11.0,37.93,47.21,3.0,3.0,10.34,12.88,7.0,7.0,24.14,30.04,3.0,3.0,10.34,12.88,4.0,4.0,13.79,17.17,0.0,0.0,0.0,0.0,10.0,10.0,34.48,42.92,8.0,8.0,27.59,34.33,4.0,4.0,13.79,17.17,5.0,5.0,17.24,21.46,1.0,1.0,3.45,4.29,5.0,5.0,17.24,21.46,0.0,0.0,0.0,0.0,4.0,4.0,13.79,17.17,0.0,0.0,0.0,0.0,0.0,0.0,0.0,0.0,5.0,5.0,17.24,21.46,6.0,6.0,20.69,25.75,48.28,24.14,24.14,82.97,7.0,7.0,24.14,8.39,8.39,0.27,0.45,0.43,0.0,0.8,0.0,1.33,0.44,0.83,0.6,0.0,0.0,0.17,20.69,0.91
4,新北中信特攻,35|43|8889|10877,李睿麒/林韋翰/馬可/阿巴西,1,19,24.0,442.3,7.37,07:22,442.3,7.37,07:22,12.0,12.0,50.0,58.6,6.0,6.0,25.0,29.3,9.0,9.0,37.5,43.95,2.0,2.0,8.33,9.77,6.0,6.0,25.0,29.3,2.0,2.0,8.33,9.77,3.0,3.0,12.5,14.65,0.0,0.0,0.0,0.0,10.0,10.0,41.67,48.84,8.0,8.0,33.33,39.07,4.0,4.0,16.67,19.53,4.0,4.0,16.67,19.53,1.0,1.0,4.17,4.88,4.0,4.0,16.67,19.53,0.0,0.0,0.0,0.0,3.0,3.0,12.5,14.65,0.0,0.0,0.0,0.0,0.0,0.0,0.0,0.0,5.0,5.0,20.83,24.42,4.0,4.0,16.67,19.53,50.0,25.0,25.0,78.14,6.0,6.0,25.0,7.37,7.37,0.22,0.45,0.33,0.0,0.8,0.0,1.5,0.5,0.8,0.62,0.0,0.0,0.21,16.67,1.11
4,新北中信特攻,35|104|8889|10877,李睿麒/貝奇/馬可/阿巴西,1,19,24.0,457.71,7.63,07:38,457.71,7.63,07:38,12.0,12.0,50.0,56.63,6.0,6.0,25.0,28.31,9.0,9.0,37.5,42.47,2.0,2.0,8.33,9.44,6.0,6.0,25.0,28.31,2.0,2.0,8.33,9.44,3.0,3.0,12.5,14.16,0.0,0.0,0.0,0.0,10.0,10.0,41.67,47.19,8.0,8.0,33.33,37.75,4.0,4.0,16.67,18.88,4.0,4.0,16.67,18.88,1.0,1.0,4.17,4.72,4.0,4.0,16.67,18.88,0.0,0.0,0.0,0.0,3.0,3.0,12.5,14.16,0.0,0.0,0.0,0.0,0.0,0.0,0.0,0.0,6.0,6.0,25.0,28.31,4.0,4.0,16.67,18.88,50.0,25.0,25.0,75.51,6.0,6.0,25.0,7.63,7.63,0.22,0.45,0.33,0.0,0.8,0.0,1.5,0.5,0.8,0.62,0.0,0.0,0.25,16.67,1.11
4,新北中信特攻,35|8889|10877|10879,李睿麒/馬可/阿巴西/簡廷兆,1,1,1.0,25.0,0.42,00:25,25.0,0.42,00:25,2.0,2.0,200.0,172.8,0.0,0.0,0.0,0.0,0.0,0.0,0.0,0.0,0.0,0.0,0.0,0.0,0.0,0.0,0.0,0.0,0.0,0.0,0.0,0.0,0.0,0.0,0.0,0.0,0.0,0.0,0.0,0.0,2.0,2.0,200.0,172.8,2.0,2.0,200.0,172.8,0.0,0.0,0.0,0.0,0.0,0.0,0.0,0.0,0.0,0.0,0.0,0.0,0.0,0.0,0.0,0.0,0.0,0.0,0.0,0.0,0.0,0.0,0.0,0.0,0.0,0.0,0.0,0.0,0.0,0.0,0.0,0.0,1.0,1.0,100.0,86.4,0.0,0.0,0.0,0.0,200.0,0.0,200.0,57.6,2.0,2.0,200.0,0.42,0.42,,1.14,,,1.0,0.0,,,,,0.0,0.0,1.0,0.0,
4,新北中信特攻,35|8889|10877|10881,李睿麒/馬可/阿巴西/飛克,1,1,1.0,9.58,0.16,00:10,9.58,0.16,00:10,2.0,2.0,200.0,450.75,0.0,0.0,0.0,0.0,0.0,0.0,0.0,0.0,0.0,0.0,0.0,0.0,0.0,0.0,0.0,0.0,0.0,0.0,0.0,0.0,0.0,0.0,0.0,0.0,0.0,0.0,0.0,0.0,2.0,2.0,200.0,450.75,2.0,2.0,200.0,450.75,0.0,0.0,0.0,0.0,0.0,0.0,0.0,0.0,0.0,0.0,0.0,0.0,0.0,0.0,0.0,0.0,0.0,0.0,0.0,0.0,0.0,0.0,0.0,0.0,0.0,0.0,0.0,0.0,0.0,0.0,0.0,0.0,0.0,0.0,0.0,0.0,0.0,0.0,0.0,0.0,200.0,0.0,200.0,150.25,2.0,2.0,200.0,0.16,0.16,,1.14,,,1.0,0.0,,,,,0.0,0.0,0.0,0.0,
4,新北中信特攻,35|8889|10879|10881,李睿麒/馬可/簡廷兆/飛克,1,1,1.0,9.58,0.16,00:10,9.58,0.16,00:10,2.0,2.0,200.0,450.75,0.0,0.0,0.0,0.0,0.0,0.0,0.0,0.0,0.0,0.0,0.0,0.0,0.0,0.0,0.0,0.0,0.0,0.0,0.0,0.0,0.0,0.0,0.0,0.0,0.0,0.0,0.0,0.0,2.0,2.0,200.0,450.75,2.0,2.0,200.0,450.75,0.0,0.0,0.0,0.0,0.0,0.0,0.0,0.0,0.0,0.0,0.0,0.0,0.0,0.0,0.0,0.0,0.0,0.0,0.0,0.0,0.0,0.0,0.0,0.0,0.0,0.0,0.0,0.0,0.0,0.0,0.0,0.0,0.0,0.0,0.0,0.0,0.0,0.0,0.0,0.0,200.0,0.0,200.0,150.25,2.0,2.0,200.0,0.16,0.16,,1.14,,,1.0,0.0,,,,,0.0,0.0,0.0,0.0,
4,新北中信特攻,35|10877|10879|10881,李睿麒/阿巴西/簡廷兆/飛克,1,5,6.0,55.26,0.92,00:55,55.26,0.92,00:55,5.0,5.0,83.33,195.45,1.0,1.0,16.67,39.09,2.0,2.0,33.33,78.18,1.0,1.0,16.67,39.09,0.0,0.0,0.0,0.0,0.0,0.0,0.0,0.0,2.0,2.0,33.33,78.18,1.0,1.0,16.67,39.09,2.0,2.0,33.33,78.18,2.0,2.0,33.33,78.18,1.0,1.0,16.67,39.09,0.0,0.0,0.0,0.0,0.0,0.0,0.0,0.0,2.0,2.0,33.33,78.18,1.0,1.0,16.67,39.09,1.0,1.0,16.67,39.09,0.0,0.0,0.0,0.0,0.0,0.0,0.0,0.0,0.0,0.0,0.0,0.0,2.0,2.0,33.33,78.18,83.33,16.67,66.67,156.36,4.0,4.0,66.67,0.92,0.92,0.75,0.87,,0.5,1.0,0.26,1.0,0.33,,0.33,0.0,0.0,0.0,33.33,1.0
4,新北中信特攻,35|104|10877|10879,李睿麒/貝奇/阿巴西/簡廷兆,1,4,5.0,61.09,1.02,01:01,61.09,1.02,01:01,3.0,3.0,60.0,106.07,1.0,1.0,20.0,35.36,2.0,2.0,40.0,70.72,1.0,1.0,20.0,35.36,0.0,0.0,0.0,0.0,0.0,0.0,0.0,0.0,2.0,2.0,40.0,70.72,1.0,1.0,20.0,35.36,0.0,0.0,0.0,0.0,0.0,0.0,0.0,0.0,1.0,1.0,20.0,35.36,0.0,0.0,0.0,0.0,0.0,0.0,0.0,0.0,2.0,2.0,40.0,70.72,1.0,1.0,20.0,35.36,1.0,1.0,20.0,35.36,0.0,0.0,0.0,0.0,0.0,0.0,0.0,0.0,1.0,1.0,20.0,35.36,2.0,2.0,40.0,70.72,60.0,20.0,40.0,117.86,2.0,2.0,40.0,1.02,1.02,0.75,0.75,,0.5,,0.33,1.0,0.33,,0.33,0.0,0.0,0.2,40.0,0.0
4,新北中信特攻,35|104|10877|10881,李睿麒/貝奇/阿巴西/飛克,1,9,10.0,106.67,1.78,01:47,106.67,1.78,01:47,5.0,5.0,50.0,101.24,2.0,2.0,20.0,40.5,4.0,4.0,40.0,80.99,2.0,2.0,20.0,40.5,1.0,1.0,10.0,20.25,1.0,1.0,10.0,20.25,3.0,3.0,30.0,60.75,1.0,1.0,10.0,20.25,0.0,0.0,0.0,0.0,0.0,0.0,0.0,0.0,1.0,1.0,10.0,20.25,1.0,1.0,10.0,20.25,0.0,0.0,0.0,0.0,3.0,3.0,30.0,60.75,1.0,1.0,10.0,20.25,2.0,2.0,20.0,40.5,0.0,0.0,0.0,0.0,0.0,0.0,0.0,0.0,0.0,0.0,0.0,0.0,4.0,4.0,40.0,80.99,50.0,20.0,30.0,134.99,3.0,3.0,30.0,1.78,1.78,0.62,0.62,1.0,0.33,,0.2,1.0,0.25,1.0,0.4,0.0,0.0,0.0,40.0,0.0
4,新北中信特攻,35|104|10879|10881,李睿麒/貝奇/簡廷兆/飛克,1,4,5.0,45.67,0.76,00:46,45.67,0.76,00:46,3.0,3.0,60.0,141.88,1.0,1.0,20.0,47.29,2.0,2.0,40.0,94.58,1.0,1.0,20.0,47.29,0.0,0.0,0.0,0.0,0.0,0.0,0.0,0.0,2.0,2.0,40.0,94.58,1.0,1.0,20.0,47.29,0.0,0.0,0.0,0.0,0.0,0.0,0.0,0.0,1.0,1.0,20.0,47.29,0.0,0.0,0.0,0.0,0.0,0.0,0.0,0.0,2.0,2.0,40.0,94.58,1.0,1.0,20.0,47.29,1.0,1.0,20.0,47.29,0.0,0.0,0.0,0.0,0.0,0.0,0.0,0.0,0.0,0.0,0.0,0.0,2.0,2.0,40.0,94.58,60.0,20.0,40.0,157.64,2.0,2.0,40.0,0.76,0.76,0.75,0.75,,0.5,,0.33,1.0,0.33,,0.33,0.0,0.0,0.0,40.0,0.0
4,新北中信特攻,104|10877|10879|10881,貝奇/阿巴西/簡廷兆/飛克,6,106,132.0,1604.6,26.74,26:45,267.43,4.46,04:27,71.0,11.83,53.79,95.58,56.0,9.33,42.42,75.38,46.0,7.67,34.85,61.92,26.0,4.33,19.7,35.0,24.0,4.0,18.18,32.31,15.0,2.5,11.36,20.19,22.0,3.67,16.67,29.61,11.0,1.83,8.33,14.81,10.0,1.67,7.58,13.46,8.0,1.33,6.06,10.77,8.0,1.33,6.06,10.77,14.0,2.33,10.61,18.85,11.0,1.83,8.33,14.81,21.0,3.5,15.91,28.27,12.0,2.0,9.09,16.15,17.0,2.83,12.88,22.88,7.0,1.17,5.3,9.42,2.0,0.33,1.52,2.69,9.0,1.5,6.82,12.12,16.0,2.67,12.12,21.54,53.79,42.42,11.36,118.46,15.0,2.5,11.36,26.74,4.46,0.68,0.7,0.62,0.5,0.8,0.19,0.65,0.28,0.56,0.41,5.3,1.52,0.07,12.12,0.22
4,新北中信特攻,35|43|104|10881,李睿麒/林韋翰/貝奇/飛克,1,5,5.0,61.0,1.02,01:01,61.0,1.02,01:01,2.0,2.0,40.0,70.82,1.0,1.0,20.0,35.41,2.0,2.0,40.0,70.82,1.0,1.0,20.0,35.41,1.0,1.0,20.0,35.41,1.0,1.0,20.0,35.41,1.0,1.0,20.0,35.41,0.0,0.0,0.0,0.0,0.0,0.0,0.0,0.0,0.0,0.0,0.0,0.0,0.0,0.0,0.0,0.0,1.0,1.0,20.0,35.41,0.0,0.0,0.0,0.0,1.0,1.0,20.0,35.41,0.0,0.0,0.0,0.0,1.0,1.0,20.0,35.41,0.0,0.0,0.0,0.0,0.0,0.0,0.0,0.0,0.0,0.0,0.0,0.0,2.0,2.0,40.0,70.82,40.0,20.0,20.0,118.03,1.0,1.0,20.0,1.02,1.02,0.5,0.5,1.0,0.0,,0.0,1.0,0.0,1.0,0.5,0.0,0.0,0.0,40.0,0.0
4,新北中信特攻,35|43|10877|10881,李睿麒/林韋翰/阿巴西/飛克,1,5,5.0,61.0,1.02,01:01,61.0,1.02,01:01,2.0,2.0,40.0,70.82,1.0,1.0,20.0,35.41,2.0,2.0,40.0,70.82,1.0,1.0,20.0,35.41,1.0,1.0,20.0,35.41,1.0,1.0,20.0,35.41,1.0,1.0,20.0,35.41,0.0,0.0,0.0,0.0,0.0,0.0,0.0,0.0,0.0,0.0,0.0,0.0,0.0,0.0,0.0,0.0,1.0,1.0,20.0,35.41,0.0,0.0,0.0,0.0,1.0,1.0,20.0,35.41,0.0,0.0,0.0,0.0,1.0,1.0,20.0,35.41,0.0,0.0,0.0,0.0,0.0,0.0,0.0,0.0,0.0,0.0,0.0,0.0,2.0,2.0,40.0,70.82,40.0,20.0,20.0,118.03,1.0,1.0,20.0,1.02,1.02,0.5,0.5,1.0,0.0,,0.0,1.0,0.0,1.0,0.5,0.0,0.0,0.0,40.0,0.0
4,高雄全家海神,108|116|121|4181,魏莨哲/呂威霆/吳曉謹/艾德,1,9,9.0,152.07,2.53,02:32,152.07,2.53,02:32,4.0,4.0,44.44,56.82,6.0,6.0,66.67,85.22,3.0,3.0,33.33,42.61,2.0,2.0,22.22,28.41,2.0,2.0,22.22,28.41,2.0,2.0,22.22,28.41,1.0,1.0,11.11,14.2,0.0,0.0,0.0,0.0,2.0,2.0,22.22,28.41,0.0,0.0,0.0,0.0,0.0,0.0,0.0,0.0,2.0,2.0,22.22,28.41,0.0,0.0,0.0,0.0,2.0,2.0,22.22,28.41,0.0,0.0,0.0,0.0,0.0,0.0,0.0,0.0,0.0,0.0,0.0,0.0,0.0,0.0,0.0,0.0,2.0,2.0,22.22,28.41,1.0,1.0,11.11,14.2,44.44,66.67,-22.22,85.22,-2.0,-2.0,-22.22,2.53,2.53,0.67,0.52,1.0,0.0,0.0,0.0,0.0,0.0,1.0,0.5,0.0,0.0,0.22,11.11,0.67
4,高雄全家海神,108|116|4181|10891,魏莨哲/呂威霆/艾德/廖偉皓,2,13,14.0,236.83,3.95,03:57,118.42,1.97,01:58,4.0,2.0,28.57,36.48,12.0,6.0,85.71,109.45,4.0,2.0,28.57,36.48,2.0,1.0,14.29,18.24,3.0,1.5,21.43,27.36,2.0,1.0,14.29,18.24,1.0,0.5,7.14,9.12,0.0,0.0,0.0,0.0,4.0,2.0,28.57,36.48,0.0,0.0,0.0,0.0,1.0,0.5,7.14,9.12,3.0,1.5,21.43,27.36,0.0,0.0,0.0,0.0,2.0,1.0,14.29,18.24,1.0,0.5,7.14,9.12,0.0,0.0,0.0,0.0,1.0,0.5,7.14,9.12,0.0,0.0,0.0,0.0,3.0,1.5,21.43,27.36,1.0,0.5,7.14,9.12,28.57,85.71,-57.14,85.12,-8.0,-4.0,-57.14,3.95,1.97,0.5,0.35,0.67,0.0,0.0,0.15,0.0,0.33,1.0,0.67,7.14,0.0,0.21,7.14,1.0
4,高雄全家海神,108|121|4181|10891,魏莨哲/吳曉謹/艾德/廖偉皓,2,10,10.0,152.35,2.54,02:32,76.17,1.27,01:16,4.0,2.0,40.0,56.71,8.0,4.0,80.0,113.42,3.0,1.5,30.0,42.53,2.0,1.0,20.0,28.36,2.0,1.0,20.0,28.36,2.0,1.0,20.0,28.36,1.0,0.5,10.0,14.18,0.0,0.0,0.0,0.0,2.0,1.0,20.0,28.36,0.0,0.0,0.0,0.0,0.0,0.0,0.0,0.0,2.0,1.0,20.0,28.36,0.0,0.0,0.0,0.0,2.0,1.0,20.0,28.36,0.0,0.0,0.0,0.0,0.0,0.0,0.0,0.0,0.0,0.0,0.0,0.0,0.0,0.0,0.0,0.0,2.0,1.0,20.0,28.36,3.0,1.5,30.0,42.53,40.0,80.0,-40.0,94.52,-4.0,-2.0,-40.0,2.54,1.27,0.67,0.52,1.0,0.0,0.0,0.0,0.0,0.0,1.0,0.5,0.0,0.0,0.2,30.0,0.67
4,高雄全家海神,116|121|4181|10891,呂威霆/吳曉謹/艾德/廖偉皓,1,13,13.0,205.07,3.42,03:25,205.07,3.42,03:25,6.0,6.0,46.15,63.2,6.0,6.0,46.15,63.2,5.0,5.0,38.46,52.66,3.0,3.0,23.08,31.6,4.0,4.0,30.77,42.13,3.0,3.0,23.08,31.6,1.0,1.0,7.69,10.53,0.0,0.0,0.0,0.0,2.0,2.0,15.38,21.07,0.0,0.0,0.0,0.0,0.0,0.0,0.0,0.0,4.0,4.0,30.77,42.13,0.0,0.0,0.0,0.0,3.0,3.0,23.08,31.6,0.0,0.0,0.0,0.0,0.0,0.0,0.0,0.0,0.0,0.0,0.0,0.0,0.0,0.0,0.0,0.0,2.0,2.0,15.38,21.07,1.0,1.0,7.69,10.53,46.15,46.15,0.0,91.29,0.0,0.0,0.0,3.42,3.42,0.6,0.51,0.75,0.0,0.0,0.0,0.0,0.0,1.0,0.57,0.0,0.0,0.15,7.69,0.4
4,臺北台新戰神,1|3|10865|14845,丁聖儒/陳文宏/謝銘駿/恩多,2,25,30.0,405.59,6.76,06:46,202.8,3.38,03:23,15.0,7.5,50.0,79.88,9.0,4.5,30.0,47.93,10.0,5.0,33.33,53.26,4.0,2.0,13.33,21.3,6.0,3.0,20.0,31.95,2.0,1.0,6.67,10.65,4.0,2.0,13.33,21.3,2.0,1.0,6.67,10.65,4.0,2.0,13.33,21.3,3.0,1.5,10.0,15.98,1.0,0.5,3.33,5.33,6.0,3.0,20.0,31.95,3.0,1.5,10.0,15.98,9.0,4.5,30.0,47.93,1.0,0.5,3.33,5.33,5.0,2.5,16.67,26.63,0.0,0.0,0.0,0.0,0.0,0.0,0.0,0.0,3.0,1.5,10.0,15.98,3.0,1.5,10.0,15.98,50.0,30.0,20.0,106.51,6.0,3.0,20.0,6.76,3.38,0.5,0.64,0.33,0.5,0.75,0.08,1.25,0.1,0.67,0.37,0.0,0.0,0.1,10.0,0.4
4,臺北台新戰神,1|10865|13907|14845,丁聖儒/謝銘駿/梅克/恩多,1,6,6.0,98.35,1.64,01:38,98.35,1.64,01:38,3.0,3.0,50.0,65.88,3.0,3.0,50.0,65.88,2.0,2.0,33.33,43.92,1.0,1.0,16.67,21.96,1.0,1.0,16.67,21.96,0.0,0.0,0.0,0.0,1.0,1.0,16.67,21.96,1.0,1.0,16.67,21.96,0.0,0.0,0.0,0.0,0.0,0.0,0.0,0.0,0.0,0.0,0.0,0.0,1.0,1.0,16.67,21.96,0.0,0.0,0.0,0.0,2.0,2.0,33.33,43.92,1.0,1.0,16.67,21.96,1.0,1.0,16.67,21.96,0.0,0.0,0.0,0.0,0.0,0.0,0.0,0.0,0.0,0.0,0.0,0.0,2.0,2.0,33.33,43.92,50.0,50.0,0.0,87.85,0.0,0.0,0.0,1.64,1.64,0.75,0.75,0.0,1.0,,0.33,1.0,0.0,1.0,0.33,0.0,0.0,0.0,33.33,0.0
4,臺北台新戰神,3|10865|13907|14845,陳文宏/謝銘駿/梅克/恩多,1,8,9.0,120.35,2.01,02:00,120.35,2.01,02:00,3.0,3.0,33.33,53.84,5.0,5.0,55.56,89.74,3.0,3.0,33.33,53.84,1.0,1.0,11.11,17.95,2.0,2.0,22.22,35.89,0.0,0.0,0.0,0.0,1.0,1.0,11.11,17.95,1.0,1.0,11.11,17.95,0.0,0.0,0.0,0.0,0.0,0.0,0.0,0.0,1.0,1.0,11.11,17.95,1.0,1.0,11.11,17.95,0.0,0.0,0.0,0.0,2.0,2.0,22.22,35.89,2.0,2.0,22.22,35.89,1.0,1.0,11.11,17.95,0.0,0.0,0.0,0.0,0.0,0.0,0.0,0.0,0.0,0.0,0.0,0.0,2.0,2.0,22.22,35.89,33.33,55.56,-22.22,107.68,-2.0,-2.0,-22.22,2.01,2.01,0.5,0.5,0.0,1.0,,0.4,1.0,0.33,1.0,0.5,0.0,0.0,0.0,22.22,0.0
4,高雄全家海神,108|116|121|14844,魏莨哲/呂威霆/吳曉謹/杭特,1,6,7.0,53.33,0.89,00:53,53.33,0.89,00:53,3.0,3.0,42.86,121.5,0.0,0.0,0.0,0.0,1.0,1.0,14.29,40.5,1.0,1.0,14.29,40.5,1.0,1.0,14.29,40.5,1.0,1.0,14.29,40.5,0.0,0.0,0.0,0.0,0.0,0.0,0.0,0.0,3.0,3.0,42.86,121.5,1.0,1.0,14.29,40.5,0.0,0.0,0.0,0.0,1.0,1.0,14.29,40.5,1.0,1.0,14.29,40.5,0.0,0.0,0.0,0.0,1.0,1.0,14.29,40.5,0.0,0.0,0.0,0.0,1.0,1.0,14.29,40.5,0.0,0.0,0.0,0.0,1.0,1.0,14.29,40.5,0.0,0.0,0.0,0.0,42.86,0.0,42.86,189.0,3.0,3.0,42.86,0.89,0.89,1.0,0.65,1.0,,0.33,0.3,0.0,,0.5,0.5,14.29,0.0,0.14,0.0,3.0
4,高雄全家海神,108|116|10891|14844,魏莨哲/呂威霆/廖偉皓/杭特,1,6,7.0,53.33,0.89,00:53,53.33,0.89,00:53,3.0,3.0,42.86,121.5,0.0,0.0,0.0,0.0,1.0,1.0,14.29,40.5,1.0,1.0,14.29,40.5,1.0,1.0,14.29,40.5,1.0,1.0,14.29,40.5,0.0,0.0,0.0,0.0,0.0,0.0,0.0,0.0,3.0,3.0,42.86,121.5,1.0,1.0,14.29,40.5,0.0,0.0,0.0,0.0,1.0,1.0,14.29,40.5,1.0,1.0,14.29,40.5,0.0,0.0,0.0,0.0,1.0,1.0,14.29,40.5,0.0,0.0,0.0,0.0,1.0,1.0,14.29,40.5,0.0,0.0,0.0,0.0,1.0,1.0,14.29,40.5,0.0,0.0,0.0,0.0,42.86,0.0,42.86,189.0,3.0,3.0,42.86,0.89,0.89,1.0,0.65,1.0,,0.33,0.3,0.0,,0.5,0.5,14.29,0.0,0.14,0.0,3.0
4,高雄全家海神,108|121|10891|14844,魏莨哲/吳曉謹/廖偉皓/杭特,1,6,7.0,53.33,0.89,00:53,53.33,0.89,00:53,3.0,3.0,42.86,121.5,0.0,0.0,0.0,0.0,1.0,1.0,14.29,40.5,1.0,1.0,14.29,40.5,1.0,1.0,14.29,40.5,1.0,1.0,14.29,40.5,0.0,0.0,0.0,0.0,0.0,0.0,0.0,0.0,3.0,3.0,42.86,121.5,1.0,1.0,14.29,40.5,0.0,0.0,0.0,0.0,1.0,1.0,14.29,40.5,1.0,1.0,14.29,40.5,0.0,0.0,0.0,0.0,1.0,1.0,14.29,40.5,0.0,0.0,0.0,0.0,1.0,1.0,14.29,40.5,0.0,0.0,0.0,0.0,1.0,1.0,14.29,40.5,0.0,0.0,0.0,0.0,42.86,0.0,42.86,189.0,3.0,3.0,42.86,0.89,0.89,1.0,0.65,1.0,,0.33,0.3,0.0,,0.5,0.5,14.29,0.0,0.14,0.0,3.0
4,高雄全家海神,116|121|10891|14844,呂威霆/吳曉謹/廖偉皓/杭特,1,10,11.0,106.33,1.77,01:46,106.33,1.77,01:46,5.0,5.0,45.45,101.57,0.0,0.0,0.0,0.0,3.0,3.0,27.27,60.94,2.0,2.0,18.18,40.63,3.0,3.0,27.27,60.94,2.0,2.0,18.18,40.63,0.0,0.0,0.0,0.0,0.0,0.0,0.0,0.0,3.0,3.0,27.27,60.94,1.0,1.0,9.09,20.31,0.0,0.0,0.0,0.0,3.0,3.0,27.27,60.94,1.0,1.0,9.09,20.31,1.0,1.0,9.09,20.31,1.0,1.0,9.09,20.31,0.0,0.0,0.0,0.0,1.0,1.0,9.09,20.31,0.0,0.0,0.0,0.0,1.0,1.0,9.09,20.31,0.0,0.0,0.0,0.0,45.45,0.0,45.45,148.97,5.0,5.0,45.45,1.77,1.77,0.67,0.58,0.67,,0.33,0.19,0.0,0.0,0.75,0.6,9.09,0.0,0.09,0.0,1.0
4,臺北台新戰神,3|10|10865|14845,陳文宏/雷蒙恩/謝銘駿/恩多,1,2,3.0,22.0,0.37,00:22,22.0,0.37,00:22,0.0,0.0,0.0,0.0,2.0,2.0,66.67,196.36,1.0,1.0,33.33,98.18,0.0,0.0,0.0,0.0,1.0,1.0,33.33,98.18,0.0,0.0,0.0,0.0,0.0,0.0,0.0,0.0,0.0,0.0,0.0,0.0,0.0,0.0,0.0,0.0,0.0,0.0,0.0,0.0,1.0,1.0,33.33,98.18,0.0,0.0,0.0,0.0,0.0,0.0,0.0,0.0,0.0,0.0,0.0,0.0,1.0,1.0,33.33,98.18,0.0,0.0,0.0,0.0,0.0,0.0,0.0,0.0,0.0,0.0,0.0,0.0,0.0,0.0,0.0,0.0,0.0,0.0,0.0,0.0,0.0,66.67,-66.67,196.36,-2.0,-2.0,-66.67,0.37,0.37,0.0,0.0,0.0,,,0.5,,1.0,,1.0,0.0,0.0,0.0,0.0,0.0
4,臺北台新戰神,3|10|14|14845,陳文宏/雷蒙恩/錢肯尼/恩多,2,8,8.0,110.0,1.83,01:50,55.0,0.92,00:55,3.0,1.5,37.5,58.91,2.0,1.0,25.0,39.27,2.0,1.0,25.0,39.27,1.0,0.5,12.5,19.64,0.0,0.0,0.0,0.0,0.0,0.0,0.0,0.0,2.0,1.0,25.0,39.27,1.0,0.5,12.5,19.64,0.0,0.0,0.0,0.0,0.0,0.0,0.0,0.0,0.0,0.0,0.0,0.0,1.0,0.5,12.5,19.64,0.0,0.0,0.0,0.0,3.0,1.5,37.5,58.91,1.0,0.5,12.5,19.64,1.0,0.5,12.5,19.64,1.0,0.5,12.5,19.64,0.0,0.0,0.0,0.0,1.0,0.5,12.5,19.64,1.0,0.5,12.5,19.64,37.5,25.0,12.5,104.73,1.0,0.5,12.5,1.83,0.92,0.75,0.75,,0.5,,0.33,1.0,0.0,1.0,0.25,12.5,0.0,0.12,12.5,0.0
4,臺北台新戰神,3|14|13907|14845,陳文宏/錢肯尼/梅克/恩多,2,47,53.0,698.0,11.63,11:38,349.0,5.82,05:49,17.0,8.5,32.08,52.61,29.0,14.5,54.72,89.74,15.0,7.5,28.3,46.42,6.0,3.0,11.32,18.57,8.0,4.0,15.09,24.76,4.0,2.0,7.55,12.38,7.0,3.5,13.21,21.66,2.0,1.0,3.77,6.19,4.0,2.0,7.55,12.38,3.0,1.5,5.66,9.28,3.0,1.5,5.66,9.28,6.0,3.0,11.32,18.57,2.0,1.0,3.77,6.19,7.0,3.5,13.21,21.66,9.0,4.5,16.98,27.85,8.0,4.0,15.09,24.76,8.0,4.0,15.09,24.76,0.0,0.0,0.0,0.0,7.0,3.5,13.21,21.66,2.0,1.0,3.77,6.19,32.08,54.72,-22.64,109.34,-12.0,-6.0,-22.64,11.63,5.82,0.47,0.51,0.5,0.29,0.75,0.35,1.33,0.3,0.75,0.5,15.09,0.0,0.13,3.77,0.27
4,臺北台新戰神,10|14|13907|14845,雷蒙恩/錢肯尼/梅克/恩多,3,52,60.0,829.17,13.82,13:49,276.39,4.61,04:36,28.0,9.33,46.67,72.94,28.0,9.33,46.67,72.94,20.0,6.67,33.33,52.1,12.0,4.0,20.0,31.26,11.0,3.67,18.33,28.66,10.0,3.33,16.67,26.05,9.0,3.0,15.0,23.45,2.0,0.67,3.33,5.21,4.0,1.33,6.67,10.42,2.0,0.67,3.33,5.21,3.0,1.0,5.0,7.82,8.0,2.67,13.33,20.84,3.0,1.0,5.0,7.82,12.0,4.0,20.0,31.26,5.0,1.67,8.33,13.03,5.0,1.67,8.33,13.03,4.0,1.33,6.67,10.42,1.0,0.33,1.67,2.61,5.0,1.67,8.33,13.03,9.0,3.0,15.0,23.45,46.67,46.67,0.0,104.2,0.0,0.0,0.0,13.82,4.61,0.65,0.64,0.91,0.22,0.5,0.19,0.42,0.2,0.73,0.42,6.67,1.67,0.08,15.0,0.2
4,高雄全家海神,116|4181|10891|14844,呂威霆/艾德/廖偉皓/杭特,2,21,21.0,269.79,4.5,04:30,134.9,2.25,02:15,7.0,3.5,33.33,56.04,10.0,5.0,47.62,80.06,7.0,3.5,33.33,56.04,2.0,1.0,9.52,16.01,2.0,1.0,9.52,16.01,1.0,0.5,4.76,8.01,5.0,2.5,23.81,40.03,1.0,0.5,4.76,8.01,2.0,1.0,9.52,16.01,2.0,1.0,9.52,16.01,0.0,0.0,0.0,0.0,6.0,3.0,28.57,48.04,0.0,0.0,0.0,0.0,2.0,1.0,9.52,16.01,2.0,1.0,9.52,16.01,2.0,1.0,9.52,16.01,2.0,1.0,9.52,16.01,0.0,0.0,0.0,0.0,2.0,1.0,9.52,16.01,4.0,2.0,19.05,32.02,33.33,47.62,-14.29,112.09,-3.0,-1.5,-14.29,4.5,2.25,0.36,0.44,0.5,0.2,1.0,0.2,1.0,0.0,1.0,0.75,9.52,0.0,0.1,19.05,0.29
4,高雄全家海神,121|4181|10891|14844,吳曉謹/艾德/廖偉皓/杭特,1,4,4.0,53.0,0.88,00:53,53.0,0.88,00:53,2.0,2.0,50.0,81.51,0.0,0.0,0.0,0.0,2.0,2.0,50.0,81.51,1.0,1.0,25.0,40.75,2.0,2.0,50.0,81.51,1.0,1.0,25.0,40.75,0.0,0.0,0.0,0.0,0.0,0.0,0.0,0.0,0.0,0.0,0.0,0.0,0.0,0.0,0.0,0.0,0.0,0.0,0.0,0.0,2.0,2.0,50.0,81.51,0.0,0.0,0.0,0.0,1.0,1.0,25.0,40.75,0.0,0.0,0.0,0.0,0.0,0.0,0.0,0.0,0.0,0.0,0.0,0.0,0.0,0.0,0.0,0.0,0.0,0.0,0.0,0.0,0.0,0.0,0.0,0.0,50.0,0.0,50.0,108.68,2.0,2.0,50.0,0.88,0.88,0.5,0.5,0.5,,,0.0,0.0,0.0,1.0,0.67,0.0,0.0,0.0,0.0,0.0
4,臺北台新戰神,3|10|10867|13907,陳文宏/雷蒙恩/威力斯/梅克,1,7,8.0,157.52,2.63,02:38,157.52,2.63,02:38,7.0,7.0,87.5,95.99,8.0,8.0,100.0,109.7,4.0,4.0,50.0,54.85,3.0,3.0,37.5,41.14,2.0,2.0,25.0,27.42,2.0,2.0,25.0,27.42,2.0,2.0,25.0,27.42,1.0,1.0,12.5,13.71,1.0,1.0,12.5,13.71,0.0,0.0,0.0,0.0,1.0,1.0,12.5,13.71,1.0,1.0,12.5,13.71,0.0,0.0,0.0,0.0,0.0,0.0,0.0,0.0,0.0,0.0,0.0,0.0,3.0,3.0,37.5,41.14,0.0,0.0,0.0,0.0,0.0,0.0,0.0,0.0,1.0,1.0,12.5,13.71,0.0,0.0,0.0,0.0,87.5,100.0,-12.5,73.13,-1.0,-1.0,-12.5,2.63,2.63,0.88,0.79,1.0,0.5,0.0,0.0,1.0,1.0,1.0,1.0,0.0,0.0,0.12,0.0,0.25
4,高雄全家海神,45|110|116|14844,施晉堯/胡瓏貿/呂威霆/杭特,1,4,4.0,74.92,1.25,01:15,74.92,1.25,01:15,3.0,3.0,75.0,86.5,2.0,2.0,50.0,57.66,2.0,2.0,50.0,57.66,1.0,1.0,25.0,28.83,1.0,1.0,25.0,28.83,0.0,0.0,0.0,0.0,1.0,1.0,25.0,28.83,1.0,1.0,25.0,28.83,0.0,0.0,0.0,0.0,0.0,0.0,0.0,0.0,0.0,0.0,0.0,0.0,1.0,1.0,25.0,28.83,0.0,0.0,0.0,0.0,1.0,1.0,25.0,28.83,0.0,0.0,0.0,0.0,1.0,1.0,25.0,28.83,0.0,0.0,0.0,0.0,1.0,1.0,25.0,28.83,1.0,1.0,25.0,28.83,0.0,0.0,0.0,0.0,75.0,50.0,25.0,76.89,1.0,1.0,25.0,1.25,1.25,0.75,0.75,0.0,1.0,,0.0,1.0,0.0,1.0,0.5,0.0,25.0,0.25,0.0,0.0
4,高雄全家海神,45|110|10891|14844,施晉堯/胡瓏貿/廖偉皓/杭特,1,4,4.0,74.92,1.25,01:15,74.92,1.25,01:15,3.0,3.0,75.0,86.5,2.0,2.0,50.0,57.66,2.0,2.0,50.0,57.66,1.0,1.0,25.0,28.83,1.0,1.0,25.0,28.83,0.0,0.0,0.0,0.0,1.0,1.0,25.0,28.83,1.0,1.0,25.0,28.83,0.0,0.0,0.0,0.0,0.0,0.0,0.0,0.0,0.0,0.0,0.0,0.0,1.0,1.0,25.0,28.83,0.0,0.0,0.0,0.0,1.0,1.0,25.0,28.83,0.0,0.0,0.0,0.0,1.0,1.0,25.0,28.83,0.0,0.0,0.0,0.0,1.0,1.0,25.0,28.83,1.0,1.0,25.0,28.83,0.0,0.0,0.0,0.0,75.0,50.0,25.0,76.89,1.0,1.0,25.0,1.25,1.25,0.75,0.75,0.0,1.0,,0.0,1.0,0.0,1.0,0.5,0.0,25.0,0.25,0.0,0.0
4,高雄全家海神,45|116|10891|14844,施晉堯/呂威霆/廖偉皓/杭特,2,24,25.0,425.71,7.1,07:06,212.85,3.55,03:33,9.0,4.5,36.0,45.67,16.0,8.0,64.0,81.18,8.0,4.0,32.0,40.59,2.0,1.0,8.0,10.15,2.0,1.0,8.0,10.15,0.0,0.0,0.0,0.0,6.0,3.0,24.0,30.44,2.0,1.0,8.0,10.15,4.0,2.0,16.0,20.3,3.0,1.5,12.0,15.22,0.0,0.0,0.0,0.0,7.0,3.5,28.0,35.52,0.0,0.0,0.0,0.0,2.0,1.0,8.0,10.15,2.0,1.0,8.0,10.15,3.0,1.5,12.0,15.22,2.0,1.0,8.0,10.15,2.0,1.0,8.0,10.15,5.0,2.5,20.0,25.37,4.0,2.0,16.0,20.3,36.0,64.0,-28.0,84.57,-7.0,-3.5,-28.0,7.1,3.55,0.38,0.46,0.0,0.33,0.75,0.17,1.5,0.0,1.0,0.78,8.0,8.0,0.2,16.0,0.5
4,高雄全家海神,110|116|10891|14844,胡瓏貿/呂威霆/廖偉皓/杭特,1,4,4.0,74.92,1.25,01:15,74.92,1.25,01:15,3.0,3.0,75.0,86.5,2.0,2.0,50.0,57.66,2.0,2.0,50.0,57.66,1.0,1.0,25.0,28.83,1.0,1.0,25.0,28.83,0.0,0.0,0.0,0.0,1.0,1.0,25.0,28.83,1.0,1.0,25.0,28.83,0.0,0.0,0.0,0.0,0.0,0.0,0.0,0.0,0.0,0.0,0.0,0.0,1.0,1.0,25.0,28.83,0.0,0.0,0.0,0.0,1.0,1.0,25.0,28.83,0.0,0.0,0.0,0.0,1.0,1.0,25.0,28.83,0.0,0.0,0.0,0.0,1.0,1.0,25.0,28.83,1.0,1.0,25.0,28.83,0.0,0.0,0.0,0.0,75.0,50.0,25.0,76.89,1.0,1.0,25.0,1.25,1.25,0.75,0.75,0.0,1.0,,0.0,1.0,0.0,1.0,0.5,0.0,25.0,0.25,0.0,0.0
4,高雄全家海神,45|116|118|10891,施晉堯/呂威霆/蘇文儒/廖偉皓,3,29,32.0,564.96,9.42,09:25,188.32,3.14,03:08,10.0,3.33,31.25,38.23,15.0,5.0,46.88,57.35,13.0,4.33,40.62,49.7,4.0,1.33,12.5,15.29,7.0,2.33,21.88,26.76,3.0,1.0,9.38,11.47,6.0,2.0,18.75,22.94,1.0,0.33,3.12,3.82,2.0,0.67,6.25,7.65,1.0,0.33,3.12,3.82,0.0,0.0,0.0,0.0,10.0,3.33,31.25,38.23,2.0,0.67,6.25,7.65,5.0,1.67,15.62,19.12,1.0,0.33,3.12,3.82,1.0,0.33,3.12,3.82,1.0,0.33,3.12,3.82,2.0,0.67,6.25,7.65,2.0,0.67,6.25,7.65,0.0,0.0,0.0,0.0,31.25,46.88,-15.62,81.56,-5.0,-1.67,-15.62,9.42,3.14,0.35,0.36,0.43,0.17,0.5,0.07,0.25,0.0,0.83,0.59,3.12,6.25,0.06,0.0,0.15
4,高雄全家海神,45|116|118|14844,施晉堯/呂威霆/蘇文儒/杭特,2,23,27.0,447.33,7.46,07:27,223.66,3.73,03:44,8.0,4.0,29.63,38.63,13.0,6.5,48.15,62.77,10.0,5.0,37.04,48.29,2.0,1.0,7.41,9.66,5.0,2.5,18.52,24.14,0.0,0.0,0.0,0.0,5.0,2.5,18.52,24.14,2.0,1.0,7.41,9.66,4.0,2.0,14.81,19.31,2.0,1.0,7.41,9.66,0.0,0.0,0.0,0.0,8.0,4.0,29.63,38.63,2.0,1.0,7.41,9.66,5.0,2.5,18.52,24.14,1.0,0.5,3.7,4.83,2.0,1.0,7.41,9.66,1.0,0.5,3.7,4.83,3.0,1.5,11.11,14.49,4.0,2.0,14.81,19.31,8.0,4.0,29.63,38.63,29.63,48.15,-18.52,86.92,-5.0,-2.5,-18.52,7.46,3.73,0.3,0.34,0.0,0.4,0.5,0.08,1.0,0.0,0.8,0.53,3.7,11.11,0.15,29.63,0.4
4,高雄全家海神,45|118|10891|14844,施晉堯/蘇文儒/廖偉皓/杭特,1,3,4.0,141.0,2.35,02:21,141.0,2.35,02:21,1.0,1.0,25.0,15.32,4.0,4.0,100.0,61.28,1.0,1.0,25.0,15.32,0.0,0.0,0.0,0.0,1.0,1.0,25.0,15.32,0.0,0.0,0.0,0.0,0.0,0.0,0.0,0.0,0.0,0.0,0.0,0.0,2.0,2.0,50.0,30.64,1.0,1.0,25.0,15.32,0.0,0.0,0.0,0.0,2.0,2.0,50.0,30.64,0.0,0.0,0.0,0.0,0.0,0.0,0.0,0.0,0.0,0.0,0.0,0.0,0.0,0.0,0.0,0.0,0.0,0.0,0.0,0.0,1.0,1.0,25.0,15.32,2.0,2.0,50.0,30.64,0.0,0.0,0.0,0.0,25.0,100.0,-75.0,40.85,-3.0,-3.0,-75.0,2.35,2.35,0.0,0.27,0.0,,0.5,0.0,,,1.0,1.0,0.0,25.0,0.5,0.0,2.0
4,高雄全家海神,116|118|10891|14844,呂威霆/蘇文儒/廖偉皓/杭特,2,8,10.0,935.98,15.6,15:36,467.99,7.8,07:48,4.0,2.0,40.0,9.23,9.0,4.5,90.0,20.77,2.0,1.0,20.0,4.62,1.0,0.5,10.0,2.31,1.0,0.5,10.0,2.31,0.0,0.0,0.0,0.0,1.0,0.5,10.0,2.31,1.0,0.5,10.0,2.31,2.0,1.0,20.0,4.62,1.0,0.5,10.0,2.31,0.0,0.0,0.0,0.0,2.0,1.0,20.0,4.62,0.0,0.0,0.0,0.0,1.0,0.5,10.0,2.31,2.0,1.0,20.0,4.62,1.0,0.5,10.0,2.31,2.0,1.0,20.0,4.62,1.0,0.5,10.0,2.31,3.0,1.5,30.0,6.92,4.0,2.0,40.0,9.23,40.0,90.0,-50.0,15.39,-5.0,-2.5,-50.0,15.6,7.8,0.75,0.69,0.0,1.0,0.5,0.41,1.0,0.0,1.0,0.67,20.0,10.0,0.3,40.0,1.0
4,高雄全家海神,110|118|4181|10891,胡瓏貿/蘇文儒/艾德/廖偉皓,2,35,39.0,542.98,9.05,09:03,271.49,4.52,04:31,24.0,12.0,61.54,95.47,20.0,10.0,51.28,79.56,17.0,8.5,43.59,67.63,8.0,4.0,20.51,31.82,10.0,5.0,25.64,39.78,5.0,2.5,12.82,19.89,7.0,3.5,17.95,27.85,3.0,1.5,7.69,11.93,5.0,2.5,12.82,19.89,5.0,2.5,12.82,19.89,1.0,0.5,2.56,3.98,6.0,3.0,15.38,23.87,2.0,1.0,5.13,7.96,7.0,3.5,17.95,27.85,0.0,0.0,0.0,0.0,4.0,2.0,10.26,15.91,0.0,0.0,0.0,0.0,0.0,0.0,0.0,0.0,5.0,2.5,12.82,19.89,4.0,2.0,10.26,15.91,61.54,51.28,10.26,103.43,4.0,2.0,10.26,9.05,4.52,0.56,0.62,0.5,0.43,1.0,0.0,0.5,0.12,0.75,0.44,0.0,0.0,0.13,10.26,0.29
4,高雄全家海神,110|118|10891|14844,胡瓏貿/蘇文儒/廖偉皓/杭特,2,40,46.0,643.95,10.73,10:44,321.98,5.37,05:22,28.0,14.0,60.87,93.92,22.0,11.0,47.83,73.79,19.0,9.5,41.3,63.73,10.0,5.0,21.74,33.54,12.0,6.0,26.09,40.25,7.0,3.5,15.22,23.48,7.0,3.5,15.22,23.48,3.0,1.5,6.52,10.06,6.0,3.0,13.04,20.13,5.0,2.5,10.87,16.77,1.0,0.5,2.17,3.35,7.0,3.5,15.22,23.48,3.0,1.5,6.52,10.06,8.0,4.0,17.39,26.83,0.0,0.0,0.0,0.0,4.0,2.0,8.7,13.42,0.0,0.0,0.0,0.0,0.0,0.0,0.0,0.0,7.0,3.5,15.22,23.48,5.0,2.5,10.87,16.77,60.87,47.83,13.04,102.87,6.0,3.0,13.04,10.73,5.37,0.61,0.65,0.58,0.43,0.83,0.0,0.4,0.11,0.7,0.42,0.0,0.0,0.15,10.87,0.32
4,高雄全家海神,110|4181|10891|14844,胡瓏貿/艾德/廖偉皓/杭特,2,35,39.0,542.98,9.05,09:03,271.49,4.52,04:31,24.0,12.0,61.54,95.47,20.0,10.0,51.28,79.56,17.0,8.5,43.59,67.63,8.0,4.0,20.51,31.82,10.0,5.0,25.64,39.78,5.0,2.5,12.82,19.89,7.0,3.5,17.95,27.85,3.0,1.5,7.69,11.93,5.0,2.5,12.82,19.89,5.0,2.5,12.82,19.89,1.0,0.5,2.56,3.98,6.0,3.0,15.38,23.87,2.0,1.0,5.13,7.96,7.0,3.5,17.95,27.85,0.0,0.0,0.0,0.0,4.0,2.0,10.26,15.91,0.0,0.0,0.0,0.0,0.0,0.0,0.0,0.0,5.0,2.5,12.82,19.89,4.0,2.0,10.26,15.91,61.54,51.28,10.26,103.43,4.0,2.0,10.26,9.05,4.52,0.56,0.62,0.5,0.43,1.0,0.0,0.5,0.12,0.75,0.44,0.0,0.0,0.13,10.26,0.29
4,高雄全家海神,118|4181|10891|14844,蘇文儒/艾德/廖偉皓/杭特,2,35,39.0,549.98,9.17,09:10,274.99,4.58,04:35,24.0,12.0,61.54,94.26,20.0,10.0,51.28,78.55,17.0,8.5,43.59,66.77,8.0,4.0,20.51,31.42,10.0,5.0,25.64,39.27,5.0,2.5,12.82,19.64,7.0,3.5,17.95,27.49,3.0,1.5,7.69,11.78,5.0,2.5,12.82,19.64,5.0,2.5,12.82,19.64,1.0,0.5,2.56,3.93,6.0,3.0,15.38,23.56,2.0,1.0,5.13,7.85,7.0,3.5,17.95,27.49,0.0,0.0,0.0,0.0,4.0,2.0,10.26,15.71,0.0,0.0,0.0,0.0,0.0,0.0,0.0,0.0,5.0,2.5,12.82,19.64,4.0,2.0,10.26,15.71,61.54,51.28,10.26,102.11,4.0,2.0,10.26,9.17,4.58,0.56,0.62,0.5,0.43,1.0,0.0,0.5,0.12,0.75,0.44,0.0,0.0,0.13,10.26,0.29
4,臺北台新戰神,1|2|3|10867,丁聖儒/江均/陳文宏/威力斯,1,2,2.0,27.45,0.46,00:27,27.45,0.46,00:27,2.0,2.0,100.0,157.39,2.0,2.0,100.0,157.39,1.0,1.0,50.0,78.69,1.0,1.0,50.0,78.69,1.0,1.0,50.0,78.69,1.0,1.0,50.0,78.69,0.0,0.0,0.0,0.0,0.0,0.0,0.0,0.0,0.0,0.0,0.0,0.0,0.0,0.0,0.0,0.0,0.0,0.0,0.0,0.0,0.0,0.0,0.0,0.0,0.0,0.0,0.0,0.0,0.0,0.0,0.0,0.0,0.0,0.0,0.0,0.0,0.0,0.0,0.0,0.0,0.0,0.0,0.0,0.0,0.0,0.0,0.0,0.0,0.0,0.0,0.0,0.0,2.0,2.0,100.0,157.39,100.0,100.0,0.0,104.93,0.0,0.0,0.0,0.46,0.46,1.0,1.0,1.0,,,0.0,0.0,,,,0.0,0.0,0.0,100.0,0.0
4,臺北台新戰神,1|2|3|14845,丁聖儒/江均/陳文宏/恩多,2,9,10.0,125.41,2.09,02:05,62.7,1.05,01:03,4.0,2.0,40.0,68.9,6.0,3.0,60.0,103.34,4.0,2.0,40.0,68.9,2.0,1.0,20.0,34.45,3.0,1.5,30.0,51.67,2.0,1.0,20.0,34.45,1.0,0.5,10.0,17.22,0.0,0.0,0.0,0.0,1.0,0.5,10.0,17.22,0.0,0.0,0.0,0.0,0.0,0.0,0.0,0.0,3.0,1.5,30.0,51.67,0.0,0.0,0.0,0.0,1.0,0.5,10.0,17.22,0.0,0.0,0.0,0.0,1.0,0.5,10.0,17.22,0.0,0.0,0.0,0.0,0.0,0.0,0.0,0.0,2.0,1.0,20.0,34.45,3.0,1.5,30.0,51.67,40.0,60.0,-20.0,114.83,-2.0,-1.0,-20.0,2.09,1.05,0.5,0.45,0.67,0.0,0.0,0.0,0.5,0.0,1.0,0.75,0.0,0.0,0.2,30.0,0.25
4,臺北台新戰神,1|2|10867|14845,丁聖儒/江均/威力斯/恩多,1,2,2.0,27.45,0.46,00:27,27.45,0.46,00:27,2.0,2.0,100.0,157.39,2.0,2.0,100.0,157.39,1.0,1.0,50.0,78.69,1.0,1.0,50.0,78.69,1.0,1.0,50.0,78.69,1.0,1.0,50.0,78.69,0.0,0.0,0.0,0.0,0.0,0.0,0.0,0.0,0.0,0.0,0.0,0.0,0.0,0.0,0.0,0.0,0.0,0.0,0.0,0.0,0.0,0.0,0.0,0.0,0.0,0.0,0.0,0.0,0.0,0.0,0.0,0.0,0.0,0.0,0.0,0.0,0.0,0.0,0.0,0.0,0.0,0.0,0.0,0.0,0.0,0.0,0.0,0.0,0.0,0.0,0.0,0.0,2.0,2.0,100.0,157.39,100.0,100.0,0.0,104.93,0.0,0.0,0.0,0.46,0.46,1.0,1.0,1.0,,,0.0,0.0,,,,0.0,0.0,0.0,100.0,0.0
4,臺北台新戰神,2|3|10867|14845,江均/陳文宏/威力斯/恩多,1,2,2.0,27.45,0.46,00:27,27.45,0.46,00:27,2.0,2.0,100.0,157.39,2.0,2.0,100.0,157.39,1.0,1.0,50.0,78.69,1.0,1.0,50.0,78.69,1.0,1.0,50.0,78.69,1.0,1.0,50.0,78.69,0.0,0.0,0.0,0.0,0.0,0.0,0.0,0.0,0.0,0.0,0.0,0.0,0.0,0.0,0.0,0.0,0.0,0.0,0.0,0.0,0.0,0.0,0.0,0.0,0.0,0.0,0.0,0.0,0.0,0.0,0.0,0.0,0.0,0.0,0.0,0.0,0.0,0.0,0.0,0.0,0.0,0.0,0.0,0.0,0.0,0.0,0.0,0.0,0.0,0.0,0.0,0.0,2.0,2.0,100.0,157.39,100.0,100.0,0.0,104.93,0.0,0.0,0.0,0.46,0.46,1.0,1.0,1.0,,,0.0,0.0,,,,0.0,0.0,0.0,100.0,0.0
4,臺北台新戰神,1|2|3|13907,丁聖儒/江均/陳文宏/梅克,1,3,3.0,34.11,0.57,00:34,34.11,0.57,00:34,0.0,0.0,0.0,0.0,4.0,4.0,133.33,253.31,1.0,1.0,33.33,63.33,0.0,0.0,0.0,0.0,1.0,1.0,33.33,63.33,0.0,0.0,0.0,0.0,0.0,0.0,0.0,0.0,0.0,0.0,0.0,0.0,0.0,0.0,0.0,0.0,0.0,0.0,0.0,0.0,0.0,0.0,0.0,0.0,1.0,1.0,33.33,63.33,0.0,0.0,0.0,0.0,0.0,0.0,0.0,0.0,0.0,0.0,0.0,0.0,0.0,0.0,0.0,0.0,0.0,0.0,0.0,0.0,0.0,0.0,0.0,0.0,1.0,1.0,33.33,63.33,1.0,1.0,33.33,63.33,0.0,133.33,-133.33,126.66,-4.0,-4.0,-133.33,0.57,0.57,0.0,0.0,0.0,,,0.0,,,1.0,1.0,0.0,0.0,0.33,33.33,0.0
4,臺北台新戰神,1|2|13907|14845,丁聖儒/江均/梅克/恩多,1,3,3.0,34.11,0.57,00:34,34.11,0.57,00:34,0.0,0.0,0.0,0.0,4.0,4.0,133.33,253.31,1.0,1.0,33.33,63.33,0.0,0.0,0.0,0.0,1.0,1.0,33.33,63.33,0.0,0.0,0.0,0.0,0.0,0.0,0.0,0.0,0.0,0.0,0.0,0.0,0.0,0.0,0.0,0.0,0.0,0.0,0.0,0.0,0.0,0.0,0.0,0.0,1.0,1.0,33.33,63.33,0.0,0.0,0.0,0.0,0.0,0.0,0.0,0.0,0.0,0.0,0.0,0.0,0.0,0.0,0.0,0.0,0.0,0.0,0.0,0.0,0.0,0.0,0.0,0.0,1.0,1.0,33.33,63.33,1.0,1.0,33.33,63.33,0.0,133.33,-133.33,126.66,-4.0,-4.0,-133.33,0.57,0.57,0.0,0.0,0.0,,,0.0,,,1.0,1.0,0.0,0.0,0.33,33.33,0.0
4,臺北台新戰神,2|3|13907|14845,江均/陳文宏/梅克/恩多,1,3,3.0,34.11,0.57,00:34,34.11,0.57,00:34,0.0,0.0,0.0,0.0,4.0,4.0,133.33,253.31,1.0,1.0,33.33,63.33,0.0,0.0,0.0,0.0,1.0,1.0,33.33,63.33,0.0,0.0,0.0,0.0,0.0,0.0,0.0,0.0,0.0,0.0,0.0,0.0,0.0,0.0,0.0,0.0,0.0,0.0,0.0,0.0,0.0,0.0,0.0,0.0,1.0,1.0,33.33,63.33,0.0,0.0,0.0,0.0,0.0,0.0,0.0,0.0,0.0,0.0,0.0,0.0,0.0,0.0,0.0,0.0,0.0,0.0,0.0,0.0,0.0,0.0,0.0,0.0,1.0,1.0,33.33,63.33,1.0,1.0,33.33,63.33,0.0,133.33,-133.33,126.66,-4.0,-4.0,-133.33,0.57,0.57,0.0,0.0,0.0,,,0.0,,,1.0,1.0,0.0,0.0,0.33,33.33,0.0
4,高雄全家海神,45|116|4181|14844,施晉堯/呂威霆/艾德/杭特,2,37,40.0,516.12,8.6,08:36,258.06,4.3,04:18,12.0,6.0,30.0,50.22,19.0,9.5,47.5,79.52,14.0,7.0,35.0,58.59,3.0,1.5,7.5,12.56,4.0,2.0,10.0,16.74,0.0,0.0,0.0,0.0,10.0,5.0,25.0,41.85,3.0,1.5,7.5,12.56,4.0,2.0,10.0,16.74,3.0,1.5,7.5,12.56,0.0,0.0,0.0,0.0,10.0,5.0,25.0,41.85,2.0,1.0,5.0,8.37,6.0,3.0,15.0,25.11,3.0,1.5,7.5,12.56,4.0,2.0,10.0,16.74,3.0,1.5,7.5,12.56,2.0,1.0,5.0,8.37,4.0,2.0,10.0,16.74,12.0,6.0,30.0,50.22,30.0,47.5,-17.5,111.6,-7.0,-3.5,-17.5,8.6,4.3,0.32,0.38,0.0,0.3,0.75,0.16,1.33,0.0,0.83,0.56,7.5,5.0,0.1,30.0,0.29
4,高雄全家海神,45|118|4181|14844,施晉堯/蘇文儒/艾德/杭特,2,33,41.0,554.51,9.24,09:15,277.26,4.62,04:37,18.0,9.0,43.9,70.12,16.0,8.0,39.02,62.33,15.0,7.5,36.59,58.43,5.0,2.5,12.2,19.48,7.0,3.5,17.07,27.27,2.0,1.0,4.88,7.79,8.0,4.0,19.51,31.16,3.0,1.5,7.32,11.69,6.0,3.0,14.63,23.37,5.0,2.5,12.2,19.48,2.0,1.0,4.88,7.79,7.0,3.5,17.07,27.27,4.0,2.0,9.76,15.58,6.0,3.0,14.63,23.37,2.0,1.0,4.88,7.79,3.0,1.5,7.32,11.69,2.0,1.0,4.88,7.79,2.0,1.0,4.88,7.79,4.0,2.0,9.76,15.58,12.0,6.0,29.27,46.74,43.9,39.02,4.88,106.47,2.0,1.0,4.88,9.24,4.62,0.43,0.51,0.29,0.38,0.83,0.1,0.6,0.25,0.64,0.47,4.88,4.88,0.1,29.27,0.4
4,高雄全家海神,45|110|118|14844,施晉堯/胡瓏貿/蘇文儒/杭特,2,13,18.0,248.18,4.14,04:08,124.09,2.07,02:04,11.0,5.5,61.11,95.74,7.0,3.5,38.89,60.92,6.0,3.0,33.33,52.22,3.0,1.5,16.67,26.11,3.0,1.5,16.67,26.11,2.0,1.0,11.11,17.41,3.0,1.5,16.67,26.11,1.0,0.5,5.56,8.7,4.0,2.0,22.22,34.81,4.0,2.0,22.22,34.81,2.0,1.0,11.11,17.41,1.0,0.5,5.56,8.7,2.0,1.0,11.11,17.41,1.0,0.5,5.56,8.7,1.0,0.5,5.56,8.7,1.0,0.5,5.56,8.7,1.0,0.5,5.56,8.7,0.0,0.0,0.0,0.0,2.0,1.0,11.11,17.41,4.0,2.0,22.22,34.81,61.11,38.89,22.22,104.44,4.0,2.0,22.22,4.14,2.07,0.58,0.71,0.67,0.33,1.0,0.11,0.33,0.67,0.33,0.5,5.56,0.0,0.11,22.22,0.67
4,新竹御嵿攻城獅,75|87|10888|14982,高國豪/蔡宸綱/帕塞獅/徐小龍,1,10,11.0,163.83,2.73,02:44,163.83,2.73,02:44,9.0,9.0,81.82,118.66,7.0,7.0,63.64,92.29,5.0,5.0,45.45,65.92,3.0,3.0,27.27,39.55,3.0,3.0,27.27,39.55,2.0,2.0,18.18,26.37,2.0,2.0,18.18,26.37,1.0,1.0,9.09,13.18,2.0,2.0,18.18,26.37,2.0,2.0,18.18,26.37,1.0,1.0,9.09,13.18,1.0,1.0,9.09,13.18,0.0,0.0,0.0,0.0,1.0,1.0,9.09,13.18,0.0,0.0,0.0,0.0,3.0,3.0,27.27,39.55,0.0,0.0,0.0,0.0,1.0,1.0,9.09,13.18,1.0,1.0,9.09,13.18,1.0,1.0,9.09,13.18,81.82,63.64,18.18,96.69,2.0,2.0,18.18,2.73,2.73,0.7,0.77,0.67,0.5,1.0,0.0,1.0,0.5,1.0,0.67,0.0,9.09,0.09,9.09,0.4
4,新竹御嵿攻城獅,75|10887|10888|14982,高國豪/德魯/帕塞獅/徐小龍,1,10,11.0,163.83,2.73,02:44,163.83,2.73,02:44,9.0,9.0,81.82,118.66,7.0,7.0,63.64,92.29,5.0,5.0,45.45,65.92,3.0,3.0,27.27,39.55,3.0,3.0,27.27,39.55,2.0,2.0,18.18,26.37,2.0,2.0,18.18,26.37,1.0,1.0,9.09,13.18,2.0,2.0,18.18,26.37,2.0,2.0,18.18,26.37,1.0,1.0,9.09,13.18,1.0,1.0,9.09,13.18,0.0,0.0,0.0,0.0,1.0,1.0,9.09,13.18,0.0,0.0,0.0,0.0,3.0,3.0,27.27,39.55,0.0,0.0,0.0,0.0,1.0,1.0,9.09,13.18,1.0,1.0,9.09,13.18,1.0,1.0,9.09,13.18,81.82,63.64,18.18,96.69,2.0,2.0,18.18,2.73,2.73,0.7,0.77,0.67,0.5,1.0,0.0,1.0,0.5,1.0,0.67,0.0,9.09,0.09,9.09,0.4
4,新竹御嵿攻城獅,87|10887|10888|14982,蔡宸綱/德魯/帕塞獅/徐小龍,1,10,11.0,163.83,2.73,02:44,163.83,2.73,02:44,9.0,9.0,81.82,118.66,7.0,7.0,63.64,92.29,5.0,5.0,45.45,65.92,3.0,3.0,27.27,39.55,3.0,3.0,27.27,39.55,2.0,2.0,18.18,26.37,2.0,2.0,18.18,26.37,1.0,1.0,9.09,13.18,2.0,2.0,18.18,26.37,2.0,2.0,18.18,26.37,1.0,1.0,9.09,13.18,1.0,1.0,9.09,13.18,0.0,0.0,0.0,0.0,1.0,1.0,9.09,13.18,0.0,0.0,0.0,0.0,3.0,3.0,27.27,39.55,0.0,0.0,0.0,0.0,1.0,1.0,9.09,13.18,1.0,1.0,9.09,13.18,1.0,1.0,9.09,13.18,81.82,63.64,18.18,96.69,2.0,2.0,18.18,2.73,2.73,0.7,0.77,0.67,0.5,1.0,0.0,1.0,0.5,1.0,0.67,0.0,9.09,0.09,9.09,0.4
4,新竹御嵿攻城獅,75|82|10862|10888,高國豪/蕭順議/提傑/帕塞獅,1,8,15.0,156.97,2.62,02:37,156.97,2.62,02:37,2.0,2.0,13.33,27.52,4.0,4.0,26.67,55.04,6.0,6.0,40.0,82.57,0.0,0.0,0.0,0.0,2.0,2.0,13.33,27.52,0.0,0.0,0.0,0.0,4.0,4.0,26.67,55.04,0.0,0.0,0.0,0.0,2.0,2.0,13.33,27.52,2.0,2.0,13.33,27.52,4.0,4.0,26.67,55.04,1.0,1.0,6.67,13.76,2.0,2.0,13.33,27.52,1.0,1.0,6.67,13.76,2.0,2.0,13.33,27.52,0.0,0.0,0.0,0.0,1.0,1.0,6.67,13.76,0.0,0.0,0.0,0.0,1.0,1.0,6.67,13.76,0.0,0.0,0.0,0.0,13.33,26.67,-13.33,137.61,-2.0,-2.0,-13.33,2.62,2.62,0.0,0.15,0.0,0.0,1.0,0.23,,0.8,0.33,0.62,6.67,0.0,0.07,0.0,0.33
4,新竹御嵿攻城獅,75|82|87|10888,高國豪/蕭順議/蔡宸綱/帕塞獅,1,1,2.0,12.37,0.21,00:12,12.37,0.21,00:12,0.0,0.0,0.0,0.0,0.0,0.0,0.0,0.0,0.0,0.0,0.0,0.0,0.0,0.0,0.0,0.0,0.0,0.0,0.0,0.0,0.0,0.0,0.0,0.0,0.0,0.0,0.0,0.0,0.0,0.0,0.0,0.0,2.0,2.0,100.0,349.32,2.0,2.0,100.0,349.32,0.0,0.0,0.0,0.0,0.0,0.0,0.0,0.0,1.0,1.0,50.0,174.66,0.0,0.0,0.0,0.0,0.0,0.0,0.0,0.0,0.0,0.0,0.0,0.0,0.0,0.0,0.0,0.0,0.0,0.0,0.0,0.0,0.0,0.0,0.0,0.0,0.0,0.0,0.0,0.0,0.0,0.0,0.0,232.88,0.0,0.0,0.0,0.21,0.21,,0.0,,,1.0,0.0,,,0.0,0.0,0.0,0.0,0.0,0.0,
4,新竹御嵿攻城獅,82|87|10862|10888,蕭順議/蔡宸綱/提傑/帕塞獅,1,1,2.0,13.37,0.22,00:13,13.37,0.22,00:13,0.0,0.0,0.0,0.0,0.0,0.0,0.0,0.0,0.0,0.0,0.0,0.0,0.0,0.0,0.0,0.0,0.0,0.0,0.0,0.0,0.0,0.0,0.0,0.0,0.0,0.0,0.0,0.0,0.0,0.0,0.0,0.0,2.0,2.0,100.0,323.18,2.0,2.0,100.0,323.18,0.0,0.0,0.0,0.0,0.0,0.0,0.0,0.0,1.0,1.0,50.0,161.59,0.0,0.0,0.0,0.0,0.0,0.0,0.0,0.0,0.0,0.0,0.0,0.0,0.0,0.0,0.0,0.0,0.0,0.0,0.0,0.0,0.0,0.0,0.0,0.0,0.0,0.0,0.0,0.0,0.0,0.0,0.0,215.46,0.0,0.0,0.0,0.22,0.22,,0.0,,,1.0,0.0,,,0.0,0.0,0.0,0.0,0.0,0.0,
4,新竹御嵿攻城獅,75|87|88|10885,高國豪/蔡宸綱/盧冠軒/劉丞勳,1,2,2.0,26.0,0.43,00:26,26.0,0.43,00:26,0.0,0.0,0.0,0.0,2.0,2.0,100.0,166.15,1.0,1.0,50.0,83.08,0.0,0.0,0.0,0.0,1.0,1.0,50.0,83.08,0.0,0.0,0.0,0.0,0.0,0.0,0.0,0.0,0.0,0.0,0.0,0.0,0.0,0.0,0.0,0.0,0.0,0.0,0.0,0.0,0.0,0.0,0.0,0.0,1.0,1.0,50.0,83.08,0.0,0.0,0.0,0.0,0.0,0.0,0.0,0.0,0.0,0.0,0.0,0.0,0.0,0.0,0.0,0.0,0.0,0.0,0.0,0.0,0.0,0.0,0.0,0.0,0.0,0.0,0.0,0.0,0.0,0.0,0.0,0.0,0.0,100.0,-100.0,110.77,-2.0,-2.0,-100.0,0.43,0.43,0.0,0.0,0.0,,,0.0,,,1.0,1.0,0.0,0.0,0.0,0.0,0.0
4,新竹御嵿攻城獅,75|82|87|88,高國豪/蕭順議/蔡宸綱/盧冠軒,1,4,4.0,25.49,0.42,00:25,25.49,0.42,00:25,2.0,2.0,50.0,169.49,2.0,2.0,50.0,169.49,1.0,1.0,25.0,84.75,0.0,0.0,0.0,0.0,0.0,0.0,0.0,0.0,0.0,0.0,0.0,0.0,1.0,1.0,25.0,84.75,0.0,0.0,0.0,0.0,2.0,2.0,50.0,169.49,2.0,2.0,50.0,169.49,0.0,0.0,0.0,0.0,0.0,0.0,0.0,0.0,0.0,0.0,0.0,0.0,2.0,2.0,50.0,169.49,0.0,0.0,0.0,0.0,0.0,0.0,0.0,0.0,0.0,0.0,0.0,0.0,0.0,0.0,0.0,0.0,1.0,1.0,25.0,84.75,4.0,4.0,100.0,338.98,50.0,50.0,0.0,225.99,0.0,0.0,0.0,0.42,0.42,0.0,0.53,,0.0,1.0,0.0,,0.0,,0.0,0.0,0.0,0.25,100.0,2.0
4,新竹御嵿攻城獅,75|82|87|10887,高國豪/蕭順議/蔡宸綱/德魯,1,4,4.0,25.49,0.42,00:25,25.49,0.42,00:25,2.0,2.0,50.0,169.49,2.0,2.0,50.0,169.49,1.0,1.0,25.0,84.75,0.0,0.0,0.0,0.0,0.0,0.0,0.0,0.0,0.0,0.0,0.0,0.0,1.0,1.0,25.0,84.75,0.0,0.0,0.0,0.0,2.0,2.0,50.0,169.49,2.0,2.0,50.0,169.49,0.0,0.0,0.0,0.0,0.0,0.0,0.0,0.0,0.0,0.0,0.0,0.0,2.0,2.0,50.0,169.49,0.0,0.0,0.0,0.0,0.0,0.0,0.0,0.0,0.0,0.0,0.0,0.0,0.0,0.0,0.0,0.0,1.0,1.0,25.0,84.75,4.0,4.0,100.0,338.98,50.0,50.0,0.0,225.99,0.0,0.0,0.0,0.42,0.42,0.0,0.53,,0.0,1.0,0.0,,0.0,,0.0,0.0,0.0,0.25,100.0,2.0
4,新竹御嵿攻城獅,82|87|88|10887,蕭順議/蔡宸綱/盧冠軒/德魯,1,4,4.0,25.49,0.42,00:25,25.49,0.42,00:25,2.0,2.0,50.0,169.49,2.0,2.0,50.0,169.49,1.0,1.0,25.0,84.75,0.0,0.0,0.0,0.0,0.0,0.0,0.0,0.0,0.0,0.0,0.0,0.0,1.0,1.0,25.0,84.75,0.0,0.0,0.0,0.0,2.0,2.0,50.0,169.49,2.0,2.0,50.0,169.49,0.0,0.0,0.0,0.0,0.0,0.0,0.0,0.0,0.0,0.0,0.0,0.0,2.0,2.0,50.0,169.49,0.0,0.0,0.0,0.0,0.0,0.0,0.0,0.0,0.0,0.0,0.0,0.0,0.0,0.0,0.0,0.0,1.0,1.0,25.0,84.75,4.0,4.0,100.0,338.98,50.0,50.0,0.0,225.99,0.0,0.0,0.0,0.42,0.42,0.0,0.53,,0.0,1.0,0.0,,0.0,,0.0,0.0,0.0,0.25,100.0,2.0
4,臺北台新戰神,1|5|10864|10867,丁聖儒/黃聰翰/劉彥廷/威力斯,2,16,22.0,227.84,3.8,03:48,113.92,1.9,01:54,5.0,2.5,22.73,47.4,9.0,4.5,40.91,85.32,9.0,4.5,40.91,85.32,2.0,1.0,9.09,18.96,5.0,2.5,22.73,47.4,1.0,0.5,4.55,9.48,4.0,2.0,18.18,37.92,1.0,0.5,4.55,9.48,0.0,0.0,0.0,0.0,0.0,0.0,0.0,0.0,4.0,2.0,18.18,37.92,3.0,1.5,13.64,28.44,2.0,1.0,9.09,18.96,4.0,2.0,18.18,37.92,2.0,1.0,9.09,18.96,2.0,1.0,9.09,18.96,2.0,1.0,9.09,18.96,0.0,0.0,0.0,0.0,1.0,0.5,4.55,9.48,4.0,2.0,18.18,37.92,22.73,40.91,-18.18,139.04,-4.0,-2.0,-18.18,3.8,1.9,0.28,0.28,0.2,0.25,,0.18,1.0,0.5,0.6,0.54,9.09,0.0,0.05,18.18,0.0
4,臺北台新戰神,1|10864|10867|13907,丁聖儒/劉彥廷/威力斯/梅克,3,39,49.0,548.93,9.15,09:09,182.98,3.05,03:03,22.0,7.33,44.9,86.57,18.0,6.0,36.73,70.83,18.0,6.0,36.73,70.83,7.0,2.33,14.29,27.54,10.0,3.33,20.41,39.35,3.0,1.0,6.12,11.8,8.0,2.67,16.33,31.48,4.0,1.33,8.16,15.74,6.0,2.0,12.24,23.61,4.0,1.33,8.16,15.74,6.0,2.0,12.24,23.61,6.0,2.0,12.24,23.61,4.0,1.33,8.16,15.74,10.0,3.33,20.41,39.35,4.0,1.33,8.16,15.74,7.0,2.33,14.29,27.54,3.0,1.0,6.12,11.8,2.0,0.67,4.08,7.87,5.0,1.67,10.2,19.67,4.0,1.33,8.16,15.74,44.9,36.73,8.16,128.54,4.0,1.33,8.16,9.15,3.05,0.5,0.53,0.3,0.5,0.67,0.16,1.0,0.38,0.6,0.46,6.12,4.08,0.1,8.16,0.33
4,臺北台新戰神,5|10864|10867|13907,黃聰翰/劉彥廷/威力斯/梅克,2,16,22.0,227.84,3.8,03:48,113.92,1.9,01:54,5.0,2.5,22.73,47.4,9.0,4.5,40.91,85.32,9.0,4.5,40.91,85.32,2.0,1.0,9.09,18.96,5.0,2.5,22.73,47.4,1.0,0.5,4.55,9.48,4.0,2.0,18.18,37.92,1.0,0.5,4.55,9.48,0.0,0.0,0.0,0.0,0.0,0.0,0.0,0.0,4.0,2.0,18.18,37.92,3.0,1.5,13.64,28.44,2.0,1.0,9.09,18.96,4.0,2.0,18.18,37.92,2.0,1.0,9.09,18.96,2.0,1.0,9.09,18.96,2.0,1.0,9.09,18.96,0.0,0.0,0.0,0.0,1.0,0.5,4.55,9.48,4.0,2.0,18.18,37.92,22.73,40.91,-18.18,139.04,-4.0,-2.0,-18.18,3.8,1.9,0.28,0.28,0.2,0.25,,0.18,1.0,0.5,0.6,0.54,9.09,0.0,0.05,18.18,0.0
4,臺北台新戰神,1|5|10864|14845,丁聖儒/黃聰翰/劉彥廷/恩多,2,21,23.0,440.87,7.35,07:21,220.44,3.67,03:40,20.0,10.0,86.96,97.99,17.0,8.5,73.91,83.29,10.0,5.0,43.48,48.99,7.0,3.5,30.43,34.3,3.0,1.5,13.04,14.7,2.0,1.0,8.7,9.8,7.0,3.5,30.43,34.3,5.0,2.5,21.74,24.5,3.0,1.5,13.04,14.7,3.0,1.5,13.04,14.7,0.0,0.0,0.0,0.0,4.0,2.0,17.39,19.6,1.0,0.5,4.35,4.9,3.0,1.5,13.04,14.7,1.0,0.5,4.35,4.9,5.0,2.5,21.74,24.5,0.0,0.0,0.0,0.0,0.0,0.0,0.0,0.0,5.0,2.5,21.74,24.5,4.0,2.0,17.39,19.6,86.96,73.91,13.04,75.12,3.0,1.5,13.04,7.35,3.67,0.95,0.88,0.67,0.71,1.0,0.08,0.71,0.0,0.8,0.5,0.0,0.0,0.22,17.39,0.3
4,臺北台新戰神,1|10864|13907|14845,丁聖儒/劉彥廷/梅克/恩多,1,17,19.0,296.33,4.94,04:56,296.33,4.94,04:56,12.0,12.0,63.16,87.47,13.0,13.0,68.42,94.76,8.0,8.0,42.11,58.31,4.0,4.0,21.05,29.16,5.0,5.0,26.32,36.45,2.0,2.0,10.53,14.58,3.0,3.0,15.79,21.87,2.0,2.0,10.53,14.58,4.0,4.0,21.05,29.16,4.0,4.0,21.05,29.16,1.0,1.0,5.26,7.29,3.0,3.0,15.79,21.87,1.0,1.0,5.26,7.29,2.0,2.0,10.53,14.58,1.0,1.0,5.26,7.29,1.0,1.0,5.26,7.29,0.0,0.0,0.0,0.0,0.0,0.0,0.0,0.0,1.0,1.0,5.26,7.29,4.0,4.0,21.05,29.16,63.16,68.42,-5.26,92.33,-1.0,-1.0,-5.26,4.94,4.94,0.62,0.61,0.4,0.67,1.0,0.09,0.25,0.33,0.75,0.57,0.0,0.0,0.05,21.05,0.5
4,臺北台新戰神,5|10864|13907|14845,黃聰翰/劉彥廷/梅克/恩多,1,11,13.0,184.99,3.08,03:05,184.99,3.08,03:05,7.0,7.0,53.85,81.73,7.0,7.0,53.85,81.73,5.0,5.0,38.46,58.38,3.0,3.0,23.08,35.03,3.0,3.0,23.08,35.03,2.0,2.0,15.38,23.35,2.0,2.0,15.38,23.35,1.0,1.0,7.69,11.68,2.0,2.0,15.38,23.35,2.0,2.0,15.38,23.35,0.0,0.0,0.0,0.0,2.0,2.0,15.38,23.35,2.0,2.0,15.38,23.35,2.0,2.0,15.38,23.35,1.0,1.0,7.69,11.68,1.0,1.0,7.69,11.68,0.0,0.0,0.0,0.0,0.0,0.0,0.0,0.0,0.0,0.0,0.0,0.0,2.0,2.0,15.38,23.35,53.85,53.85,0.0,101.2,0.0,0.0,0.0,3.08,3.08,0.7,0.6,0.67,0.5,1.0,0.15,0.33,0.0,0.5,0.33,0.0,0.0,0.0,15.38,0.4
4,臺北台新戰神,5|14|10864|14845,黃聰翰/錢肯尼/劉彥廷/恩多,3,40,45.0,592.48,9.87,09:52,197.49,3.29,03:17,19.0,6.33,42.22,69.27,21.0,7.0,46.67,76.56,14.0,4.67,31.11,51.04,8.0,2.67,17.78,29.17,6.0,2.0,13.33,21.87,5.0,1.67,11.11,18.23,8.0,2.67,17.78,29.17,3.0,1.0,6.67,10.94,4.0,1.33,8.89,14.58,0.0,0.0,0.0,0.0,0.0,0.0,0.0,0.0,7.0,2.33,15.56,25.52,5.0,1.67,11.11,18.23,7.0,2.33,15.56,25.52,3.0,1.0,6.67,10.94,5.0,1.67,11.11,18.23,3.0,1.0,6.67,10.94,1.0,0.33,2.22,3.65,6.0,2.0,13.33,21.87,4.0,1.33,8.89,14.58,42.22,46.67,-4.44,109.37,-2.0,-0.67,-4.44,9.87,3.29,0.68,0.6,0.83,0.38,0.0,0.16,0.62,0.0,0.58,0.37,6.67,2.22,0.13,8.89,0.29
4,臺北台新戰神,14|10864|13907|14845,錢肯尼/劉彥廷/梅克/恩多,1,10,12.0,167.34,2.79,02:47,167.34,2.79,02:47,9.0,9.0,75.0,116.17,6.0,6.0,50.0,77.45,5.0,5.0,41.67,64.54,3.0,3.0,25.0,38.72,4.0,4.0,33.33,51.63,2.0,2.0,16.67,25.82,1.0,1.0,8.33,12.91,1.0,1.0,8.33,12.91,2.0,2.0,16.67,25.82,2.0,2.0,16.67,25.82,1.0,1.0,8.33,12.91,1.0,1.0,8.33,12.91,1.0,1.0,8.33,12.91,2.0,2.0,16.67,25.82,0.0,0.0,0.0,0.0,0.0,0.0,0.0,0.0,0.0,0.0,0.0,0.0,0.0,0.0,0.0,0.0,1.0,1.0,8.33,12.91,2.0,2.0,16.67,25.82,75.0,50.0,25.0,103.26,3.0,3.0,25.0,2.79,2.79,0.7,0.77,0.5,1.0,1.0,0.0,0.0,0.33,0.5,0.4,0.0,0.0,0.08,16.67,0.4
4,臺北台新戰神,1|10864|10867|14845,丁聖儒/劉彥廷/威力斯/恩多,1,4,6.0,79.0,1.32,01:19,79.0,1.32,01:19,3.0,3.0,50.0,82.03,2.0,2.0,33.33,54.68,3.0,3.0,50.0,82.03,1.0,1.0,16.67,27.34,2.0,2.0,33.33,54.68,1.0,1.0,16.67,27.34,1.0,1.0,16.67,27.34,0.0,0.0,0.0,0.0,1.0,1.0,16.67,27.34,1.0,1.0,16.67,27.34,1.0,1.0,16.67,27.34,1.0,1.0,16.67,27.34,0.0,0.0,0.0,0.0,1.0,1.0,16.67,27.34,0.0,0.0,0.0,0.0,1.0,1.0,16.67,27.34,0.0,0.0,0.0,0.0,0.0,0.0,0.0,0.0,1.0,1.0,16.67,27.34,0.0,0.0,0.0,0.0,50.0,33.33,16.67,109.37,1.0,1.0,16.67,1.32,1.32,0.33,0.44,0.5,0.0,1.0,0.0,1.0,0.5,1.0,0.67,0.0,0.0,0.17,0.0,0.33
4,臺北台新戰神,14|10864|10867|14845,錢肯尼/劉彥廷/威力斯/恩多,1,4,6.0,79.0,1.32,01:19,79.0,1.32,01:19,3.0,3.0,50.0,82.03,2.0,2.0,33.33,54.68,3.0,3.0,50.0,82.03,1.0,1.0,16.67,27.34,2.0,2.0,33.33,54.68,1.0,1.0,16.67,27.34,1.0,1.0,16.67,27.34,0.0,0.0,0.0,0.0,1.0,1.0,16.67,27.34,1.0,1.0,16.67,27.34,1.0,1.0,16.67,27.34,1.0,1.0,16.67,27.34,0.0,0.0,0.0,0.0,1.0,1.0,16.67,27.34,0.0,0.0,0.0,0.0,1.0,1.0,16.67,27.34,0.0,0.0,0.0,0.0,0.0,0.0,0.0,0.0,1.0,1.0,16.67,27.34,0.0,0.0,0.0,0.0,50.0,33.33,16.67,109.37,1.0,1.0,16.67,1.32,1.32,0.33,0.44,0.5,0.0,1.0,0.0,1.0,0.5,1.0,0.67,0.0,0.0,0.17,0.0,0.33
4,臺北台新戰神,10|13|14|13907,雷蒙恩/陳冠全/錢肯尼/梅克,2,20,23.0,267.54,4.46,04:28,133.77,2.23,02:14,8.0,4.0,34.78,64.59,10.0,5.0,43.48,80.73,7.0,3.5,30.43,56.51,3.0,1.5,13.04,24.22,2.0,1.0,8.7,16.15,1.0,0.5,4.35,8.07,5.0,2.5,21.74,40.37,2.0,1.0,8.7,16.15,0.0,0.0,0.0,0.0,0.0,0.0,0.0,0.0,0.0,0.0,0.0,0.0,4.0,2.0,17.39,32.29,3.0,1.5,13.04,24.22,5.0,2.5,21.74,40.37,1.0,0.5,4.35,8.07,2.0,1.0,8.7,16.15,1.0,0.5,4.35,8.07,1.0,0.5,4.35,8.07,2.0,1.0,8.7,16.15,4.0,2.0,17.39,32.29,34.78,43.48,-8.7,123.79,-2.0,-1.0,-8.7,4.46,2.23,0.57,0.57,0.5,0.4,,0.12,0.67,0.0,0.57,0.33,4.35,4.35,0.09,17.39,0.0
4,臺北台新戰神,10|13|13907|14845,雷蒙恩/陳冠全/梅克/恩多,1,12,14.0,191.2,3.19,03:11,191.2,3.19,03:11,5.0,5.0,35.71,56.49,6.0,6.0,42.86,67.78,5.0,5.0,35.71,56.49,2.0,2.0,14.29,22.59,1.0,1.0,7.14,11.3,1.0,1.0,7.14,11.3,4.0,4.0,28.57,45.19,1.0,1.0,7.14,11.3,0.0,0.0,0.0,0.0,0.0,0.0,0.0,0.0,0.0,0.0,0.0,0.0,3.0,3.0,21.43,33.89,2.0,2.0,14.29,22.59,4.0,4.0,28.57,45.19,0.0,0.0,0.0,0.0,1.0,1.0,7.14,11.3,0.0,0.0,0.0,0.0,1.0,1.0,7.14,11.3,2.0,2.0,14.29,22.59,4.0,4.0,28.57,45.19,35.71,42.86,-7.14,105.44,-1.0,-1.0,-7.14,3.19,3.19,0.5,0.5,1.0,0.25,,0.0,0.5,0.0,0.6,0.33,0.0,7.14,0.14,28.57,0.0
4,臺北台新戰神,13|14|13907|14845,陳冠全/錢肯尼/梅克/恩多,1,12,14.0,191.2,3.19,03:11,191.2,3.19,03:11,5.0,5.0,35.71,56.49,6.0,6.0,42.86,67.78,5.0,5.0,35.71,56.49,2.0,2.0,14.29,22.59,1.0,1.0,7.14,11.3,1.0,1.0,7.14,11.3,4.0,4.0,28.57,45.19,1.0,1.0,7.14,11.3,0.0,0.0,0.0,0.0,0.0,0.0,0.0,0.0,0.0,0.0,0.0,0.0,3.0,3.0,21.43,33.89,2.0,2.0,14.29,22.59,4.0,4.0,28.57,45.19,0.0,0.0,0.0,0.0,1.0,1.0,7.14,11.3,0.0,0.0,0.0,0.0,1.0,1.0,7.14,11.3,2.0,2.0,14.29,22.59,4.0,4.0,28.57,45.19,35.71,42.86,-7.14,105.44,-1.0,-1.0,-7.14,3.19,3.19,0.5,0.5,1.0,0.25,,0.0,0.5,0.0,0.6,0.33,0.0,7.14,0.14,28.57,0.0
4,臺北台新戰神,1|5|13|14845,丁聖儒/黃聰翰/陳冠全/恩多,2,33,42.0,574.05,9.57,09:34,287.03,4.78,04:47,24.0,12.0,57.14,90.31,20.0,10.0,47.62,75.25,19.0,9.5,45.24,71.49,8.0,4.0,19.05,30.1,11.0,5.5,26.19,41.39,6.0,3.0,14.29,22.58,8.0,4.0,19.05,30.1,2.0,1.0,4.76,7.53,4.0,2.0,9.52,15.05,4.0,2.0,9.52,15.05,6.0,3.0,14.29,22.58,5.0,2.5,11.9,18.81,1.0,0.5,2.38,3.76,6.0,3.0,14.29,22.58,2.0,1.0,4.76,7.53,5.0,2.5,11.9,18.81,0.0,0.0,0.0,0.0,2.0,1.0,4.76,7.53,4.0,2.0,9.52,15.05,0.0,0.0,0.0,0.0,57.14,47.62,9.52,105.36,4.0,2.0,9.52,9.57,4.78,0.47,0.58,0.55,0.25,1.0,0.09,0.62,0.5,0.83,0.61,0.0,4.76,0.1,0.0,0.21
4,臺北台新戰神,1|13|13907|14845,丁聖儒/陳冠全/梅克/恩多,1,13,20.0,240.1,4.0,04:00,240.1,4.0,04:00,15.0,15.0,75.0,134.95,13.0,13.0,65.0,116.95,9.0,9.0,45.0,80.97,4.0,4.0,20.0,35.99,6.0,6.0,30.0,53.98,3.0,3.0,15.0,26.99,3.0,3.0,15.0,26.99,1.0,1.0,5.0,9.0,4.0,4.0,20.0,35.99,4.0,4.0,20.0,35.99,4.0,4.0,20.0,35.99,1.0,1.0,5.0,9.0,1.0,1.0,5.0,9.0,0.0,0.0,0.0,0.0,0.0,0.0,0.0,0.0,3.0,3.0,15.0,26.99,0.0,0.0,0.0,0.0,1.0,1.0,5.0,9.0,3.0,3.0,15.0,26.99,0.0,0.0,0.0,0.0,75.0,65.0,10.0,119.95,2.0,2.0,10.0,4.0,4.0,0.5,0.7,0.5,0.33,1.0,0.0,0.75,1.0,0.5,0.83,0.0,5.0,0.15,0.0,0.44
4,臺北台新戰神,5|13|13907|14845,黃聰翰/陳冠全/梅克/恩多,1,13,20.0,240.1,4.0,04:00,240.1,4.0,04:00,15.0,15.0,75.0,134.95,13.0,13.0,65.0,116.95,9.0,9.0,45.0,80.97,4.0,4.0,20.0,35.99,6.0,6.0,30.0,53.98,3.0,3.0,15.0,26.99,3.0,3.0,15.0,26.99,1.0,1.0,5.0,9.0,4.0,4.0,20.0,35.99,4.0,4.0,20.0,35.99,4.0,4.0,20.0,35.99,1.0,1.0,5.0,9.0,1.0,1.0,5.0,9.0,0.0,0.0,0.0,0.0,0.0,0.0,0.0,0.0,3.0,3.0,15.0,26.99,0.0,0.0,0.0,0.0,1.0,1.0,5.0,9.0,3.0,3.0,15.0,26.99,0.0,0.0,0.0,0.0,75.0,65.0,10.0,119.95,2.0,2.0,10.0,4.0,4.0,0.5,0.7,0.5,0.33,1.0,0.0,0.75,1.0,0.5,0.83,0.0,5.0,0.15,0.0,0.44
4,臺北台新戰神,1|14|10864|13907,丁聖儒/錢肯尼/劉彥廷/梅克,2,29,34.0,438.34,7.31,07:18,219.17,3.65,03:39,23.0,11.5,67.65,113.34,15.0,7.5,44.12,73.92,13.0,6.5,38.24,64.06,7.0,3.5,20.59,34.49,8.0,4.0,23.53,39.42,3.0,1.5,8.82,14.78,5.0,2.5,14.71,24.64,4.0,2.0,11.76,19.71,6.0,3.0,17.65,29.57,5.0,2.5,14.71,24.64,3.0,1.5,8.82,14.78,3.0,1.5,8.82,14.78,2.0,1.0,5.88,9.86,6.0,3.0,17.65,29.57,2.0,1.0,5.88,9.86,5.0,2.5,14.71,24.64,1.0,0.5,2.94,4.93,2.0,1.0,5.88,9.86,5.0,2.5,14.71,24.64,2.0,1.0,5.88,9.86,67.65,44.12,23.53,111.69,8.0,4.0,23.53,7.31,3.65,0.69,0.74,0.38,0.8,0.83,0.11,0.71,0.33,0.6,0.43,2.94,5.88,0.15,5.88,0.46
4,臺北台新戰神,1|13|14|13907,丁聖儒/陳冠全/錢肯尼/梅克,3,13,17.0,204.95,3.42,03:25,68.32,1.14,01:08,4.0,1.33,23.53,42.16,11.0,3.67,64.71,115.93,6.0,2.0,35.29,63.23,2.0,0.67,11.76,21.08,3.0,1.0,17.65,31.62,2.0,0.67,11.76,21.08,3.0,1.0,17.65,31.62,0.0,0.0,0.0,0.0,0.0,0.0,0.0,0.0,0.0,0.0,0.0,0.0,2.0,0.67,11.76,21.08,2.0,0.67,11.76,21.08,1.0,0.33,5.88,10.54,1.0,0.33,5.88,10.54,3.0,1.0,17.65,31.62,1.0,0.33,5.88,10.54,1.0,0.33,5.88,10.54,2.0,0.67,11.76,21.08,1.0,0.33,5.88,10.54,2.0,0.67,11.76,21.08,23.53,64.71,-41.18,119.44,-7.0,-2.33,-41.18,3.42,1.14,0.33,0.33,0.67,0.0,,0.33,0.5,0.67,0.67,0.67,5.88,11.76,0.06,11.76,0.0
4,臺北台新戰神,5|13|14|13907,黃聰翰/陳冠全/錢肯尼/梅克,2,2,2.0,4.66,0.08,00:05,2.33,0.04,00:02,0.0,0.0,0.0,0.0,2.0,1.0,100.0,927.24,0.0,0.0,0.0,0.0,0.0,0.0,0.0,0.0,0.0,0.0,0.0,0.0,0.0,0.0,0.0,0.0,0.0,0.0,0.0,0.0,0.0,0.0,0.0,0.0,0.0,0.0,0.0,0.0,0.0,0.0,0.0,0.0,0.0,0.0,0.0,0.0,0.0,0.0,0.0,0.0,0.0,0.0,0.0,0.0,0.0,0.0,0.0,0.0,0.0,0.0,0.0,0.0,0.0,0.0,0.0,0.0,0.0,0.0,0.0,0.0,0.0,0.0,0.0,0.0,0.0,0.0,0.0,0.0,2.0,1.0,100.0,927.24,0.0,100.0,-100.0,618.16,-2.0,-1.0,-100.0,0.08,0.04,,,,,,,,,,,0.0,0.0,0.0,100.0,
4,臺北台新戰神,1|4|13|14,丁聖儒/張兆辰/陳冠全/錢肯尼,1,4,4.0,52.94,0.88,00:53,52.94,0.88,00:53,4.0,4.0,100.0,163.19,3.0,3.0,75.0,122.39,2.0,2.0,50.0,81.59,2.0,2.0,50.0,81.59,2.0,2.0,50.0,81.59,2.0,2.0,50.0,81.59,0.0,0.0,0.0,0.0,0.0,0.0,0.0,0.0,1.0,1.0,25.0,40.8,0.0,0.0,0.0,0.0,0.0,0.0,0.0,0.0,0.0,0.0,0.0,0.0,0.0,0.0,0.0,0.0,0.0,0.0,0.0,0.0,0.0,0.0,0.0,0.0,1.0,1.0,25.0,40.8,0.0,0.0,0.0,0.0,0.0,0.0,0.0,0.0,1.0,1.0,25.0,40.8,0.0,0.0,0.0,0.0,100.0,75.0,25.0,108.79,1.0,1.0,25.0,0.88,0.88,1.0,0.82,1.0,,0.0,0.0,0.5,,,,0.0,0.0,0.25,0.0,0.5
4,臺北台新戰神,4|5|13|14,張兆辰/黃聰翰/陳冠全/錢肯尼,1,4,4.0,52.94,0.88,00:53,52.94,0.88,00:53,4.0,4.0,100.0,163.19,3.0,3.0,75.0,122.39,2.0,2.0,50.0,81.59,2.0,2.0,50.0,81.59,2.0,2.0,50.0,81.59,2.0,2.0,50.0,81.59,0.0,0.0,0.0,0.0,0.0,0.0,0.0,0.0,1.0,1.0,25.0,40.8,0.0,0.0,0.0,0.0,0.0,0.0,0.0,0.0,0.0,0.0,0.0,0.0,0.0,0.0,0.0,0.0,0.0,0.0,0.0,0.0,0.0,0.0,0.0,0.0,1.0,1.0,25.0,40.8,0.0,0.0,0.0,0.0,0.0,0.0,0.0,0.0,1.0,1.0,25.0,40.8,0.0,0.0,0.0,0.0,100.0,75.0,25.0,108.79,1.0,1.0,25.0,0.88,0.88,1.0,0.82,1.0,,0.0,0.0,0.5,,,,0.0,0.0,0.25,0.0,0.5
4,新北國王,21|23|32|13029,李愷諺/王柏智/奧帝/杰倫,1,1,1.0,21.0,0.35,00:21,21.0,0.35,00:21,0.0,0.0,0.0,0.0,2.0,2.0,200.0,205.71,0.0,0.0,0.0,0.0,0.0,0.0,0.0,0.0,0.0,0.0,0.0,0.0,0.0,0.0,0.0,0.0,0.0,0.0,0.0,0.0,0.0,0.0,0.0,0.0,0.0,0.0,0.0,0.0,0.0,0.0,0.0,0.0,0.0,0.0,0.0,0.0,0.0,0.0,0.0,0.0,0.0,0.0,0.0,0.0,0.0,0.0,0.0,0.0,0.0,0.0,0.0,0.0,0.0,0.0,0.0,0.0,0.0,0.0,0.0,0.0,0.0,0.0,0.0,0.0,0.0,0.0,0.0,0.0,0.0,0.0,0.0,0.0,0.0,200.0,-200.0,68.57,-2.0,-2.0,-200.0,0.35,0.35,,,,,,,,,,,0.0,0.0,0.0,0.0,
4,新北國王,21|23|10872|13029,李愷諺/王柏智/林彥廷/杰倫,1,1,1.0,21.0,0.35,00:21,21.0,0.35,00:21,0.0,0.0,0.0,0.0,2.0,2.0,200.0,205.71,0.0,0.0,0.0,0.0,0.0,0.0,0.0,0.0,0.0,0.0,0.0,0.0,0.0,0.0,0.0,0.0,0.0,0.0,0.0,0.0,0.0,0.0,0.0,0.0,0.0,0.0,0.0,0.0,0.0,0.0,0.0,0.0,0.0,0.0,0.0,0.0,0.0,0.0,0.0,0.0,0.0,0.0,0.0,0.0,0.0,0.0,0.0,0.0,0.0,0.0,0.0,0.0,0.0,0.0,0.0,0.0,0.0,0.0,0.0,0.0,0.0,0.0,0.0,0.0,0.0,0.0,0.0,0.0,0.0,0.0,0.0,0.0,0.0,200.0,-200.0,68.57,-2.0,-2.0,-200.0,0.35,0.35,,,,,,,,,,,0.0,0.0,0.0,0.0,
4,新北國王,23|32|10873|13029,王柏智/奧帝/喬納森/杰倫,2,6,7.0,72.5,1.21,01:13,36.25,0.6,00:36,4.0,2.0,57.14,119.17,2.0,1.0,28.57,59.58,1.0,0.5,14.29,29.79,1.0,0.5,14.29,29.79,0.0,0.0,0.0,0.0,0.0,0.0,0.0,0.0,1.0,0.5,14.29,29.79,1.0,0.5,14.29,29.79,2.0,1.0,28.57,59.58,1.0,0.5,14.29,29.79,0.0,0.0,0.0,0.0,1.0,0.5,14.29,29.79,1.0,0.5,14.29,29.79,1.0,0.5,14.29,29.79,0.0,0.0,0.0,0.0,1.0,0.5,14.29,29.79,0.0,0.0,0.0,0.0,0.0,0.0,0.0,0.0,1.0,0.5,14.29,29.79,3.0,1.5,42.86,89.38,57.14,28.57,28.57,139.03,2.0,1.0,28.57,1.21,0.6,1.5,1.06,,1.0,0.5,0.0,1.0,0.0,0.5,0.33,0.0,0.0,0.14,42.86,2.0
4,新北國王,23|10872|10873|13029,王柏智/林彥廷/喬納森/杰倫,1,3,3.0,31.94,0.53,00:32,31.94,0.53,00:32,3.0,3.0,100.0,202.85,2.0,2.0,66.67,135.23,1.0,1.0,33.33,67.62,1.0,1.0,33.33,67.62,0.0,0.0,0.0,0.0,0.0,0.0,0.0,0.0,1.0,1.0,33.33,67.62,1.0,1.0,33.33,67.62,0.0,0.0,0.0,0.0,0.0,0.0,0.0,0.0,0.0,0.0,0.0,0.0,0.0,0.0,0.0,0.0,0.0,0.0,0.0,0.0,0.0,0.0,0.0,0.0,0.0,0.0,0.0,0.0,1.0,1.0,33.33,67.62,0.0,0.0,0.0,0.0,0.0,0.0,0.0,0.0,0.0,0.0,0.0,0.0,1.0,1.0,33.33,67.62,100.0,66.67,33.33,135.23,1.0,1.0,33.33,0.53,0.53,1.5,1.5,,1.0,,0.0,1.0,,,,0.0,0.0,0.0,33.33,0.0
4,新北國王,32|10872|10873|13029,奧帝/林彥廷/喬納森/杰倫,1,3,3.0,31.94,0.53,00:32,31.94,0.53,00:32,3.0,3.0,100.0,202.85,2.0,2.0,66.67,135.23,1.0,1.0,33.33,67.62,1.0,1.0,33.33,67.62,0.0,0.0,0.0,0.0,0.0,0.0,0.0,0.0,1.0,1.0,33.33,67.62,1.0,1.0,33.33,67.62,0.0,0.0,0.0,0.0,0.0,0.0,0.0,0.0,0.0,0.0,0.0,0.0,0.0,0.0,0.0,0.0,0.0,0.0,0.0,0.0,0.0,0.0,0.0,0.0,0.0,0.0,0.0,0.0,1.0,1.0,33.33,67.62,0.0,0.0,0.0,0.0,0.0,0.0,0.0,0.0,0.0,0.0,0.0,0.0,1.0,1.0,33.33,67.62,100.0,66.67,33.33,135.23,1.0,1.0,33.33,0.53,0.53,1.5,1.5,,1.0,,0.0,1.0,,,,0.0,0.0,0.0,33.33,0.0
4,新北國王,19|23|32|10874,蘇培凱/王柏智/奧帝/熊祥泰,1,2,4.0,45.0,0.75,00:45,45.0,0.75,00:45,0.0,0.0,0.0,0.0,0.0,0.0,0.0,0.0,1.0,1.0,25.0,48.0,0.0,0.0,0.0,0.0,0.0,0.0,0.0,0.0,0.0,0.0,0.0,0.0,1.0,1.0,25.0,48.0,0.0,0.0,0.0,0.0,0.0,0.0,0.0,0.0,0.0,0.0,0.0,0.0,0.0,0.0,0.0,0.0,1.0,1.0,25.0,48.0,2.0,2.0,50.0,96.0,0.0,0.0,0.0,0.0,0.0,0.0,0.0,0.0,0.0,0.0,0.0,0.0,0.0,0.0,0.0,0.0,0.0,0.0,0.0,0.0,0.0,0.0,0.0,0.0,0.0,0.0,0.0,0.0,0.0,0.0,0.0,128.0,0.0,0.0,0.0,0.75,0.75,0.0,0.0,,0.0,,0.0,,,0.33,0.33,0.0,0.0,0.0,0.0,0.0
4,新北國王,19|32|10873|10874,蘇培凱/奧帝/喬納森/熊祥泰,1,2,4.0,45.0,0.75,00:45,45.0,0.75,00:45,0.0,0.0,0.0,0.0,0.0,0.0,0.0,0.0,1.0,1.0,25.0,48.0,0.0,0.0,0.0,0.0,0.0,0.0,0.0,0.0,0.0,0.0,0.0,0.0,1.0,1.0,25.0,48.0,0.0,0.0,0.0,0.0,0.0,0.0,0.0,0.0,0.0,0.0,0.0,0.0,0.0,0.0,0.0,0.0,1.0,1.0,25.0,48.0,2.0,2.0,50.0,96.0,0.0,0.0,0.0,0.0,0.0,0.0,0.0,0.0,0.0,0.0,0.0,0.0,0.0,0.0,0.0,0.0,0.0,0.0,0.0,0.0,0.0,0.0,0.0,0.0,0.0,0.0,0.0,0.0,0.0,0.0,0.0,128.0,0.0,0.0,0.0,0.75,0.75,0.0,0.0,,0.0,,0.0,,,0.33,0.33,0.0,0.0,0.0,0.0,0.0
4,新北國王,19|22|23|10874,蘇培凱/簡祐哲/王柏智/熊祥泰,1,2,2.0,37.0,0.62,00:37,37.0,0.62,00:37,0.0,0.0,0.0,0.0,2.0,2.0,100.0,116.76,1.0,1.0,50.0,58.38,0.0,0.0,0.0,0.0,0.0,0.0,0.0,0.0,0.0,0.0,0.0,0.0,1.0,1.0,50.0,58.38,0.0,0.0,0.0,0.0,0.0,0.0,0.0,0.0,0.0,0.0,0.0,0.0,0.0,0.0,0.0,0.0,1.0,1.0,50.0,58.38,0.0,0.0,0.0,0.0,1.0,1.0,50.0,58.38,0.0,0.0,0.0,0.0,0.0,0.0,0.0,0.0,0.0,0.0,0.0,0.0,0.0,0.0,0.0,0.0,0.0,0.0,0.0,0.0,0.0,0.0,0.0,0.0,0.0,100.0,-100.0,77.84,-2.0,-2.0,-100.0,0.62,0.62,0.0,0.0,,0.0,,0.0,,0.0,1.0,0.5,0.0,0.0,0.0,0.0,0.0
4,新北國王,19|22|10873|10874,蘇培凱/簡祐哲/喬納森/熊祥泰,1,2,2.0,37.0,0.62,00:37,37.0,0.62,00:37,0.0,0.0,0.0,0.0,2.0,2.0,100.0,116.76,1.0,1.0,50.0,58.38,0.0,0.0,0.0,0.0,0.0,0.0,0.0,0.0,0.0,0.0,0.0,0.0,1.0,1.0,50.0,58.38,0.0,0.0,0.0,0.0,0.0,0.0,0.0,0.0,0.0,0.0,0.0,0.0,0.0,0.0,0.0,0.0,1.0,1.0,50.0,58.38,0.0,0.0,0.0,0.0,1.0,1.0,50.0,58.38,0.0,0.0,0.0,0.0,0.0,0.0,0.0,0.0,0.0,0.0,0.0,0.0,0.0,0.0,0.0,0.0,0.0,0.0,0.0,0.0,0.0,0.0,0.0,0.0,0.0,100.0,-100.0,77.84,-2.0,-2.0,-100.0,0.62,0.62,0.0,0.0,,0.0,,0.0,,0.0,1.0,0.5,0.0,0.0,0.0,0.0,0.0
4,新北國王,22|23|10873|10874,簡祐哲/王柏智/喬納森/熊祥泰,1,2,2.0,37.0,0.62,00:37,37.0,0.62,00:37,0.0,0.0,0.0,0.0,2.0,2.0,100.0,116.76,1.0,1.0,50.0,58.38,0.0,0.0,0.0,0.0,0.0,0.0,0.0,0.0,0.0,0.0,0.0,0.0,1.0,1.0,50.0,58.38,0.0,0.0,0.0,0.0,0.0,0.0,0.0,0.0,0.0,0.0,0.0,0.0,0.0,0.0,0.0,0.0,1.0,1.0,50.0,58.38,0.0,0.0,0.0,0.0,1.0,1.0,50.0,58.38,0.0,0.0,0.0,0.0,0.0,0.0,0.0,0.0,0.0,0.0,0.0,0.0,0.0,0.0,0.0,0.0,0.0,0.0,0.0,0.0,0.0,0.0,0.0,0.0,0.0,100.0,-100.0,77.84,-2.0,-2.0,-100.0,0.62,0.62,0.0,0.0,,0.0,,0.0,,0.0,1.0,0.5,0.0,0.0,0.0,0.0,0.0
4,臺北台新戰神,14|10863|10867|13907,錢肯尼/魏芃禾/威力斯/梅克,1,3,3.0,40.89,0.68,00:41,40.89,0.68,00:41,0.0,0.0,0.0,0.0,3.0,3.0,100.0,158.46,1.0,1.0,33.33,52.82,0.0,0.0,0.0,0.0,1.0,1.0,33.33,52.82,0.0,0.0,0.0,0.0,0.0,0.0,0.0,0.0,0.0,0.0,0.0,0.0,0.0,0.0,0.0,0.0,0.0,0.0,0.0,0.0,0.0,0.0,0.0,0.0,1.0,1.0,33.33,52.82,0.0,0.0,0.0,0.0,0.0,0.0,0.0,0.0,0.0,0.0,0.0,0.0,0.0,0.0,0.0,0.0,0.0,0.0,0.0,0.0,0.0,0.0,0.0,0.0,0.0,0.0,0.0,0.0,1.0,1.0,33.33,52.82,0.0,100.0,-100.0,105.64,-3.0,-3.0,-100.0,0.68,0.68,0.0,0.0,0.0,,,0.0,,,1.0,1.0,0.0,0.0,0.0,33.33,0.0
4,臺北台新戰神,3|5|10863|13907,陳文宏/黃聰翰/魏芃禾/梅克,1,1,1.0,18.68,0.31,00:19,18.68,0.31,00:19,0.0,0.0,0.0,0.0,1.0,1.0,100.0,115.62,0.0,0.0,0.0,0.0,0.0,0.0,0.0,0.0,0.0,0.0,0.0,0.0,0.0,0.0,0.0,0.0,0.0,0.0,0.0,0.0,0.0,0.0,0.0,0.0,0.0,0.0,0.0,0.0,0.0,0.0,0.0,0.0,0.0,0.0,0.0,0.0,0.0,0.0,0.0,0.0,0.0,0.0,0.0,0.0,0.0,0.0,0.0,0.0,0.0,0.0,0.0,0.0,0.0,0.0,0.0,0.0,0.0,0.0,0.0,0.0,0.0,0.0,0.0,0.0,1.0,1.0,100.0,115.62,1.0,1.0,100.0,115.62,0.0,100.0,-100.0,77.08,-1.0,-1.0,-100.0,0.31,0.31,,,,,,,,,,,0.0,0.0,1.0,100.0,
4,臺北台新戰神,3|5|10867|13907,陳文宏/黃聰翰/威力斯/梅克,1,31,33.0,436.27,7.27,07:16,436.27,7.27,07:16,9.0,9.0,27.27,44.56,8.0,8.0,24.24,39.61,7.0,7.0,21.21,34.66,3.0,3.0,9.09,14.85,4.0,4.0,12.12,19.8,3.0,3.0,9.09,14.85,3.0,3.0,9.09,14.85,0.0,0.0,0.0,0.0,4.0,4.0,12.12,19.8,3.0,3.0,9.09,14.85,0.0,0.0,0.0,0.0,4.0,4.0,12.12,19.8,2.0,2.0,6.06,9.9,8.0,8.0,24.24,39.61,5.0,5.0,15.15,24.76,3.0,3.0,9.09,14.85,2.0,2.0,6.06,9.9,0.0,0.0,0.0,0.0,5.0,5.0,15.15,24.76,8.0,8.0,24.24,39.61,27.27,24.24,3.03,108.92,1.0,1.0,3.03,7.27,7.27,0.43,0.51,0.75,0.0,0.75,0.36,1.0,0.0,0.67,0.29,6.06,0.0,0.15,24.24,0.57
4,臺北台新戰神,3|10863|10867|13907,陳文宏/魏芃禾/威力斯/梅克,1,13,16.0,229.59,3.83,03:50,229.59,3.83,03:50,9.0,9.0,56.25,84.67,9.0,9.0,56.25,84.67,6.0,6.0,37.5,56.45,3.0,3.0,18.75,28.22,4.0,4.0,25.0,37.63,2.0,2.0,12.5,18.82,2.0,2.0,12.5,18.82,1.0,1.0,6.25,9.41,2.0,2.0,12.5,18.82,2.0,2.0,12.5,18.82,2.0,2.0,12.5,18.82,1.0,1.0,6.25,9.41,1.0,1.0,6.25,9.41,2.0,2.0,12.5,18.82,1.0,1.0,6.25,9.41,2.0,2.0,12.5,18.82,1.0,1.0,6.25,9.41,0.0,0.0,0.0,0.0,2.0,2.0,12.5,18.82,3.0,3.0,18.75,28.22,56.25,56.25,0.0,100.35,0.0,0.0,0.0,3.83,3.83,0.58,0.65,0.5,0.5,1.0,0.13,0.67,0.5,0.5,0.5,6.25,0.0,0.12,18.75,0.33
4,臺北台新戰神,3|10863|10864|10867,陳文宏/魏芃禾/劉彥廷/威力斯,1,12,15.0,210.91,3.52,03:31,210.91,3.52,03:31,9.0,9.0,60.0,92.17,8.0,8.0,53.33,81.93,6.0,6.0,40.0,61.45,3.0,3.0,20.0,30.72,4.0,4.0,26.67,40.97,2.0,2.0,13.33,20.48,2.0,2.0,13.33,20.48,1.0,1.0,6.67,10.24,2.0,2.0,13.33,20.48,2.0,2.0,13.33,20.48,2.0,2.0,13.33,20.48,1.0,1.0,6.67,10.24,1.0,1.0,6.67,10.24,2.0,2.0,13.33,20.48,1.0,1.0,6.67,10.24,2.0,2.0,13.33,20.48,1.0,1.0,6.67,10.24,0.0,0.0,0.0,0.0,1.0,1.0,6.67,10.24,2.0,2.0,13.33,20.48,60.0,53.33,6.67,102.41,1.0,1.0,6.67,3.52,3.52,0.58,0.65,0.5,0.5,1.0,0.13,0.67,0.5,0.5,0.5,6.67,0.0,0.07,13.33,0.33
4,臺北台新戰神,3|10863|10864|13907,陳文宏/魏芃禾/劉彥廷/梅克,1,12,15.0,210.91,3.52,03:31,210.91,3.52,03:31,9.0,9.0,60.0,92.17,8.0,8.0,53.33,81.93,6.0,6.0,40.0,61.45,3.0,3.0,20.0,30.72,4.0,4.0,26.67,40.97,2.0,2.0,13.33,20.48,2.0,2.0,13.33,20.48,1.0,1.0,6.67,10.24,2.0,2.0,13.33,20.48,2.0,2.0,13.33,20.48,2.0,2.0,13.33,20.48,1.0,1.0,6.67,10.24,1.0,1.0,6.67,10.24,2.0,2.0,13.33,20.48,1.0,1.0,6.67,10.24,2.0,2.0,13.33,20.48,1.0,1.0,6.67,10.24,0.0,0.0,0.0,0.0,1.0,1.0,6.67,10.24,2.0,2.0,13.33,20.48,60.0,53.33,6.67,102.41,1.0,1.0,6.67,3.52,3.52,0.58,0.65,0.5,0.5,1.0,0.13,0.67,0.5,0.5,0.5,6.67,0.0,0.07,13.33,0.33
4,臺北台新戰神,3|10864|10867|13907,陳文宏/劉彥廷/威力斯/梅克,1,14,17.0,232.99,3.88,03:53,232.99,3.88,03:53,10.0,10.0,58.82,92.71,8.0,8.0,47.06,74.16,6.0,6.0,35.29,55.62,3.0,3.0,17.65,27.81,4.0,4.0,23.53,37.08,2.0,2.0,11.76,18.54,2.0,2.0,11.76,18.54,1.0,1.0,5.88,9.27,4.0,4.0,23.53,37.08,3.0,3.0,17.65,27.81,2.0,2.0,11.76,18.54,2.0,2.0,11.76,18.54,1.0,1.0,5.88,9.27,3.0,3.0,17.65,27.81,1.0,1.0,5.88,9.27,2.0,2.0,11.76,18.54,1.0,1.0,5.88,9.27,0.0,0.0,0.0,0.0,1.0,1.0,5.88,9.27,2.0,2.0,11.76,18.54,58.82,47.06,11.76,105.07,2.0,2.0,11.76,3.88,3.88,0.58,0.64,0.5,0.5,0.75,0.11,0.67,0.4,0.67,0.5,5.88,0.0,0.06,11.76,0.67
4,臺北台新戰神,10863|10864|10867|13907,魏芃禾/劉彥廷/威力斯/梅克,1,12,15.0,210.91,3.52,03:31,210.91,3.52,03:31,9.0,9.0,60.0,92.17,8.0,8.0,53.33,81.93,6.0,6.0,40.0,61.45,3.0,3.0,20.0,30.72,4.0,4.0,26.67,40.97,2.0,2.0,13.33,20.48,2.0,2.0,13.33,20.48,1.0,1.0,6.67,10.24,2.0,2.0,13.33,20.48,2.0,2.0,13.33,20.48,2.0,2.0,13.33,20.48,1.0,1.0,6.67,10.24,1.0,1.0,6.67,10.24,2.0,2.0,13.33,20.48,1.0,1.0,6.67,10.24,2.0,2.0,13.33,20.48,1.0,1.0,6.67,10.24,0.0,0.0,0.0,0.0,1.0,1.0,6.67,10.24,2.0,2.0,13.33,20.48,60.0,53.33,6.67,102.41,1.0,1.0,6.67,3.52,3.52,0.58,0.65,0.5,0.5,1.0,0.13,0.67,0.5,0.5,0.5,6.67,0.0,0.07,13.33,0.33
4,新北中信特攻,44|104|10879|10881,黃泓瀚/貝奇/簡廷兆/飛克,2,12,15.0,167.25,2.79,02:47,83.63,1.39,01:24,7.0,3.5,46.67,90.4,10.0,5.0,66.67,129.15,6.0,3.0,40.0,77.49,3.0,1.5,20.0,38.74,5.0,2.5,33.33,64.57,3.0,1.5,20.0,38.74,1.0,0.5,6.67,12.91,0.0,0.0,0.0,0.0,1.0,0.5,6.67,12.91,1.0,0.5,6.67,12.91,0.0,0.0,0.0,0.0,3.0,1.5,20.0,38.74,1.0,0.5,6.67,12.91,2.0,1.0,13.33,25.83,0.0,0.0,0.0,0.0,1.0,0.5,6.67,12.91,0.0,0.0,0.0,0.0,0.0,0.0,0.0,0.0,1.0,0.5,6.67,12.91,2.0,1.0,13.33,25.83,46.67,66.67,-20.0,129.15,-3.0,-1.5,-20.0,2.79,1.39,0.5,0.54,0.6,0.0,1.0,0.0,0.33,0.0,0.75,0.5,0.0,0.0,0.07,13.33,0.17
4,臺北台新戰神,5|14|10863|14845,黃聰翰/錢肯尼/魏芃禾/恩多,2,14,17.0,203.5,3.39,03:24,101.75,1.7,01:42,7.0,3.5,41.18,74.3,5.0,2.5,29.41,53.07,6.0,3.0,35.29,63.68,3.0,1.5,17.65,31.84,3.0,1.5,17.65,31.84,2.0,1.0,11.76,21.23,3.0,1.5,17.65,31.84,1.0,0.5,5.88,10.61,2.0,1.0,11.76,21.23,0.0,0.0,0.0,0.0,0.0,0.0,0.0,0.0,3.0,1.5,17.65,31.84,3.0,1.5,17.65,31.84,4.0,2.0,23.53,42.46,0.0,0.0,0.0,0.0,1.0,0.5,5.88,10.61,0.0,0.0,0.0,0.0,0.0,0.0,0.0,0.0,1.0,0.5,5.88,10.61,0.0,0.0,0.0,0.0,41.18,29.41,11.76,120.29,2.0,1.0,11.76,3.39,1.7,0.58,0.51,0.67,0.33,0.0,0.0,0.33,0.0,0.5,0.3,0.0,0.0,0.06,0.0,0.33
4,臺北台新戰神,1|13|14|10867,丁聖儒/陳冠全/錢肯尼/威力斯,1,10,13.0,161.29,2.69,02:41,161.29,2.69,02:41,4.0,4.0,30.77,53.57,7.0,7.0,53.85,93.74,5.0,5.0,38.46,66.96,2.0,2.0,15.38,26.78,3.0,3.0,23.08,40.18,2.0,2.0,15.38,26.78,2.0,2.0,15.38,26.78,0.0,0.0,0.0,0.0,0.0,0.0,0.0,0.0,0.0,0.0,0.0,0.0,2.0,2.0,15.38,26.78,1.0,1.0,7.69,13.39,0.0,0.0,0.0,0.0,1.0,1.0,7.69,13.39,3.0,3.0,23.08,40.18,1.0,1.0,7.69,13.39,1.0,1.0,7.69,13.39,2.0,2.0,15.38,26.78,1.0,1.0,7.69,13.39,0.0,0.0,0.0,0.0,30.77,53.85,-23.08,116.06,-3.0,-3.0,-23.08,2.69,2.69,0.4,0.4,0.67,0.0,,0.38,0.5,0.67,1.0,0.75,7.69,15.38,0.08,0.0,0.0
4,臺北台新戰神,1|13|10867|13907,丁聖儒/陳冠全/威力斯/梅克,1,10,13.0,161.29,2.69,02:41,161.29,2.69,02:41,4.0,4.0,30.77,53.57,7.0,7.0,53.85,93.74,5.0,5.0,38.46,66.96,2.0,2.0,15.38,26.78,3.0,3.0,23.08,40.18,2.0,2.0,15.38,26.78,2.0,2.0,15.38,26.78,0.0,0.0,0.0,0.0,0.0,0.0,0.0,0.0,0.0,0.0,0.0,0.0,2.0,2.0,15.38,26.78,1.0,1.0,7.69,13.39,0.0,0.0,0.0,0.0,1.0,1.0,7.69,13.39,3.0,3.0,23.08,40.18,1.0,1.0,7.69,13.39,1.0,1.0,7.69,13.39,2.0,2.0,15.38,26.78,1.0,1.0,7.69,13.39,0.0,0.0,0.0,0.0,30.77,53.85,-23.08,116.06,-3.0,-3.0,-23.08,2.69,2.69,0.4,0.4,0.67,0.0,,0.38,0.5,0.67,1.0,0.75,7.69,15.38,0.08,0.0,0.0
4,臺北台新戰神,13|14|10867|13907,陳冠全/錢肯尼/威力斯/梅克,1,10,13.0,161.29,2.69,02:41,161.29,2.69,02:41,4.0,4.0,30.77,53.57,7.0,7.0,53.85,93.74,5.0,5.0,38.46,66.96,2.0,2.0,15.38,26.78,3.0,3.0,23.08,40.18,2.0,2.0,15.38,26.78,2.0,2.0,15.38,26.78,0.0,0.0,0.0,0.0,0.0,0.0,0.0,0.0,0.0,0.0,0.0,0.0,2.0,2.0,15.38,26.78,1.0,1.0,7.69,13.39,0.0,0.0,0.0,0.0,1.0,1.0,7.69,13.39,3.0,3.0,23.08,40.18,1.0,1.0,7.69,13.39,1.0,1.0,7.69,13.39,2.0,2.0,15.38,26.78,1.0,1.0,7.69,13.39,0.0,0.0,0.0,0.0,30.77,53.85,-23.08,116.06,-3.0,-3.0,-23.08,2.69,2.69,0.4,0.4,0.67,0.0,,0.38,0.5,0.67,1.0,0.75,7.69,15.38,0.08,0.0,0.0
4,福爾摩沙夢想家,86|103|106|10890,林俊吉/忻沃克/高柏鎧/湯普金斯,1,19,22.0,324.73,5.41,05:25,324.73,5.41,05:25,4.0,4.0,18.18,26.61,3.0,3.0,13.64,19.96,8.0,8.0,36.36,53.21,1.0,1.0,4.55,6.65,4.0,4.0,18.18,26.61,0.0,0.0,0.0,0.0,4.0,4.0,18.18,26.61,1.0,1.0,4.55,6.65,2.0,2.0,9.09,13.3,1.0,1.0,4.55,6.65,1.0,1.0,4.55,6.65,7.0,7.0,31.82,46.56,2.0,2.0,9.09,13.3,5.0,5.0,22.73,33.26,1.0,1.0,4.55,6.65,0.0,0.0,0.0,0.0,1.0,1.0,4.55,6.65,0.0,0.0,0.0,0.0,1.0,1.0,4.55,6.65,0.0,0.0,0.0,0.0,18.18,13.64,4.55,97.56,1.0,1.0,4.55,5.41,5.41,0.19,0.23,0.0,0.25,0.5,0.1,0.0,0.17,0.78,0.53,4.55,0.0,0.05,0.0,0.25
4,新北中信特攻,39|40|104|10881,魏嘉豪/謝亞軒/貝奇/飛克,3,19,25.0,358.0,5.97,05:58,119.33,1.99,01:59,8.0,2.67,32.0,48.27,2.0,0.67,8.0,12.07,11.0,3.67,44.0,66.37,3.0,1.0,12.0,18.1,7.0,2.33,28.0,42.23,2.0,0.67,8.0,12.07,4.0,1.33,16.0,24.13,1.0,0.33,4.0,6.03,5.0,1.67,20.0,30.17,1.0,0.33,4.0,6.03,3.0,1.0,12.0,18.1,6.0,2.0,24.0,36.2,3.0,1.0,12.0,18.1,6.0,2.0,24.0,36.2,0.0,0.0,0.0,0.0,3.0,1.0,12.0,18.1,0.0,0.0,0.0,0.0,0.0,0.0,0.0,0.0,3.0,1.0,12.0,18.1,0.0,0.0,0.0,0.0,32.0,8.0,24.0,100.56,6.0,2.0,24.0,5.97,1.99,0.32,0.3,0.29,0.25,0.2,0.0,1.0,0.33,0.67,0.5,0.0,0.0,0.12,0.0,0.45
4,新北中信特攻,43|104|10879|10881,林韋翰/貝奇/簡廷兆/飛克,2,8,10.0,118.88,1.98,01:59,59.44,0.99,00:59,3.0,1.5,30.0,54.51,5.0,2.5,50.0,90.85,3.0,1.5,30.0,54.51,0.0,0.0,0.0,0.0,1.0,0.5,10.0,18.17,0.0,0.0,0.0,0.0,2.0,1.0,20.0,36.34,0.0,0.0,0.0,0.0,4.0,2.0,40.0,72.68,3.0,1.5,30.0,54.51,2.0,1.0,20.0,36.34,1.0,0.5,10.0,18.17,0.0,0.0,0.0,0.0,1.0,0.5,10.0,18.17,1.0,0.5,10.0,18.17,0.0,0.0,0.0,0.0,1.0,0.5,10.0,18.17,0.0,0.0,0.0,0.0,2.0,1.0,20.0,36.34,2.0,1.0,20.0,36.34,30.0,50.0,-20.0,121.13,-2.0,-1.0,-20.0,1.98,0.99,0.0,0.32,0.0,0.0,0.75,0.17,,0.67,1.0,0.75,10.0,0.0,0.2,20.0,1.33
4,福爾摩沙夢想家,79|86|89|106,張宗憲/林俊吉/蔣淯安/高柏鎧,1,3,3.0,46.0,0.77,00:46,46.0,0.77,00:46,0.0,0.0,0.0,0.0,3.0,3.0,100.0,140.87,2.0,2.0,66.67,93.91,0.0,0.0,0.0,0.0,0.0,0.0,0.0,0.0,0.0,0.0,0.0,0.0,2.0,2.0,66.67,93.91,0.0,0.0,0.0,0.0,0.0,0.0,0.0,0.0,0.0,0.0,0.0,0.0,0.0,0.0,0.0,0.0,2.0,2.0,66.67,93.91,0.0,0.0,0.0,0.0,0.0,0.0,0.0,0.0,0.0,0.0,0.0,0.0,0.0,0.0,0.0,0.0,0.0,0.0,0.0,0.0,0.0,0.0,0.0,0.0,0.0,0.0,0.0,0.0,0.0,0.0,0.0,0.0,0.0,100.0,-100.0,93.91,-3.0,-3.0,-100.0,0.77,0.77,0.0,0.0,,0.0,,0.0,,,1.0,1.0,0.0,0.0,0.0,0.0,0.0
4,新北中信特攻,44|47|10879|10881,黃泓瀚/曾文鼎/簡廷兆/飛克,1,1,1.0,0.37,0.01,00:00,0.37,0.01,00:00,2.0,2.0,200.0,11803.28,0.0,0.0,0.0,0.0,0.0,0.0,0.0,0.0,0.0,0.0,0.0,0.0,0.0,0.0,0.0,0.0,0.0,0.0,0.0,0.0,0.0,0.0,0.0,0.0,0.0,0.0,0.0,0.0,2.0,2.0,200.0,11803.28,2.0,2.0,200.0,11803.28,0.0,0.0,0.0,0.0,0.0,0.0,0.0,0.0,0.0,0.0,0.0,0.0,0.0,0.0,0.0,0.0,0.0,0.0,0.0,0.0,0.0,0.0,0.0,0.0,0.0,0.0,0.0,0.0,0.0,0.0,0.0,0.0,0.0,0.0,0.0,0.0,0.0,0.0,0.0,0.0,200.0,0.0,200.0,3934.43,2.0,2.0,200.0,0.01,0.01,,1.14,,,1.0,0.0,,,,,0.0,0.0,0.0,0.0,
4,新北中信特攻,44|47|10880|10881,黃泓瀚/曾文鼎/內馬/飛克,1,2,4.0,36.47,0.61,00:36,36.47,0.61,00:36,2.0,2.0,50.0,118.47,2.0,2.0,50.0,118.47,1.0,1.0,25.0,59.23,0.0,0.0,0.0,0.0,0.0,0.0,0.0,0.0,0.0,0.0,0.0,0.0,1.0,1.0,25.0,59.23,0.0,0.0,0.0,0.0,2.0,2.0,50.0,118.47,2.0,2.0,50.0,118.47,0.0,0.0,0.0,0.0,0.0,0.0,0.0,0.0,1.0,1.0,25.0,59.23,0.0,0.0,0.0,0.0,0.0,0.0,0.0,0.0,0.0,0.0,0.0,0.0,0.0,0.0,0.0,0.0,0.0,0.0,0.0,0.0,0.0,0.0,0.0,0.0,2.0,2.0,50.0,118.47,50.0,50.0,0.0,157.96,0.0,0.0,0.0,0.61,0.61,0.0,0.53,,0.0,1.0,0.0,,,0.0,0.0,0.0,0.0,0.0,50.0,2.0
4,新北中信特攻,39|44|47|10880,魏嘉豪/黃泓瀚/曾文鼎/內馬,1,1,3.0,36.1,0.6,00:36,36.1,0.6,00:36,0.0,0.0,0.0,0.0,2.0,2.0,66.67,119.67,1.0,1.0,33.33,59.83,0.0,0.0,0.0,0.0,0.0,0.0,0.0,0.0,0.0,0.0,0.0,0.0,1.0,1.0,33.33,59.83,0.0,0.0,0.0,0.0,0.0,0.0,0.0,0.0,0.0,0.0,0.0,0.0,0.0,0.0,0.0,0.0,0.0,0.0,0.0,0.0,1.0,1.0,33.33,59.83,0.0,0.0,0.0,0.0,0.0,0.0,0.0,0.0,0.0,0.0,0.0,0.0,0.0,0.0,0.0,0.0,0.0,0.0,0.0,0.0,0.0,0.0,0.0,0.0,2.0,2.0,66.67,119.67,0.0,66.67,-66.67,119.67,-2.0,-2.0,-66.67,0.6,0.6,0.0,0.0,,0.0,,0.0,,,0.0,0.0,0.0,0.0,0.0,66.67,0.0
4,高雄全家海神,51|108|116|4181,克力斯/魏莨哲/呂威霆/艾德,1,16,19.0,289.43,4.82,04:49,289.43,4.82,04:49,5.0,5.0,26.32,37.32,14.0,14.0,73.68,104.48,5.0,5.0,26.32,37.32,1.0,1.0,5.26,7.46,3.0,3.0,15.79,22.39,0.0,0.0,0.0,0.0,2.0,2.0,10.53,14.93,1.0,1.0,5.26,7.46,4.0,4.0,21.05,29.85,2.0,2.0,10.53,14.93,3.0,3.0,15.79,22.39,2.0,2.0,10.53,14.93,0.0,0.0,0.0,0.0,2.0,2.0,10.53,14.93,3.0,3.0,15.79,22.39,1.0,1.0,5.26,7.46,2.0,2.0,10.53,14.93,1.0,1.0,5.26,7.46,3.0,3.0,15.79,22.39,3.0,3.0,15.79,22.39,26.32,73.68,-47.37,94.53,-9.0,-9.0,-47.37,4.82,4.82,0.3,0.37,0.0,0.5,0.5,0.31,1.0,0.6,1.0,0.71,10.53,5.26,0.16,15.79,0.8
4,高雄全家海神,51|108|118|4181,克力斯/魏莨哲/蘇文儒/艾德,1,16,18.0,266.67,4.44,04:27,266.67,4.44,04:27,5.0,5.0,27.78,40.5,11.0,11.0,61.11,89.1,4.0,4.0,22.22,32.4,1.0,1.0,5.56,8.1,2.0,2.0,11.11,16.2,0.0,0.0,0.0,0.0,2.0,2.0,11.11,16.2,1.0,1.0,5.56,8.1,2.0,2.0,11.11,16.2,2.0,2.0,11.11,16.2,2.0,2.0,11.11,16.2,1.0,1.0,5.56,8.1,0.0,0.0,0.0,0.0,3.0,3.0,16.67,24.3,4.0,4.0,22.22,32.4,1.0,1.0,5.56,8.1,3.0,3.0,16.67,24.3,1.0,1.0,5.56,8.1,2.0,2.0,11.11,16.2,3.0,3.0,16.67,24.3,27.78,61.11,-33.33,97.2,-6.0,-6.0,-33.33,4.44,4.44,0.38,0.51,0.0,0.5,1.0,0.45,1.0,0.4,1.0,0.5,16.67,5.56,0.11,16.67,0.5
4,高雄全家海神,51|108|110|116,克力斯/魏莨哲/胡瓏貿/呂威霆,1,12,19.0,210.61,3.51,03:31,210.61,3.51,03:31,4.0,4.0,21.05,41.02,5.0,5.0,26.32,51.28,10.0,10.0,52.63,102.56,1.0,1.0,5.26,10.26,5.0,5.0,26.32,51.28,1.0,1.0,5.26,10.26,5.0,5.0,26.32,51.28,0.0,0.0,0.0,0.0,4.0,4.0,21.05,41.02,2.0,2.0,10.53,20.51,5.0,5.0,26.32,51.28,4.0,4.0,21.05,41.02,1.0,1.0,5.26,10.26,4.0,4.0,21.05,41.02,0.0,0.0,0.0,0.0,0.0,0.0,0.0,0.0,0.0,0.0,0.0,0.0,1.0,1.0,5.26,10.26,1.0,1.0,5.26,10.26,2.0,2.0,10.53,20.51,21.05,26.32,-5.26,129.91,-1.0,-1.0,-5.26,3.51,3.51,0.1,0.17,0.2,0.0,0.5,0.0,0.0,0.56,0.8,0.64,0.0,5.26,0.05,10.53,0.4
4,高雄全家海神,51|110|116|118,克力斯/胡瓏貿/呂威霆/蘇文儒,1,5,8.0,89.81,1.5,01:30,89.81,1.5,01:30,3.0,3.0,37.5,72.15,2.0,2.0,25.0,48.1,4.0,4.0,50.0,96.2,1.0,1.0,12.5,24.05,2.0,2.0,25.0,48.1,1.0,1.0,12.5,24.05,2.0,2.0,25.0,48.1,0.0,0.0,0.0,0.0,2.0,2.0,25.0,48.1,1.0,1.0,12.5,24.05,3.0,3.0,37.5,72.15,1.0,1.0,12.5,24.05,0.0,0.0,0.0,0.0,1.0,1.0,12.5,24.05,0.0,0.0,0.0,0.0,0.0,0.0,0.0,0.0,0.0,0.0,0.0,0.0,0.0,0.0,0.0,0.0,0.0,0.0,0.0,0.0,0.0,0.0,0.0,0.0,37.5,25.0,12.5,128.27,1.0,1.0,12.5,1.5,1.5,0.25,0.31,0.5,0.0,0.5,0.0,0.0,0.75,1.0,0.8,0.0,0.0,0.0,0.0,0.5
4,高雄全家海神,108|110|116|118,魏莨哲/胡瓏貿/呂威霆/蘇文儒,1,5,8.0,89.81,1.5,01:30,89.81,1.5,01:30,3.0,3.0,37.5,72.15,2.0,2.0,25.0,48.1,4.0,4.0,50.0,96.2,1.0,1.0,12.5,24.05,2.0,2.0,25.0,48.1,1.0,1.0,12.5,24.05,2.0,2.0,25.0,48.1,0.0,0.0,0.0,0.0,2.0,2.0,25.0,48.1,1.0,1.0,12.5,24.05,3.0,3.0,37.5,72.15,1.0,1.0,12.5,24.05,0.0,0.0,0.0,0.0,1.0,1.0,12.5,24.05,0.0,0.0,0.0,0.0,0.0,0.0,0.0,0.0,0.0,0.0,0.0,0.0,0.0,0.0,0.0,0.0,0.0,0.0,0.0,0.0,0.0,0.0,0.0,0.0,37.5,25.0,12.5,128.27,1.0,1.0,12.5,1.5,1.5,0.25,0.31,0.5,0.0,0.5,0.0,0.0,0.75,1.0,0.8,0.0,0.0,0.0,0.0,0.5
4,高雄全家海神,108|110|116|121,魏莨哲/胡瓏貿/呂威霆/吳曉謹,1,7,11.0,120.8,2.01,02:01,120.8,2.01,02:01,1.0,1.0,9.09,17.88,3.0,3.0,27.27,53.64,6.0,6.0,54.55,107.29,0.0,0.0,0.0,0.0,3.0,3.0,27.27,53.64,0.0,0.0,0.0,0.0,3.0,3.0,27.27,53.64,0.0,0.0,0.0,0.0,2.0,2.0,18.18,35.76,1.0,1.0,9.09,17.88,2.0,2.0,18.18,35.76,3.0,3.0,27.27,53.64,1.0,1.0,9.09,17.88,3.0,3.0,27.27,53.64,0.0,0.0,0.0,0.0,0.0,0.0,0.0,0.0,0.0,0.0,0.0,0.0,1.0,1.0,9.09,17.88,1.0,1.0,9.09,17.88,2.0,2.0,18.18,35.76,9.09,27.27,-18.18,131.13,-2.0,-2.0,-18.18,2.01,2.01,0.0,0.07,0.0,0.0,0.5,0.0,,0.4,0.75,0.56,0.0,9.09,0.09,18.18,0.33
4,高雄全家海神,45|116|118|121,施晉堯/呂威霆/蘇文儒/吳曉謹,1,12,13.0,205.72,3.43,03:26,205.72,3.43,03:26,3.0,3.0,23.08,31.5,3.0,3.0,23.08,31.5,5.0,5.0,38.46,52.5,1.0,1.0,7.69,10.5,3.0,3.0,23.08,31.5,1.0,1.0,7.69,10.5,2.0,2.0,15.38,21.0,0.0,0.0,0.0,0.0,4.0,4.0,30.77,42.0,1.0,1.0,7.69,10.5,0.0,0.0,0.0,0.0,5.0,5.0,38.46,52.5,1.0,1.0,7.69,10.5,4.0,4.0,30.77,42.0,0.0,0.0,0.0,0.0,0.0,0.0,0.0,0.0,0.0,0.0,0.0,0.0,1.0,1.0,7.69,10.5,1.0,1.0,7.69,10.5,0.0,0.0,0.0,0.0,23.08,23.08,0.0,91.0,0.0,0.0,0.0,3.43,3.43,0.2,0.22,0.33,0.0,0.25,0.0,0.0,0.0,0.83,0.5,0.0,7.69,0.08,0.0,0.8
4,高雄全家海神,45|51|108|116,施晉堯/克力斯/魏莨哲/呂威霆,1,7,9.0,108.47,1.81,01:48,108.47,1.81,01:48,1.0,1.0,11.11,19.91,6.0,6.0,66.67,119.48,2.0,2.0,22.22,39.83,0.0,0.0,0.0,0.0,1.0,1.0,11.11,19.91,0.0,0.0,0.0,0.0,1.0,1.0,11.11,19.91,0.0,0.0,0.0,0.0,2.0,2.0,22.22,39.83,1.0,1.0,11.11,19.91,2.0,2.0,22.22,39.83,1.0,1.0,11.11,19.91,0.0,0.0,0.0,0.0,0.0,0.0,0.0,0.0,2.0,2.0,22.22,39.83,0.0,0.0,0.0,0.0,2.0,2.0,22.22,39.83,0.0,0.0,0.0,0.0,1.0,1.0,11.11,19.91,2.0,2.0,22.22,39.83,11.11,66.67,-55.56,119.48,-5.0,-5.0,-55.56,1.81,1.81,0.0,0.17,0.0,0.0,0.5,0.41,,1.0,1.0,1.0,22.22,0.0,0.11,22.22,1.0
4,高雄全家海神,45|51|108|118,施晉堯/克力斯/魏莨哲/蘇文儒,1,7,9.0,108.47,1.81,01:48,108.47,1.81,01:48,1.0,1.0,11.11,19.91,6.0,6.0,66.67,119.48,2.0,2.0,22.22,39.83,0.0,0.0,0.0,0.0,1.0,1.0,11.11,19.91,0.0,0.0,0.0,0.0,1.0,1.0,11.11,19.91,0.0,0.0,0.0,0.0,2.0,2.0,22.22,39.83,1.0,1.0,11.11,19.91,2.0,2.0,22.22,39.83,1.0,1.0,11.11,19.91,0.0,0.0,0.0,0.0,0.0,0.0,0.0,0.0,2.0,2.0,22.22,39.83,0.0,0.0,0.0,0.0,2.0,2.0,22.22,39.83,0.0,0.0,0.0,0.0,1.0,1.0,11.11,19.91,2.0,2.0,22.22,39.83,11.11,66.67,-55.56,119.48,-5.0,-5.0,-55.56,1.81,1.81,0.0,0.17,0.0,0.0,0.5,0.41,,1.0,1.0,1.0,22.22,0.0,0.11,22.22,1.0
4,高雄全家海神,45|51|116|10891,施晉堯/克力斯/呂威霆/廖偉皓,3,70,73.0,1171.98,19.53,19:32,390.66,6.51,06:31,37.0,12.33,50.68,68.19,39.0,13.0,53.42,71.88,29.0,9.67,39.73,53.45,15.0,5.0,20.55,27.65,18.0,6.0,24.66,33.17,11.0,3.67,15.07,20.27,11.0,3.67,15.07,20.27,4.0,1.33,5.48,7.37,3.0,1.0,4.11,5.53,3.0,1.0,4.11,5.53,0.0,0.0,0.0,0.0,15.0,5.0,20.55,27.65,3.0,1.0,4.11,5.53,16.0,5.33,21.92,29.49,4.0,1.33,5.48,7.37,9.0,3.0,12.33,16.59,4.0,1.33,5.48,7.37,1.0,0.33,1.37,1.84,2.0,0.67,2.74,3.69,1.0,0.33,1.37,1.84,50.68,53.42,-2.74,89.69,-2.0,-0.67,-2.74,19.53,6.51,0.59,0.61,0.61,0.36,1.0,0.12,0.6,0.0,0.83,0.44,5.48,1.37,0.03,1.37,0.1
4,高雄全家海神,51|116|118|10891,克力斯/呂威霆/蘇文儒/廖偉皓,3,33,36.0,1245.94,20.77,20:46,415.31,6.92,06:55,12.0,4.0,33.33,20.8,16.0,5.33,44.44,27.74,14.0,4.67,38.89,24.27,5.0,1.67,13.89,8.67,7.0,2.33,19.44,12.14,3.0,1.0,8.33,5.2,7.0,2.33,19.44,12.14,2.0,0.67,5.56,3.47,0.0,0.0,0.0,0.0,0.0,0.0,0.0,0.0,0.0,0.0,0.0,0.0,9.0,3.0,25.0,15.6,2.0,0.67,5.56,3.47,7.0,2.33,19.44,12.14,3.0,1.0,8.33,5.2,2.0,0.67,5.56,3.47,3.0,1.0,8.33,5.2,1.0,0.33,2.78,1.73,1.0,0.33,2.78,1.73,4.0,1.33,11.11,6.93,33.33,44.44,-11.11,41.61,-4.0,-1.33,-11.11,20.77,6.92,0.43,0.43,0.43,0.29,,0.18,0.4,0.0,0.82,0.5,8.33,2.78,0.03,11.11,0.0
4,高雄全家海神,45|110|118|10891,施晉堯/胡瓏貿/蘇文儒/廖偉皓,2,72,82.0,1263.39,21.06,21:03,631.69,10.53,10:32,34.0,17.0,41.46,58.13,53.0,26.5,64.63,90.61,32.0,16.0,39.02,54.71,14.0,7.0,17.07,23.94,19.0,9.5,23.17,32.48,10.0,5.0,12.2,17.1,13.0,6.5,15.85,22.23,4.0,2.0,4.88,6.84,2.0,1.0,2.44,3.42,2.0,1.0,2.44,3.42,1.0,0.5,1.22,1.71,16.0,8.0,19.51,27.36,3.0,1.5,3.66,5.13,10.0,5.0,12.2,17.1,5.0,2.5,6.1,8.55,6.0,3.0,7.32,10.26,2.0,1.0,2.44,3.42,1.0,0.5,1.22,1.71,7.0,3.5,8.54,11.97,16.0,8.0,19.51,27.36,41.46,64.63,-23.17,93.46,-19.0,-9.5,-23.17,21.06,10.53,0.5,0.52,0.53,0.31,1.0,0.13,0.43,0.09,0.84,0.57,2.44,1.22,0.09,19.51,0.06
4,高雄全家海神,51|110|118|10891,克力斯/胡瓏貿/蘇文儒/廖偉皓,3,51,60.0,898.85,14.98,14:59,299.62,4.99,05:00,28.0,9.33,46.67,67.29,34.0,11.33,56.67,81.7,24.0,8.0,40.0,57.67,12.0,4.0,20.0,28.84,16.0,5.33,26.67,38.45,8.0,2.67,13.33,19.22,8.0,2.67,13.33,19.22,4.0,1.33,6.67,9.61,1.0,0.33,1.67,2.4,0.0,0.0,0.0,0.0,2.0,0.67,3.33,4.81,11.0,3.67,18.33,26.43,2.0,0.67,3.33,4.81,8.0,2.67,13.33,19.22,3.0,1.0,5.0,7.21,6.0,2.0,10.0,14.42,2.0,0.67,3.33,4.81,2.0,0.67,3.33,4.81,4.0,1.33,6.67,9.61,5.0,1.67,8.33,12.02,46.67,56.67,-10.0,96.12,-6.0,-2.0,-10.0,14.98,4.99,0.58,0.57,0.5,0.5,0.0,0.11,0.5,0.2,0.85,0.57,3.33,3.33,0.07,8.33,0.04
4,高雄全家海神,45|51|110|4181,施晉堯/克力斯/胡瓏貿/艾德,1,8,10.0,135.34,2.26,02:15,135.34,2.26,02:15,6.0,6.0,60.0,95.76,6.0,6.0,60.0,95.76,4.0,4.0,40.0,63.84,2.0,2.0,20.0,31.92,2.0,2.0,20.0,31.92,0.0,0.0,0.0,0.0,2.0,2.0,20.0,31.92,2.0,2.0,20.0,31.92,2.0,2.0,20.0,31.92,0.0,0.0,0.0,0.0,1.0,1.0,10.0,15.96,2.0,2.0,20.0,31.92,1.0,1.0,10.0,15.96,2.0,2.0,20.0,31.92,0.0,0.0,0.0,0.0,2.0,2.0,20.0,31.92,0.0,0.0,0.0,0.0,2.0,2.0,20.0,31.92,0.0,0.0,0.0,0.0,0.0,0.0,0.0,0.0,60.0,60.0,0.0,106.4,0.0,0.0,0.0,2.26,2.26,0.75,0.61,0.0,1.0,0.0,0.0,1.0,0.33,0.67,0.5,0.0,20.0,0.0,0.0,0.5
4,高雄全家海神,45|51|118|4181,施晉堯/克力斯/蘇文儒/艾德,1,8,10.0,135.34,2.26,02:15,135.34,2.26,02:15,6.0,6.0,60.0,95.76,6.0,6.0,60.0,95.76,4.0,4.0,40.0,63.84,2.0,2.0,20.0,31.92,2.0,2.0,20.0,31.92,0.0,0.0,0.0,0.0,2.0,2.0,20.0,31.92,2.0,2.0,20.0,31.92,2.0,2.0,20.0,31.92,0.0,0.0,0.0,0.0,1.0,1.0,10.0,15.96,2.0,2.0,20.0,31.92,1.0,1.0,10.0,15.96,2.0,2.0,20.0,31.92,0.0,0.0,0.0,0.0,2.0,2.0,20.0,31.92,0.0,0.0,0.0,0.0,2.0,2.0,20.0,31.92,0.0,0.0,0.0,0.0,0.0,0.0,0.0,0.0,60.0,60.0,0.0,106.4,0.0,0.0,0.0,2.26,2.26,0.75,0.61,0.0,1.0,0.0,0.0,1.0,0.33,0.67,0.5,0.0,20.0,0.0,0.0,0.5
4,高雄全家海神,51|108|121|4181,克力斯/魏莨哲/吳曉謹/艾德,1,5,5.0,62.28,1.04,01:02,62.28,1.04,01:02,0.0,0.0,0.0,0.0,5.0,5.0,100.0,173.41,0.0,0.0,0.0,0.0,0.0,0.0,0.0,0.0,0.0,0.0,0.0,0.0,0.0,0.0,0.0,0.0,0.0,0.0,0.0,0.0,0.0,0.0,0.0,0.0,0.0,0.0,0.0,0.0,0.0,0.0,0.0,0.0,0.0,0.0,0.0,0.0,0.0,0.0,0.0,0.0,0.0,0.0,0.0,0.0,1.0,1.0,20.0,34.68,2.0,2.0,40.0,69.37,0.0,0.0,0.0,0.0,2.0,2.0,40.0,69.37,0.0,0.0,0.0,0.0,0.0,0.0,0.0,0.0,2.0,2.0,40.0,69.37,0.0,100.0,-100.0,115.61,-5.0,-5.0,-100.0,1.04,1.04,,,,,,1.0,,0.0,,0.0,40.0,0.0,0.0,40.0,
4,高雄全家海神,51|108|4181|10891,克力斯/魏莨哲/艾德/廖偉皓,1,5,6.0,85.04,1.42,01:25,85.04,1.42,01:25,0.0,0.0,0.0,0.0,8.0,8.0,133.33,203.2,1.0,1.0,16.67,25.4,0.0,0.0,0.0,0.0,1.0,1.0,16.67,25.4,0.0,0.0,0.0,0.0,0.0,0.0,0.0,0.0,0.0,0.0,0.0,0.0,2.0,2.0,33.33,50.8,0.0,0.0,0.0,0.0,1.0,1.0,16.67,25.4,1.0,1.0,16.67,25.4,0.0,0.0,0.0,0.0,0.0,0.0,0.0,0.0,1.0,1.0,16.67,25.4,0.0,0.0,0.0,0.0,1.0,1.0,16.67,25.4,0.0,0.0,0.0,0.0,1.0,1.0,16.67,25.4,2.0,2.0,33.33,50.8,0.0,133.33,-133.33,101.6,-8.0,-8.0,-133.33,1.42,1.42,0.0,0.0,0.0,,0.0,0.35,,1.0,1.0,1.0,16.67,0.0,0.17,33.33,2.0
4,高雄全家海神,51|121|4181|10891,克力斯/吳曉謹/艾德/廖偉皓,1,1,1.0,0.28,0.0,00:00,0.28,0.0,00:00,0.0,0.0,0.0,0.0,2.0,2.0,200.0,15483.87,0.0,0.0,0.0,0.0,0.0,0.0,0.0,0.0,0.0,0.0,0.0,0.0,0.0,0.0,0.0,0.0,0.0,0.0,0.0,0.0,0.0,0.0,0.0,0.0,0.0,0.0,0.0,0.0,0.0,0.0,0.0,0.0,0.0,0.0,0.0,0.0,0.0,0.0,0.0,0.0,0.0,0.0,0.0,0.0,0.0,0.0,0.0,0.0,0.0,0.0,0.0,0.0,0.0,0.0,0.0,0.0,0.0,0.0,0.0,0.0,0.0,0.0,0.0,0.0,0.0,0.0,0.0,0.0,2.0,2.0,200.0,15483.87,0.0,200.0,-200.0,5161.29,-2.0,-2.0,-200.0,0.0,0.0,,,,,,,,,,,0.0,0.0,0.0,200.0,
4,高雄全家海神,51|116|4181|10891,克力斯/呂威霆/艾德/廖偉皓,2,61,78.0,1083.64,18.06,18:04,541.82,9.03,09:02,33.0,16.5,42.31,65.78,45.0,22.5,57.69,89.7,29.0,14.5,37.18,57.8,13.0,6.5,16.67,25.91,22.0,11.0,28.21,43.85,10.0,5.0,12.82,19.93,7.0,3.5,8.97,13.95,3.0,1.5,3.85,5.98,7.0,3.5,8.97,13.95,4.0,2.0,5.13,7.97,9.0,4.5,11.54,17.94,10.0,5.0,12.82,19.93,6.0,3.0,7.69,11.96,12.0,6.0,15.38,23.92,7.0,3.5,8.97,13.95,9.0,4.5,11.54,17.94,6.0,3.0,7.69,11.96,0.0,0.0,0.0,0.0,7.0,3.5,8.97,13.95,3.0,1.5,3.85,5.98,42.31,57.69,-15.38,103.65,-12.0,-6.0,-15.38,18.06,9.03,0.5,0.51,0.45,0.43,0.57,0.18,0.69,0.43,0.62,0.51,7.69,0.0,0.09,3.85,0.24
4,桃園台啤永豐雲豹,12|55|68|10861,曹薰襄/汪哲宇/克羅馬/迪亞洛,1,2,3.0,41.76,0.7,00:42,41.76,0.7,00:42,3.0,3.0,100.0,155.17,0.0,0.0,0.0,0.0,1.0,1.0,33.33,51.72,1.0,1.0,33.33,51.72,0.0,0.0,0.0,0.0,0.0,0.0,0.0,0.0,1.0,1.0,33.33,51.72,1.0,1.0,33.33,51.72,0.0,0.0,0.0,0.0,0.0,0.0,0.0,0.0,0.0,0.0,0.0,0.0,0.0,0.0,0.0,0.0,1.0,1.0,33.33,51.72,1.0,1.0,33.33,51.72,0.0,0.0,0.0,0.0,1.0,1.0,33.33,51.72,0.0,0.0,0.0,0.0,0.0,0.0,0.0,0.0,0.0,0.0,0.0,0.0,2.0,2.0,66.67,103.45,100.0,0.0,100.0,103.45,3.0,3.0,100.0,0.7,0.7,1.5,1.5,,1.0,,0.0,1.0,0.0,0.0,0.0,0.0,0.0,0.0,66.67,0.0
4,桃園台啤永豐雲豹,12|55|68|10884,曹薰襄/汪哲宇/克羅馬/徐宏瑋,1,2,3.0,41.76,0.7,00:42,41.76,0.7,00:42,3.0,3.0,100.0,155.17,0.0,0.0,0.0,0.0,1.0,1.0,33.33,51.72,1.0,1.0,33.33,51.72,0.0,0.0,0.0,0.0,0.0,0.0,0.0,0.0,1.0,1.0,33.33,51.72,1.0,1.0,33.33,51.72,0.0,0.0,0.0,0.0,0.0,0.0,0.0,0.0,0.0,0.0,0.0,0.0,0.0,0.0,0.0,0.0,1.0,1.0,33.33,51.72,1.0,1.0,33.33,51.72,0.0,0.0,0.0,0.0,1.0,1.0,33.33,51.72,0.0,0.0,0.0,0.0,0.0,0.0,0.0,0.0,0.0,0.0,0.0,0.0,2.0,2.0,66.67,103.45,100.0,0.0,100.0,103.45,3.0,3.0,100.0,0.7,0.7,1.5,1.5,,1.0,,0.0,1.0,0.0,0.0,0.0,0.0,0.0,0.0,66.67,0.0
4,桃園台啤永豐雲豹,55|68|10861|10884,汪哲宇/克羅馬/迪亞洛/徐宏瑋,1,2,3.0,41.76,0.7,00:42,41.76,0.7,00:42,3.0,3.0,100.0,155.17,0.0,0.0,0.0,0.0,1.0,1.0,33.33,51.72,1.0,1.0,33.33,51.72,0.0,0.0,0.0,0.0,0.0,0.0,0.0,0.0,1.0,1.0,33.33,51.72,1.0,1.0,33.33,51.72,0.0,0.0,0.0,0.0,0.0,0.0,0.0,0.0,0.0,0.0,0.0,0.0,0.0,0.0,0.0,0.0,1.0,1.0,33.33,51.72,1.0,1.0,33.33,51.72,0.0,0.0,0.0,0.0,1.0,1.0,33.33,51.72,0.0,0.0,0.0,0.0,0.0,0.0,0.0,0.0,0.0,0.0,0.0,0.0,2.0,2.0,66.67,103.45,100.0,0.0,100.0,103.45,3.0,3.0,100.0,0.7,0.7,1.5,1.5,,1.0,,0.0,1.0,0.0,0.0,0.0,0.0,0.0,0.0,66.67,0.0
4,桃園台啤永豐雲豹,12|55|56|10861,曹薰襄/汪哲宇/丁冠皓/迪亞洛,1,5,7.0,83.86,1.4,01:24,83.86,1.4,01:24,4.0,4.0,57.14,103.02,2.0,2.0,28.57,51.51,3.0,3.0,42.86,77.27,2.0,2.0,28.57,51.51,2.0,2.0,28.57,51.51,2.0,2.0,28.57,51.51,1.0,1.0,14.29,25.76,0.0,0.0,0.0,0.0,0.0,0.0,0.0,0.0,0.0,0.0,0.0,0.0,1.0,1.0,14.29,25.76,0.0,0.0,0.0,0.0,0.0,0.0,0.0,0.0,1.0,1.0,14.29,25.76,0.0,0.0,0.0,0.0,1.0,1.0,14.29,25.76,0.0,0.0,0.0,0.0,0.0,0.0,0.0,0.0,0.0,0.0,0.0,0.0,0.0,0.0,0.0,0.0,57.14,28.57,28.57,120.19,2.0,2.0,28.57,1.4,1.4,0.67,0.67,1.0,0.0,,0.0,0.5,0.5,,0.5,0.0,0.0,0.0,0.0,0.0
4,桃園台啤永豐雲豹,12|55|56|10884,曹薰襄/汪哲宇/丁冠皓/徐宏瑋,1,5,7.0,83.86,1.4,01:24,83.86,1.4,01:24,4.0,4.0,57.14,103.02,2.0,2.0,28.57,51.51,3.0,3.0,42.86,77.27,2.0,2.0,28.57,51.51,2.0,2.0,28.57,51.51,2.0,2.0,28.57,51.51,1.0,1.0,14.29,25.76,0.0,0.0,0.0,0.0,0.0,0.0,0.0,0.0,0.0,0.0,0.0,0.0,1.0,1.0,14.29,25.76,0.0,0.0,0.0,0.0,0.0,0.0,0.0,0.0,1.0,1.0,14.29,25.76,0.0,0.0,0.0,0.0,1.0,1.0,14.29,25.76,0.0,0.0,0.0,0.0,0.0,0.0,0.0,0.0,0.0,0.0,0.0,0.0,0.0,0.0,0.0,0.0,57.14,28.57,28.57,120.19,2.0,2.0,28.57,1.4,1.4,0.67,0.67,1.0,0.0,,0.0,0.5,0.5,,0.5,0.0,0.0,0.0,0.0,0.0
4,桃園台啤永豐雲豹,12|56|10861|10884,曹薰襄/丁冠皓/迪亞洛/徐宏瑋,1,5,7.0,83.86,1.4,01:24,83.86,1.4,01:24,4.0,4.0,57.14,103.02,2.0,2.0,28.57,51.51,3.0,3.0,42.86,77.27,2.0,2.0,28.57,51.51,2.0,2.0,28.57,51.51,2.0,2.0,28.57,51.51,1.0,1.0,14.29,25.76,0.0,0.0,0.0,0.0,0.0,0.0,0.0,0.0,0.0,0.0,0.0,0.0,1.0,1.0,14.29,25.76,0.0,0.0,0.0,0.0,0.0,0.0,0.0,0.0,1.0,1.0,14.29,25.76,0.0,0.0,0.0,0.0,1.0,1.0,14.29,25.76,0.0,0.0,0.0,0.0,0.0,0.0,0.0,0.0,0.0,0.0,0.0,0.0,0.0,0.0,0.0,0.0,57.14,28.57,28.57,120.19,2.0,2.0,28.57,1.4,1.4,0.67,0.67,1.0,0.0,,0.0,0.5,0.5,,0.5,0.0,0.0,0.0,0.0,0.0
4,高雄全家海神,51|116|4181|13275,克力斯/呂威霆/艾德/吳彥侖,1,13,28.0,250.86,4.18,04:11,250.86,4.18,04:11,5.0,5.0,17.86,43.05,11.0,11.0,39.29,94.71,11.0,11.0,39.29,94.71,2.0,2.0,7.14,17.22,9.0,9.0,32.14,77.49,2.0,2.0,7.14,17.22,2.0,2.0,7.14,17.22,0.0,0.0,0.0,0.0,2.0,2.0,7.14,17.22,1.0,1.0,3.57,8.61,8.0,8.0,28.57,68.88,2.0,2.0,7.14,17.22,5.0,5.0,17.86,43.05,1.0,1.0,3.57,8.61,3.0,3.0,10.71,25.83,1.0,1.0,3.57,8.61,2.0,2.0,7.14,17.22,0.0,0.0,0.0,0.0,4.0,4.0,14.29,34.44,2.0,2.0,7.14,17.22,17.86,39.29,-21.43,160.72,-6.0,-6.0,-21.43,4.18,4.18,0.18,0.21,0.22,0.0,0.5,0.2,0.5,0.89,0.29,0.62,7.14,0.0,0.14,7.14,0.18
4,高雄全家海神,51|116|10891|13275,克力斯/呂威霆/廖偉皓/吳彥侖,2,15,30.0,284.86,4.75,04:45,142.43,2.37,02:22,5.0,2.5,16.67,37.91,11.0,5.5,36.67,83.41,12.0,6.0,40.0,90.99,2.0,1.0,6.67,15.17,10.0,5.0,33.33,75.83,2.0,1.0,6.67,15.17,2.0,1.0,6.67,15.17,0.0,0.0,0.0,0.0,2.0,1.0,6.67,15.17,1.0,0.5,3.33,7.58,8.0,4.0,26.67,60.66,3.0,1.5,10.0,22.75,5.0,2.5,16.67,37.91,2.0,1.0,6.67,15.17,3.0,1.5,10.0,22.75,1.0,0.5,3.33,7.58,2.0,1.0,6.67,15.17,0.0,0.0,0.0,0.0,4.0,2.0,13.33,30.33,2.0,1.0,6.67,15.17,16.67,36.67,-20.0,151.65,-6.0,-3.0,-20.0,4.75,2.37,0.17,0.19,0.2,0.0,0.5,0.19,0.5,0.8,0.38,0.61,6.67,0.0,0.13,6.67,0.17
4,高雄全家海神,51|4181|10891|13275,克力斯/艾德/廖偉皓/吳彥侖,1,13,28.0,250.86,4.18,04:11,250.86,4.18,04:11,5.0,5.0,17.86,43.05,11.0,11.0,39.29,94.71,11.0,11.0,39.29,94.71,2.0,2.0,7.14,17.22,9.0,9.0,32.14,77.49,2.0,2.0,7.14,17.22,2.0,2.0,7.14,17.22,0.0,0.0,0.0,0.0,2.0,2.0,7.14,17.22,1.0,1.0,3.57,8.61,8.0,8.0,28.57,68.88,2.0,2.0,7.14,17.22,5.0,5.0,17.86,43.05,1.0,1.0,3.57,8.61,3.0,3.0,10.71,25.83,1.0,1.0,3.57,8.61,2.0,2.0,7.14,17.22,0.0,0.0,0.0,0.0,4.0,4.0,14.29,34.44,2.0,2.0,7.14,17.22,17.86,39.29,-21.43,160.72,-6.0,-6.0,-21.43,4.18,4.18,0.18,0.21,0.22,0.0,0.5,0.2,0.5,0.89,0.29,0.62,7.14,0.0,0.14,7.14,0.18
4,高雄全家海神,116|4181|10891|13275,呂威霆/艾德/廖偉皓/吳彥侖,1,13,28.0,250.86,4.18,04:11,250.86,4.18,04:11,5.0,5.0,17.86,43.05,11.0,11.0,39.29,94.71,11.0,11.0,39.29,94.71,2.0,2.0,7.14,17.22,9.0,9.0,32.14,77.49,2.0,2.0,7.14,17.22,2.0,2.0,7.14,17.22,0.0,0.0,0.0,0.0,2.0,2.0,7.14,17.22,1.0,1.0,3.57,8.61,8.0,8.0,28.57,68.88,2.0,2.0,7.14,17.22,5.0,5.0,17.86,43.05,1.0,1.0,3.57,8.61,3.0,3.0,10.71,25.83,1.0,1.0,3.57,8.61,2.0,2.0,7.14,17.22,0.0,0.0,0.0,0.0,4.0,4.0,14.29,34.44,2.0,2.0,7.14,17.22,17.86,39.29,-21.43,160.72,-6.0,-6.0,-21.43,4.18,4.18,0.18,0.21,0.22,0.0,0.5,0.2,0.5,0.89,0.29,0.62,7.14,0.0,0.14,7.14,0.18
4,新北中信特攻,39|104|113|10879,魏嘉豪/貝奇/林任鴻/簡廷兆,2,24,27.0,326.29,5.44,05:26,163.14,2.72,02:43,11.0,5.5,40.74,72.82,9.0,4.5,33.33,59.58,7.0,3.5,25.93,46.34,4.0,2.0,14.81,26.48,3.0,1.5,11.11,19.86,2.0,1.0,7.41,13.24,4.0,2.0,14.81,26.48,2.0,1.0,7.41,13.24,1.0,0.5,3.7,6.62,1.0,0.5,3.7,6.62,0.0,0.0,0.0,0.0,3.0,1.5,11.11,19.86,3.0,1.5,11.11,19.86,4.0,2.0,14.81,26.48,5.0,2.5,18.52,33.1,2.0,1.0,7.41,13.24,2.0,1.0,7.41,13.24,0.0,0.0,0.0,0.0,3.0,1.5,11.11,19.86,6.0,3.0,22.22,39.72,40.74,33.33,7.41,119.16,2.0,1.0,7.41,5.44,2.72,0.71,0.74,0.67,0.5,1.0,0.4,0.5,0.0,0.5,0.3,7.41,0.0,0.11,22.22,0.14
4,新北中信特攻,104|113|10879|10881,貝奇/林任鴻/簡廷兆/飛克,2,12,14.0,175.72,2.93,02:56,87.86,1.46,01:28,3.0,1.5,21.43,36.88,9.0,4.5,64.29,110.63,2.0,1.0,14.29,24.58,1.0,0.5,7.14,12.29,0.0,0.0,0.0,0.0,0.0,0.0,0.0,0.0,2.0,1.0,14.29,24.58,1.0,0.5,7.14,12.29,0.0,0.0,0.0,0.0,0.0,0.0,0.0,0.0,0.0,0.0,0.0,0.0,1.0,0.5,7.14,12.29,2.0,1.0,14.29,24.58,1.0,0.5,7.14,12.29,4.0,2.0,28.57,49.17,1.0,0.5,7.14,12.29,2.0,1.0,14.29,24.58,0.0,0.0,0.0,0.0,1.0,0.5,7.14,12.29,4.0,2.0,28.57,49.17,21.43,64.29,-42.86,114.73,-6.0,-3.0,-42.86,2.93,1.46,0.75,0.75,,0.5,,0.67,1.0,0.0,0.33,0.25,14.29,0.0,0.07,28.57,0.0
4,新北中信特攻,39|47|104|10877,魏嘉豪/曾文鼎/貝奇/阿巴西,2,26,27.0,438.03,7.3,07:18,219.02,3.65,03:39,13.0,6.5,48.15,64.1,16.0,8.0,59.26,78.9,10.0,5.0,37.04,49.31,5.0,2.5,18.52,24.66,5.0,2.5,18.52,24.66,3.0,1.5,11.11,14.79,5.0,2.5,18.52,24.66,2.0,1.0,7.41,9.86,2.0,1.0,7.41,9.86,1.0,0.5,3.7,4.93,0.0,0.0,0.0,0.0,5.0,2.5,18.52,24.66,1.0,0.5,3.7,4.93,5.0,2.5,18.52,24.66,1.0,0.5,3.7,4.93,3.0,1.5,11.11,14.79,0.0,0.0,0.0,0.0,0.0,0.0,0.0,0.0,2.0,1.0,7.41,9.86,2.0,1.0,7.41,9.86,48.15,59.26,-11.11,88.76,-3.0,-1.5,-11.11,7.3,3.65,0.6,0.6,0.6,0.4,0.5,0.08,0.6,0.0,0.83,0.45,0.0,0.0,0.07,7.41,0.2
4,新北中信特攻,39|104|10877|10881,魏嘉豪/貝奇/阿巴西/飛克,2,24,26.0,434.53,7.24,07:15,217.26,3.62,03:37,9.0,4.5,34.62,44.74,9.0,4.5,34.62,44.74,10.0,5.0,38.46,49.71,4.0,2.0,15.38,19.88,3.0,1.5,11.54,14.91,3.0,1.5,11.54,14.91,7.0,3.5,26.92,34.8,1.0,0.5,3.85,4.97,2.0,1.0,7.69,9.94,0.0,0.0,0.0,0.0,1.0,0.5,3.85,4.97,6.0,3.0,23.08,29.83,1.0,0.5,3.85,4.97,6.0,3.0,23.08,29.83,1.0,0.5,3.85,4.97,3.0,1.5,11.54,14.91,0.0,0.0,0.0,0.0,0.0,0.0,0.0,0.0,2.0,1.0,7.69,9.94,0.0,0.0,0.0,0.0,34.62,34.62,0.0,86.16,0.0,0.0,0.0,7.24,3.62,0.45,0.41,1.0,0.14,0.0,0.08,0.75,0.14,0.86,0.5,0.0,0.0,0.08,0.0,0.2
4,新北國王,21|24|10874|13029,李愷諺/蘇士軒/熊祥泰/杰倫,2,12,15.0,224.28,3.74,03:44,112.14,1.87,01:52,3.0,1.5,20.0,28.89,11.0,5.5,73.33,105.94,6.0,3.0,40.0,57.79,1.0,0.5,6.67,9.63,3.0,1.5,20.0,28.89,1.0,0.5,6.67,9.63,3.0,1.5,20.0,28.89,0.0,0.0,0.0,0.0,2.0,1.0,13.33,19.26,1.0,0.5,6.67,9.63,1.0,0.5,6.67,9.63,3.0,1.5,20.0,28.89,2.0,1.0,13.33,19.26,1.0,0.5,6.67,9.63,0.0,0.0,0.0,0.0,0.0,0.0,0.0,0.0,0.0,0.0,0.0,0.0,0.0,0.0,0.0,0.0,0.0,0.0,0.0,0.0,0.0,0.0,0.0,0.0,20.0,73.33,-53.33,96.31,-8.0,-4.0,-53.33,3.74,1.87,0.17,0.22,0.33,0.0,0.5,0.0,0.0,0.5,0.6,0.57,0.0,0.0,0.0,0.0,0.33
4,新北國王,28|32|34|10874,呂政儒/奧帝/沃許本/熊祥泰,1,1,1.0,15.97,0.27,00:16,15.97,0.27,00:16,0.0,0.0,0.0,0.0,0.0,0.0,0.0,0.0,1.0,1.0,100.0,135.24,0.0,0.0,0.0,0.0,0.0,0.0,0.0,0.0,0.0,0.0,0.0,0.0,1.0,1.0,100.0,135.24,0.0,0.0,0.0,0.0,0.0,0.0,0.0,0.0,0.0,0.0,0.0,0.0,0.0,0.0,0.0,0.0,1.0,1.0,100.0,135.24,0.0,0.0,0.0,0.0,0.0,0.0,0.0,0.0,0.0,0.0,0.0,0.0,0.0,0.0,0.0,0.0,0.0,0.0,0.0,0.0,0.0,0.0,0.0,0.0,0.0,0.0,0.0,0.0,0.0,0.0,0.0,0.0,0.0,0.0,0.0,90.16,0.0,0.0,0.0,0.27,0.27,0.0,0.0,,0.0,,0.0,,,1.0,1.0,0.0,0.0,0.0,0.0,0.0
4,新北中信特攻,44|104|10877|10881,黃泓瀚/貝奇/阿巴西/飛克,2,18,23.0,271.16,4.52,04:31,135.58,2.26,02:16,15.0,7.5,65.22,119.48,14.0,7.0,60.87,111.52,11.0,5.5,47.83,87.62,7.0,3.5,30.43,55.76,8.0,4.0,34.78,63.73,7.0,3.5,30.43,55.76,3.0,1.5,13.04,23.9,0.0,0.0,0.0,0.0,1.0,0.5,4.35,7.97,1.0,0.5,4.35,7.97,2.0,1.0,8.7,15.93,2.0,1.0,8.7,15.93,1.0,0.5,4.35,7.97,2.0,1.0,8.7,15.93,0.0,0.0,0.0,0.0,2.0,1.0,8.7,15.93,0.0,0.0,0.0,0.0,0.0,0.0,0.0,0.0,1.0,0.5,4.35,7.97,0.0,0.0,0.0,0.0,65.22,60.87,4.35,122.14,1.0,0.5,4.35,4.52,2.26,0.64,0.66,0.88,0.0,1.0,0.0,0.29,0.5,0.67,0.57,0.0,0.0,0.04,0.0,0.09
4,新北國王,21|22|29|32,李愷諺/簡祐哲/林書緯/奧帝,1,5,8.0,73.0,1.22,01:13,73.0,1.22,01:13,0.0,0.0,0.0,0.0,7.0,7.0,87.5,207.12,2.0,2.0,25.0,59.18,0.0,0.0,0.0,0.0,2.0,2.0,25.0,59.18,0.0,0.0,0.0,0.0,0.0,0.0,0.0,0.0,0.0,0.0,0.0,0.0,0.0,0.0,0.0,0.0,0.0,0.0,0.0,0.0,1.0,1.0,12.5,29.59,1.0,1.0,12.5,29.59,0.0,0.0,0.0,0.0,0.0,0.0,0.0,0.0,2.0,2.0,25.0,59.18,0.0,0.0,0.0,0.0,2.0,2.0,25.0,59.18,1.0,1.0,12.5,29.59,0.0,0.0,0.0,0.0,1.0,1.0,12.5,29.59,0.0,87.5,-87.5,157.81,-7.0,-7.0,-87.5,1.22,1.22,0.0,0.0,0.0,,,0.5,,1.0,1.0,1.0,25.0,12.5,0.0,12.5,0.0
4,新北國王,21|22|32|13029,李愷諺/簡祐哲/奧帝/杰倫,1,5,8.0,73.0,1.22,01:13,73.0,1.22,01:13,0.0,0.0,0.0,0.0,7.0,7.0,87.5,207.12,2.0,2.0,25.0,59.18,0.0,0.0,0.0,0.0,2.0,2.0,25.0,59.18,0.0,0.0,0.0,0.0,0.0,0.0,0.0,0.0,0.0,0.0,0.0,0.0,0.0,0.0,0.0,0.0,0.0,0.0,0.0,0.0,1.0,1.0,12.5,29.59,1.0,1.0,12.5,29.59,0.0,0.0,0.0,0.0,0.0,0.0,0.0,0.0,2.0,2.0,25.0,59.18,0.0,0.0,0.0,0.0,2.0,2.0,25.0,59.18,1.0,1.0,12.5,29.59,0.0,0.0,0.0,0.0,1.0,1.0,12.5,29.59,0.0,87.5,-87.5,157.81,-7.0,-7.0,-87.5,1.22,1.22,0.0,0.0,0.0,,,0.5,,1.0,1.0,1.0,25.0,12.5,0.0,12.5,0.0
4,新北國王,22|34|10873|10874,簡祐哲/沃許本/喬納森/熊祥泰,1,15,16.0,252.16,4.2,04:12,252.16,4.2,04:12,11.0,11.0,68.75,94.22,7.0,7.0,43.75,59.96,9.0,9.0,56.25,77.09,4.0,4.0,25.0,34.26,2.0,2.0,12.5,17.13,1.0,1.0,6.25,8.57,7.0,7.0,43.75,59.96,3.0,3.0,18.75,25.7,0.0,0.0,0.0,0.0,0.0,0.0,0.0,0.0,1.0,1.0,6.25,8.57,4.0,4.0,25.0,34.26,0.0,0.0,0.0,0.0,3.0,3.0,18.75,25.7,0.0,0.0,0.0,0.0,2.0,2.0,12.5,17.13,0.0,0.0,0.0,0.0,0.0,0.0,0.0,0.0,0.0,0.0,0.0,0.0,0.0,0.0,0.0,0.0,68.75,43.75,25.0,91.37,4.0,4.0,25.0,4.2,4.2,0.61,0.61,0.5,0.43,,0.0,0.5,0.25,1.0,0.62,0.0,0.0,0.0,0.0,0.0
4,新北國王,22|34|10873|13029,簡祐哲/沃許本/喬納森/杰倫,1,28,33.0,468.87,7.81,07:49,468.87,7.81,07:49,20.0,20.0,60.61,92.14,13.0,13.0,39.39,59.89,15.0,15.0,45.45,69.1,7.0,7.0,21.21,32.25,5.0,5.0,15.15,23.03,3.0,3.0,9.09,13.82,10.0,10.0,30.3,46.07,4.0,4.0,12.12,18.43,0.0,0.0,0.0,0.0,0.0,0.0,0.0,0.0,3.0,3.0,9.09,13.82,5.0,5.0,15.15,23.03,2.0,2.0,6.06,9.21,7.0,7.0,21.21,32.25,2.0,2.0,6.06,9.21,2.0,2.0,6.06,9.21,1.0,1.0,3.03,4.61,0.0,0.0,0.0,0.0,1.0,1.0,3.03,4.61,0.0,0.0,0.0,0.0,60.61,39.39,21.21,101.35,7.0,7.0,21.21,7.81,7.81,0.6,0.67,0.6,0.4,,0.12,0.29,0.3,0.71,0.47,3.03,0.0,0.03,0.0,0.0
4,新北國王,22|10873|10874|13029,簡祐哲/喬納森/熊祥泰/杰倫,1,15,16.0,252.16,4.2,04:12,252.16,4.2,04:12,11.0,11.0,68.75,94.22,7.0,7.0,43.75,59.96,9.0,9.0,56.25,77.09,4.0,4.0,25.0,34.26,2.0,2.0,12.5,17.13,1.0,1.0,6.25,8.57,7.0,7.0,43.75,59.96,3.0,3.0,18.75,25.7,0.0,0.0,0.0,0.0,0.0,0.0,0.0,0.0,1.0,1.0,6.25,8.57,4.0,4.0,25.0,34.26,0.0,0.0,0.0,0.0,3.0,3.0,18.75,25.7,0.0,0.0,0.0,0.0,2.0,2.0,12.5,17.13,0.0,0.0,0.0,0.0,0.0,0.0,0.0,0.0,0.0,0.0,0.0,0.0,0.0,0.0,0.0,0.0,68.75,43.75,25.0,91.37,4.0,4.0,25.0,4.2,4.2,0.61,0.61,0.5,0.43,,0.0,0.5,0.25,1.0,0.62,0.0,0.0,0.0,0.0,0.0
4,新北國王,34|10873|10874|13029,沃許本/喬納森/熊祥泰/杰倫,1,15,16.0,252.16,4.2,04:12,252.16,4.2,04:12,11.0,11.0,68.75,94.22,7.0,7.0,43.75,59.96,9.0,9.0,56.25,77.09,4.0,4.0,25.0,34.26,2.0,2.0,12.5,17.13,1.0,1.0,6.25,8.57,7.0,7.0,43.75,59.96,3.0,3.0,18.75,25.7,0.0,0.0,0.0,0.0,0.0,0.0,0.0,0.0,1.0,1.0,6.25,8.57,4.0,4.0,25.0,34.26,0.0,0.0,0.0,0.0,3.0,3.0,18.75,25.7,0.0,0.0,0.0,0.0,2.0,2.0,12.5,17.13,0.0,0.0,0.0,0.0,0.0,0.0,0.0,0.0,0.0,0.0,0.0,0.0,0.0,0.0,0.0,0.0,68.75,43.75,25.0,91.37,4.0,4.0,25.0,4.2,4.2,0.61,0.61,0.5,0.43,,0.0,0.5,0.25,1.0,0.62,0.0,0.0,0.0,0.0,0.0
4,新北中信特攻,39|40|104|10879,魏嘉豪/謝亞軒/貝奇/簡廷兆,1,3,4.0,57.0,0.95,00:57,57.0,0.95,00:57,3.0,3.0,75.0,113.68,2.0,2.0,50.0,75.79,2.0,2.0,50.0,75.79,1.0,1.0,25.0,37.89,0.0,0.0,0.0,0.0,0.0,0.0,0.0,0.0,2.0,2.0,50.0,75.79,1.0,1.0,25.0,37.89,0.0,0.0,0.0,0.0,0.0,0.0,0.0,0.0,0.0,0.0,0.0,0.0,0.0,0.0,0.0,0.0,1.0,1.0,25.0,37.89,0.0,0.0,0.0,0.0,0.0,0.0,0.0,0.0,1.0,1.0,25.0,37.89,0.0,0.0,0.0,0.0,0.0,0.0,0.0,0.0,0.0,0.0,0.0,0.0,0.0,0.0,0.0,0.0,75.0,50.0,25.0,101.05,1.0,1.0,25.0,0.95,0.95,0.75,0.75,,0.5,,0.0,1.0,,0.0,0.0,0.0,0.0,0.0,0.0,0.0
4,新北國王,22|23|32|10873,簡祐哲/王柏智/奧帝/喬納森,1,3,4.0,40.56,0.68,00:41,40.56,0.68,00:41,1.0,1.0,25.0,53.26,0.0,0.0,0.0,0.0,0.0,0.0,0.0,0.0,0.0,0.0,0.0,0.0,0.0,0.0,0.0,0.0,0.0,0.0,0.0,0.0,0.0,0.0,0.0,0.0,0.0,0.0,0.0,0.0,2.0,2.0,50.0,106.51,1.0,1.0,25.0,53.26,0.0,0.0,0.0,0.0,1.0,1.0,25.0,53.26,1.0,1.0,25.0,53.26,1.0,1.0,25.0,53.26,0.0,0.0,0.0,0.0,0.0,0.0,0.0,0.0,0.0,0.0,0.0,0.0,0.0,0.0,0.0,0.0,1.0,1.0,25.0,53.26,2.0,2.0,50.0,106.51,25.0,0.0,25.0,142.02,1.0,1.0,25.0,0.68,0.68,,0.57,,,0.5,0.0,,0.0,0.5,0.33,0.0,0.0,0.25,50.0,
4,新北國王,22|23|32|13029,簡祐哲/王柏智/奧帝/杰倫,1,3,4.0,40.56,0.68,00:41,40.56,0.68,00:41,1.0,1.0,25.0,53.26,0.0,0.0,0.0,0.0,0.0,0.0,0.0,0.0,0.0,0.0,0.0,0.0,0.0,0.0,0.0,0.0,0.0,0.0,0.0,0.0,0.0,0.0,0.0,0.0,0.0,0.0,0.0,0.0,2.0,2.0,50.0,106.51,1.0,1.0,25.0,53.26,0.0,0.0,0.0,0.0,1.0,1.0,25.0,53.26,1.0,1.0,25.0,53.26,1.0,1.0,25.0,53.26,0.0,0.0,0.0,0.0,0.0,0.0,0.0,0.0,0.0,0.0,0.0,0.0,0.0,0.0,0.0,0.0,1.0,1.0,25.0,53.26,2.0,2.0,50.0,106.51,25.0,0.0,25.0,142.02,1.0,1.0,25.0,0.68,0.68,,0.57,,,0.5,0.0,,0.0,0.5,0.33,0.0,0.0,0.25,50.0,
4,新北國王,22|23|10873|13029,簡祐哲/王柏智/喬納森/杰倫,1,16,20.0,213.18,3.55,03:33,213.18,3.55,03:33,6.0,6.0,30.0,60.79,2.0,2.0,10.0,20.26,6.0,6.0,30.0,60.79,2.0,2.0,10.0,20.26,2.0,2.0,10.0,20.26,2.0,2.0,10.0,20.26,4.0,4.0,20.0,40.53,0.0,0.0,0.0,0.0,4.0,4.0,20.0,40.53,2.0,2.0,10.0,20.26,1.0,1.0,5.0,10.13,5.0,5.0,25.0,50.66,3.0,3.0,15.0,30.4,5.0,5.0,25.0,50.66,0.0,0.0,0.0,0.0,1.0,1.0,5.0,10.13,0.0,0.0,0.0,0.0,0.0,0.0,0.0,0.0,2.0,2.0,10.0,20.26,2.0,2.0,10.0,20.26,30.0,10.0,20.0,135.1,4.0,4.0,20.0,3.55,3.55,0.33,0.39,1.0,0.0,0.5,0.0,0.5,0.17,0.62,0.43,0.0,0.0,0.1,10.0,0.67
4,新北國王,22|32|10873|13029,簡祐哲/奧帝/喬納森/杰倫,1,3,4.0,40.56,0.68,00:41,40.56,0.68,00:41,1.0,1.0,25.0,53.26,0.0,0.0,0.0,0.0,0.0,0.0,0.0,0.0,0.0,0.0,0.0,0.0,0.0,0.0,0.0,0.0,0.0,0.0,0.0,0.0,0.0,0.0,0.0,0.0,0.0,0.0,0.0,0.0,2.0,2.0,50.0,106.51,1.0,1.0,25.0,53.26,0.0,0.0,0.0,0.0,1.0,1.0,25.0,53.26,1.0,1.0,25.0,53.26,1.0,1.0,25.0,53.26,0.0,0.0,0.0,0.0,0.0,0.0,0.0,0.0,0.0,0.0,0.0,0.0,0.0,0.0,0.0,0.0,1.0,1.0,25.0,53.26,2.0,2.0,50.0,106.51,25.0,0.0,25.0,142.02,1.0,1.0,25.0,0.68,0.68,,0.57,,,0.5,0.0,,0.0,0.5,0.33,0.0,0.0,0.25,50.0,
4,新北中信特攻,39|40|44|104,魏嘉豪/謝亞軒/黃泓瀚/貝奇,1,5,6.0,79.0,1.32,01:19,79.0,1.32,01:19,0.0,0.0,0.0,0.0,5.0,5.0,83.33,136.71,4.0,4.0,66.67,109.37,0.0,0.0,0.0,0.0,4.0,4.0,66.67,109.37,0.0,0.0,0.0,0.0,0.0,0.0,0.0,0.0,0.0,0.0,0.0,0.0,0.0,0.0,0.0,0.0,0.0,0.0,0.0,0.0,1.0,1.0,16.67,27.34,3.0,3.0,50.0,82.03,0.0,0.0,0.0,0.0,0.0,0.0,0.0,0.0,0.0,0.0,0.0,0.0,0.0,0.0,0.0,0.0,0.0,0.0,0.0,0.0,0.0,0.0,0.0,0.0,0.0,0.0,0.0,0.0,0.0,0.0,0.0,0.0,0.0,83.33,-83.33,109.37,-5.0,-5.0,-83.33,1.32,1.32,0.0,0.0,0.0,,,0.0,,1.0,1.0,1.0,0.0,0.0,0.0,0.0,0.0
4,新北中信特攻,40|44|104|10880,謝亞軒/黃泓瀚/貝奇/內馬,2,12,13.0,179.82,3.0,03:00,89.91,1.5,01:30,2.0,1.0,15.38,24.02,12.0,6.0,92.31,144.14,7.0,3.5,53.85,84.08,1.0,0.5,7.69,12.01,5.0,2.5,38.46,60.06,1.0,0.5,7.69,12.01,2.0,1.0,15.38,24.02,0.0,0.0,0.0,0.0,0.0,0.0,0.0,0.0,0.0,0.0,0.0,0.0,1.0,0.5,7.69,12.01,5.0,2.5,38.46,60.06,0.0,0.0,0.0,0.0,1.0,0.5,7.69,12.01,0.0,0.0,0.0,0.0,1.0,0.5,7.69,12.01,0.0,0.0,0.0,0.0,0.0,0.0,0.0,0.0,0.0,0.0,0.0,0.0,2.0,1.0,15.38,24.02,15.38,92.31,-76.92,104.1,-10.0,-5.0,-76.92,3.0,1.5,0.14,0.14,0.2,0.0,,0.0,1.0,0.5,1.0,0.86,0.0,0.0,0.0,15.38,0.0
4,新北國王,22|24|34|10873,簡祐哲/蘇士軒/沃許本/喬納森,1,9,11.0,151.0,2.52,02:31,151.0,2.52,02:31,7.0,7.0,63.64,100.13,4.0,4.0,36.36,57.22,4.0,4.0,36.36,57.22,3.0,3.0,27.27,42.91,2.0,2.0,18.18,28.61,2.0,2.0,18.18,28.61,2.0,2.0,18.18,28.61,1.0,1.0,9.09,14.3,0.0,0.0,0.0,0.0,0.0,0.0,0.0,0.0,1.0,1.0,9.09,14.3,0.0,0.0,0.0,0.0,1.0,1.0,9.09,14.3,3.0,3.0,27.27,42.91,1.0,1.0,9.09,14.3,0.0,0.0,0.0,0.0,0.0,0.0,0.0,0.0,0.0,0.0,0.0,0.0,1.0,1.0,9.09,14.3,0.0,0.0,0.0,0.0,63.64,36.36,27.27,104.9,3.0,3.0,27.27,2.52,2.52,0.88,0.88,1.0,0.5,,0.2,0.0,0.25,0.0,0.2,0.0,0.0,0.09,0.0,0.0
4,新北國王,22|24|34|13029,簡祐哲/蘇士軒/沃許本/杰倫,1,10,12.0,169.0,2.82,02:49,169.0,2.82,02:49,8.0,8.0,66.67,102.25,4.0,4.0,33.33,51.12,5.0,5.0,41.67,63.91,4.0,4.0,33.33,51.12,3.0,3.0,25.0,38.34,3.0,3.0,25.0,38.34,2.0,2.0,16.67,25.56,1.0,1.0,8.33,12.78,2.0,2.0,16.67,25.56,1.0,1.0,8.33,12.78,1.0,1.0,8.33,12.78,0.0,0.0,0.0,0.0,1.0,1.0,8.33,12.78,3.0,3.0,25.0,38.34,1.0,1.0,8.33,12.78,0.0,0.0,0.0,0.0,0.0,0.0,0.0,0.0,0.0,0.0,0.0,0.0,3.0,3.0,25.0,38.34,0.0,0.0,0.0,0.0,66.67,33.33,33.33,102.25,4.0,4.0,33.33,2.82,2.82,0.9,0.68,1.0,0.5,0.5,0.15,0.0,0.25,0.0,0.2,0.0,0.0,0.25,0.0,0.4
4,新北國王,22|24|10873|13029,簡祐哲/蘇士軒/喬納森/杰倫,1,9,11.0,151.0,2.52,02:31,151.0,2.52,02:31,7.0,7.0,63.64,100.13,4.0,4.0,36.36,57.22,4.0,4.0,36.36,57.22,3.0,3.0,27.27,42.91,2.0,2.0,18.18,28.61,2.0,2.0,18.18,28.61,2.0,2.0,18.18,28.61,1.0,1.0,9.09,14.3,0.0,0.0,0.0,0.0,0.0,0.0,0.0,0.0,1.0,1.0,9.09,14.3,0.0,0.0,0.0,0.0,1.0,1.0,9.09,14.3,3.0,3.0,27.27,42.91,1.0,1.0,9.09,14.3,0.0,0.0,0.0,0.0,0.0,0.0,0.0,0.0,0.0,0.0,0.0,0.0,1.0,1.0,9.09,14.3,0.0,0.0,0.0,0.0,63.64,36.36,27.27,104.9,3.0,3.0,27.27,2.52,2.52,0.88,0.88,1.0,0.5,,0.2,0.0,0.25,0.0,0.2,0.0,0.0,0.09,0.0,0.0
4,新北國王,24|34|10873|13029,蘇士軒/沃許本/喬納森/杰倫,1,11,14.0,187.08,3.12,03:07,187.08,3.12,03:07,7.0,7.0,50.0,80.82,7.0,7.0,50.0,80.82,4.0,4.0,28.57,46.18,3.0,3.0,21.43,34.64,2.0,2.0,14.29,23.09,2.0,2.0,14.29,23.09,2.0,2.0,14.29,23.09,1.0,1.0,7.14,11.55,1.0,1.0,7.14,11.55,0.0,0.0,0.0,0.0,1.0,1.0,7.14,11.55,1.0,1.0,7.14,11.55,1.0,1.0,7.14,11.55,4.0,4.0,28.57,46.18,1.0,1.0,7.14,11.55,0.0,0.0,0.0,0.0,0.0,0.0,0.0,0.0,0.0,0.0,0.0,0.0,2.0,2.0,14.29,23.09,1.0,1.0,7.14,11.55,50.0,50.0,0.0,107.76,0.0,0.0,0.0,3.12,3.12,0.88,0.79,1.0,0.5,0.0,0.18,0.0,0.2,0.5,0.29,0.0,0.0,0.14,7.14,0.25
4,新北國王,19|22|34|10873,蘇培凱/簡祐哲/沃許本/喬納森,1,4,6.0,65.7,1.1,01:06,65.7,1.1,01:06,2.0,2.0,33.33,65.75,2.0,2.0,33.33,65.75,2.0,2.0,33.33,65.75,0.0,0.0,0.0,0.0,1.0,1.0,16.67,32.88,0.0,0.0,0.0,0.0,1.0,1.0,16.67,32.88,0.0,0.0,0.0,0.0,0.0,0.0,0.0,0.0,0.0,0.0,0.0,0.0,1.0,1.0,16.67,32.88,1.0,1.0,16.67,32.88,1.0,1.0,16.67,32.88,1.0,1.0,16.67,32.88,1.0,1.0,16.67,32.88,0.0,0.0,0.0,0.0,1.0,1.0,16.67,32.88,0.0,0.0,0.0,0.0,0.0,0.0,0.0,0.0,0.0,0.0,0.0,0.0,33.33,33.33,0.0,131.5,0.0,0.0,0.0,1.1,1.1,0.0,0.5,0.0,0.0,,0.33,,0.5,0.5,0.5,16.67,0.0,0.0,0.0,0.0
4,新北國王,19|22|34|13029,蘇培凱/簡祐哲/沃許本/杰倫,1,5,7.0,83.7,1.4,01:24,83.7,1.4,01:24,3.0,3.0,42.86,77.42,2.0,2.0,28.57,51.61,3.0,3.0,42.86,77.42,1.0,1.0,14.29,25.81,2.0,2.0,28.57,51.61,1.0,1.0,14.29,25.81,1.0,1.0,14.29,25.81,0.0,0.0,0.0,0.0,2.0,2.0,28.57,51.61,1.0,1.0,14.29,25.81,1.0,1.0,14.29,25.81,1.0,1.0,14.29,25.81,1.0,1.0,14.29,25.81,1.0,1.0,14.29,25.81,1.0,1.0,14.29,25.81,0.0,0.0,0.0,0.0,1.0,1.0,14.29,25.81,0.0,0.0,0.0,0.0,2.0,2.0,28.57,51.61,0.0,0.0,0.0,0.0,42.86,28.57,14.29,120.43,1.0,1.0,14.29,1.4,1.4,0.33,0.39,0.5,0.0,0.5,0.2,0.0,0.5,0.5,0.5,14.29,0.0,0.29,0.0,0.67
4,新北國王,19|22|10873|13029,蘇培凱/簡祐哲/喬納森/杰倫,1,17,22.0,238.32,3.97,03:58,238.32,3.97,03:58,7.0,7.0,31.82,63.44,4.0,4.0,18.18,36.25,8.0,8.0,36.36,72.51,2.0,2.0,9.09,18.13,3.0,3.0,13.64,27.19,2.0,2.0,9.09,18.13,5.0,5.0,22.73,45.32,0.0,0.0,0.0,0.0,2.0,2.0,9.09,18.13,1.0,1.0,4.55,9.06,2.0,2.0,9.09,18.13,5.0,5.0,22.73,45.32,3.0,3.0,13.64,27.19,5.0,5.0,22.73,45.32,1.0,1.0,4.55,9.06,1.0,1.0,4.55,9.06,1.0,1.0,4.55,9.06,0.0,0.0,0.0,0.0,1.0,1.0,4.55,9.06,0.0,0.0,0.0,0.0,31.82,18.18,13.64,132.93,3.0,3.0,13.64,3.97,3.97,0.25,0.39,0.67,0.0,0.5,0.1,0.5,0.29,0.62,0.47,4.55,0.0,0.05,0.0,0.25
4,新北國王,19|34|10873|13029,蘇培凱/沃許本/喬納森/杰倫,1,6,9.0,101.78,1.7,01:42,101.78,1.7,01:42,2.0,2.0,22.22,42.45,5.0,5.0,55.56,106.11,2.0,2.0,22.22,42.45,0.0,0.0,0.0,0.0,1.0,1.0,11.11,21.22,0.0,0.0,0.0,0.0,1.0,1.0,11.11,21.22,0.0,0.0,0.0,0.0,1.0,1.0,11.11,21.22,0.0,0.0,0.0,0.0,1.0,1.0,11.11,21.22,2.0,2.0,22.22,42.45,1.0,1.0,11.11,21.22,2.0,2.0,22.22,42.45,1.0,1.0,11.11,21.22,0.0,0.0,0.0,0.0,1.0,1.0,11.11,21.22,0.0,0.0,0.0,0.0,1.0,1.0,11.11,21.22,1.0,1.0,11.11,21.22,22.22,55.56,-33.33,127.34,-3.0,-3.0,-33.33,1.7,1.7,0.0,0.41,0.0,0.0,0.0,0.29,,0.33,0.67,0.5,11.11,0.0,0.11,11.11,0.5
4,新北中信特攻,40|104|113|10880,謝亞軒/貝奇/林任鴻/內馬,2,13,16.0,238.32,3.97,03:58,119.16,1.99,01:59,15.0,7.5,93.75,135.95,5.0,2.5,31.25,45.32,7.0,3.5,43.75,63.44,6.0,3.0,37.5,54.38,6.0,3.0,37.5,54.38,5.0,2.5,31.25,45.32,1.0,0.5,6.25,9.06,1.0,0.5,6.25,9.06,3.0,1.5,18.75,27.19,2.0,1.0,12.5,18.13,1.0,0.5,6.25,9.06,1.0,0.5,6.25,9.06,1.0,0.5,6.25,9.06,3.0,1.5,18.75,27.19,0.0,0.0,0.0,0.0,4.0,2.0,25.0,36.25,0.0,0.0,0.0,0.0,0.0,0.0,0.0,0.0,3.0,1.5,18.75,27.19,3.0,1.5,18.75,27.19,93.75,31.25,62.5,96.67,10.0,5.0,62.5,3.97,1.99,0.93,0.9,0.83,1.0,0.67,0.0,0.67,0.25,0.5,0.33,0.0,0.0,0.19,18.75,0.43
4,新北中信特攻,104|113|10879|10880,貝奇/林任鴻/簡廷兆/內馬,2,12,13.0,144.85,2.41,02:25,72.42,1.21,01:12,8.0,4.0,61.54,119.3,2.0,1.0,15.38,29.82,3.0,1.5,23.08,44.74,3.0,1.5,23.08,44.74,2.0,1.0,15.38,29.82,2.0,1.0,15.38,29.82,1.0,0.5,7.69,14.91,1.0,0.5,7.69,14.91,2.0,1.0,15.38,29.82,1.0,0.5,7.69,14.91,0.0,0.0,0.0,0.0,1.0,0.5,7.69,14.91,0.0,0.0,0.0,0.0,3.0,1.5,23.08,44.74,2.0,1.0,15.38,29.82,0.0,0.0,0.0,0.0,1.0,0.5,7.69,14.91,0.0,0.0,0.0,0.0,3.0,1.5,23.08,44.74,5.0,2.5,38.46,74.56,61.54,15.38,46.15,129.24,6.0,3.0,46.15,2.41,1.21,1.17,1.03,1.0,1.0,0.5,0.34,0.0,0.0,1.0,0.25,7.69,0.0,0.23,38.46,0.67
4,新北國王,19|24|34|10873,蘇培凱/蘇士軒/沃許本/喬納森,1,2,3.0,36.07,0.6,00:36,36.07,0.6,00:36,0.0,0.0,0.0,0.0,3.0,3.0,100.0,179.63,0.0,0.0,0.0,0.0,0.0,0.0,0.0,0.0,0.0,0.0,0.0,0.0,0.0,0.0,0.0,0.0,0.0,0.0,0.0,0.0,0.0,0.0,0.0,0.0,1.0,1.0,33.33,59.88,0.0,0.0,0.0,0.0,0.0,0.0,0.0,0.0,1.0,1.0,33.33,59.88,0.0,0.0,0.0,0.0,1.0,1.0,33.33,59.88,0.0,0.0,0.0,0.0,0.0,0.0,0.0,0.0,0.0,0.0,0.0,0.0,0.0,0.0,0.0,0.0,1.0,1.0,33.33,59.88,1.0,1.0,33.33,59.88,0.0,100.0,-100.0,119.75,-3.0,-3.0,-100.0,0.6,0.6,,0.0,,,0.0,0.0,,0.0,1.0,0.5,0.0,0.0,0.33,33.33,
4,新北國王,19|24|34|13029,蘇培凱/蘇士軒/沃許本/杰倫,1,3,4.0,54.08,0.9,00:54,54.08,0.9,00:54,1.0,1.0,25.0,39.94,3.0,3.0,75.0,119.83,1.0,1.0,25.0,39.94,1.0,1.0,25.0,39.94,1.0,1.0,25.0,39.94,1.0,1.0,25.0,39.94,0.0,0.0,0.0,0.0,0.0,0.0,0.0,0.0,3.0,3.0,75.0,119.83,1.0,1.0,25.0,39.94,0.0,0.0,0.0,0.0,1.0,1.0,25.0,39.94,0.0,0.0,0.0,0.0,1.0,1.0,25.0,39.94,0.0,0.0,0.0,0.0,0.0,0.0,0.0,0.0,0.0,0.0,0.0,0.0,0.0,0.0,0.0,0.0,3.0,3.0,75.0,119.83,1.0,1.0,25.0,39.94,25.0,75.0,-50.0,106.52,-2.0,-2.0,-50.0,0.9,0.9,1.0,0.22,1.0,,0.33,0.0,0.0,0.0,1.0,0.5,0.0,0.0,0.75,25.0,3.0
4,新北國王,19|24|10873|13029,蘇培凱/蘇士軒/喬納森/杰倫,1,2,3.0,36.07,0.6,00:36,36.07,0.6,00:36,0.0,0.0,0.0,0.0,3.0,3.0,100.0,179.63,0.0,0.0,0.0,0.0,0.0,0.0,0.0,0.0,0.0,0.0,0.0,0.0,0.0,0.0,0.0,0.0,0.0,0.0,0.0,0.0,0.0,0.0,0.0,0.0,1.0,1.0,33.33,59.88,0.0,0.0,0.0,0.0,0.0,0.0,0.0,0.0,1.0,1.0,33.33,59.88,0.0,0.0,0.0,0.0,1.0,1.0,33.33,59.88,0.0,0.0,0.0,0.0,0.0,0.0,0.0,0.0,0.0,0.0,0.0,0.0,0.0,0.0,0.0,0.0,1.0,1.0,33.33,59.88,1.0,1.0,33.33,59.88,0.0,100.0,-100.0,119.75,-3.0,-3.0,-100.0,0.6,0.6,,0.0,,,0.0,0.0,,0.0,1.0,0.5,0.0,0.0,0.33,33.33,
4,新北中信特攻,48|104|113|10879,李沛澄/貝奇/林任鴻/簡廷兆,1,1,1.0,4.0,0.07,00:04,4.0,0.07,00:04,0.0,0.0,0.0,0.0,1.0,1.0,100.0,540.0,0.0,0.0,0.0,0.0,0.0,0.0,0.0,0.0,0.0,0.0,0.0,0.0,0.0,0.0,0.0,0.0,0.0,0.0,0.0,0.0,0.0,0.0,0.0,0.0,0.0,0.0,0.0,0.0,0.0,0.0,0.0,0.0,0.0,0.0,0.0,0.0,0.0,0.0,0.0,0.0,0.0,0.0,0.0,0.0,0.0,0.0,0.0,0.0,0.0,0.0,0.0,0.0,0.0,0.0,0.0,0.0,0.0,0.0,0.0,0.0,0.0,0.0,0.0,0.0,0.0,0.0,0.0,0.0,2.0,2.0,200.0,1080.0,0.0,100.0,-100.0,360.0,-1.0,-1.0,-100.0,0.07,0.07,,,,,,,,,,,0.0,0.0,0.0,200.0,
4,新北中信特攻,48|113|10879|10880,李沛澄/林任鴻/簡廷兆/內馬,1,1,1.0,4.0,0.07,00:04,4.0,0.07,00:04,0.0,0.0,0.0,0.0,1.0,1.0,100.0,540.0,0.0,0.0,0.0,0.0,0.0,0.0,0.0,0.0,0.0,0.0,0.0,0.0,0.0,0.0,0.0,0.0,0.0,0.0,0.0,0.0,0.0,0.0,0.0,0.0,0.0,0.0,0.0,0.0,0.0,0.0,0.0,0.0,0.0,0.0,0.0,0.0,0.0,0.0,0.0,0.0,0.0,0.0,0.0,0.0,0.0,0.0,0.0,0.0,0.0,0.0,0.0,0.0,0.0,0.0,0.0,0.0,0.0,0.0,0.0,0.0,0.0,0.0,0.0,0.0,0.0,0.0,0.0,0.0,2.0,2.0,200.0,1080.0,0.0,100.0,-100.0,360.0,-1.0,-1.0,-100.0,0.07,0.07,,,,,,,,,,,0.0,0.0,0.0,200.0,
4,新北國王,19|22|24|34,蘇培凱/簡祐哲/蘇士軒/沃許本,1,1,1.0,18.0,0.3,00:18,18.0,0.3,00:18,1.0,1.0,100.0,120.0,0.0,0.0,0.0,0.0,1.0,1.0,100.0,120.0,1.0,1.0,100.0,120.0,1.0,1.0,100.0,120.0,1.0,1.0,100.0,120.0,0.0,0.0,0.0,0.0,0.0,0.0,0.0,0.0,2.0,2.0,200.0,240.0,1.0,1.0,100.0,120.0,0.0,0.0,0.0,0.0,0.0,0.0,0.0,0.0,0.0,0.0,0.0,0.0,0.0,0.0,0.0,0.0,0.0,0.0,0.0,0.0,0.0,0.0,0.0,0.0,0.0,0.0,0.0,0.0,0.0,0.0,0.0,0.0,2.0,2.0,200.0,240.0,0.0,0.0,0.0,0.0,100.0,0.0,100.0,80.0,1.0,1.0,100.0,0.3,0.3,1.0,0.27,1.0,,0.5,0.0,0.0,,,,0.0,0.0,2.0,0.0,2.0
4,新北國王,19|22|24|13029,蘇培凱/簡祐哲/蘇士軒/杰倫,1,1,1.0,26.0,0.43,00:26,26.0,0.43,00:26,1.0,1.0,100.0,83.08,0.0,0.0,0.0,0.0,1.0,1.0,100.0,83.08,1.0,1.0,100.0,83.08,1.0,1.0,100.0,83.08,1.0,1.0,100.0,83.08,0.0,0.0,0.0,0.0,0.0,0.0,0.0,0.0,2.0,2.0,200.0,166.15,1.0,1.0,100.0,83.08,0.0,0.0,0.0,0.0,0.0,0.0,0.0,0.0,0.0,0.0,0.0,0.0,0.0,0.0,0.0,0.0,0.0,0.0,0.0,0.0,0.0,0.0,0.0,0.0,0.0,0.0,0.0,0.0,0.0,0.0,0.0,0.0,2.0,2.0,200.0,166.15,0.0,0.0,0.0,0.0,100.0,0.0,100.0,55.38,1.0,1.0,100.0,0.43,0.43,1.0,0.27,1.0,,0.5,0.0,0.0,,,,0.0,0.0,2.0,0.0,2.0
4,新北中信特攻,38|44|48|113,余維豪/黃泓瀚/李沛澄/林任鴻,1,20,25.0,281.62,4.69,04:42,281.62,4.69,04:42,4.0,4.0,16.0,30.68,10.0,10.0,40.0,76.7,10.0,10.0,40.0,76.7,2.0,2.0,8.0,15.34,8.0,8.0,32.0,61.36,2.0,2.0,8.0,15.34,2.0,2.0,8.0,15.34,0.0,0.0,0.0,0.0,0.0,0.0,0.0,0.0,0.0,0.0,0.0,0.0,3.0,3.0,12.0,23.01,5.0,5.0,20.0,38.35,1.0,1.0,4.0,7.67,6.0,6.0,24.0,46.02,4.0,4.0,16.0,30.68,1.0,1.0,4.0,7.67,3.0,3.0,12.0,23.01,0.0,0.0,0.0,0.0,0.0,0.0,0.0,0.0,2.0,2.0,8.0,15.34,16.0,40.0,-24.0,127.83,-6.0,-6.0,-24.0,4.69,4.69,0.2,0.2,0.25,0.0,,0.29,0.5,0.33,0.83,0.53,12.0,0.0,0.0,8.0,0.0
4,新北中信特攻,38|44|48|10878,余維豪/黃泓瀚/李沛澄/曾信武,1,20,25.0,281.62,4.69,04:42,281.62,4.69,04:42,4.0,4.0,16.0,30.68,10.0,10.0,40.0,76.7,10.0,10.0,40.0,76.7,2.0,2.0,8.0,15.34,8.0,8.0,32.0,61.36,2.0,2.0,8.0,15.34,2.0,2.0,8.0,15.34,0.0,0.0,0.0,0.0,0.0,0.0,0.0,0.0,0.0,0.0,0.0,0.0,3.0,3.0,12.0,23.01,5.0,5.0,20.0,38.35,1.0,1.0,4.0,7.67,6.0,6.0,24.0,46.02,4.0,4.0,16.0,30.68,1.0,1.0,4.0,7.67,3.0,3.0,12.0,23.01,0.0,0.0,0.0,0.0,0.0,0.0,0.0,0.0,2.0,2.0,8.0,15.34,16.0,40.0,-24.0,127.83,-6.0,-6.0,-24.0,4.69,4.69,0.2,0.2,0.25,0.0,,0.29,0.5,0.33,0.83,0.53,12.0,0.0,0.0,8.0,0.0
4,新北中信特攻,38|44|113|10878,余維豪/黃泓瀚/林任鴻/曾信武,1,20,25.0,281.62,4.69,04:42,281.62,4.69,04:42,4.0,4.0,16.0,30.68,10.0,10.0,40.0,76.7,10.0,10.0,40.0,76.7,2.0,2.0,8.0,15.34,8.0,8.0,32.0,61.36,2.0,2.0,8.0,15.34,2.0,2.0,8.0,15.34,0.0,0.0,0.0,0.0,0.0,0.0,0.0,0.0,0.0,0.0,0.0,0.0,3.0,3.0,12.0,23.01,5.0,5.0,20.0,38.35,1.0,1.0,4.0,7.67,6.0,6.0,24.0,46.02,4.0,4.0,16.0,30.68,1.0,1.0,4.0,7.67,3.0,3.0,12.0,23.01,0.0,0.0,0.0,0.0,0.0,0.0,0.0,0.0,2.0,2.0,8.0,15.34,16.0,40.0,-24.0,127.83,-6.0,-6.0,-24.0,4.69,4.69,0.2,0.2,0.25,0.0,,0.29,0.5,0.33,0.83,0.53,12.0,0.0,0.0,8.0,0.0
4,新北中信特攻,38|48|113|10878,余維豪/李沛澄/林任鴻/曾信武,1,20,25.0,281.62,4.69,04:42,281.62,4.69,04:42,4.0,4.0,16.0,30.68,10.0,10.0,40.0,76.7,10.0,10.0,40.0,76.7,2.0,2.0,8.0,15.34,8.0,8.0,32.0,61.36,2.0,2.0,8.0,15.34,2.0,2.0,8.0,15.34,0.0,0.0,0.0,0.0,0.0,0.0,0.0,0.0,0.0,0.0,0.0,0.0,3.0,3.0,12.0,23.01,5.0,5.0,20.0,38.35,1.0,1.0,4.0,7.67,6.0,6.0,24.0,46.02,4.0,4.0,16.0,30.68,1.0,1.0,4.0,7.67,3.0,3.0,12.0,23.01,0.0,0.0,0.0,0.0,0.0,0.0,0.0,0.0,2.0,2.0,8.0,15.34,16.0,40.0,-24.0,127.83,-6.0,-6.0,-24.0,4.69,4.69,0.2,0.2,0.25,0.0,,0.29,0.5,0.33,0.83,0.53,12.0,0.0,0.0,8.0,0.0
4,新北中信特攻,44|48|113|10878,黃泓瀚/李沛澄/林任鴻/曾信武,1,20,25.0,281.62,4.69,04:42,281.62,4.69,04:42,4.0,4.0,16.0,30.68,10.0,10.0,40.0,76.7,10.0,10.0,40.0,76.7,2.0,2.0,8.0,15.34,8.0,8.0,32.0,61.36,2.0,2.0,8.0,15.34,2.0,2.0,8.0,15.34,0.0,0.0,0.0,0.0,0.0,0.0,0.0,0.0,0.0,0.0,0.0,0.0,3.0,3.0,12.0,23.01,5.0,5.0,20.0,38.35,1.0,1.0,4.0,7.67,6.0,6.0,24.0,46.02,4.0,4.0,16.0,30.68,1.0,1.0,4.0,7.67,3.0,3.0,12.0,23.01,0.0,0.0,0.0,0.0,0.0,0.0,0.0,0.0,2.0,2.0,8.0,15.34,16.0,40.0,-24.0,127.83,-6.0,-6.0,-24.0,4.69,4.69,0.2,0.2,0.25,0.0,,0.29,0.5,0.33,0.83,0.53,12.0,0.0,0.0,8.0,0.0
4,新北國王,19|22|23|13029,蘇培凱/簡祐哲/王柏智/杰倫,1,13,16.0,180.62,3.01,03:01,180.62,3.01,03:01,5.0,5.0,31.25,59.79,2.0,2.0,12.5,23.92,6.0,6.0,37.5,71.75,2.0,2.0,12.5,23.92,2.0,2.0,12.5,23.92,2.0,2.0,12.5,23.92,4.0,4.0,25.0,47.83,0.0,0.0,0.0,0.0,2.0,2.0,12.5,23.92,1.0,1.0,6.25,11.96,1.0,1.0,6.25,11.96,4.0,4.0,25.0,47.83,2.0,2.0,12.5,23.92,4.0,4.0,25.0,47.83,0.0,0.0,0.0,0.0,1.0,1.0,6.25,11.96,0.0,0.0,0.0,0.0,0.0,0.0,0.0,0.0,1.0,1.0,6.25,11.96,0.0,0.0,0.0,0.0,31.25,12.5,18.75,127.56,3.0,3.0,18.75,3.01,3.01,0.33,0.36,1.0,0.0,0.5,0.0,0.5,0.2,0.67,0.45,0.0,0.0,0.06,0.0,0.33
4,新北國王,19|23|10873|13029,蘇培凱/王柏智/喬納森/杰倫,1,13,16.0,172.62,2.88,02:53,172.62,2.88,02:53,5.0,5.0,31.25,62.56,2.0,2.0,12.5,25.03,6.0,6.0,37.5,75.08,2.0,2.0,12.5,25.03,2.0,2.0,12.5,25.03,2.0,2.0,12.5,25.03,4.0,4.0,25.0,50.05,0.0,0.0,0.0,0.0,2.0,2.0,12.5,25.03,1.0,1.0,6.25,12.51,1.0,1.0,6.25,12.51,4.0,4.0,25.0,50.05,2.0,2.0,12.5,25.03,4.0,4.0,25.0,50.05,0.0,0.0,0.0,0.0,1.0,1.0,6.25,12.51,0.0,0.0,0.0,0.0,0.0,0.0,0.0,0.0,1.0,1.0,6.25,12.51,0.0,0.0,0.0,0.0,31.25,12.5,18.75,133.47,3.0,3.0,18.75,2.88,2.88,0.33,0.36,1.0,0.0,0.5,0.0,0.5,0.2,0.67,0.45,0.0,0.0,0.06,0.0,0.33
4,新北國王,19|22|23|24,蘇培凱/簡祐哲/王柏智/蘇士軒,1,7,9.0,117.0,1.95,01:57,117.0,1.95,01:57,5.0,5.0,55.56,92.31,2.0,2.0,22.22,36.92,4.0,4.0,44.44,73.85,2.0,2.0,22.22,36.92,2.0,2.0,22.22,36.92,1.0,1.0,11.11,18.46,2.0,2.0,22.22,36.92,1.0,1.0,11.11,18.46,0.0,0.0,0.0,0.0,0.0,0.0,0.0,0.0,0.0,0.0,0.0,0.0,2.0,2.0,22.22,36.92,1.0,1.0,11.11,18.46,1.0,1.0,11.11,18.46,0.0,0.0,0.0,0.0,1.0,1.0,11.11,18.46,0.0,0.0,0.0,0.0,0.0,0.0,0.0,0.0,0.0,0.0,0.0,0.0,0.0,0.0,0.0,0.0,55.56,22.22,33.33,110.77,3.0,3.0,33.33,1.95,1.95,0.62,0.62,0.5,0.5,,0.0,0.5,0.0,0.67,0.5,0.0,0.0,0.0,0.0,0.0
4,新北國王,19|22|24|10873,蘇培凱/簡祐哲/蘇士軒/喬納森,1,7,9.0,109.0,1.82,01:49,109.0,1.82,01:49,5.0,5.0,55.56,99.08,2.0,2.0,22.22,39.63,4.0,4.0,44.44,79.27,2.0,2.0,22.22,39.63,2.0,2.0,22.22,39.63,1.0,1.0,11.11,19.82,2.0,2.0,22.22,39.63,1.0,1.0,11.11,19.82,0.0,0.0,0.0,0.0,0.0,0.0,0.0,0.0,0.0,0.0,0.0,0.0,2.0,2.0,22.22,39.63,1.0,1.0,11.11,19.82,1.0,1.0,11.11,19.82,0.0,0.0,0.0,0.0,1.0,1.0,11.11,19.82,0.0,0.0,0.0,0.0,0.0,0.0,0.0,0.0,0.0,0.0,0.0,0.0,0.0,0.0,0.0,0.0,55.56,22.22,33.33,118.9,3.0,3.0,33.33,1.82,1.82,0.62,0.62,0.5,0.5,,0.0,0.5,0.0,0.67,0.5,0.0,0.0,0.0,0.0,0.0
4,新北國王,22|23|24|10873,簡祐哲/王柏智/蘇士軒/喬納森,1,7,9.0,109.0,1.82,01:49,109.0,1.82,01:49,5.0,5.0,55.56,99.08,2.0,2.0,22.22,39.63,4.0,4.0,44.44,79.27,2.0,2.0,22.22,39.63,2.0,2.0,22.22,39.63,1.0,1.0,11.11,19.82,2.0,2.0,22.22,39.63,1.0,1.0,11.11,19.82,0.0,0.0,0.0,0.0,0.0,0.0,0.0,0.0,0.0,0.0,0.0,0.0,2.0,2.0,22.22,39.63,1.0,1.0,11.11,19.82,1.0,1.0,11.11,19.82,0.0,0.0,0.0,0.0,1.0,1.0,11.11,19.82,0.0,0.0,0.0,0.0,0.0,0.0,0.0,0.0,0.0,0.0,0.0,0.0,0.0,0.0,0.0,0.0,55.56,22.22,33.33,118.9,3.0,3.0,33.33,1.82,1.82,0.62,0.62,0.5,0.5,,0.0,0.5,0.0,0.67,0.5,0.0,0.0,0.0,0.0,0.0
4,臺北台新戰神,14|10864|10867|13907,錢肯尼/劉彥廷/威力斯/梅克,1,21,25.0,299.0,4.98,04:59,299.0,4.98,04:59,16.0,16.0,64.0,115.59,9.0,9.0,36.0,65.02,9.0,9.0,36.0,65.02,5.0,5.0,20.0,36.12,5.0,5.0,20.0,36.12,2.0,2.0,8.0,14.45,4.0,4.0,16.0,28.9,3.0,3.0,12.0,21.67,4.0,4.0,16.0,28.9,3.0,3.0,12.0,21.67,2.0,2.0,8.0,14.45,2.0,2.0,8.0,14.45,2.0,2.0,8.0,14.45,5.0,5.0,20.0,36.12,2.0,2.0,8.0,14.45,5.0,5.0,20.0,36.12,1.0,1.0,4.0,7.22,2.0,2.0,8.0,14.45,4.0,4.0,16.0,28.9,0.0,0.0,0.0,0.0,64.0,36.0,28.0,120.4,7.0,7.0,28.0,4.98,4.98,0.72,0.74,0.4,0.75,0.75,0.16,1.0,0.29,0.5,0.36,4.0,8.0,0.16,0.0,0.44
4,桃園台啤永豐雲豹,16|55|58|10860,米勒/汪哲宇/林信寬/麥卡洛,1,7,12.0,179.0,2.98,02:59,179.0,2.98,02:59,2.0,2.0,16.67,24.13,0.0,0.0,0.0,0.0,4.0,4.0,33.33,48.27,1.0,1.0,8.33,12.07,3.0,3.0,25.0,36.2,1.0,1.0,8.33,12.07,1.0,1.0,8.33,12.07,0.0,0.0,0.0,0.0,0.0,0.0,0.0,0.0,0.0,0.0,0.0,0.0,0.0,0.0,0.0,0.0,3.0,3.0,25.0,36.2,3.0,3.0,25.0,36.2,0.0,0.0,0.0,0.0,0.0,0.0,0.0,0.0,0.0,0.0,0.0,0.0,0.0,0.0,0.0,0.0,0.0,0.0,0.0,0.0,0.0,0.0,0.0,0.0,0.0,0.0,0.0,0.0,16.67,0.0,16.67,96.54,2.0,2.0,16.67,2.98,2.98,0.25,0.25,0.33,0.0,,0.0,0.0,,0.5,0.5,0.0,0.0,0.0,0.0,0.0
4,臺北台新戰神,5|10|13|13907,黃聰翰/雷蒙恩/陳冠全/梅克,1,10,12.0,174.0,2.9,02:54,174.0,2.9,02:54,2.0,2.0,16.67,24.83,5.0,5.0,41.67,62.07,5.0,5.0,41.67,62.07,1.0,1.0,8.33,12.41,4.0,4.0,33.33,49.66,1.0,1.0,8.33,12.41,1.0,1.0,8.33,12.41,0.0,0.0,0.0,0.0,0.0,0.0,0.0,0.0,0.0,0.0,0.0,0.0,1.0,1.0,8.33,12.41,3.0,3.0,25.0,37.24,1.0,1.0,8.33,12.41,2.0,2.0,16.67,24.83,1.0,1.0,8.33,12.41,1.0,1.0,8.33,12.41,0.0,0.0,0.0,0.0,0.0,0.0,0.0,0.0,0.0,0.0,0.0,0.0,2.0,2.0,16.67,24.83,16.67,41.67,-25.0,99.31,-3.0,-3.0,-25.0,2.9,2.9,0.2,0.2,0.25,0.0,,0.17,1.0,0.33,0.75,0.57,0.0,0.0,0.0,16.67,0.0
4,臺北台新戰神,3|10|13|14,陳文宏/雷蒙恩/陳冠全/錢肯尼,1,7,8.0,72.34,1.21,01:12,72.34,1.21,01:12,3.0,3.0,37.5,89.57,4.0,4.0,50.0,119.43,2.0,2.0,25.0,59.72,1.0,1.0,12.5,29.86,1.0,1.0,12.5,29.86,0.0,0.0,0.0,0.0,1.0,1.0,12.5,29.86,1.0,1.0,12.5,29.86,0.0,0.0,0.0,0.0,0.0,0.0,0.0,0.0,0.0,0.0,0.0,0.0,1.0,1.0,12.5,29.86,1.0,1.0,12.5,29.86,1.0,1.0,12.5,29.86,1.0,1.0,12.5,29.86,1.0,1.0,12.5,29.86,1.0,1.0,12.5,29.86,0.0,0.0,0.0,0.0,0.0,0.0,0.0,0.0,0.0,0.0,0.0,0.0,37.5,50.0,-12.5,159.24,-1.0,-1.0,-12.5,1.21,1.21,0.75,0.75,0.0,1.0,,0.33,1.0,0.0,0.5,0.33,12.5,0.0,0.0,0.0,0.0
4,臺北台新戰神,3|13|14|13907,陳文宏/陳冠全/錢肯尼/梅克,1,9,11.0,115.34,1.92,01:55,115.34,1.92,01:55,3.0,3.0,27.27,56.18,6.0,6.0,54.55,112.36,3.0,3.0,27.27,56.18,1.0,1.0,9.09,18.73,1.0,1.0,9.09,18.73,0.0,0.0,0.0,0.0,2.0,2.0,18.18,37.45,1.0,1.0,9.09,18.73,0.0,0.0,0.0,0.0,0.0,0.0,0.0,0.0,0.0,0.0,0.0,0.0,2.0,2.0,18.18,37.45,2.0,2.0,18.18,37.45,1.0,1.0,9.09,18.73,1.0,1.0,9.09,18.73,1.0,1.0,9.09,18.73,1.0,1.0,9.09,18.73,0.0,0.0,0.0,0.0,0.0,0.0,0.0,0.0,0.0,0.0,0.0,0.0,27.27,54.55,-27.27,137.33,-3.0,-3.0,-27.27,1.92,1.92,0.5,0.5,0.0,0.5,,0.25,1.0,0.0,0.5,0.4,9.09,0.0,0.0,0.0,0.0
4,臺北台新戰神,1|3|13|14,丁聖儒/陳文宏/陳冠全/錢肯尼,2,13,15.0,194.71,3.25,03:15,97.36,1.62,01:37,7.0,3.5,46.67,77.65,6.0,3.0,40.0,66.56,4.0,2.0,26.67,44.37,2.0,1.0,13.33,22.19,1.0,0.5,6.67,11.09,0.0,0.0,0.0,0.0,3.0,1.5,20.0,33.28,2.0,1.0,13.33,22.19,2.0,1.0,13.33,22.19,1.0,0.5,6.67,11.09,0.0,0.0,0.0,0.0,2.0,1.0,13.33,22.19,1.0,0.5,6.67,11.09,3.0,1.5,20.0,33.28,2.0,1.0,13.33,22.19,3.0,1.5,20.0,33.28,1.0,0.5,6.67,11.09,0.0,0.0,0.0,0.0,1.0,0.5,6.67,11.09,0.0,0.0,0.0,0.0,46.67,40.0,6.67,110.93,1.0,0.5,6.67,3.25,1.62,0.75,0.72,0.0,0.67,0.5,0.29,1.5,0.0,0.67,0.33,6.67,0.0,0.07,0.0,0.5
4,新北中信特攻,40|104|113|10877,謝亞軒/貝奇/林任鴻/阿巴西,2,8,9.0,141.23,2.35,02:21,70.61,1.18,01:11,9.0,4.5,100.0,137.65,5.0,2.5,55.56,76.47,6.0,3.0,66.67,91.77,4.0,2.0,44.44,61.18,4.0,2.0,44.44,61.18,3.0,1.5,33.33,45.88,2.0,1.0,22.22,30.59,1.0,0.5,11.11,15.29,0.0,0.0,0.0,0.0,0.0,0.0,0.0,0.0,1.0,0.5,11.11,15.29,1.0,0.5,11.11,15.29,0.0,0.0,0.0,0.0,1.0,0.5,11.11,15.29,0.0,0.0,0.0,0.0,2.0,1.0,22.22,30.59,0.0,0.0,0.0,0.0,0.0,0.0,0.0,0.0,0.0,0.0,0.0,0.0,0.0,0.0,0.0,0.0,100.0,55.56,44.44,91.77,4.0,2.0,44.44,2.35,1.18,0.75,0.75,0.75,0.5,,0.0,0.5,0.5,1.0,0.67,0.0,0.0,0.0,0.0,0.0
4,新北中信特攻,40|104|113|10881,謝亞軒/貝奇/林任鴻/飛克,1,3,3.0,60.0,1.0,01:00,60.0,1.0,01:00,3.0,3.0,100.0,108.0,3.0,3.0,100.0,108.0,2.0,2.0,66.67,72.0,1.0,1.0,33.33,36.0,0.0,0.0,0.0,0.0,0.0,0.0,0.0,0.0,2.0,2.0,66.67,72.0,1.0,1.0,33.33,36.0,0.0,0.0,0.0,0.0,0.0,0.0,0.0,0.0,0.0,0.0,0.0,0.0,1.0,1.0,33.33,36.0,0.0,0.0,0.0,0.0,0.0,0.0,0.0,0.0,0.0,0.0,0.0,0.0,1.0,1.0,33.33,36.0,0.0,0.0,0.0,0.0,0.0,0.0,0.0,0.0,0.0,0.0,0.0,0.0,0.0,0.0,0.0,0.0,100.0,100.0,0.0,72.0,0.0,0.0,0.0,1.0,1.0,0.75,0.75,,0.5,,0.0,1.0,,1.0,1.0,0.0,0.0,0.0,0.0,0.0
4,新北中信特攻,104|113|10877|10881,貝奇/林任鴻/阿巴西/飛克,1,6,6.0,92.2,1.54,01:32,92.2,1.54,01:32,3.0,3.0,50.0,70.28,6.0,6.0,100.0,140.56,2.0,2.0,33.33,46.85,1.0,1.0,16.67,23.43,0.0,0.0,0.0,0.0,0.0,0.0,0.0,0.0,2.0,2.0,33.33,46.85,1.0,1.0,16.67,23.43,0.0,0.0,0.0,0.0,0.0,0.0,0.0,0.0,0.0,0.0,0.0,0.0,1.0,1.0,16.67,23.43,0.0,0.0,0.0,0.0,0.0,0.0,0.0,0.0,1.0,1.0,16.67,23.43,1.0,1.0,16.67,23.43,1.0,1.0,16.67,23.43,0.0,0.0,0.0,0.0,1.0,1.0,16.67,23.43,2.0,2.0,33.33,46.85,50.0,100.0,-50.0,93.71,-3.0,-3.0,-50.0,1.54,1.54,0.75,0.75,,0.5,,0.33,1.0,,1.0,1.0,16.67,0.0,0.17,33.33,0.0
4,新北中信特攻,104|113|10877|10879,貝奇/林任鴻/阿巴西/簡廷兆,1,3,3.0,32.2,0.54,00:32,32.2,0.54,00:32,0.0,0.0,0.0,0.0,3.0,3.0,100.0,201.22,0.0,0.0,0.0,0.0,0.0,0.0,0.0,0.0,0.0,0.0,0.0,0.0,0.0,0.0,0.0,0.0,0.0,0.0,0.0,0.0,0.0,0.0,0.0,0.0,0.0,0.0,0.0,0.0,0.0,0.0,0.0,0.0,0.0,0.0,0.0,0.0,0.0,0.0,0.0,0.0,0.0,0.0,0.0,0.0,0.0,0.0,0.0,0.0,1.0,1.0,33.33,67.07,0.0,0.0,0.0,0.0,1.0,1.0,33.33,67.07,0.0,0.0,0.0,0.0,1.0,1.0,33.33,67.07,2.0,2.0,66.67,134.15,0.0,100.0,-100.0,134.15,-3.0,-3.0,-100.0,0.54,0.54,,,,,,1.0,,,,,33.33,0.0,0.33,66.67,
4,高雄全家海神,51|110|118|119,克力斯/胡瓏貿/蘇文儒/余純安,1,45,55.0,693.17,11.55,11:33,693.17,11.55,11:33,18.0,18.0,32.73,56.09,27.0,27.0,49.09,84.13,23.0,23.0,41.82,71.67,5.0,5.0,9.09,15.58,12.0,12.0,21.82,37.39,2.0,2.0,3.64,6.23,11.0,11.0,20.0,34.28,3.0,3.0,5.45,9.35,4.0,4.0,7.27,12.46,3.0,3.0,5.45,9.35,5.0,5.0,9.09,15.58,13.0,13.0,23.64,40.51,5.0,5.0,9.09,15.58,7.0,7.0,12.73,21.81,0.0,0.0,0.0,0.0,4.0,4.0,7.27,12.46,0.0,0.0,0.0,0.0,1.0,1.0,1.82,3.12,5.0,5.0,9.09,15.58,3.0,3.0,5.45,9.35,32.73,49.09,-16.36,114.26,-9.0,-9.0,-16.36,11.55,11.55,0.28,0.36,0.17,0.27,0.75,0.0,0.8,0.42,0.72,0.6,0.0,1.82,0.09,5.45,0.17
4,高雄全家海神,51|118|119|14844,克力斯/蘇文儒/余純安/杭特,1,48,58.0,731.17,12.19,12:11,731.17,12.19,12:11,20.0,20.0,34.48,59.08,27.0,27.0,46.55,79.76,24.0,24.0,41.38,70.9,6.0,6.0,10.34,17.72,13.0,13.0,22.41,38.4,3.0,3.0,5.17,8.86,11.0,11.0,18.97,32.5,3.0,3.0,5.17,8.86,4.0,4.0,6.9,11.82,3.0,3.0,5.17,8.86,5.0,5.0,8.62,14.77,13.0,13.0,22.41,38.4,5.0,5.0,8.62,14.77,8.0,8.0,13.79,23.63,0.0,0.0,0.0,0.0,5.0,5.0,8.62,14.77,0.0,0.0,0.0,0.0,1.0,1.0,1.72,2.95,5.0,5.0,8.62,14.77,3.0,3.0,5.17,8.86,34.48,46.55,-12.07,114.23,-7.0,-7.0,-12.07,12.19,12.19,0.31,0.39,0.23,0.27,0.75,0.0,0.83,0.38,0.72,0.58,0.0,1.72,0.09,5.17,0.17
4,新北國王,21|25|29|14038,李愷諺/林金榜/林書緯/飛米,1,12,18.0,250.32,4.17,04:10,250.32,4.17,04:10,9.0,9.0,50.0,77.66,9.0,9.0,50.0,77.66,9.0,9.0,50.0,77.66,3.0,3.0,16.67,25.89,6.0,6.0,33.33,51.77,3.0,3.0,16.67,25.89,3.0,3.0,16.67,25.89,0.0,0.0,0.0,0.0,3.0,3.0,16.67,25.89,3.0,3.0,16.67,25.89,4.0,4.0,22.22,34.52,2.0,2.0,11.11,17.26,1.0,1.0,5.56,8.63,3.0,3.0,16.67,25.89,0.0,0.0,0.0,0.0,1.0,1.0,5.56,8.63,0.0,0.0,0.0,0.0,0.0,0.0,0.0,0.0,4.0,4.0,22.22,34.52,1.0,1.0,5.56,8.63,50.0,50.0,0.0,103.55,0.0,0.0,0.0,4.17,4.17,0.33,0.44,0.5,0.0,1.0,0.0,0.33,0.57,0.67,0.6,0.0,0.0,0.22,5.56,0.33
4,新北國王,21|25|34|14038,李愷諺/林金榜/沃許本/飛米,1,12,18.0,250.32,4.17,04:10,250.32,4.17,04:10,9.0,9.0,50.0,77.66,9.0,9.0,50.0,77.66,9.0,9.0,50.0,77.66,3.0,3.0,16.67,25.89,6.0,6.0,33.33,51.77,3.0,3.0,16.67,25.89,3.0,3.0,16.67,25.89,0.0,0.0,0.0,0.0,3.0,3.0,16.67,25.89,3.0,3.0,16.67,25.89,4.0,4.0,22.22,34.52,2.0,2.0,11.11,17.26,1.0,1.0,5.56,8.63,3.0,3.0,16.67,25.89,0.0,0.0,0.0,0.0,1.0,1.0,5.56,8.63,0.0,0.0,0.0,0.0,0.0,0.0,0.0,0.0,4.0,4.0,22.22,34.52,1.0,1.0,5.56,8.63,50.0,50.0,0.0,103.55,0.0,0.0,0.0,4.17,4.17,0.33,0.44,0.5,0.0,1.0,0.0,0.33,0.57,0.67,0.6,0.0,0.0,0.22,5.56,0.33
4,高雄全家海神,110|118|119|4181,胡瓏貿/蘇文儒/余純安/艾德,1,13,17.0,222.05,3.7,03:42,222.05,3.7,03:42,13.0,13.0,76.47,126.46,8.0,8.0,47.06,77.82,5.0,5.0,29.41,48.64,4.0,4.0,23.53,38.91,4.0,4.0,23.53,38.91,3.0,3.0,17.65,29.18,1.0,1.0,5.88,9.73,1.0,1.0,5.88,9.73,6.0,6.0,35.29,58.37,4.0,4.0,23.53,38.91,1.0,1.0,5.88,9.73,1.0,1.0,5.88,9.73,0.0,0.0,0.0,0.0,2.0,2.0,11.76,19.46,2.0,2.0,11.76,19.46,1.0,1.0,5.88,9.73,2.0,2.0,11.76,19.46,0.0,0.0,0.0,0.0,4.0,4.0,23.53,38.91,2.0,2.0,11.76,19.46,76.47,47.06,29.41,110.25,5.0,5.0,29.41,3.7,3.7,0.9,0.85,0.75,1.0,0.67,0.21,0.25,0.33,1.0,0.5,11.76,0.0,0.24,11.76,1.2
4,高雄全家海神,118|119|4181|14844,蘇文儒/余純安/艾德/杭特,1,13,17.0,222.05,3.7,03:42,222.05,3.7,03:42,13.0,13.0,76.47,126.46,8.0,8.0,47.06,77.82,5.0,5.0,29.41,48.64,4.0,4.0,23.53,38.91,4.0,4.0,23.53,38.91,3.0,3.0,17.65,29.18,1.0,1.0,5.88,9.73,1.0,1.0,5.88,9.73,6.0,6.0,35.29,58.37,4.0,4.0,23.53,38.91,1.0,1.0,5.88,9.73,1.0,1.0,5.88,9.73,0.0,0.0,0.0,0.0,2.0,2.0,11.76,19.46,2.0,2.0,11.76,19.46,1.0,1.0,5.88,9.73,2.0,2.0,11.76,19.46,0.0,0.0,0.0,0.0,4.0,4.0,23.53,38.91,2.0,2.0,11.76,19.46,76.47,47.06,29.41,110.25,5.0,5.0,29.41,3.7,3.7,0.9,0.85,0.75,1.0,0.67,0.21,0.25,0.33,1.0,0.5,11.76,0.0,0.24,11.76,1.2
4,高雄全家海神,45|116|4181|10891,施晉堯/呂威霆/艾德/廖偉皓,1,61,62.0,957.81,15.96,15:58,957.81,15.96,15:58,33.0,33.0,53.23,74.42,38.0,38.0,61.29,85.7,22.0,22.0,35.48,49.61,12.0,12.0,19.35,27.06,12.0,12.0,19.35,27.06,8.0,8.0,12.9,18.04,10.0,10.0,16.13,22.55,4.0,4.0,6.45,9.02,5.0,5.0,8.06,11.28,5.0,5.0,8.06,11.28,0.0,0.0,0.0,0.0,11.0,11.0,17.74,24.81,1.0,1.0,1.61,2.26,12.0,12.0,19.35,27.06,5.0,5.0,8.06,11.28,10.0,10.0,16.13,22.55,5.0,5.0,8.06,11.28,0.0,0.0,0.0,0.0,4.0,4.0,6.45,9.02,5.0,5.0,8.06,11.28,53.23,61.29,-8.06,93.21,-5.0,-5.0,-8.06,15.96,15.96,0.64,0.68,0.67,0.4,1.0,0.17,0.83,0.0,0.92,0.46,8.06,0.0,0.06,8.06,0.23
4,高雄全家海神,45|4181|10891|14844,施晉堯/艾德/廖偉皓/杭特,1,17,17.0,209.79,3.5,03:30,209.79,3.5,03:30,5.0,5.0,29.41,51.48,10.0,10.0,58.82,102.96,5.0,5.0,29.41,51.48,1.0,1.0,5.88,10.3,0.0,0.0,0.0,0.0,0.0,0.0,0.0,0.0,5.0,5.0,29.41,51.48,1.0,1.0,5.88,10.3,2.0,2.0,11.76,20.59,2.0,2.0,11.76,20.59,0.0,0.0,0.0,0.0,4.0,4.0,23.53,41.18,0.0,0.0,0.0,0.0,1.0,1.0,5.88,10.3,2.0,2.0,11.76,20.59,2.0,2.0,11.76,20.59,2.0,2.0,11.76,20.59,0.0,0.0,0.0,0.0,2.0,2.0,11.76,20.59,4.0,4.0,23.53,41.18,29.41,58.82,-29.41,116.69,-5.0,-5.0,-29.41,3.5,3.5,0.3,0.43,,0.2,1.0,0.25,2.0,0.0,1.0,0.8,11.76,0.0,0.12,23.53,0.4
4,高雄全家海神,45|51|4181|10891,施晉堯/克力斯/艾德/廖偉皓,1,44,45.0,748.02,12.47,12:28,748.02,12.47,12:28,28.0,28.0,62.22,80.85,28.0,28.0,62.22,80.85,17.0,17.0,37.78,49.09,11.0,11.0,24.44,31.76,12.0,12.0,26.67,34.65,8.0,8.0,17.78,23.1,5.0,5.0,11.11,14.44,3.0,3.0,6.67,8.66,3.0,3.0,6.67,8.66,3.0,3.0,6.67,8.66,0.0,0.0,0.0,0.0,7.0,7.0,15.56,20.21,1.0,1.0,2.22,2.89,11.0,11.0,24.44,31.76,3.0,3.0,6.67,8.66,8.0,8.0,17.78,23.1,3.0,3.0,6.67,8.66,0.0,0.0,0.0,0.0,2.0,2.0,4.44,5.78,1.0,1.0,2.22,2.89,62.22,62.22,0.0,86.63,0.0,0.0,0.0,12.47,12.47,0.74,0.76,0.67,0.6,1.0,0.14,0.73,0.0,0.88,0.37,6.67,0.0,0.04,2.22,0.18
4,高雄全家海神,45|51|119|4181,施晉堯/克力斯/余純安/艾德,1,13,14.0,226.14,3.77,03:46,226.14,3.77,03:46,12.0,12.0,85.71,114.62,13.0,13.0,92.86,124.17,5.0,5.0,35.71,47.76,4.0,4.0,28.57,38.21,0.0,0.0,0.0,0.0,0.0,0.0,0.0,0.0,5.0,5.0,35.71,47.76,4.0,4.0,28.57,38.21,0.0,0.0,0.0,0.0,0.0,0.0,0.0,0.0,0.0,0.0,0.0,0.0,1.0,1.0,7.14,9.55,0.0,0.0,0.0,0.0,1.0,1.0,7.14,9.55,1.0,1.0,7.14,9.55,3.0,3.0,21.43,28.66,1.0,1.0,7.14,9.55,0.0,0.0,0.0,0.0,1.0,1.0,7.14,9.55,2.0,2.0,14.29,19.1,85.71,92.86,-7.14,89.15,-1.0,-1.0,-7.14,3.77,3.77,1.2,1.2,,0.8,,0.17,0.75,0.0,1.0,0.5,7.14,0.0,0.07,14.29,0.0
4,高雄全家海神,45|116|119|4181,施晉堯/呂威霆/余純安/艾德,1,13,14.0,226.14,3.77,03:46,226.14,3.77,03:46,12.0,12.0,85.71,114.62,13.0,13.0,92.86,124.17,5.0,5.0,35.71,47.76,4.0,4.0,28.57,38.21,0.0,0.0,0.0,0.0,0.0,0.0,0.0,0.0,5.0,5.0,35.71,47.76,4.0,4.0,28.57,38.21,0.0,0.0,0.0,0.0,0.0,0.0,0.0,0.0,0.0,0.0,0.0,0.0,1.0,1.0,7.14,9.55,0.0,0.0,0.0,0.0,1.0,1.0,7.14,9.55,1.0,1.0,7.14,9.55,3.0,3.0,21.43,28.66,1.0,1.0,7.14,9.55,0.0,0.0,0.0,0.0,1.0,1.0,7.14,9.55,2.0,2.0,14.29,19.1,85.71,92.86,-7.14,89.15,-1.0,-1.0,-7.14,3.77,3.77,1.2,1.2,,0.8,,0.17,0.75,0.0,1.0,0.5,7.14,0.0,0.07,14.29,0.0
4,高雄全家海神,51|116|119|4181,克力斯/呂威霆/余純安/艾德,1,13,14.0,226.14,3.77,03:46,226.14,3.77,03:46,12.0,12.0,85.71,114.62,13.0,13.0,92.86,124.17,5.0,5.0,35.71,47.76,4.0,4.0,28.57,38.21,0.0,0.0,0.0,0.0,0.0,0.0,0.0,0.0,5.0,5.0,35.71,47.76,4.0,4.0,28.57,38.21,0.0,0.0,0.0,0.0,0.0,0.0,0.0,0.0,0.0,0.0,0.0,0.0,1.0,1.0,7.14,9.55,0.0,0.0,0.0,0.0,1.0,1.0,7.14,9.55,1.0,1.0,7.14,9.55,3.0,3.0,21.43,28.66,1.0,1.0,7.14,9.55,0.0,0.0,0.0,0.0,1.0,1.0,7.14,9.55,2.0,2.0,14.29,19.1,85.71,92.86,-7.14,89.15,-1.0,-1.0,-7.14,3.77,3.77,1.2,1.2,,0.8,,0.17,0.75,0.0,1.0,0.5,7.14,0.0,0.07,14.29,0.0
4,高雄全家海神,45|51|116|14844,施晉堯/克力斯/呂威霆/杭特,1,1,1.0,0.76,0.01,00:01,0.76,0.01,00:01,1.0,1.0,100.0,2834.65,0.0,0.0,0.0,0.0,0.0,0.0,0.0,0.0,0.0,0.0,0.0,0.0,0.0,0.0,0.0,0.0,0.0,0.0,0.0,0.0,0.0,0.0,0.0,0.0,0.0,0.0,0.0,0.0,3.0,3.0,300.0,8503.94,1.0,1.0,100.0,2834.65,0.0,0.0,0.0,0.0,0.0,0.0,0.0,0.0,0.0,0.0,0.0,0.0,0.0,0.0,0.0,0.0,0.0,0.0,0.0,0.0,0.0,0.0,0.0,0.0,0.0,0.0,0.0,0.0,0.0,0.0,0.0,0.0,0.0,0.0,0.0,0.0,0.0,0.0,0.0,0.0,100.0,0.0,100.0,1889.76,1.0,1.0,100.0,0.01,0.01,,0.38,,,0.33,0.0,,,,,0.0,0.0,0.0,0.0,
4,高雄全家海神,45|51|119|14844,施晉堯/克力斯/余純安/杭特,1,1,1.0,0.76,0.01,00:01,0.76,0.01,00:01,1.0,1.0,100.0,2834.65,0.0,0.0,0.0,0.0,0.0,0.0,0.0,0.0,0.0,0.0,0.0,0.0,0.0,0.0,0.0,0.0,0.0,0.0,0.0,0.0,0.0,0.0,0.0,0.0,0.0,0.0,0.0,0.0,3.0,3.0,300.0,8503.94,1.0,1.0,100.0,2834.65,0.0,0.0,0.0,0.0,0.0,0.0,0.0,0.0,0.0,0.0,0.0,0.0,0.0,0.0,0.0,0.0,0.0,0.0,0.0,0.0,0.0,0.0,0.0,0.0,0.0,0.0,0.0,0.0,0.0,0.0,0.0,0.0,0.0,0.0,0.0,0.0,0.0,0.0,0.0,0.0,100.0,0.0,100.0,1889.76,1.0,1.0,100.0,0.01,0.01,,0.38,,,0.33,0.0,,,,,0.0,0.0,0.0,0.0,
4,高雄全家海神,45|116|119|14844,施晉堯/呂威霆/余純安/杭特,1,1,1.0,0.76,0.01,00:01,0.76,0.01,00:01,1.0,1.0,100.0,2834.65,0.0,0.0,0.0,0.0,0.0,0.0,0.0,0.0,0.0,0.0,0.0,0.0,0.0,0.0,0.0,0.0,0.0,0.0,0.0,0.0,0.0,0.0,0.0,0.0,0.0,0.0,0.0,0.0,3.0,3.0,300.0,8503.94,1.0,1.0,100.0,2834.65,0.0,0.0,0.0,0.0,0.0,0.0,0.0,0.0,0.0,0.0,0.0,0.0,0.0,0.0,0.0,0.0,0.0,0.0,0.0,0.0,0.0,0.0,0.0,0.0,0.0,0.0,0.0,0.0,0.0,0.0,0.0,0.0,0.0,0.0,0.0,0.0,0.0,0.0,0.0,0.0,100.0,0.0,100.0,1889.76,1.0,1.0,100.0,0.01,0.01,,0.38,,,0.33,0.0,,,,,0.0,0.0,0.0,0.0,
4,高雄全家海神,51|116|118|119,克力斯/呂威霆/蘇文儒/余純安,1,3,3.0,38.0,0.63,00:38,38.0,0.63,00:38,2.0,2.0,66.67,113.68,0.0,0.0,0.0,0.0,1.0,1.0,33.33,56.84,1.0,1.0,33.33,56.84,1.0,1.0,33.33,56.84,1.0,1.0,33.33,56.84,0.0,0.0,0.0,0.0,0.0,0.0,0.0,0.0,0.0,0.0,0.0,0.0,0.0,0.0,0.0,0.0,0.0,0.0,0.0,0.0,0.0,0.0,0.0,0.0,0.0,0.0,0.0,0.0,1.0,1.0,33.33,56.84,0.0,0.0,0.0,0.0,1.0,1.0,33.33,56.84,0.0,0.0,0.0,0.0,0.0,0.0,0.0,0.0,0.0,0.0,0.0,0.0,0.0,0.0,0.0,0.0,66.67,0.0,66.67,113.68,2.0,2.0,66.67,0.63,0.63,1.0,1.0,1.0,,,0.0,1.0,0.0,,0.0,0.0,0.0,0.0,0.0,0.0
4,高雄全家海神,116|118|119|14844,呂威霆/蘇文儒/余純安/杭特,1,3,3.0,38.0,0.63,00:38,38.0,0.63,00:38,2.0,2.0,66.67,113.68,0.0,0.0,0.0,0.0,1.0,1.0,33.33,56.84,1.0,1.0,33.33,56.84,1.0,1.0,33.33,56.84,1.0,1.0,33.33,56.84,0.0,0.0,0.0,0.0,0.0,0.0,0.0,0.0,0.0,0.0,0.0,0.0,0.0,0.0,0.0,0.0,0.0,0.0,0.0,0.0,0.0,0.0,0.0,0.0,0.0,0.0,0.0,0.0,1.0,1.0,33.33,56.84,0.0,0.0,0.0,0.0,1.0,1.0,33.33,56.84,0.0,0.0,0.0,0.0,0.0,0.0,0.0,0.0,0.0,0.0,0.0,0.0,0.0,0.0,0.0,0.0,66.67,0.0,66.67,113.68,2.0,2.0,66.67,0.63,0.63,1.0,1.0,1.0,,,0.0,1.0,0.0,,0.0,0.0,0.0,0.0,0.0,0.0
4,新北國王,24|10873|10874|13029,蘇士軒/喬納森/熊祥泰/杰倫,1,5,5.0,84.49,1.41,01:24,84.49,1.41,01:24,2.0,2.0,40.0,51.13,5.0,5.0,100.0,127.83,2.0,2.0,40.0,51.13,1.0,1.0,20.0,25.57,1.0,1.0,20.0,25.57,1.0,1.0,20.0,25.57,1.0,1.0,20.0,25.57,0.0,0.0,0.0,0.0,0.0,0.0,0.0,0.0,0.0,0.0,0.0,0.0,0.0,0.0,0.0,0.0,1.0,1.0,20.0,25.57,0.0,0.0,0.0,0.0,1.0,1.0,20.0,25.57,0.0,0.0,0.0,0.0,0.0,0.0,0.0,0.0,0.0,0.0,0.0,0.0,0.0,0.0,0.0,0.0,0.0,0.0,0.0,0.0,2.0,2.0,40.0,51.13,40.0,100.0,-60.0,85.22,-3.0,-3.0,-60.0,1.41,1.41,0.5,0.5,1.0,0.0,,0.0,0.0,0.0,1.0,0.5,0.0,0.0,0.0,40.0,0.0
4,新北國王,24|10873|10874|14038,蘇士軒/喬納森/熊祥泰/飛米,1,5,5.0,84.49,1.41,01:24,84.49,1.41,01:24,2.0,2.0,40.0,51.13,5.0,5.0,100.0,127.83,2.0,2.0,40.0,51.13,1.0,1.0,20.0,25.57,1.0,1.0,20.0,25.57,1.0,1.0,20.0,25.57,1.0,1.0,20.0,25.57,0.0,0.0,0.0,0.0,0.0,0.0,0.0,0.0,0.0,0.0,0.0,0.0,0.0,0.0,0.0,0.0,1.0,1.0,20.0,25.57,0.0,0.0,0.0,0.0,1.0,1.0,20.0,25.57,0.0,0.0,0.0,0.0,0.0,0.0,0.0,0.0,0.0,0.0,0.0,0.0,0.0,0.0,0.0,0.0,0.0,0.0,0.0,0.0,2.0,2.0,40.0,51.13,40.0,100.0,-60.0,85.22,-3.0,-3.0,-60.0,1.41,1.41,0.5,0.5,1.0,0.0,,0.0,0.0,0.0,1.0,0.5,0.0,0.0,0.0,40.0,0.0
4,新北國王,24|10873|13029|14038,蘇士軒/喬納森/杰倫/飛米,1,5,5.0,84.49,1.41,01:24,84.49,1.41,01:24,2.0,2.0,40.0,51.13,5.0,5.0,100.0,127.83,2.0,2.0,40.0,51.13,1.0,1.0,20.0,25.57,1.0,1.0,20.0,25.57,1.0,1.0,20.0,25.57,1.0,1.0,20.0,25.57,0.0,0.0,0.0,0.0,0.0,0.0,0.0,0.0,0.0,0.0,0.0,0.0,0.0,0.0,0.0,0.0,1.0,1.0,20.0,25.57,0.0,0.0,0.0,0.0,1.0,1.0,20.0,25.57,0.0,0.0,0.0,0.0,0.0,0.0,0.0,0.0,0.0,0.0,0.0,0.0,0.0,0.0,0.0,0.0,0.0,0.0,0.0,0.0,2.0,2.0,40.0,51.13,40.0,100.0,-60.0,85.22,-3.0,-3.0,-60.0,1.41,1.41,0.5,0.5,1.0,0.0,,0.0,0.0,0.0,1.0,0.5,0.0,0.0,0.0,40.0,0.0
4,新北國王,10873|10874|13029|14038,喬納森/熊祥泰/杰倫/飛米,1,12,13.0,208.02,3.47,03:28,208.02,3.47,03:28,8.0,8.0,61.54,83.07,10.0,10.0,76.92,103.84,7.0,7.0,53.85,72.68,3.0,3.0,23.08,31.15,2.0,2.0,15.38,20.77,1.0,1.0,7.69,10.38,5.0,5.0,38.46,51.92,2.0,2.0,15.38,20.77,0.0,0.0,0.0,0.0,0.0,0.0,0.0,0.0,1.0,1.0,7.69,10.38,3.0,3.0,23.08,31.15,0.0,0.0,0.0,0.0,1.0,1.0,7.69,10.38,0.0,0.0,0.0,0.0,1.0,1.0,7.69,10.38,0.0,0.0,0.0,0.0,0.0,0.0,0.0,0.0,0.0,0.0,0.0,0.0,2.0,2.0,15.38,20.77,61.54,76.92,-15.38,89.99,-2.0,-2.0,-15.38,3.47,3.47,0.57,0.57,0.5,0.4,,0.0,0.33,0.5,1.0,0.8,0.0,0.0,0.0,15.38,0.0
4,新北國王,23|10873|10874|13029,王柏智/喬納森/熊祥泰/杰倫,1,7,8.0,123.53,2.06,02:04,123.53,2.06,02:04,6.0,6.0,75.0,104.91,5.0,5.0,62.5,87.43,5.0,5.0,62.5,87.43,2.0,2.0,25.0,34.97,1.0,1.0,12.5,17.49,0.0,0.0,0.0,0.0,4.0,4.0,50.0,69.94,2.0,2.0,25.0,34.97,0.0,0.0,0.0,0.0,0.0,0.0,0.0,0.0,1.0,1.0,12.5,17.49,2.0,2.0,25.0,34.97,0.0,0.0,0.0,0.0,0.0,0.0,0.0,0.0,0.0,0.0,0.0,0.0,1.0,1.0,12.5,17.49,0.0,0.0,0.0,0.0,0.0,0.0,0.0,0.0,0.0,0.0,0.0,0.0,0.0,0.0,0.0,0.0,75.0,62.5,12.5,93.25,1.0,1.0,12.5,2.06,2.06,0.6,0.6,0.0,0.5,,0.0,0.5,1.0,1.0,1.0,0.0,0.0,0.0,0.0,0.0
4,新北國王,23|10873|13029|14038,王柏智/喬納森/杰倫/飛米,1,7,8.0,123.53,2.06,02:04,123.53,2.06,02:04,6.0,6.0,75.0,104.91,5.0,5.0,62.5,87.43,5.0,5.0,62.5,87.43,2.0,2.0,25.0,34.97,1.0,1.0,12.5,17.49,0.0,0.0,0.0,0.0,4.0,4.0,50.0,69.94,2.0,2.0,25.0,34.97,0.0,0.0,0.0,0.0,0.0,0.0,0.0,0.0,1.0,1.0,12.5,17.49,2.0,2.0,25.0,34.97,0.0,0.0,0.0,0.0,0.0,0.0,0.0,0.0,0.0,0.0,0.0,0.0,1.0,1.0,12.5,17.49,0.0,0.0,0.0,0.0,0.0,0.0,0.0,0.0,0.0,0.0,0.0,0.0,0.0,0.0,0.0,0.0,75.0,62.5,12.5,93.25,1.0,1.0,12.5,2.06,2.06,0.6,0.6,0.0,0.5,,0.0,0.5,1.0,1.0,1.0,0.0,0.0,0.0,0.0,0.0
4,新北國王,23|10874|13029|14038,王柏智/熊祥泰/杰倫/飛米,1,7,8.0,123.53,2.06,02:04,123.53,2.06,02:04,6.0,6.0,75.0,104.91,5.0,5.0,62.5,87.43,5.0,5.0,62.5,87.43,2.0,2.0,25.0,34.97,1.0,1.0,12.5,17.49,0.0,0.0,0.0,0.0,4.0,4.0,50.0,69.94,2.0,2.0,25.0,34.97,0.0,0.0,0.0,0.0,0.0,0.0,0.0,0.0,1.0,1.0,12.5,17.49,2.0,2.0,25.0,34.97,0.0,0.0,0.0,0.0,0.0,0.0,0.0,0.0,0.0,0.0,0.0,0.0,1.0,1.0,12.5,17.49,0.0,0.0,0.0,0.0,0.0,0.0,0.0,0.0,0.0,0.0,0.0,0.0,0.0,0.0,0.0,0.0,75.0,62.5,12.5,93.25,1.0,1.0,12.5,2.06,2.06,0.6,0.6,0.0,0.5,,0.0,0.5,1.0,1.0,1.0,0.0,0.0,0.0,0.0,0.0
4,高雄全家海神,51|116|10891|14844,克力斯/呂威霆/廖偉皓/杭特,1,5,6.0,787.98,13.13,13:08,787.98,13.13,13:08,3.0,3.0,50.0,8.22,5.0,5.0,83.33,13.71,1.0,1.0,16.67,2.74,1.0,1.0,16.67,2.74,0.0,0.0,0.0,0.0,0.0,0.0,0.0,0.0,1.0,1.0,16.67,2.74,1.0,1.0,16.67,2.74,0.0,0.0,0.0,0.0,0.0,0.0,0.0,0.0,0.0,0.0,0.0,0.0,0.0,0.0,0.0,0.0,0.0,0.0,0.0,0.0,1.0,1.0,16.67,2.74,2.0,2.0,33.33,5.48,1.0,1.0,16.67,2.74,2.0,2.0,33.33,5.48,0.0,0.0,0.0,0.0,1.0,1.0,16.67,2.74,4.0,4.0,66.67,10.96,50.0,83.33,-33.33,10.96,-2.0,-2.0,-33.33,13.13,13.13,1.5,1.5,,1.0,,0.67,1.0,0.0,,0.0,33.33,0.0,0.17,66.67,0.0
4,高雄全家海神,51|118|10891|14844,克力斯/蘇文儒/廖偉皓/杭特,1,10,13.0,888.94,14.82,14:49,888.94,14.82,14:49,7.0,7.0,53.85,17.01,7.0,7.0,53.85,17.01,3.0,3.0,23.08,7.29,3.0,3.0,23.08,7.29,2.0,2.0,15.38,4.86,2.0,2.0,15.38,4.86,1.0,1.0,7.69,2.43,1.0,1.0,7.69,2.43,1.0,1.0,7.69,2.43,0.0,0.0,0.0,0.0,0.0,0.0,0.0,0.0,1.0,1.0,7.69,2.43,1.0,1.0,7.69,2.43,2.0,2.0,15.38,4.86,2.0,2.0,15.38,4.86,1.0,1.0,7.69,2.43,2.0,2.0,15.38,4.86,0.0,0.0,0.0,0.0,3.0,3.0,23.08,7.29,5.0,5.0,38.46,12.15,53.85,53.85,0.0,21.06,0.0,0.0,0.0,14.82,14.82,1.17,1.02,1.0,1.0,0.0,0.37,0.33,0.0,0.5,0.25,15.38,0.0,0.23,38.46,0.33
4,高雄全家海神,51|110|10891|14844,克力斯/胡瓏貿/廖偉皓/杭特,1,5,7.0,100.97,1.68,01:41,100.97,1.68,01:41,4.0,4.0,57.14,85.57,2.0,2.0,28.57,42.79,2.0,2.0,28.57,42.79,2.0,2.0,28.57,42.79,2.0,2.0,28.57,42.79,2.0,2.0,28.57,42.79,0.0,0.0,0.0,0.0,0.0,0.0,0.0,0.0,1.0,1.0,14.29,21.39,0.0,0.0,0.0,0.0,0.0,0.0,0.0,0.0,1.0,1.0,14.29,21.39,1.0,1.0,14.29,21.39,1.0,1.0,14.29,21.39,0.0,0.0,0.0,0.0,0.0,0.0,0.0,0.0,0.0,0.0,0.0,0.0,0.0,0.0,0.0,0.0,2.0,2.0,28.57,42.79,1.0,1.0,14.29,21.39,57.14,28.57,28.57,99.83,2.0,2.0,28.57,1.68,1.68,1.0,0.82,1.0,,0.0,0.0,0.0,0.0,0.5,0.33,0.0,0.0,0.29,14.29,0.5
4,新北國王,24|25|34|10874,蘇士軒/林金榜/沃許本/熊祥泰,1,1,1.0,1.0,0.02,00:01,1.0,0.02,00:01,0.0,0.0,0.0,0.0,0.0,0.0,0.0,0.0,0.0,0.0,0.0,0.0,0.0,0.0,0.0,0.0,0.0,0.0,0.0,0.0,0.0,0.0,0.0,0.0,0.0,0.0,0.0,0.0,0.0,0.0,0.0,0.0,0.0,0.0,0.0,0.0,0.0,0.0,0.0,0.0,0.0,0.0,0.0,0.0,0.0,0.0,0.0,0.0,0.0,0.0,0.0,0.0,0.0,0.0,0.0,0.0,0.0,0.0,0.0,0.0,0.0,0.0,0.0,0.0,0.0,0.0,0.0,0.0,0.0,0.0,0.0,0.0,0.0,0.0,0.0,0.0,0.0,0.0,0.0,0.0,0.0,0.0,0.0,1440.0,0.0,0.0,0.0,0.02,0.02,,,,,,,,,,,0.0,0.0,0.0,0.0,
4,新北國王,24|25|34|14038,蘇士軒/林金榜/沃許本/飛米,1,1,1.0,1.0,0.02,00:01,1.0,0.02,00:01,0.0,0.0,0.0,0.0,0.0,0.0,0.0,0.0,0.0,0.0,0.0,0.0,0.0,0.0,0.0,0.0,0.0,0.0,0.0,0.0,0.0,0.0,0.0,0.0,0.0,0.0,0.0,0.0,0.0,0.0,0.0,0.0,0.0,0.0,0.0,0.0,0.0,0.0,0.0,0.0,0.0,0.0,0.0,0.0,0.0,0.0,0.0,0.0,0.0,0.0,0.0,0.0,0.0,0.0,0.0,0.0,0.0,0.0,0.0,0.0,0.0,0.0,0.0,0.0,0.0,0.0,0.0,0.0,0.0,0.0,0.0,0.0,0.0,0.0,0.0,0.0,0.0,0.0,0.0,0.0,0.0,0.0,0.0,1440.0,0.0,0.0,0.0,0.02,0.02,,,,,,,,,,,0.0,0.0,0.0,0.0,
4,新北國王,24|25|10874|14038,蘇士軒/林金榜/熊祥泰/飛米,1,1,1.0,1.0,0.02,00:01,1.0,0.02,00:01,0.0,0.0,0.0,0.0,0.0,0.0,0.0,0.0,0.0,0.0,0.0,0.0,0.0,0.0,0.0,0.0,0.0,0.0,0.0,0.0,0.0,0.0,0.0,0.0,0.0,0.0,0.0,0.0,0.0,0.0,0.0,0.0,0.0,0.0,0.0,0.0,0.0,0.0,0.0,0.0,0.0,0.0,0.0,0.0,0.0,0.0,0.0,0.0,0.0,0.0,0.0,0.0,0.0,0.0,0.0,0.0,0.0,0.0,0.0,0.0,0.0,0.0,0.0,0.0,0.0,0.0,0.0,0.0,0.0,0.0,0.0,0.0,0.0,0.0,0.0,0.0,0.0,0.0,0.0,0.0,0.0,0.0,0.0,1440.0,0.0,0.0,0.0,0.02,0.02,,,,,,,,,,,0.0,0.0,0.0,0.0,
4,桃園台啤永豐雲豹,16|54|57|10884,米勒/高錦瑋/莊博元/徐宏瑋,1,8,10.0,132.0,2.2,02:12,132.0,2.2,02:12,5.0,5.0,50.0,81.82,4.0,4.0,40.0,65.45,2.0,2.0,20.0,32.73,1.0,1.0,10.0,16.36,0.0,0.0,0.0,0.0,0.0,0.0,0.0,0.0,2.0,2.0,20.0,32.73,1.0,1.0,10.0,16.36,2.0,2.0,20.0,32.73,2.0,2.0,20.0,32.73,0.0,0.0,0.0,0.0,1.0,1.0,10.0,16.36,1.0,1.0,10.0,16.36,1.0,1.0,10.0,16.36,1.0,1.0,10.0,16.36,1.0,1.0,10.0,16.36,1.0,1.0,10.0,16.36,0.0,0.0,0.0,0.0,1.0,1.0,10.0,16.36,3.0,3.0,30.0,49.09,50.0,40.0,10.0,109.09,1.0,1.0,10.0,2.2,2.2,0.75,0.87,,0.5,1.0,0.26,1.0,0.0,0.5,0.33,10.0,0.0,0.1,30.0,1.0
4,桃園台啤永豐雲豹,54|57|68|10884,高錦瑋/莊博元/克羅馬/徐宏瑋,1,9,11.0,134.0,2.23,02:14,134.0,2.23,02:14,5.0,5.0,45.45,80.6,6.0,6.0,54.55,96.72,2.0,2.0,18.18,32.24,1.0,1.0,9.09,16.12,0.0,0.0,0.0,0.0,0.0,0.0,0.0,0.0,2.0,2.0,18.18,32.24,1.0,1.0,9.09,16.12,2.0,2.0,18.18,32.24,2.0,2.0,18.18,32.24,0.0,0.0,0.0,0.0,1.0,1.0,9.09,16.12,1.0,1.0,9.09,16.12,1.0,1.0,9.09,16.12,1.0,1.0,9.09,16.12,1.0,1.0,9.09,16.12,1.0,1.0,9.09,16.12,0.0,0.0,0.0,0.0,1.0,1.0,9.09,16.12,5.0,5.0,45.45,80.6,45.45,54.55,-9.09,118.21,-1.0,-1.0,-9.09,2.23,2.23,0.75,0.87,,0.5,1.0,0.26,1.0,0.0,0.5,0.33,9.09,0.0,0.09,45.45,1.0
4,桃園台啤永豐雲豹,54|57|10860|10884,高錦瑋/莊博元/麥卡洛/徐宏瑋,1,1,1.0,2.0,0.03,00:02,2.0,0.03,00:02,0.0,0.0,0.0,0.0,2.0,2.0,200.0,2160.0,0.0,0.0,0.0,0.0,0.0,0.0,0.0,0.0,0.0,0.0,0.0,0.0,0.0,0.0,0.0,0.0,0.0,0.0,0.0,0.0,0.0,0.0,0.0,0.0,0.0,0.0,0.0,0.0,0.0,0.0,0.0,0.0,0.0,0.0,0.0,0.0,0.0,0.0,0.0,0.0,0.0,0.0,0.0,0.0,0.0,0.0,0.0,0.0,0.0,0.0,0.0,0.0,0.0,0.0,0.0,0.0,0.0,0.0,0.0,0.0,0.0,0.0,0.0,0.0,0.0,0.0,0.0,0.0,2.0,2.0,200.0,2160.0,0.0,200.0,-200.0,720.0,-2.0,-2.0,-200.0,0.03,0.03,,,,,,,,,,,0.0,0.0,0.0,200.0,
4,桃園台啤永豐雲豹,57|68|10860|10884,莊博元/克羅馬/麥卡洛/徐宏瑋,1,1,1.0,2.0,0.03,00:02,2.0,0.03,00:02,0.0,0.0,0.0,0.0,2.0,2.0,200.0,2160.0,0.0,0.0,0.0,0.0,0.0,0.0,0.0,0.0,0.0,0.0,0.0,0.0,0.0,0.0,0.0,0.0,0.0,0.0,0.0,0.0,0.0,0.0,0.0,0.0,0.0,0.0,0.0,0.0,0.0,0.0,0.0,0.0,0.0,0.0,0.0,0.0,0.0,0.0,0.0,0.0,0.0,0.0,0.0,0.0,0.0,0.0,0.0,0.0,0.0,0.0,0.0,0.0,0.0,0.0,0.0,0.0,0.0,0.0,0.0,0.0,0.0,0.0,0.0,0.0,0.0,0.0,0.0,0.0,2.0,2.0,200.0,2160.0,0.0,200.0,-200.0,720.0,-2.0,-2.0,-200.0,0.03,0.03,,,,,,,,,,,0.0,0.0,0.0,200.0,
4,新竹御嵿攻城獅,75|76|10862|14843,高國豪/曾柏喻/提傑/馬力,2,35,42.0,644.27,10.74,10:44,322.13,5.37,05:22,15.0,7.5,35.71,50.29,16.0,8.0,38.1,53.64,15.0,7.5,35.71,50.29,6.0,3.0,14.29,20.12,9.0,4.5,21.43,30.17,5.0,2.5,11.9,16.76,6.0,3.0,14.29,20.12,1.0,0.5,2.38,3.35,2.0,1.0,4.76,6.71,2.0,1.0,4.76,6.71,2.0,1.0,4.76,6.71,7.0,3.5,16.67,23.47,5.0,2.5,11.9,16.76,9.0,4.5,21.43,30.17,3.0,1.5,7.14,10.06,3.0,1.5,7.14,10.06,1.0,0.5,2.38,3.35,0.0,0.0,0.0,0.0,1.0,0.5,2.38,3.35,0.0,0.0,0.0,0.0,35.71,38.1,-2.38,93.87,-1.0,-0.5,-2.38,10.74,5.37,0.43,0.47,0.56,0.17,1.0,0.16,0.5,0.18,0.58,0.39,2.38,0.0,0.02,0.0,0.13
4,新竹御嵿攻城獅,76|10862|10885|14843,曾柏喻/提傑/劉丞勳/馬力,2,31,38.0,619.0,10.32,10:19,309.5,5.16,05:10,15.0,7.5,39.47,52.34,12.0,6.0,31.58,41.87,13.0,6.5,34.21,45.36,6.0,3.0,15.79,20.94,9.0,4.5,23.68,31.41,5.0,2.5,13.16,17.45,4.0,2.0,10.53,13.96,1.0,0.5,2.63,3.49,2.0,1.0,5.26,6.98,2.0,1.0,5.26,6.98,3.0,1.5,7.89,10.47,4.0,2.0,10.53,13.96,4.0,2.0,10.53,13.96,9.0,4.5,23.68,31.41,4.0,2.0,10.53,13.96,3.0,1.5,7.89,10.47,1.0,0.5,2.63,3.49,0.0,0.0,0.0,0.0,2.0,1.0,5.26,6.98,0.0,0.0,0.0,0.0,39.47,31.58,7.89,88.4,3.0,1.5,7.89,10.32,5.16,0.5,0.54,0.56,0.25,1.0,0.22,0.5,0.25,0.5,0.35,2.63,0.0,0.05,0.0,0.15
4,臺北台新戰神,1|13|14|14845,丁聖儒/陳冠全/錢肯尼/恩多,1,20,22.0,333.96,5.57,05:34,333.96,5.57,05:34,9.0,9.0,40.91,58.21,7.0,7.0,31.82,45.28,10.0,10.0,45.45,64.68,4.0,4.0,18.18,25.87,5.0,5.0,22.73,32.34,3.0,3.0,13.64,19.4,5.0,5.0,22.73,32.34,1.0,1.0,4.55,6.47,0.0,0.0,0.0,0.0,0.0,0.0,0.0,0.0,2.0,2.0,9.09,12.94,4.0,4.0,18.18,25.87,0.0,0.0,0.0,0.0,6.0,6.0,27.27,38.81,2.0,2.0,9.09,12.94,2.0,2.0,9.09,12.94,0.0,0.0,0.0,0.0,1.0,1.0,4.55,6.47,1.0,1.0,4.55,6.47,0.0,0.0,0.0,0.0,40.91,31.82,9.09,94.86,2.0,2.0,9.09,5.57,5.57,0.45,0.45,0.6,0.2,,0.17,0.5,0.25,1.0,0.5,0.0,4.55,0.05,0.0,0.0
4,臺北台新戰神,5|13|14|14845,黃聰翰/陳冠全/錢肯尼/恩多,2,40,43.0,718.37,11.97,11:58,359.18,5.99,05:59,20.0,10.0,46.51,60.14,27.0,13.5,62.79,81.18,18.0,9.0,41.86,54.12,8.0,4.0,18.6,24.05,10.0,5.0,23.26,30.07,5.0,2.5,11.63,15.03,8.0,4.0,18.6,24.05,3.0,1.5,6.98,9.02,2.0,1.0,4.65,6.01,1.0,0.5,2.33,3.01,2.0,1.0,4.65,6.01,9.0,4.5,20.93,27.06,1.0,0.5,2.33,3.01,9.0,4.5,20.93,27.06,3.0,1.5,6.98,9.02,5.0,2.5,11.63,15.03,1.0,0.5,2.33,3.01,2.0,1.0,4.65,6.01,3.0,1.5,6.98,9.02,0.0,0.0,0.0,0.0,46.51,62.79,-16.28,86.2,-7.0,-3.5,-16.28,11.97,5.99,0.53,0.53,0.5,0.38,0.5,0.14,0.62,0.18,0.9,0.52,2.33,4.65,0.07,0.0,0.11
4,高雄全家海神,51|110|10891|13275,克力斯/胡瓏貿/廖偉皓/吳彥侖,1,43,49.0,716.77,11.95,11:57,716.77,11.95,11:57,33.0,33.0,67.35,99.45,26.0,26.0,53.06,78.35,23.0,23.0,46.94,69.31,12.0,12.0,24.49,36.16,10.0,10.0,20.41,30.14,5.0,5.0,10.2,15.07,13.0,13.0,26.53,39.18,7.0,7.0,14.29,21.09,2.0,2.0,4.08,6.03,2.0,2.0,4.08,6.03,3.0,3.0,6.12,9.04,8.0,8.0,16.33,24.11,1.0,1.0,2.04,3.01,9.0,9.0,18.37,27.12,2.0,2.0,4.08,6.03,9.0,9.0,18.37,27.12,1.0,1.0,2.04,3.01,1.0,1.0,2.04,3.01,2.0,2.0,4.08,6.03,0.0,0.0,0.0,0.0,67.35,53.06,14.29,98.44,7.0,7.0,14.29,11.95,11.95,0.67,0.69,0.5,0.54,1.0,0.08,0.75,0.25,0.89,0.52,2.04,2.04,0.04,0.0,0.09
4,高雄全家海神,51|118|10891|13275,克力斯/蘇文儒/廖偉皓/吳彥侖,1,58,63.0,939.3,15.66,15:39,939.3,15.66,15:39,30.0,30.0,47.62,68.99,35.0,35.0,55.56,80.49,30.0,30.0,47.62,68.99,13.0,13.0,20.63,29.89,17.0,17.0,26.98,39.09,11.0,11.0,17.46,25.3,13.0,13.0,20.63,29.89,2.0,2.0,3.17,4.6,3.0,3.0,4.76,6.9,2.0,2.0,3.17,4.6,4.0,4.0,6.35,9.2,14.0,14.0,22.22,32.19,0.0,0.0,0.0,0.0,11.0,11.0,17.46,25.3,2.0,2.0,3.17,4.6,8.0,8.0,12.7,18.4,2.0,2.0,3.17,4.6,1.0,1.0,1.59,2.3,2.0,2.0,3.17,4.6,4.0,4.0,6.35,9.2,47.62,55.56,-7.94,96.58,-5.0,-5.0,-7.94,15.66,15.66,0.47,0.48,0.65,0.15,0.67,0.06,0.62,0.27,1.0,0.62,3.17,1.59,0.03,6.35,0.1
4,高雄全家海神,110|118|10891|13275,胡瓏貿/蘇文儒/廖偉皓/吳彥侖,1,74,81.0,1167.57,19.46,19:28,1167.57,19.46,19:28,32.0,32.0,39.51,59.2,43.0,43.0,53.09,79.55,36.0,36.0,44.44,66.6,14.0,14.0,17.28,25.9,23.0,23.0,28.4,42.55,12.0,12.0,14.81,22.2,13.0,13.0,16.05,24.05,2.0,2.0,2.47,3.7,2.0,2.0,2.47,3.7,2.0,2.0,2.47,3.7,3.0,3.0,3.7,5.55,18.0,18.0,22.22,33.3,2.0,2.0,2.47,3.7,13.0,13.0,16.05,24.05,4.0,4.0,4.94,7.4,6.0,6.0,7.41,11.1,2.0,2.0,2.47,3.7,1.0,1.0,1.23,1.85,5.0,5.0,6.17,9.25,12.0,12.0,14.81,22.2,39.51,53.09,-13.58,99.9,-11.0,-11.0,-13.58,19.46,19.46,0.42,0.43,0.52,0.15,1.0,0.1,0.43,0.19,0.9,0.58,2.47,1.23,0.06,14.81,0.06
4,臺北台新戰神,1|3|4|14,丁聖儒/陳文宏/張兆辰/錢肯尼,1,10,12.0,160.03,2.67,02:40,160.03,2.67,02:40,5.0,5.0,41.67,67.49,4.0,4.0,33.33,53.99,3.0,3.0,25.0,40.49,2.0,2.0,16.67,26.99,1.0,1.0,8.33,13.5,1.0,1.0,8.33,13.5,2.0,2.0,16.67,26.99,1.0,1.0,8.33,13.5,0.0,0.0,0.0,0.0,0.0,0.0,0.0,0.0,0.0,0.0,0.0,0.0,1.0,1.0,8.33,13.5,2.0,2.0,16.67,26.99,3.0,3.0,25.0,40.49,2.0,2.0,16.67,26.99,2.0,2.0,16.67,26.99,1.0,1.0,8.33,13.5,0.0,0.0,0.0,0.0,1.0,1.0,8.33,13.5,0.0,0.0,0.0,0.0,41.67,33.33,8.33,107.98,1.0,1.0,8.33,2.67,2.67,0.83,0.83,1.0,0.5,,0.4,1.0,0.0,0.33,0.17,8.33,0.0,0.08,0.0,0.0
4,臺北台新戰神,1|3|4|14845,丁聖儒/陳文宏/張兆辰/恩多,1,14,17.0,223.88,3.73,03:44,223.88,3.73,03:44,7.0,7.0,41.18,67.54,4.0,4.0,23.53,38.59,5.0,5.0,29.41,48.24,3.0,3.0,17.65,28.94,2.0,2.0,11.76,19.3,2.0,2.0,11.76,19.3,3.0,3.0,17.65,28.94,1.0,1.0,5.88,9.65,1.0,1.0,5.88,9.65,0.0,0.0,0.0,0.0,0.0,0.0,0.0,0.0,3.0,3.0,17.65,28.94,2.0,2.0,11.76,19.3,4.0,4.0,23.53,38.59,2.0,2.0,11.76,19.3,3.0,3.0,17.65,28.94,1.0,1.0,5.88,9.65,0.0,0.0,0.0,0.0,2.0,2.0,11.76,19.3,0.0,0.0,0.0,0.0,41.18,23.53,17.65,109.34,3.0,3.0,17.65,3.73,3.73,0.7,0.64,1.0,0.33,0.0,0.27,1.0,0.0,0.6,0.33,5.88,0.0,0.12,0.0,0.2
4,臺北台新戰神,1|4|14|14845,丁聖儒/張兆辰/錢肯尼/恩多,1,23,29.0,410.03,6.83,06:50,410.03,6.83,06:50,14.0,14.0,48.28,73.75,21.0,21.0,72.41,110.63,11.0,11.0,37.93,57.95,6.0,6.0,20.69,31.61,6.0,6.0,20.69,31.61,4.0,4.0,13.79,21.07,5.0,5.0,17.24,26.34,2.0,2.0,6.9,10.54,0.0,0.0,0.0,0.0,0.0,0.0,0.0,0.0,1.0,1.0,3.45,5.27,4.0,4.0,13.79,21.07,3.0,3.0,10.34,15.8,5.0,5.0,17.24,26.34,2.0,2.0,6.9,10.54,5.0,5.0,17.24,26.34,1.0,1.0,3.45,5.27,0.0,0.0,0.0,0.0,1.0,1.0,3.45,5.27,0.0,0.0,0.0,0.0,48.28,72.41,-24.14,101.85,-7.0,-7.0,-24.14,6.83,6.83,0.64,0.64,0.67,0.4,,0.15,0.83,0.17,0.57,0.38,3.45,0.0,0.03,0.0,0.0
4,臺北台新戰神,3|4|14|14845,陳文宏/張兆辰/錢肯尼/恩多,1,10,12.0,160.03,2.67,02:40,160.03,2.67,02:40,5.0,5.0,41.67,67.49,4.0,4.0,33.33,53.99,3.0,3.0,25.0,40.49,2.0,2.0,16.67,26.99,1.0,1.0,8.33,13.5,1.0,1.0,8.33,13.5,2.0,2.0,16.67,26.99,1.0,1.0,8.33,13.5,0.0,0.0,0.0,0.0,0.0,0.0,0.0,0.0,0.0,0.0,0.0,0.0,1.0,1.0,8.33,13.5,2.0,2.0,16.67,26.99,3.0,3.0,25.0,40.49,2.0,2.0,16.67,26.99,2.0,2.0,16.67,26.99,1.0,1.0,8.33,13.5,0.0,0.0,0.0,0.0,1.0,1.0,8.33,13.5,0.0,0.0,0.0,0.0,41.67,33.33,8.33,107.98,1.0,1.0,8.33,2.67,2.67,0.83,0.83,1.0,0.5,,0.4,1.0,0.0,0.33,0.17,8.33,0.0,0.08,0.0,0.0
4,高雄全家海神,45|110|10891|13275,施晉堯/胡瓏貿/廖偉皓/吳彥侖,1,83,94.0,1424.66,23.74,23:45,1424.66,23.74,23:45,48.0,48.0,51.06,72.78,54.0,54.0,57.45,81.87,36.0,36.0,38.3,54.58,17.0,17.0,18.09,25.77,17.0,17.0,18.09,25.77,9.0,9.0,9.57,13.65,19.0,19.0,20.21,28.81,8.0,8.0,8.51,12.13,6.0,6.0,6.38,9.1,6.0,6.0,6.38,9.1,2.0,2.0,2.13,3.03,15.0,15.0,15.96,22.74,4.0,4.0,4.26,6.06,17.0,17.0,18.09,25.77,7.0,7.0,7.45,10.61,10.0,10.0,10.64,15.16,1.0,1.0,1.06,1.52,0.0,0.0,0.0,0.0,9.0,9.0,9.57,13.65,13.0,13.0,13.83,19.71,51.06,57.45,-6.38,95.01,-6.0,-6.0,-6.38,23.74,23.74,0.58,0.62,0.53,0.42,1.0,0.15,0.59,0.11,0.79,0.45,1.06,0.0,0.1,13.83,0.17
4,高雄全家海神,110|116|10891|13275,胡瓏貿/呂威霆/廖偉皓/吳彥侖,1,14,16.0,242.38,4.04,04:02,242.38,4.04,04:02,5.0,5.0,31.25,44.56,7.0,7.0,43.75,62.38,3.0,3.0,18.75,26.73,1.0,1.0,6.25,8.91,2.0,2.0,12.5,17.82,0.0,0.0,0.0,0.0,1.0,1.0,6.25,8.91,1.0,1.0,6.25,8.91,2.0,2.0,12.5,17.82,2.0,2.0,12.5,17.82,0.0,0.0,0.0,0.0,1.0,1.0,6.25,8.91,1.0,1.0,6.25,8.91,5.0,5.0,31.25,44.56,3.0,3.0,18.75,26.73,1.0,1.0,6.25,8.91,0.0,0.0,0.0,0.0,0.0,0.0,0.0,0.0,2.0,2.0,12.5,17.82,1.0,1.0,6.25,8.91,31.25,43.75,-12.5,95.06,-2.0,-2.0,-12.5,4.04,4.04,0.5,0.64,0.0,1.0,1.0,0.44,1.0,0.0,0.5,0.14,0.0,0.0,0.12,6.25,0.67
4,臺北台新戰神,1|2|3|4,丁聖儒/江均/陳文宏/張兆辰,1,4,5.0,63.85,1.06,01:04,63.85,1.06,01:04,2.0,2.0,40.0,67.66,0.0,0.0,0.0,0.0,2.0,2.0,40.0,67.66,1.0,1.0,20.0,33.83,1.0,1.0,20.0,33.83,1.0,1.0,20.0,33.83,1.0,1.0,20.0,33.83,0.0,0.0,0.0,0.0,1.0,1.0,20.0,33.83,0.0,0.0,0.0,0.0,0.0,0.0,0.0,0.0,2.0,2.0,40.0,67.66,0.0,0.0,0.0,0.0,1.0,1.0,20.0,33.83,0.0,0.0,0.0,0.0,1.0,1.0,20.0,33.83,0.0,0.0,0.0,0.0,0.0,0.0,0.0,0.0,1.0,1.0,20.0,33.83,0.0,0.0,0.0,0.0,40.0,0.0,40.0,112.76,2.0,2.0,40.0,1.06,1.06,0.5,0.41,1.0,0.0,0.0,0.0,1.0,0.0,1.0,0.67,0.0,0.0,0.2,0.0,0.5
4,臺北台新戰神,1|2|4|14845,丁聖儒/江均/張兆辰/恩多,1,6,7.0,97.85,1.63,01:38,97.85,1.63,01:38,2.0,2.0,28.57,44.15,0.0,0.0,0.0,0.0,3.0,3.0,42.86,66.22,1.0,1.0,14.29,22.07,1.0,1.0,14.29,22.07,1.0,1.0,14.29,22.07,2.0,2.0,28.57,44.15,0.0,0.0,0.0,0.0,1.0,1.0,14.29,22.07,0.0,0.0,0.0,0.0,0.0,0.0,0.0,0.0,3.0,3.0,42.86,66.22,0.0,0.0,0.0,0.0,2.0,2.0,28.57,44.15,0.0,0.0,0.0,0.0,1.0,1.0,14.29,22.07,0.0,0.0,0.0,0.0,0.0,0.0,0.0,0.0,1.0,1.0,14.29,22.07,0.0,0.0,0.0,0.0,28.57,0.0,28.57,103.01,2.0,2.0,28.57,1.63,1.63,0.33,0.29,1.0,0.0,0.0,0.0,1.0,0.0,1.0,0.6,0.0,0.0,0.14,0.0,0.33
4,臺北台新戰神,2|3|4|14845,江均/陳文宏/張兆辰/恩多,2,24,28.0,396.2,6.6,06:36,198.1,3.3,03:18,10.0,5.0,35.71,54.52,10.0,5.0,35.71,54.52,10.0,5.0,35.71,54.52,5.0,2.5,17.86,27.26,6.0,3.0,21.43,32.71,5.0,2.5,17.86,27.26,4.0,2.0,14.29,21.81,0.0,0.0,0.0,0.0,3.0,1.5,10.71,16.36,0.0,0.0,0.0,0.0,1.0,0.5,3.57,5.45,6.0,3.0,21.43,32.71,1.0,0.5,3.57,5.45,4.0,2.0,14.29,21.81,2.0,1.0,7.14,10.9,1.0,0.5,3.57,5.45,1.0,0.5,3.57,5.45,0.0,0.0,0.0,0.0,2.0,1.0,7.14,10.9,4.0,2.0,14.29,21.81,35.71,35.71,0.0,101.77,0.0,0.0,0.0,6.6,3.3,0.5,0.44,0.83,0.0,0.0,0.15,0.2,0.2,0.86,0.58,3.57,0.0,0.07,14.29,0.3
4,臺北台新戰神,2|3|10865|14845,江均/陳文宏/謝銘駿/恩多,2,21,24.0,333.03,5.55,05:33,166.52,2.78,02:47,10.0,5.0,41.67,64.86,10.0,5.0,41.67,64.86,8.0,4.0,33.33,51.89,4.0,2.0,16.67,25.94,5.0,2.5,20.83,32.43,4.0,2.0,16.67,25.94,3.0,1.5,12.5,19.46,0.0,0.0,0.0,0.0,4.0,2.0,16.67,25.94,2.0,1.0,8.33,12.97,1.0,0.5,4.17,6.49,4.0,2.0,16.67,25.94,1.0,0.5,4.17,6.49,3.0,1.5,12.5,19.46,2.0,1.0,8.33,12.97,0.0,0.0,0.0,0.0,1.0,0.5,4.17,6.49,0.0,0.0,0.0,0.0,1.0,0.5,4.17,6.49,4.0,2.0,16.67,25.94,41.67,41.67,0.0,103.77,0.0,0.0,0.0,5.55,2.78,0.5,0.51,0.8,0.0,0.5,0.17,0.0,0.25,0.8,0.56,4.17,0.0,0.04,16.67,0.5
4,臺北台新戰神,2|4|10865|14845,江均/張兆辰/謝銘駿/恩多,2,25,29.0,406.35,6.77,06:46,203.17,3.39,03:23,8.0,4.0,27.59,42.53,14.0,7.0,48.28,74.42,9.0,4.5,31.03,47.84,4.0,2.0,13.79,21.26,5.0,2.5,17.24,26.58,4.0,2.0,13.79,21.26,4.0,2.0,13.79,21.26,0.0,0.0,0.0,0.0,2.0,1.0,6.9,10.63,0.0,0.0,0.0,0.0,1.0,0.5,3.45,5.32,5.0,2.5,17.24,26.58,2.0,1.0,6.9,10.63,4.0,2.0,13.79,21.26,3.0,1.5,10.34,15.95,0.0,0.0,0.0,0.0,2.0,1.0,6.9,10.63,0.0,0.0,0.0,0.0,2.0,1.0,6.9,10.63,4.0,2.0,13.79,21.26,27.59,48.28,-20.69,102.77,-6.0,-3.0,-20.69,6.77,3.39,0.44,0.4,0.8,0.0,0.0,0.23,0.0,0.2,0.71,0.5,6.9,0.0,0.07,13.79,0.22
4,臺北台新戰神,3|4|10865|14845,陳文宏/張兆辰/謝銘駿/恩多,2,20,23.0,332.35,5.54,05:32,166.17,2.77,02:46,8.0,4.0,34.78,51.99,10.0,5.0,43.48,64.99,8.0,4.0,34.78,51.99,4.0,2.0,17.39,26.0,5.0,2.5,21.74,32.5,4.0,2.0,17.39,26.0,3.0,1.5,13.04,19.5,0.0,0.0,0.0,0.0,2.0,1.0,8.7,13.0,0.0,0.0,0.0,0.0,1.0,0.5,4.35,6.5,4.0,2.0,17.39,26.0,1.0,0.5,4.35,6.5,3.0,1.5,13.04,19.5,2.0,1.0,8.7,13.0,0.0,0.0,0.0,0.0,1.0,0.5,4.35,6.5,0.0,0.0,0.0,0.0,1.0,0.5,4.35,6.5,4.0,2.0,17.39,26.0,34.78,43.48,-8.7,99.66,-2.0,-1.0,-8.7,5.54,2.77,0.5,0.45,0.8,0.0,0.0,0.18,0.0,0.25,0.8,0.56,4.35,0.0,0.04,17.39,0.25
4,高雄全家海神,45|51|118|13275,施晉堯/克力斯/蘇文儒/吳彥侖,1,44,49.0,766.78,12.78,12:47,766.78,12.78,12:47,27.0,27.0,55.1,76.06,30.0,30.0,61.22,84.51,23.0,23.0,46.94,64.79,11.0,11.0,22.45,30.99,11.0,11.0,22.45,30.99,8.0,8.0,16.33,22.54,12.0,12.0,24.49,33.8,3.0,3.0,6.12,8.45,3.0,3.0,6.12,8.45,2.0,2.0,4.08,5.63,3.0,3.0,6.12,8.45,10.0,10.0,20.41,28.17,0.0,0.0,0.0,0.0,8.0,8.0,16.33,22.54,1.0,1.0,2.04,2.82,7.0,7.0,14.29,19.72,1.0,1.0,2.04,2.82,0.0,0.0,0.0,0.0,4.0,4.0,8.16,11.27,6.0,6.0,12.24,16.9,55.1,61.22,-6.12,92.02,-3.0,-3.0,-6.12,12.78,12.78,0.54,0.56,0.73,0.25,0.67,0.04,0.64,0.27,1.0,0.62,2.04,0.0,0.08,12.24,0.13
4,高雄全家海神,45|110|118|13275,施晉堯/胡瓏貿/蘇文儒/吳彥侖,1,62,69.0,1029.05,17.15,17:09,1029.05,17.15,17:09,29.0,29.0,42.03,60.87,38.0,38.0,55.07,79.76,30.0,30.0,43.48,62.97,12.0,12.0,17.39,25.19,18.0,18.0,26.09,37.78,9.0,9.0,13.04,18.89,12.0,12.0,17.39,25.19,3.0,3.0,4.35,6.3,2.0,2.0,2.9,4.2,2.0,2.0,2.9,4.2,2.0,2.0,2.9,4.2,15.0,15.0,21.74,31.49,2.0,2.0,2.9,4.2,11.0,11.0,15.94,23.09,3.0,3.0,4.35,6.3,5.0,5.0,7.25,10.5,1.0,1.0,1.45,2.1,0.0,0.0,0.0,0.0,7.0,7.0,10.14,14.69,14.0,14.0,20.29,29.39,42.03,55.07,-13.04,96.56,-9.0,-9.0,-13.04,17.15,17.15,0.45,0.47,0.5,0.25,1.0,0.09,0.42,0.15,0.88,0.57,1.45,0.0,0.1,20.29,0.07
4,高雄全家海神,116|118|10891|13275,呂威霆/蘇文儒/廖偉皓/吳彥侖,1,2,2.0,34.0,0.57,00:34,34.0,0.57,00:34,0.0,0.0,0.0,0.0,0.0,0.0,0.0,0.0,1.0,1.0,50.0,63.53,0.0,0.0,0.0,0.0,1.0,1.0,50.0,63.53,0.0,0.0,0.0,0.0,0.0,0.0,0.0,0.0,0.0,0.0,0.0,0.0,0.0,0.0,0.0,0.0,0.0,0.0,0.0,0.0,0.0,0.0,0.0,0.0,1.0,1.0,50.0,63.53,0.0,0.0,0.0,0.0,1.0,1.0,50.0,63.53,0.0,0.0,0.0,0.0,0.0,0.0,0.0,0.0,0.0,0.0,0.0,0.0,0.0,0.0,0.0,0.0,0.0,0.0,0.0,0.0,0.0,0.0,0.0,0.0,0.0,0.0,0.0,84.71,0.0,0.0,0.0,0.57,0.57,0.0,0.0,0.0,,,0.0,,0.0,1.0,0.5,0.0,0.0,0.0,0.0,0.0
4,臺北台新戰神,1|2|4|10865,丁聖儒/江均/張兆辰/謝銘駿,1,2,2.0,34.0,0.57,00:34,34.0,0.57,00:34,0.0,0.0,0.0,0.0,0.0,0.0,0.0,0.0,1.0,1.0,50.0,63.53,0.0,0.0,0.0,0.0,0.0,0.0,0.0,0.0,0.0,0.0,0.0,0.0,1.0,1.0,50.0,63.53,0.0,0.0,0.0,0.0,0.0,0.0,0.0,0.0,0.0,0.0,0.0,0.0,0.0,0.0,0.0,0.0,1.0,1.0,50.0,63.53,0.0,0.0,0.0,0.0,1.0,1.0,50.0,63.53,0.0,0.0,0.0,0.0,0.0,0.0,0.0,0.0,0.0,0.0,0.0,0.0,0.0,0.0,0.0,0.0,0.0,0.0,0.0,0.0,0.0,0.0,0.0,0.0,0.0,0.0,0.0,84.71,0.0,0.0,0.0,0.57,0.57,0.0,0.0,,0.0,,0.0,,0.0,1.0,0.5,0.0,0.0,0.0,0.0,0.0
4,臺北台新戰神,1|2|10865|14845,丁聖儒/江均/謝銘駿/恩多,1,5,5.0,71.0,1.18,01:11,71.0,1.18,01:11,0.0,0.0,0.0,0.0,2.0,2.0,40.0,60.85,2.0,2.0,40.0,60.85,0.0,0.0,0.0,0.0,0.0,0.0,0.0,0.0,0.0,0.0,0.0,0.0,2.0,2.0,40.0,60.85,0.0,0.0,0.0,0.0,0.0,0.0,0.0,0.0,0.0,0.0,0.0,0.0,0.0,0.0,0.0,0.0,2.0,2.0,40.0,60.85,0.0,0.0,0.0,0.0,1.0,1.0,20.0,30.42,1.0,1.0,20.0,30.42,0.0,0.0,0.0,0.0,0.0,0.0,0.0,0.0,0.0,0.0,0.0,0.0,0.0,0.0,0.0,0.0,0.0,0.0,0.0,0.0,0.0,40.0,-40.0,101.41,-2.0,-2.0,-40.0,1.18,1.18,0.0,0.0,,0.0,,0.33,,0.0,1.0,0.67,0.0,0.0,0.0,0.0,0.0
4,臺北台新戰神,1|4|10865|14845,丁聖儒/張兆辰/謝銘駿/恩多,1,2,2.0,34.0,0.57,00:34,34.0,0.57,00:34,0.0,0.0,0.0,0.0,0.0,0.0,0.0,0.0,1.0,1.0,50.0,63.53,0.0,0.0,0.0,0.0,0.0,0.0,0.0,0.0,0.0,0.0,0.0,0.0,1.0,1.0,50.0,63.53,0.0,0.0,0.0,0.0,0.0,0.0,0.0,0.0,0.0,0.0,0.0,0.0,0.0,0.0,0.0,0.0,1.0,1.0,50.0,63.53,0.0,0.0,0.0,0.0,1.0,1.0,50.0,63.53,0.0,0.0,0.0,0.0,0.0,0.0,0.0,0.0,0.0,0.0,0.0,0.0,0.0,0.0,0.0,0.0,0.0,0.0,0.0,0.0,0.0,0.0,0.0,0.0,0.0,0.0,0.0,84.71,0.0,0.0,0.0,0.57,0.57,0.0,0.0,,0.0,,0.0,,0.0,1.0,0.5,0.0,0.0,0.0,0.0,0.0
4,臺北台新戰神,1|2|11|14845,丁聖儒/江均/蘇奕晉/恩多,1,3,3.0,37.0,0.62,00:37,37.0,0.62,00:37,0.0,0.0,0.0,0.0,2.0,2.0,66.67,116.76,1.0,1.0,33.33,58.38,0.0,0.0,0.0,0.0,0.0,0.0,0.0,0.0,0.0,0.0,0.0,0.0,1.0,1.0,33.33,58.38,0.0,0.0,0.0,0.0,0.0,0.0,0.0,0.0,0.0,0.0,0.0,0.0,0.0,0.0,0.0,0.0,1.0,1.0,33.33,58.38,0.0,0.0,0.0,0.0,0.0,0.0,0.0,0.0,1.0,1.0,33.33,58.38,0.0,0.0,0.0,0.0,0.0,0.0,0.0,0.0,0.0,0.0,0.0,0.0,0.0,0.0,0.0,0.0,0.0,0.0,0.0,0.0,0.0,66.67,-66.67,116.76,-2.0,-2.0,-66.67,0.62,0.62,0.0,0.0,,0.0,,0.5,,,1.0,1.0,0.0,0.0,0.0,0.0,0.0
4,臺北台新戰神,1|11|10865|14845,丁聖儒/蘇奕晉/謝銘駿/恩多,1,3,3.0,37.0,0.62,00:37,37.0,0.62,00:37,0.0,0.0,0.0,0.0,2.0,2.0,66.67,116.76,1.0,1.0,33.33,58.38,0.0,0.0,0.0,0.0,0.0,0.0,0.0,0.0,0.0,0.0,0.0,0.0,1.0,1.0,33.33,58.38,0.0,0.0,0.0,0.0,0.0,0.0,0.0,0.0,0.0,0.0,0.0,0.0,0.0,0.0,0.0,0.0,1.0,1.0,33.33,58.38,0.0,0.0,0.0,0.0,0.0,0.0,0.0,0.0,1.0,1.0,33.33,58.38,0.0,0.0,0.0,0.0,0.0,0.0,0.0,0.0,0.0,0.0,0.0,0.0,0.0,0.0,0.0,0.0,0.0,0.0,0.0,0.0,0.0,66.67,-66.67,116.76,-2.0,-2.0,-66.67,0.62,0.62,0.0,0.0,,0.0,,0.5,,,1.0,1.0,0.0,0.0,0.0,0.0,0.0
4,臺北台新戰神,2|11|10865|14845,江均/蘇奕晉/謝銘駿/恩多,1,3,3.0,37.0,0.62,00:37,37.0,0.62,00:37,0.0,0.0,0.0,0.0,2.0,2.0,66.67,116.76,1.0,1.0,33.33,58.38,0.0,0.0,0.0,0.0,0.0,0.0,0.0,0.0,0.0,0.0,0.0,0.0,1.0,1.0,33.33,58.38,0.0,0.0,0.0,0.0,0.0,0.0,0.0,0.0,0.0,0.0,0.0,0.0,0.0,0.0,0.0,0.0,1.0,1.0,33.33,58.38,0.0,0.0,0.0,0.0,0.0,0.0,0.0,0.0,1.0,1.0,33.33,58.38,0.0,0.0,0.0,0.0,0.0,0.0,0.0,0.0,0.0,0.0,0.0,0.0,0.0,0.0,0.0,0.0,0.0,0.0,0.0,0.0,0.0,66.67,-66.67,116.76,-2.0,-2.0,-66.67,0.62,0.62,0.0,0.0,,0.0,,0.5,,,1.0,1.0,0.0,0.0,0.0,0.0,0.0
4,臺北台新戰神,5|11|14|14845,黃聰翰/蘇奕晉/錢肯尼/恩多,1,15,15.0,215.87,3.6,03:36,215.87,3.6,03:36,6.0,6.0,40.0,60.04,7.0,7.0,46.67,70.04,6.0,6.0,40.0,60.04,2.0,2.0,13.33,20.01,2.0,2.0,13.33,20.01,0.0,0.0,0.0,0.0,4.0,4.0,26.67,40.02,2.0,2.0,13.33,20.01,2.0,2.0,13.33,20.01,0.0,0.0,0.0,0.0,0.0,0.0,0.0,0.0,5.0,5.0,33.33,50.03,0.0,0.0,0.0,0.0,4.0,4.0,26.67,40.02,0.0,0.0,0.0,0.0,2.0,2.0,13.33,20.01,0.0,0.0,0.0,0.0,0.0,0.0,0.0,0.0,1.0,1.0,6.67,10.01,0.0,0.0,0.0,0.0,40.0,46.67,-6.67,100.06,-1.0,-1.0,-6.67,3.6,3.6,0.5,0.44,0.0,0.5,0.0,0.0,1.0,0.0,1.0,0.56,0.0,0.0,0.07,0.0,0.33
4,高雄全家海神,45|118|10891|13275,施晉堯/蘇文儒/廖偉皓/吳彥侖,1,82,90.0,1370.81,22.85,22:51,1370.81,22.85,22:51,40.0,40.0,44.44,63.03,56.0,56.0,62.22,88.24,39.0,39.0,43.33,61.45,17.0,17.0,18.89,26.79,21.0,21.0,23.33,33.09,15.0,15.0,16.67,23.64,18.0,18.0,20.0,28.36,2.0,2.0,2.22,3.15,5.0,5.0,5.56,7.88,4.0,4.0,4.44,6.3,3.0,3.0,3.33,4.73,19.0,19.0,21.11,29.94,2.0,2.0,2.22,3.15,13.0,13.0,14.44,20.48,4.0,4.0,4.44,6.3,8.0,8.0,8.89,12.61,2.0,2.0,2.22,3.15,0.0,0.0,0.0,0.0,7.0,7.0,7.78,11.03,16.0,16.0,17.78,25.21,44.44,62.22,-17.78,94.54,-16.0,-16.0,-17.78,22.85,22.85,0.46,0.49,0.71,0.11,0.8,0.09,0.47,0.19,0.9,0.59,2.22,0.0,0.08,17.78,0.13
4,臺北台新戰神,5|11|13|14,黃聰翰/蘇奕晉/陳冠全/錢肯尼,1,4,4.0,75.0,1.25,01:15,75.0,1.25,01:15,3.0,3.0,75.0,86.4,2.0,2.0,50.0,57.6,2.0,2.0,50.0,57.6,1.0,1.0,25.0,28.8,1.0,1.0,25.0,28.8,0.0,0.0,0.0,0.0,1.0,1.0,25.0,28.8,1.0,1.0,25.0,28.8,0.0,0.0,0.0,0.0,0.0,0.0,0.0,0.0,0.0,0.0,0.0,0.0,1.0,1.0,25.0,28.8,0.0,0.0,0.0,0.0,1.0,1.0,25.0,28.8,0.0,0.0,0.0,0.0,1.0,1.0,25.0,28.8,0.0,0.0,0.0,0.0,0.0,0.0,0.0,0.0,1.0,1.0,25.0,28.8,0.0,0.0,0.0,0.0,75.0,50.0,25.0,76.8,1.0,1.0,25.0,1.25,1.25,0.75,0.75,0.0,1.0,,0.0,1.0,0.0,1.0,0.5,0.0,0.0,0.25,0.0,0.0
4,臺北台新戰神,3|5|13|14,陳文宏/黃聰翰/陳冠全/錢肯尼,1,11,12.0,151.71,2.53,02:32,151.71,2.53,02:32,7.0,7.0,58.33,99.66,4.0,4.0,33.33,56.95,3.0,3.0,25.0,42.71,2.0,2.0,16.67,28.48,1.0,1.0,8.33,14.24,0.0,0.0,0.0,0.0,2.0,2.0,16.67,28.48,2.0,2.0,16.67,28.48,2.0,2.0,16.67,28.48,1.0,1.0,8.33,14.24,0.0,0.0,0.0,0.0,1.0,1.0,8.33,14.24,0.0,0.0,0.0,0.0,3.0,3.0,25.0,42.71,2.0,2.0,16.67,28.48,3.0,3.0,25.0,42.71,1.0,1.0,8.33,14.24,0.0,0.0,0.0,0.0,1.0,1.0,8.33,14.24,0.0,0.0,0.0,0.0,58.33,33.33,25.0,113.9,3.0,3.0,25.0,2.53,2.53,1.0,0.9,0.0,1.0,0.5,0.34,1.5,0.0,1.0,0.25,8.33,0.0,0.08,0.0,0.67
4,高雄全家海神,45|51|10891|13275,施晉堯/克力斯/廖偉皓/吳彥侖,1,51,58.0,920.01,15.33,15:20,920.01,15.33,15:20,41.0,41.0,70.69,96.26,39.0,39.0,67.24,91.56,26.0,26.0,44.83,61.04,15.0,15.0,25.86,35.22,8.0,8.0,13.79,18.78,8.0,8.0,13.79,18.78,18.0,18.0,31.03,42.26,7.0,7.0,12.07,16.43,5.0,5.0,8.62,11.74,4.0,4.0,6.9,9.39,3.0,3.0,5.17,7.04,9.0,9.0,15.52,21.13,1.0,1.0,1.72,2.35,9.0,9.0,15.52,21.13,2.0,2.0,3.45,4.7,11.0,11.0,18.97,25.83,1.0,1.0,1.72,2.35,0.0,0.0,0.0,0.0,4.0,4.0,6.9,9.39,4.0,4.0,6.9,9.39,70.69,67.24,3.45,90.78,2.0,2.0,3.45,15.33,15.33,0.71,0.73,1.0,0.39,0.8,0.07,0.73,0.25,0.9,0.55,1.72,0.0,0.07,6.9,0.19
4,臺北台新戰神,1|4|5|14845,丁聖儒/張兆辰/黃聰翰/恩多,1,13,17.0,250.0,4.17,04:10,250.0,4.17,04:10,9.0,9.0,52.94,77.76,17.0,17.0,100.0,146.88,8.0,8.0,47.06,69.12,4.0,4.0,23.53,34.56,5.0,5.0,29.41,43.2,3.0,3.0,17.65,25.92,3.0,3.0,17.65,25.92,1.0,1.0,5.88,8.64,0.0,0.0,0.0,0.0,0.0,0.0,0.0,0.0,1.0,1.0,5.88,8.64,3.0,3.0,17.65,25.92,1.0,1.0,5.88,8.64,2.0,2.0,11.76,17.28,0.0,0.0,0.0,0.0,3.0,3.0,17.65,25.92,0.0,0.0,0.0,0.0,0.0,0.0,0.0,0.0,0.0,0.0,0.0,0.0,0.0,0.0,0.0,0.0,52.94,100.0,-47.06,97.92,-8.0,-8.0,-47.06,4.17,4.17,0.56,0.56,0.6,0.33,,0.0,0.75,0.33,0.75,0.57,0.0,0.0,0.0,0.0,0.0
4,臺北台新戰神,4|5|14|14845,張兆辰/黃聰翰/錢肯尼/恩多,2,38,51.0,696.51,11.61,11:37,348.26,5.8,05:48,28.0,14.0,54.9,86.83,32.0,16.0,62.75,99.24,23.0,11.5,45.1,71.33,10.0,5.0,19.61,31.01,16.0,8.0,31.37,49.62,6.0,3.0,11.76,18.61,7.0,3.5,13.73,21.71,4.0,2.0,7.84,12.4,7.0,3.5,13.73,21.71,4.0,2.0,7.84,12.4,6.0,3.0,11.76,18.61,9.0,4.5,17.65,27.91,4.0,2.0,7.84,12.4,6.0,3.0,11.76,18.61,0.0,0.0,0.0,0.0,7.0,3.5,13.73,21.71,0.0,0.0,0.0,0.0,1.0,0.5,1.96,3.1,3.0,1.5,5.88,9.3,4.0,2.0,7.84,12.4,54.9,62.75,-7.84,105.44,-4.0,-2.0,-7.84,11.61,5.8,0.52,0.54,0.38,0.57,0.57,0.0,0.7,0.5,0.69,0.6,0.0,1.96,0.06,7.84,0.3
4,臺北台新戰神,1|5|10865|14845,丁聖儒/黃聰翰/謝銘駿/恩多,1,23,24.0,452.55,7.54,07:33,452.55,7.54,07:33,23.0,23.0,95.83,109.78,13.0,13.0,54.17,62.05,12.0,12.0,50.0,57.28,10.0,10.0,41.67,47.73,9.0,9.0,37.5,42.96,8.0,8.0,33.33,38.18,3.0,3.0,12.5,14.32,2.0,2.0,8.33,9.55,2.0,2.0,8.33,9.55,1.0,1.0,4.17,4.77,0.0,0.0,0.0,0.0,4.0,4.0,16.67,19.09,0.0,0.0,0.0,0.0,3.0,3.0,12.5,14.32,0.0,0.0,0.0,0.0,5.0,5.0,20.83,23.86,0.0,0.0,0.0,0.0,0.0,0.0,0.0,0.0,3.0,3.0,12.5,14.32,0.0,0.0,0.0,0.0,95.83,54.17,41.67,76.37,10.0,10.0,41.67,7.54,7.54,0.92,0.89,0.89,0.67,0.5,0.0,0.5,0.0,1.0,0.57,0.0,0.0,0.12,0.0,0.17
4,臺北台新戰神,1|10864|10865|14845,丁聖儒/劉彥廷/謝銘駿/恩多,1,16,20.0,308.66,5.14,05:09,308.66,5.14,05:09,16.0,16.0,80.0,111.97,7.0,7.0,35.0,48.99,7.0,7.0,35.0,48.99,4.0,4.0,20.0,27.99,3.0,3.0,15.0,20.99,2.0,2.0,10.0,14.0,4.0,4.0,20.0,27.99,2.0,2.0,10.0,14.0,5.0,5.0,25.0,34.99,4.0,4.0,20.0,27.99,1.0,1.0,5.0,7.0,4.0,4.0,20.0,27.99,1.0,1.0,5.0,7.0,6.0,6.0,30.0,41.99,0.0,0.0,0.0,0.0,4.0,4.0,20.0,27.99,0.0,0.0,0.0,0.0,0.0,0.0,0.0,0.0,5.0,5.0,25.0,34.99,0.0,0.0,0.0,0.0,80.0,35.0,45.0,93.31,9.0,9.0,45.0,5.14,5.14,0.71,0.87,0.67,0.5,0.8,0.0,1.0,0.14,0.8,0.42,0.0,0.0,0.25,0.0,0.71
4,臺北台新戰神,5|10864|10865|14845,黃聰翰/劉彥廷/謝銘駿/恩多,2,28,31.0,454.47,7.57,07:34,227.24,3.79,03:47,15.0,7.5,48.39,71.29,19.0,9.5,61.29,90.3,9.0,4.5,29.03,42.77,6.0,3.0,19.35,28.52,5.0,2.5,16.13,23.76,4.0,2.0,12.9,19.01,4.0,2.0,12.9,19.01,2.0,1.0,6.45,9.51,3.0,1.5,9.68,14.26,1.0,0.5,3.23,4.75,0.0,0.0,0.0,0.0,5.0,2.5,16.13,23.76,2.0,1.0,6.45,9.51,4.0,2.0,12.9,19.01,3.0,1.5,9.68,14.26,4.0,2.0,12.9,19.01,3.0,1.5,9.68,14.26,1.0,0.5,3.23,4.75,6.0,3.0,19.35,28.52,2.0,1.0,6.45,9.51,48.39,61.29,-12.9,98.22,-4.0,-2.0,-12.9,7.57,3.79,0.78,0.73,0.8,0.5,0.33,0.23,0.67,0.0,0.71,0.45,9.68,3.23,0.19,6.45,0.33
4,臺北台新戰神,1|3|10864|10865,丁聖儒/陳文宏/劉彥廷/謝銘駿,1,10,13.0,159.52,2.66,02:40,159.52,2.66,02:40,7.0,7.0,53.85,94.78,2.0,2.0,15.38,27.08,4.0,4.0,30.77,54.16,1.0,1.0,7.69,13.54,2.0,2.0,15.38,27.08,1.0,1.0,7.69,13.54,2.0,2.0,15.38,27.08,0.0,0.0,0.0,0.0,4.0,4.0,30.77,54.16,3.0,3.0,23.08,40.62,1.0,1.0,7.69,13.54,3.0,3.0,23.08,40.62,1.0,1.0,7.69,13.54,4.0,4.0,30.77,54.16,0.0,0.0,0.0,0.0,2.0,2.0,15.38,27.08,0.0,0.0,0.0,0.0,0.0,0.0,0.0,0.0,2.0,2.0,15.38,27.08,0.0,0.0,0.0,0.0,53.85,15.38,38.46,117.35,5.0,5.0,38.46,2.66,2.66,0.25,0.61,0.5,0.0,0.75,0.0,2.0,0.2,0.75,0.44,0.0,0.0,0.15,0.0,1.0
4,臺北台新戰神,1|3|10864|14845,丁聖儒/陳文宏/劉彥廷/恩多,1,10,13.0,159.52,2.66,02:40,159.52,2.66,02:40,7.0,7.0,53.85,94.78,2.0,2.0,15.38,27.08,4.0,4.0,30.77,54.16,1.0,1.0,7.69,13.54,2.0,2.0,15.38,27.08,1.0,1.0,7.69,13.54,2.0,2.0,15.38,27.08,0.0,0.0,0.0,0.0,4.0,4.0,30.77,54.16,3.0,3.0,23.08,40.62,1.0,1.0,7.69,13.54,3.0,3.0,23.08,40.62,1.0,1.0,7.69,13.54,4.0,4.0,30.77,54.16,0.0,0.0,0.0,0.0,2.0,2.0,15.38,27.08,0.0,0.0,0.0,0.0,0.0,0.0,0.0,0.0,2.0,2.0,15.38,27.08,0.0,0.0,0.0,0.0,53.85,15.38,38.46,117.35,5.0,5.0,38.46,2.66,2.66,0.25,0.61,0.5,0.0,0.75,0.0,2.0,0.2,0.75,0.44,0.0,0.0,0.15,0.0,1.0
4,臺北台新戰神,3|10864|10865|14845,陳文宏/劉彥廷/謝銘駿/恩多,2,21,24.0,289.27,4.82,04:49,144.64,2.41,02:25,11.0,5.5,45.83,82.14,11.0,5.5,45.83,82.14,5.0,2.5,20.83,37.34,1.0,0.5,4.17,7.47,2.0,1.0,8.33,14.93,1.0,0.5,4.17,7.47,3.0,1.5,12.5,22.4,0.0,0.0,0.0,0.0,10.0,5.0,41.67,74.67,9.0,4.5,37.5,67.2,1.0,0.5,4.17,7.47,3.0,1.5,12.5,22.4,1.0,0.5,4.17,7.47,5.0,2.5,20.83,37.34,3.0,1.5,12.5,22.4,3.0,1.5,12.5,22.4,1.0,0.5,4.17,7.47,0.0,0.0,0.0,0.0,3.0,1.5,12.5,22.4,2.0,1.0,8.33,14.93,45.83,45.83,0.0,119.47,0.0,0.0,0.0,4.82,2.41,0.2,0.59,0.5,0.0,0.9,0.24,3.0,0.17,0.75,0.4,4.17,0.0,0.12,8.33,2.0
4,臺北台新戰神,3|14|10864|10865,陳文宏/錢肯尼/劉彥廷/謝銘駿,2,11,11.0,129.75,2.16,02:10,64.88,1.08,01:05,4.0,2.0,36.36,66.59,9.0,4.5,81.82,149.83,1.0,0.5,9.09,16.65,0.0,0.0,0.0,0.0,0.0,0.0,0.0,0.0,0.0,0.0,0.0,0.0,1.0,0.5,9.09,16.65,0.0,0.0,0.0,0.0,6.0,3.0,54.55,99.88,6.0,3.0,54.55,99.88,0.0,0.0,0.0,0.0,0.0,0.0,0.0,0.0,0.0,0.0,0.0,0.0,1.0,0.5,9.09,16.65,3.0,1.5,27.27,49.94,1.0,0.5,9.09,16.65,1.0,0.5,9.09,16.65,0.0,0.0,0.0,0.0,1.0,0.5,9.09,16.65,2.0,1.0,18.18,33.29,36.36,81.82,-45.45,122.08,-5.0,-2.5,-45.45,2.16,1.08,0.0,0.55,,0.0,1.0,0.45,,0.0,,0.0,9.09,0.0,0.09,18.18,6.0
4,臺北台新戰神,3|14|10864|14845,陳文宏/錢肯尼/劉彥廷/恩多,2,11,11.0,129.75,2.16,02:10,64.88,1.08,01:05,4.0,2.0,36.36,66.59,9.0,4.5,81.82,149.83,1.0,0.5,9.09,16.65,0.0,0.0,0.0,0.0,0.0,0.0,0.0,0.0,0.0,0.0,0.0,0.0,1.0,0.5,9.09,16.65,0.0,0.0,0.0,0.0,6.0,3.0,54.55,99.88,6.0,3.0,54.55,99.88,0.0,0.0,0.0,0.0,0.0,0.0,0.0,0.0,0.0,0.0,0.0,0.0,1.0,0.5,9.09,16.65,3.0,1.5,27.27,49.94,1.0,0.5,9.09,16.65,1.0,0.5,9.09,16.65,0.0,0.0,0.0,0.0,1.0,0.5,9.09,16.65,2.0,1.0,18.18,33.29,36.36,81.82,-45.45,122.08,-5.0,-2.5,-45.45,2.16,1.08,0.0,0.55,,0.0,1.0,0.45,,0.0,,0.0,9.09,0.0,0.09,18.18,6.0
4,臺北台新戰神,3|14|10865|14845,陳文宏/錢肯尼/謝銘駿/恩多,2,40,45.0,586.8,9.78,09:47,293.4,4.89,04:53,15.0,7.5,33.33,55.21,24.0,12.0,53.33,88.34,13.0,6.5,28.89,47.85,4.0,2.0,8.89,14.72,7.0,3.5,15.56,25.77,3.0,1.5,6.67,11.04,6.0,3.0,13.33,22.09,1.0,0.5,2.22,3.68,8.0,4.0,17.78,29.45,8.0,4.0,17.78,29.45,0.0,0.0,0.0,0.0,8.0,4.0,17.78,29.45,5.0,2.5,11.11,18.4,7.0,3.5,15.56,25.77,4.0,2.0,8.89,14.72,4.0,2.0,8.89,14.72,1.0,0.5,2.22,3.68,0.0,0.0,0.0,0.0,4.0,2.0,8.89,14.72,5.0,2.5,11.11,18.4,33.33,53.33,-20.0,110.43,-9.0,-4.5,-20.0,9.78,4.89,0.35,0.45,0.43,0.17,1.0,0.19,1.0,0.0,0.62,0.4,2.22,0.0,0.09,11.11,0.62
4,臺北台新戰神,1|3|14|10865,丁聖儒/陳文宏/錢肯尼/謝銘駿,1,9,11.0,147.72,2.46,02:28,147.72,2.46,02:28,5.0,5.0,45.45,73.11,4.0,4.0,36.36,58.49,4.0,4.0,36.36,58.49,2.0,2.0,18.18,29.24,3.0,3.0,27.27,43.87,1.0,1.0,9.09,14.62,1.0,1.0,9.09,14.62,1.0,1.0,9.09,14.62,0.0,0.0,0.0,0.0,0.0,0.0,0.0,0.0,0.0,0.0,0.0,0.0,2.0,2.0,18.18,29.24,2.0,2.0,18.18,29.24,3.0,3.0,27.27,43.87,0.0,0.0,0.0,0.0,2.0,2.0,18.18,29.24,0.0,0.0,0.0,0.0,0.0,0.0,0.0,0.0,1.0,1.0,9.09,14.62,1.0,1.0,9.09,14.62,45.45,36.36,9.09,107.23,1.0,1.0,9.09,2.46,2.46,0.62,0.62,0.33,1.0,,0.0,1.0,0.0,0.5,0.29,0.0,0.0,0.09,9.09,0.0
4,臺北台新戰神,1|14|10865|14845,丁聖儒/錢肯尼/謝銘駿/恩多,1,26,28.0,451.13,7.52,07:31,451.13,7.52,07:31,19.0,19.0,67.86,90.97,12.0,12.0,42.86,57.46,13.0,13.0,46.43,62.24,9.0,9.0,32.14,43.09,11.0,11.0,39.29,52.67,8.0,8.0,28.57,38.3,2.0,2.0,7.14,9.58,1.0,1.0,3.57,4.79,1.0,1.0,3.57,4.79,0.0,0.0,0.0,0.0,0.0,0.0,0.0,0.0,5.0,5.0,17.86,23.94,2.0,2.0,7.14,9.58,4.0,4.0,14.29,19.15,0.0,0.0,0.0,0.0,5.0,5.0,17.86,23.94,0.0,0.0,0.0,0.0,0.0,0.0,0.0,0.0,1.0,1.0,3.57,4.79,1.0,1.0,3.57,4.79,67.86,42.86,25.0,89.38,7.0,7.0,25.0,7.52,7.52,0.73,0.71,0.73,0.5,0.0,0.0,0.56,0.0,0.71,0.45,0.0,0.0,0.04,3.57,0.08
4,臺北台新戰神,5|14|10865|14845,黃聰翰/錢肯尼/謝銘駿/恩多,2,83,95.0,1414.66,23.58,23:35,707.33,11.79,11:47,48.0,24.0,50.53,73.29,57.0,28.5,60.0,87.03,37.0,18.5,38.95,56.49,19.0,9.5,20.0,29.01,27.0,13.5,28.42,41.23,14.0,7.0,14.74,21.38,10.0,5.0,10.53,15.27,5.0,2.5,5.26,7.63,12.0,6.0,12.63,18.32,5.0,2.5,5.26,7.63,5.0,2.5,5.26,7.63,18.0,9.0,18.95,27.48,6.0,3.0,6.32,9.16,10.0,5.0,10.53,15.27,4.0,2.0,4.21,6.11,12.0,6.0,12.63,18.32,4.0,2.0,4.21,6.11,3.0,1.5,3.16,4.58,8.0,4.0,8.42,12.21,6.0,3.0,6.32,9.16,50.53,60.0,-9.47,96.7,-9.0,-4.5,-9.47,23.58,11.79,0.58,0.57,0.52,0.5,0.42,0.09,0.63,0.33,0.75,0.59,4.21,3.16,0.08,6.32,0.32
4,臺北台新戰神,1|2|5|14,丁聖儒/江均/黃聰翰/錢肯尼,1,11,12.0,174.49,2.91,02:54,174.49,2.91,02:54,9.0,9.0,75.0,111.41,4.0,4.0,33.33,49.51,4.0,4.0,33.33,49.51,3.0,3.0,25.0,37.14,3.0,3.0,25.0,37.14,2.0,2.0,16.67,24.76,1.0,1.0,8.33,12.38,1.0,1.0,8.33,12.38,2.0,2.0,16.67,24.76,2.0,2.0,16.67,24.76,1.0,1.0,8.33,12.38,0.0,0.0,0.0,0.0,0.0,0.0,0.0,0.0,3.0,3.0,25.0,37.14,1.0,1.0,8.33,12.38,2.0,2.0,16.67,24.76,1.0,1.0,8.33,12.38,0.0,0.0,0.0,0.0,1.0,1.0,8.33,12.38,2.0,2.0,16.67,24.76,75.0,33.33,41.67,99.03,5.0,5.0,41.67,2.91,2.91,0.88,0.92,0.67,1.0,1.0,0.17,0.67,0.25,,0.25,8.33,0.0,0.08,16.67,0.5
4,臺北台新戰神,1|2|5|14845,丁聖儒/江均/黃聰翰/恩多,1,11,12.0,174.49,2.91,02:54,174.49,2.91,02:54,9.0,9.0,75.0,111.41,4.0,4.0,33.33,49.51,4.0,4.0,33.33,49.51,3.0,3.0,25.0,37.14,3.0,3.0,25.0,37.14,2.0,2.0,16.67,24.76,1.0,1.0,8.33,12.38,1.0,1.0,8.33,12.38,2.0,2.0,16.67,24.76,2.0,2.0,16.67,24.76,1.0,1.0,8.33,12.38,0.0,0.0,0.0,0.0,0.0,0.0,0.0,0.0,3.0,3.0,25.0,37.14,1.0,1.0,8.33,12.38,2.0,2.0,16.67,24.76,1.0,1.0,8.33,12.38,0.0,0.0,0.0,0.0,1.0,1.0,8.33,12.38,2.0,2.0,16.67,24.76,75.0,33.33,41.67,99.03,5.0,5.0,41.67,2.91,2.91,0.88,0.92,0.67,1.0,1.0,0.17,0.67,0.25,,0.25,8.33,0.0,0.08,16.67,0.5
4,臺北台新戰神,1|2|14|14845,丁聖儒/江均/錢肯尼/恩多,1,11,12.0,174.49,2.91,02:54,174.49,2.91,02:54,9.0,9.0,75.0,111.41,4.0,4.0,33.33,49.51,4.0,4.0,33.33,49.51,3.0,3.0,25.0,37.14,3.0,3.0,25.0,37.14,2.0,2.0,16.67,24.76,1.0,1.0,8.33,12.38,1.0,1.0,8.33,12.38,2.0,2.0,16.67,24.76,2.0,2.0,16.67,24.76,1.0,1.0,8.33,12.38,0.0,0.0,0.0,0.0,0.0,0.0,0.0,0.0,3.0,3.0,25.0,37.14,1.0,1.0,8.33,12.38,2.0,2.0,16.67,24.76,1.0,1.0,8.33,12.38,0.0,0.0,0.0,0.0,1.0,1.0,8.33,12.38,2.0,2.0,16.67,24.76,75.0,33.33,41.67,99.03,5.0,5.0,41.67,2.91,2.91,0.88,0.92,0.67,1.0,1.0,0.17,0.67,0.25,,0.25,8.33,0.0,0.08,16.67,0.5
4,臺北台新戰神,2|5|14|14845,江均/黃聰翰/錢肯尼/恩多,1,11,12.0,174.49,2.91,02:54,174.49,2.91,02:54,9.0,9.0,75.0,111.41,4.0,4.0,33.33,49.51,4.0,4.0,33.33,49.51,3.0,3.0,25.0,37.14,3.0,3.0,25.0,37.14,2.0,2.0,16.67,24.76,1.0,1.0,8.33,12.38,1.0,1.0,8.33,12.38,2.0,2.0,16.67,24.76,2.0,2.0,16.67,24.76,1.0,1.0,8.33,12.38,0.0,0.0,0.0,0.0,0.0,0.0,0.0,0.0,3.0,3.0,25.0,37.14,1.0,1.0,8.33,12.38,2.0,2.0,16.67,24.76,1.0,1.0,8.33,12.38,0.0,0.0,0.0,0.0,1.0,1.0,8.33,12.38,2.0,2.0,16.67,24.76,75.0,33.33,41.67,99.03,5.0,5.0,41.67,2.91,2.91,0.88,0.92,0.67,1.0,1.0,0.17,0.67,0.25,,0.25,8.33,0.0,0.08,16.67,0.5
4,新竹御嵿攻城獅,75|76|82|10885,高國豪/曾柏喻/蕭順議/劉丞勳,1,49,55.0,785.32,13.09,13:05,785.32,13.09,13:05,20.0,20.0,36.36,55.01,24.0,24.0,43.64,66.01,21.0,21.0,38.18,57.76,7.0,7.0,12.73,19.25,14.0,14.0,25.45,38.51,6.0,6.0,10.91,16.5,7.0,7.0,12.73,19.25,1.0,1.0,1.82,2.75,5.0,5.0,9.09,13.75,5.0,5.0,9.09,13.75,3.0,3.0,5.45,8.25,11.0,11.0,20.0,30.26,2.0,2.0,3.64,5.5,11.0,11.0,20.0,30.26,5.0,5.0,9.09,13.75,5.0,5.0,9.09,13.75,5.0,5.0,9.09,13.75,0.0,0.0,0.0,0.0,6.0,6.0,10.91,16.5,6.0,6.0,10.91,16.5,36.36,43.64,-7.27,100.85,-4.0,-4.0,-7.27,13.09,13.09,0.36,0.43,0.43,0.14,1.0,0.18,0.71,0.21,0.85,0.52,9.09,0.0,0.11,10.91,0.24
4,新竹御嵿攻城獅,75|76|82|14843,高國豪/曾柏喻/蕭順議/馬力,1,45,51.0,737.44,12.29,12:17,737.44,12.29,12:17,18.0,18.0,35.29,52.72,20.0,20.0,39.22,58.58,20.0,20.0,39.22,58.58,7.0,7.0,13.73,20.5,14.0,14.0,27.45,41.01,6.0,6.0,11.76,17.57,6.0,6.0,11.76,17.57,1.0,1.0,1.96,2.93,3.0,3.0,5.88,8.79,3.0,3.0,5.88,8.79,3.0,3.0,5.88,8.79,10.0,10.0,19.61,29.29,2.0,2.0,3.92,5.86,11.0,11.0,21.57,32.22,5.0,5.0,9.8,14.65,5.0,5.0,9.8,14.65,5.0,5.0,9.8,14.65,0.0,0.0,0.0,0.0,6.0,6.0,11.76,17.57,6.0,6.0,11.76,17.57,35.29,39.22,-3.92,99.59,-2.0,-2.0,-3.92,12.29,12.29,0.38,0.42,0.43,0.17,1.0,0.19,0.71,0.21,0.83,0.5,9.8,0.0,0.12,11.76,0.15
4,新竹御嵿攻城獅,75|82|10885|14843,高國豪/蕭順議/劉丞勳/馬力,1,45,51.0,737.44,12.29,12:17,737.44,12.29,12:17,18.0,18.0,35.29,52.72,20.0,20.0,39.22,58.58,20.0,20.0,39.22,58.58,7.0,7.0,13.73,20.5,14.0,14.0,27.45,41.01,6.0,6.0,11.76,17.57,6.0,6.0,11.76,17.57,1.0,1.0,1.96,2.93,3.0,3.0,5.88,8.79,3.0,3.0,5.88,8.79,3.0,3.0,5.88,8.79,10.0,10.0,19.61,29.29,2.0,2.0,3.92,5.86,11.0,11.0,21.57,32.22,5.0,5.0,9.8,14.65,5.0,5.0,9.8,14.65,5.0,5.0,9.8,14.65,0.0,0.0,0.0,0.0,6.0,6.0,11.76,17.57,6.0,6.0,11.76,17.57,35.29,39.22,-3.92,99.59,-2.0,-2.0,-3.92,12.29,12.29,0.38,0.42,0.43,0.17,1.0,0.19,0.71,0.21,0.83,0.5,9.8,0.0,0.12,11.76,0.15
4,新竹御嵿攻城獅,76|82|10885|14843,曾柏喻/蕭順議/劉丞勳/馬力,1,59,66.0,964.72,16.08,16:05,964.72,16.08,16:05,28.0,28.0,42.42,62.69,31.0,31.0,46.97,69.41,26.0,26.0,39.39,58.21,10.0,10.0,15.15,22.39,17.0,17.0,25.76,38.06,7.0,7.0,10.61,15.67,9.0,9.0,13.64,20.15,3.0,3.0,4.55,6.72,5.0,5.0,7.58,11.19,5.0,5.0,7.58,11.19,4.0,4.0,6.06,8.96,12.0,12.0,18.18,26.87,2.0,2.0,3.03,4.48,13.0,13.0,19.7,29.11,6.0,6.0,9.09,13.43,8.0,8.0,12.12,17.91,6.0,6.0,9.09,13.43,0.0,0.0,0.0,0.0,8.0,8.0,12.12,17.91,9.0,9.0,13.64,20.15,42.42,46.97,-4.55,98.52,-3.0,-3.0,-4.55,16.08,16.08,0.44,0.5,0.41,0.33,1.0,0.18,0.8,0.24,0.86,0.52,9.09,0.0,0.12,13.64,0.19
4,福爾摩沙夢想家,86|89|91|10890,林俊吉/蔣淯安/簡偉儒/湯普金斯,1,21,22.0,334.88,5.58,05:35,334.88,5.58,05:35,10.0,10.0,45.45,64.5,19.0,19.0,86.36,122.55,9.0,9.0,40.91,58.05,4.0,4.0,18.18,25.8,5.0,5.0,22.73,32.25,4.0,4.0,18.18,25.8,4.0,4.0,18.18,25.8,0.0,0.0,0.0,0.0,2.0,2.0,9.09,12.9,2.0,2.0,9.09,12.9,1.0,1.0,4.55,6.45,4.0,4.0,18.18,25.8,0.0,0.0,0.0,0.0,1.0,1.0,4.55,6.45,1.0,1.0,4.55,6.45,3.0,3.0,13.64,19.35,0.0,0.0,0.0,0.0,0.0,0.0,0.0,0.0,1.0,1.0,4.55,6.45,1.0,1.0,4.55,6.45,45.45,86.36,-40.91,94.6,-9.0,-9.0,-40.91,5.58,5.58,0.44,0.51,0.8,0.0,1.0,0.09,0.75,0.5,1.0,0.83,0.0,0.0,0.05,4.55,0.22
4,新竹御嵿攻城獅,75|88|90|10885,高國豪/盧冠軒/李啓瑋/劉丞勳,1,3,3.0,28.8,0.48,00:29,28.8,0.48,00:29,3.0,3.0,100.0,225.02,4.0,4.0,133.33,300.02,1.0,1.0,33.33,75.01,1.0,1.0,33.33,75.01,0.0,0.0,0.0,0.0,0.0,0.0,0.0,0.0,1.0,1.0,33.33,75.01,1.0,1.0,33.33,75.01,0.0,0.0,0.0,0.0,0.0,0.0,0.0,0.0,0.0,0.0,0.0,0.0,0.0,0.0,0.0,0.0,0.0,0.0,0.0,0.0,0.0,0.0,0.0,0.0,0.0,0.0,0.0,0.0,1.0,1.0,33.33,75.01,0.0,0.0,0.0,0.0,0.0,0.0,0.0,0.0,0.0,0.0,0.0,0.0,2.0,2.0,66.67,150.01,100.0,133.33,-33.33,150.01,-1.0,-1.0,-33.33,0.48,0.48,1.5,1.5,,1.0,,0.0,1.0,,,,0.0,0.0,0.0,66.67,0.0
4,新竹御嵿攻城獅,75|87|88|90,高國豪/蔡宸綱/盧冠軒/李啓瑋,1,33,44.0,592.74,9.88,09:53,592.74,9.88,09:53,18.0,18.0,40.91,65.59,12.0,12.0,27.27,43.73,11.0,11.0,25.0,40.09,7.0,7.0,15.91,25.51,6.0,6.0,13.64,21.86,5.0,5.0,11.36,18.22,5.0,5.0,11.36,18.22,2.0,2.0,4.55,7.29,2.0,2.0,4.55,7.29,2.0,2.0,4.55,7.29,1.0,1.0,2.27,3.64,3.0,3.0,6.82,10.93,10.0,10.0,22.73,36.44,7.0,7.0,15.91,25.51,4.0,4.0,9.09,14.58,4.0,4.0,9.09,14.58,3.0,3.0,6.82,10.93,0.0,0.0,0.0,0.0,5.0,5.0,11.36,18.22,2.0,2.0,4.55,7.29,40.91,27.27,13.64,106.89,6.0,6.0,13.64,9.88,9.88,0.73,0.76,0.83,0.4,1.0,0.25,0.57,0.12,0.23,0.19,6.82,0.0,0.11,4.55,0.18
4,福爾摩沙夢想家,83|86|103|107,吳家駿/林俊吉/忻沃克/霍爾曼,1,8,9.0,102.0,1.7,01:42,102.0,1.7,01:42,0.0,0.0,0.0,0.0,7.0,7.0,77.78,148.24,2.0,2.0,22.22,42.35,0.0,0.0,0.0,0.0,0.0,0.0,0.0,0.0,0.0,0.0,0.0,0.0,2.0,2.0,22.22,42.35,0.0,0.0,0.0,0.0,0.0,0.0,0.0,0.0,0.0,0.0,0.0,0.0,0.0,0.0,0.0,0.0,2.0,2.0,22.22,42.35,0.0,0.0,0.0,0.0,0.0,0.0,0.0,0.0,2.0,2.0,22.22,42.35,0.0,0.0,0.0,0.0,0.0,0.0,0.0,0.0,0.0,0.0,0.0,0.0,0.0,0.0,0.0,0.0,0.0,0.0,0.0,0.0,0.0,77.78,-77.78,127.06,-7.0,-7.0,-77.78,1.7,1.7,0.0,0.0,,0.0,,0.5,,,1.0,1.0,0.0,0.0,0.0,0.0,0.0
4,福爾摩沙夢想家,83|86|107|13906,吳家駿/林俊吉/霍爾曼/班提爾,1,8,9.0,102.0,1.7,01:42,102.0,1.7,01:42,0.0,0.0,0.0,0.0,7.0,7.0,77.78,148.24,2.0,2.0,22.22,42.35,0.0,0.0,0.0,0.0,0.0,0.0,0.0,0.0,0.0,0.0,0.0,0.0,2.0,2.0,22.22,42.35,0.0,0.0,0.0,0.0,0.0,0.0,0.0,0.0,0.0,0.0,0.0,0.0,0.0,0.0,0.0,0.0,2.0,2.0,22.22,42.35,0.0,0.0,0.0,0.0,0.0,0.0,0.0,0.0,2.0,2.0,22.22,42.35,0.0,0.0,0.0,0.0,0.0,0.0,0.0,0.0,0.0,0.0,0.0,0.0,0.0,0.0,0.0,0.0,0.0,0.0,0.0,0.0,0.0,77.78,-77.78,127.06,-7.0,-7.0,-77.78,1.7,1.7,0.0,0.0,,0.0,,0.5,,,1.0,1.0,0.0,0.0,0.0,0.0,0.0
4,福爾摩沙夢想家,83|86|103|10890,吳家駿/林俊吉/忻沃克/湯普金斯,1,2,3.0,49.0,0.82,00:49,49.0,0.82,00:49,2.0,2.0,66.67,88.16,2.0,2.0,66.67,88.16,2.0,2.0,66.67,88.16,1.0,1.0,33.33,44.08,1.0,1.0,33.33,44.08,1.0,1.0,33.33,44.08,1.0,1.0,33.33,44.08,0.0,0.0,0.0,0.0,0.0,0.0,0.0,0.0,0.0,0.0,0.0,0.0,1.0,1.0,33.33,44.08,0.0,0.0,0.0,0.0,0.0,0.0,0.0,0.0,0.0,0.0,0.0,0.0,0.0,0.0,0.0,0.0,1.0,1.0,33.33,44.08,0.0,0.0,0.0,0.0,0.0,0.0,0.0,0.0,1.0,1.0,33.33,44.08,2.0,2.0,66.67,88.16,66.67,66.67,0.0,88.16,0.0,0.0,0.0,0.82,0.82,0.5,0.5,1.0,0.0,,0.0,1.0,1.0,,1.0,0.0,0.0,0.33,66.67,0.0
4,福爾摩沙夢想家,83|86|10890|13906,吳家駿/林俊吉/湯普金斯/班提爾,1,2,3.0,49.0,0.82,00:49,49.0,0.82,00:49,2.0,2.0,66.67,88.16,2.0,2.0,66.67,88.16,2.0,2.0,66.67,88.16,1.0,1.0,33.33,44.08,1.0,1.0,33.33,44.08,1.0,1.0,33.33,44.08,1.0,1.0,33.33,44.08,0.0,0.0,0.0,0.0,0.0,0.0,0.0,0.0,0.0,0.0,0.0,0.0,1.0,1.0,33.33,44.08,0.0,0.0,0.0,0.0,0.0,0.0,0.0,0.0,0.0,0.0,0.0,0.0,0.0,0.0,0.0,0.0,1.0,1.0,33.33,44.08,0.0,0.0,0.0,0.0,0.0,0.0,0.0,0.0,1.0,1.0,33.33,44.08,2.0,2.0,66.67,88.16,66.67,66.67,0.0,88.16,0.0,0.0,0.0,0.82,0.82,0.5,0.5,1.0,0.0,,0.0,1.0,1.0,,1.0,0.0,0.0,0.33,66.67,0.0
4,福爾摩沙夢想家,83|103|10890|13906,吳家駿/忻沃克/湯普金斯/班提爾,1,2,3.0,49.0,0.82,00:49,49.0,0.82,00:49,2.0,2.0,66.67,88.16,2.0,2.0,66.67,88.16,2.0,2.0,66.67,88.16,1.0,1.0,33.33,44.08,1.0,1.0,33.33,44.08,1.0,1.0,33.33,44.08,1.0,1.0,33.33,44.08,0.0,0.0,0.0,0.0,0.0,0.0,0.0,0.0,0.0,0.0,0.0,0.0,1.0,1.0,33.33,44.08,0.0,0.0,0.0,0.0,0.0,0.0,0.0,0.0,0.0,0.0,0.0,0.0,0.0,0.0,0.0,0.0,1.0,1.0,33.33,44.08,0.0,0.0,0.0,0.0,0.0,0.0,0.0,0.0,1.0,1.0,33.33,44.08,2.0,2.0,66.67,88.16,66.67,66.67,0.0,88.16,0.0,0.0,0.0,0.82,0.82,0.5,0.5,1.0,0.0,,0.0,1.0,1.0,,1.0,0.0,0.0,0.33,66.67,0.0
4,新竹御嵿攻城獅,75|87|90|14843,高國豪/蔡宸綱/李啓瑋/馬力,1,2,3.0,26.0,0.43,00:26,26.0,0.43,00:26,0.0,0.0,0.0,0.0,0.0,0.0,0.0,0.0,1.0,1.0,33.33,83.08,0.0,0.0,0.0,0.0,1.0,1.0,33.33,83.08,0.0,0.0,0.0,0.0,0.0,0.0,0.0,0.0,0.0,0.0,0.0,0.0,0.0,0.0,0.0,0.0,0.0,0.0,0.0,0.0,0.0,0.0,0.0,0.0,1.0,1.0,33.33,83.08,1.0,1.0,33.33,83.08,0.0,0.0,0.0,0.0,0.0,0.0,0.0,0.0,0.0,0.0,0.0,0.0,0.0,0.0,0.0,0.0,0.0,0.0,0.0,0.0,1.0,1.0,33.33,83.08,0.0,0.0,0.0,0.0,0.0,0.0,0.0,166.15,0.0,0.0,0.0,0.43,0.43,0.0,0.0,0.0,,,0.0,,,0.5,0.5,0.0,0.0,0.33,0.0,0.0
4,新竹御嵿攻城獅,75|88|90|14843,高國豪/盧冠軒/李啓瑋/馬力,1,2,3.0,26.0,0.43,00:26,26.0,0.43,00:26,0.0,0.0,0.0,0.0,0.0,0.0,0.0,0.0,1.0,1.0,33.33,83.08,0.0,0.0,0.0,0.0,1.0,1.0,33.33,83.08,0.0,0.0,0.0,0.0,0.0,0.0,0.0,0.0,0.0,0.0,0.0,0.0,0.0,0.0,0.0,0.0,0.0,0.0,0.0,0.0,0.0,0.0,0.0,0.0,1.0,1.0,33.33,83.08,1.0,1.0,33.33,83.08,0.0,0.0,0.0,0.0,0.0,0.0,0.0,0.0,0.0,0.0,0.0,0.0,0.0,0.0,0.0,0.0,0.0,0.0,0.0,0.0,1.0,1.0,33.33,83.08,0.0,0.0,0.0,0.0,0.0,0.0,0.0,166.15,0.0,0.0,0.0,0.43,0.43,0.0,0.0,0.0,,,0.0,,,0.5,0.5,0.0,0.0,0.33,0.0,0.0
4,新竹御嵿攻城獅,87|88|90|14843,蔡宸綱/盧冠軒/李啓瑋/馬力,1,14,21.0,215.24,3.59,03:35,215.24,3.59,03:35,7.0,7.0,33.33,70.25,6.0,6.0,28.57,60.21,9.0,9.0,42.86,90.32,3.0,3.0,14.29,30.11,6.0,6.0,28.57,60.21,2.0,2.0,9.52,20.07,3.0,3.0,14.29,30.11,1.0,1.0,4.76,10.04,0.0,0.0,0.0,0.0,0.0,0.0,0.0,0.0,2.0,2.0,9.52,20.07,4.0,4.0,19.05,40.14,5.0,5.0,23.81,50.18,3.0,3.0,14.29,30.11,0.0,0.0,0.0,0.0,2.0,2.0,9.52,20.07,0.0,0.0,0.0,0.0,0.0,0.0,0.0,0.0,3.0,3.0,14.29,30.11,4.0,4.0,19.05,40.14,33.33,28.57,4.76,140.49,1.0,1.0,4.76,3.59,3.59,0.39,0.39,0.33,0.33,,0.0,0.67,0.4,0.44,0.43,0.0,0.0,0.14,19.05,0.0
4,新竹御嵿攻城獅,76|87|90|14843,曾柏喻/蔡宸綱/李啓瑋/馬力,1,12,18.0,189.24,3.15,03:09,189.24,3.15,03:09,7.0,7.0,38.89,79.9,6.0,6.0,33.33,68.48,8.0,8.0,44.44,91.31,3.0,3.0,16.67,34.24,5.0,5.0,27.78,57.07,2.0,2.0,11.11,22.83,3.0,3.0,16.67,34.24,1.0,1.0,5.56,11.41,0.0,0.0,0.0,0.0,0.0,0.0,0.0,0.0,2.0,2.0,11.11,22.83,3.0,3.0,16.67,34.24,4.0,4.0,22.22,45.66,3.0,3.0,16.67,34.24,0.0,0.0,0.0,0.0,2.0,2.0,11.11,22.83,0.0,0.0,0.0,0.0,0.0,0.0,0.0,0.0,2.0,2.0,11.11,22.83,4.0,4.0,22.22,45.66,38.89,33.33,5.56,136.97,1.0,1.0,5.56,3.15,3.15,0.44,0.44,0.4,0.33,,0.0,0.67,0.4,0.43,0.42,0.0,0.0,0.11,22.22,0.0
4,新竹御嵿攻城獅,76|88|90|14843,曾柏喻/盧冠軒/李啓瑋/馬力,1,12,18.0,189.24,3.15,03:09,189.24,3.15,03:09,7.0,7.0,38.89,79.9,6.0,6.0,33.33,68.48,8.0,8.0,44.44,91.31,3.0,3.0,16.67,34.24,5.0,5.0,27.78,57.07,2.0,2.0,11.11,22.83,3.0,3.0,16.67,34.24,1.0,1.0,5.56,11.41,0.0,0.0,0.0,0.0,0.0,0.0,0.0,0.0,2.0,2.0,11.11,22.83,3.0,3.0,16.67,34.24,4.0,4.0,22.22,45.66,3.0,3.0,16.67,34.24,0.0,0.0,0.0,0.0,2.0,2.0,11.11,22.83,0.0,0.0,0.0,0.0,0.0,0.0,0.0,0.0,2.0,2.0,11.11,22.83,4.0,4.0,22.22,45.66,38.89,33.33,5.56,136.97,1.0,1.0,5.56,3.15,3.15,0.44,0.44,0.4,0.33,,0.0,0.67,0.4,0.43,0.42,0.0,0.0,0.11,22.22,0.0
4,新竹御嵿攻城獅,76|82|88|10885,曾柏喻/蕭順議/盧冠軒/劉丞勳,1,14,15.0,227.28,3.79,03:47,227.28,3.79,03:47,10.0,10.0,66.67,95.04,11.0,11.0,73.33,104.54,6.0,6.0,40.0,57.02,3.0,3.0,20.0,28.51,3.0,3.0,20.0,28.51,1.0,1.0,6.67,9.5,3.0,3.0,20.0,28.51,2.0,2.0,13.33,19.01,2.0,2.0,13.33,19.01,2.0,2.0,13.33,19.01,1.0,1.0,6.67,9.5,2.0,2.0,13.33,19.01,0.0,0.0,0.0,0.0,2.0,2.0,13.33,19.01,1.0,1.0,6.67,9.5,3.0,3.0,20.0,28.51,1.0,1.0,6.67,9.5,0.0,0.0,0.0,0.0,2.0,2.0,13.33,19.01,3.0,3.0,20.0,28.51,66.67,73.33,-6.67,95.04,-1.0,-1.0,-6.67,3.79,3.79,0.67,0.73,0.33,0.67,1.0,0.13,1.0,0.33,1.0,0.6,6.67,0.0,0.13,20.0,0.33
4,新竹御嵿攻城獅,76|82|88|14843,曾柏喻/蕭順議/盧冠軒/馬力,1,16,17.0,252.59,4.21,04:13,252.59,4.21,04:13,10.0,10.0,58.82,85.52,14.0,14.0,82.35,119.72,7.0,7.0,41.18,59.86,3.0,3.0,17.65,25.65,3.0,3.0,17.65,25.65,1.0,1.0,5.88,8.55,4.0,4.0,23.53,34.21,2.0,2.0,11.76,17.1,2.0,2.0,11.76,17.1,2.0,2.0,11.76,17.1,1.0,1.0,5.88,8.55,3.0,3.0,17.65,25.65,0.0,0.0,0.0,0.0,2.0,2.0,11.76,17.1,1.0,1.0,5.88,8.55,3.0,3.0,17.65,25.65,1.0,1.0,5.88,8.55,0.0,0.0,0.0,0.0,2.0,2.0,11.76,17.1,3.0,3.0,17.65,25.65,58.82,82.35,-23.53,96.92,-4.0,-4.0,-23.53,4.21,4.21,0.57,0.63,0.33,0.5,1.0,0.11,1.0,0.33,1.0,0.67,5.88,0.0,0.12,17.65,0.29
4,新竹御嵿攻城獅,76|88|10885|14843,曾柏喻/盧冠軒/劉丞勳/馬力,1,21,24.0,402.28,6.7,06:42,402.28,6.7,06:42,12.0,12.0,50.0,64.43,14.0,14.0,58.33,75.17,9.0,9.0,37.5,48.33,4.0,4.0,16.67,21.48,5.0,5.0,20.83,26.85,2.0,2.0,8.33,10.74,4.0,4.0,16.67,21.48,2.0,2.0,8.33,10.74,2.0,2.0,8.33,10.74,2.0,2.0,8.33,10.74,2.0,2.0,8.33,10.74,3.0,3.0,12.5,16.11,1.0,1.0,4.17,5.37,4.0,4.0,16.67,21.48,2.0,2.0,8.33,10.74,4.0,4.0,16.67,21.48,1.0,1.0,4.17,5.37,0.0,0.0,0.0,0.0,3.0,3.0,12.5,16.11,3.0,3.0,12.5,16.11,50.0,58.33,-8.33,85.91,-2.0,-2.0,-8.33,6.7,6.7,0.56,0.61,0.4,0.5,1.0,0.17,1.0,0.33,0.75,0.5,4.17,0.0,0.12,12.5,0.22
4,新竹御嵿攻城獅,82|88|10885|14843,蕭順議/盧冠軒/劉丞勳/馬力,1,14,15.0,227.28,3.79,03:47,227.28,3.79,03:47,10.0,10.0,66.67,95.04,11.0,11.0,73.33,104.54,6.0,6.0,40.0,57.02,3.0,3.0,20.0,28.51,3.0,3.0,20.0,28.51,1.0,1.0,6.67,9.5,3.0,3.0,20.0,28.51,2.0,2.0,13.33,19.01,2.0,2.0,13.33,19.01,2.0,2.0,13.33,19.01,1.0,1.0,6.67,9.5,2.0,2.0,13.33,19.01,0.0,0.0,0.0,0.0,2.0,2.0,13.33,19.01,1.0,1.0,6.67,9.5,3.0,3.0,20.0,28.51,1.0,1.0,6.67,9.5,0.0,0.0,0.0,0.0,2.0,2.0,13.33,19.01,3.0,3.0,20.0,28.51,66.67,73.33,-6.67,95.04,-1.0,-1.0,-6.67,3.79,3.79,0.67,0.73,0.33,0.67,1.0,0.13,1.0,0.33,1.0,0.6,6.67,0.0,0.13,20.0,0.33
4,新竹御嵿攻城獅,76|88|10862|14843,曾柏喻/盧冠軒/提傑/馬力,1,13,15.0,257.31,4.29,04:17,257.31,4.29,04:17,2.0,2.0,13.33,16.79,9.0,9.0,60.0,75.55,6.0,6.0,40.0,50.37,1.0,1.0,6.67,8.39,3.0,3.0,20.0,25.18,1.0,1.0,6.67,8.39,3.0,3.0,20.0,25.18,0.0,0.0,0.0,0.0,0.0,0.0,0.0,0.0,0.0,0.0,0.0,0.0,1.0,1.0,6.67,8.39,4.0,4.0,26.67,33.58,1.0,1.0,6.67,8.39,3.0,3.0,20.0,25.18,1.0,1.0,6.67,8.39,1.0,1.0,6.67,8.39,0.0,0.0,0.0,0.0,1.0,1.0,6.67,8.39,1.0,1.0,6.67,8.39,0.0,0.0,0.0,0.0,13.33,60.0,-46.67,83.95,-7.0,-7.0,-46.67,4.29,4.29,0.17,0.17,0.33,0.0,,0.14,1.0,0.25,0.8,0.56,0.0,6.67,0.07,0.0,0.0
4,新竹御嵿攻城獅,75|76|87|88,高國豪/曾柏喻/蔡宸綱/盧冠軒,1,7,9.0,119.59,1.99,02:00,119.59,1.99,02:00,5.0,5.0,55.56,90.31,4.0,4.0,44.44,72.25,3.0,3.0,33.33,54.19,2.0,2.0,22.22,36.12,3.0,3.0,33.33,54.19,2.0,2.0,22.22,36.12,0.0,0.0,0.0,0.0,0.0,0.0,0.0,0.0,1.0,1.0,11.11,18.06,1.0,1.0,11.11,18.06,0.0,0.0,0.0,0.0,1.0,1.0,11.11,18.06,2.0,2.0,22.22,36.12,0.0,0.0,0.0,0.0,0.0,0.0,0.0,0.0,1.0,1.0,11.11,18.06,0.0,0.0,0.0,0.0,0.0,0.0,0.0,0.0,1.0,1.0,11.11,18.06,2.0,2.0,22.22,36.12,55.56,44.44,11.11,108.37,1.0,1.0,11.11,1.99,1.99,0.67,0.73,0.67,,1.0,0.0,0.5,,0.33,0.33,0.0,0.0,0.11,22.22,0.33
4,新竹御嵿攻城獅,75|76|87|90,高國豪/曾柏喻/蔡宸綱/李啓瑋,1,1,1.0,16.46,0.27,00:16,16.46,0.27,00:16,0.0,0.0,0.0,0.0,0.0,0.0,0.0,0.0,1.0,1.0,100.0,131.24,0.0,0.0,0.0,0.0,1.0,1.0,100.0,131.24,0.0,0.0,0.0,0.0,0.0,0.0,0.0,0.0,0.0,0.0,0.0,0.0,0.0,0.0,0.0,0.0,0.0,0.0,0.0,0.0,0.0,0.0,0.0,0.0,1.0,1.0,100.0,131.24,0.0,0.0,0.0,0.0,0.0,0.0,0.0,0.0,0.0,0.0,0.0,0.0,0.0,0.0,0.0,0.0,0.0,0.0,0.0,0.0,0.0,0.0,0.0,0.0,0.0,0.0,0.0,0.0,2.0,2.0,200.0,262.49,0.0,0.0,0.0,87.5,0.0,0.0,0.0,0.27,0.27,0.0,0.0,0.0,,,0.0,,,1.0,1.0,0.0,0.0,0.0,200.0,0.0
4,新竹御嵿攻城獅,75|90|10862|14843,高國豪/李啓瑋/提傑/馬力,1,11,13.0,200.27,3.34,03:20,200.27,3.34,03:20,2.0,2.0,15.38,21.57,7.0,7.0,53.85,75.5,5.0,5.0,38.46,53.93,1.0,1.0,7.69,10.79,2.0,2.0,15.38,21.57,1.0,1.0,7.69,10.79,3.0,3.0,23.08,32.36,0.0,0.0,0.0,0.0,0.0,0.0,0.0,0.0,0.0,0.0,0.0,0.0,0.0,0.0,0.0,0.0,4.0,4.0,30.77,43.14,2.0,2.0,15.38,21.57,2.0,2.0,15.38,21.57,0.0,0.0,0.0,0.0,1.0,1.0,7.69,10.79,0.0,0.0,0.0,0.0,0.0,0.0,0.0,0.0,0.0,0.0,0.0,0.0,0.0,0.0,0.0,0.0,15.38,53.85,-38.46,93.47,-5.0,-5.0,-38.46,3.34,3.34,0.2,0.2,0.5,0.0,,0.0,1.0,0.0,0.67,0.5,0.0,0.0,0.0,0.0,0.0
4,新竹御嵿攻城獅,76|90|10862|14843,曾柏喻/李啓瑋/提傑/馬力,1,11,13.0,200.27,3.34,03:20,200.27,3.34,03:20,2.0,2.0,15.38,21.57,7.0,7.0,53.85,75.5,5.0,5.0,38.46,53.93,1.0,1.0,7.69,10.79,2.0,2.0,15.38,21.57,1.0,1.0,7.69,10.79,3.0,3.0,23.08,32.36,0.0,0.0,0.0,0.0,0.0,0.0,0.0,0.0,0.0,0.0,0.0,0.0,0.0,0.0,0.0,0.0,4.0,4.0,30.77,43.14,2.0,2.0,15.38,21.57,2.0,2.0,15.38,21.57,0.0,0.0,0.0,0.0,1.0,1.0,7.69,10.79,0.0,0.0,0.0,0.0,0.0,0.0,0.0,0.0,0.0,0.0,0.0,0.0,0.0,0.0,0.0,0.0,15.38,53.85,-38.46,93.47,-5.0,-5.0,-38.46,3.34,3.34,0.2,0.2,0.5,0.0,,0.0,1.0,0.0,0.67,0.5,0.0,0.0,0.0,0.0,0.0
4,新竹御嵿攻城獅,76|82|10862|14843,曾柏喻/蕭順議/提傑/馬力,1,2,2.0,25.31,0.42,00:25,25.31,0.42,00:25,0.0,0.0,0.0,0.0,3.0,3.0,150.0,256.03,1.0,1.0,50.0,85.34,0.0,0.0,0.0,0.0,0.0,0.0,0.0,0.0,0.0,0.0,0.0,0.0,1.0,1.0,50.0,85.34,0.0,0.0,0.0,0.0,0.0,0.0,0.0,0.0,0.0,0.0,0.0,0.0,0.0,0.0,0.0,0.0,1.0,1.0,50.0,85.34,0.0,0.0,0.0,0.0,0.0,0.0,0.0,0.0,0.0,0.0,0.0,0.0,0.0,0.0,0.0,0.0,0.0,0.0,0.0,0.0,0.0,0.0,0.0,0.0,0.0,0.0,0.0,0.0,0.0,0.0,0.0,0.0,0.0,150.0,-150.0,113.79,-3.0,-3.0,-150.0,0.42,0.42,0.0,0.0,,0.0,,0.0,,,1.0,1.0,0.0,0.0,0.0,0.0,0.0
4,新竹御嵿攻城獅,82|88|10862|14843,蕭順議/盧冠軒/提傑/馬力,1,2,2.0,25.31,0.42,00:25,25.31,0.42,00:25,0.0,0.0,0.0,0.0,3.0,3.0,150.0,256.03,1.0,1.0,50.0,85.34,0.0,0.0,0.0,0.0,0.0,0.0,0.0,0.0,0.0,0.0,0.0,0.0,1.0,1.0,50.0,85.34,0.0,0.0,0.0,0.0,0.0,0.0,0.0,0.0,0.0,0.0,0.0,0.0,0.0,0.0,0.0,0.0,1.0,1.0,50.0,85.34,0.0,0.0,0.0,0.0,0.0,0.0,0.0,0.0,0.0,0.0,0.0,0.0,0.0,0.0,0.0,0.0,0.0,0.0,0.0,0.0,0.0,0.0,0.0,0.0,0.0,0.0,0.0,0.0,0.0,0.0,0.0,0.0,0.0,150.0,-150.0,113.79,-3.0,-3.0,-150.0,0.42,0.42,0.0,0.0,,0.0,,0.0,,,1.0,1.0,0.0,0.0,0.0,0.0,0.0
4,新竹御嵿攻城獅,76|87|10862|14843,曾柏喻/蔡宸綱/提傑/馬力,1,4,4.0,57.0,0.95,00:57,57.0,0.95,00:57,0.0,0.0,0.0,0.0,3.0,3.0,75.0,113.68,2.0,2.0,50.0,75.79,0.0,0.0,0.0,0.0,1.0,1.0,25.0,37.89,0.0,0.0,0.0,0.0,1.0,1.0,25.0,37.89,0.0,0.0,0.0,0.0,0.0,0.0,0.0,0.0,0.0,0.0,0.0,0.0,0.0,0.0,0.0,0.0,2.0,2.0,50.0,75.79,0.0,0.0,0.0,0.0,1.0,1.0,25.0,37.89,0.0,0.0,0.0,0.0,0.0,0.0,0.0,0.0,0.0,0.0,0.0,0.0,1.0,1.0,25.0,37.89,0.0,0.0,0.0,0.0,0.0,0.0,0.0,0.0,0.0,75.0,-75.0,101.05,-3.0,-3.0,-75.0,0.95,0.95,0.0,0.0,0.0,0.0,,0.0,,0.0,1.0,0.67,0.0,25.0,0.0,0.0,0.0
4,新竹御嵿攻城獅,75|78|88|14843,高國豪/朱雲豪/盧冠軒/馬力,1,7,9.0,136.84,2.28,02:17,136.84,2.28,02:17,4.0,4.0,44.44,63.14,0.0,0.0,0.0,0.0,3.0,3.0,33.33,47.35,1.0,1.0,11.11,15.78,1.0,1.0,11.11,15.78,1.0,1.0,11.11,15.78,2.0,2.0,22.22,31.57,0.0,0.0,0.0,0.0,3.0,3.0,33.33,47.35,2.0,2.0,22.22,31.57,0.0,0.0,0.0,0.0,2.0,2.0,22.22,31.57,0.0,0.0,0.0,0.0,4.0,4.0,44.44,63.14,0.0,0.0,0.0,0.0,1.0,1.0,11.11,15.78,0.0,0.0,0.0,0.0,0.0,0.0,0.0,0.0,3.0,3.0,33.33,47.35,0.0,0.0,0.0,0.0,44.44,0.0,44.44,94.71,4.0,4.0,44.44,2.28,2.28,0.33,0.46,1.0,0.0,0.67,0.0,1.0,0.0,1.0,0.33,0.0,0.0,0.33,0.0,1.0
4,新竹御嵿攻城獅,75|78|10862|14843,高國豪/朱雲豪/提傑/馬力,1,7,9.0,136.84,2.28,02:17,136.84,2.28,02:17,4.0,4.0,44.44,63.14,0.0,0.0,0.0,0.0,3.0,3.0,33.33,47.35,1.0,1.0,11.11,15.78,1.0,1.0,11.11,15.78,1.0,1.0,11.11,15.78,2.0,2.0,22.22,31.57,0.0,0.0,0.0,0.0,3.0,3.0,33.33,47.35,2.0,2.0,22.22,31.57,0.0,0.0,0.0,0.0,2.0,2.0,22.22,31.57,0.0,0.0,0.0,0.0,4.0,4.0,44.44,63.14,0.0,0.0,0.0,0.0,1.0,1.0,11.11,15.78,0.0,0.0,0.0,0.0,0.0,0.0,0.0,0.0,3.0,3.0,33.33,47.35,0.0,0.0,0.0,0.0,44.44,0.0,44.44,94.71,4.0,4.0,44.44,2.28,2.28,0.33,0.46,1.0,0.0,0.67,0.0,1.0,0.0,1.0,0.33,0.0,0.0,0.33,0.0,1.0
4,臺北台新戰神,4|5|10865|14845,張兆辰/黃聰翰/謝銘駿/恩多,1,28,38.0,486.51,8.11,08:07,486.51,8.11,08:07,19.0,19.0,50.0,84.36,19.0,19.0,50.0,84.36,15.0,15.0,39.47,66.6,6.0,6.0,15.79,26.64,11.0,11.0,28.95,48.84,3.0,3.0,7.89,13.32,4.0,4.0,10.53,17.76,3.0,3.0,7.89,13.32,7.0,7.0,18.42,31.08,4.0,4.0,10.53,17.76,5.0,5.0,13.16,22.2,6.0,6.0,15.79,26.64,4.0,4.0,10.53,17.76,4.0,4.0,10.53,17.76,1.0,1.0,2.63,4.44,4.0,4.0,10.53,17.76,1.0,1.0,2.63,4.44,1.0,1.0,2.63,4.44,4.0,4.0,10.53,17.76,4.0,4.0,10.53,17.76,50.0,50.0,0.0,112.47,0.0,0.0,0.0,8.11,8.11,0.5,0.53,0.27,0.75,0.57,0.05,0.67,0.56,0.6,0.58,2.63,2.63,0.11,10.53,0.47
4,臺北台新戰神,4|14|10865|14845,張兆辰/錢肯尼/謝銘駿/恩多,1,25,34.0,446.51,7.44,07:27,446.51,7.44,07:27,19.0,19.0,55.88,91.91,15.0,15.0,44.12,72.56,15.0,15.0,44.12,72.56,6.0,6.0,17.65,29.02,11.0,11.0,32.35,53.21,3.0,3.0,8.82,14.51,4.0,4.0,11.76,19.35,3.0,3.0,8.82,14.51,7.0,7.0,20.59,33.86,4.0,4.0,11.76,19.35,5.0,5.0,14.71,24.19,6.0,6.0,17.65,29.02,3.0,3.0,8.82,14.51,4.0,4.0,11.76,19.35,0.0,0.0,0.0,0.0,4.0,4.0,11.76,19.35,0.0,0.0,0.0,0.0,1.0,1.0,2.94,4.84,3.0,3.0,8.82,14.51,4.0,4.0,11.76,19.35,55.88,44.12,11.76,109.65,4.0,4.0,11.76,7.44,7.44,0.5,0.53,0.27,0.75,0.57,0.0,0.67,0.56,0.67,0.61,0.0,2.94,0.09,11.76,0.47
4,臺北台新戰神,5|14|10864|10865,黃聰翰/錢肯尼/劉彥廷/謝銘駿,1,22,24.0,305.33,5.09,05:05,305.33,5.09,05:05,6.0,6.0,25.0,42.45,14.0,14.0,58.33,99.04,6.0,6.0,25.0,42.45,3.0,3.0,12.5,21.22,4.0,4.0,16.67,28.3,3.0,3.0,12.5,21.22,2.0,2.0,8.33,14.15,0.0,0.0,0.0,0.0,2.0,2.0,8.33,14.15,0.0,0.0,0.0,0.0,0.0,0.0,0.0,0.0,4.0,4.0,16.67,28.3,2.0,2.0,8.33,14.15,2.0,2.0,8.33,14.15,3.0,3.0,12.5,21.22,2.0,2.0,8.33,14.15,3.0,3.0,12.5,21.22,1.0,1.0,4.17,7.07,3.0,3.0,12.5,21.22,2.0,2.0,8.33,14.15,25.0,58.33,-33.33,113.19,-8.0,-8.0,-33.33,5.09,5.09,0.5,0.44,0.75,0.0,0.0,0.3,0.67,0.0,0.67,0.5,12.5,4.17,0.12,8.33,0.33
4,臺北台新戰神,3|13|14|10865,陳文宏/陳冠全/錢肯尼/謝銘駿,1,20,23.0,309.33,5.16,05:09,309.33,5.16,05:09,6.0,6.0,26.09,41.9,11.0,11.0,47.83,76.81,8.0,8.0,34.78,55.86,2.0,2.0,8.7,13.97,4.0,4.0,17.39,27.93,2.0,2.0,8.7,13.97,4.0,4.0,17.39,27.93,0.0,0.0,0.0,0.0,2.0,2.0,8.7,13.97,2.0,2.0,8.7,13.97,0.0,0.0,0.0,0.0,6.0,6.0,26.09,41.9,3.0,3.0,13.04,20.95,3.0,3.0,13.04,20.95,1.0,1.0,4.35,6.98,1.0,1.0,4.35,6.98,0.0,0.0,0.0,0.0,0.0,0.0,0.0,0.0,2.0,2.0,8.7,13.97,2.0,2.0,8.7,13.97,26.09,47.83,-21.74,107.07,-5.0,-5.0,-21.74,5.16,5.16,0.25,0.34,0.5,0.0,1.0,0.1,0.5,0.0,0.67,0.5,0.0,0.0,0.09,8.7,0.25
4,臺北台新戰神,3|13|14|14845,陳文宏/陳冠全/錢肯尼/恩多,1,20,23.0,309.33,5.16,05:09,309.33,5.16,05:09,6.0,6.0,26.09,41.9,11.0,11.0,47.83,76.81,8.0,8.0,34.78,55.86,2.0,2.0,8.7,13.97,4.0,4.0,17.39,27.93,2.0,2.0,8.7,13.97,4.0,4.0,17.39,27.93,0.0,0.0,0.0,0.0,2.0,2.0,8.7,13.97,2.0,2.0,8.7,13.97,0.0,0.0,0.0,0.0,6.0,6.0,26.09,41.9,3.0,3.0,13.04,20.95,3.0,3.0,13.04,20.95,1.0,1.0,4.35,6.98,1.0,1.0,4.35,6.98,0.0,0.0,0.0,0.0,0.0,0.0,0.0,0.0,2.0,2.0,8.7,13.97,2.0,2.0,8.7,13.97,26.09,47.83,-21.74,107.07,-5.0,-5.0,-21.74,5.16,5.16,0.25,0.34,0.5,0.0,1.0,0.1,0.5,0.0,0.67,0.5,0.0,0.0,0.09,8.7,0.25
4,臺北台新戰神,3|13|10865|14845,陳文宏/陳冠全/謝銘駿/恩多,1,21,24.0,310.02,5.17,05:10,310.02,5.17,05:10,8.0,8.0,33.33,55.74,11.0,11.0,45.83,76.64,8.0,8.0,33.33,55.74,2.0,2.0,8.33,13.93,4.0,4.0,16.67,27.87,2.0,2.0,8.33,13.93,4.0,4.0,16.67,27.87,0.0,0.0,0.0,0.0,4.0,4.0,16.67,27.87,4.0,4.0,16.67,27.87,0.0,0.0,0.0,0.0,6.0,6.0,25.0,41.8,3.0,3.0,12.5,20.9,3.0,3.0,12.5,20.9,1.0,1.0,4.17,6.97,1.0,1.0,4.17,6.97,0.0,0.0,0.0,0.0,0.0,0.0,0.0,0.0,2.0,2.0,8.33,13.93,2.0,2.0,8.33,13.93,33.33,45.83,-12.5,111.48,-3.0,-3.0,-12.5,5.17,5.17,0.25,0.41,0.5,0.0,1.0,0.09,0.5,0.0,0.67,0.5,0.0,0.0,0.08,8.33,0.5
4,臺北台新戰神,13|14|10865|14845,陳冠全/錢肯尼/謝銘駿/恩多,1,39,43.0,668.74,11.15,11:09,668.74,11.15,11:09,15.0,15.0,34.88,48.45,31.0,31.0,72.09,100.13,15.0,15.0,34.88,48.45,5.0,5.0,11.63,16.15,8.0,8.0,18.6,25.84,3.0,3.0,6.98,9.69,7.0,7.0,16.28,22.61,2.0,2.0,4.65,6.46,4.0,4.0,9.3,12.92,3.0,3.0,6.98,9.69,0.0,0.0,0.0,0.0,11.0,11.0,25.58,35.53,4.0,4.0,9.3,12.92,6.0,6.0,13.95,19.38,2.0,2.0,4.65,6.46,4.0,4.0,9.3,12.92,1.0,1.0,2.33,3.23,1.0,1.0,2.33,3.23,4.0,4.0,9.3,12.92,2.0,2.0,4.65,6.46,34.88,72.09,-37.21,92.59,-16.0,-16.0,-37.21,11.15,11.15,0.4,0.45,0.38,0.29,0.75,0.11,0.8,0.0,0.73,0.52,2.33,2.33,0.09,4.65,0.27
4,臺北台新戰神,2|3|13|14845,江均/陳文宏/陳冠全/恩多,1,1,1.0,0.69,0.01,00:01,0.69,0.01,00:01,2.0,2.0,200.0,6288.21,0.0,0.0,0.0,0.0,0.0,0.0,0.0,0.0,0.0,0.0,0.0,0.0,0.0,0.0,0.0,0.0,0.0,0.0,0.0,0.0,0.0,0.0,0.0,0.0,0.0,0.0,0.0,0.0,2.0,2.0,200.0,6288.21,2.0,2.0,200.0,6288.21,0.0,0.0,0.0,0.0,0.0,0.0,0.0,0.0,0.0,0.0,0.0,0.0,0.0,0.0,0.0,0.0,0.0,0.0,0.0,0.0,0.0,0.0,0.0,0.0,0.0,0.0,0.0,0.0,0.0,0.0,0.0,0.0,0.0,0.0,0.0,0.0,0.0,0.0,0.0,0.0,200.0,0.0,200.0,2096.07,2.0,2.0,200.0,0.01,0.01,,1.14,,,1.0,0.0,,,,,0.0,0.0,0.0,0.0,
4,臺北台新戰神,2|13|10865|14845,江均/陳冠全/謝銘駿/恩多,1,1,1.0,0.69,0.01,00:01,0.69,0.01,00:01,2.0,2.0,200.0,6288.21,0.0,0.0,0.0,0.0,0.0,0.0,0.0,0.0,0.0,0.0,0.0,0.0,0.0,0.0,0.0,0.0,0.0,0.0,0.0,0.0,0.0,0.0,0.0,0.0,0.0,0.0,0.0,0.0,2.0,2.0,200.0,6288.21,2.0,2.0,200.0,6288.21,0.0,0.0,0.0,0.0,0.0,0.0,0.0,0.0,0.0,0.0,0.0,0.0,0.0,0.0,0.0,0.0,0.0,0.0,0.0,0.0,0.0,0.0,0.0,0.0,0.0,0.0,0.0,0.0,0.0,0.0,0.0,0.0,0.0,0.0,0.0,0.0,0.0,0.0,0.0,0.0,200.0,0.0,200.0,2096.07,2.0,2.0,200.0,0.01,0.01,,1.14,,,1.0,0.0,,,,,0.0,0.0,0.0,0.0,
4,臺北台新戰神,2|13|10864|10865,江均/陳冠全/劉彥廷/謝銘駿,1,3,4.0,35.0,0.58,00:35,35.0,0.58,00:35,0.0,0.0,0.0,0.0,3.0,3.0,75.0,185.14,0.0,0.0,0.0,0.0,0.0,0.0,0.0,0.0,0.0,0.0,0.0,0.0,0.0,0.0,0.0,0.0,0.0,0.0,0.0,0.0,0.0,0.0,0.0,0.0,0.0,0.0,0.0,0.0,0.0,0.0,0.0,0.0,0.0,0.0,0.0,0.0,0.0,0.0,0.0,0.0,1.0,1.0,25.0,61.71,0.0,0.0,0.0,0.0,1.0,1.0,25.0,61.71,0.0,0.0,0.0,0.0,0.0,0.0,0.0,0.0,0.0,0.0,0.0,0.0,0.0,0.0,0.0,0.0,2.0,2.0,50.0,123.43,0.0,75.0,-75.0,164.57,-3.0,-3.0,-75.0,0.58,0.58,,,,,,1.0,,,0.0,0.0,0.0,0.0,0.0,50.0,
4,臺北台新戰神,2|4|5|10865,江均/張兆辰/黃聰翰/謝銘駿,1,3,4.0,40.0,0.67,00:40,40.0,0.67,00:40,0.0,0.0,0.0,0.0,4.0,4.0,100.0,216.0,0.0,0.0,0.0,0.0,0.0,0.0,0.0,0.0,0.0,0.0,0.0,0.0,0.0,0.0,0.0,0.0,0.0,0.0,0.0,0.0,0.0,0.0,0.0,0.0,0.0,0.0,0.0,0.0,0.0,0.0,0.0,0.0,0.0,0.0,0.0,0.0,0.0,0.0,0.0,0.0,1.0,1.0,25.0,54.0,0.0,0.0,0.0,0.0,1.0,1.0,25.0,54.0,0.0,0.0,0.0,0.0,1.0,1.0,25.0,54.0,0.0,0.0,0.0,0.0,1.0,1.0,25.0,54.0,0.0,0.0,0.0,0.0,0.0,100.0,-100.0,144.0,-4.0,-4.0,-100.0,0.67,0.67,,,,,,1.0,,,0.0,0.0,25.0,0.0,0.25,0.0,
4,臺北台新戰神,2|4|5|14845,江均/張兆辰/黃聰翰/恩多,1,3,4.0,40.0,0.67,00:40,40.0,0.67,00:40,0.0,0.0,0.0,0.0,4.0,4.0,100.0,216.0,0.0,0.0,0.0,0.0,0.0,0.0,0.0,0.0,0.0,0.0,0.0,0.0,0.0,0.0,0.0,0.0,0.0,0.0,0.0,0.0,0.0,0.0,0.0,0.0,0.0,0.0,0.0,0.0,0.0,0.0,0.0,0.0,0.0,0.0,0.0,0.0,0.0,0.0,0.0,0.0,1.0,1.0,25.0,54.0,0.0,0.0,0.0,0.0,1.0,1.0,25.0,54.0,0.0,0.0,0.0,0.0,1.0,1.0,25.0,54.0,0.0,0.0,0.0,0.0,1.0,1.0,25.0,54.0,0.0,0.0,0.0,0.0,0.0,100.0,-100.0,144.0,-4.0,-4.0,-100.0,0.67,0.67,,,,,,1.0,,,0.0,0.0,25.0,0.0,0.25,0.0,
4,臺北台新戰神,2|5|10865|14845,江均/黃聰翰/謝銘駿/恩多,1,3,4.0,40.0,0.67,00:40,40.0,0.67,00:40,0.0,0.0,0.0,0.0,4.0,4.0,100.0,216.0,0.0,0.0,0.0,0.0,0.0,0.0,0.0,0.0,0.0,0.0,0.0,0.0,0.0,0.0,0.0,0.0,0.0,0.0,0.0,0.0,0.0,0.0,0.0,0.0,0.0,0.0,0.0,0.0,0.0,0.0,0.0,0.0,0.0,0.0,0.0,0.0,0.0,0.0,0.0,0.0,1.0,1.0,25.0,54.0,0.0,0.0,0.0,0.0,1.0,1.0,25.0,54.0,0.0,0.0,0.0,0.0,1.0,1.0,25.0,54.0,0.0,0.0,0.0,0.0,1.0,1.0,25.0,54.0,0.0,0.0,0.0,0.0,0.0,100.0,-100.0,144.0,-4.0,-4.0,-100.0,0.67,0.67,,,,,,1.0,,,0.0,0.0,25.0,0.0,0.25,0.0,
4,福爾摩沙夢想家,89|91|99|106,蔣淯安/簡偉儒/盧冠良/高柏鎧,1,11,12.0,135.5,2.26,02:16,135.5,2.26,02:16,8.0,8.0,66.67,127.52,0.0,0.0,0.0,0.0,5.0,5.0,41.67,79.7,3.0,3.0,25.0,47.82,3.0,3.0,25.0,47.82,1.0,1.0,8.33,15.94,2.0,2.0,16.67,31.88,2.0,2.0,16.67,31.88,0.0,0.0,0.0,0.0,0.0,0.0,0.0,0.0,1.0,1.0,8.33,15.94,0.0,0.0,0.0,0.0,0.0,0.0,0.0,0.0,3.0,3.0,25.0,47.82,2.0,2.0,16.67,31.88,3.0,3.0,25.0,47.82,0.0,0.0,0.0,0.0,0.0,0.0,0.0,0.0,1.0,1.0,8.33,15.94,0.0,0.0,0.0,0.0,66.67,0.0,66.67,127.52,8.0,8.0,66.67,2.26,2.26,0.8,0.8,0.33,1.0,,0.29,1.0,0.25,,0.25,0.0,0.0,0.08,0.0,0.0
4,福爾摩沙夢想家,91|99|106|107,簡偉儒/盧冠良/高柏鎧/霍爾曼,1,28,33.0,364.27,6.07,06:04,364.27,6.07,06:04,14.0,14.0,42.42,83.02,7.0,7.0,21.21,41.51,15.0,15.0,45.45,88.95,5.0,5.0,15.15,29.65,8.0,8.0,24.24,47.44,3.0,3.0,9.09,17.79,7.0,7.0,21.21,41.51,2.0,2.0,6.06,11.86,3.0,3.0,9.09,17.79,2.0,2.0,6.06,11.86,5.0,5.0,15.15,29.65,5.0,5.0,15.15,29.65,1.0,1.0,3.03,5.93,6.0,6.0,18.18,35.58,2.0,2.0,6.06,11.86,3.0,3.0,9.09,17.79,0.0,0.0,0.0,0.0,0.0,0.0,0.0,0.0,2.0,2.0,6.06,11.86,2.0,2.0,6.06,11.86,42.42,21.21,21.21,130.45,7.0,7.0,21.21,6.07,6.07,0.4,0.43,0.38,0.29,0.67,0.11,0.6,0.45,0.83,0.59,0.0,0.0,0.06,6.06,0.2
4,福爾摩沙夢想家,86|91|99|106,林俊吉/簡偉儒/盧冠良/高柏鎧,1,27,34.0,382.77,6.38,06:23,382.77,6.38,06:23,8.0,8.0,23.53,45.14,11.0,11.0,32.35,62.07,15.0,15.0,44.12,84.65,3.0,3.0,8.82,16.93,7.0,7.0,20.59,39.5,3.0,3.0,8.82,16.93,8.0,8.0,23.53,45.14,0.0,0.0,0.0,0.0,3.0,3.0,8.82,16.93,2.0,2.0,5.88,11.29,6.0,6.0,17.65,33.86,7.0,7.0,20.59,39.5,1.0,1.0,2.94,5.64,6.0,6.0,17.65,33.86,2.0,2.0,5.88,11.29,0.0,0.0,0.0,0.0,0.0,0.0,0.0,0.0,0.0,0.0,0.0,0.0,1.0,1.0,2.94,5.64,4.0,4.0,11.76,22.57,23.53,32.35,-8.82,127.91,-3.0,-3.0,-8.82,6.38,6.38,0.2,0.25,0.43,0.0,0.67,0.11,0.0,0.5,0.88,0.65,0.0,0.0,0.03,11.76,0.2
4,福爾摩沙夢想家,86|91|106|13906,林俊吉/簡偉儒/高柏鎧/班提爾,1,10,13.0,154.01,2.57,02:34,154.01,2.57,02:34,2.0,2.0,15.38,28.05,4.0,4.0,30.77,56.1,5.0,5.0,38.46,70.12,1.0,1.0,7.69,14.02,2.0,2.0,15.38,28.05,1.0,1.0,7.69,14.02,3.0,3.0,23.08,42.07,0.0,0.0,0.0,0.0,0.0,0.0,0.0,0.0,0.0,0.0,0.0,0.0,2.0,2.0,15.38,28.05,2.0,2.0,15.38,28.05,0.0,0.0,0.0,0.0,3.0,3.0,23.08,42.07,2.0,2.0,15.38,28.05,0.0,0.0,0.0,0.0,0.0,0.0,0.0,0.0,0.0,0.0,0.0,0.0,0.0,0.0,0.0,0.0,2.0,2.0,15.38,28.05,15.38,30.77,-15.38,121.55,-2.0,-2.0,-15.38,2.57,2.57,0.2,0.2,0.5,0.0,,0.29,0.0,0.4,1.0,0.57,0.0,0.0,0.0,15.38,0.0
4,福爾摩沙夢想家,91|99|106|13906,簡偉儒/盧冠良/高柏鎧/班提爾,1,10,13.0,154.01,2.57,02:34,154.01,2.57,02:34,2.0,2.0,15.38,28.05,4.0,4.0,30.77,56.1,5.0,5.0,38.46,70.12,1.0,1.0,7.69,14.02,2.0,2.0,15.38,28.05,1.0,1.0,7.69,14.02,3.0,3.0,23.08,42.07,0.0,0.0,0.0,0.0,0.0,0.0,0.0,0.0,0.0,0.0,0.0,0.0,2.0,2.0,15.38,28.05,2.0,2.0,15.38,28.05,0.0,0.0,0.0,0.0,3.0,3.0,23.08,42.07,2.0,2.0,15.38,28.05,0.0,0.0,0.0,0.0,0.0,0.0,0.0,0.0,0.0,0.0,0.0,0.0,0.0,0.0,0.0,0.0,2.0,2.0,15.38,28.05,15.38,30.77,-15.38,121.55,-2.0,-2.0,-15.38,2.57,2.57,0.2,0.2,0.5,0.0,,0.29,0.0,0.4,1.0,0.57,0.0,0.0,0.0,15.38,0.0
4,臺北台新戰神,5|13|14|10865,黃聰翰/陳冠全/錢肯尼/謝銘駿,1,19,20.0,359.41,5.99,05:59,359.41,5.99,05:59,9.0,9.0,45.0,54.09,20.0,20.0,100.0,120.2,7.0,7.0,35.0,42.07,3.0,3.0,15.0,18.03,4.0,4.0,20.0,24.04,1.0,1.0,5.0,6.01,3.0,3.0,15.0,18.03,2.0,2.0,10.0,12.02,2.0,2.0,10.0,12.02,1.0,1.0,5.0,6.01,0.0,0.0,0.0,0.0,5.0,5.0,25.0,30.05,1.0,1.0,5.0,6.01,3.0,3.0,15.0,18.03,1.0,1.0,5.0,6.01,3.0,3.0,15.0,18.03,1.0,1.0,5.0,6.01,1.0,1.0,5.0,6.01,2.0,2.0,10.0,12.02,0.0,0.0,0.0,0.0,45.0,100.0,-55.0,80.13,-11.0,-11.0,-55.0,5.99,5.99,0.57,0.57,0.25,0.67,0.5,0.11,1.0,0.0,0.83,0.56,5.0,5.0,0.1,0.0,0.29
4,臺北台新戰神,5|13|10865|14845,黃聰翰/陳冠全/謝銘駿/恩多,1,19,20.0,359.41,5.99,05:59,359.41,5.99,05:59,9.0,9.0,45.0,54.09,20.0,20.0,100.0,120.2,7.0,7.0,35.0,42.07,3.0,3.0,15.0,18.03,4.0,4.0,20.0,24.04,1.0,1.0,5.0,6.01,3.0,3.0,15.0,18.03,2.0,2.0,10.0,12.02,2.0,2.0,10.0,12.02,1.0,1.0,5.0,6.01,0.0,0.0,0.0,0.0,5.0,5.0,25.0,30.05,1.0,1.0,5.0,6.01,3.0,3.0,15.0,18.03,1.0,1.0,5.0,6.01,3.0,3.0,15.0,18.03,1.0,1.0,5.0,6.01,1.0,1.0,5.0,6.01,2.0,2.0,10.0,12.02,0.0,0.0,0.0,0.0,45.0,100.0,-55.0,80.13,-11.0,-11.0,-55.0,5.99,5.99,0.57,0.57,0.25,0.67,0.5,0.11,1.0,0.0,0.83,0.56,5.0,5.0,0.1,0.0,0.29
4,臺北台新戰神,5|13|14|10863,黃聰翰/陳冠全/錢肯尼/魏芃禾,1,1,1.0,25.0,0.42,00:25,25.0,0.42,00:25,2.0,2.0,200.0,172.8,0.0,0.0,0.0,0.0,1.0,1.0,100.0,86.4,1.0,1.0,100.0,86.4,1.0,1.0,100.0,86.4,1.0,1.0,100.0,86.4,0.0,0.0,0.0,0.0,0.0,0.0,0.0,0.0,0.0,0.0,0.0,0.0,0.0,0.0,0.0,0.0,0.0,0.0,0.0,0.0,0.0,0.0,0.0,0.0,0.0,0.0,0.0,0.0,0.0,0.0,0.0,0.0,0.0,0.0,0.0,0.0,0.0,0.0,0.0,0.0,0.0,0.0,0.0,0.0,0.0,0.0,0.0,0.0,0.0,0.0,0.0,0.0,0.0,0.0,0.0,0.0,200.0,0.0,200.0,57.6,2.0,2.0,200.0,0.42,0.42,1.0,1.0,1.0,,,0.0,0.0,,,,0.0,0.0,0.0,0.0,0.0
4,臺北台新戰神,5|13|10863|14845,黃聰翰/陳冠全/魏芃禾/恩多,1,1,1.0,25.0,0.42,00:25,25.0,0.42,00:25,2.0,2.0,200.0,172.8,0.0,0.0,0.0,0.0,1.0,1.0,100.0,86.4,1.0,1.0,100.0,86.4,1.0,1.0,100.0,86.4,1.0,1.0,100.0,86.4,0.0,0.0,0.0,0.0,0.0,0.0,0.0,0.0,0.0,0.0,0.0,0.0,0.0,0.0,0.0,0.0,0.0,0.0,0.0,0.0,0.0,0.0,0.0,0.0,0.0,0.0,0.0,0.0,0.0,0.0,0.0,0.0,0.0,0.0,0.0,0.0,0.0,0.0,0.0,0.0,0.0,0.0,0.0,0.0,0.0,0.0,0.0,0.0,0.0,0.0,0.0,0.0,0.0,0.0,0.0,0.0,200.0,0.0,200.0,57.6,2.0,2.0,200.0,0.42,0.42,1.0,1.0,1.0,,,0.0,0.0,,,,0.0,0.0,0.0,0.0,0.0
4,臺北台新戰神,13|14|10863|14845,陳冠全/錢肯尼/魏芃禾/恩多,1,1,1.0,25.0,0.42,00:25,25.0,0.42,00:25,2.0,2.0,200.0,172.8,0.0,0.0,0.0,0.0,1.0,1.0,100.0,86.4,1.0,1.0,100.0,86.4,1.0,1.0,100.0,86.4,1.0,1.0,100.0,86.4,0.0,0.0,0.0,0.0,0.0,0.0,0.0,0.0,0.0,0.0,0.0,0.0,0.0,0.0,0.0,0.0,0.0,0.0,0.0,0.0,0.0,0.0,0.0,0.0,0.0,0.0,0.0,0.0,0.0,0.0,0.0,0.0,0.0,0.0,0.0,0.0,0.0,0.0,0.0,0.0,0.0,0.0,0.0,0.0,0.0,0.0,0.0,0.0,0.0,0.0,0.0,0.0,0.0,0.0,0.0,0.0,200.0,0.0,200.0,57.6,2.0,2.0,200.0,0.42,0.42,1.0,1.0,1.0,,,0.0,0.0,,,,0.0,0.0,0.0,0.0,0.0
4,臺北台新戰神,5|14|10863|10864,黃聰翰/錢肯尼/魏芃禾/劉彥廷,1,10,12.0,124.41,2.07,02:04,124.41,2.07,02:04,5.0,5.0,41.67,86.81,2.0,2.0,16.67,34.72,4.0,4.0,33.33,69.45,2.0,2.0,16.67,34.72,1.0,1.0,8.33,17.36,1.0,1.0,8.33,17.36,3.0,3.0,25.0,52.08,1.0,1.0,8.33,17.36,2.0,2.0,16.67,34.72,0.0,0.0,0.0,0.0,0.0,0.0,0.0,0.0,2.0,2.0,16.67,34.72,2.0,2.0,16.67,34.72,4.0,4.0,33.33,69.45,0.0,0.0,0.0,0.0,1.0,1.0,8.33,17.36,0.0,0.0,0.0,0.0,0.0,0.0,0.0,0.0,1.0,1.0,8.33,17.36,0.0,0.0,0.0,0.0,41.67,16.67,25.0,138.89,3.0,3.0,25.0,2.07,2.07,0.62,0.51,1.0,0.33,0.0,0.0,0.5,0.0,0.5,0.25,0.0,0.0,0.08,0.0,0.5
4,臺北台新戰神,5|10863|10864|14845,黃聰翰/魏芃禾/劉彥廷/恩多,1,10,12.0,124.41,2.07,02:04,124.41,2.07,02:04,5.0,5.0,41.67,86.81,2.0,2.0,16.67,34.72,4.0,4.0,33.33,69.45,2.0,2.0,16.67,34.72,1.0,1.0,8.33,17.36,1.0,1.0,8.33,17.36,3.0,3.0,25.0,52.08,1.0,1.0,8.33,17.36,2.0,2.0,16.67,34.72,0.0,0.0,0.0,0.0,0.0,0.0,0.0,0.0,2.0,2.0,16.67,34.72,2.0,2.0,16.67,34.72,4.0,4.0,33.33,69.45,0.0,0.0,0.0,0.0,1.0,1.0,8.33,17.36,0.0,0.0,0.0,0.0,0.0,0.0,0.0,0.0,1.0,1.0,8.33,17.36,0.0,0.0,0.0,0.0,41.67,16.67,25.0,138.89,3.0,3.0,25.0,2.07,2.07,0.62,0.51,1.0,0.33,0.0,0.0,0.5,0.0,0.5,0.25,0.0,0.0,0.08,0.0,0.5
4,臺北台新戰神,14|10863|10864|14845,錢肯尼/魏芃禾/劉彥廷/恩多,1,14,18.0,192.42,3.21,03:12,192.42,3.21,03:12,5.0,5.0,27.78,56.13,4.0,4.0,22.22,44.9,6.0,6.0,33.33,67.35,2.0,2.0,11.11,22.45,1.0,1.0,5.56,11.23,1.0,1.0,5.56,11.23,5.0,5.0,27.78,56.13,1.0,1.0,5.56,11.23,2.0,2.0,11.11,22.45,0.0,0.0,0.0,0.0,1.0,1.0,5.56,11.23,3.0,3.0,16.67,33.68,3.0,3.0,16.67,33.68,5.0,5.0,27.78,56.13,1.0,1.0,5.56,11.23,1.0,1.0,5.56,11.23,0.0,0.0,0.0,0.0,0.0,0.0,0.0,0.0,1.0,1.0,5.56,11.23,0.0,0.0,0.0,0.0,27.78,22.22,5.56,134.7,1.0,1.0,5.56,3.21,3.21,0.42,0.36,1.0,0.2,0.0,0.13,0.5,0.17,0.5,0.33,0.0,0.0,0.06,0.0,0.33
4,臺北台新戰神,2|14|10863|10864,江均/錢肯尼/魏芃禾/劉彥廷,1,4,6.0,68.01,1.13,01:08,68.01,1.13,01:08,0.0,0.0,0.0,0.0,2.0,2.0,33.33,63.52,2.0,2.0,33.33,63.52,0.0,0.0,0.0,0.0,0.0,0.0,0.0,0.0,0.0,0.0,0.0,0.0,2.0,2.0,33.33,63.52,0.0,0.0,0.0,0.0,0.0,0.0,0.0,0.0,0.0,0.0,0.0,0.0,1.0,1.0,16.67,31.76,1.0,1.0,16.67,31.76,1.0,1.0,16.67,31.76,1.0,1.0,16.67,31.76,1.0,1.0,16.67,31.76,0.0,0.0,0.0,0.0,0.0,0.0,0.0,0.0,0.0,0.0,0.0,0.0,0.0,0.0,0.0,0.0,0.0,0.0,0.0,0.0,0.0,33.33,-33.33,127.04,-2.0,-2.0,-33.33,1.13,1.13,0.0,0.0,,0.0,,0.33,,0.5,0.5,0.5,0.0,0.0,0.0,0.0,0.0
4,臺北台新戰神,2|14|10863|14845,江均/錢肯尼/魏芃禾/恩多,1,4,6.0,68.01,1.13,01:08,68.01,1.13,01:08,0.0,0.0,0.0,0.0,2.0,2.0,33.33,63.52,2.0,2.0,33.33,63.52,0.0,0.0,0.0,0.0,0.0,0.0,0.0,0.0,0.0,0.0,0.0,0.0,2.0,2.0,33.33,63.52,0.0,0.0,0.0,0.0,0.0,0.0,0.0,0.0,0.0,0.0,0.0,0.0,1.0,1.0,16.67,31.76,1.0,1.0,16.67,31.76,1.0,1.0,16.67,31.76,1.0,1.0,16.67,31.76,1.0,1.0,16.67,31.76,0.0,0.0,0.0,0.0,0.0,0.0,0.0,0.0,0.0,0.0,0.0,0.0,0.0,0.0,0.0,0.0,0.0,0.0,0.0,0.0,0.0,33.33,-33.33,127.04,-2.0,-2.0,-33.33,1.13,1.13,0.0,0.0,,0.0,,0.33,,0.5,0.5,0.5,0.0,0.0,0.0,0.0,0.0
4,臺北台新戰神,2|14|10864|14845,江均/錢肯尼/劉彥廷/恩多,1,4,6.0,68.01,1.13,01:08,68.01,1.13,01:08,0.0,0.0,0.0,0.0,2.0,2.0,33.33,63.52,2.0,2.0,33.33,63.52,0.0,0.0,0.0,0.0,0.0,0.0,0.0,0.0,0.0,0.0,0.0,0.0,2.0,2.0,33.33,63.52,0.0,0.0,0.0,0.0,0.0,0.0,0.0,0.0,0.0,0.0,0.0,0.0,1.0,1.0,16.67,31.76,1.0,1.0,16.67,31.76,1.0,1.0,16.67,31.76,1.0,1.0,16.67,31.76,1.0,1.0,16.67,31.76,0.0,0.0,0.0,0.0,0.0,0.0,0.0,0.0,0.0,0.0,0.0,0.0,0.0,0.0,0.0,0.0,0.0,0.0,0.0,0.0,0.0,33.33,-33.33,127.04,-2.0,-2.0,-33.33,1.13,1.13,0.0,0.0,,0.0,,0.33,,0.5,0.5,0.5,0.0,0.0,0.0,0.0,0.0
4,臺北台新戰神,2|10863|10864|14845,江均/魏芃禾/劉彥廷/恩多,1,13,17.0,194.05,3.23,03:14,194.05,3.23,03:14,0.0,0.0,0.0,0.0,7.0,7.0,41.18,77.92,5.0,5.0,29.41,55.66,0.0,0.0,0.0,0.0,2.0,2.0,11.76,22.26,0.0,0.0,0.0,0.0,3.0,3.0,17.65,33.39,0.0,0.0,0.0,0.0,2.0,2.0,11.76,22.26,0.0,0.0,0.0,0.0,3.0,3.0,17.65,33.39,3.0,3.0,17.65,33.39,2.0,2.0,11.76,22.26,2.0,2.0,11.76,22.26,3.0,3.0,17.65,33.39,0.0,0.0,0.0,0.0,2.0,2.0,11.76,22.26,1.0,1.0,5.88,11.13,1.0,1.0,5.88,11.13,1.0,1.0,5.88,11.13,0.0,41.18,-41.18,126.15,-7.0,-7.0,-41.18,3.23,3.23,0.0,0.0,0.0,0.0,0.0,0.34,,0.6,0.6,0.6,11.76,5.88,0.06,5.88,0.4
4,臺北台新戰神,2|3|10863|14845,江均/陳文宏/魏芃禾/恩多,1,9,11.0,126.04,2.1,02:06,126.04,2.1,02:06,0.0,0.0,0.0,0.0,5.0,5.0,45.45,85.69,3.0,3.0,27.27,51.41,0.0,0.0,0.0,0.0,2.0,2.0,18.18,34.27,0.0,0.0,0.0,0.0,1.0,1.0,9.09,17.14,0.0,0.0,0.0,0.0,2.0,2.0,18.18,34.27,0.0,0.0,0.0,0.0,2.0,2.0,18.18,34.27,2.0,2.0,18.18,34.27,1.0,1.0,9.09,17.14,1.0,1.0,9.09,17.14,2.0,2.0,18.18,34.27,0.0,0.0,0.0,0.0,2.0,2.0,18.18,34.27,1.0,1.0,9.09,17.14,1.0,1.0,9.09,17.14,1.0,1.0,9.09,17.14,0.0,45.45,-45.45,125.67,-5.0,-5.0,-45.45,2.1,2.1,0.0,0.0,0.0,0.0,0.0,0.34,,0.67,0.67,0.67,18.18,9.09,0.09,9.09,0.67
4,臺北台新戰神,2|3|10864|14845,江均/陳文宏/劉彥廷/恩多,1,9,11.0,126.04,2.1,02:06,126.04,2.1,02:06,0.0,0.0,0.0,0.0,5.0,5.0,45.45,85.69,3.0,3.0,27.27,51.41,0.0,0.0,0.0,0.0,2.0,2.0,18.18,34.27,0.0,0.0,0.0,0.0,1.0,1.0,9.09,17.14,0.0,0.0,0.0,0.0,2.0,2.0,18.18,34.27,0.0,0.0,0.0,0.0,2.0,2.0,18.18,34.27,2.0,2.0,18.18,34.27,1.0,1.0,9.09,17.14,1.0,1.0,9.09,17.14,2.0,2.0,18.18,34.27,0.0,0.0,0.0,0.0,2.0,2.0,18.18,34.27,1.0,1.0,9.09,17.14,1.0,1.0,9.09,17.14,1.0,1.0,9.09,17.14,0.0,45.45,-45.45,125.67,-5.0,-5.0,-45.45,2.1,2.1,0.0,0.0,0.0,0.0,0.0,0.34,,0.67,0.67,0.67,18.18,9.09,0.09,9.09,0.67
4,福爾摩沙夢想家,77|86|91|106,馬建豪/林俊吉/簡偉儒/高柏鎧,1,8,10.0,126.51,2.11,02:07,126.51,2.11,02:07,4.0,4.0,40.0,68.3,0.0,0.0,0.0,0.0,4.0,4.0,40.0,68.3,2.0,2.0,20.0,34.15,3.0,3.0,30.0,51.22,2.0,2.0,20.0,34.15,1.0,1.0,10.0,17.07,0.0,0.0,0.0,0.0,0.0,0.0,0.0,0.0,0.0,0.0,0.0,0.0,1.0,1.0,10.0,17.07,1.0,1.0,10.0,17.07,2.0,2.0,20.0,34.15,2.0,2.0,20.0,34.15,0.0,0.0,0.0,0.0,2.0,2.0,20.0,34.15,0.0,0.0,0.0,0.0,0.0,0.0,0.0,0.0,1.0,1.0,10.0,17.07,2.0,2.0,20.0,34.15,40.0,0.0,40.0,113.83,4.0,4.0,40.0,2.11,2.11,0.5,0.5,0.67,0.0,,0.0,1.0,0.33,0.33,0.33,0.0,0.0,0.1,20.0,0.0
4,福爾摩沙夢想家,77|86|91|95,馬建豪/林俊吉/簡偉儒/李德威,1,8,11.0,154.37,2.57,02:34,154.37,2.57,02:34,6.0,6.0,54.55,83.96,3.0,3.0,27.27,41.98,5.0,5.0,45.45,69.96,2.0,2.0,18.18,27.99,4.0,4.0,36.36,55.97,2.0,2.0,18.18,27.99,1.0,1.0,9.09,13.99,0.0,0.0,0.0,0.0,3.0,3.0,27.27,41.98,2.0,2.0,18.18,27.99,1.0,1.0,9.09,13.99,1.0,1.0,9.09,13.99,0.0,0.0,0.0,0.0,3.0,3.0,27.27,41.98,0.0,0.0,0.0,0.0,0.0,0.0,0.0,0.0,0.0,0.0,0.0,0.0,0.0,0.0,0.0,0.0,2.0,2.0,18.18,27.99,0.0,0.0,0.0,0.0,54.55,27.27,27.27,102.61,3.0,3.0,27.27,2.57,2.57,0.4,0.47,0.5,0.0,0.67,0.0,0.0,0.25,1.0,0.4,0.0,0.0,0.18,0.0,0.6
4,福爾摩沙夢想家,77|91|95|107,馬建豪/簡偉儒/李德威/霍爾曼,1,1,2.0,0.95,0.02,00:01,0.95,0.02,00:01,2.0,2.0,100.0,4537.82,0.0,0.0,0.0,0.0,0.0,0.0,0.0,0.0,0.0,0.0,0.0,0.0,0.0,0.0,0.0,0.0,0.0,0.0,0.0,0.0,0.0,0.0,0.0,0.0,0.0,0.0,0.0,0.0,3.0,3.0,150.0,6806.72,2.0,2.0,100.0,4537.82,0.0,0.0,0.0,0.0,0.0,0.0,0.0,0.0,0.0,0.0,0.0,0.0,0.0,0.0,0.0,0.0,0.0,0.0,0.0,0.0,0.0,0.0,0.0,0.0,0.0,0.0,0.0,0.0,0.0,0.0,0.0,0.0,0.0,0.0,0.0,0.0,0.0,0.0,0.0,0.0,100.0,0.0,100.0,3025.21,2.0,2.0,100.0,0.02,0.02,,0.76,,,0.67,0.0,,,,,0.0,0.0,0.0,0.0,
4,福爾摩沙夢想家,86|91|95|107,林俊吉/簡偉儒/李德威/霍爾曼,1,1,2.0,0.95,0.02,00:01,0.95,0.02,00:01,2.0,2.0,100.0,4537.82,0.0,0.0,0.0,0.0,0.0,0.0,0.0,0.0,0.0,0.0,0.0,0.0,0.0,0.0,0.0,0.0,0.0,0.0,0.0,0.0,0.0,0.0,0.0,0.0,0.0,0.0,0.0,0.0,3.0,3.0,150.0,6806.72,2.0,2.0,100.0,4537.82,0.0,0.0,0.0,0.0,0.0,0.0,0.0,0.0,0.0,0.0,0.0,0.0,0.0,0.0,0.0,0.0,0.0,0.0,0.0,0.0,0.0,0.0,0.0,0.0,0.0,0.0,0.0,0.0,0.0,0.0,0.0,0.0,0.0,0.0,0.0,0.0,0.0,0.0,0.0,0.0,100.0,0.0,100.0,3025.21,2.0,2.0,100.0,0.02,0.02,,0.76,,,0.67,0.0,,,,,0.0,0.0,0.0,0.0,
4,福爾摩沙夢想家,77|86|91|101,馬建豪/林俊吉/簡偉儒/周柏臣,1,7,9.0,153.42,2.56,02:33,153.42,2.56,02:33,4.0,4.0,44.44,56.32,3.0,3.0,33.33,42.24,5.0,5.0,55.56,70.4,2.0,2.0,22.22,28.16,4.0,4.0,44.44,56.32,2.0,2.0,22.22,28.16,1.0,1.0,11.11,14.08,0.0,0.0,0.0,0.0,0.0,0.0,0.0,0.0,0.0,0.0,0.0,0.0,1.0,1.0,11.11,14.08,1.0,1.0,11.11,14.08,0.0,0.0,0.0,0.0,3.0,3.0,33.33,42.24,0.0,0.0,0.0,0.0,0.0,0.0,0.0,0.0,0.0,0.0,0.0,0.0,0.0,0.0,0.0,0.0,2.0,2.0,22.22,28.16,0.0,0.0,0.0,0.0,44.44,33.33,11.11,84.48,1.0,1.0,11.11,2.56,2.56,0.4,0.4,0.5,0.0,,0.0,0.0,0.25,1.0,0.4,0.0,0.0,0.22,0.0,0.0
4,福爾摩沙夢想家,77|91|95|101,馬建豪/簡偉儒/李德威/周柏臣,1,7,9.0,153.42,2.56,02:33,153.42,2.56,02:33,4.0,4.0,44.44,56.32,3.0,3.0,33.33,42.24,5.0,5.0,55.56,70.4,2.0,2.0,22.22,28.16,4.0,4.0,44.44,56.32,2.0,2.0,22.22,28.16,1.0,1.0,11.11,14.08,0.0,0.0,0.0,0.0,0.0,0.0,0.0,0.0,0.0,0.0,0.0,0.0,1.0,1.0,11.11,14.08,1.0,1.0,11.11,14.08,0.0,0.0,0.0,0.0,3.0,3.0,33.33,42.24,0.0,0.0,0.0,0.0,0.0,0.0,0.0,0.0,0.0,0.0,0.0,0.0,0.0,0.0,0.0,0.0,2.0,2.0,22.22,28.16,0.0,0.0,0.0,0.0,44.44,33.33,11.11,84.48,1.0,1.0,11.11,2.56,2.56,0.4,0.4,0.5,0.0,,0.0,0.0,0.25,1.0,0.4,0.0,0.0,0.22,0.0,0.0
4,福爾摩沙夢想家,86|91|95|101,林俊吉/簡偉儒/李德威/周柏臣,1,7,9.0,153.42,2.56,02:33,153.42,2.56,02:33,4.0,4.0,44.44,56.32,3.0,3.0,33.33,42.24,5.0,5.0,55.56,70.4,2.0,2.0,22.22,28.16,4.0,4.0,44.44,56.32,2.0,2.0,22.22,28.16,1.0,1.0,11.11,14.08,0.0,0.0,0.0,0.0,0.0,0.0,0.0,0.0,0.0,0.0,0.0,0.0,1.0,1.0,11.11,14.08,1.0,1.0,11.11,14.08,0.0,0.0,0.0,0.0,3.0,3.0,33.33,42.24,0.0,0.0,0.0,0.0,0.0,0.0,0.0,0.0,0.0,0.0,0.0,0.0,0.0,0.0,0.0,0.0,2.0,2.0,22.22,28.16,0.0,0.0,0.0,0.0,44.44,33.33,11.11,84.48,1.0,1.0,11.11,2.56,2.56,0.4,0.4,0.5,0.0,,0.0,0.0,0.25,1.0,0.4,0.0,0.0,0.22,0.0,0.0
4,臺北台新戰神,3|4|13|10865,陳文宏/張兆辰/陳冠全/謝銘駿,1,20,24.0,382.32,6.37,06:22,382.32,6.37,06:22,4.0,4.0,16.67,22.6,6.0,6.0,25.0,33.9,9.0,9.0,37.5,50.85,1.0,1.0,4.17,5.65,4.0,4.0,16.67,22.6,0.0,0.0,0.0,0.0,5.0,5.0,20.83,28.25,1.0,1.0,4.17,5.65,2.0,2.0,8.33,11.3,1.0,1.0,4.17,5.65,0.0,0.0,0.0,0.0,7.0,7.0,29.17,39.55,4.0,4.0,16.67,22.6,7.0,7.0,29.17,39.55,0.0,0.0,0.0,0.0,1.0,1.0,4.17,5.65,0.0,0.0,0.0,0.0,0.0,0.0,0.0,0.0,1.0,1.0,4.17,5.65,1.0,1.0,4.17,5.65,16.67,25.0,-8.33,90.4,-2.0,-2.0,-8.33,6.37,6.37,0.17,0.2,0.0,0.2,0.5,0.0,1.0,0.0,0.64,0.39,0.0,0.0,0.04,4.17,0.22
4,福爾摩沙夢想家,73|77|83|95,陳振傑/馬建豪/吳家駿/李德威,1,33,41.0,617.66,10.29,10:18,617.66,10.29,10:18,9.0,9.0,21.95,31.47,6.0,6.0,14.63,20.98,16.0,16.0,39.02,55.95,4.0,4.0,9.76,13.99,7.0,7.0,17.07,24.48,4.0,4.0,9.76,13.99,9.0,9.0,21.95,31.47,0.0,0.0,0.0,0.0,5.0,5.0,12.2,17.49,1.0,1.0,2.44,3.5,5.0,5.0,12.2,17.49,10.0,10.0,24.39,34.97,2.0,2.0,4.88,6.99,10.0,10.0,24.39,34.97,2.0,2.0,4.88,6.99,0.0,0.0,0.0,0.0,1.0,1.0,2.44,3.5,0.0,0.0,0.0,0.0,3.0,3.0,7.32,10.49,2.0,2.0,4.88,6.99,21.95,14.63,7.32,95.59,3.0,3.0,7.32,10.29,10.29,0.25,0.25,0.57,0.0,0.2,0.1,0.0,0.33,0.83,0.56,2.44,0.0,0.07,4.88,0.31
4,福爾摩沙夢想家,73|77|83|101,陳振傑/馬建豪/吳家駿/周柏臣,1,33,41.0,617.66,10.29,10:18,617.66,10.29,10:18,9.0,9.0,21.95,31.47,6.0,6.0,14.63,20.98,16.0,16.0,39.02,55.95,4.0,4.0,9.76,13.99,7.0,7.0,17.07,24.48,4.0,4.0,9.76,13.99,9.0,9.0,21.95,31.47,0.0,0.0,0.0,0.0,5.0,5.0,12.2,17.49,1.0,1.0,2.44,3.5,5.0,5.0,12.2,17.49,10.0,10.0,24.39,34.97,2.0,2.0,4.88,6.99,10.0,10.0,24.39,34.97,2.0,2.0,4.88,6.99,0.0,0.0,0.0,0.0,1.0,1.0,2.44,3.5,0.0,0.0,0.0,0.0,3.0,3.0,7.32,10.49,2.0,2.0,4.88,6.99,21.95,14.63,7.32,95.59,3.0,3.0,7.32,10.29,10.29,0.25,0.25,0.57,0.0,0.2,0.1,0.0,0.33,0.83,0.56,2.44,0.0,0.07,4.88,0.31
4,福爾摩沙夢想家,73|77|95|101,陳振傑/馬建豪/李德威/周柏臣,1,33,41.0,617.66,10.29,10:18,617.66,10.29,10:18,9.0,9.0,21.95,31.47,6.0,6.0,14.63,20.98,16.0,16.0,39.02,55.95,4.0,4.0,9.76,13.99,7.0,7.0,17.07,24.48,4.0,4.0,9.76,13.99,9.0,9.0,21.95,31.47,0.0,0.0,0.0,0.0,5.0,5.0,12.2,17.49,1.0,1.0,2.44,3.5,5.0,5.0,12.2,17.49,10.0,10.0,24.39,34.97,2.0,2.0,4.88,6.99,10.0,10.0,24.39,34.97,2.0,2.0,4.88,6.99,0.0,0.0,0.0,0.0,1.0,1.0,2.44,3.5,0.0,0.0,0.0,0.0,3.0,3.0,7.32,10.49,2.0,2.0,4.88,6.99,21.95,14.63,7.32,95.59,3.0,3.0,7.32,10.29,10.29,0.25,0.25,0.57,0.0,0.2,0.1,0.0,0.33,0.83,0.56,2.44,0.0,0.07,4.88,0.31
4,臺北台新戰神,2|4|9|11,江均/張兆辰/張耕淯/蘇奕晉,1,8,10.0,167.2,2.79,02:47,167.2,2.79,02:47,0.0,0.0,0.0,0.0,2.0,2.0,20.0,25.84,2.0,2.0,20.0,25.84,0.0,0.0,0.0,0.0,1.0,1.0,10.0,12.92,0.0,0.0,0.0,0.0,1.0,1.0,10.0,12.92,0.0,0.0,0.0,0.0,0.0,0.0,0.0,0.0,0.0,0.0,0.0,0.0,1.0,1.0,10.0,12.92,1.0,1.0,10.0,12.92,0.0,0.0,0.0,0.0,2.0,2.0,20.0,25.84,3.0,3.0,30.0,38.76,0.0,0.0,0.0,0.0,3.0,3.0,30.0,38.76,1.0,1.0,10.0,12.92,1.0,1.0,10.0,12.92,2.0,2.0,20.0,25.84,0.0,20.0,-20.0,86.12,-2.0,-2.0,-20.0,2.79,2.79,0.0,0.0,0.0,0.0,,0.6,,0.33,1.0,0.5,30.0,10.0,0.1,20.0,0.0
4,臺北台新戰神,2|4|9|10865,江均/張兆辰/張耕淯/謝銘駿,1,3,4.0,86.7,1.44,01:27,86.7,1.44,01:27,0.0,0.0,0.0,0.0,2.0,2.0,50.0,49.83,1.0,1.0,25.0,24.91,0.0,0.0,0.0,0.0,0.0,0.0,0.0,0.0,0.0,0.0,0.0,0.0,1.0,1.0,25.0,24.91,0.0,0.0,0.0,0.0,0.0,0.0,0.0,0.0,0.0,0.0,0.0,0.0,0.0,0.0,0.0,0.0,1.0,1.0,25.0,24.91,0.0,0.0,0.0,0.0,1.0,1.0,25.0,24.91,0.0,0.0,0.0,0.0,0.0,0.0,0.0,0.0,0.0,0.0,0.0,0.0,0.0,0.0,0.0,0.0,1.0,1.0,25.0,24.91,2.0,2.0,50.0,49.83,0.0,50.0,-50.0,66.44,-2.0,-2.0,-50.0,1.44,1.44,0.0,0.0,,0.0,,0.0,,0.0,1.0,0.5,0.0,0.0,0.25,50.0,0.0
4,臺北台新戰神,2|4|11|10865,江均/張兆辰/蘇奕晉/謝銘駿,1,3,4.0,103.11,1.72,01:43,103.11,1.72,01:43,0.0,0.0,0.0,0.0,2.0,2.0,50.0,41.9,1.0,1.0,25.0,20.95,0.0,0.0,0.0,0.0,0.0,0.0,0.0,0.0,0.0,0.0,0.0,0.0,1.0,1.0,25.0,20.95,0.0,0.0,0.0,0.0,0.0,0.0,0.0,0.0,0.0,0.0,0.0,0.0,0.0,0.0,0.0,0.0,2.0,2.0,50.0,41.9,0.0,0.0,0.0,0.0,1.0,1.0,25.0,20.95,0.0,0.0,0.0,0.0,0.0,0.0,0.0,0.0,0.0,0.0,0.0,0.0,0.0,0.0,0.0,0.0,1.0,1.0,25.0,20.95,2.0,2.0,50.0,41.9,0.0,50.0,-50.0,55.86,-2.0,-2.0,-50.0,1.72,1.72,0.0,0.0,,0.0,,0.0,,0.0,1.0,0.67,0.0,0.0,0.25,50.0,0.0
4,臺北台新戰神,2|9|11|10865,江均/張耕淯/蘇奕晉/謝銘駿,1,3,4.0,86.7,1.44,01:27,86.7,1.44,01:27,0.0,0.0,0.0,0.0,2.0,2.0,50.0,49.83,1.0,1.0,25.0,24.91,0.0,0.0,0.0,0.0,0.0,0.0,0.0,0.0,0.0,0.0,0.0,0.0,1.0,1.0,25.0,24.91,0.0,0.0,0.0,0.0,0.0,0.0,0.0,0.0,0.0,0.0,0.0,0.0,0.0,0.0,0.0,0.0,1.0,1.0,25.0,24.91,0.0,0.0,0.0,0.0,1.0,1.0,25.0,24.91,0.0,0.0,0.0,0.0,0.0,0.0,0.0,0.0,0.0,0.0,0.0,0.0,0.0,0.0,0.0,0.0,1.0,1.0,25.0,24.91,2.0,2.0,50.0,49.83,0.0,50.0,-50.0,66.44,-2.0,-2.0,-50.0,1.44,1.44,0.0,0.0,,0.0,,0.0,,0.0,1.0,0.5,0.0,0.0,0.25,50.0,0.0
4,臺北台新戰神,4|9|11|10865,張兆辰/張耕淯/蘇奕晉/謝銘駿,1,3,4.0,86.7,1.44,01:27,86.7,1.44,01:27,0.0,0.0,0.0,0.0,2.0,2.0,50.0,49.83,1.0,1.0,25.0,24.91,0.0,0.0,0.0,0.0,0.0,0.0,0.0,0.0,0.0,0.0,0.0,0.0,1.0,1.0,25.0,24.91,0.0,0.0,0.0,0.0,0.0,0.0,0.0,0.0,0.0,0.0,0.0,0.0,0.0,0.0,0.0,0.0,1.0,1.0,25.0,24.91,0.0,0.0,0.0,0.0,1.0,1.0,25.0,24.91,0.0,0.0,0.0,0.0,0.0,0.0,0.0,0.0,0.0,0.0,0.0,0.0,0.0,0.0,0.0,0.0,1.0,1.0,25.0,24.91,2.0,2.0,50.0,49.83,0.0,50.0,-50.0,66.44,-2.0,-2.0,-50.0,1.44,1.44,0.0,0.0,,0.0,,0.0,,0.0,1.0,0.5,0.0,0.0,0.25,50.0,0.0
4,臺北台新戰神,2|4|9|10863,江均/張兆辰/張耕淯/魏芃禾,1,5,6.0,80.5,1.34,01:21,80.5,1.34,01:21,0.0,0.0,0.0,0.0,0.0,0.0,0.0,0.0,1.0,1.0,16.67,26.83,0.0,0.0,0.0,0.0,1.0,1.0,16.67,26.83,0.0,0.0,0.0,0.0,0.0,0.0,0.0,0.0,0.0,0.0,0.0,0.0,0.0,0.0,0.0,0.0,0.0,0.0,0.0,0.0,1.0,1.0,16.67,26.83,0.0,0.0,0.0,0.0,0.0,0.0,0.0,0.0,1.0,1.0,16.67,26.83,3.0,3.0,50.0,80.49,0.0,0.0,0.0,0.0,3.0,3.0,50.0,80.49,1.0,1.0,16.67,26.83,0.0,0.0,0.0,0.0,0.0,0.0,0.0,0.0,0.0,0.0,0.0,107.32,0.0,0.0,0.0,1.34,1.34,0.0,0.0,0.0,,,0.75,,0.5,,0.5,50.0,16.67,0.0,0.0,0.0
4,臺北台新戰神,2|4|11|10863,江均/張兆辰/蘇奕晉/魏芃禾,1,5,6.0,80.5,1.34,01:21,80.5,1.34,01:21,0.0,0.0,0.0,0.0,0.0,0.0,0.0,0.0,1.0,1.0,16.67,26.83,0.0,0.0,0.0,0.0,1.0,1.0,16.67,26.83,0.0,0.0,0.0,0.0,0.0,0.0,0.0,0.0,0.0,0.0,0.0,0.0,0.0,0.0,0.0,0.0,0.0,0.0,0.0,0.0,1.0,1.0,16.67,26.83,0.0,0.0,0.0,0.0,0.0,0.0,0.0,0.0,1.0,1.0,16.67,26.83,3.0,3.0,50.0,80.49,0.0,0.0,0.0,0.0,3.0,3.0,50.0,80.49,1.0,1.0,16.67,26.83,0.0,0.0,0.0,0.0,0.0,0.0,0.0,0.0,0.0,0.0,0.0,107.32,0.0,0.0,0.0,1.34,1.34,0.0,0.0,0.0,,,0.75,,0.5,,0.5,50.0,16.67,0.0,0.0,0.0
4,臺北台新戰神,2|9|11|10863,江均/張耕淯/蘇奕晉/魏芃禾,1,16,20.0,260.64,4.34,04:21,260.64,4.34,04:21,5.0,5.0,25.0,41.44,5.0,5.0,25.0,41.44,7.0,7.0,35.0,58.01,2.0,2.0,10.0,16.57,3.0,3.0,15.0,24.86,1.0,1.0,5.0,8.29,4.0,4.0,20.0,33.15,1.0,1.0,5.0,8.29,0.0,0.0,0.0,0.0,0.0,0.0,0.0,0.0,2.0,2.0,10.0,16.57,3.0,3.0,15.0,24.86,2.0,2.0,10.0,16.57,3.0,3.0,15.0,24.86,3.0,3.0,15.0,24.86,1.0,1.0,5.0,8.29,3.0,3.0,15.0,24.86,1.0,1.0,5.0,8.29,0.0,0.0,0.0,0.0,2.0,2.0,10.0,16.57,25.0,25.0,0.0,110.5,0.0,0.0,0.0,4.34,4.34,0.36,0.36,0.33,0.25,,0.3,0.5,0.4,0.6,0.5,15.0,5.0,0.0,10.0,0.0
4,臺北台新戰神,4|9|11|10863,張兆辰/張耕淯/蘇奕晉/魏芃禾,1,5,6.0,80.5,1.34,01:21,80.5,1.34,01:21,0.0,0.0,0.0,0.0,0.0,0.0,0.0,0.0,1.0,1.0,16.67,26.83,0.0,0.0,0.0,0.0,1.0,1.0,16.67,26.83,0.0,0.0,0.0,0.0,0.0,0.0,0.0,0.0,0.0,0.0,0.0,0.0,0.0,0.0,0.0,0.0,0.0,0.0,0.0,0.0,1.0,1.0,16.67,26.83,0.0,0.0,0.0,0.0,0.0,0.0,0.0,0.0,1.0,1.0,16.67,26.83,3.0,3.0,50.0,80.49,0.0,0.0,0.0,0.0,3.0,3.0,50.0,80.49,1.0,1.0,16.67,26.83,0.0,0.0,0.0,0.0,0.0,0.0,0.0,0.0,0.0,0.0,0.0,107.32,0.0,0.0,0.0,1.34,1.34,0.0,0.0,0.0,,,0.75,,0.5,,0.5,50.0,16.67,0.0,0.0,0.0
4,臺北台新戰神,2|9|11|10864,江均/張耕淯/蘇奕晉/劉彥廷,1,11,14.0,180.14,3.0,03:00,180.14,3.0,03:00,5.0,5.0,35.71,59.95,5.0,5.0,35.71,59.95,6.0,6.0,42.86,71.94,2.0,2.0,14.29,23.98,2.0,2.0,14.29,23.98,1.0,1.0,7.14,11.99,4.0,4.0,28.57,47.96,1.0,1.0,7.14,11.99,0.0,0.0,0.0,0.0,0.0,0.0,0.0,0.0,1.0,1.0,7.14,11.99,3.0,3.0,21.43,35.97,2.0,2.0,14.29,23.98,2.0,2.0,14.29,23.98,0.0,0.0,0.0,0.0,1.0,1.0,7.14,11.99,0.0,0.0,0.0,0.0,0.0,0.0,0.0,0.0,0.0,0.0,0.0,0.0,2.0,2.0,14.29,23.98,35.71,35.71,0.0,111.91,0.0,0.0,0.0,3.0,3.0,0.42,0.42,0.5,0.25,,0.0,0.5,0.33,0.6,0.5,0.0,0.0,0.0,14.29,0.0
4,臺北台新戰神,2|9|10863|10864,江均/張耕淯/魏芃禾/劉彥廷,1,11,14.0,180.14,3.0,03:00,180.14,3.0,03:00,5.0,5.0,35.71,59.95,5.0,5.0,35.71,59.95,6.0,6.0,42.86,71.94,2.0,2.0,14.29,23.98,2.0,2.0,14.29,23.98,1.0,1.0,7.14,11.99,4.0,4.0,28.57,47.96,1.0,1.0,7.14,11.99,0.0,0.0,0.0,0.0,0.0,0.0,0.0,0.0,1.0,1.0,7.14,11.99,3.0,3.0,21.43,35.97,2.0,2.0,14.29,23.98,2.0,2.0,14.29,23.98,0.0,0.0,0.0,0.0,1.0,1.0,7.14,11.99,0.0,0.0,0.0,0.0,0.0,0.0,0.0,0.0,0.0,0.0,0.0,0.0,2.0,2.0,14.29,23.98,35.71,35.71,0.0,111.91,0.0,0.0,0.0,3.0,3.0,0.42,0.42,0.5,0.25,,0.0,0.5,0.33,0.6,0.5,0.0,0.0,0.0,14.29,0.0
4,臺北台新戰神,9|11|10863|10864,張耕淯/蘇奕晉/魏芃禾/劉彥廷,1,11,14.0,180.14,3.0,03:00,180.14,3.0,03:00,5.0,5.0,35.71,59.95,5.0,5.0,35.71,59.95,6.0,6.0,42.86,71.94,2.0,2.0,14.29,23.98,2.0,2.0,14.29,23.98,1.0,1.0,7.14,11.99,4.0,4.0,28.57,47.96,1.0,1.0,7.14,11.99,0.0,0.0,0.0,0.0,0.0,0.0,0.0,0.0,1.0,1.0,7.14,11.99,3.0,3.0,21.43,35.97,2.0,2.0,14.29,23.98,2.0,2.0,14.29,23.98,0.0,0.0,0.0,0.0,1.0,1.0,7.14,11.99,0.0,0.0,0.0,0.0,0.0,0.0,0.0,0.0,0.0,0.0,0.0,0.0,2.0,2.0,14.29,23.98,35.71,35.71,0.0,111.91,0.0,0.0,0.0,3.0,3.0,0.42,0.42,0.5,0.25,,0.0,0.5,0.33,0.6,0.5,0.0,0.0,0.0,14.29,0.0
4,桃園台啤永豐雲豹,16|54|3129|10884,米勒/高錦瑋/董永全/徐宏瑋,1,13,16.0,176.45,2.94,02:56,176.45,2.94,02:56,0.0,0.0,0.0,0.0,4.0,4.0,25.0,48.97,4.0,4.0,25.0,48.97,0.0,0.0,0.0,0.0,3.0,3.0,18.75,36.72,0.0,0.0,0.0,0.0,1.0,1.0,6.25,12.24,0.0,0.0,0.0,0.0,2.0,2.0,12.5,24.48,0.0,0.0,0.0,0.0,1.0,1.0,6.25,12.24,4.0,4.0,25.0,48.97,1.0,1.0,6.25,12.24,3.0,3.0,18.75,36.72,2.0,2.0,12.5,24.48,0.0,0.0,0.0,0.0,1.0,1.0,6.25,12.24,0.0,0.0,0.0,0.0,1.0,1.0,6.25,12.24,0.0,0.0,0.0,0.0,0.0,25.0,-25.0,130.57,-4.0,-4.0,-25.0,2.94,2.94,0.0,0.0,0.0,0.0,0.0,0.29,,0.25,0.8,0.56,6.25,0.0,0.06,0.0,0.5
4,桃園台啤永豐雲豹,16|54|10861|10884,米勒/高錦瑋/迪亞洛/徐宏瑋,1,13,16.0,176.45,2.94,02:56,176.45,2.94,02:56,0.0,0.0,0.0,0.0,4.0,4.0,25.0,48.97,4.0,4.0,25.0,48.97,0.0,0.0,0.0,0.0,3.0,3.0,18.75,36.72,0.0,0.0,0.0,0.0,1.0,1.0,6.25,12.24,0.0,0.0,0.0,0.0,2.0,2.0,12.5,24.48,0.0,0.0,0.0,0.0,1.0,1.0,6.25,12.24,4.0,4.0,25.0,48.97,1.0,1.0,6.25,12.24,3.0,3.0,18.75,36.72,2.0,2.0,12.5,24.48,0.0,0.0,0.0,0.0,1.0,1.0,6.25,12.24,0.0,0.0,0.0,0.0,1.0,1.0,6.25,12.24,0.0,0.0,0.0,0.0,0.0,25.0,-25.0,130.57,-4.0,-4.0,-25.0,2.94,2.94,0.0,0.0,0.0,0.0,0.0,0.29,,0.25,0.8,0.56,6.25,0.0,0.06,0.0,0.5
4,桃園台啤永豐雲豹,16|54|64|3129,米勒/高錦瑋/劉元凱/董永全,1,3,4.0,78.0,1.3,01:18,78.0,1.3,01:18,2.0,2.0,50.0,55.38,0.0,0.0,0.0,0.0,3.0,3.0,75.0,83.08,1.0,1.0,25.0,27.69,1.0,1.0,25.0,27.69,1.0,1.0,25.0,27.69,2.0,2.0,50.0,55.38,0.0,0.0,0.0,0.0,0.0,0.0,0.0,0.0,0.0,0.0,0.0,0.0,1.0,1.0,25.0,27.69,1.0,1.0,25.0,27.69,0.0,0.0,0.0,0.0,1.0,1.0,25.0,27.69,0.0,0.0,0.0,0.0,1.0,1.0,25.0,27.69,0.0,0.0,0.0,0.0,0.0,0.0,0.0,0.0,0.0,0.0,0.0,0.0,0.0,0.0,0.0,0.0,50.0,0.0,50.0,73.85,2.0,2.0,50.0,1.3,1.3,0.33,0.33,1.0,0.0,,0.0,1.0,0.5,1.0,0.67,0.0,0.0,0.0,0.0,0.0
4,桃園台啤永豐雲豹,16|64|68|3129,米勒/劉元凱/克羅馬/董永全,1,10,12.0,154.91,2.58,02:35,154.91,2.58,02:35,2.0,2.0,16.67,27.89,4.0,4.0,33.33,55.77,6.0,6.0,50.0,83.66,1.0,1.0,8.33,13.94,4.0,4.0,33.33,55.77,1.0,1.0,8.33,13.94,2.0,2.0,16.67,27.89,0.0,0.0,0.0,0.0,0.0,0.0,0.0,0.0,0.0,0.0,0.0,0.0,2.0,2.0,16.67,27.89,3.0,3.0,25.0,41.83,0.0,0.0,0.0,0.0,3.0,3.0,25.0,41.83,1.0,1.0,8.33,13.94,1.0,1.0,8.33,13.94,0.0,0.0,0.0,0.0,0.0,0.0,0.0,0.0,0.0,0.0,0.0,0.0,2.0,2.0,16.67,27.89,16.67,33.33,-16.67,111.55,-2.0,-2.0,-16.67,2.58,2.58,0.17,0.17,0.25,0.0,,0.14,1.0,0.4,1.0,0.62,0.0,0.0,0.0,16.67,0.0
4,桃園台啤永豐雲豹,54|64|68|3129,高錦瑋/劉元凱/克羅馬/董永全,1,3,4.0,78.0,1.3,01:18,78.0,1.3,01:18,2.0,2.0,50.0,55.38,0.0,0.0,0.0,0.0,3.0,3.0,75.0,83.08,1.0,1.0,25.0,27.69,1.0,1.0,25.0,27.69,1.0,1.0,25.0,27.69,2.0,2.0,50.0,55.38,0.0,0.0,0.0,0.0,0.0,0.0,0.0,0.0,0.0,0.0,0.0,0.0,1.0,1.0,25.0,27.69,1.0,1.0,25.0,27.69,0.0,0.0,0.0,0.0,1.0,1.0,25.0,27.69,0.0,0.0,0.0,0.0,1.0,1.0,25.0,27.69,0.0,0.0,0.0,0.0,0.0,0.0,0.0,0.0,0.0,0.0,0.0,0.0,0.0,0.0,0.0,0.0,50.0,0.0,50.0,73.85,2.0,2.0,50.0,1.3,1.3,0.33,0.33,1.0,0.0,,0.0,1.0,0.5,1.0,0.67,0.0,0.0,0.0,0.0,0.0
4,桃園台啤永豐雲豹,12|16|64|68,曹薰襄/米勒/劉元凱/克羅馬,1,7,8.0,76.91,1.28,01:17,76.91,1.28,01:17,0.0,0.0,0.0,0.0,4.0,4.0,50.0,112.34,3.0,3.0,37.5,84.25,0.0,0.0,0.0,0.0,3.0,3.0,37.5,84.25,0.0,0.0,0.0,0.0,0.0,0.0,0.0,0.0,0.0,0.0,0.0,0.0,0.0,0.0,0.0,0.0,0.0,0.0,0.0,0.0,1.0,1.0,12.5,28.08,2.0,2.0,25.0,56.17,0.0,0.0,0.0,0.0,2.0,2.0,25.0,56.17,1.0,1.0,12.5,28.08,0.0,0.0,0.0,0.0,0.0,0.0,0.0,0.0,0.0,0.0,0.0,0.0,0.0,0.0,0.0,0.0,2.0,2.0,25.0,56.17,0.0,50.0,-50.0,149.78,-4.0,-4.0,-50.0,1.28,1.28,0.0,0.0,0.0,,,0.25,,0.33,1.0,0.6,0.0,0.0,0.0,25.0,0.0
4,桃園台啤永豐雲豹,12|16|64|3129,曹薰襄/米勒/劉元凱/董永全,1,7,8.0,76.91,1.28,01:17,76.91,1.28,01:17,0.0,0.0,0.0,0.0,4.0,4.0,50.0,112.34,3.0,3.0,37.5,84.25,0.0,0.0,0.0,0.0,3.0,3.0,37.5,84.25,0.0,0.0,0.0,0.0,0.0,0.0,0.0,0.0,0.0,0.0,0.0,0.0,0.0,0.0,0.0,0.0,0.0,0.0,0.0,0.0,1.0,1.0,12.5,28.08,2.0,2.0,25.0,56.17,0.0,0.0,0.0,0.0,2.0,2.0,25.0,56.17,1.0,1.0,12.5,28.08,0.0,0.0,0.0,0.0,0.0,0.0,0.0,0.0,0.0,0.0,0.0,0.0,0.0,0.0,0.0,0.0,2.0,2.0,25.0,56.17,0.0,50.0,-50.0,149.78,-4.0,-4.0,-50.0,1.28,1.28,0.0,0.0,0.0,,,0.25,,0.33,1.0,0.6,0.0,0.0,0.0,25.0,0.0
4,桃園台啤永豐雲豹,12|64|68|3129,曹薰襄/劉元凱/克羅馬/董永全,1,7,8.0,76.91,1.28,01:17,76.91,1.28,01:17,0.0,0.0,0.0,0.0,4.0,4.0,50.0,112.34,3.0,3.0,37.5,84.25,0.0,0.0,0.0,0.0,3.0,3.0,37.5,84.25,0.0,0.0,0.0,0.0,0.0,0.0,0.0,0.0,0.0,0.0,0.0,0.0,0.0,0.0,0.0,0.0,0.0,0.0,0.0,0.0,1.0,1.0,12.5,28.08,2.0,2.0,25.0,56.17,0.0,0.0,0.0,0.0,2.0,2.0,25.0,56.17,1.0,1.0,12.5,28.08,0.0,0.0,0.0,0.0,0.0,0.0,0.0,0.0,0.0,0.0,0.0,0.0,0.0,0.0,0.0,0.0,2.0,2.0,25.0,56.17,0.0,50.0,-50.0,149.78,-4.0,-4.0,-50.0,1.28,1.28,0.0,0.0,0.0,,,0.25,,0.33,1.0,0.6,0.0,0.0,0.0,25.0,0.0
4,新北中信特攻,39|104|113|10880,魏嘉豪/貝奇/林任鴻/內馬,1,19,21.0,261.79,4.36,04:22,261.79,4.36,04:22,13.0,13.0,61.9,107.26,9.0,9.0,42.86,74.26,5.0,5.0,23.81,41.25,5.0,5.0,23.81,41.25,5.0,5.0,23.81,41.25,5.0,5.0,23.81,41.25,0.0,0.0,0.0,0.0,0.0,0.0,0.0,0.0,3.0,3.0,14.29,24.75,3.0,3.0,14.29,24.75,0.0,0.0,0.0,0.0,0.0,0.0,0.0,0.0,1.0,1.0,4.76,8.25,3.0,3.0,14.29,24.75,3.0,3.0,14.29,24.75,3.0,3.0,14.29,24.75,2.0,2.0,9.52,16.5,0.0,0.0,0.0,0.0,4.0,4.0,19.05,33.0,5.0,5.0,23.81,41.25,61.9,42.86,19.05,115.51,4.0,4.0,19.05,4.36,4.36,1.0,1.03,1.0,,1.0,0.32,0.6,0.0,0.0,0.0,9.52,0.0,0.19,23.81,0.6
4,桃園台啤永豐雲豹,16|62|68|3129,米勒/王皓吉/克羅馬/董永全,1,18,22.0,247.97,4.13,04:08,247.97,4.13,04:08,7.0,7.0,31.82,60.97,10.0,10.0,45.45,87.11,9.0,9.0,40.91,78.4,3.0,3.0,13.64,26.13,5.0,5.0,22.73,43.55,3.0,3.0,13.64,26.13,4.0,4.0,18.18,34.84,0.0,0.0,0.0,0.0,1.0,1.0,4.55,8.71,1.0,1.0,4.55,8.71,2.0,2.0,9.09,17.42,4.0,4.0,18.18,34.84,0.0,0.0,0.0,0.0,2.0,2.0,9.09,17.42,2.0,2.0,9.09,17.42,0.0,0.0,0.0,0.0,2.0,2.0,9.09,17.42,0.0,0.0,0.0,0.0,3.0,3.0,13.64,26.13,1.0,1.0,4.55,8.71,31.82,45.45,-13.64,127.76,-3.0,-3.0,-13.64,4.13,4.13,0.33,0.37,0.6,0.0,1.0,0.17,0.0,0.5,1.0,0.75,9.09,0.0,0.14,4.55,0.11
4,新北中信特攻,39|40|104|113,魏嘉豪/謝亞軒/貝奇/林任鴻,1,6,7.0,107.02,1.78,01:47,107.02,1.78,01:47,6.0,6.0,85.71,121.1,3.0,3.0,42.86,60.55,2.0,2.0,28.57,40.37,2.0,2.0,28.57,40.37,2.0,2.0,28.57,40.37,2.0,2.0,28.57,40.37,0.0,0.0,0.0,0.0,0.0,0.0,0.0,0.0,2.0,2.0,28.57,40.37,2.0,2.0,28.57,40.37,0.0,0.0,0.0,0.0,0.0,0.0,0.0,0.0,1.0,1.0,14.29,20.18,1.0,1.0,14.29,20.18,0.0,0.0,0.0,0.0,3.0,3.0,42.86,60.55,0.0,0.0,0.0,0.0,0.0,0.0,0.0,0.0,2.0,2.0,28.57,40.37,2.0,2.0,28.57,40.37,85.71,42.86,42.86,94.19,3.0,3.0,42.86,1.78,1.78,1.0,1.04,1.0,,1.0,0.0,1.5,0.0,0.0,0.0,0.0,0.0,0.29,28.57,1.0
4,新北中信特攻,104|113|10877|10880,貝奇/林任鴻/阿巴西/內馬,1,9,11.0,145.23,2.42,02:25,145.23,2.42,02:25,8.0,8.0,72.73,118.99,7.0,7.0,63.64,104.11,5.0,5.0,45.45,74.37,4.0,4.0,36.36,59.49,5.0,5.0,45.45,74.37,4.0,4.0,36.36,59.49,0.0,0.0,0.0,0.0,0.0,0.0,0.0,0.0,0.0,0.0,0.0,0.0,0.0,0.0,0.0,0.0,1.0,1.0,9.09,14.87,0.0,0.0,0.0,0.0,0.0,0.0,0.0,0.0,1.0,1.0,9.09,14.87,1.0,1.0,9.09,14.87,1.0,1.0,9.09,14.87,1.0,1.0,9.09,14.87,0.0,0.0,0.0,0.0,0.0,0.0,0.0,0.0,1.0,1.0,9.09,14.87,72.73,63.64,9.09,109.07,1.0,1.0,9.09,2.42,2.42,0.8,0.8,0.8,,,0.17,0.25,0.5,,0.5,9.09,0.0,0.0,9.09,0.0
4,新北中信特攻,44|104|10877|10880,黃泓瀚/貝奇/阿巴西/內馬,1,7,7.0,100.82,1.68,01:41,100.82,1.68,01:41,2.0,2.0,28.57,42.85,7.0,7.0,100.0,149.97,3.0,3.0,42.86,64.27,1.0,1.0,14.29,21.42,1.0,1.0,14.29,21.42,1.0,1.0,14.29,21.42,2.0,2.0,28.57,42.85,0.0,0.0,0.0,0.0,0.0,0.0,0.0,0.0,0.0,0.0,0.0,0.0,0.0,0.0,0.0,0.0,2.0,2.0,28.57,42.85,0.0,0.0,0.0,0.0,1.0,1.0,14.29,21.42,0.0,0.0,0.0,0.0,1.0,1.0,14.29,21.42,0.0,0.0,0.0,0.0,0.0,0.0,0.0,0.0,0.0,0.0,0.0,0.0,2.0,2.0,28.57,42.85,28.57,100.0,-71.43,99.98,-5.0,-5.0,-71.43,1.68,1.68,0.33,0.33,1.0,0.0,,0.0,1.0,0.0,1.0,0.67,0.0,0.0,0.0,28.57,0.0
4,桃園台啤永豐雲豹,54|68|3129|10884,高錦瑋/克羅馬/董永全/徐宏瑋,1,5,6.0,85.0,1.42,01:25,85.0,1.42,01:25,0.0,0.0,0.0,0.0,3.0,3.0,50.0,76.24,2.0,2.0,33.33,50.82,0.0,0.0,0.0,0.0,0.0,0.0,0.0,0.0,0.0,0.0,0.0,0.0,2.0,2.0,33.33,50.82,0.0,0.0,0.0,0.0,0.0,0.0,0.0,0.0,0.0,0.0,0.0,0.0,0.0,0.0,0.0,0.0,2.0,2.0,33.33,50.82,0.0,0.0,0.0,0.0,1.0,1.0,16.67,25.41,1.0,1.0,16.67,25.41,0.0,0.0,0.0,0.0,0.0,0.0,0.0,0.0,0.0,0.0,0.0,0.0,0.0,0.0,0.0,0.0,1.0,1.0,16.67,25.41,0.0,50.0,-50.0,101.65,-3.0,-3.0,-50.0,1.42,1.42,0.0,0.0,,0.0,,0.33,,0.0,1.0,0.67,0.0,0.0,0.0,16.67,0.0
4,桃園台啤永豐雲豹,68|3129|10861|10884,克羅馬/董永全/迪亞洛/徐宏瑋,1,5,6.0,93.0,1.55,01:33,93.0,1.55,01:33,0.0,0.0,0.0,0.0,3.0,3.0,50.0,69.68,2.0,2.0,33.33,46.45,0.0,0.0,0.0,0.0,0.0,0.0,0.0,0.0,0.0,0.0,0.0,0.0,2.0,2.0,33.33,46.45,0.0,0.0,0.0,0.0,0.0,0.0,0.0,0.0,0.0,0.0,0.0,0.0,0.0,0.0,0.0,0.0,2.0,2.0,33.33,46.45,0.0,0.0,0.0,0.0,1.0,1.0,16.67,23.23,1.0,1.0,16.67,23.23,0.0,0.0,0.0,0.0,0.0,0.0,0.0,0.0,0.0,0.0,0.0,0.0,0.0,0.0,0.0,0.0,1.0,1.0,16.67,23.23,0.0,50.0,-50.0,92.9,-3.0,-3.0,-50.0,1.55,1.55,0.0,0.0,,0.0,,0.33,,0.0,1.0,0.67,0.0,0.0,0.0,16.67,0.0
4,新北中信特攻,39|104|113|10877,魏嘉豪/貝奇/林任鴻/阿巴西,1,4,5.0,64.0,1.07,01:04,64.0,1.07,01:04,2.0,2.0,40.0,67.5,5.0,5.0,100.0,168.75,1.0,1.0,20.0,33.75,1.0,1.0,20.0,33.75,1.0,1.0,20.0,33.75,1.0,1.0,20.0,33.75,0.0,0.0,0.0,0.0,0.0,0.0,0.0,0.0,0.0,0.0,0.0,0.0,0.0,0.0,0.0,0.0,0.0,0.0,0.0,0.0,0.0,0.0,0.0,0.0,0.0,0.0,0.0,0.0,0.0,0.0,0.0,0.0,1.0,1.0,20.0,33.75,0.0,0.0,0.0,0.0,1.0,1.0,20.0,33.75,0.0,0.0,0.0,0.0,0.0,0.0,0.0,0.0,1.0,1.0,20.0,33.75,40.0,100.0,-60.0,112.5,-3.0,-3.0,-60.0,1.07,1.07,1.0,1.0,1.0,,,0.5,0.0,,,,20.0,0.0,0.0,20.0,0.0
